fx: 567.720776478944
fy: 577.2136917114258
img_size_h: 720
img_size_w: 1280
k1: -0.028873818
k2: 0.0006023302
k3: 0.0039573087
k4: -0.0050471763
k5: 0.0
pitch_ldr2cam: -0.014654864136356385
px: 628.72078
py: 369.30687
roll_ldr2cam: 98.99964184773677
x_ldr2cam: -1.51
y_ldr2cam: 0.04000000000000001
yaw_ldr2cam: -2.799961679370859
z_ldr2cam: -0.5800000000000001
