cam_number: 7
fx: 567.720776478944
fy: 577.2136917114258
k1: -0.028873818
k2: 0.0006023302
k3: 0.0039573087
k4: -0.0050471763
k5: 0.0
pitch_ldr2cam: 92.79999999999973
px: 628.72078
py: 369.30687
roll_ldr2cam: 8.099999999999996
x_ldr2cam: -1.51
y_ldr2cam: -0.019999999999999997
yaw_ldr2cam: 0.30000000000000004
z_ldr2cam: -0.5800000000000001
