cam_number: 1
fx: 567.720776478944
fy: 577.2136917114258
k1: -0.028873818
k2: 0.0006023302
k3: 0.0039573087
k4: -0.0050471763
k5: 0.0
pitch_ldr2cam: 1.3999999999999995
px: 628.72078
py: 369.30687
roll_ldr2cam: -0.4
x_ldr2cam: 0.18000000000000005
y_ldr2cam: -0.13
yaw_ldr2cam: 0.6
z_ldr2cam: -3.122502256758253e-17
