cam_number: 5
fx: 567.720776478944
fy: 577.2136917114258
k1: -0.028873818
k2: 0.0006023302
k3: 0.0039573087
k4: -0.0050471763
k5: 0.0
pitch_ldr2cam: -176.90000000000018
px: 628.72078
py: 369.30687
roll_ldr2cam: -0.4
x_ldr2cam: -0.22
y_ldr2cam: -0.24000000000000005
yaw_ldr2cam: 0.6
z_ldr2cam: -0.22000000000000006
