fx: 567.720776478944
fy: 577.2136917114258
img_size_h: 720
img_size_w: 1280
k1: -0.028873818
k2: 0.0006023302
k3: 0.0039573087
k4: -0.0050471763
k5: 0.0
pitch_ldr2cam: -0.29977887290465133
px: 628.72078
py: 369.30687
roll_ldr2cam: 89.58848355218532
x_ldr2cam: -0.22
y_ldr2cam: -0.2
yaw_ldr2cam: -92.20003012783529
z_ldr2cam: -0.42000000000000015
