fx: 567.720776478944
fy: 577.2136917114258
img_size_h: 720
img_size_w: 1280
k1: -0.028873818
k2: 0.0006023302
k3: 0.0039573087
k4: -0.0050471763
k5: 0.0
pitch_ldr2cam: -0.5991219701703179
px: 628.72078
py: 369.30687
roll_ldr2cam: 89.5675515295451
x_ldr2cam: -0.22
y_ldr2cam: -0.24000000000000005
yaw_ldr2cam: -93.10016965271572
z_ldr2cam: -0.22000000000000006
