fx: 567.720776478944
fy: 577.2136917114258
img_size_h: 720
img_size_w: 1280
k1: -0.028873818
k2: 0.0006023302
k3: 0.0039573087
k4: -0.0050471763
k5: 0.0
pitch_ldr2cam: 0.04760952453756971
px: 628.72078
py: 369.30687
roll_ldr2cam: 92.30162084407614
x_ldr2cam: 0.15000000000000002
y_ldr2cam: -0.76
yaw_ldr2cam: 176.10029016023006
z_ldr2cam: -0.37000000000000016
