fx: 567.720776478944
fy: 577.2136917114258
img_size_h: 720
img_size_w: 1280
k1: -0.028873818
k2: 0.0006023302
k3: 0.0039573087
k4: -0.0050471763
k5: 0.0
pitch_ldr2cam: 0.5998208873242886
px: 628.72078
py: 369.30687
roll_ldr2cam: 89.61465984245282
x_ldr2cam: 0.18000000000000005
y_ldr2cam: -0.13
yaw_ldr2cam: 88.59992326345726
z_ldr2cam: -3.122502256758253e-17
