cam_number: 4
fx: 567.720776478944
fy: 577.2136917114258
k1: -0.028873818
k2: 0.0006023302
k3: 0.0039573087
k4: -0.0050471763
k5: 0.0
pitch_ldr2cam: -86.0999999999999
px: 628.72078
py: 369.30687
roll_ldr2cam: 3.000000000000001
x_ldr2cam: 0.15000000000000002
y_ldr2cam: -0.76
yaw_ldr2cam: 0.7
z_ldr2cam: -0.37000000000000016
