1.000000e+00 0.000000e+00 0.000000e+00 0.000000e+00 0.000000e+00 1.000000e+00 0.000000e+00 0.000000e+00 0.000000e+00 0.000000e+00 1.000000e+00 0.000000e+00
9.999698e-01 -6.626877e-03 4.061815e-03 1.519542e+00 6.633207e-03 9.999768e-01 -1.547020e-03 -1.235850e-01 -4.051469e-03 1.573916e-03 9.999906e-01 1.840173e-02
9.999650e-01 -8.013518e-03 2.398943e-03 3.943642e+00 8.012089e-03 9.999678e-01 6.043328e-04 -1.330418e-01 -2.403709e-03 -5.850911e-04 9.999970e-01 -2.877674e-02
9.999588e-01 -9.001582e-03 1.165517e-03 6.372480e+00 9.001316e-03 9.999595e-01 2.334142e-04 -1.269553e-01 -1.167571e-03 -2.229134e-04 9.999993e-01 -4.434919e-02
9.999492e-01 -1.007546e-02 -3.366600e-04 8.757261e+00 1.007542e-02 9.999492e-01 -1.149541e-04 -1.312832e-01 3.378011e-04 1.115562e-04 9.999999e-01 -5.621351e-02
9.999318e-01 -1.162342e-02 -1.142833e-03 1.117184e+01 1.162352e-02 9.999324e-01 7.673497e-05 -1.134656e-01 1.141864e-03 -9.001348e-05 9.999993e-01 -1.073471e-01
9.999171e-01 -1.286326e-02 6.107846e-04 1.354299e+01 1.286397e-02 9.999166e-01 -1.171975e-03 -1.322650e-01 -5.956581e-04 1.179735e-03 9.999991e-01 -1.169636e-01
9.998986e-01 -1.422384e-02 7.698435e-04 1.593811e+01 1.422462e-02 9.998982e-01 -1.020168e-03 -1.254332e-01 -7.552546e-04 1.031015e-03 9.999992e-01 -1.705509e-01
9.998795e-01 -1.543274e-02 1.654202e-03 1.833530e+01 1.543563e-02 9.998792e-01 -1.745415e-03 -1.257455e-01 -1.627066e-03 1.770738e-03 9.999971e-01 -1.888605e-01
9.998565e-01 -1.693180e-02 -4.482017e-04 2.076271e+01 1.693149e-02 9.998564e-01 -6.727531e-04 -1.085143e-01 4.595283e-04 6.650678e-04 9.999997e-01 -2.030402e-01
9.998233e-01 -1.878604e-02 -6.155540e-04 2.316859e+01 1.878559e-02 9.998233e-01 -7.319567e-04 -7.860570e-02 6.291958e-04 7.202639e-04 9.999995e-01 -2.639295e-01
9.997747e-01 -2.122086e-02 4.769585e-04 2.555239e+01 2.122040e-02 9.997743e-01 9.443074e-04 -5.287622e-02 -4.968899e-04 -9.339734e-04 9.999995e-01 -2.776447e-01
9.997272e-01 -2.335629e-02 1.732581e-04 2.795612e+01 2.335639e-02 9.997270e-01 -5.883678e-04 -2.187085e-02 -1.594687e-04 5.922539e-04 9.999998e-01 -3.025142e-01
9.996914e-01 -2.439461e-02 4.691456e-03 3.033784e+01 2.440836e-02 9.996978e-01 -2.894353e-03 -2.917217e-04 -4.619433e-03 3.007971e-03 9.999848e-01 -3.320882e-01
9.996646e-01 -2.565837e-02 3.513663e-03 3.275813e+01 2.566705e-02 9.996675e-01 -2.446579e-03 3.908549e-02 -3.449720e-03 2.535944e-03 9.999908e-01 -3.053576e-01
9.996769e-01 -2.512821e-02 3.822975e-03 3.519178e+01 2.514356e-02 9.996758e-01 -4.020136e-03 5.911460e-02 -3.720717e-03 4.114961e-03 9.999846e-01 -3.850776e-01
9.996539e-01 -2.600978e-02 3.933688e-03 3.759690e+01 2.601871e-02 9.996591e-01 -2.237160e-03 1.123808e-01 -3.874158e-03 2.338735e-03 9.999897e-01 -4.367755e-01
9.995858e-01 -2.824152e-02 5.536736e-03 3.999841e+01 2.825973e-02 9.995954e-01 -3.239817e-03 1.398359e-01 -5.442998e-03 3.394942e-03 9.999794e-01 -3.988413e-01
9.994774e-01 -3.203105e-02 4.359100e-03 4.241632e+01 3.203656e-02 9.994859e-01 -1.198819e-03 1.853256e-01 -4.318460e-03 1.337843e-03 9.999898e-01 -4.306780e-01
9.993649e-01 -3.558611e-02 1.828516e-03 4.479115e+01 3.558073e-02 9.993626e-01 2.895080e-03 2.444596e-01 -1.930375e-03 -2.828181e-03 9.999942e-01 -5.178166e-01
9.992146e-01 -3.960402e-02 1.252352e-03 4.721288e+01 3.959434e-02 9.991914e-01 6.980135e-03 3.037152e-01 -1.527781e-03 -6.925066e-03 9.999748e-01 -5.337788e-01
9.990011e-01 -4.468539e-02 1.154294e-05 4.960270e+01 4.468516e-02 9.989969e-01 2.891901e-03 3.910829e-01 -1.407571e-04 -2.888497e-03 9.999958e-01 -5.666645e-01
9.987421e-01 -4.999418e-02 3.839759e-03 5.201877e+01 4.999030e-02 9.987491e-01 1.099245e-03 4.686649e-01 -3.889911e-03 -9.059115e-04 9.999920e-01 -6.273626e-01
9.985119e-01 -5.421397e-02 5.895317e-03 5.439957e+01 5.421823e-02 9.985288e-01 -5.651638e-04 5.696187e-01 -5.856005e-03 8.839564e-04 9.999825e-01 -6.589275e-01
9.982999e-01 -5.824114e-02 2.310199e-03 5.682600e+01 5.824167e-02 9.983026e-01 -1.646275e-04 6.866712e-01 -2.296689e-03 2.988975e-04 9.999973e-01 -6.766000e-01
9.980893e-01 -6.178226e-02 8.081027e-04 5.919783e+01 6.178268e-02 9.980897e-01 -5.073973e-04 8.044451e-01 -7.752107e-04 5.563546e-04 9.999995e-01 -7.187252e-01
9.978529e-01 -6.548826e-02 -9.673109e-04 6.160794e+01 6.548875e-02 9.978532e-01 4.845428e-04 9.358341e-01 9.335024e-04 -5.468504e-04 9.999994e-01 -7.304279e-01
9.975855e-01 -6.944304e-02 -9.554799e-04 6.398013e+01 6.944362e-02 9.975858e-01 5.856466e-04 1.068764e+00 9.125040e-04 -6.505845e-04 9.999993e-01 -7.751080e-01
9.973539e-01 -7.269957e-02 -2.749070e-04 6.639376e+01 7.270005e-02 9.973501e-01 2.757403e-03 1.215378e+00 7.371658e-05 -2.770092e-03 9.999962e-01 -8.100235e-01
9.971038e-01 -7.605075e-02 5.959937e-04 6.880023e+01 7.604978e-02 9.971029e-01 1.513066e-03 1.363144e+00 -7.093368e-04 -1.463359e-03 9.999987e-01 -8.385172e-01
9.968442e-01 -7.936589e-02 1.605193e-03 7.124033e+01 7.936113e-02 9.968417e-01 2.841638e-03 1.520593e+00 -1.825653e-03 -2.705280e-03 9.999947e-01 -8.995466e-01
9.965786e-01 -8.262824e-02 1.933583e-03 7.365353e+01 8.262382e-02 9.965781e-01 2.263343e-03 1.698005e+00 -2.113983e-03 -2.095839e-03 9.999956e-01 -9.053918e-01
9.962525e-01 -8.645427e-02 -2.573967e-03 7.608188e+01 8.645594e-02 9.962556e-01 5.415442e-04 1.882829e+00 2.517510e-03 -7.620495e-04 9.999965e-01 -9.631841e-01
9.960703e-01 -8.845516e-02 -4.432934e-03 7.850045e+01 8.845869e-02 9.960796e-01 6.055547e-04 2.059741e+00 4.361990e-03 -9.953065e-04 9.999900e-01 -1.032260e+00
9.959267e-01 -8.977275e-02 -8.422089e-03 8.091879e+01 8.980932e-02 9.959507e-01 4.067650e-03 2.263262e+00 8.022822e-03 -4.807463e-03 9.999563e-01 -1.006189e+00
9.957620e-01 -9.118374e-02 -1.198507e-02 8.335677e+01 9.122645e-02 9.958255e-01 3.065325e-03 2.457895e+00 1.165553e-02 -4.145689e-03 9.999235e-01 -1.031608e+00
9.956880e-01 -9.199586e-02 -1.192858e-02 8.580214e+01 9.202967e-02 9.957536e-01 2.315752e-03 2.658399e+00 1.166488e-02 -3.403549e-03 9.999261e-01 -1.140029e+00
9.956707e-01 -9.233568e-02 -1.067829e-02 8.825654e+01 9.235656e-02 9.957250e-01 1.478142e-03 2.849583e+00 1.049615e-02 -2.457953e-03 9.999419e-01 -1.157311e+00
9.955612e-01 -9.335968e-02 -1.191115e-02 9.073779e+01 9.336050e-02 9.956323e-01 -4.881590e-04 3.062164e+00 1.190470e-02 -6.260392e-04 9.999290e-01 -1.134316e+00
9.954154e-01 -9.463435e-02 -1.387266e-02 9.318322e+01 9.467970e-02 9.955043e-01 2.647348e-03 3.268776e+00 1.355976e-02 -3.948670e-03 9.999003e-01 -1.196313e+00
9.952635e-01 -9.644609e-02 -1.220039e-02 9.563828e+01 9.651013e-02 9.953206e-01 4.772653e-03 3.480462e+00 1.168299e-02 -5.927508e-03 9.999142e-01 -1.237512e+00
9.951184e-01 -9.775510e-02 -1.354005e-02 9.812564e+01 9.777153e-02 9.952086e-01 5.548606e-04 3.693133e+00 1.342093e-02 -1.875983e-03 9.999081e-01 -1.265575e+00
9.949643e-01 -9.975177e-02 -9.778805e-03 1.005917e+02 9.976667e-02 9.950103e-01 1.047150e-03 3.912644e+00 9.625556e-03 -2.017475e-03 9.999517e-01 -1.319932e+00
9.947134e-01 -1.019252e-01 -1.251028e-02 1.030615e+02 1.019422e-01 9.947901e-01 7.304779e-04 4.135094e+00 1.237065e-02 -2.001942e-03 9.999215e-01 -1.343509e+00
9.946041e-01 -1.031049e-01 -1.149323e-02 1.055426e+02 1.031701e-01 9.946501e-01 5.231154e-03 4.368798e+00 1.089239e-02 -6.388686e-03 9.999202e-01 -1.419618e+00
9.944841e-01 -1.041345e-01 -1.254516e-02 1.080286e+02 1.042273e-01 9.945291e-01 6.979892e-03 4.589896e+00 1.174968e-02 -8.248940e-03 9.998969e-01 -1.417776e+00
9.940926e-01 -1.082725e-01 -7.546629e-03 1.105372e+02 1.083046e-01 9.941099e-01 3.990408e-03 4.834381e+00 7.070126e-03 -4.784169e-03 9.999636e-01 -1.449253e+00
9.934802e-01 -1.138040e-01 -6.765975e-03 1.130272e+02 1.138296e-01 9.934942e-01 3.516575e-03 5.089522e+00 6.321756e-03 -4.263816e-03 9.999709e-01 -1.543203e+00
9.928933e-01 -1.186432e-01 -9.314450e-03 1.155420e+02 1.186770e-01 9.929279e-01 3.160015e-03 5.369871e+00 8.873663e-03 -4.242969e-03 9.999516e-01 -1.583658e+00
9.924034e-01 -1.218128e-01 -1.723941e-02 1.180473e+02 1.218755e-01 9.925420e-01 2.629943e-03 5.653461e+00 1.679048e-02 -4.711026e-03 9.998479e-01 -1.616073e+00
9.918444e-01 -1.258623e-01 -2.008768e-02 1.205369e+02 1.259738e-01 9.920239e-01 4.382499e-03 5.937347e+00 1.937587e-02 -6.877278e-03 9.997886e-01 -1.652107e+00
9.913391e-01 -1.294393e-01 -2.218762e-02 1.230567e+02 1.295969e-01 9.915497e-01 5.809382e-03 6.225724e+00 2.124817e-02 -8.634512e-03 9.997370e-01 -1.679764e+00
9.909198e-01 -1.333402e-01 -1.727579e-02 1.255746e+02 1.334364e-01 9.910469e-01 4.536096e-03 6.541274e+00 1.651627e-02 -6.800126e-03 9.998405e-01 -1.724153e+00
9.904585e-01 -1.365904e-01 -1.830273e-02 1.281117e+02 1.366855e-01 9.906063e-01 4.042343e-03 6.846264e+00 1.757865e-02 -6.505491e-03 9.998243e-01 -1.799997e+00
9.899365e-01 -1.407133e-01 -1.501799e-02 1.306290e+02 1.408146e-01 9.900185e-01 5.908265e-03 7.175839e+00 1.403672e-02 -7.963560e-03 9.998698e-01 -1.842064e+00
9.893517e-01 -1.443445e-01 -1.864973e-02 1.331811e+02 1.444841e-01 9.894867e-01 6.358972e-03 7.520024e+00 1.753578e-02 -8.985849e-03 9.998059e-01 -1.830028e+00
9.887531e-01 -1.485871e-01 -1.700242e-02 1.356955e+02 1.486934e-01 9.888698e-01 5.161800e-03 7.863898e+00 1.604620e-02 -7.631894e-03 9.998421e-01 -1.918020e+00
9.881973e-01 -1.522821e-01 -1.662411e-02 1.382346e+02 1.524198e-01 9.882885e-01 7.349679e-03 8.223741e+00 1.531020e-02 -9.796778e-03 9.998348e-01 -1.998532e+00
9.875114e-01 -1.564467e-01 -1.859294e-02 1.407852e+02 1.565926e-01 9.876409e-01 6.661956e-03 8.596613e+00 1.732090e-02 -9.490275e-03 9.998049e-01 -2.014723e+00
9.868459e-01 -1.605393e-01 -1.903742e-02 1.433176e+02 1.606524e-01 9.870006e-01 4.557722e-03 8.982939e+00 1.805825e-02 -7.556175e-03 9.998084e-01 -2.056315e+00
9.862510e-01 -1.644767e-01 -1.601053e-02 1.458909e+02 1.645585e-01 9.863596e-01 3.925125e-03 9.369286e+00 1.514655e-02 -6.505827e-03 9.998641e-01 -2.101445e+00
9.854659e-01 -1.690092e-01 -1.710996e-02 1.484564e+02 1.690992e-01 9.855913e-01 3.945717e-03 9.772552e+00 1.619657e-02 -6.781651e-03 9.998458e-01 -2.141994e+00
9.847805e-01 -1.729815e-01 -1.687477e-02 1.509801e+02 1.730494e-01 9.849097e-01 2.637817e-03 1.019777e+01 1.616383e-02 -5.517839e-03 9.998541e-01 -2.224253e+00
9.841964e-01 -1.754577e-01 -2.391669e-02 1.535444e+02 1.755840e-01 9.844590e-01 3.269538e-03 1.062510e+01 2.297133e-02 -7.417255e-03 9.997086e-01 -2.247030e+00
9.837256e-01 -1.772932e-01 -2.917284e-02 1.561083e+02 1.775175e-01 9.841036e-01 5.266079e-03 1.106820e+01 2.777546e-02 -1.035907e-02 9.995605e-01 -2.290652e+00
9.833930e-01 -1.785379e-01 -3.259397e-02 1.586591e+02 1.788119e-01 9.838669e-01 5.670092e-03 1.149067e+01 3.105580e-02 -1.140412e-02 9.994526e-01 -2.329288e+00
9.830890e-01 -1.799503e-01 -3.397114e-02 1.612523e+02 1.801595e-01 9.836322e-01 3.176484e-03 1.194755e+01 3.284350e-02 -9.242991e-03 9.994178e-01 -2.374100e+00
9.829976e-01 -1.804571e-01 -3.392657e-02 1.638065e+02 1.806201e-01 9.835514e-01 1.777894e-03 1.238099e+01 3.304769e-02 -7.875487e-03 9.994227e-01 -2.418954e+00
9.829569e-01 -1.808474e-01 -3.301432e-02 1.664298e+02 1.809854e-01 9.834851e-01 1.216220e-03 1.284118e+01 3.224913e-02 -7.170600e-03 9.994541e-01 -2.430832e+00
9.829104e-01 -1.815055e-01 -3.070585e-02 1.690007e+02 1.816315e-01 9.833657e-01 1.343230e-03 1.328521e+01 2.995128e-02 -6.897425e-03 9.995276e-01 -2.486949e+00
9.829379e-01 -1.818237e-01 -2.780591e-02 1.715854e+02 1.820312e-01 9.832796e-01 5.100344e-03 1.372745e+01 2.641362e-02 -1.007487e-02 9.996004e-01 -2.541200e+00
9.828724e-01 -1.819355e-01 -2.934965e-02 1.741821e+02 1.822069e-01 9.832364e-01 6.830892e-03 1.419618e+01 2.761487e-02 -1.206161e-02 9.995459e-01 -2.568901e+00
9.828488e-01 -1.816581e-01 -3.175763e-02 1.767836e+02 1.819850e-01 9.832710e-01 7.700931e-03 1.465773e+01 2.982743e-02 -1.334826e-02 9.994659e-01 -2.656902e+00
9.827990e-01 -1.818426e-01 -3.223985e-02 1.793952e+02 1.821593e-01 9.832429e-01 7.148608e-03 1.511758e+01 3.039969e-02 -1.289843e-02 9.994546e-01 -2.685494e+00
9.826742e-01 -1.823501e-01 -3.316577e-02 1.820043e+02 1.826956e-01 9.831394e-01 7.681087e-03 1.557966e+01 3.120593e-02 -1.360725e-02 9.994203e-01 -2.748849e+00
9.824722e-01 -1.828407e-01 -3.629870e-02 1.845929e+02 1.831983e-01 9.830527e-01 6.757435e-03 1.604194e+01 3.444801e-02 -1.328886e-02 9.993181e-01 -2.833812e+00
9.823465e-01 -1.826446e-01 -4.045088e-02 1.872177e+02 1.830691e-01 9.830749e-01 7.020210e-03 1.651750e+01 3.848404e-02 -1.430158e-02 9.991569e-01 -2.830895e+00
9.822665e-01 -1.830956e-01 -4.035423e-02 1.898456e+02 1.835051e-01 9.829961e-01 6.658291e-03 1.697507e+01 3.844895e-02 -1.394543e-02 9.991633e-01 -2.892481e+00
9.822137e-01 -1.838866e-01 -3.797344e-02 1.924715e+02 1.842742e-01 9.828503e-01 6.941070e-03 1.744313e+01 3.604584e-02 -1.381514e-02 9.992546e-01 -2.970694e+00
9.822197e-01 -1.844143e-01 -3.515469e-02 1.951077e+02 1.847543e-01 9.827623e-01 6.653896e-03 1.791319e+01 3.332163e-02 -1.303057e-02 9.993597e-01 -2.986707e+00
9.821637e-01 -1.849267e-01 -3.400766e-02 1.977461e+02 1.852450e-01 9.826714e-01 6.430211e-03 1.837575e+01 3.222924e-02 -1.261527e-02 9.994009e-01 -3.064775e+00
9.819469e-01 -1.865231e-01 -3.145420e-02 2.003651e+02 1.867989e-01 9.823797e-01 6.044563e-03 1.884431e+01 2.977251e-02 -1.181105e-02 9.994869e-01 -3.119399e+00
9.815240e-01 -1.888919e-01 -3.050380e-02 2.029619e+02 1.891536e-01 9.819298e-01 5.907127e-03 1.932139e+01 2.883678e-02 -1.156789e-02 9.995172e-01 -3.171468e+00
9.811280e-01 -1.910784e-01 -2.961298e-02 2.055984e+02 1.913161e-01 9.815139e-01 5.386028e-03 1.980246e+01 2.803639e-02 -1.094982e-02 9.995469e-01 -3.248244e+00
9.807101e-01 -1.929690e-01 -3.115510e-02 2.081863e+02 1.932282e-01 9.811385e-01 5.505177e-03 2.028688e+01 2.950514e-02 -1.141903e-02 9.994994e-01 -3.284057e+00
9.803358e-01 -1.947058e-01 -3.211403e-02 2.107924e+02 1.949748e-01 9.807931e-01 5.438839e-03 2.078806e+01 3.043825e-02 -1.159331e-02 9.994694e-01 -3.352768e+00
9.799455e-01 -1.964105e-01 -3.361150e-02 2.134101e+02 1.967318e-01 9.804357e-01 6.501364e-03 2.127990e+01 3.167697e-02 -1.298343e-02 9.994138e-01 -3.414651e+00
9.794329e-01 -1.990454e-01 -3.304520e-02 2.160218e+02 1.993771e-01 9.798976e-01 7.031701e-03 2.179146e+01 3.098129e-02 -1.347554e-02 9.994291e-01 -3.462738e+00
9.789032e-01 -2.015253e-01 -3.370490e-02 2.186463e+02 2.019172e-01 9.793646e-01 8.623417e-03 2.229922e+01 3.127155e-02 -1.524709e-02 9.993946e-01 -3.537925e+00
9.782654e-01 -2.046890e-01 -3.315466e-02 2.212570e+02 2.051480e-01 9.786685e-01 1.105474e-02 2.280849e+01 3.018464e-02 -1.761608e-02 9.993891e-01 -3.584799e+00
9.776251e-01 -2.076701e-01 -3.350160e-02 2.238696e+02 2.081624e-01 9.780219e-01 1.190784e-02 2.334471e+01 3.029239e-02 -1.861518e-02 9.993677e-01 -3.666593e+00
9.769965e-01 -2.106110e-01 -3.348007e-02 2.264734e+02 2.111056e-01 9.773902e-01 1.195629e-02 2.388485e+01 3.020496e-02 -1.874909e-02 9.993679e-01 -3.743640e+00
9.763539e-01 -2.132576e-01 -3.541403e-02 2.290887e+02 2.137583e-01 9.768250e-01 1.096920e-02 2.442588e+01 3.225405e-02 -1.827986e-02 9.993125e-01 -3.781162e+00
9.757805e-01 -2.158074e-01 -3.577160e-02 2.316963e+02 2.162453e-01 9.762993e-01 8.815333e-03 2.497529e+01 3.302138e-02 -1.633727e-02 9.993211e-01 -3.866448e+00
9.752824e-01 -2.181472e-01 -3.515832e-02 2.343019e+02 2.185518e-01 9.757921e-01 8.061997e-03 2.552724e+01 3.254851e-02 -1.554664e-02 9.993492e-01 -3.923482e+00
9.747818e-01 -2.205936e-01 -3.374973e-02 2.368990e+02 2.210169e-01 9.752253e-01 9.326929e-03 2.608092e+01 3.085613e-02 -1.655098e-02 9.993868e-01 -3.946474e+00
9.742689e-01 -2.233299e-01 -3.039482e-02 2.395359e+02 2.237497e-01 9.745829e-01 1.114933e-02 2.665214e+01 2.713229e-02 -1.766328e-02 9.994758e-01 -4.025862e+00
9.733298e-01 -2.274908e-01 -2.961409e-02 2.421526e+02 2.279352e-01 9.735951e-01 1.256756e-02 2.723606e+01 2.597313e-02 -1.898248e-02 9.994824e-01 -4.091110e+00
9.724210e-01 -2.315338e-01 -2.809751e-02 2.447622e+02 2.319259e-01 9.726648e-01 1.155859e-02 2.782295e+01 2.465326e-02 -1.775636e-02 9.995384e-01 -4.204831e+00
9.711794e-01 -2.362615e-01 -3.148236e-02 2.473547e+02 2.366353e-01 9.715599e-01 8.675723e-03 2.842552e+01 2.853726e-02 -1.587552e-02 9.994667e-01 -4.263742e+00
9.701515e-01 -2.402466e-01 -3.297751e-02 2.499800e+02 2.406503e-01 9.705719e-01 8.814124e-03 2.905158e+01 2.988948e-02 -1.648708e-02 9.994172e-01 -4.307211e+00
9.693573e-01 -2.436025e-01 -3.168917e-02 2.525632e+02 2.440494e-01 9.696999e-01 1.103653e-02 2.965944e+01 2.804046e-02 -1.843206e-02 9.994369e-01 -4.382547e+00
9.685871e-01 -2.470778e-01 -2.813531e-02 2.551426e+02 2.475341e-01 9.687775e-01 1.403632e-02 3.028225e+01 2.378879e-02 -2.055985e-02 9.995056e-01 -4.459011e+00
9.676976e-01 -2.507249e-01 -2.642576e-02 2.577147e+02 2.511435e-01 9.678503e-01 1.387799e-02 3.091041e+01 2.209662e-02 -2.006635e-02 9.995545e-01 -4.503477e+00
9.671852e-01 -2.529737e-01 -2.360397e-02 2.602942e+02 2.532761e-01 9.673337e-01 1.079863e-02 3.155264e+01 2.010114e-02 -1.642260e-02 9.996631e-01 -4.633340e+00
9.668831e-01 -2.541331e-01 -2.352716e-02 2.628580e+02 2.543846e-01 9.670671e-01 8.347083e-03 3.219104e+01 2.063108e-02 -1.405560e-02 9.996883e-01 -4.690665e+00
9.664569e-01 -2.554518e-01 -2.655826e-02 2.654364e+02 2.558076e-01 9.666657e-01 1.093875e-02 3.283942e+01 2.287864e-02 -1.736564e-02 9.995874e-01 -4.741213e+00
9.659786e-01 -2.571794e-01 -2.727975e-02 2.680244e+02 2.575614e-01 9.661934e-01 1.149955e-02 3.351833e+01 2.340007e-02 -1.813453e-02 9.995617e-01 -4.850267e+00
9.650024e-01 -2.606469e-01 -2.887395e-02 2.706110e+02 2.611436e-01 9.651841e-01 1.496024e-02 3.418798e+01 2.396933e-02 -2.197691e-02 9.994711e-01 -4.893942e+00
9.640217e-01 -2.642152e-01 -2.919620e-02 2.731650e+02 2.646840e-01 9.642408e-01 1.349732e-02 3.485858e+01 2.458597e-02 -2.073948e-02 9.994826e-01 -4.945135e+00
9.630976e-01 -2.677027e-01 -2.789815e-02 2.757344e+02 2.681103e-01 9.633135e-01 1.199897e-02 3.554176e+01 2.366251e-02 -1.903597e-02 9.995388e-01 -5.072129e+00
9.621066e-01 -2.712701e-01 -2.763058e-02 2.783053e+02 2.717184e-01 9.622757e-01 1.394869e-02 3.623366e+01 2.280437e-02 -2.092787e-02 9.995209e-01 -5.100268e+00
9.609429e-01 -2.749663e-01 -3.134058e-02 2.808619e+02 2.755540e-01 9.611489e-01 1.621269e-02 3.694667e+01 2.566501e-02 -2.421549e-02 9.993773e-01 -5.201910e+00
9.598407e-01 -2.782465e-01 -3.584190e-02 2.834395e+02 2.789235e-01 9.601895e-01 1.542297e-02 3.766354e+01 3.012363e-02 -2.480074e-02 9.992384e-01 -5.306298e+00
9.588381e-01 -2.814845e-01 -3.736203e-02 2.859940e+02 2.821889e-01 9.592409e-01 1.504293e-02 3.838292e+01 3.160483e-02 -2.496689e-02 9.991885e-01 -5.333459e+00
9.580328e-01 -2.844396e-01 -3.559951e-02 2.885666e+02 2.850826e-01 9.583944e-01 1.441373e-02 3.912545e+01 3.001855e-02 -2.395763e-02 9.992622e-01 -5.434935e+00
9.572753e-01 -2.874694e-01 -3.138837e-02 2.911236e+02 2.881092e-01 9.574258e-01 1.813480e-02 3.984808e+01 2.483884e-02 -2.640328e-02 9.993427e-01 -5.459909e+00
9.564894e-01 -2.904404e-01 -2.779365e-02 2.936885e+02 2.910457e-01 9.564804e-01 2.092585e-02 4.060545e+01 2.050636e-02 -2.810457e-02 9.993947e-01 -5.583025e+00
9.557971e-01 -2.929558e-01 -2.507681e-02 2.962532e+02 2.933962e-01 9.558553e-01 1.610526e-02 4.135974e+01 1.925167e-02 -2.275080e-02 9.995558e-01 -5.730283e+00
9.550914e-01 -2.950973e-01 -2.679737e-02 2.988030e+02 2.956189e-01 9.551339e-01 1.812178e-02 4.209974e+01 2.024739e-02 -2.522976e-02 9.994766e-01 -5.731451e+00
9.538999e-01 -2.985878e-01 -3.033840e-02 3.013518e+02 2.992648e-01 9.539419e-01 2.087088e-02 4.288514e+01 2.270928e-02 -2.898794e-02 9.993218e-01 -5.850060e+00
9.526766e-01 -3.027597e-01 -2.727466e-02 3.039144e+02 3.032733e-01 9.527496e-01 1.712994e-02 4.366758e+01 2.079966e-02 -2.459097e-02 9.994812e-01 -6.039485e+00
9.512711e-01 -3.073424e-01 -2.498029e-02 3.064376e+02 3.078194e-01 9.512715e-01 1.816387e-02 4.443501e+01 1.818051e-02 -2.496818e-02 9.995229e-01 -6.042169e+00
9.496331e-01 -3.121785e-01 -2.723126e-02 3.089646e+02 3.127310e-01 9.496502e-01 1.906973e-02 4.524510e+01 1.990701e-02 -2.662530e-02 9.994472e-01 -6.129394e+00
9.483210e-01 -3.159176e-01 -2.972212e-02 3.114709e+02 3.165129e-01 9.484183e-01 1.796118e-02 4.604943e+01 2.251474e-02 -2.644040e-02 9.993968e-01 -6.297442e+00
9.472158e-01 -3.190726e-01 -3.122437e-02 3.139969e+02 3.197552e-01 9.472901e-01 1.994569e-02 4.686901e+01 2.321442e-02 -2.887703e-02 9.993134e-01 -6.345289e+00
9.460826e-01 -3.220948e-01 -3.439071e-02 3.164974e+02 3.227757e-01 9.463339e-01 1.637977e-02 4.770324e+01 2.726925e-02 -2.659710e-02 9.992743e-01 -6.430387e+00
9.452384e-01 -3.250268e-01 -2.969824e-02 3.189959e+02 3.255891e-01 9.453677e-01 1.648333e-02 4.852052e+01 2.271823e-02 -2.525010e-02 9.994230e-01 -6.541359e+00
9.443091e-01 -3.278886e-01 -2.773639e-02 3.214828e+02 3.284492e-01 9.443347e-01 1.878470e-02 4.934155e+01 2.003315e-02 -2.684856e-02 9.994388e-01 -6.548780e+00
9.434577e-01 -3.306381e-01 -2.379331e-02 3.239603e+02 3.311124e-01 9.433824e-01 1.985503e-02 5.018397e+01 1.588136e-02 -2.661064e-02 9.995197e-01 -6.705505e+00
9.426205e-01 -3.332337e-01 -2.053966e-02 3.264503e+02 3.336630e-01 9.424080e-01 2.314840e-02 5.102538e+01 1.164292e-02 -2.867348e-02 9.995210e-01 -6.823197e+00
9.416790e-01 -3.359999e-01 -1.856796e-02 3.289522e+02 3.364080e-01 9.413278e-01 2.704846e-02 5.188413e+01 8.390259e-03 -3.171738e-02 9.994617e-01 -6.854106e+00
9.404893e-01 -3.392456e-01 -1.980770e-02 3.314536e+02 3.396178e-01 9.403492e-01 2.006982e-02 5.275246e+01 1.181756e-02 -2.560250e-02 9.996024e-01 -6.968522e+00
9.395680e-01 -3.419676e-01 -1.643788e-02 3.339242e+02 3.422067e-01 9.395052e-01 1.497647e-02 5.362653e+01 1.032200e-02 -1.969657e-02 9.997527e-01 -7.125838e+00
9.386920e-01 -3.443950e-01 -1.578948e-02 3.363940e+02 3.446572e-01 9.385369e-01 1.896526e-02 5.450276e+01 8.287467e-03 -2.324449e-02 9.996955e-01 -7.161769e+00
9.377042e-01 -3.471638e-01 -1.371619e-02 3.388781e+02 3.474047e-01 9.374107e-01 2.390237e-02 5.539027e+01 4.559667e-03 -2.717842e-02 9.996202e-01 -7.301474e+00
9.360806e-01 -3.516084e-01 -1.116252e-02 3.413808e+02 3.517853e-01 9.355663e-01 3.102657e-02 5.626804e+01 -4.659221e-04 -3.297018e-02 9.994562e-01 -7.297437e+00
9.339830e-01 -3.572062e-01 -8.911389e-03 3.438732e+02 3.573049e-01 9.334511e-01 3.165986e-02 5.718849e+01 -2.990754e-03 -3.275385e-02 9.994590e-01 -7.425576e+00
9.321729e-01 -3.619722e-01 -5.455144e-03 3.463492e+02 3.619905e-01 9.318392e-01 2.526381e-02 5.811357e+01 -4.061481e-03 -2.552495e-02 9.996659e-01 -7.619932e+00
9.304117e-01 -3.665157e-01 -5.719671e-04 3.488206e+02 3.664019e-01 9.300815e-01 2.642136e-02 5.904405e+01 -9.151867e-03 -2.479231e-02 9.996507e-01 -7.705963e+00
9.287347e-01 -3.707232e-01 -4.037226e-03 3.512822e+02 3.706910e-01 9.283580e-01 2.719736e-02 5.998589e+01 -6.334701e-03 -2.675569e-02 9.996219e-01 -7.770782e+00
9.269354e-01 -3.751936e-01 -4.530685e-03 3.537493e+02 3.751744e-01 9.265627e-01 2.693631e-02 6.095827e+01 -5.908368e-03 -2.666802e-02 9.996269e-01 -7.954587e+00
9.250469e-01 -3.797907e-01 -6.874157e-03 3.562115e+02 3.798315e-01 9.246513e-01 2.734669e-02 6.192961e+01 -4.029820e-03 -2.790799e-02 9.996024e-01 -8.016402e+00
9.231676e-01 -3.842378e-01 -1.108185e-02 3.586511e+02 3.843970e-01 9.228305e-01 2.495993e-02 6.292903e+01 6.361213e-04 -2.730203e-02 9.996271e-01 -8.127009e+00
9.216474e-01 -3.876823e-01 -1.638592e-02 3.610988e+02 3.879862e-01 9.213477e-01 2.418332e-02 6.393967e+01 5.721688e-03 -2.864601e-02 9.995732e-01 -8.252258e+00
9.207653e-01 -3.896803e-01 -1.845175e-02 3.635335e+02 3.900625e-01 9.203967e-01 2.685313e-02 6.495071e+01 6.518793e-03 -3.192276e-02 9.994691e-01 -8.351976e+00
9.200224e-01 -3.912365e-01 -2.219701e-02 3.659738e+02 3.917661e-01 9.195886e-01 2.960194e-02 6.594575e+01 8.830760e-03 -3.593048e-02 9.993153e-01 -8.451742e+00
9.191574e-01 -3.932910e-01 -2.171958e-02 3.684298e+02 3.938058e-01 9.187042e-01 2.999200e-02 6.696748e+01 8.158287e-03 -3.612066e-02 9.993141e-01 -8.560285e+00
9.183354e-01 -3.953152e-01 -1.964862e-02 3.708502e+02 3.957295e-01 9.179900e-01 2.631421e-02 6.798176e+01 7.634832e-03 -3.194081e-02 9.994606e-01 -8.691829e+00
9.173914e-01 -3.975337e-01 -1.897380e-02 3.732964e+02 3.979240e-01 9.170481e-01 2.606152e-02 6.900654e+01 7.039554e-03 -3.145875e-02 9.994802e-01 -8.794497e+00
9.162278e-01 -4.000580e-01 -2.191164e-02 3.757172e+02 4.005508e-01 9.158758e-01 2.703121e-02 7.004337e+01 9.254281e-03 -3.354347e-02 9.993944e-01 -8.922871e+00
9.150654e-01 -4.026255e-01 -2.340923e-02 3.781429e+02 4.031556e-01 9.147656e-01 2.587757e-02 7.107104e+01 1.099499e-02 -3.311723e-02 9.993910e-01 -9.036494e+00
9.132466e-01 -4.065868e-01 -2.584264e-02 3.805560e+02 4.072481e-01 9.128244e-01 3.001279e-02 7.210266e+01 1.138699e-02 -3.793344e-02 9.992154e-01 -9.136813e+00
9.113532e-01 -4.108121e-01 -2.586230e-02 3.829544e+02 4.114929e-01 9.108536e-01 3.192927e-02 7.315292e+01 1.043983e-02 -3.974100e-02 9.991555e-01 -9.247540e+00
9.094132e-01 -4.150539e-01 -2.641661e-02 3.853448e+02 4.157462e-01 9.089465e-01 3.116421e-02 7.420903e+01 1.107646e-02 -3.932375e-02 9.991651e-01 -9.396853e+00
9.074469e-01 -4.193069e-01 -2.686891e-02 3.877488e+02 4.200431e-01 9.068750e-01 3.378677e-02 7.528505e+01 1.019972e-02 -4.194579e-02 9.990678e-01 -9.509574e+00
9.059238e-01 -4.225514e-01 -2.743202e-02 3.901229e+02 4.233118e-01 9.053446e-01 3.403577e-02 7.636207e+01 1.045357e-02 -4.244611e-02 9.990441e-01 -9.639188e+00
9.048936e-01 -4.246905e-01 -2.838151e-02 3.924948e+02 4.254723e-01 9.043880e-01 3.249026e-02 7.745399e+01 1.186959e-02 -4.147577e-02 9.990690e-01 -9.798128e+00
9.039152e-01 -4.265507e-01 -3.149158e-02 3.948686e+02 4.274909e-01 9.033617e-01 3.448272e-02 7.854150e+01 1.373965e-02 -4.463182e-02 9.989090e-01 -9.920206e+00
9.032609e-01 -4.277766e-01 -3.357025e-02 3.972231e+02 4.287990e-01 9.027674e-01 3.379669e-02 7.963754e+01 1.584870e-02 -4.492212e-02 9.988648e-01 -1.004403e+01
9.023424e-01 -4.296897e-01 -3.383857e-02 3.995687e+02 4.307261e-01 9.018426e-01 3.398297e-02 8.072735e+01 1.591493e-02 -4.523943e-02 9.988494e-01 -1.019190e+01
9.013383e-01 -4.318893e-01 -3.257138e-02 4.019053e+02 4.329045e-01 9.006964e-01 3.660583e-02 8.180768e+01 1.352725e-02 -4.709453e-02 9.987988e-01 -1.027644e+01
9.001356e-01 -4.344794e-01 -3.136252e-02 4.042627e+02 4.354197e-01 8.995351e-01 3.530502e-02 8.292111e+01 1.287238e-02 -4.543517e-02 9.988844e-01 -1.045115e+01
8.988184e-01 -4.374056e-01 -2.831707e-02 4.065731e+02 4.382085e-01 8.981752e-01 3.542280e-02 8.401659e+01 9.939553e-03 -4.424745e-02 9.989712e-01 -1.059538e+01
8.969135e-01 -4.414069e-01 -2.657387e-02 4.088871e+02 4.421718e-01 8.959715e-01 4.146432e-02 8.511544e+01 5.506788e-03 -4.894012e-02 9.987865e-01 -1.068899e+01
8.951041e-01 -4.451524e-01 -2.506050e-02 4.112154e+02 4.458379e-01 8.941736e-01 4.101642e-02 8.624424e+01 4.149878e-03 -4.788689e-02 9.988441e-01 -1.086465e+01
8.935703e-01 -4.483021e-01 -2.360763e-02 4.135197e+02 4.489073e-01 8.927462e-01 3.855283e-02 8.736523e+01 3.792302e-03 -4.504730e-02 9.989777e-01 -1.102831e+01
8.922311e-01 -4.509109e-01 -2.455810e-02 4.158272e+02 4.515538e-01 8.914365e-01 3.794881e-02 8.849397e+01 4.780458e-03 -4.494841e-02 9.989779e-01 -1.113200e+01
8.904988e-01 -4.543596e-01 -2.386127e-02 4.181057e+02 4.549663e-01 8.897195e-01 3.748301e-02 8.964117e+01 4.199065e-03 -4.423465e-02 9.990124e-01 -1.128499e+01
8.888524e-01 -4.576331e-01 -2.265703e-02 4.203977e+02 4.581848e-01 8.880538e-01 3.777804e-02 9.078123e+01 2.832179e-03 -4.396021e-02 9.990293e-01 -1.141543e+01
8.868635e-01 -4.615361e-01 -2.139067e-02 4.227077e+02 4.620307e-01 8.859998e-01 3.914294e-02 9.194128e+01 8.862531e-04 -4.459759e-02 9.990047e-01 -1.152097e+01
8.843128e-01 -4.665012e-01 -1.917129e-02 4.249774e+02 4.668949e-01 8.835418e-01 3.691838e-02 9.310821e+01 -2.838289e-04 -4.159837e-02 9.991344e-01 -1.168995e+01
8.821148e-01 -4.706745e-01 -1.841216e-02 4.272355e+02 4.710324e-01 8.813206e-01 3.744958e-02 9.427779e+01 -1.399549e-03 -4.170755e-02 9.991289e-01 -1.184001e+01
8.800628e-01 -4.743565e-01 -2.180594e-02 4.295036e+02 4.748571e-01 8.790803e-01 4.157941e-02 9.548104e+01 -5.542953e-04 -4.694720e-02 9.988972e-01 -1.195867e+01
8.785830e-01 -4.768408e-01 -2.673550e-02 4.317689e+02 4.775774e-01 8.775842e-01 4.201863e-02 9.667462e+01 3.426461e-03 -4.968513e-02 9.987590e-01 -1.210476e+01
8.770788e-01 -4.796178e-01 -2.645097e-02 4.340218e+02 4.803366e-01 8.760850e-01 4.185387e-02 9.788709e+01 3.099439e-03 -4.941451e-02 9.987736e-01 -1.227484e+01
8.754585e-01 -4.824830e-01 -2.797687e-02 4.362958e+02 4.832836e-01 8.743416e-01 4.431528e-02 9.909721e+01 3.079974e-03 -5.231695e-02 9.986258e-01 -1.239009e+01
8.735682e-01 -4.858559e-01 -2.868011e-02 4.385228e+02 4.866853e-01 8.725044e-01 4.328527e-02 1.003169e+02 3.993117e-03 -5.177082e-02 9.986510e-01 -1.255222e+01
8.721761e-01 -4.883189e-01 -2.921610e-02 4.407432e+02 4.891705e-01 8.711419e-01 4.270985e-02 1.015315e+02 4.595343e-03 -5.154216e-02 9.986603e-01 -1.271809e+01
8.706971e-01 -4.908406e-01 -3.101422e-02 4.429652e+02 4.917839e-01 8.696597e-01 4.290189e-02 1.027627e+02 5.913821e-03 -5.260684e-02 9.985978e-01 -1.283531e+01
8.693871e-01 -4.930530e-01 -3.263202e-02 4.451943e+02 4.940865e-01 8.683028e-01 4.391565e-02 1.040037e+02 6.681734e-03 -5.430274e-02 9.985021e-01 -1.300737e+01
8.680978e-01 -4.952291e-01 -3.397506e-02 4.474339e+02 4.963513e-01 8.668783e-01 4.644870e-02 1.052562e+02 6.449499e-03 -5.718558e-02 9.983428e-01 -1.314823e+01
8.665618e-01 -4.978481e-01 -3.489947e-02 4.496604e+02 4.990297e-01 8.652575e-01 4.794385e-02 1.065075e+02 6.328281e-03 -5.896217e-02 9.982402e-01 -1.329525e+01
8.653783e-01 -5.001081e-01 -3.181690e-02 4.518526e+02 5.011078e-01 8.640405e-01 4.821632e-02 1.077481e+02 3.377721e-03 -5.766905e-02 9.983301e-01 -1.345709e+01
8.642622e-01 -5.021331e-01 -3.021992e-02 4.540786e+02 5.030388e-01 8.629013e-01 4.851215e-02 1.090080e+02 1.717250e-03 -5.712900e-02 9.983653e-01 -1.361869e+01
8.629043e-01 -5.044643e-01 -3.019954e-02 4.562858e+02 5.053651e-01 8.615389e-01 4.854796e-02 1.102739e+02 1.527369e-03 -5.715404e-02 9.983642e-01 -1.378762e+01
8.615528e-01 -5.068151e-01 -2.941464e-02 4.585099e+02 5.076676e-01 8.601782e-01 4.865146e-02 1.115483e+02 6.445339e-04 -5.684866e-02 9.983826e-01 -1.393795e+01
8.596560e-01 -5.101022e-01 -2.805815e-02 4.607210e+02 5.108719e-01 8.582305e-01 4.950120e-02 1.128290e+02 -1.170310e-03 -5.688813e-02 9.983799e-01 -1.410893e+01
8.575228e-01 -5.137134e-01 -2.744420e-02 4.629177e+02 5.144414e-01 8.560696e-01 4.994969e-02 1.141204e+02 -2.165681e-03 -5.695143e-02 9.983746e-01 -1.426502e+01
8.551222e-01 -5.177395e-01 -2.668114e-02 4.651087e+02 5.184162e-01 8.536484e-01 5.029157e-02 1.154112e+02 -3.261624e-03 -5.683737e-02 9.983781e-01 -1.442806e+01
8.526893e-01 -5.218252e-01 -2.488809e-02 4.672949e+02 5.223939e-01 8.512206e-01 5.027898e-02 1.167188e+02 -5.051582e-03 -5.587374e-02 9.984251e-01 -1.460479e+01
8.506247e-01 -5.252066e-01 -2.440659e-02 4.694526e+02 5.257433e-01 8.491621e-01 5.017600e-02 1.180277e+02 -5.627613e-03 -5.551255e-02 9.984421e-01 -1.475110e+01
8.488269e-01 -5.280291e-01 -2.603804e-02 4.716306e+02 5.286511e-01 8.473403e-01 5.042266e-02 1.193498e+02 -4.561559e-03 -5.656515e-02 9.983885e-01 -1.494241e+01
8.471602e-01 -5.306630e-01 -2.676727e-02 4.738220e+02 5.313144e-01 8.455771e-01 5.200322e-02 1.206939e+02 -4.962393e-03 -5.827690e-02 9.982881e-01 -1.510297e+01
8.452598e-01 -5.336118e-01 -2.818165e-02 4.760014e+02 5.343395e-01 8.436499e-01 5.231047e-02 1.220433e+02 -4.138049e-03 -5.927451e-02 9.982331e-01 -1.524768e+01
8.433584e-01 -5.365289e-01 -2.972180e-02 4.781483e+02 5.373427e-01 8.417361e-01 5.237622e-02 1.233804e+02 -3.083445e-03 -6.014271e-02 9.981850e-01 -1.545765e+01
8.410258e-01 -5.401016e-01 -3.107740e-02 4.803038e+02 5.409870e-01 8.393112e-01 5.375402e-02 1.247425e+02 -2.949019e-03 -6.202099e-02 9.980705e-01 -1.559263e+01
8.389801e-01 -5.431262e-01 -3.356083e-02 4.824374e+02 5.441617e-01 8.373199e-01 5.276081e-02 1.261021e+02 -5.546305e-04 -6.252779e-02 9.980431e-01 -1.577971e+01
8.370270e-01 -5.460827e-01 -3.434416e-02 4.845976e+02 5.471615e-01 8.353270e-01 5.332093e-02 1.274815e+02 -4.290324e-04 -6.342286e-02 9.979867e-01 -1.597682e+01
8.347192e-01 -5.494816e-01 -3.624537e-02 4.867467e+02 5.506757e-01 8.329206e-01 5.476757e-02 1.288694e+02 9.574369e-05 -6.567499e-02 9.978411e-01 -1.610419e+01
8.328657e-01 -5.522789e-01 -3.636924e-02 4.888772e+02 5.534751e-01 8.310266e-01 5.531725e-02 1.302631e+02 -3.267489e-04 -6.620131e-02 9.978063e-01 -1.629599e+01
8.309779e-01 -5.549679e-01 -3.855356e-02 4.910027e+02 5.563046e-01 8.290976e-01 5.587598e-02 1.316506e+02 9.552836e-04 -6.787923e-02 9.976931e-01 -1.649017e+01
8.285699e-01 -5.585838e-01 -3.815886e-02 4.931077e+02 5.598857e-01 8.266401e-01 5.651762e-02 1.330535e+02 -2.618879e-05 -6.819340e-02 9.976721e-01 -1.664861e+01
8.264754e-01 -5.615335e-01 -4.023017e-02 4.952495e+02 5.629712e-01 8.245319e-01 5.666136e-02 1.344853e+02 1.353806e-03 -6.947765e-02 9.975826e-01 -1.685064e+01
8.243229e-01 -5.647100e-01 -3.992879e-02 4.973553e+02 5.661191e-01 8.223772e-01 5.661130e-02 1.358927e+02 8.675586e-04 -6.927045e-02 9.975975e-01 -1.701590e+01
8.219305e-01 -5.681146e-01 -4.093932e-02 4.994561e+02 5.695809e-01 8.201485e-01 5.416916e-02 1.373149e+02 2.802020e-03 -6.784154e-02 9.976922e-01 -1.719973e+01
8.195572e-01 -5.715964e-01 -4.004379e-02 5.015729e+02 5.729919e-01 8.178505e-01 5.292154e-02 1.387648e+02 2.500065e-03 -6.631700e-02 9.977955e-01 -1.740781e+01
8.169091e-01 -5.753285e-01 -4.070106e-02 5.036648e+02 5.767638e-01 8.150820e-01 5.463380e-02 1.402044e+02 1.742313e-03 -6.810575e-02 9.976766e-01 -1.754219e+01
8.144400e-01 -5.790321e-01 -3.754117e-02 5.057208e+02 5.802451e-01 8.125361e-01 5.568195e-02 1.416423e+02 -1.738077e-03 -6.713269e-02 9.977425e-01 -1.773317e+01
8.118672e-01 -5.826581e-01 -3.716345e-02 5.077848e+02 5.838313e-01 8.098180e-01 5.775489e-02 1.430944e+02 -3.555717e-03 -6.858648e-02 9.976388e-01 -1.794301e+01
8.092892e-01 -5.863436e-01 -3.538677e-02 5.098419e+02 5.873844e-01 8.072162e-01 5.815122e-02 1.445537e+02 -5.531817e-03 -6.784680e-02 9.976804e-01 -1.808491e+01
8.072207e-01 -5.891699e-01 -3.568901e-02 5.118780e+02 5.902176e-01 8.050684e-01 5.922991e-02 1.460154e+02 -6.164379e-03 -6.887589e-02 9.976062e-01 -1.831191e+01
8.046222e-01 -5.927604e-01 -3.490489e-02 5.139357e+02 5.937333e-01 8.023659e-01 6.074180e-02 1.474973e+02 -7.998832e-03 -6.959839e-02 9.975430e-01 -1.847987e+01
8.026266e-01 -5.953979e-01 -3.594366e-02 5.159598e+02 5.964292e-01 8.002967e-01 6.162426e-02 1.489696e+02 -7.925359e-03 -7.089911e-02 9.974520e-01 -1.866758e+01
8.002024e-01 -5.986689e-01 -3.565998e-02 5.179998e+02 5.996598e-01 7.977824e-01 6.285853e-02 1.504713e+02 -9.182543e-03 -7.168340e-02 9.973851e-01 -1.885806e+01
7.978692e-01 -6.017860e-01 -3.547297e-02 5.200209e+02 6.027395e-01 7.953426e-01 6.430783e-02 1.519640e+02 -1.048640e-02 -7.269020e-02 9.972994e-01 -1.905730e+01
7.955512e-01 -6.049312e-01 -3.400813e-02 5.220300e+02 6.057533e-01 7.929459e-01 6.557407e-02 1.534655e+02 -1.270120e-02 -7.276807e-02 9.972680e-01 -1.926925e+01
7.935121e-01 -6.075641e-01 -3.470488e-02 5.240607e+02 6.084561e-01 7.910680e-01 6.318796e-02 1.549813e+02 -1.093682e-02 -7.125681e-02 9.973980e-01 -1.945107e+01
7.912973e-01 -6.104185e-01 -3.518368e-02 5.260693e+02 6.113642e-01 7.890443e-01 6.035881e-02 1.565052e+02 -9.082651e-03 -6.927180e-02 9.975564e-01 -1.966729e+01
7.896467e-01 -6.124500e-01 -3.691958e-02 5.280513e+02 6.135075e-01 7.873455e-01 6.079150e-02 1.580226e+02 -8.163293e-03 -7.065424e-02 9.974675e-01 -1.984590e+01
7.884585e-01 -6.137819e-01 -4.006172e-02 5.300520e+02 6.150327e-01 7.858410e-01 6.471917e-02 1.595638e+02 -8.241316e-03 -7.566765e-02 9.970990e-01 -2.003951e+01
7.870917e-01 -6.154135e-01 -4.186781e-02 5.320413e+02 6.167701e-01 7.842007e-01 6.799919e-02 1.610922e+02 -9.014854e-03 -7.934441e-02 9.968065e-01 -2.022297e+01
7.855028e-01 -6.173375e-01 -4.335739e-02 5.340179e+02 6.188124e-01 7.826630e-01 6.715441e-02 1.626202e+02 -7.522704e-03 -7.958007e-02 9.968001e-01 -2.045077e+01
7.837560e-01 -6.196252e-01 -4.232224e-02 5.360136e+02 6.210222e-01 7.810404e-01 6.563141e-02 1.641677e+02 -7.611487e-03 -7.772207e-02 9.969460e-01 -2.064721e+01
7.821190e-01 -6.217784e-01 -4.100505e-02 5.379894e+02 6.230608e-01 7.793635e-01 6.624085e-02 1.657132e+02 -9.229288e-03 -7.735686e-02 9.969608e-01 -2.084755e+01
7.803716e-01 -6.241646e-01 -3.792980e-02 5.399580e+02 6.251844e-01 7.775258e-01 6.780913e-02 1.672633e+02 -1.283266e-02 -7.662944e-02 9.969770e-01 -2.105964e+01
7.776378e-01 -6.276625e-01 -3.632259e-02 5.419260e+02 6.284986e-01 7.745675e-01 7.095385e-02 1.688186e+02 -1.640077e-02 -7.800509e-02 9.968181e-01 -2.125355e+01
7.746513e-01 -6.314324e-01 -3.476479e-02 5.438723e+02 6.321366e-01 7.716198e-01 7.075395e-02 1.703779e+02 -1.785113e-02 -7.678574e-02 9.968878e-01 -2.147414e+01
7.717435e-01 -6.350268e-01 -3.395510e-02 5.458428e+02 6.356941e-01 7.688855e-01 6.861500e-02 1.719670e+02 -1.746478e-02 -7.453824e-02 9.970652e-01 -2.167577e+01
7.698884e-01 -6.371422e-01 -3.635387e-02 5.477806e+02 6.380052e-01 7.671019e-01 6.711150e-02 1.735411e+02 -1.487244e-02 -7.486232e-02 9.970829e-01 -2.189017e+01
7.684158e-01 -6.386988e-01 -4.001402e-02 5.497260e+02 6.397932e-01 7.653354e-01 7.018854e-02 1.751386e+02 -1.420518e-02 -7.953468e-02 9.967309e-01 -2.208332e+01
7.667631e-01 -6.403444e-01 -4.509326e-02 5.516581e+02 6.418173e-01 7.634180e-01 7.255106e-02 1.767447e+02 -1.203266e-02 -8.457112e-02 9.963448e-01 -2.228924e+01
7.645133e-01 -6.431450e-01 -4.340577e-02 5.535919e+02 6.444724e-01 7.612362e-01 7.193498e-02 1.783443e+02 -1.322258e-02 -8.296907e-02 9.964644e-01 -2.251463e+01
7.619560e-01 -6.461891e-01 -4.315895e-02 5.555327e+02 6.475009e-01 7.587873e-01 7.060174e-02 1.799577e+02 -1.287362e-02 -8.174088e-02 9.965705e-01 -2.272242e+01
7.594876e-01 -6.492192e-01 -4.114560e-02 5.574599e+02 6.503206e-01 7.561599e-01 7.283892e-02 1.815796e+02 -1.617578e-02 -8.207809e-02 9.964947e-01 -2.292965e+01
7.573246e-01 -6.516629e-01 -4.236615e-02 5.593892e+02 6.528485e-01 7.539434e-01 7.319922e-02 1.832102e+02 -1.575954e-02 -8.309425e-02 9.964170e-01 -2.314374e+01
7.551785e-01 -6.542326e-01 -4.105022e-02 5.613051e+02 6.553295e-01 7.519718e-01 7.128373e-02 1.848362e+02 -1.576752e-02 -8.073336e-02 9.966110e-01 -2.338726e+01
7.534370e-01 -6.562032e-01 -4.159322e-02 5.632319e+02 6.573541e-01 7.503167e-01 7.007429e-02 1.864894e+02 -1.477489e-02 -8.013804e-02 9.966742e-01 -2.356316e+01
7.521953e-01 -6.575063e-01 -4.344707e-02 5.651404e+02 6.588039e-01 7.490618e-01 6.988438e-02 1.881244e+02 -1.340488e-02 -8.118980e-02 9.966085e-01 -2.379753e+01
7.514982e-01 -6.581480e-01 -4.573530e-02 5.670477e+02 6.596071e-01 7.481788e-01 7.174159e-02 1.897709e+02 -1.299839e-02 -8.408100e-02 9.963741e-01 -2.401028e+01
7.505645e-01 -6.590734e-01 -4.770068e-02 5.689602e+02 6.607107e-01 7.473397e-01 7.032052e-02 1.914372e+02 -1.069777e-02 -8.429642e-02 9.963833e-01 -2.419446e+01
7.489198e-01 -6.611069e-01 -4.535032e-02 5.708687e+02 6.625347e-01 7.456878e-01 7.069200e-02 1.930956e+02 -1.291779e-02 -8.298880e-02 9.964668e-01 -2.443722e+01
7.471220e-01 -6.631910e-01 -4.456845e-02 5.727751e+02 6.645460e-01 7.439021e-01 7.062921e-02 1.947648e+02 -1.368609e-02 -8.238642e-02 9.965065e-01 -2.461934e+01
7.444652e-01 -6.662018e-01 -4.412070e-02 5.746643e+02 6.674812e-01 7.411028e-01 7.235669e-02 1.964307e+02 -1.550618e-02 -8.331678e-02 9.964024e-01 -2.485672e+01
7.417678e-01 -6.691856e-01 -4.439771e-02 5.765538e+02 6.704863e-01 7.384599e-01 7.158704e-02 1.981115e+02 -1.511908e-02 -8.286902e-02 9.964458e-01 -2.506757e+01
7.388660e-01 -6.725002e-01 -4.266902e-02 5.784351e+02 6.736608e-01 7.356635e-01 7.057179e-02 1.998001e+02 -1.606950e-02 -8.088753e-02 9.965937e-01 -2.529225e+01
7.359881e-01 -6.756681e-01 -4.235677e-02 5.803199e+02 6.768081e-01 7.328762e-01 6.945052e-02 2.014897e+02 -1.588323e-02 -7.978217e-02 9.966857e-01 -2.547461e+01
7.331433e-01 -6.787816e-01 -4.190867e-02 5.821840e+02 6.798819e-01 7.300777e-01 6.889790e-02 2.031926e+02 -1.617005e-02 -7.900499e-02 9.967431e-01 -2.565854e+01
7.297980e-01 -6.825107e-01 -3.967455e-02 5.840213e+02 6.833921e-01 7.266467e-01 7.042661e-02 2.048880e+02 -1.923753e-02 -7.851048e-02 9.967276e-01 -2.594602e+01
