1.000000e+00 0.000000e+00 0.000000e+00 0.000000e+00 0.000000e+00 1.000000e+00 0.000000e+00 0.000000e+00 0.000000e+00 0.000000e+00 1.000000e+00 0.000000e+00
9.999906e-01 3.937719e-03 1.799648e-03 1.195201e+00 -3.941936e-03 9.999895e-01 2.345685e-03 -5.326249e-02 -1.790392e-03 -2.352757e-03 9.999956e-01 -1.223573e-02
9.999750e-01 6.891496e-03 1.579180e-03 2.143238e+00 -6.896448e-03 9.999712e-01 3.152842e-03 -6.389280e-02 -1.557407e-03 -3.163654e-03 9.999938e-01 -1.151678e-02
9.999467e-01 9.664307e-03 3.631877e-03 3.083057e+00 -9.673283e-03 9.999503e-01 2.462109e-03 -8.946902e-02 -3.607901e-03 -2.497110e-03 9.999903e-01 -2.956494e-02
9.999126e-01 1.275006e-02 3.514492e-03 4.006650e+00 -1.275778e-02 9.999162e-01 2.182047e-03 -1.106623e-01 -3.486377e-03 -2.226693e-03 9.999914e-01 -4.038713e-02
9.998664e-01 1.568217e-02 4.601422e-03 4.942619e+00 -1.569384e-02 9.998736e-01 2.510634e-03 -1.433230e-01 -4.561468e-03 -2.582512e-03 9.999863e-01 -6.249483e-02
9.998121e-01 1.916437e-02 2.901071e-03 5.887722e+00 -1.917479e-02 9.998095e-01 3.605009e-03 -1.629983e-01 -2.831431e-03 -3.659960e-03 9.999893e-01 -7.020728e-02
9.997482e-01 2.233109e-02 2.204841e-03 6.852345e+00 -2.233909e-02 9.997437e-01 3.676655e-03 -1.947797e-01 -2.122172e-03 -3.724983e-03 9.999908e-01 -7.401214e-02
9.996566e-01 2.589828e-02 3.995114e-03 7.827264e+00 -2.590945e-02 9.996605e-01 2.768429e-03 -2.337967e-01 -3.922060e-03 -2.870989e-03 9.999882e-01 -8.952001e-02
9.995410e-01 3.027773e-02 1.040654e-03 8.812162e+00 -3.028059e-02 9.995372e-01 2.849710e-03 -2.703551e-01 -9.538902e-04 -2.879914e-03 9.999954e-01 -1.215542e-01
9.993849e-01 3.492362e-02 3.170518e-03 9.817247e+00 -3.493369e-02 9.993845e-01 3.179024e-03 -3.318093e-01 -3.057544e-03 -3.287827e-03 9.999899e-01 -1.170183e-01
9.992583e-01 3.835969e-02 3.360922e-03 1.082133e+01 -3.836678e-02 9.992615e-01 2.070950e-03 -3.772678e-01 -3.278999e-03 -2.198362e-03 9.999922e-01 -1.176573e-01
9.991208e-01 4.174142e-02 3.907018e-03 1.185303e+01 -4.174705e-02 9.991274e-01 1.368686e-03 -4.332398e-01 -3.846477e-03 -1.530589e-03 9.999914e-01 -1.713751e-01
9.990292e-01 4.398819e-02 -2.397758e-03 1.288976e+01 -4.398653e-02 9.990319e-01 7.404793e-04 -4.857833e-01 2.428008e-03 -6.342914e-04 9.999968e-01 -1.915985e-01
9.988896e-01 4.708754e-02 -1.558468e-03 1.393640e+01 -4.708137e-02 9.988837e-01 3.788165e-03 -5.308434e-01 1.735104e-03 -3.710583e-03 9.999916e-01 -1.684811e-01
9.987115e-01 5.045225e-02 -5.477041e-03 1.501042e+01 -5.046344e-02 9.987242e-01 -1.924894e-03 -6.001145e-01 5.372938e-03 2.198804e-03 9.999831e-01 -1.529690e-01
9.984890e-01 5.494494e-02 -9.499213e-04 1.607491e+01 -5.494812e-02 9.984821e-01 -3.730286e-03 -6.710625e-01 7.435192e-04 3.776846e-03 9.999926e-01 -2.276004e-01
9.983483e-01 5.716700e-02 -5.707996e-03 1.715706e+01 -5.718088e-02 9.983611e-01 -2.298441e-03 -7.603252e-01 5.567247e-03 2.621033e-03 9.999810e-01 -2.201483e-01
9.981709e-01 6.037787e-02 3.065410e-03 1.822768e+01 -6.039019e-02 9.981666e-01 4.099063e-03 -8.384424e-01 -2.812296e-03 -4.276686e-03 9.999869e-01 -1.980810e-01
9.979588e-01 6.377770e-02 -3.276198e-03 1.933264e+01 -6.375034e-02 9.979349e-01 7.866576e-03 -8.970585e-01 3.771144e-03 -7.641660e-03 9.999637e-01 -2.368851e-01
9.976960e-01 6.777034e-02 3.150789e-03 2.044541e+01 -6.778417e-02 9.976900e-01 4.511642e-03 -1.017256e+00 -2.837755e-03 -4.714821e-03 9.999849e-01 -2.670154e-01
9.975283e-01 7.015402e-02 -3.976446e-03 2.156827e+01 -7.013268e-02 9.975237e-01 5.273954e-03 -1.066377e+00 4.336588e-03 -4.982039e-03 9.999782e-01 -2.453761e-01
9.973509e-01 7.274093e-02 5.645209e-05 2.268379e+01 -7.273985e-02 9.973310e-01 6.310316e-03 -1.181871e+00 4.027169e-04 -6.297706e-03 9.999801e-01 -3.172811e-01
9.971153e-01 7.589629e-02 -9.002708e-04 2.381108e+01 -7.588422e-02 9.970706e-01 9.589531e-03 -1.272250e+00 1.625443e-03 -9.493553e-03 9.999536e-01 -2.887034e-01
9.968203e-01 7.967878e-02 8.091556e-04 2.495834e+01 -7.968269e-02 9.967897e-01 7.822185e-03 -1.379044e+00 -1.832957e-04 -7.861788e-03 9.999691e-01 -3.359351e-01
9.965652e-01 8.279913e-02 -1.458038e-03 2.611247e+01 -8.278894e-02 9.965488e-01 6.033879e-03 -1.496963e+00 1.952606e-03 -5.892445e-03 9.999807e-01 -3.774127e-01
9.963414e-01 8.541235e-02 2.924772e-03 2.726431e+01 -8.542463e-02 9.963349e-01 4.365805e-03 -1.599331e+00 -2.541160e-03 -4.599680e-03 9.999862e-01 -3.722080e-01
9.960899e-01 8.834033e-02 -9.488652e-04 2.842959e+01 -8.833406e-02 9.960766e-01 5.349633e-03 -1.722937e+00 1.417731e-03 -5.244898e-03 9.999852e-01 -4.135846e-01
9.958632e-01 9.086282e-02 6.234599e-04 2.960825e+01 -9.086481e-02 9.958502e-01 5.085282e-03 -1.836274e+00 -1.588097e-04 -5.120896e-03 9.999869e-01 -4.346509e-01
9.955834e-01 9.378761e-02 -4.196406e-03 3.080410e+01 -9.376800e-02 9.955834e-01 4.647380e-03 -1.952135e+00 4.613738e-03 -4.233366e-03 9.999804e-01 -4.315807e-01
9.953026e-01 9.677995e-02 -2.514185e-03 3.199073e+01 -9.677153e-02 9.953011e-01 3.280626e-03 -2.083205e+00 2.819870e-03 -3.021914e-03 9.999915e-01 -4.673145e-01
9.949678e-01 1.000454e-01 -5.482272e-03 3.319279e+01 -1.000284e-01 9.949791e-01 3.297829e-03 -2.209064e+00 5.784679e-03 -2.732850e-03 9.999796e-01 -4.704984e-01
9.945686e-01 1.039459e-01 -5.340797e-03 3.440117e+01 -1.039227e-01 9.945754e-01 4.450483e-03 -2.356496e+00 5.774435e-03 -3.871280e-03 9.999759e-01 -5.166321e-01
9.941307e-01 1.080563e-01 -5.285091e-03 3.561726e+01 -1.080260e-01 9.941317e-01 5.714272e-03 -2.497064e+00 5.871539e-03 -5.109807e-03 9.999697e-01 -5.070582e-01
9.936675e-01 1.121984e-01 -6.032294e-03 3.684933e+01 -1.121670e-01 9.936752e-01 5.315769e-03 -2.640195e+00 6.590561e-03 -4.605483e-03 9.999677e-01 -5.421921e-01
9.931141e-01 1.170910e-01 -3.755983e-03 3.809359e+01 -1.170701e-01 9.931091e-01 5.364805e-03 -2.805964e+00 4.358271e-03 -4.888150e-03 9.999785e-01 -5.596470e-01
9.924769e-01 1.223315e-01 -4.958698e-03 3.932793e+01 -1.223074e-01 9.924803e-01 4.897801e-03 -2.975375e+00 5.520565e-03 -4.254468e-03 9.999757e-01 -5.760515e-01
9.917550e-01 1.280364e-01 -5.353132e-03 4.058028e+01 -1.280040e-01 9.917555e-01 6.009211e-03 -3.151699e+00 6.078396e-03 -5.274443e-03 9.999676e-01 -6.204569e-01
9.909469e-01 1.340314e-01 -7.727438e-03 4.181693e+01 -1.339645e-01 9.909488e-01 8.614650e-03 -3.332078e+00 8.812129e-03 -7.501459e-03 9.999331e-01 -6.225278e-01
9.899676e-01 1.411767e-01 -5.757630e-03 4.307883e+01 -1.410981e-01 9.899188e-01 1.232779e-02 -3.532987e+00 7.439984e-03 -1.139172e-02 9.999074e-01 -6.663256e-01
9.890101e-01 1.476369e-01 -7.897194e-03 4.435176e+01 -1.475124e-01 9.889535e-01 1.453101e-02 -3.722148e+00 9.955270e-03 -1.320638e-02 9.998632e-01 -6.776006e-01
9.880279e-01 1.542394e-01 -3.325805e-03 4.563663e+01 -1.541899e-01 9.879684e-01 1.198436e-02 -3.934026e+00 5.134253e-03 -1.132808e-02 9.999226e-01 -7.208634e-01
9.870024e-01 1.605916e-01 -6.047302e-03 4.691154e+01 -1.605235e-01 9.869770e-01 1.043140e-02 -4.169964e+00 7.643742e-03 -9.325084e-03 9.999273e-01 -7.544881e-01
9.858139e-01 1.678184e-01 -2.831769e-03 4.820782e+01 -1.677944e-01 9.857953e-01 7.253992e-03 -4.404718e+00 4.008899e-03 -6.675932e-03 9.999697e-01 -7.754127e-01
9.847864e-01 1.737514e-01 -2.482514e-03 4.949908e+01 -1.737195e-01 9.847462e-01 9.826649e-03 -4.643091e+00 4.152040e-03 -9.245889e-03 9.999486e-01 -8.044366e-01
9.836489e-01 1.800953e-01 6.925152e-04 5.081345e+01 -1.800928e-01 9.835955e-01 1.030881e-02 -4.901154e+00 1.175413e-03 -1.026496e-02 9.999466e-01 -8.300020e-01
9.825567e-01 1.859413e-01 2.861779e-03 5.212347e+01 -1.859614e-01 9.824997e-01 1.061241e-02 -5.168988e+00 -8.384122e-04 -1.095947e-02 9.999396e-01 -8.517095e-01
9.815477e-01 1.911205e-01 6.100571e-03 5.344816e+01 -1.911773e-01 9.814968e-01 1.073971e-02 -5.440799e+00 -3.935111e-03 -1.170783e-02 9.999237e-01 -8.971760e-01
9.807277e-01 1.952748e-01 6.398793e-03 5.479150e+01 -1.953506e-01 9.806205e-01 1.488406e-02 -5.713275e+00 -3.368306e-03 -1.584722e-02 9.998688e-01 -9.323980e-01
9.800425e-01 1.986929e-01 6.154990e-03 5.613281e+01 -1.987704e-01 9.798989e-01 1.697558e-02 -5.992151e+00 -2.658342e-03 -1.786022e-02 9.998370e-01 -9.610201e-01
9.796175e-01 2.008264e-01 4.287445e-03 5.747637e+01 -2.008717e-01 9.794393e-01 1.868966e-02 -6.279005e+00 -4.459139e-04 -1.916995e-02 9.998161e-01 -1.019662e+00
9.792607e-01 2.026021e-01 9.269487e-04 5.882500e+01 -2.025817e-01 9.790739e-01 1.936801e-02 -6.563943e+00 3.016447e-03 -1.915411e-02 9.998120e-01 -1.046087e+00
9.789142e-01 2.042720e-01 -8.461531e-05 6.018577e+01 -2.042217e-01 9.786828e-01 2.176745e-02 -6.856384e+00 4.529291e-03 -2.129119e-02 9.997631e-01 -1.097274e+00
9.786908e-01 2.053119e-01 -3.364779e-03 6.155256e+01 -2.052047e-01 9.785109e-01 2.019700e-02 -7.156034e+00 7.439157e-03 -1.907615e-02 9.997904e-01 -1.164498e+00
9.784742e-01 2.063431e-01 -3.276633e-03 6.293304e+01 -2.062337e-01 9.782840e-01 2.068865e-02 -7.455355e+00 7.474438e-03 -1.956756e-02 9.997806e-01 -1.195698e+00
9.782792e-01 2.072321e-01 -4.970423e-03 6.430946e+01 -2.070875e-01 9.780986e-01 2.093110e-02 -7.760566e+00 9.199158e-03 -1.944714e-02 9.997686e-01 -1.229993e+00
9.783601e-01 2.068966e-01 -2.331945e-03 6.571854e+01 -2.068085e-01 9.781717e-01 2.025400e-02 -8.063425e+00 6.471526e-03 -1.933344e-02 9.997922e-01 -1.268778e+00
9.787514e-01 2.050450e-01 -1.480521e-03 6.711740e+01 -2.049828e-01 9.785888e-01 1.860661e-02 -8.371782e+00 5.264014e-03 -1.790777e-02 9.998258e-01 -1.322212e+00
9.792363e-01 2.027199e-01 -9.172783e-04 6.852289e+01 -2.026654e-01 9.790598e-01 1.920230e-02 -8.679391e+00 4.790759e-03 -1.861769e-02 9.998152e-01 -1.377255e+00
9.795493e-01 2.012034e-01 -6.370409e-04 6.993383e+01 -2.011460e-01 9.793363e-01 2.099621e-02 -8.987015e+00 4.848387e-03 -2.043869e-02 9.997793e-01 -1.422323e+00
9.798730e-01 1.995957e-01 -3.229467e-03 7.135889e+01 -1.994854e-01 9.796733e-01 2.111596e-02 -9.290195e+00 7.378478e-03 -2.004673e-02 9.997718e-01 -1.468435e+00
9.802513e-01 1.977329e-01 -3.003470e-03 7.279616e+01 -1.976386e-01 9.800805e-01 1.952656e-02 -9.587679e+00 6.804687e-03 -1.854734e-02 9.998049e-01 -1.518228e+00
9.805783e-01 1.961108e-01 -2.593643e-03 7.423952e+01 -1.960419e-01 9.804544e-01 1.663993e-02 -9.890547e+00 5.806218e-03 -1.580830e-02 9.998582e-01 -1.546435e+00
9.809506e-01 1.942432e-01 -2.350957e-03 7.567122e+01 -1.941866e-01 9.808481e-01 1.512348e-02 -1.019040e+01 5.243564e-03 -1.437886e-02 9.998829e-01 -1.607862e+00
9.812908e-01 1.925129e-01 -2.677909e-03 7.710847e+01 -1.924456e-01 9.811734e-01 1.623190e-02 -1.049488e+01 5.752345e-03 -1.541286e-02 9.998647e-01 -1.632170e+00
9.816110e-01 1.908902e-01 -9.472360e-04 7.854277e+01 -1.908326e-01 9.814149e-01 2.019591e-02 -1.079043e+01 4.784832e-03 -1.964376e-02 9.997956e-01 -1.720783e+00
9.818943e-01 1.894210e-01 -1.795211e-03 7.997456e+01 -1.893342e-01 9.816567e-01 2.242047e-02 -1.108518e+01 6.009189e-03 -2.167464e-02 9.997470e-01 -1.748115e+00
9.821894e-01 1.878668e-01 -3.185676e-03 8.141069e+01 -1.877370e-01 9.819212e-01 2.419716e-02 -1.137216e+01 7.673926e-03 -2.316812e-02 9.997022e-01 -1.807160e+00
9.825252e-01 1.861208e-01 -1.816473e-03 8.283316e+01 -1.860213e-01 9.822392e-01 2.454188e-02 -1.166656e+01 6.351966e-03 -2.377511e-02 9.996971e-01 -1.886337e+00
9.828249e-01 1.845186e-01 -2.855709e-03 8.427950e+01 -1.843818e-01 9.825032e-01 2.628423e-02 -1.195184e+01 7.655671e-03 -2.530625e-02 9.996504e-01 -1.927744e+00
9.830700e-01 1.832293e-01 6.796659e-04 8.571065e+01 -1.831936e-01 9.827905e-01 2.373319e-02 -1.223335e+01 3.680647e-03 -2.345590e-02 9.997181e-01 -2.001864e+00
9.834500e-01 1.811793e-01 -4.223346e-04 8.713274e+01 -1.811304e-01 9.832340e-01 2.104301e-02 -1.252689e+01 4.227811e-03 -2.061825e-02 9.997785e-01 -2.066720e+00
9.837202e-01 1.796947e-01 2.102670e-03 8.856353e+01 -1.796983e-01 9.834896e-01 2.137073e-02 -1.280280e+01 1.772254e-03 -2.140067e-02 9.997694e-01 -2.090392e+00
9.841034e-01 1.775897e-01 -1.553309e-03 8.998788e+01 -1.775026e-01 9.838301e-01 2.390694e-02 -1.307988e+01 5.773818e-03 -2.325119e-02 9.997130e-01 -2.187836e+00
9.842860e-01 1.765634e-01 -2.548336e-03 9.141885e+01 -1.764643e-01 9.840549e-01 2.227451e-02 -1.334760e+01 6.440565e-03 -2.147480e-02 9.997486e-01 -2.231479e+00
9.845685e-01 1.747673e-01 -9.007648e-03 9.285106e+01 -1.745531e-01 9.844297e-01 2.072209e-02 -1.360895e+01 1.248894e-02 -1.883001e-02 9.997447e-01 -2.294533e+00
9.848987e-01 1.729880e-01 -7.052764e-03 9.426736e+01 -1.728340e-01 9.847770e-01 1.851789e-02 -1.387839e+01 1.014877e-02 -1.701928e-02 9.998037e-01 -2.334364e+00
9.852817e-01 1.706014e-01 -1.072905e-02 9.569597e+01 -1.703843e-01 9.852011e-01 1.865160e-02 -1.413627e+01 1.375226e-02 -1.654902e-02 9.997685e-01 -2.362736e+00
9.858824e-01 1.672236e-01 -8.495291e-03 9.710704e+01 -1.670557e-01 9.857894e-01 1.765047e-02 -1.439458e+01 1.132614e-02 -1.598210e-02 9.998081e-01 -2.458339e+00
9.864183e-01 1.639554e-01 -9.879238e-03 9.852187e+01 -1.637787e-01 9.863571e-01 1.662469e-02 -1.465104e+01 1.247016e-02 -1.478089e-02 9.998130e-01 -2.480060e+00
9.868951e-01 1.611321e-01 -8.626922e-03 9.994701e+01 -1.609566e-01 9.867940e-01 1.818317e-02 -1.489463e+01 1.144289e-02 -1.655632e-02 9.997975e-01 -2.523963e+00
9.874017e-01 1.579147e-01 -1.004368e-02 1.013628e+02 -1.577234e-01 9.873263e-01 1.761379e-02 -1.513235e+01 1.269787e-02 -1.580776e-02 9.997944e-01 -2.585829e+00
9.878159e-01 1.553930e-01 -8.527501e-03 1.027741e+02 -1.552246e-01 9.877198e-01 1.775388e-02 -1.537078e+01 1.118161e-02 -1.621389e-02 9.998060e-01 -2.624099e+00
9.883322e-01 1.519483e-01 -1.054140e-02 1.041828e+02 -1.517742e-01 9.882904e-01 1.571013e-02 -1.560356e+01 1.280509e-02 -1.392691e-02 9.998210e-01 -2.682315e+00
9.888901e-01 1.484364e-01 -7.940732e-03 1.055788e+02 -1.483035e-01 9.888234e-01 1.530181e-02 -1.582838e+01 1.012333e-02 -1.395417e-02 9.998514e-01 -2.738814e+00
9.893302e-01 1.452282e-01 -1.160114e-02 1.069816e+02 -1.450423e-01 9.893037e-01 1.552542e-02 -1.605387e+01 1.373178e-02 -1.367711e-02 9.998122e-01 -2.772691e+00
9.898376e-01 1.417211e-01 -1.168591e-02 1.083681e+02 -1.415527e-01 9.898294e-01 1.416430e-02 -1.626676e+01 1.357443e-02 -1.236619e-02 9.998314e-01 -2.824736e+00
9.902806e-01 1.383573e-01 -1.419568e-02 1.097510e+02 -1.381644e-01 9.903134e-01 1.377594e-02 -1.647565e+01 1.596417e-02 -1.168071e-02 9.998043e-01 -2.857740e+00
9.907765e-01 1.346671e-01 -1.505506e-02 1.111375e+02 -1.344557e-01 9.908167e-01 1.427441e-02 -1.667728e+01 1.683910e-02 -1.211852e-02 9.997848e-01 -2.917424e+00
9.913273e-01 1.303675e-01 -1.656686e-02 1.125145e+02 -1.301646e-01 9.914099e-01 1.278831e-02 -1.686784e+01 1.809173e-02 -1.052098e-02 9.997810e-01 -2.951733e+00
9.918917e-01 1.259912e-01 -1.664770e-02 1.138684e+02 -1.258121e-01 9.919884e-01 1.140367e-02 -1.705766e+01 1.795109e-02 -9.216722e-03 9.997964e-01 -3.009006e+00
9.924358e-01 1.214257e-01 -1.808241e-02 1.152296e+02 -1.212513e-01 9.925667e-01 1.045540e-02 -1.723932e+01 1.921755e-02 -8.183798e-03 9.997818e-01 -3.022830e+00
9.929929e-01 1.163977e-01 -2.041321e-02 1.165777e+02 -1.162225e-01 9.931771e-01 9.574596e-03 -1.740095e+01 2.138840e-02 -7.135032e-03 9.997458e-01 -3.089082e+00
9.935904e-01 1.113191e-01 -1.965169e-02 1.179126e+02 -1.111296e-01 9.937507e-01 1.048647e-02 -1.757025e+01 2.069622e-02 -8.235374e-03 9.997519e-01 -3.129336e+00
9.941121e-01 1.061352e-01 -2.182693e-02 1.192630e+02 -1.059044e-01 9.943100e-01 1.147474e-02 -1.772146e+01 2.292061e-02 -9.095611e-03 9.996959e-01 -3.142682e+00
9.947685e-01 9.958227e-02 -2.278187e-02 1.205843e+02 -9.935598e-02 9.949926e-01 1.086106e-02 -1.786061e+01 2.374937e-02 -8.540723e-03 9.996815e-01 -3.190372e+00
9.955100e-01 9.226647e-02 -2.113795e-02 1.219174e+02 -9.203592e-02 9.956878e-01 1.163409e-02 -1.799257e+01 2.212023e-02 -9.636400e-03 9.997089e-01 -3.245347e+00
9.961131e-01 8.448847e-02 -2.490873e-02 1.232545e+02 -8.420231e-02 9.963725e-01 1.232388e-02 -1.811573e+01 2.585960e-02 -1.017861e-02 9.996138e-01 -3.290040e+00
9.967629e-01 7.651159e-02 -2.469388e-02 1.245771e+02 -7.623065e-02 9.970164e-01 1.212617e-02 -1.822398e+01 2.554800e-02 -1.020448e-02 9.996215e-01 -3.318945e+00
9.972885e-01 6.769719e-02 -2.885785e-02 1.259055e+02 -6.737348e-02 9.976550e-01 1.204690e-02 -1.831256e+01 2.960572e-02 -1.006998e-02 9.995109e-01 -3.351587e+00
9.977813e-01 5.961167e-02 -2.964643e-02 1.272085e+02 -5.932269e-02 9.981831e-01 1.053428e-02 -1.840810e+01 3.022053e-02 -8.752204e-03 9.995049e-01 -3.402221e+00
9.981716e-01 5.124123e-02 -3.205815e-02 1.285283e+02 -5.090527e-02 9.986405e-01 1.120991e-02 -1.849195e+01 3.258898e-02 -9.557487e-03 9.994231e-01 -3.447026e+00
9.985162e-01 4.295374e-02 -3.347112e-02 1.298441e+02 -4.263172e-02 9.990380e-01 1.027648e-02 -1.855814e+01 3.388034e-02 -8.834301e-03 9.993868e-01 -3.479535e+00
9.986221e-01 3.540754e-02 -3.873309e-02 1.311509e+02 -3.509745e-02 9.993464e-01 8.657057e-03 -1.861596e+01 3.901430e-02 -7.285696e-03 9.992121e-01 -3.506454e+00
9.987289e-01 2.881580e-02 -4.135379e-02 1.324472e+02 -2.839207e-02 9.995384e-01 1.079760e-02 -1.866164e+01 4.164584e-02 -9.609760e-03 9.990862e-01 -3.561400e+00
9.987572e-01 2.267150e-02 -4.438629e-02 1.337566e+02 -2.230960e-02 9.997140e-01 8.631861e-03 -1.870749e+01 4.456929e-02 -7.630892e-03 9.989771e-01 -3.571994e+00
9.988430e-01 1.730110e-02 -4.487032e-02 1.350455e+02 -1.698355e-02 9.998280e-01 7.448902e-03 -1.873665e+01 4.499147e-02 -6.678226e-03 9.989650e-01 -3.620490e+00
9.988178e-01 1.233253e-02 -4.702009e-02 1.363467e+02 -1.198294e-02 9.998986e-01 7.709459e-03 -1.876502e+01 4.711039e-02 -7.136906e-03 9.988642e-01 -3.641499e+00
9.988715e-01 7.668498e-03 -4.687085e-02 1.376440e+02 -7.222166e-03 9.999269e-01 9.684522e-03 -1.878753e+01 4.694170e-02 -9.335084e-03 9.988540e-01 -3.675678e+00
9.987838e-01 2.290846e-03 -4.925187e-02 1.389453e+02 -1.833047e-03 9.999548e-01 9.338217e-03 -1.880160e+01 4.927103e-02 -9.236578e-03 9.987428e-01 -3.715819e+00
9.988412e-01 -2.977259e-03 -4.803655e-02 1.402459e+02 3.338887e-03 9.999666e-01 7.449699e-03 -1.881172e+01 4.801277e-02 -7.601454e-03 9.988178e-01 -3.746234e+00
9.987044e-01 -9.078015e-03 -5.007080e-02 1.415446e+02 9.469327e-03 9.999264e-01 7.583508e-03 -1.881399e+01 4.999826e-02 -8.047819e-03 9.987169e-01 -3.778510e+00
9.986184e-01 -1.510619e-02 -5.033107e-02 1.428385e+02 1.556285e-02 9.998411e-01 8.693597e-03 -1.879701e+01 5.019175e-02 -9.464881e-03 9.986948e-01 -3.804834e+00
9.983709e-01 -2.146866e-02 -5.286450e-02 1.441428e+02 2.206977e-02 9.996979e-01 1.081334e-02 -1.877960e+01 5.261639e-02 -1.196243e-02 9.985431e-01 -3.846479e+00
9.981804e-01 -2.845571e-02 -5.316188e-02 1.454391e+02 2.906162e-02 9.995208e-01 1.065918e-02 -1.874353e+01 5.283309e-02 -1.218475e-02 9.985290e-01 -3.877135e+00
9.978088e-01 -3.540898e-02 -5.589069e-02 1.467410e+02 3.605794e-02 9.992929e-01 1.064534e-02 -1.871094e+01 5.547424e-02 -1.263732e-02 9.983801e-01 -3.906491e+00
9.975844e-01 -4.142237e-02 -5.576339e-02 1.480509e+02 4.205099e-02 9.990640e-01 1.014675e-02 -1.866128e+01 5.529089e-02 -1.246714e-02 9.983925e-01 -3.948771e+00
9.971543e-01 -4.669444e-02 -5.918545e-02 1.493475e+02 4.740846e-02 9.988180e-01 1.071728e-02 -1.860973e+01 5.861506e-02 -1.349267e-02 9.981894e-01 -3.975287e+00
9.969465e-01 -5.083637e-02 -5.927382e-02 1.506709e+02 5.156955e-02 9.986099e-01 1.090508e-02 -1.855646e+01 5.863705e-02 -1.392851e-02 9.981822e-01 -4.009780e+00
9.965739e-01 -5.553509e-02 -6.128974e-02 1.519988e+02 5.630029e-02 9.983552e-01 1.082802e-02 -1.850293e+01 6.058759e-02 -1.424156e-02 9.980613e-01 -4.034465e+00
9.964217e-01 -6.056395e-02 -5.895576e-02 1.533222e+02 6.127894e-02 9.980667e-01 1.039439e-02 -1.843725e+01 5.821224e-02 -1.396994e-02 9.982065e-01 -4.080139e+00
9.959835e-01 -6.604866e-02 -6.045193e-02 1.546514e+02 6.678318e-02 9.977155e-01 1.020963e-02 -1.836048e+01 5.963948e-02 -1.420580e-02 9.981189e-01 -4.112365e+00
9.956559e-01 -7.163234e-02 -5.948221e-02 1.559829e+02 7.234648e-02 9.973300e-01 9.937692e-03 -1.828339e+01 5.861153e-02 -1.419785e-02 9.981799e-01 -4.143701e+00
9.951705e-01 -7.705229e-02 -6.081674e-02 1.573163e+02 7.773737e-02 9.969336e-01 8.976758e-03 -1.818805e+01 5.993856e-02 -1.366114e-02 9.981086e-01 -4.178292e+00
9.947638e-01 -8.273481e-02 -5.999952e-02 1.586520e+02 8.329232e-02 9.965016e-01 6.847054e-03 -1.808878e+01 5.922313e-02 -1.180870e-02 9.981749e-01 -4.203070e+00
9.942933e-01 -8.847717e-02 -5.960404e-02 1.599888e+02 8.904191e-02 9.960042e-01 6.881168e-03 -1.798043e+01 5.875704e-02 -1.214916e-02 9.981984e-01 -4.225984e+00
9.936535e-01 -9.430128e-02 -6.131957e-02 1.613292e+02 9.502222e-02 9.954350e-01 8.942484e-03 -1.786642e+01 6.019636e-02 -1.471245e-02 9.980781e-01 -4.252215e+00
9.930937e-01 -1.007512e-01 -6.011806e-02 1.626806e+02 1.015924e-01 9.947643e-01 1.109469e-02 -1.773497e+01 5.868550e-02 -1.712560e-02 9.981296e-01 -4.317616e+00
9.924086e-01 -1.074223e-01 -5.987989e-02 1.640407e+02 1.082252e-01 9.940727e-01 1.032227e-02 -1.760553e+01 5.841613e-02 -1.672442e-02 9.981522e-01 -4.323861e+00
9.915736e-01 -1.147077e-01 -6.020000e-02 1.653804e+02 1.155608e-01 9.932410e-01 1.087487e-02 -1.745662e+01 5.854566e-02 -1.773999e-02 9.981271e-01 -4.356711e+00
9.908277e-01 -1.220791e-01 -5.794029e-02 1.667282e+02 1.230148e-01 9.923215e-01 1.285356e-02 -1.730365e+01 5.592624e-02 -1.986317e-02 9.982373e-01 -4.416338e+00
9.898179e-01 -1.293996e-01 -5.929877e-02 1.680853e+02 1.304737e-01 9.913445e-01 1.459765e-02 -1.713980e+01 5.689657e-02 -2.218595e-02 9.981335e-01 -4.431175e+00
9.888321e-01 -1.369316e-01 -5.882810e-02 1.694406e+02 1.380361e-01 9.903117e-01 1.512052e-02 -1.696653e+01 5.618769e-02 -2.307206e-02 9.981536e-01 -4.472536e+00
9.877880e-01 -1.445395e-01 -5.816485e-02 1.708027e+02 1.455858e-01 9.892443e-01 1.415051e-02 -1.678146e+01 5.549394e-02 -2.244568e-02 9.982067e-01 -4.505902e+00
9.868567e-01 -1.519378e-01 -5.503453e-02 1.721768e+02 1.527966e-01 9.881881e-01 1.172349e-02 -1.658852e+01 5.260322e-02 -1.997849e-02 9.984156e-01 -4.541796e+00
9.857978e-01 -1.593222e-01 -5.309648e-02 1.735309e+02 1.602025e-01 9.870020e-01 1.273125e-02 -1.637869e+01 5.037796e-02 -2.105663e-02 9.985082e-01 -4.608366e+00
9.847755e-01 -1.668204e-01 -4.886968e-02 1.748963e+02 1.676881e-01 9.857378e-01 1.419909e-02 -1.616511e+01 4.580400e-02 -2.217778e-02 9.987043e-01 -4.625171e+00
9.835522e-01 -1.740270e-01 -4.837161e-02 1.762669e+02 1.749967e-01 9.844297e-01 1.656039e-02 -1.594218e+01 4.473650e-02 -2.475288e-02 9.986921e-01 -4.659760e+00
9.821697e-01 -1.816936e-01 -4.826986e-02 1.776363e+02 1.827183e-01 9.830060e-01 1.770111e-02 -1.569287e+01 4.423338e-02 -2.620528e-02 9.986775e-01 -4.730318e+00
9.808747e-01 -1.889967e-01 -4.653041e-02 1.789985e+02 1.899927e-01 9.816211e-01 1.796419e-02 -1.544082e+01 4.228006e-02 -2.646106e-02 9.987553e-01 -4.750214e+00
9.792683e-01 -1.963833e-01 -4.967046e-02 1.803812e+02 1.973875e-01 9.801927e-01 1.614389e-02 -1.519021e+01 4.551623e-02 -2.561353e-02 9.986352e-01 -4.797033e+00
9.781287e-01 -2.033372e-01 -4.379691e-02 1.817531e+02 2.040769e-01 9.788672e-01 1.308977e-02 -1.492714e+01 4.020973e-02 -2.174141e-02 9.989547e-01 -4.847700e+00
9.766605e-01 -2.107577e-01 -4.141687e-02 1.831304e+02 2.113973e-01 9.773304e-01 1.167252e-02 -1.464751e+01 3.801790e-02 -2.015551e-02 9.990737e-01 -4.865509e+00
9.752745e-01 -2.180778e-01 -3.580059e-02 1.845005e+02 2.185301e-01 9.757868e-01 9.202205e-03 -1.436092e+01 3.292694e-02 -1.679818e-02 9.993166e-01 -4.890162e+00
9.735337e-01 -2.258542e-01 -3.495687e-02 1.858642e+02 2.263448e-01 9.739881e-01 1.072865e-02 -1.404988e+01 3.162446e-02 -1.835701e-02 9.993312e-01 -4.955191e+00
9.718866e-01 -2.330764e-01 -3.334489e-02 1.872327e+02 2.336286e-01 9.722295e-01 1.369768e-02 -1.373829e+01 2.922627e-02 -2.110291e-02 9.993500e-01 -4.982011e+00
9.699078e-01 -2.404589e-01 -3.819018e-02 1.886123e+02 2.412203e-01 9.703268e-01 1.669859e-02 -1.340136e+01 3.304163e-02 -2.540834e-02 9.991310e-01 -5.030004e+00
9.681686e-01 -2.475542e-01 -3.696701e-02 1.899906e+02 2.482056e-01 9.686042e-01 1.414249e-02 -1.307408e+01 3.230537e-02 -2.286773e-02 9.992164e-01 -5.070438e+00
9.662176e-01 -2.549936e-01 -3.744003e-02 1.913662e+02 2.556060e-01 9.667000e-01 1.251944e-02 -1.272940e+01 3.300090e-02 -2.166640e-02 9.992204e-01 -5.104895e+00
9.642309e-01 -2.627058e-01 -3.527727e-02 1.927164e+02 2.632432e-01 9.646611e-01 1.148591e-02 -1.236571e+01 3.101320e-02 -2.036157e-02 9.993116e-01 -5.153718e+00
9.622235e-01 -2.700177e-01 -3.487718e-02 1.940791e+02 2.705719e-01 9.626224e-01 1.219831e-02 -1.200638e+01 3.027980e-02 -2.117428e-02 9.993172e-01 -5.186972e+00
9.601112e-01 -2.771968e-01 -3.672056e-02 1.954216e+02 2.777958e-01 9.605619e-01 1.225818e-02 -1.163624e+01 3.187444e-02 -2.197003e-02 9.992504e-01 -5.226849e+00
9.580457e-01 -2.843152e-01 -3.624047e-02 1.967668e+02 2.849456e-01 9.584485e-01 1.350649e-02 -1.125146e+01 3.089452e-02 -2.326639e-02 9.992518e-01 -5.263654e+00
9.559322e-01 -2.915729e-01 -3.433557e-02 1.980967e+02 2.922134e-01 9.562308e-01 1.529929e-02 -1.086159e+01 2.837187e-02 -2.465840e-02 9.992933e-01 -5.327776e+00
9.536816e-01 -2.989816e-01 -3.318815e-02 1.994179e+02 2.996477e-01 9.538946e-01 1.721987e-02 -1.046209e+01 2.650957e-02 -2.636702e-02 9.993008e-01 -5.356179e+00
9.513754e-01 -3.062159e-01 -3.341706e-02 2.007481e+02 3.069633e-01 9.515104e-01 2.003829e-02 -1.004569e+01 2.566064e-02 -2.932175e-02 9.992406e-01 -5.425029e+00
9.489576e-01 -3.134973e-01 -3.462411e-02 2.020676e+02 3.143451e-01 9.490429e-01 2.246113e-02 -9.617522e+00 2.581826e-02 -3.219858e-02 9.991480e-01 -5.484597e+00
9.469039e-01 -3.191376e-01 -3.903911e-02 2.033842e+02 3.200519e-01 9.471928e-01 1.981528e-02 -9.205438e+00 3.065377e-02 -3.125771e-02 9.990412e-01 -5.446793e+00
9.451339e-01 -3.238736e-01 -4.275277e-02 2.046993e+02 3.247924e-01 9.456419e-01 1.646466e-02 -8.747611e+00 3.509634e-02 -2.944708e-02 9.989500e-01 -5.610546e+00
9.433826e-01 -3.292930e-01 -3.994165e-02 2.060018e+02 3.300287e-01 9.438772e-01 1.329930e-02 -8.297173e+00 3.332064e-02 -2.572822e-02 9.991135e-01 -5.759453e+00
9.418702e-01 -3.339582e-01 -3.677655e-02 2.072935e+02 3.348729e-01 9.420007e-01 2.223833e-02 -7.856338e+00 2.721687e-02 -3.326109e-02 9.990761e-01 -5.673800e+00
9.402750e-01 -3.367607e-01 -4.975055e-02 2.085897e+02 3.381706e-01 9.408016e-01 2.308219e-02 -7.432574e+00 3.903223e-02 -3.852778e-02 9.984949e-01 -5.605570e+00
9.397087e-01 -3.381104e-01 -5.127253e-02 2.098822e+02 3.394006e-01 9.404557e-01 1.872067e-02 -6.961881e+00 4.188989e-02 -3.499390e-02 9.985092e-01 -5.785087e+00
9.390396e-01 -3.401391e-01 -5.009985e-02 2.111718e+02 3.413497e-01 9.397689e-01 1.773939e-02 -6.492841e+00 4.104842e-02 -3.375955e-02 9.985867e-01 -5.883782e+00
9.383540e-01 -3.419747e-01 -5.044860e-02 2.124384e+02 3.434300e-01 9.388850e-01 2.347155e-02 -6.053298e+00 3.933876e-02 -3.935019e-02 9.984508e-01 -5.834981e+00
9.373893e-01 -3.430935e-01 -5.990138e-02 2.136909e+02 3.449436e-01 9.383272e-01 2.357866e-02 -5.599295e+00 4.811740e-02 -4.276498e-02 9.979258e-01 -5.925924e+00
9.374189e-01 -3.437248e-01 -5.567040e-02 2.149322e+02 3.453903e-01 9.381665e-01 2.343030e-02 -5.148304e+00 4.417453e-02 -4.119202e-02 9.981743e-01 -5.996922e+00
9.368995e-01 -3.441414e-01 -6.153153e-02 2.161638e+02 3.462383e-01 9.377536e-01 2.715183e-02 -4.714531e+00 4.835735e-02 -4.674311e-02 9.977357e-01 -6.012456e+00
9.369667e-01 -3.442165e-01 -6.007046e-02 2.173899e+02 3.462201e-01 9.377757e-01 2.661668e-02 -4.274431e+00 4.717072e-02 -4.573654e-02 9.978392e-01 -6.122952e+00
9.367038e-01 -3.450558e-01 -5.935089e-02 2.185913e+02 3.470702e-01 9.374344e-01 2.754468e-02 -3.844544e+00 4.613312e-02 -4.640013e-02 9.978571e-01 -6.148848e+00
9.365650e-01 -3.452533e-01 -6.038393e-02 2.197749e+02 3.473763e-01 9.372828e-01 2.882252e-02 -3.415197e+00 4.664575e-02 -4.797011e-02 9.977590e-01 -6.218360e+00
9.363497e-01 -3.459090e-01 -5.996796e-02 2.209208e+02 3.479507e-01 9.371096e-01 2.749728e-02 -3.002943e+00 4.668499e-02 -4.661297e-02 9.978215e-01 -6.294871e+00
9.364251e-01 -3.460152e-01 -5.815059e-02 2.220706e+02 3.478396e-01 9.372318e-01 2.457933e-02 -2.595749e+00 4.599577e-02 -4.324378e-02 9.980052e-01 -6.343516e+00
9.363039e-01 -3.470615e-01 -5.369715e-02 2.231760e+02 3.487261e-01 9.368838e-01 2.527758e-02 -2.185625e+00 4.153512e-02 -4.239309e-02 9.982373e-01 -6.380213e+00
9.356889e-01 -3.474731e-01 -6.122741e-02 2.242550e+02 3.494292e-01 9.366430e-01 2.447850e-02 -1.789805e+00 4.884261e-02 -4.429890e-02 9.978237e-01 -6.454087e+00
9.358156e-01 -3.480846e-01 -5.555489e-02 2.253120e+02 3.498476e-01 9.364542e-01 2.569619e-02 -1.397394e+00 4.308015e-02 -4.348263e-02 9.981249e-01 -6.547455e+00
9.360769e-01 -3.467472e-01 -5.938442e-02 2.263665e+02 3.486603e-01 9.369073e-01 2.530862e-02 -1.024160e+00 4.686201e-02 -4.439580e-02 9.979143e-01 -6.523450e+00
9.361843e-01 -3.457674e-01 -6.327575e-02 2.273882e+02 3.477743e-01 9.372783e-01 2.371485e-02 -6.486738e-01 5.110717e-02 -4.420715e-02 9.977143e-01 -6.635014e+00
9.360528e-01 -3.462904e-01 -6.235450e-02 2.283977e+02 3.479011e-01 9.373807e-01 1.680508e-02 -2.830648e-01 5.263046e-02 -3.742364e-02 9.979126e-01 -6.663103e+00
9.357203e-01 -3.469845e-01 -6.347673e-02 2.293580e+02 3.485664e-01 9.371566e-01 1.546738e-02 7.728244e-02 5.412068e-02 -3.659899e-02 9.978635e-01 -6.673584e+00
9.357380e-01 -3.470116e-01 -6.306590e-02 2.303010e+02 3.487861e-01 9.370021e-01 1.937313e-02 4.196361e-01 5.237018e-02 -4.012468e-02 9.978213e-01 -6.757910e+00
9.360932e-01 -3.463980e-01 -6.113874e-02 2.312344e+02 3.483834e-01 9.370139e-01 2.518298e-02 7.493248e-01 4.856451e-02 -4.487334e-02 9.978116e-01 -6.757631e+00
9.356212e-01 -3.469800e-01 -6.494503e-02 2.321752e+02 3.492368e-01 9.366441e-01 2.704750e-02 1.102445e+00 5.144543e-02 -4.798741e-02 9.975222e-01 -6.821266e+00
9.357187e-01 -3.477172e-01 -5.935704e-02 2.331151e+02 3.496746e-01 9.365029e-01 2.626136e-02 1.442349e+00 4.645652e-02 -4.532890e-02 9.978913e-01 -6.878327e+00
9.357303e-01 -3.480222e-01 -5.735343e-02 2.340441e+02 3.498247e-01 9.364864e-01 2.481947e-02 1.767593e+00 4.507298e-02 -4.328797e-02 9.980454e-01 -6.886582e+00
9.357396e-01 -3.484700e-01 -5.440663e-02 2.349596e+02 3.500954e-01 9.364161e-01 2.362234e-02 2.100258e+00 4.271557e-02 -4.115187e-02 9.982394e-01 -6.956061e+00
9.356243e-01 -3.494050e-01 -5.023282e-02 2.358733e+02 3.508678e-01 9.361233e-01 2.377577e-02 2.435360e+00 3.871673e-02 -3.987026e-02 9.984545e-01 -6.977054e+00
9.357367e-01 -3.494929e-01 -4.745125e-02 2.367785e+02 3.508556e-01 9.361209e-01 2.404111e-02 2.757056e+00 3.601791e-02 -3.914469e-02 9.985842e-01 -7.035381e+00
9.357250e-01 -3.499676e-01 -4.406116e-02 2.376761e+02 3.511872e-01 9.360061e-01 2.366688e-02 3.079858e+00 3.295887e-02 -3.761941e-02 9.987485e-01 -7.068902e+00
9.355740e-01 -3.509236e-01 -3.941995e-02 2.385846e+02 3.519667e-01 9.357181e-01 2.347183e-02 3.411281e+00 2.864914e-02 -3.583415e-02 9.989470e-01 -7.096960e+00
9.355811e-01 -3.513539e-01 -3.519235e-02 2.394714e+02 3.522540e-01 9.356043e-01 2.369799e-02 3.729770e+00 2.459973e-02 -3.456804e-02 9.990996e-01 -7.157912e+00
9.355472e-01 -3.517214e-01 -3.230143e-02 2.403666e+02 3.525247e-01 9.355004e-01 2.377583e-02 4.051234e+00 2.185553e-02 -3.363046e-02 9.991953e-01 -7.180311e+00
9.352407e-01 -3.525186e-01 -3.248738e-02 2.412454e+02 3.533265e-01 9.351997e-01 2.369917e-02 4.369462e+00 2.202780e-02 -3.364308e-02 9.991911e-01 -7.214407e+00
9.347811e-01 -3.541229e-01 -2.795061e-02 2.421282e+02 3.547532e-01 9.346980e-01 2.213355e-02 4.695122e+00 1.828738e-02 -3.060559e-02 9.993643e-01 -7.263097e+00
9.346042e-01 -3.549297e-01 -2.323552e-02 2.430124e+02 3.553939e-01 9.344957e-01 2.032684e-02 5.005533e+00 1.449890e-02 -2.725531e-02 9.995233e-01 -7.294210e+00
9.341988e-01 -3.561781e-01 -2.024323e-02 2.439077e+02 3.565423e-01 9.340923e-01 1.868265e-02 5.339927e+00 1.225469e-02 -2.467087e-02 9.996205e-01 -7.336496e+00
9.338171e-01 -3.573265e-01 -1.741877e-02 2.447783e+02 3.575906e-01 9.337488e-01 1.555829e-02 5.665200e+00 1.070536e-02 -2.075739e-02 9.997272e-01 -7.354213e+00
9.337116e-01 -3.578066e-01 -1.253123e-02 2.456502e+02 3.579679e-01 9.336187e-01 1.468241e-02 5.978644e+00 6.445923e-03 -1.819492e-02 9.998137e-01 -7.385919e+00
9.337928e-01 -3.576702e-01 -1.014722e-02 2.465331e+02 3.577943e-01 9.336641e-01 1.595912e-02 6.302539e+00 3.765996e-03 -1.853313e-02 9.998211e-01 -7.422357e+00
9.343515e-01 -3.563150e-01 -5.187908e-03 2.474270e+02 3.563493e-01 9.341794e-01 1.800191e-02 6.616467e+00 -1.567913e-03 -1.866882e-02 9.998245e-01 -7.449106e+00
9.351498e-01 -3.542498e-01 -1.349133e-03 2.483152e+02 3.542115e-01 9.349777e-01 1.874043e-02 6.934954e+00 -5.377384e-03 -1.800299e-02 9.998235e-01 -7.479202e+00
9.365970e-01 -3.504036e-01 1.800779e-03 2.492000e+02 3.503209e-01 9.364659e-01 1.751888e-02 7.252443e+00 -7.825046e-03 -1.577728e-02 9.998449e-01 -7.504516e+00
9.388389e-01 -3.443118e-01 5.558713e-03 2.500986e+02 3.441537e-01 9.387174e-01 1.918280e-02 7.561624e+00 -1.182293e-02 -1.609651e-02 9.998006e-01 -7.545014e+00
9.419250e-01 -3.357252e-01 8.112376e-03 2.509874e+02 3.354617e-01 9.417571e-01 2.364372e-02 7.848444e+00 -1.557768e-02 -1.954922e-02 9.996876e-01 -7.601328e+00
9.455053e-01 -3.254482e-01 1.015646e-02 2.518886e+02 3.250209e-01 9.452152e-01 3.048678e-02 8.135601e+00 -1.952191e-02 -2.552435e-02 9.994836e-01 -7.611193e+00
9.492857e-01 -3.142180e-01 1.111413e-02 2.527952e+02 3.136833e-01 9.488956e-01 3.464352e-02 8.401340e+00 -2.143176e-02 -2.940028e-02 9.993379e-01 -7.682271e+00
9.529487e-01 -3.029015e-01 1.180411e-02 2.537117e+02 3.022505e-01 9.524252e-01 3.912323e-02 8.663750e+00 -2.309302e-02 -3.371463e-02 9.991646e-01 -7.720031e+00
9.565189e-01 -2.914082e-01 1.236700e-02 2.546227e+02 2.905906e-01 9.557658e-01 4.548500e-02 8.908273e+00 -2.507466e-02 -3.991352e-02 9.988885e-01 -7.753149e+00
9.600955e-01 -2.793248e-01 1.393734e-02 2.555360e+02 2.783659e-01 9.592346e-01 4.880083e-02 9.148487e+00 -2.700045e-02 -4.297378e-02 9.987113e-01 -7.811854e+00
9.637639e-01 -2.666071e-01 8.936105e-03 2.564660e+02 2.658316e-01 9.626697e-01 5.099608e-02 9.384520e+00 -2.219843e-02 -4.677268e-02 9.986589e-01 -7.912203e+00
9.672853e-01 -2.534505e-01 1.104328e-02 2.573983e+02 2.525961e-01 9.662378e-01 5.078895e-02 9.608664e+00 -2.354292e-02 -4.633792e-02 9.986483e-01 -7.975294e+00
9.704638e-01 -2.410672e-01 9.303652e-03 2.583246e+02 2.402038e-01 9.691319e-01 5.554547e-02 9.809440e+00 -2.240666e-02 -5.167009e-02 9.984128e-01 -7.991959e+00
9.735974e-01 -2.278471e-01 1.392043e-02 2.592708e+02 2.266456e-01 9.721283e-01 5.998540e-02 1.002660e+01 -2.719994e-02 -5.524662e-02 9.981022e-01 -8.081492e+00
9.765397e-01 -2.149315e-01 1.321807e-02 2.602116e+02 2.137044e-01 9.748515e-01 6.320436e-02 1.021370e+01 -2.647027e-02 -5.889681e-02 9.979131e-01 -8.150624e+00
9.795362e-01 -2.008265e-01 1.332626e-02 2.611761e+02 1.996215e-01 9.778425e-01 6.304862e-02 1.037875e+01 -2.569281e-02 -5.909820e-02 9.979215e-01 -8.221017e+00
9.820777e-01 -1.880465e-01 1.272302e-02 2.621385e+02 1.868947e-01 9.803418e-01 6.324620e-02 1.056007e+01 -2.436614e-02 -5.973482e-02 9.979169e-01 -8.292715e+00
9.845971e-01 -1.744175e-01 1.212189e-02 2.631092e+02 1.733734e-01 9.829544e-01 6.117377e-02 1.071509e+01 -2.258505e-02 -5.812991e-02 9.980535e-01 -8.367763e+00
9.867989e-01 -1.613974e-01 1.337342e-02 2.640950e+02 1.602693e-01 9.850874e-01 6.258079e-02 1.085960e+01 -2.327437e-02 -5.961131e-02 9.979503e-01 -8.450414e+00
9.888665e-01 -1.482537e-01 1.280353e-02 2.650556e+02 1.471635e-01 9.870749e-01 6.345045e-02 1.099118e+01 -2.204480e-02 -6.085981e-02 9.979029e-01 -8.503551e+00
9.908067e-01 -1.346375e-01 1.322376e-02 2.660320e+02 1.334469e-01 9.887217e-01 6.797859e-02 1.111149e+01 -2.222708e-02 -6.558897e-02 9.975991e-01 -8.593548e+00
9.925244e-01 -1.212861e-01 1.359904e-02 2.670074e+02 1.200722e-01 9.903502e-01 6.920402e-02 1.120060e+01 -2.186130e-02 -6.705382e-02 9.975098e-01 -8.672633e+00
9.939340e-01 -1.090659e-01 1.413585e-02 2.680149e+02 1.078273e-01 9.917082e-01 6.991553e-02 1.131222e+01 -2.164404e-02 -6.796719e-02 9.974527e-01 -8.753071e+00
9.951846e-01 -9.693183e-02 1.455278e-02 2.690088e+02 9.574619e-02 9.931244e-01 6.735617e-02 1.140333e+01 -2.098168e-02 -6.563845e-02 9.976228e-01 -8.835774e+00
9.962239e-01 -8.559038e-02 1.456971e-02 2.699995e+02 8.447912e-02 9.943172e-01 6.478241e-02 1.148189e+01 -2.003167e-02 -6.330694e-02 9.977930e-01 -8.914847e+00
9.971962e-01 -7.392144e-02 1.163446e-02 2.710140e+02 7.303590e-02 9.952881e-01 6.377652e-02 1.153709e+01 -1.629409e-02 -6.274797e-02 9.978964e-01 -8.973070e+00
9.978920e-01 -6.364668e-02 1.267847e-02 2.720198e+02 6.267292e-02 9.958299e-01 6.629160e-02 1.160003e+01 -1.684484e-02 -6.535725e-02 9.977198e-01 -9.048097e+00
9.984428e-01 -5.486283e-02 1.010066e-02 2.730164e+02 5.403848e-02 9.961499e-01 6.903131e-02 1.165344e+01 -1.384902e-02 -6.837799e-02 9.975634e-01 -9.187195e+00
9.988642e-01 -4.618890e-02 1.170171e-02 2.740125e+02 4.530756e-02 9.967352e-01 6.682865e-02 1.169634e+01 -1.475025e-02 -6.622257e-02 9.976959e-01 -9.218804e+00
9.993007e-01 -3.737603e-02 1.096900e-03 2.750240e+02 3.721523e-02 9.969952e-01 6.793632e-02 1.172497e+01 -3.632794e-03 -6.784798e-02 9.976891e-01 -9.274638e+00
9.995871e-01 -2.860639e-02 2.710865e-03 2.759833e+02 2.830931e-02 9.965724e-01 7.772987e-02 1.174310e+01 -4.925144e-03 -7.762103e-02 9.969708e-01 -9.458467e+00
9.997827e-01 -2.066131e-02 -2.751897e-03 2.769621e+02 2.082518e-02 9.957210e-01 9.003256e-02 1.175735e+01 8.799316e-04 -9.007031e-02 9.959350e-01 -9.510330e+00
9.999073e-01 -1.239849e-02 -5.624071e-03 2.779446e+02 1.279718e-02 9.969112e-01 7.748781e-02 1.175315e+01 4.645967e-03 -7.755260e-02 9.969774e-01 -9.603625e+00
9.999637e-01 -4.683937e-03 -7.114106e-03 2.789361e+02 5.104085e-03 9.981711e-01 6.023664e-02 1.175499e+01 6.818951e-03 -6.027076e-02 9.981588e-01 -9.697928e+00
9.999836e-01 2.859097e-03 -4.962674e-03 2.799341e+02 -2.627247e-03 9.989327e-01 4.611269e-02 1.174710e+01 5.089218e-03 -4.609890e-02 9.989239e-01 -9.737978e+00
9.999030e-01 9.543322e-03 -1.014782e-02 2.808995e+02 -9.010190e-03 9.986404e-01 5.134418e-02 1.173951e+01 1.062401e-02 -5.124776e-02 9.986295e-01 -9.846650e+00
9.998367e-01 1.715361e-02 -5.689532e-03 2.818752e+02 -1.684270e-02 9.985665e-01 5.080653e-02 1.170162e+01 6.552891e-03 -5.070241e-02 9.986923e-01 -9.901342e+00
9.995998e-01 2.484774e-02 -1.351841e-02 2.828571e+02 -2.424855e-02 9.987888e-01 4.281526e-02 1.167002e+01 1.456590e-02 -4.247032e-02 9.989915e-01 -9.907025e+00
9.994134e-01 3.307749e-02 -8.878625e-03 2.838507e+02 -3.281524e-02 9.990631e-01 2.821426e-02 1.162260e+01 9.803564e-03 -2.790635e-02 9.995624e-01 -9.996995e+00
9.992025e-01 3.984481e-02 -2.584749e-03 2.848095e+02 -3.972238e-02 9.985280e-01 3.693080e-02 1.157054e+01 4.052445e-03 -3.679868e-02 9.993145e-01 -1.009287e+01
9.987587e-01 4.962025e-02 -4.347065e-03 2.857551e+02 -4.928921e-02 9.971300e-01 5.746745e-02 1.150026e+01 7.186138e-03 -5.718185e-02 9.983379e-01 -1.011003e+01
9.982237e-01 5.856963e-02 -1.091182e-02 2.867185e+02 -5.769195e-02 9.959939e-01 6.832213e-02 1.145684e+01 1.486971e-02 -6.757125e-02 9.976037e-01 -1.017561e+01
9.975477e-01 6.863154e-02 -1.372450e-02 2.877074e+02 -6.776346e-02 9.961286e-01 5.599901e-02 1.136605e+01 1.751466e-02 -5.493166e-02 9.983365e-01 -1.024255e+01
9.968278e-01 7.872728e-02 -1.167283e-02 2.886952e+02 -7.810953e-02 9.958696e-01 4.629024e-02 1.127126e+01 1.526892e-02 -4.523164e-02 9.988598e-01 -1.029911e+01
9.960061e-01 8.882807e-02 -9.026461e-03 2.896753e+02 -8.832178e-02 9.950212e-01 4.617468e-02 1.117389e+01 1.308313e-02 -4.519302e-02 9.988926e-01 -1.037280e+01
9.949834e-01 9.911074e-02 -1.360409e-02 2.906613e+02 -9.822629e-02 9.936461e-01 5.494513e-02 1.106320e+01 1.896330e-02 -5.333321e-02 9.983967e-01 -1.043011e+01
9.938027e-01 1.103440e-01 -1.343252e-02 2.916475e+02 -1.094443e-01 9.924464e-01 5.542478e-02 1.094540e+01 1.944685e-02 -5.361119e-02 9.983725e-01 -1.052001e+01
9.926031e-01 1.205976e-01 -1.397710e-02 2.926631e+02 -1.197099e-01 9.914078e-01 5.272787e-02 1.080664e+01 2.021586e-02 -5.066465e-02 9.985111e-01 -1.056842e+01
9.911554e-01 1.317273e-01 -1.609060e-02 2.936712e+02 -1.308141e-01 9.902165e-01 4.856670e-02 1.066747e+01 2.233074e-02 -4.603227e-02 9.986903e-01 -1.064017e+01
