1.000000e+00 0.000000e+00 0.000000e+00 0.000000e+00 0.000000e+00 1.000000e+00 0.000000e+00 0.000000e+00 0.000000e+00 0.000000e+00 1.000000e+00 0.000000e+00
9.999815e-01 3.844848e-03 -4.713709e-03 3.542467e-01 -3.841890e-03 9.999925e-01 6.364525e-04 6.050655e-03 4.716120e-03 -6.183312e-04 9.999887e-01 -2.064154e-02
9.999892e-01 4.635717e-03 -3.426712e-04 5.179455e-01 -4.634763e-03 9.999856e-01 2.734220e-03 -4.030445e-04 3.553413e-04 -2.732602e-03 9.999962e-01 -1.949488e-02
9.999865e-01 4.840878e-03 -1.873446e-03 1.922893e-01 -4.833729e-03 9.999810e-01 3.801757e-03 -1.031729e-04 1.891814e-03 -3.792651e-03 9.999910e-01 -2.937802e-02
9.999900e-01 4.478102e-03 -2.820311e-06 1.476029e-01 -4.478091e-03 9.999888e-01 1.573290e-03 9.809735e-04 9.865629e-06 -1.573261e-03 9.999987e-01 -3.408683e-02
9.999877e-01 4.956713e-03 -3.378834e-04 4.509004e-02 -4.957107e-03 9.999869e-01 -1.175569e-03 -1.230560e-02 3.320520e-04 1.177230e-03 9.999992e-01 -1.287138e-02
9.999769e-01 6.042527e-03 -3.120518e-03 4.261781e-01 -6.053583e-03 9.999753e-01 -3.545948e-03 -1.402164e-02 3.099015e-03 3.564756e-03 9.999889e-01 -3.223167e-02
9.999769e-01 6.766438e-03 5.676840e-04 5.089512e-01 -6.764239e-03 9.999698e-01 -3.789870e-03 -2.007851e-02 -5.933108e-04 3.785942e-03 9.999927e-01 -2.420533e-02
9.999806e-01 6.010752e-03 -1.621632e-03 3.690065e-01 -6.010687e-03 9.999820e-01 4.497581e-05 -2.276372e-02 1.621873e-03 -3.522781e-05 9.999987e-01 -2.175674e-02
9.999800e-01 6.229644e-03 -1.036194e-03 3.650993e-01 -6.227076e-03 9.999777e-01 2.463711e-03 -3.166938e-02 1.051519e-03 -2.457209e-03 9.999964e-01 -3.136779e-02
9.999717e-01 6.136056e-03 -4.362036e-03 1.667157e-01 -6.129568e-03 9.999802e-01 1.499101e-03 -4.328600e-02 4.371148e-03 -1.472321e-03 9.999894e-01 -2.172450e-03
9.999811e-01 5.843597e-03 -1.910534e-03 2.171349e-01 -5.841953e-03 9.999825e-01 8.648592e-04 -4.026842e-02 1.915555e-03 -8.536816e-04 9.999978e-01 -3.113503e-02
9.999793e-01 6.399265e-03 -6.809006e-04 1.705663e-01 -6.399279e-03 9.999795e-01 -1.765729e-05 -5.452421e-02 6.807737e-04 2.201420e-05 9.999998e-01 -2.202170e-02
9.999750e-01 7.057639e-03 -4.610042e-04 2.243998e-01 -7.057262e-03 9.999748e-01 8.138922e-04 -7.247086e-02 4.667367e-04 -8.106183e-04 9.999996e-01 -2.677164e-02
9.999723e-01 7.062295e-03 2.347573e-03 3.626035e-01 -7.067550e-03 9.999725e-01 2.238111e-03 -8.086897e-02 -2.331703e-03 -2.254641e-03 9.999948e-01 -3.725832e-02
9.999731e-01 7.280592e-03 -8.962356e-04 3.618654e-01 -7.278125e-03 9.999698e-01 2.725913e-03 -8.669645e-02 9.160549e-04 -2.719317e-03 9.999959e-01 -2.504063e-02
9.999741e-01 7.166918e-03 -6.457726e-04 2.807438e-01 -7.165131e-03 9.999707e-01 2.728133e-03 -1.039491e-01 6.653059e-04 -2.723436e-03 9.999961e-01 -2.904505e-02
9.999737e-01 7.163533e-03 1.158167e-03 2.775974e-01 -7.167003e-03 9.999697e-01 3.019938e-03 -1.110104e-01 -1.136498e-03 -3.028159e-03 9.999948e-01 -3.325652e-02
9.999743e-01 7.168722e-03 -2.939246e-05 5.180655e-01 -7.168597e-03 9.999695e-01 3.087618e-03 -1.255002e-01 5.152584e-05 -3.087328e-03 9.999952e-01 -4.598994e-02
9.999740e-01 7.202435e-03 -2.387227e-04 6.142526e-01 -7.201841e-03 9.999712e-01 2.401137e-03 -1.452892e-01 2.560099e-04 -2.399356e-03 9.999971e-01 -4.699183e-02
9.999807e-01 5.673460e-03 2.526143e-03 1.054756e+00 -5.675176e-03 9.999837e-01 6.722868e-04 -1.479635e-01 -2.522288e-03 -6.866102e-04 9.999966e-01 -5.315452e-02
9.999799e-01 5.271749e-03 3.523784e-03 1.448849e+00 -5.268210e-03 9.999857e-01 -1.012798e-03 -1.588391e-01 -3.529072e-03 9.942134e-04 9.999933e-01 -5.643544e-02
9.999781e-01 5.420343e-03 3.799958e-03 1.860989e+00 -5.421557e-03 9.999853e-01 3.091861e-04 -1.812712e-01 -3.798226e-03 -3.297810e-04 9.999927e-01 -6.659575e-02
9.999764e-01 5.357366e-03 4.300284e-03 2.219103e+00 -5.365181e-03 9.999839e-01 1.808013e-03 -1.946999e-01 -4.290529e-03 -1.831042e-03 9.999891e-01 -7.578927e-02
9.999730e-01 3.415303e-03 6.508924e-03 2.929507e+00 -3.435982e-03 9.999889e-01 3.168478e-03 -2.263729e-01 -6.498031e-03 -3.190757e-03 9.999738e-01 -7.833101e-02
9.999785e-01 4.186751e-03 5.035246e-03 3.485700e+00 -4.202553e-03 9.999862e-01 3.131713e-03 -2.164937e-01 -5.022065e-03 -3.152806e-03 9.999824e-01 -1.001847e-01
9.999579e-01 3.195669e-03 8.596181e-03 4.585242e+00 -3.208921e-03 9.999938e-01 1.528227e-03 -2.554765e-01 -8.591243e-03 -1.555747e-03 9.999619e-01 -1.358638e-01
9.999780e-01 3.628778e-03 5.553174e-03 5.431437e+00 -3.627173e-03 9.999934e-01 -2.990398e-04 -2.615238e-01 -5.554223e-03 2.788908e-04 9.999846e-01 -1.477315e-01
9.999770e-01 3.046639e-03 6.063623e-03 5.813343e+00 -3.043051e-03 9.999952e-01 -6.009226e-04 -2.604923e-01 -6.065425e-03 5.824568e-04 9.999815e-01 -1.538445e-01
9.999827e-01 2.807788e-03 5.178225e-03 6.500495e+00 -2.800947e-03 9.999954e-01 -1.327971e-03 -2.639974e-01 -5.181929e-03 1.313444e-03 9.999857e-01 -1.597722e-01
9.999454e-01 2.580451e-03 1.012858e-02 7.493390e+00 -2.568246e-03 9.999959e-01 -1.217876e-03 -2.881388e-01 -1.013168e-02 1.191797e-03 9.999480e-01 -1.816435e-01
9.999497e-01 1.659661e-03 9.890191e-03 8.517413e+00 -1.664287e-03 9.999986e-01 4.595035e-04 -2.938241e-01 -9.889415e-03 -4.759405e-04 9.999510e-01 -1.793140e-01
9.999564e-01 1.243957e-03 9.258646e-03 9.991334e+00 -1.255237e-03 9.999985e-01 1.212696e-03 -3.155400e-01 -9.257124e-03 -1.224265e-03 9.999564e-01 -2.188035e-01
9.999511e-01 8.114902e-04 9.862151e-03 1.144998e+01 -8.371840e-04 9.999962e-01 2.601448e-03 -3.279495e-01 -9.860003e-03 -2.609577e-03 9.999480e-01 -2.369225e-01
9.999765e-01 -1.917091e-04 6.860961e-03 1.329202e+01 1.748958e-04 9.999970e-01 2.451087e-03 -3.373621e-01 -6.861410e-03 -2.449829e-03 9.999735e-01 -2.892424e-01
9.999706e-01 -8.960772e-04 7.613197e-03 1.555711e+01 8.780090e-04 9.999968e-01 2.376294e-03 -3.592632e-01 -7.615301e-03 -2.369539e-03 9.999682e-01 -3.470592e-01
9.999789e-01 -1.517316e-03 6.315209e-03 1.802408e+01 1.506710e-03 9.999975e-01 1.683907e-03 -3.858534e-01 -6.317748e-03 -1.674357e-03 9.999787e-01 -3.742211e-01
9.999740e-01 -1.422432e-03 7.069394e-03 2.039070e+01 1.408340e-03 9.999971e-01 1.998004e-03 -4.150110e-01 -7.072215e-03 -1.987996e-03 9.999730e-01 -4.355331e-01
9.999813e-01 -1.777473e-03 5.847433e-03 2.275656e+01 1.762617e-03 9.999952e-01 2.544800e-03 -4.308897e-01 -5.851928e-03 -2.534446e-03 9.999797e-01 -4.585057e-01
9.999835e-01 -1.921194e-03 5.399961e-03 2.508343e+01 1.904908e-03 9.999936e-01 3.019584e-03 -4.450086e-01 -5.405727e-03 -3.009248e-03 9.999809e-01 -5.195358e-01
9.999827e-01 -1.846475e-03 5.582869e-03 2.742439e+01 1.826087e-03 9.999918e-01 3.654807e-03 -4.680181e-01 -5.589571e-03 -3.644549e-03 9.999777e-01 -5.759718e-01
9.999919e-01 -1.673503e-03 3.664782e-03 2.976346e+01 1.662506e-03 9.999940e-01 3.001753e-03 -4.878290e-01 -3.669784e-03 -2.995636e-03 9.999888e-01 -6.061165e-01
9.999956e-01 -1.866806e-03 2.314793e-03 3.209924e+01 1.863835e-03 9.999974e-01 1.285336e-03 -5.086017e-01 -2.317187e-03 -1.281016e-03 9.999965e-01 -6.556485e-01
9.999971e-01 -2.386928e-03 -1.786665e-05 3.442710e+01 2.386928e-03 9.999971e-01 8.528621e-06 -5.243941e-01 1.784624e-05 -8.571244e-06 1.000000e+00 -6.970065e-01
9.999954e-01 -3.035935e-03 -2.427580e-04 3.672261e+01 3.035967e-03 9.999955e-01 1.343742e-04 -5.417656e-01 2.423489e-04 -1.351105e-04 9.999999e-01 -7.307479e-01
9.999930e-01 -3.656597e-03 -7.516662e-04 3.902530e+01 3.655258e-03 9.999917e-01 -1.774675e-03 -5.531613e-01 7.581493e-04 1.771915e-03 9.999982e-01 -7.802878e-01
9.999896e-01 -4.513013e-03 -6.634677e-04 4.132810e+01 4.511361e-03 9.999869e-01 -2.470642e-03 -5.697855e-01 6.746090e-04 2.467623e-03 9.999967e-01 -8.176669e-01
9.999855e-01 -4.946967e-03 -2.146272e-03 4.363152e+01 4.940968e-03 9.999839e-01 -2.791107e-03 -5.759944e-01 2.160045e-03 2.780462e-03 9.999938e-01 -8.345938e-01
9.999830e-01 -5.185611e-03 -2.672362e-03 4.590370e+01 5.186331e-03 9.999864e-01 2.625305e-04 -5.876060e-01 2.670964e-03 -2.763858e-04 9.999964e-01 -8.938043e-01
9.999861e-01 -4.516801e-03 -2.730773e-03 4.819099e+01 4.519343e-03 9.999894e-01 9.252427e-04 -6.034012e-01 2.726565e-03 -9.375711e-04 9.999958e-01 -9.193330e-01
9.999745e-01 -4.686209e-03 -5.395901e-03 5.047129e+01 4.694435e-03 9.999878e-01 1.512724e-03 -6.166832e-01 5.388747e-03 -1.538016e-03 9.999843e-01 -9.721544e-01
9.999666e-01 -4.550841e-03 -6.790045e-03 5.273735e+01 4.555911e-03 9.999894e-01 7.313844e-04 -6.180988e-01 6.786644e-03 -7.622948e-04 9.999767e-01 -1.018556e+00
9.999604e-01 -4.219395e-03 -7.837789e-03 5.499382e+01 4.242907e-03 9.999865e-01 2.985634e-03 -6.270828e-01 7.825086e-03 -3.018771e-03 9.999648e-01 -1.044850e+00
9.999683e-01 -3.801631e-03 -6.989509e-03 5.725238e+01 3.832636e-03 9.999828e-01 4.427925e-03 -6.534030e-01 6.972556e-03 -4.454573e-03 9.999658e-01 -1.110318e+00
9.999639e-01 -3.905597e-03 -7.542099e-03 5.951770e+01 3.930891e-03 9.999866e-01 3.341818e-03 -6.667355e-01 7.528947e-03 -3.371345e-03 9.999660e-01 -1.145089e+00
9.999617e-01 -3.649296e-03 -7.957364e-03 6.177676e+01 3.657635e-03 9.999927e-01 1.033686e-03 -6.789672e-01 7.953534e-03 -1.062751e-03 9.999678e-01 -1.192143e+00
9.999578e-01 -3.727740e-03 -8.394945e-03 6.403496e+01 3.730298e-03 9.999931e-01 2.889731e-04 -6.917115e-01 8.393809e-03 -3.202766e-04 9.999647e-01 -1.221954e+00
9.999560e-01 -3.844170e-03 -8.559465e-03 6.628233e+01 3.852345e-03 9.999920e-01 9.388918e-04 -7.044458e-01 8.555789e-03 -9.718246e-04 9.999629e-01 -1.271649e+00
9.999427e-01 -4.473509e-03 -9.729568e-03 6.853005e+01 4.487026e-03 9.999889e-01 1.367940e-03 -7.175024e-01 9.723341e-03 -1.411518e-03 9.999517e-01 -1.311206e+00
9.999409e-01 -5.430357e-03 -9.417584e-03 7.077674e+01 5.436872e-03 9.999850e-01 6.663326e-04 -7.321389e-01 9.413825e-03 -7.174954e-04 9.999554e-01 -1.343905e+00
9.999310e-01 -6.880395e-03 -9.516660e-03 7.300973e+01 6.877338e-03 9.999764e-01 -3.539045e-04 -7.389181e-01 9.518869e-03 2.884309e-04 9.999546e-01 -1.383071e+00
9.999227e-01 -8.298617e-03 -9.257466e-03 7.525024e+01 8.291414e-03 9.999654e-01 -8.161277e-04 -7.462145e-01 9.263918e-03 7.393071e-04 9.999568e-01 -1.413384e+00
9.998925e-01 -1.016962e-02 -1.056788e-02 7.749944e+01 1.016137e-02 9.999481e-01 -8.346405e-04 -7.432899e-01 1.057582e-02 7.271666e-04 9.999438e-01 -1.457456e+00
9.998668e-01 -1.162002e-02 -1.145551e-02 7.972060e+01 1.160659e-02 9.999319e-01 -1.238585e-03 -7.405475e-01 1.146912e-02 1.105461e-03 9.999336e-01 -1.480309e+00
9.998277e-01 -1.308169e-02 -1.316791e-02 8.195830e+01 1.308419e-02 9.999143e-01 1.037124e-04 -7.311296e-01 1.316543e-02 -2.759860e-04 9.999133e-01 -1.528029e+00
9.997883e-01 -1.438888e-02 -1.470423e-02 8.419429e+01 1.437433e-02 9.998960e-01 -1.095146e-03 -7.181174e-01 1.471846e-02 8.835504e-04 9.998913e-01 -1.565634e+00
9.997561e-01 -1.467109e-02 -1.650809e-02 8.641545e+01 1.466129e-02 9.998922e-01 -7.142846e-04 -7.100232e-01 1.651679e-02 4.720805e-04 9.998635e-01 -1.596448e+00
9.996960e-01 -1.563054e-02 -1.906601e-02 8.864941e+01 1.562403e-02 9.998778e-01 -4.899447e-04 -6.957526e-01 1.907134e-02 1.919078e-04 9.998181e-01 -1.636940e+00
9.996994e-01 -1.617225e-02 -1.842992e-02 9.087223e+01 1.615405e-02 9.998689e-01 -1.135483e-03 -6.846281e-01 1.844587e-02 8.374234e-04 9.998295e-01 -1.669949e+00
9.996394e-01 -1.711002e-02 -2.069578e-02 9.308727e+01 1.707338e-02 9.998523e-01 -1.945548e-03 -6.677299e-01 2.072601e-02 1.591499e-03 9.997839e-01 -1.700155e+00
9.996479e-01 -1.764075e-02 -1.982283e-02 9.531144e+01 1.759806e-02 9.998424e-01 -2.325844e-03 -6.462417e-01 1.986073e-02 1.976182e-03 9.998008e-01 -1.747654e+00
9.995560e-01 -1.913236e-02 -2.284257e-02 9.753343e+01 1.907738e-02 9.998144e-01 -2.622172e-03 -6.198798e-01 2.288850e-02 2.185231e-03 9.997357e-01 -1.762382e+00
9.995661e-01 -1.973185e-02 -2.187164e-02 9.976335e+01 1.967718e-02 9.998027e-01 -2.712166e-03 -5.993692e-01 2.192084e-02 2.280617e-03 9.997571e-01 -1.813565e+00
9.995169e-01 -2.123930e-02 -2.269058e-02 1.019764e+02 2.118118e-02 9.997717e-01 -2.798522e-03 -5.764532e-01 2.274484e-02 2.316557e-03 9.997386e-01 -1.826865e+00
9.994899e-01 -2.251725e-02 -2.264860e-02 1.042125e+02 2.246229e-02 9.997441e-01 -2.677910e-03 -5.457730e-01 2.270311e-02 2.167805e-03 9.997399e-01 -1.870249e+00
9.994207e-01 -2.396476e-02 -2.416567e-02 1.064156e+02 2.387954e-02 9.997076e-01 -3.808928e-03 -5.186581e-01 2.424988e-02 3.229657e-03 9.997007e-01 -1.888231e+00
9.993656e-01 -2.574063e-02 -2.461104e-02 1.086265e+02 2.566065e-02 9.996643e-01 -3.560243e-03 -4.794597e-01 2.469442e-02 2.926449e-03 9.996908e-01 -1.913352e+00
9.992944e-01 -2.766689e-02 -2.540061e-02 1.108426e+02 2.761245e-02 9.996157e-01 -2.491663e-03 -4.348253e-01 2.545979e-02 1.788532e-03 9.996743e-01 -1.955242e+00
9.992087e-01 -2.950097e-02 -2.667672e-02 1.130429e+02 2.942475e-02 9.995618e-01 -3.245273e-03 -3.924704e-01 2.676077e-02 2.457750e-03 9.996389e-01 -1.987986e+00
9.991252e-01 -3.053715e-02 -2.857043e-02 1.152440e+02 3.047294e-02 9.995320e-01 -2.680332e-03 -3.399661e-01 2.863891e-02 1.807362e-03 9.995882e-01 -2.020503e+00
9.990276e-01 -3.153195e-02 -3.081522e-02 1.174554e+02 3.138123e-02 9.994931e-01 -5.362650e-03 -2.967443e-01 3.096870e-02 4.390416e-03 9.995107e-01 -2.037600e+00
9.989489e-01 -3.239593e-02 -3.242747e-02 1.196622e+02 3.223460e-02 9.994652e-01 -5.485797e-03 -2.420911e-01 3.258785e-02 4.434745e-03 9.994590e-01 -2.080448e+00
9.989582e-01 -3.348430e-02 -3.100611e-02 1.218552e+02 3.326186e-02 9.994174e-01 -7.662467e-03 -1.936750e-01 3.124462e-02 6.623163e-03 9.994898e-01 -2.087224e+00
9.989340e-01 -3.453492e-02 -3.063140e-02 1.240424e+02 3.441501e-02 9.993978e-01 -4.433508e-03 -1.366382e-01 3.076606e-02 3.374602e-03 9.995209e-01 -2.114560e+00
9.989052e-01 -3.571714e-02 -3.021058e-02 1.262178e+02 3.568869e-02 9.993619e-01 -1.480458e-03 -8.399618e-02 3.024417e-02 4.006612e-04 9.995425e-01 -2.149657e+00
9.988559e-01 -3.646603e-02 -3.093762e-02 1.283893e+02 3.650163e-02 9.993334e-01 5.864571e-04 -2.759233e-02 3.089561e-02 -1.715060e-03 9.995211e-01 -2.168663e+00
9.988250e-01 -3.792607e-02 -3.016930e-02 1.305782e+02 3.786594e-02 9.992795e-01 -2.562095e-03 3.141645e-02 3.024474e-02 1.416696e-03 9.995415e-01 -2.226090e+00
9.988387e-01 -3.883880e-02 -2.851027e-02 1.327552e+02 3.873844e-02 9.992412e-01 -4.064258e-03 1.024612e-01 2.864649e-02 2.955095e-03 9.995852e-01 -2.243232e+00
9.986299e-01 -4.045957e-02 -3.318500e-02 1.349263e+02 4.029713e-02 9.991724e-01 -5.549774e-03 1.743602e-01 3.338208e-02 4.204911e-03 9.994338e-01 -2.283485e+00
9.985893e-01 -4.145856e-02 -3.317364e-02 1.370865e+02 4.136340e-02 9.991379e-01 -3.549916e-03 2.480894e-01 3.329222e-02 2.172734e-03 9.994433e-01 -2.306466e+00
9.983717e-01 -4.349157e-02 -3.691152e-02 1.392690e+02 4.335069e-02 9.990494e-01 -4.608836e-03 3.171839e-01 3.707688e-02 3.001192e-03 9.993079e-01 -2.302194e+00
9.983724e-01 -4.572513e-02 -3.408357e-02 1.414230e+02 4.559118e-02 9.989492e-01 -4.697302e-03 3.979160e-01 3.426254e-02 3.135747e-03 9.994079e-01 -2.358348e+00
9.981981e-01 -4.871082e-02 -3.504034e-02 1.436062e+02 4.859039e-02 9.988096e-01 -4.280833e-03 4.813466e-01 3.520715e-02 2.570495e-03 9.993767e-01 -2.371111e+00
9.980579e-01 -5.100128e-02 -3.576685e-02 1.457270e+02 5.091661e-02 9.986976e-01 -3.274858e-03 5.648199e-01 3.588729e-02 1.447372e-03 9.993548e-01 -2.404289e+00
9.978305e-01 -5.311896e-02 -3.889319e-02 1.478976e+02 5.306570e-02 9.985881e-01 -2.401205e-03 6.616907e-01 3.896583e-02 3.321015e-04 9.992405e-01 -2.439759e+00
9.977239e-01 -5.522170e-02 -3.869709e-02 1.500510e+02 5.513078e-02 9.984732e-01 -3.413578e-03 7.581828e-01 3.882651e-02 1.272408e-03 9.992452e-01 -2.458182e+00
9.975333e-01 -5.771647e-02 -3.995181e-02 1.522133e+02 5.758931e-02 9.983311e-01 -4.327604e-03 8.632792e-01 4.013490e-02 2.016132e-03 9.991922e-01 -2.498653e+00
9.974048e-01 -6.050310e-02 -3.902547e-02 1.543684e+02 6.034280e-02 9.981637e-01 -5.273629e-03 9.705155e-01 3.927288e-02 2.905037e-03 9.992243e-01 -2.520722e+00
9.971645e-01 -6.319228e-02 -4.086176e-02 1.565343e+02 6.307365e-02 9.980000e-01 -4.187083e-03 1.088320e+00 4.104463e-02 1.597910e-03 9.991561e-01 -2.542158e+00
9.969985e-01 -6.547059e-02 -4.132337e-02 1.586824e+02 6.537749e-02 9.978540e-01 -3.601701e-03 1.206734e+00 4.147049e-02 8.892727e-04 9.991393e-01 -2.569652e+00
9.968032e-01 -6.792622e-02 -4.206382e-02 1.608355e+02 6.779566e-02 9.976889e-01 -4.524265e-03 1.327641e+00 4.227393e-02 1.658058e-03 9.991047e-01 -2.567651e+00
9.966572e-01 -7.086909e-02 -4.064498e-02 1.630040e+02 7.072058e-02 9.974834e-01 -5.081857e-03 1.463442e+00 4.090283e-02 2.190433e-03 9.991607e-01 -2.611186e+00
9.965848e-01 -7.272091e-02 -3.911993e-02 1.651637e+02 7.258049e-02 9.973501e-01 -4.999427e-03 1.587199e+00 3.937983e-02 2.143009e-03 9.992220e-01 -2.607617e+00
9.963319e-01 -7.546379e-02 -4.034872e-02 1.673436e+02 7.537846e-02 9.971483e-01 -3.634426e-03 1.737911e+00 4.050793e-02 5.796695e-04 9.991791e-01 -2.642490e+00
9.961902e-01 -7.745695e-02 -4.006783e-02 1.695098e+02 7.741357e-02 9.969957e-01 -2.635155e-03 1.884520e+00 4.015156e-02 -4.766784e-04 9.991935e-01 -2.688190e+00
9.960436e-01 -7.848135e-02 -4.168867e-02 1.716640e+02 7.847876e-02 9.969143e-01 -1.701417e-03 2.036438e+00 4.169357e-02 -1.576989e-03 9.991292e-01 -2.699928e+00
9.958796e-01 -7.984887e-02 -4.298808e-02 1.738560e+02 7.972375e-02 9.968063e-01 -4.620020e-03 2.192326e+00 4.321969e-02 1.173813e-03 9.990649e-01 -2.742367e+00
9.957505e-01 -8.113591e-02 -4.356579e-02 1.760309e+02 8.096308e-02 9.967006e-01 -5.719753e-03 2.343700e+00 4.388613e-02 2.168226e-03 9.990342e-01 -2.740750e+00
9.955494e-01 -8.209769e-02 -4.627502e-02 1.782085e+02 8.199424e-02 9.966242e-01 -4.132437e-03 2.514492e+00 4.645807e-02 3.197595e-04 9.989202e-01 -2.787440e+00
9.954838e-01 -8.278127e-02 -4.646776e-02 1.804094e+02 8.245346e-02 9.965550e-01 -8.930840e-03 2.668223e+00 4.704698e-02 5.059078e-03 9.988798e-01 -2.804430e+00
9.954852e-01 -8.358093e-02 -4.498153e-02 1.825960e+02 8.306248e-02 9.964560e-01 -1.327726e-02 2.828945e+00 4.593183e-02 9.481043e-03 9.988996e-01 -2.748440e+00
9.951168e-01 -8.590911e-02 -4.860276e-02 1.848006e+02 8.540926e-02 9.962704e-01 -1.227308e-02 3.027131e+00 4.947586e-02 8.062018e-03 9.987428e-01 -2.822659e+00
9.951792e-01 -8.659706e-02 -4.603674e-02 1.869987e+02 8.669678e-02 9.962347e-01 1.699603e-04 3.186444e+00 4.584868e-02 -4.160378e-03 9.989398e-01 -2.835413e+00
9.948857e-01 -8.649180e-02 -5.216861e-02 1.892033e+02 8.672082e-02 9.962305e-01 2.138170e-03 3.327204e+00 5.178702e-02 -6.651339e-03 9.986360e-01 -2.759791e+00
9.948976e-01 -8.844987e-02 -4.853215e-02 1.914236e+02 8.835192e-02 9.960806e-01 -4.163955e-03 3.523401e+00 4.871023e-02 -1.451985e-04 9.988129e-01 -2.901598e+00
9.947942e-01 -8.997481e-02 -4.784338e-02 1.936341e+02 8.986759e-02 9.959440e-01 -4.391553e-03 3.691122e+00 4.804445e-02 6.912276e-05 9.988452e-01 -2.889574e+00
9.946089e-01 -9.119907e-02 -4.935428e-02 1.958508e+02 9.124058e-02 9.958278e-01 -1.415888e-03 3.884982e+00 4.927749e-02 -3.094858e-03 9.987803e-01 -2.897081e+00
9.942413e-01 -9.323908e-02 -5.282773e-02 1.980912e+02 9.336641e-02 9.956319e-01 -5.794177e-05 4.082770e+00 5.260237e-02 -4.874727e-03 9.986036e-01 -2.944849e+00
9.941216e-01 -9.446477e-02 -5.290328e-02 2.003406e+02 9.461638e-02 9.955138e-01 3.630132e-04 4.266059e+00 5.263165e-02 -5.366396e-03 9.985996e-01 -2.935161e+00
9.938662e-01 -9.635822e-02 -5.426875e-02 2.025934e+02 9.631713e-02 9.953450e-01 -3.378126e-03 4.461046e+00 5.434164e-02 -1.869605e-03 9.985207e-01 -2.968057e+00
9.938106e-01 -9.893601e-02 -5.051894e-02 2.048759e+02 9.884932e-02 9.950933e-01 -4.217853e-03 4.669855e+00 5.068836e-02 -8.020155e-04 9.987142e-01 -2.985063e+00
9.934806e-01 -1.013129e-01 -5.226963e-02 2.071497e+02 1.012671e-01 9.948529e-01 -3.529290e-03 4.879282e+00 5.235815e-02 -1.786915e-03 9.986268e-01 -2.983448e+00
9.932517e-01 -1.040019e-01 -5.132836e-02 2.094433e+02 1.039330e-01 9.945762e-01 -4.015396e-03 5.096244e+00 5.146758e-02 -1.346413e-03 9.986737e-01 -3.022476e+00
9.929086e-01 -1.068257e-01 -5.216113e-02 2.117405e+02 1.067826e-01 9.942759e-01 -3.619927e-03 5.316742e+00 5.224925e-02 -1.975646e-03 9.986321e-01 -3.014749e+00
9.926255e-01 -1.097979e-01 -5.137078e-02 2.140536e+02 1.096348e-01 9.939539e-01 -5.990016e-03 5.544743e+00 5.171788e-02 3.138180e-04 9.986617e-01 -3.047283e+00
9.923680e-01 -1.126968e-01 -5.005117e-02 2.163655e+02 1.125596e-01 9.936293e-01 -5.559763e-03 5.773729e+00 5.035888e-02 -1.164079e-04 9.987312e-01 -3.063182e+00
9.920024e-01 -1.158331e-01 -5.013860e-02 2.186837e+02 1.156499e-01 9.932683e-01 -6.548082e-03 6.022847e+00 5.055957e-02 6.971860e-04 9.987208e-01 -3.059961e+00
9.918057e-01 -1.184116e-01 -4.796003e-02 2.210326e+02 1.182417e-01 9.929644e-01 -6.375080e-03 6.272159e+00 4.837749e-02 6.519647e-04 9.988289e-01 -3.072726e+00
9.913945e-01 -1.214957e-01 -4.874061e-02 2.233686e+02 1.212642e-01 9.925905e-01 -7.690132e-03 6.530694e+00 4.931378e-02 1.713465e-03 9.987819e-01 -3.075474e+00
9.911352e-01 -1.244543e-01 -4.649782e-02 2.257207e+02 1.242087e-01 9.922228e-01 -8.146079e-03 6.796225e+00 4.715001e-02 2.298434e-03 9.988852e-01 -3.123959e+00
9.907354e-01 -1.278880e-01 -4.569627e-02 2.280978e+02 1.276848e-01 9.917874e-01 -7.349364e-03 7.074084e+00 4.626089e-02 1.446554e-03 9.989284e-01 -3.092690e+00
9.902370e-01 -1.315886e-01 -4.599001e-02 2.304607e+02 1.313862e-01 9.913036e-01 -7.409248e-03 7.365383e+00 4.656503e-02 1.294458e-03 9.989144e-01 -3.110643e+00
9.898216e-01 -1.353205e-01 -4.406327e-02 2.328696e+02 1.350729e-01 9.907986e-01 -8.563569e-03 7.667075e+00 4.481665e-02 2.524653e-03 9.989920e-01 -3.112841e+00
9.893786e-01 -1.388136e-01 -4.313697e-02 2.352674e+02 1.385578e-01 9.903145e-01 -8.878566e-03 7.976412e+00 4.395163e-02 2.807298e-03 9.990297e-01 -3.125104e+00
9.889956e-01 -1.420701e-01 -4.127748e-02 2.376689e+02 1.418068e-01 9.898511e-01 -9.254914e-03 8.291282e+00 4.217340e-02 3.299643e-03 9.991049e-01 -3.142868e+00
9.885651e-01 -1.452385e-01 -4.055695e-02 2.400835e+02 1.449753e-01 9.893910e-01 -9.374654e-03 8.611469e+00 4.148823e-02 3.387701e-03 9.991332e-01 -3.126094e+00
9.881405e-01 -1.482248e-01 -4.009590e-02 2.424962e+02 1.479867e-01 9.889497e-01 -8.858241e-03 8.948951e+00 4.096584e-02 2.819526e-03 9.991566e-01 -3.146027e+00
9.876960e-01 -1.514539e-01 -3.896593e-02 2.449379e+02 1.511903e-01 9.884576e-01 -9.642049e-03 9.287072e+00 3.997649e-02 3.632142e-03 9.991940e-01 -3.145419e+00
9.873620e-01 -1.541778e-01 -3.668215e-02 2.473918e+02 1.539301e-01 9.880363e-01 -9.499890e-03 9.638586e+00 3.770796e-02 3.733342e-03 9.992818e-01 -3.143510e+00
9.869599e-01 -1.573681e-01 -3.384446e-02 2.498481e+02 1.570468e-01 9.875187e-01 -1.196859e-02 9.989888e+00 3.530551e-02 6.497357e-03 9.993554e-01 -3.129402e+00
9.865723e-01 -1.606247e-01 -2.957887e-02 2.523066e+02 1.603260e-01 9.869884e-01 -1.222449e-02 1.036678e+01 3.115756e-02 7.318080e-03 9.994877e-01 -3.148377e+00
9.862471e-01 -1.630071e-01 -2.730242e-02 2.547860e+02 1.626853e-01 9.865838e-01 -1.363545e-02 1.073733e+01 2.915880e-02 9.006223e-03 9.995342e-01 -3.142206e+00
9.859669e-01 -1.652015e-01 -2.403730e-02 2.572582e+02 1.649102e-01 9.862140e-01 -1.364841e-02 1.111542e+01 2.596066e-02 9.492888e-03 9.996179e-01 -3.141013e+00
9.855500e-01 -1.677462e-01 -2.350145e-02 2.597620e+02 1.674742e-01 9.857893e-01 -1.311435e-02 1.151386e+01 2.536736e-02 8.988958e-03 9.996378e-01 -3.119830e+00
9.851865e-01 -1.700733e-01 -2.197193e-02 2.622578e+02 1.698320e-01 9.853946e-01 -1.243027e-02 1.191304e+01 2.376508e-02 8.514599e-03 9.996813e-01 -3.143206e+00
9.846978e-01 -1.728539e-01 -2.217655e-02 2.647737e+02 1.726178e-01 9.849138e-01 -1.216622e-02 1.232672e+01 2.394497e-02 8.151985e-03 9.996800e-01 -3.145378e+00
9.842716e-01 -1.751743e-01 -2.287646e-02 2.672931e+02 1.749415e-01 9.845078e-01 -1.182515e-02 1.274650e+01 2.459351e-02 7.637113e-03 9.996684e-01 -3.106145e+00
9.838176e-01 -1.775825e-01 -2.382168e-02 2.698283e+02 1.773674e-01 9.840846e-01 -1.087660e-02 1.317672e+01 2.537404e-02 6.475403e-03 9.996570e-01 -3.146803e+00
9.834151e-01 -1.799147e-01 -2.292096e-02 2.723725e+02 1.796934e-01 9.836566e-01 -1.139283e-02 1.360068e+01 2.459610e-02 7.085139e-03 9.996724e-01 -3.132144e+00
9.828910e-01 -1.827813e-01 -2.272078e-02 2.749145e+02 1.825950e-01 9.831370e-01 -1.003889e-02 1.404204e+01 2.417256e-02 5.718437e-03 9.996914e-01 -3.111713e+00
9.825395e-01 -1.847743e-01 -2.178560e-02 2.774670e+02 1.846032e-01 9.827659e-01 -9.636994e-03 1.449268e+01 2.319082e-02 5.447036e-03 9.997162e-01 -3.119068e+00
9.820434e-01 -1.875701e-01 -2.020515e-02 2.800344e+02 1.874264e-01 9.822394e-01 -8.798534e-03 1.496223e+01 2.149663e-02 4.853564e-03 9.997571e-01 -3.142978e+00
9.817243e-01 -1.893269e-01 -1.930514e-02 2.826147e+02 1.891860e-01 9.819009e-01 -8.899755e-03 1.541912e+01 2.064070e-02 5.084842e-03 9.997740e-01 -3.121611e+00
9.814856e-01 -1.905871e-01 -1.904252e-02 2.851952e+02 1.904192e-01 9.816489e-01 -1.028853e-02 1.588618e+01 2.065393e-02 6.471980e-03 9.997658e-01 -3.129770e+00
9.813144e-01 -1.914413e-01 -1.929505e-02 2.877840e+02 1.912308e-01 9.814688e-01 -1.223769e-02 1.636818e+01 2.128029e-02 8.319212e-03 9.997389e-01 -3.175465e+00
9.813684e-01 -1.911570e-01 -1.936933e-02 2.903896e+02 1.909596e-01 9.815296e-01 -1.159526e-02 1.684866e+01 2.122808e-02 7.680460e-03 9.997451e-01 -3.128706e+00
9.813909e-01 -1.910715e-01 -1.906724e-02 2.930170e+02 1.909026e-01 9.815546e-01 -1.033424e-02 1.732086e+01 2.069011e-02 6.501947e-03 9.997648e-01 -3.150139e+00
9.813595e-01 -1.914766e-01 -1.643985e-02 2.956540e+02 1.913072e-01 9.814649e-01 -1.133552e-02 1.781060e+01 1.830562e-02 7.979156e-03 9.998006e-01 -3.121679e+00
9.813318e-01 -1.918049e-01 -1.409881e-02 2.983005e+02 1.916385e-01 9.813881e-01 -1.234136e-02 1.830038e+01 1.620354e-02 9.409096e-03 9.998245e-01 -3.130989e+00
9.812924e-01 -1.921921e-01 -1.128801e-02 3.009513e+02 1.920576e-01 9.813102e-01 -1.199812e-02 1.878666e+01 1.338299e-02 9.605719e-03 9.998643e-01 -3.140925e+00
9.811782e-01 -1.928107e-01 -1.065176e-02 3.035984e+02 1.927011e-01 9.812011e-01 -1.051518e-02 1.927554e+01 1.247896e-02 8.264663e-03 9.998880e-01 -3.116775e+00
9.808899e-01 -1.943336e-01 -9.464869e-03 3.062909e+02 1.942361e-01 9.809006e-01 -1.032256e-02 1.977999e+01 1.129012e-02 8.286878e-03 9.999020e-01 -3.132614e+00
9.805276e-01 -1.963048e-01 -5.485523e-03 3.089828e+02 1.962286e-01 9.804839e-01 -1.206668e-02 2.028332e+01 7.747216e-03 1.075530e-02 9.999121e-01 -3.110949e+00
9.800864e-01 -1.985081e-01 -5.012302e-03 3.116687e+02 1.984363e-01 9.800384e-01 -1.214703e-02 2.079690e+01 7.323534e-03 1.091052e-02 9.999136e-01 -3.105177e+00
9.796385e-01 -2.007662e-01 -1.209914e-03 3.143654e+02 2.007352e-01 9.795637e-01 -1.265372e-02 2.132146e+01 3.725627e-03 1.215320e-02 9.999192e-01 -3.135862e+00
9.794033e-01 -2.019113e-01 -9.979749e-04 3.170863e+02 2.018877e-01 9.793447e-01 -1.120373e-02 2.183667e+01 3.239521e-03 1.077150e-02 9.999368e-01 -3.087858e+00
9.789223e-01 -2.042286e-01 1.348615e-03 3.198111e+02 2.042313e-01 9.788657e-01 -1.055818e-02 2.238603e+01 8.361701e-04 1.061107e-02 9.999434e-01 -3.120361e+00
9.785593e-01 -2.059405e-01 3.198588e-03 3.225428e+02 2.059638e-01 9.784936e-01 -1.137900e-02 2.290317e+01 -7.864012e-04 1.179382e-02 9.999301e-01 -3.100890e+00
9.781986e-01 -2.076501e-01 2.981232e-03 3.252730e+02 2.076700e-01 9.781455e-01 -1.023046e-02 2.345000e+01 -7.917226e-04 1.062653e-02 9.999432e-01 -3.083459e+00
9.776170e-01 -2.103572e-01 3.858831e-03 3.280493e+02 2.103876e-01 9.775552e-01 -1.108521e-02 2.401816e+01 -1.440367e-03 1.164894e-02 9.999311e-01 -3.114757e+00
9.772282e-01 -2.120497e-01 7.741798e-03 3.307931e+02 2.121193e-01 9.771956e-01 -9.679978e-03 2.457365e+01 -5.512616e-03 1.110173e-02 9.999232e-01 -3.073684e+00
9.765415e-01 -2.151472e-01 8.848984e-03 3.335721e+02 2.152311e-01 9.765123e-01 -9.972670e-03 2.514863e+01 -6.495549e-03 1.164330e-02 9.999111e-01 -3.083351e+00
9.761203e-01 -2.170407e-01 9.085106e-03 3.363661e+02 2.171330e-01 9.760820e-01 -1.083475e-02 2.572476e+01 -6.516226e-03 1.254869e-02 9.999000e-01 -3.094702e+00
9.756975e-01 -2.188619e-01 1.067043e-02 3.391620e+02 2.189604e-01 9.756908e-01 -9.138584e-03 2.631770e+01 -8.410958e-03 1.125289e-02 9.999013e-01 -3.056956e+00
9.752035e-01 -2.211137e-01 9.325763e-03 3.419434e+02 2.211939e-01 9.751911e-01 -8.681147e-03 2.691140e+01 -7.174883e-03 1.052869e-02 9.999188e-01 -3.093470e+00
9.746537e-01 -2.234811e-01 1.031374e-02 3.447560e+02 2.235449e-01 9.746783e-01 -5.490809e-03 2.751969e+01 -8.825486e-03 7.657221e-03 9.999318e-01 -3.088957e+00
9.741315e-01 -2.258121e-01 8.756908e-03 3.476169e+02 2.258711e-01 9.741359e-01 -6.455198e-03 2.815703e+01 -7.072756e-03 8.266144e-03 9.999408e-01 -3.103449e+00
9.735841e-01 -2.281224e-01 9.705876e-03 3.504486e+02 2.281871e-01 9.735979e-01 -6.171040e-03 2.877323e+01 -8.041867e-03 8.222783e-03 9.999338e-01 -3.113739e+00
9.731324e-01 -2.300605e-01 9.244382e-03 3.532940e+02 2.301273e-01 9.731357e-01 -6.945166e-03 2.940381e+01 -7.398231e-03 8.885951e-03 9.999331e-01 -3.110850e+00
9.727136e-01 -2.316455e-01 1.298707e-02 3.561038e+02 2.317532e-01 9.727458e-01 -7.489112e-03 3.003580e+01 -1.089830e-02 1.029456e-02 9.998876e-01 -3.152965e+00
9.724646e-01 -2.327372e-01 1.208135e-02 3.589502e+02 2.328719e-01 9.724420e-01 -1.127075e-02 3.067237e+01 -9.125290e-03 1.377381e-02 9.998635e-01 -3.145430e+00
9.721515e-01 -2.340766e-01 1.138373e-02 3.618191e+02 2.342092e-01 9.721099e-01 -1.217673e-02 3.133101e+01 -8.215945e-03 1.450380e-02 9.998611e-01 -3.170154e+00
9.721552e-01 -2.342014e-01 8.005365e-03 3.646339e+02 2.342915e-01 9.720762e-01 -1.325360e-02 3.195438e+01 -4.677812e-03 1.476014e-02 9.998801e-01 -3.151604e+00
9.718351e-01 -2.355288e-01 7.918959e-03 3.674585e+02 2.356083e-01 9.717820e-01 -1.133661e-02 3.260803e+01 -5.025404e-03 1.288309e-02 9.999044e-01 -3.171421e+00
9.716313e-01 -2.363503e-01 8.440488e-03 3.702847e+02 2.364309e-01 9.715931e-01 -1.034410e-02 3.325141e+01 -5.755891e-03 1.204624e-02 9.999109e-01 -3.169510e+00
9.712736e-01 -2.378138e-01 8.496514e-03 3.731120e+02 2.378819e-01 9.712597e-01 -8.180031e-03 3.391362e+01 -6.306998e-03 9.966214e-03 9.999304e-01 -3.189783e+00
9.712112e-01 -2.380257e-01 9.624488e-03 3.759551e+02 2.381125e-01 9.711941e-01 -9.183018e-03 3.456136e+01 -7.161452e-03 1.121036e-02 9.999115e-01 -3.203797e+00
9.707773e-01 -2.398062e-01 9.185798e-03 3.788271e+02 2.398789e-01 9.707712e-01 -7.847391e-03 3.524041e+01 -7.035455e-03 9.821549e-03 9.999270e-01 -3.222957e+00
9.705802e-01 -2.405386e-01 1.073671e-02 3.817025e+02 2.406355e-01 9.705750e-01 -8.875662e-03 3.591492e+01 -8.285839e-03 1.119817e-02 9.999030e-01 -3.234181e+00
9.701627e-01 -2.422857e-01 9.047243e-03 3.845307e+02 2.423547e-01 9.701586e-01 -7.511188e-03 3.658419e+01 -6.957407e-03 9.479717e-03 9.999309e-01 -3.238188e+00
9.698047e-01 -2.436000e-01 1.174324e-02 3.873907e+02 2.437071e-01 9.698097e-01 -8.738035e-03 3.726111e+01 -9.260121e-03 1.133610e-02 9.998929e-01 -3.268559e+00
9.694844e-01 -2.448614e-01 1.195551e-02 3.902575e+02 2.449520e-01 9.695115e-01 -6.789753e-03 3.795005e+01 -9.928451e-03 9.511085e-03 9.999055e-01 -3.266824e+00
9.693142e-01 -2.456508e-01 9.260960e-03 3.931435e+02 2.457297e-01 9.692999e-01 -8.643913e-03 3.864283e+01 -6.853264e-03 1.065436e-02 9.999198e-01 -3.283386e+00
9.689612e-01 -2.469627e-01 1.111471e-02 3.960244e+02 2.470443e-01 9.689813e-01 -6.668326e-03 3.934195e+01 -9.123119e-03 9.207175e-03 9.999160e-01 -3.302300e+00
9.688271e-01 -2.475708e-01 9.094544e-03 3.989030e+02 2.476507e-01 9.688071e-01 -9.054057e-03 4.004375e+01 -6.569338e-03 1.102409e-02 9.999176e-01 -3.299300e+00
9.682676e-01 -2.496018e-01 1.252192e-02 4.018169e+02 2.496933e-01 9.683043e-01 -6.345842e-03 4.075792e+01 -1.054109e-02 9.271113e-03 9.999015e-01 -3.336738e+00
9.681944e-01 -2.499831e-01 1.039157e-02 4.046968e+02 2.500576e-01 9.682083e-01 -6.603184e-03 4.146072e+01 -8.410515e-03 8.991657e-03 9.999242e-01 -3.331726e+00
9.677368e-01 -2.516790e-01 1.196371e-02 4.076013e+02 2.517654e-01 9.677674e-01 -6.343941e-03 4.218429e+01 -9.981452e-03 9.151313e-03 9.999083e-01 -3.365202e+00
9.675437e-01 -2.525292e-01 9.390702e-03 4.105004e+02 2.526064e-01 9.675343e-01 -8.204947e-03 4.289672e+01 -7.013838e-03 1.031080e-02 9.999222e-01 -3.373765e+00
9.671228e-01 -2.540603e-01 1.126353e-02 4.134408e+02 2.541356e-01 9.671510e-01 -5.829235e-03 4.363366e+01 -9.412557e-03 8.500050e-03 9.999196e-01 -3.384308e+00
9.669678e-01 -2.547918e-01 7.373405e-03 4.163495e+02 2.548344e-01 9.669688e-01 -5.558243e-03 4.436759e+01 -5.713657e-03 7.253639e-03 9.999574e-01 -3.416843e+00
9.666808e-01 -2.558584e-01 8.046810e-03 4.192751e+02 2.559081e-01 9.666833e-01 -5.894884e-03 4.508925e+01 -6.270459e-03 7.757715e-03 9.999502e-01 -3.422938e+00
9.665409e-01 -2.564225e-01 6.801861e-03 4.222029e+02 2.564642e-01 9.665339e-01 -6.190265e-03 4.584747e+01 -4.986906e-03 7.727577e-03 9.999577e-01 -3.448252e+00
9.663787e-01 -2.569951e-01 8.110337e-03 4.251320e+02 2.570517e-01 9.663727e-01 -6.936165e-03 4.658477e+01 -6.055049e-03 8.787738e-03 9.999431e-01 -3.464127e+00
9.663033e-01 -2.573172e-01 6.758685e-03 4.280768e+02 2.573546e-01 9.663018e-01 -5.410884e-03 4.733156e+01 -5.138617e-03 6.967934e-03 9.999625e-01 -3.493770e+00
9.661019e-01 -2.580403e-01 7.889975e-03 4.310438e+02 2.580925e-01 9.660982e-01 -6.511377e-03 4.808605e+01 -5.942293e-03 8.326998e-03 9.999477e-01 -3.491462e+00
9.660771e-01 -2.581217e-01 8.256605e-03 4.339625e+02 2.581701e-01 9.660842e-01 -5.446854e-03 4.883166e+01 -6.570624e-03 7.393690e-03 9.999511e-01 -3.537757e+00
9.658593e-01 -2.589051e-01 9.165313e-03 4.369427e+02 2.589546e-01 9.658781e-01 -4.696001e-03 4.958585e+01 -7.636757e-03 6.909077e-03 9.999470e-01 -3.538214e+00
9.658989e-01 -2.588133e-01 7.410676e-03 4.398877e+02 2.588528e-01 9.659041e-01 -4.963322e-03 5.033657e+01 -5.873429e-03 6.712341e-03 9.999602e-01 -3.558865e+00
9.657974e-01 -2.591764e-01 7.940886e-03 4.428589e+02 2.592190e-01 9.658062e-01 -4.893283e-03 5.110635e+01 -6.401133e-03 6.784348e-03 9.999565e-01 -3.608095e+00
9.656050e-01 -2.598918e-01 7.959208e-03 4.458493e+02 2.599400e-01 9.656075e-01 -5.766812e-03 5.187211e+01 -6.186724e-03 7.637379e-03 9.999517e-01 -3.604206e+00
9.654832e-01 -2.603625e-01 7.317297e-03 4.488463e+02 2.604084e-01 9.654784e-01 -6.234807e-03 5.264844e+01 -5.441382e-03 7.925087e-03 9.999538e-01 -3.636476e+00
9.652441e-01 -2.612007e-01 8.834183e-03 4.518525e+02 2.612649e-01 9.652407e-01 -7.116152e-03 5.342079e+01 -6.668372e-03 9.176886e-03 9.999356e-01 -3.640901e+00
9.652063e-01 -2.613396e-01 8.856226e-03 4.548158e+02 2.614070e-01 9.651989e-01 -7.563991e-03 5.418391e+01 -6.571251e-03 9.615892e-03 9.999322e-01 -3.666026e+00
9.651310e-01 -2.616217e-01 8.726384e-03 4.578291e+02 2.616911e-01 9.651179e-01 -8.063064e-03 5.496696e+01 -6.312517e-03 1.006553e-02 9.999294e-01 -3.676161e+00
9.651439e-01 -2.615880e-01 8.298541e-03 4.608468e+02 2.616524e-01 9.651294e-01 -7.946161e-03 5.575002e+01 -5.930546e-03 9.840523e-03 9.999340e-01 -3.691018e+00
9.650846e-01 -2.618083e-01 8.261571e-03 4.638478e+02 2.618679e-01 9.650769e-01 -7.207017e-03 5.652681e+01 -6.086193e-03 9.118821e-03 9.999399e-01 -3.698749e+00
9.650940e-01 -2.617716e-01 8.312745e-03 4.668882e+02 2.618392e-01 9.650744e-01 -8.470478e-03 5.731841e+01 -5.805087e-03 1.035141e-02 9.999295e-01 -3.716127e+00
9.651803e-01 -2.614397e-01 8.736901e-03 4.699102e+02 2.615075e-01 9.651698e-01 -7.791893e-03 5.809686e+01 -6.395483e-03 9.805347e-03 9.999315e-01 -3.727845e+00
9.653273e-01 -2.609361e-01 7.449226e-03 4.729408e+02 2.609917e-01 9.653093e-01 -7.836944e-03 5.888452e+01 -5.145865e-03 9.509402e-03 9.999415e-01 -3.742541e+00
9.655159e-01 -2.602396e-01 7.380635e-03 4.759951e+02 2.602884e-01 9.655077e-01 -6.679309e-03 5.967226e+01 -5.387841e-03 8.370074e-03 9.999505e-01 -3.747402e+00
9.657733e-01 -2.592844e-01 7.313128e-03 4.790350e+02 2.593352e-01 9.657607e-01 -7.160596e-03 6.045435e+01 -5.206102e-03 8.812063e-03 9.999476e-01 -3.766793e+00
9.656445e-01 -2.597913e-01 6.251085e-03 4.820904e+02 2.598351e-01 9.656224e-01 -7.679332e-03 6.124275e+01 -4.041165e-03 9.039756e-03 9.999509e-01 -3.788614e+00
9.657285e-01 -2.594853e-01 5.978940e-03 4.851498e+02 2.595302e-01 9.656963e-01 -8.632288e-03 6.202996e+01 -3.533889e-03 9.888162e-03 9.999449e-01 -3.799763e+00
9.657757e-01 -2.593296e-01 5.038179e-03 4.882231e+02 2.593617e-01 9.657518e-01 -7.398041e-03 6.282425e+01 -2.947100e-03 8.451560e-03 9.999599e-01 -3.811334e+00
9.658656e-01 -2.590017e-01 4.667736e-03 4.913142e+02 2.590314e-01 9.658389e-01 -7.610615e-03 6.361655e+01 -2.537118e-03 8.559922e-03 9.999601e-01 -3.815099e+00
9.660799e-01 -2.581819e-01 5.632659e-03 4.943743e+02 2.582142e-01 9.660689e-01 -6.034113e-03 6.439909e+01 -3.883638e-03 7.283868e-03 9.999659e-01 -3.853226e+00
9.661086e-01 -2.581199e-01 2.861508e-03 4.974637e+02 2.581347e-01 9.660777e-01 -7.761133e-03 6.519417e+01 -7.611362e-04 8.236752e-03 9.999658e-01 -3.849622e+00
9.660735e-01 -2.582310e-01 4.327592e-03 5.005602e+02 2.582587e-01 9.660420e-01 -8.066474e-03 6.597936e+01 -2.097622e-03 8.910445e-03 9.999581e-01 -3.879025e+00
9.662050e-01 -2.577385e-01 4.326495e-03 5.036760e+02 2.577658e-01 9.661754e-01 -7.868328e-03 6.677734e+01 -2.152182e-03 8.717640e-03 9.999597e-01 -3.885412e+00
9.662559e-01 -2.575516e-01 4.087744e-03 5.067806e+02 2.575786e-01 9.662168e-01 -8.850172e-03 6.756832e+01 -1.670271e-03 9.604447e-03 9.999525e-01 -3.901456e+00
9.661346e-01 -2.580012e-01 4.391124e-03 5.098756e+02 2.580325e-01 9.660891e-01 -9.535016e-03 6.836105e+01 -1.782171e-03 1.034516e-02 9.999449e-01 -3.907737e+00
9.662110e-01 -2.577431e-01 2.188555e-03 5.130151e+02 2.577505e-01 9.661375e-01 -1.196348e-02 6.916058e+01 9.690591e-04 1.212335e-02 9.999260e-01 -3.918142e+00
9.658524e-01 -2.590368e-01 5.397092e-03 5.161554e+02 2.590862e-01 9.657686e-01 -1.286424e-02 6.996593e+01 -1.880030e-03 1.382327e-02 9.999027e-01 -3.918099e+00
9.655902e-01 -2.599716e-01 7.100378e-03 5.192418e+02 2.600457e-01 9.655073e-01 -1.310752e-02 7.075218e+01 -3.447884e-03 1.450292e-02 9.998889e-01 -3.925416e+00
9.649132e-01 -2.623181e-01 1.147618e-02 5.223501e+02 2.624617e-01 9.648468e-01 -1.358493e-02 7.155917e+01 -7.509183e-03 1.612034e-02 9.998419e-01 -3.944965e+00
9.642982e-01 -2.644553e-01 1.386522e-02 5.254744e+02 2.646412e-01 9.642465e-01 -1.390734e-02 7.236679e+01 -9.691617e-03 1.708013e-02 9.998072e-01 -3.939627e+00
9.636946e-01 -2.666045e-01 1.465483e-02 5.285550e+02 2.668033e-01 9.636512e-01 -1.386276e-02 7.318095e+01 -1.042627e-02 1.726943e-02 9.997965e-01 -3.942122e+00
9.630633e-01 -2.688411e-01 1.528284e-02 5.316711e+02 2.690533e-01 9.630222e-01 -1.409560e-02 7.399577e+01 -1.092824e-02 1.768686e-02 9.997839e-01 -3.960588e+00
9.624949e-01 -2.709191e-01 1.436668e-02 5.347634e+02 2.711160e-01 9.624423e-01 -1.417763e-02 7.482754e+01 -9.986108e-03 1.754093e-02 9.997963e-01 -3.947778e+00
9.618746e-01 -2.730682e-01 1.519815e-02 5.378975e+02 2.732865e-01 9.618185e-01 -1.482810e-02 7.566597e+01 -1.056878e-02 1.841622e-02 9.997746e-01 -3.942984e+00
9.611301e-01 -2.757153e-01 1.448997e-02 5.410142e+02 2.759143e-01 9.610773e-01 -1.421301e-02 7.651798e+01 -1.000724e-02 1.765855e-02 9.997940e-01 -3.950343e+00
9.607311e-01 -2.771679e-01 1.317553e-02 5.441214e+02 2.773405e-01 9.606720e-01 -1.383224e-02 7.736864e+01 -8.823515e-03 1.694317e-02 9.998176e-01 -3.951540e+00
9.600388e-01 -2.796020e-01 1.217920e-02 5.472170e+02 2.797534e-01 9.599800e-01 -1.328922e-02 7.823517e+01 -7.976096e-03 1.616533e-02 9.998375e-01 -3.952034e+00
9.595816e-01 -2.812217e-01 1.083763e-02 5.503353e+02 2.813602e-01 9.594910e-01 -1.461963e-02 7.909964e+01 -6.287251e-03 1.707801e-02 9.998344e-01 -3.947767e+00
9.590511e-01 -2.830420e-01 1.040653e-02 5.534493e+02 2.831818e-01 9.589297e-01 -1.618044e-02 7.997800e+01 -5.399385e-03 1.846480e-02 9.998149e-01 -3.944319e+00
9.585403e-01 -2.847258e-01 1.147521e-02 5.565873e+02 2.848688e-01 9.584681e-01 -1.373571e-02 8.086840e+01 -7.087708e-03 1.643516e-02 9.998398e-01 -3.936549e+00
9.582987e-01 -2.856303e-01 8.876101e-03 5.597106e+02 2.857399e-01 9.581786e-01 -1.568661e-02 8.173965e+01 -4.024320e-03 1.756871e-02 9.998376e-01 -3.943337e+00
9.577552e-01 -2.873903e-01 1.057602e-02 5.628149e+02 2.875265e-01 9.576539e-01 -1.508297e-02 8.263548e+01 -5.793472e-03 1.748667e-02 9.998303e-01 -3.958058e+00
