1.000000e+00 0.000000e+00 0.000000e+00 0.000000e+00 0.000000e+00 1.000000e+00 0.000000e+00 0.000000e+00 0.000000e+00 0.000000e+00 1.000000e+00 0.000000e+00
9.999912e-01 3.945753e-03 1.434793e-03 9.082358e-01 -3.945780e-03 9.999923e-01 1.518997e-05 -7.566479e-03 -1.434722e-03 -2.085121e-05 9.999990e-01 -1.214898e-02
9.999829e-01 4.996847e-03 3.047100e-03 1.598868e+00 -4.999245e-03 9.999872e-01 7.798964e-04 -1.746625e-02 -3.043164e-03 -7.951162e-04 9.999951e-01 -2.743108e-02
9.999632e-01 7.396764e-03 4.358090e-03 2.265303e+00 -7.393930e-03 9.999726e-01 -6.660046e-04 -3.170160e-02 -4.362896e-03 6.337566e-04 9.999903e-01 -4.065740e-02
9.999454e-01 9.463545e-03 4.427821e-03 2.899838e+00 -9.463787e-03 9.999552e-01 3.389910e-05 -5.122346e-02 -4.427302e-03 -7.580121e-05 9.999902e-01 -5.840192e-02
9.999306e-01 1.122591e-02 3.569748e-03 3.532064e+00 -1.122941e-02 9.999365e-01 9.619014e-04 -6.461813e-02 -3.558723e-03 -1.001921e-03 9.999931e-01 -6.927891e-02
9.999195e-01 1.180882e-02 4.651253e-03 4.150246e+00 -1.182094e-02 9.999268e-01 2.587548e-03 -7.608170e-02 -4.620356e-03 -2.642322e-03 9.999858e-01 -8.241120e-02
9.999084e-01 1.249920e-02 5.192140e-03 4.769481e+00 -1.251351e-02 9.999180e-01 2.733102e-03 -9.161679e-02 -5.157552e-03 -2.797823e-03 9.999828e-01 -7.970071e-02
9.998975e-01 1.329218e-02 5.323755e-03 5.359844e+00 -1.330562e-02 9.999084e-01 2.497063e-03 -1.109334e-01 -5.290075e-03 -2.567643e-03 9.999827e-01 -1.107336e-01
9.998916e-01 1.378530e-02 5.175109e-03 5.954453e+00 -1.379434e-02 9.999034e-01 1.716393e-03 -1.209538e-01 -5.150947e-03 -1.787594e-03 9.999852e-01 -1.227417e-01
9.998795e-01 1.479371e-02 4.705459e-03 6.528867e+00 -1.479969e-02 9.998897e-01 1.239342e-03 -1.401915e-01 -4.686605e-03 -1.308832e-03 9.999881e-01 -1.245672e-01
9.998680e-01 1.527676e-02 5.528824e-03 7.084531e+00 -1.528320e-02 9.998827e-01 1.123839e-03 -1.523051e-01 -5.511006e-03 -1.208188e-03 9.999841e-01 -1.373814e-01
9.998451e-01 1.683646e-02 5.116705e-03 7.633627e+00 -1.684350e-02 9.998573e-01 1.337318e-03 -1.719170e-01 -5.093460e-03 -1.423294e-03 9.999860e-01 -1.508109e-01
9.998108e-01 1.809540e-02 7.134790e-03 8.158557e+00 -1.810837e-02 9.998344e-01 1.757522e-03 -1.934847e-01 -7.101806e-03 -1.886389e-03 9.999730e-01 -1.703089e-01
9.997986e-01 1.913242e-02 6.059230e-03 8.693336e+00 -1.914374e-02 9.998151e-01 1.816518e-03 -2.117433e-01 -6.023355e-03 -1.932148e-03 9.999800e-01 -1.748022e-01
9.997773e-01 2.016354e-02 6.222778e-03 9.207459e+00 -2.017778e-02 9.997939e-01 2.233636e-03 -2.254299e-01 -6.176458e-03 -2.358701e-03 9.999781e-01 -1.929977e-01
9.997627e-01 2.084356e-02 6.334078e-03 9.700691e+00 -2.085683e-02 9.997803e-01 2.035811e-03 -2.431993e-01 -6.290254e-03 -2.167436e-03 9.999779e-01 -1.951038e-01
9.997517e-01 2.163783e-02 5.318864e-03 1.019002e+01 -2.164678e-02 9.997644e-01 1.630275e-03 -2.565148e-01 -5.282335e-03 -1.745007e-03 9.999845e-01 -2.176875e-01
9.997268e-01 2.272570e-02 5.475501e-03 1.065685e+01 -2.273582e-02 9.997400e-01 1.792315e-03 -2.725368e-01 -5.433345e-03 -1.916315e-03 9.999834e-01 -2.287933e-01
9.997124e-01 2.352557e-02 4.648844e-03 1.111230e+01 -2.352999e-02 9.997227e-01 8.992120e-04 -2.878736e-01 -4.626401e-03 -1.008341e-03 9.999888e-01 -2.262092e-01
9.996905e-01 2.437576e-02 4.965010e-03 1.155010e+01 -2.437895e-02 9.997026e-01 5.836143e-04 -3.042962e-01 -4.949308e-03 -7.044754e-04 9.999875e-01 -2.409556e-01
9.996696e-01 2.521428e-02 4.993967e-03 1.196981e+01 -2.522154e-02 9.996810e-01 1.394818e-03 -3.223120e-01 -4.957204e-03 -1.520313e-03 9.999865e-01 -2.486844e-01
9.996641e-01 2.543087e-02 5.004027e-03 1.239327e+01 -2.544412e-02 9.996729e-01 2.601588e-03 -3.374764e-01 -4.936230e-03 -2.728037e-03 9.999841e-01 -2.609879e-01
9.996436e-01 2.642426e-02 3.813135e-03 1.281393e+01 -2.643650e-02 9.996455e-01 3.194988e-03 -3.526286e-01 -3.727357e-03 -3.294655e-03 9.999876e-01 -2.688695e-01
9.996319e-01 2.689340e-02 3.568676e-03 1.322458e+01 -2.690546e-02 9.996324e-01 3.373744e-03 -3.674224e-01 -3.476633e-03 -3.468520e-03 9.999880e-01 -2.769060e-01
9.996164e-01 2.743406e-02 3.791322e-03 1.365392e+01 -2.744946e-02 9.996148e-01 4.071515e-03 -3.828751e-01 -3.678164e-03 -4.174022e-03 9.999845e-01 -2.792446e-01
9.995790e-01 2.861024e-02 4.816643e-03 1.406346e+01 -2.862965e-02 9.995819e-01 4.010136e-03 -4.038401e-01 -4.699899e-03 -4.146346e-03 9.999803e-01 -2.932981e-01
9.995666e-01 2.900673e-02 5.024141e-03 1.447345e+01 -2.902816e-02 9.995695e-01 4.246498e-03 -4.194625e-01 -4.898802e-03 -4.390499e-03 9.999784e-01 -2.956724e-01
9.995451e-01 2.969420e-02 5.276300e-03 1.488890e+01 -2.971589e-02 9.995501e-01 4.079849e-03 -4.406828e-01 -5.152778e-03 -4.234783e-03 9.999778e-01 -3.088961e-01
9.995142e-01 3.062100e-02 5.800826e-03 1.530861e+01 -3.065152e-02 9.995164e-01 5.248008e-03 -4.612301e-01 -5.637321e-03 -5.423263e-03 9.999694e-01 -3.203529e-01
9.995011e-01 3.126797e-02 4.448892e-03 1.572819e+01 -3.129164e-02 9.994960e-01 5.353273e-03 -4.718882e-01 -4.279263e-03 -5.489815e-03 9.999758e-01 -3.312267e-01
9.994842e-01 3.168112e-02 5.249735e-03 1.614132e+01 -3.171035e-02 9.994814e-01 5.581204e-03 -4.909387e-01 -5.070194e-03 -5.744796e-03 9.999707e-01 -3.277001e-01
9.994743e-01 3.211994e-02 4.403736e-03 1.655502e+01 -3.214456e-02 9.994674e-01 5.637589e-03 -5.130512e-01 -4.220312e-03 -5.776182e-03 9.999744e-01 -3.452767e-01
9.994530e-01 3.269770e-02 4.949499e-03 1.696334e+01 -3.272318e-02 9.994510e-01 5.159063e-03 -5.264037e-01 -4.778093e-03 -5.318205e-03 9.999744e-01 -3.543525e-01
9.994254e-01 3.372626e-02 3.368587e-03 1.737879e+01 -3.374292e-02 9.994179e-01 5.020887e-03 -5.514101e-01 -3.197290e-03 -5.131668e-03 9.999817e-01 -3.622061e-01
9.994117e-01 3.406671e-02 3.958000e-03 1.778845e+01 -3.408487e-02 9.994081e-01 4.614658e-03 -5.671321e-01 -3.798452e-03 -4.746851e-03 9.999815e-01 -3.656628e-01
9.993938e-01 3.458088e-02 4.037201e-03 1.821438e+01 -3.459711e-02 9.993932e-01 4.023488e-03 -5.853429e-01 -3.895616e-03 -4.160724e-03 9.999837e-01 -3.741147e-01
9.993599e-01 3.559820e-02 3.541507e-03 1.863237e+01 -3.560905e-02 9.993612e-01 3.048613e-03 -6.070383e-01 -3.430719e-03 -3.172771e-03 9.999891e-01 -3.878609e-01
9.993428e-01 3.613931e-02 2.811704e-03 1.905755e+01 -3.614701e-02 9.993427e-01 2.736893e-03 -6.229346e-01 -2.710946e-03 -2.836729e-03 9.999923e-01 -3.969454e-01
9.993322e-01 3.653216e-02 6.396252e-04 1.949926e+01 -3.653349e-02 9.993300e-01 2.216554e-03 -6.367961e-01 -5.582212e-04 -2.238441e-03 9.999973e-01 -4.153830e-01
9.993207e-01 3.684400e-02 -7.188570e-04 1.993142e+01 -3.684174e-02 9.993168e-01 2.936072e-03 -6.635597e-01 8.265426e-04 -2.907594e-03 9.999954e-01 -4.160898e-01
9.993296e-01 3.661026e-02 -2.426949e-04 2.037851e+01 -3.660917e-02 9.993234e-01 3.549164e-03 -6.764967e-01 3.724665e-04 -3.537900e-03 9.999937e-01 -4.143322e-01
9.993420e-01 3.626701e-02 -5.625727e-04 2.083014e+01 -3.626258e-02 9.993210e-01 6.523743e-03 -7.001791e-01 7.987873e-04 -6.499050e-03 9.999785e-01 -4.288175e-01
9.993527e-01 3.597071e-02 -5.999949e-04 2.128267e+01 -3.596401e-02 9.993138e-01 8.845400e-03 -7.186191e-01 9.177586e-04 -8.818096e-03 9.999607e-01 -4.423603e-01
9.993364e-01 3.634883e-02 -2.332254e-03 2.176060e+01 -3.632013e-02 9.992757e-01 1.135093e-02 -7.413986e-01 2.743158e-03 -1.125869e-02 9.999329e-01 -4.565727e-01
9.993544e-01 3.564924e-02 -4.455841e-03 2.223929e+01 -3.559514e-02 9.992981e-01 1.168169e-02 -7.525186e-01 4.869157e-03 -1.151554e-02 9.999219e-01 -4.676611e-01
9.993637e-01 3.537061e-02 -4.602462e-03 2.273268e+01 -3.531036e-02 9.992975e-01 1.257324e-02 -7.749217e-01 5.043950e-03 -1.240273e-02 9.999104e-01 -4.633319e-01
9.993708e-01 3.516145e-02 -4.668531e-03 2.323660e+01 -3.511365e-02 9.993336e-01 9.954162e-03 -8.027440e-01 5.015424e-03 -9.783968e-03 9.999396e-01 -4.751445e-01
9.993674e-01 3.546744e-02 -2.616012e-03 2.375167e+01 -3.544401e-02 9.993353e-01 8.518357e-03 -8.284169e-01 2.916398e-03 -8.420246e-03 9.999603e-01 -4.909367e-01
9.993684e-01 3.524998e-02 -4.491496e-03 2.427790e+01 -3.521414e-02 9.993491e-01 7.824834e-03 -8.437431e-01 4.764398e-03 -7.661728e-03 9.999593e-01 -5.046306e-01
9.993643e-01 3.523270e-02 -5.453861e-03 2.481027e+01 -3.517979e-02 9.993356e-01 9.510349e-03 -8.691865e-01 5.785313e-03 -9.312437e-03 9.999399e-01 -5.291513e-01
9.993435e-01 3.497192e-02 -9.459653e-03 2.535109e+01 -3.486645e-02 9.993305e-01 1.109278e-02 -8.847970e-01 9.841255e-03 -1.075567e-02 9.998937e-01 -5.299120e-01
9.993629e-01 3.440452e-02 -9.496342e-03 2.591128e+01 -3.429475e-02 9.993457e-01 1.148981e-02 -9.065046e-01 9.885430e-03 -1.115681e-02 9.998889e-01 -5.342223e-01
9.993675e-01 3.442844e-02 -8.905824e-03 2.648954e+01 -3.434448e-02 9.993657e-01 9.415639e-03 -9.339279e-01 9.224340e-03 -9.103817e-03 9.999160e-01 -5.378597e-01
9.993693e-01 3.486777e-02 -6.727138e-03 2.707676e+01 -3.482477e-02 9.993727e-01 6.406735e-03 -9.649475e-01 6.946308e-03 -6.168424e-03 9.999568e-01 -5.513175e-01
9.993481e-01 3.509172e-02 -8.483337e-03 2.766236e+01 -3.504261e-02 9.993685e-01 5.869618e-03 -9.892554e-01 8.683955e-03 -5.568513e-03 9.999468e-01 -5.793198e-01
9.993192e-01 3.524788e-02 -1.089657e-02 2.825828e+01 -3.518127e-02 9.993614e-01 6.245744e-03 -1.004948e+00 1.110976e-02 -5.858137e-03 9.999211e-01 -5.882842e-01
9.993009e-01 3.561508e-02 -1.137092e-02 2.887214e+01 -3.550543e-02 9.993224e-01 9.703858e-03 -1.033235e+00 1.170882e-02 -9.293344e-03 9.998882e-01 -5.991262e-01
9.992856e-01 3.578465e-02 -1.215464e-02 2.948977e+01 -3.564347e-02 9.992969e-01 1.163992e-02 -1.065956e+00 1.256262e-02 -1.119837e-02 9.998584e-01 -6.087767e-01
9.992958e-01 3.564054e-02 -1.173101e-02 3.012805e+01 -3.549977e-02 9.992977e-01 1.199636e-02 -1.089523e+00 1.215033e-02 -1.157147e-02 9.998592e-01 -6.210331e-01
9.992915e-01 3.571360e-02 -1.187615e-02 3.077103e+01 -3.557795e-02 9.993016e-01 1.144358e-02 -1.116132e+00 1.227654e-02 -1.101294e-02 9.998640e-01 -6.292144e-01
9.992782e-01 3.608215e-02 -1.188093e-02 3.142184e+01 -3.594800e-02 9.992896e-01 1.131728e-02 -1.152629e+00 1.228084e-02 -1.088202e-02 9.998654e-01 -6.535866e-01
9.992774e-01 3.621253e-02 -1.154972e-02 3.208568e+01 -3.608203e-02 9.992847e-01 1.131393e-02 -1.180511e+00 1.195117e-02 -1.088901e-02 9.998693e-01 -6.626577e-01
9.992675e-01 3.615985e-02 -1.253028e-02 3.275943e+01 -3.597753e-02 9.992477e-01 1.448195e-02 -1.200991e+00 1.304452e-02 -1.402054e-02 9.998166e-01 -6.946062e-01
9.992197e-01 3.626249e-02 -1.565446e-02 3.345076e+01 -3.598702e-02 9.991986e-01 1.753389e-02 -1.230544e+00 1.627774e-02 -1.695685e-02 9.997237e-01 -6.953977e-01
9.992129e-01 3.620451e-02 -1.621326e-02 3.414773e+01 -3.593141e-02 9.992126e-01 1.683026e-02 -1.258768e+00 1.680982e-02 -1.623445e-02 9.997269e-01 -7.235959e-01
9.992257e-01 3.682517e-02 -1.384839e-02 3.486409e+01 -3.665171e-02 9.992490e-01 1.257716e-02 -1.298868e+00 1.430114e-02 -1.205986e-02 9.998250e-01 -7.337155e-01
9.992096e-01 3.726841e-02 -1.382999e-02 3.559053e+01 -3.714957e-02 9.992714e-01 8.752548e-03 -1.338945e+00 1.414611e-02 -8.231851e-03 9.998661e-01 -7.511181e-01
9.991862e-01 3.749913e-02 -1.485681e-02 3.631441e+01 -3.740220e-02 9.992776e-01 6.749686e-03 -1.362256e+00 1.509918e-02 -6.188516e-03 9.998668e-01 -7.716169e-01
9.992077e-01 3.769572e-02 -1.276756e-02 3.705474e+01 -3.757503e-02 9.992480e-01 9.564940e-03 -1.398516e+00 1.311851e-02 -9.077620e-03 9.998727e-01 -7.775392e-01
9.992353e-01 3.739800e-02 -1.140886e-02 3.779890e+01 -3.724833e-02 9.992206e-01 1.306074e-02 -1.432698e+00 1.188842e-02 -1.262579e-02 9.998496e-01 -7.998008e-01
9.992445e-01 3.727263e-02 -1.101029e-02 3.856430e+01 -3.711894e-02 9.992148e-01 1.384796e-02 -1.469626e+00 1.151779e-02 -1.342881e-02 9.998435e-01 -8.153742e-01
9.992774e-01 3.647603e-02 -1.068986e-02 3.934613e+01 -3.634816e-02 9.992681e-01 1.192202e-02 -1.506106e+00 1.111690e-02 -1.152485e-02 9.998718e-01 -8.293353e-01
9.993334e-01 3.493407e-02 -1.060250e-02 4.012498e+01 -3.483127e-02 9.993460e-01 9.730360e-03 -1.538196e+00 1.093548e-02 -9.354576e-03 9.998965e-01 -8.556181e-01
9.993749e-01 3.413760e-02 -9.186390e-03 4.092337e+01 -3.406098e-02 9.993845e-01 8.372121e-03 -1.574100e+00 9.466541e-03 -8.053991e-03 9.999228e-01 -8.733068e-01
9.994164e-01 3.356840e-02 -6.332840e-03 4.173267e+01 -3.350727e-02 9.993931e-01 9.522805e-03 -1.613875e+00 6.648662e-03 -9.305051e-03 9.999346e-01 -8.623301e-01
9.994691e-01 3.222083e-02 -4.824458e-03 4.254040e+01 -3.216042e-02 9.994092e-01 1.211501e-02 -1.654892e+00 5.211963e-03 -1.195342e-02 9.999149e-01 -9.122319e-01
9.995216e-01 3.089402e-02 -1.481424e-03 4.336259e+01 -3.087329e-02 9.994462e-01 1.241161e-02 -1.683594e+00 1.864048e-03 -1.235994e-02 9.999219e-01 -9.190550e-01
9.995802e-01 2.878152e-02 -3.319872e-03 4.420541e+01 -2.873824e-02 9.995097e-01 1.242229e-02 -1.715701e+00 3.675777e-03 -1.232167e-02 9.999173e-01 -9.399729e-01
9.996328e-01 2.709404e-02 -3.104880e-04 4.504586e+01 -2.709100e-02 9.996055e-01 7.412310e-03 -1.746263e+00 5.111949e-04 -7.401177e-03 9.999725e-01 -9.625512e-01
9.996630e-01 2.591112e-02 1.599185e-03 4.588863e+01 -2.592211e-02 9.996372e-01 7.286455e-03 -1.786844e+00 -1.409805e-03 -7.325453e-03 9.999722e-01 -9.843746e-01
9.996842e-01 2.502679e-02 2.258940e-03 4.674646e+01 -2.503979e-02 9.996688e-01 5.921901e-03 -1.818520e+00 -2.109986e-03 -5.976595e-03 9.999799e-01 -9.794230e-01
9.997120e-01 2.398743e-02 7.348892e-04 4.760762e+01 -2.399280e-02 9.996762e-01 8.483399e-03 -1.847145e+00 -5.311564e-04 -8.498587e-03 9.999638e-01 -1.044839e+00
9.997162e-01 2.380311e-02 9.948912e-04 4.848547e+01 -2.381009e-02 9.996866e-01 7.718199e-03 -1.871806e+00 -8.108623e-04 -7.739697e-03 9.999697e-01 -1.007264e+00
9.997358e-01 2.298489e-02 3.495997e-04 4.935281e+01 -2.298706e-02 9.996979e-01 8.684985e-03 -1.898844e+00 -1.498706e-04 -8.690726e-03 9.999622e-01 -1.068627e+00
9.997585e-01 2.194567e-02 1.116351e-03 5.023886e+01 -2.195427e-02 9.997237e-01 8.382653e-03 -1.934454e+00 -9.320800e-04 -8.405137e-03 9.999642e-01 -1.060279e+00
9.997866e-01 2.051536e-02 2.413621e-03 5.111933e+01 -2.053872e-02 9.997380e-01 1.009151e-02 -1.951045e+00 -2.205958e-03 -1.013892e-02 9.999462e-01 -1.097576e+00
9.998072e-01 1.938544e-02 3.120000e-03 5.200061e+01 -1.941771e-02 9.997544e-01 1.066998e-02 -1.977780e+00 -2.912392e-03 -1.072850e-02 9.999382e-01 -1.126123e+00
9.998198e-01 1.878363e-02 2.744879e-03 5.288541e+01 -1.881349e-02 9.997593e-01 1.129062e-02 -2.003834e+00 -2.532139e-03 -1.134022e-02 9.999325e-01 -1.137562e+00
9.998439e-01 1.757341e-02 -1.840441e-03 5.376224e+01 -1.754998e-02 9.997733e-01 1.205498e-02 -2.026383e+00 2.051871e-03 -1.202080e-02 9.999256e-01 -1.170668e+00
9.998593e-01 1.666302e-02 -1.925382e-03 5.466537e+01 -1.664247e-02 9.998091e-01 1.023747e-02 -2.055005e+00 2.095602e-03 -1.020399e-02 9.999458e-01 -1.186481e+00
9.998602e-01 1.609289e-02 -4.538484e-03 5.555228e+01 -1.606334e-02 9.998500e-01 6.474166e-03 -2.073098e+00 4.641991e-03 -6.400357e-03 9.999688e-01 -1.211495e+00
9.998526e-01 1.634310e-02 -5.262823e-03 5.642339e+01 -1.631551e-02 9.998531e-01 5.242970e-03 -2.096924e+00 5.347736e-03 -5.156332e-03 9.999724e-01 -1.243356e+00
9.998326e-01 1.666828e-02 -7.550246e-03 5.730660e+01 -1.662065e-02 9.998417e-01 6.328018e-03 -2.121881e+00 7.654529e-03 -6.201469e-03 9.999515e-01 -1.254193e+00
9.998226e-01 1.695953e-02 -8.200541e-03 5.817506e+01 -1.689028e-02 9.998218e-01 8.442027e-03 -2.141779e+00 8.342251e-03 -8.302019e-03 9.999307e-01 -1.290319e+00
9.997884e-01 1.833986e-02 -9.316878e-03 5.904845e+01 -1.824898e-02 9.997860e-01 9.748310e-03 -2.174997e+00 9.493668e-03 -9.576224e-03 9.999091e-01 -1.299939e+00
9.997862e-01 1.919881e-02 -7.680321e-03 5.992339e+01 -1.913270e-02 9.997801e-01 8.590239e-03 -2.207590e+00 7.843554e-03 -8.441457e-03 9.999336e-01 -1.313949e+00
9.998077e-01 1.903293e-02 -4.730378e-03 6.078586e+01 -1.899628e-02 9.997901e-01 7.674212e-03 -2.224016e+00 4.875448e-03 -7.582876e-03 9.999593e-01 -1.342026e+00
9.998083e-01 1.880367e-02 -5.452567e-03 6.165356e+01 -1.875793e-02 9.997895e-01 8.321989e-03 -2.247529e+00 5.607903e-03 -8.218115e-03 9.999505e-01 -1.372860e+00
9.998147e-01 1.826099e-02 -6.091215e-03 6.250007e+01 -1.819900e-02 9.997835e-01 1.008098e-02 -2.272001e+00 6.273985e-03 -9.968260e-03 9.999306e-01 -1.387425e+00
9.998290e-01 1.755437e-02 -5.818855e-03 6.336153e+01 -1.749186e-02 9.997905e-01 1.062501e-02 -2.292437e+00 6.004152e-03 -1.052141e-02 9.999266e-01 -1.416506e+00
9.998349e-01 1.721544e-02 -5.816911e-03 6.421852e+01 -1.715440e-02 9.997988e-01 1.038511e-02 -2.315799e+00 5.994525e-03 -1.028361e-02 9.999291e-01 -1.440432e+00
9.998316e-01 1.705878e-02 -6.762134e-03 6.507487e+01 -1.699576e-02 9.998126e-01 9.270170e-03 -2.343112e+00 6.919004e-03 -9.153682e-03 9.999341e-01 -1.447830e+00
9.998462e-01 1.654817e-02 -5.819625e-03 6.591433e+01 -1.649884e-02 9.998282e-01 8.424394e-03 -2.363972e+00 5.958035e-03 -8.327080e-03 9.999476e-01 -1.493889e+00
9.998602e-01 1.631681e-02 -3.666105e-03 6.675929e+01 -1.628690e-02 9.998350e-01 8.044671e-03 -2.389539e+00 3.796763e-03 -7.983837e-03 9.999609e-01 -1.498857e+00
9.998667e-01 1.572018e-02 -4.410915e-03 6.760143e+01 -1.568138e-02 9.998393e-01 8.697256e-03 -2.406976e+00 4.546928e-03 -8.626929e-03 9.999524e-01 -1.524850e+00
9.998749e-01 1.546867e-02 -3.286025e-03 6.843377e+01 -1.543640e-02 9.998344e-01 9.629312e-03 -2.433411e+00 3.434434e-03 -9.577383e-03 9.999483e-01 -1.565937e+00
9.998924e-01 1.445759e-02 -2.469129e-03 6.927895e+01 -1.442844e-02 9.998304e-01 1.144084e-02 -2.452387e+00 2.634117e-03 -1.140398e-02 9.999315e-01 -1.560730e+00
9.999076e-01 1.310644e-02 -3.606437e-03 7.010567e+01 -1.306128e-02 9.998394e-01 1.227279e-02 -2.472225e+00 3.766710e-03 -1.222455e-02 9.999182e-01 -1.595495e+00
9.999251e-01 1.193535e-02 -2.710656e-03 7.093741e+01 -1.189930e-02 9.998454e-01 1.294992e-02 -2.485183e+00 2.864798e-03 -1.291670e-02 9.999125e-01 -1.622683e+00
9.999390e-01 1.028064e-02 -4.044601e-03 7.177464e+01 -1.023542e-02 9.998866e-01 1.104565e-02 -2.501896e+00 4.157699e-03 -1.100358e-02 9.999308e-01 -1.641613e+00
9.999561e-01 8.849656e-03 -3.097027e-03 7.260579e+01 -8.822892e-03 9.999245e-01 8.551243e-03 -2.522666e+00 3.172469e-03 -8.523542e-03 9.999586e-01 -1.665028e+00
9.999677e-01 7.625109e-03 -2.551126e-03 7.343510e+01 -7.610942e-03 9.999559e-01 5.517622e-03 -2.539234e+00 2.593086e-03 -5.498026e-03 9.999815e-01 -1.673007e+00
9.999786e-01 6.534533e-03 3.082770e-04 7.425105e+01 -6.535447e-03 9.999740e-01 3.066918e-03 -2.556872e+00 -2.882281e-04 -3.068867e-03 9.999952e-01 -1.709401e+00
9.999831e-01 5.490501e-03 1.937803e-03 7.506787e+01 -5.499299e-03 9.999745e-01 4.564126e-03 -2.567949e+00 -1.912694e-03 -4.574705e-03 9.999877e-01 -1.715299e+00
9.999856e-01 4.528696e-03 2.884739e-03 7.588078e+01 -4.551704e-03 9.999573e-01 8.019760e-03 -2.581116e+00 -2.848298e-03 -8.032775e-03 9.999637e-01 -1.752684e+00
9.999887e-01 4.359716e-03 1.886873e-03 7.669500e+01 -4.380471e-03 9.999284e-01 1.113890e-02 -2.595434e+00 -1.838175e-03 -1.114704e-02 9.999362e-01 -1.768076e+00
9.999907e-01 4.177593e-03 1.090587e-03 7.749776e+01 -4.189484e-03 9.999293e-01 1.113926e-02 -2.605772e+00 -1.043974e-03 -1.114373e-02 9.999374e-01 -1.787978e+00
9.999877e-01 4.769177e-03 1.357456e-03 7.830866e+01 -4.780789e-03 9.999508e-01 8.683620e-03 -2.623978e+00 -1.315975e-03 -8.690003e-03 9.999614e-01 -1.811148e+00
9.999802e-01 6.287772e-03 2.179337e-04 7.912904e+01 -6.289038e-03 9.999597e-01 6.400404e-03 -2.647003e+00 -1.776807e-04 -6.401649e-03 9.999795e-01 -1.828439e+00
9.999683e-01 7.901696e-03 9.979072e-04 7.992319e+01 -7.907320e-03 9.999521e-01 5.762247e-03 -2.669496e+00 -9.523280e-04 -5.769955e-03 9.999829e-01 -1.841681e+00
9.999571e-01 9.072145e-03 1.832895e-03 8.072937e+01 -9.084342e-03 9.999359e-01 6.759790e-03 -2.682879e+00 -1.771452e-03 -6.776152e-03 9.999754e-01 -1.863856e+00
9.999396e-01 1.074586e-02 2.336641e-03 8.152560e+01 -1.076557e-02 9.999051e-01 8.590855e-03 -2.694027e+00 -2.244104e-03 -8.615490e-03 9.999604e-01 -1.910697e+00
9.999321e-01 1.153408e-02 1.639133e-03 8.233566e+01 -1.154776e-02 9.998964e-01 8.600762e-03 -2.718916e+00 -1.539761e-03 -8.619107e-03 9.999617e-01 -1.893446e+00
9.999293e-01 1.187989e-02 5.163730e-04 8.312445e+01 -1.188404e-02 9.998893e-01 8.951674e-03 -2.731588e+00 -4.099709e-04 -8.957178e-03 9.999598e-01 -1.933327e+00
9.999220e-01 1.243394e-02 1.131555e-03 8.391898e+01 -1.244110e-02 9.999012e-01 6.551469e-03 -2.746722e+00 -1.049983e-03 -6.565037e-03 9.999779e-01 -1.947934e+00
9.999090e-01 1.347707e-02 4.868119e-04 8.470615e+01 -1.348021e-02 9.998835e-01 7.153688e-03 -2.762863e+00 -3.903444e-04 -7.159601e-03 9.999743e-01 -1.966563e+00
9.998880e-01 1.495627e-02 -5.574673e-04 8.551111e+01 -1.495260e-02 9.998698e-01 6.085385e-03 -2.788281e+00 6.484093e-04 -6.076368e-03 9.999813e-01 -1.984643e+00
9.998716e-01 1.593617e-02 -1.713219e-03 8.629142e+01 -1.592179e-02 9.998404e-01 8.105277e-03 -2.800766e+00 1.842112e-03 -8.076959e-03 9.999657e-01 -2.015200e+00
9.998587e-01 1.664323e-02 -2.378329e-03 8.708035e+01 -1.662079e-02 9.998199e-01 9.161415e-03 -2.824751e+00 2.530376e-03 -9.120589e-03 9.999552e-01 -2.018759e+00
9.998441e-01 1.749462e-02 -2.391370e-03 8.786421e+01 -1.746940e-02 9.997954e-01 1.018958e-02 -2.846717e+00 2.569144e-03 -1.014621e-02 9.999452e-01 -2.046007e+00
9.998161e-01 1.874666e-02 -4.051509e-03 8.864656e+01 -1.870621e-02 9.997771e-01 9.801880e-03 -2.868832e+00 4.234358e-03 -9.724287e-03 9.999437e-01 -2.076680e+00
9.997792e-01 2.056132e-02 -4.325687e-03 8.941308e+01 -2.052246e-02 9.997504e-01 8.844283e-03 -2.893204e+00 4.506457e-03 -8.753558e-03 9.999515e-01 -2.090698e+00
9.997373e-01 2.237378e-02 -4.980600e-03 9.019415e+01 -2.233154e-02 9.997156e-01 8.381033e-03 -2.920408e+00 5.166699e-03 -8.267608e-03 9.999525e-01 -2.116678e+00
9.996812e-01 2.470911e-02 -5.181682e-03 9.096725e+01 -2.465871e-02 9.996500e-01 9.573044e-03 -2.951599e+00 5.416411e-03 -9.442220e-03 9.999408e-01 -2.128752e+00
9.996238e-01 2.709159e-02 -4.275197e-03 9.173779e+01 -2.704674e-02 9.995818e-01 1.022275e-02 -2.978603e+00 4.550360e-03 -1.010328e-02 9.999386e-01 -2.152668e+00
9.995654e-01 2.914230e-02 -4.438626e-03 9.251602e+01 -2.909376e-02 9.995201e-01 1.063379e-02 -3.019271e+00 4.746389e-03 -1.050003e-02 9.999336e-01 -2.167696e+00
9.994748e-01 3.214009e-02 -4.149930e-03 9.328178e+01 -3.209407e-02 9.994273e-01 1.071758e-02 -3.043601e+00 4.492018e-03 -1.057876e-02 9.999340e-01 -2.212962e+00
9.993575e-01 3.526002e-02 -6.420576e-03 9.404565e+01 -3.519659e-02 9.993329e-01 9.737370e-03 -3.083660e+00 6.759633e-03 -9.505131e-03 9.999320e-01 -2.221555e+00
9.992032e-01 3.936107e-02 -6.610656e-03 9.480162e+01 -3.928776e-02 9.991686e-01 1.087514e-02 -3.124611e+00 7.033217e-03 -1.060675e-02 9.999190e-01 -2.247970e+00
9.989693e-01 4.462146e-02 -8.326629e-03 9.556280e+01 -4.453875e-02 9.989589e-01 9.867151e-03 -3.174473e+00 8.758247e-03 -9.486123e-03 9.999167e-01 -2.257155e+00
9.987118e-01 5.001981e-02 -8.528493e-03 9.632610e+01 -4.994243e-02 9.987110e-01 9.056742e-03 -3.225358e+00 8.970518e-03 -8.619142e-03 9.999226e-01 -2.280363e+00
9.984233e-01 5.550732e-02 -8.360610e-03 9.708933e+01 -5.543936e-02 9.984288e-01 8.152351e-03 -3.282835e+00 8.799990e-03 -7.675990e-03 9.999318e-01 -2.287477e+00
9.981401e-01 6.045401e-02 -7.853180e-03 9.783868e+01 -6.037965e-02 9.981314e-01 9.384733e-03 -3.333300e+00 8.405849e-03 -8.893106e-03 9.999251e-01 -2.321306e+00
9.978002e-01 6.589181e-02 -7.281277e-03 9.858755e+01 -6.581438e-02 9.977776e-01 1.040581e-02 -3.400545e+00 7.950753e-03 -9.903705e-03 9.999194e-01 -2.336159e+00
9.974254e-01 7.125491e-02 -8.074985e-03 9.933900e+01 -7.116486e-02 9.974045e-01 1.093898e-02 -3.461621e+00 8.833482e-03 -1.033616e-02 9.999076e-01 -2.366050e+00
9.970449e-01 7.639170e-02 -8.117967e-03 1.000974e+02 -7.629941e-02 9.970229e-01 1.112917e-02 -3.527000e+00 8.943976e-03 -1.047689e-02 9.999051e-01 -2.375408e+00
9.966438e-01 8.120205e-02 -1.036315e-02 1.008427e+02 -8.108882e-02 9.966470e-01 1.091570e-02 -3.589437e+00 1.121478e-02 -1.003873e-02 9.998867e-01 -2.399635e+00
9.962333e-01 8.618665e-02 -9.543439e-03 1.015964e+02 -8.608648e-02 9.962329e-01 1.045247e-02 -3.667095e+00 1.040835e-02 -9.591538e-03 9.998998e-01 -2.428153e+00
9.957822e-01 9.111263e-02 -1.078333e-02 1.023586e+02 -9.100378e-02 9.957985e-01 1.018890e-02 -3.747888e+00 1.166636e-02 -9.164603e-03 9.998900e-01 -2.434128e+00
9.953460e-01 9.570049e-02 -1.130054e-02 1.031033e+02 -9.557556e-02 9.953600e-01 1.112233e-02 -3.823166e+00 1.231252e-02 -9.990515e-03 9.998743e-01 -2.471466e+00
9.949194e-01 1.000951e-01 -1.078695e-02 1.038618e+02 -9.997116e-02 9.949243e-01 1.147216e-02 -3.914058e+00 1.188051e-02 -1.033549e-02 9.998760e-01 -2.474183e+00
9.944749e-01 1.041984e-01 -1.274131e-02 1.046113e+02 -1.040504e-01 9.945022e-01 1.177652e-02 -3.992695e+00 1.389836e-02 -1.038572e-02 9.998495e-01 -2.516384e+00
9.940066e-01 1.085080e-01 -1.330212e-02 1.053691e+02 -1.083724e-01 9.940547e-01 1.052051e-02 -4.087138e+00 1.436459e-02 -9.015874e-03 9.998562e-01 -2.523965e+00
9.937175e-01 1.110118e-01 -1.420896e-02 1.061349e+02 -1.108911e-01 9.937917e-01 9.016989e-03 -4.182801e+00 1.512173e-02 -7.384693e-03 9.998584e-01 -2.533199e+00
9.934070e-01 1.140411e-01 -1.171285e-02 1.069036e+02 -1.139336e-01 9.934433e-01 9.468845e-03 -4.289614e+00 1.271589e-02 -8.071930e-03 9.998866e-01 -2.552709e+00
9.931235e-01 1.165923e-01 -1.058273e-02 1.076599e+02 -1.164756e-01 9.931320e-01 1.104948e-02 -4.384137e+00 1.179833e-02 -9.740867e-03 9.998829e-01 -2.579576e+00
9.927914e-01 1.192527e-01 -1.200620e-02 1.084256e+02 -1.191045e-01 9.928044e-01 1.239021e-02 -4.480917e+00 1.339738e-02 -1.087090e-02 9.998512e-01 -2.608767e+00
9.925451e-01 1.212756e-01 -1.210674e-02 1.092021e+02 -1.211132e-01 9.925491e-01 1.334676e-02 -4.586202e+00 1.363517e-02 -1.178097e-02 9.998376e-01 -2.606566e+00
9.924249e-01 1.224174e-01 -1.033489e-02 1.099897e+02 -1.222529e-01 9.923812e-01 1.528188e-02 -4.689967e+00 1.212692e-02 -1.390265e-02 9.998298e-01 -2.647698e+00
9.922833e-01 1.236147e-01 -9.650039e-03 1.107774e+02 -1.234482e-01 9.922175e-01 1.627746e-02 -4.804665e+00 1.158707e-02 -1.496057e-02 9.998209e-01 -2.648515e+00
9.922885e-01 1.236014e-01 -9.279100e-03 1.115920e+02 -1.234250e-01 9.921969e-01 1.765247e-02 -4.909012e+00 1.138856e-02 -1.637107e-02 9.998011e-01 -2.686697e+00
9.923934e-01 1.227241e-01 -9.704251e-03 1.124097e+02 -1.225751e-01 9.923506e-01 1.468807e-02 -5.021948e+00 1.143260e-02 -1.338685e-02 9.998450e-01 -2.709272e+00
9.923793e-01 1.225663e-01 -1.268228e-02 1.132393e+02 -1.224164e-01 9.924065e-01 1.199125e-02 -5.120609e+00 1.405570e-02 -1.034734e-02 9.998477e-01 -2.759234e+00
9.924286e-01 1.220741e-01 -1.354152e-02 1.140733e+02 -1.219510e-01 9.924899e-01 9.573687e-03 -5.238248e+00 1.460852e-02 -7.849799e-03 9.998625e-01 -2.734459e+00
9.925910e-01 1.209098e-01 -1.199440e-02 1.149120e+02 -1.207258e-01 9.925719e-01 1.503367e-02 -5.338700e+00 1.372303e-02 -1.347426e-02 9.998150e-01 -2.770546e+00
9.925982e-01 1.209288e-01 -1.118602e-02 1.157340e+02 -1.206787e-01 9.924730e-01 2.083763e-02 -5.455187e+00 1.362169e-02 -1.933347e-02 9.997203e-01 -2.783345e+00
9.925622e-01 1.212644e-01 -1.073235e-02 1.165940e+02 -1.209541e-01 9.923191e-01 2.594136e-02 -5.560226e+00 1.379568e-02 -2.445029e-02 9.996058e-01 -2.850321e+00
9.924563e-01 1.216928e-01 -1.487908e-02 1.174782e+02 -1.213850e-01 9.924022e-01 2.009141e-02 -5.697189e+00 1.721101e-02 -1.813375e-02 9.996874e-01 -2.850451e+00
9.926592e-01 1.203055e-01 -1.242663e-02 1.183519e+02 -1.200863e-01 9.926164e-01 1.709101e-02 -5.806596e+00 1.439102e-02 -1.547328e-02 9.997767e-01 -2.898385e+00
9.929548e-01 1.180771e-01 -9.930389e-03 1.192274e+02 -1.179416e-01 9.929317e-01 1.327716e-02 -5.920135e+00 1.142793e-02 -1.201241e-02 9.998626e-01 -2.920619e+00
9.933034e-01 1.154294e-01 -4.931593e-03 1.201006e+02 -1.153381e-01 9.931986e-01 1.592775e-02 -6.031459e+00 6.736582e-03 -1.525229e-02 9.998610e-01 -2.926002e+00
9.936962e-01 1.119298e-01 -6.297812e-03 1.209891e+02 -1.118250e-01 9.936135e-01 1.507424e-02 -6.146316e+00 7.944848e-03 -1.427496e-02 9.998665e-01 -2.975592e+00
9.941325e-01 1.081481e-01 2.160102e-03 1.218950e+02 -1.081661e-01 9.940637e-01 1.172454e-02 -6.262545e+00 -8.792927e-04 -1.188939e-02 9.999290e-01 -2.981011e+00
9.946015e-01 1.037388e-01 -2.454801e-03 1.227976e+02 -1.037158e-01 9.945736e-01 8.150754e-03 -6.351474e+00 3.287030e-03 -7.852151e-03 9.999638e-01 -3.003785e+00
9.951872e-01 9.795868e-02 -2.574458e-03 1.236916e+02 -9.791658e-02 9.951067e-01 1.321570e-02 -6.446132e+00 3.856453e-03 -1.290002e-02 9.999093e-01 -3.039642e+00
9.959251e-01 9.018410e-02 -3.623184e-04 1.246306e+02 -9.016754e-02 9.958049e-01 1.557234e-02 -6.538958e+00 1.765175e-03 -1.547621e-02 9.998787e-01 -3.027462e+00
9.963928e-01 8.485737e-02 6.950488e-04 1.255253e+02 -8.485844e-02 9.962857e-01 1.461620e-02 -6.622458e+00 5.478245e-04 -1.462245e-02 9.998930e-01 -3.110816e+00
9.967857e-01 8.010604e-02 -1.149118e-03 1.264515e+02 -8.008682e-02 9.967170e-01 1.188378e-02 -6.701917e+00 2.097308e-03 -1.175355e-02 9.999287e-01 -3.113477e+00
9.972709e-01 7.379658e-02 -2.177428e-03 1.274024e+02 -7.377089e-02 9.972235e-01 1.015857e-02 -6.784301e+00 2.921050e-03 -9.970213e-03 9.999461e-01 -3.125268e+00
9.977064e-01 6.769050e-02 -1.776657e-04 1.283256e+02 -6.768408e-02 9.976414e-01 1.141098e-02 -6.857881e+00 9.496617e-04 -1.137278e-02 9.999349e-01 -3.171341e+00
9.981369e-01 6.091804e-02 3.405211e-03 1.292877e+02 -6.095216e-02 9.980797e-01 1.102546e-02 -6.924211e+00 -2.727023e-03 -1.121247e-02 9.999334e-01 -3.163576e+00
9.984806e-01 5.485198e-02 5.277819e-03 1.302089e+02 -5.490867e-02 9.984276e-01 1.127258e-02 -6.982170e+00 -4.651198e-03 -1.154525e-02 9.999225e-01 -3.223896e+00
9.987646e-01 4.922260e-02 6.805451e-03 1.311628e+02 -4.929318e-02 9.987279e-01 1.062383e-02 -7.046764e+00 -6.273860e-03 -1.094617e-02 9.999204e-01 -3.218407e+00
9.990187e-01 4.383060e-02 6.363529e-03 1.321154e+02 -4.389353e-02 9.989849e-01 1.011042e-02 -7.094326e+00 -5.913925e-03 -1.037981e-02 9.999287e-01 -3.267685e+00
9.991943e-01 3.955454e-02 6.793774e-03 1.330676e+02 -3.961722e-02 9.991713e-01 9.353111e-03 -7.148596e+00 -6.418185e-03 -9.614726e-03 9.999332e-01 -3.271054e+00
9.993447e-01 3.575604e-02 5.629322e-03 1.340408e+02 -3.581734e-02 9.992958e-01 1.119433e-02 -7.187884e+00 -5.225092e-03 -1.138862e-02 9.999215e-01 -3.314640e+00
9.994562e-01 3.267899e-02 4.405301e-03 1.350032e+02 -3.273144e-02 9.993870e-01 1.241092e-02 -7.225616e+00 -3.997025e-03 -1.254836e-02 9.999133e-01 -3.340513e+00
9.995521e-01 2.973258e-02 3.416790e-03 1.359836e+02 -2.977906e-02 9.994518e-01 1.447010e-02 -7.271893e+00 -2.984684e-03 -1.456537e-02 9.998895e-01 -3.361479e+00
9.996222e-01 2.691301e-02 5.579615e-03 1.369688e+02 -2.698866e-02 9.995382e-01 1.395884e-02 -7.301620e+00 -5.201365e-03 -1.410415e-02 9.998870e-01 -3.394120e+00
9.997007e-01 2.429910e-02 2.840473e-03 1.379572e+02 -2.433879e-02 9.995930e-01 1.488743e-02 -7.337676e+00 -2.477565e-03 -1.495210e-02 9.998851e-01 -3.413482e+00
9.997690e-01 2.110910e-02 4.036603e-03 1.389648e+02 -2.117518e-02 9.996295e-01 1.709652e-02 -7.361479e+00 -3.674215e-03 -1.717804e-02 9.998457e-01 -3.444213e+00
9.998378e-01 1.795135e-02 -1.505877e-03 1.399491e+02 -1.792234e-02 9.996870e-01 1.746470e-02 -7.387430e+00 1.818920e-03 -1.743487e-02 9.998463e-01 -3.477290e+00
9.998941e-01 1.440472e-02 -2.065822e-03 1.409507e+02 -1.435710e-02 9.996666e-01 2.146187e-02 -7.401530e+00 2.374286e-03 -2.142994e-02 9.997675e-01 -3.533371e+00
9.999290e-01 1.094942e-02 -4.705179e-03 1.419803e+02 -1.085556e-02 9.997503e-01 1.953138e-02 -7.432739e+00 4.917862e-03 -1.947892e-02 9.997982e-01 -3.534905e+00
9.999406e-01 8.312811e-03 -7.046887e-03 1.429908e+02 -8.181357e-03 9.997958e-01 1.848210e-02 -7.438516e+00 7.199085e-03 -1.842335e-02 9.998044e-01 -3.590796e+00
9.999258e-01 5.960268e-03 -1.062542e-02 1.440227e+02 -5.796382e-03 9.998648e-01 1.538870e-02 -7.444895e+00 1.071570e-02 -1.532597e-02 9.998251e-01 -3.607449e+00
9.999379e-01 4.537613e-03 -1.017667e-02 1.450413e+02 -4.370267e-03 9.998560e-01 1.640651e-02 -7.464252e+00 1.024965e-02 -1.636102e-02 9.998136e-01 -3.632018e+00
9.999481e-01 3.792968e-03 -9.454906e-03 1.460868e+02 -3.658500e-03 9.998926e-01 1.419901e-02 -7.474326e+00 9.507746e-03 -1.416369e-02 9.998545e-01 -3.673625e+00
9.999160e-01 3.566305e-03 -1.246282e-02 1.471243e+02 -3.374102e-03 9.998755e-01 1.540932e-02 -7.489988e+00 1.251622e-02 -1.536597e-02 9.998036e-01 -3.696850e+00
9.999176e-01 2.145241e-03 -1.265605e-02 1.481789e+02 -1.950185e-03 9.998796e-01 1.540440e-02 -7.512952e+00 1.268756e-02 -1.537845e-02 9.998012e-01 -3.738542e+00
9.999177e-01 1.968710e-03 -1.267323e-02 1.492323e+02 -1.779375e-03 9.998869e-01 1.493372e-02 -7.517868e+00 1.270120e-02 -1.490995e-02 9.998082e-01 -3.777951e+00
9.998721e-01 1.655346e-03 -1.590364e-02 1.503007e+02 -1.470773e-03 9.999316e-01 1.161040e-02 -7.535881e+00 1.592177e-02 -1.158552e-02 9.998061e-01 -3.771570e+00
9.998581e-01 1.163708e-03 -1.680346e-02 1.513807e+02 -9.524136e-04 9.999205e-01 1.257696e-02 -7.544242e+00 1.681676e-02 -1.255917e-02 9.997797e-01 -3.831389e+00
9.998828e-01 5.637382e-04 -1.529886e-02 1.524570e+02 -3.709374e-04 9.999206e-01 1.260222e-02 -7.549664e+00 1.530474e-02 -1.259507e-02 9.998035e-01 -3.840914e+00
9.999095e-01 6.517877e-04 -1.344037e-02 1.535229e+02 -4.451275e-04 9.998817e-01 1.537335e-02 -7.568381e+00 1.344880e-02 -1.536598e-02 9.997915e-01 -3.863513e+00
9.999183e-01 8.503132e-04 -1.275189e-02 1.546123e+02 -6.675094e-04 9.998971e-01 1.433283e-02 -7.592620e+00 1.276276e-02 -1.432315e-02 9.998159e-01 -3.903214e+00
9.999663e-01 1.253879e-03 -8.119375e-03 1.557237e+02 -1.130022e-03 9.998833e-01 1.524118e-02 -7.606874e+00 8.137538e-03 -1.523149e-02 9.998509e-01 -3.937367e+00
9.999492e-01 1.259040e-03 -1.000782e-02 1.568328e+02 -1.123786e-03 9.999081e-01 1.350898e-02 -7.615600e+00 1.002391e-02 -1.349704e-02 9.998587e-01 -3.964600e+00
9.999661e-01 7.302942e-04 -8.206662e-03 1.579257e+02 -6.179556e-04 9.999062e-01 1.368292e-02 -7.630763e+00 8.215884e-03 -1.367738e-02 9.998727e-01 -4.002341e+00
9.999641e-01 -2.077503e-04 -8.476962e-03 1.590571e+02 3.267946e-04 9.999012e-01 1.404431e-02 -7.640087e+00 8.473207e-03 -1.404657e-02 9.998654e-01 -4.025037e+00
9.999821e-01 -9.358166e-04 -5.902713e-03 1.601888e+02 1.016413e-03 9.999061e-01 1.366601e-02 -7.652224e+00 5.889370e-03 -1.367177e-02 9.998892e-01 -4.060338e+00
9.999699e-01 -1.731312e-03 -7.562160e-03 1.612989e+02 1.840730e-03 9.998933e-01 1.448619e-02 -7.664073e+00 7.536274e-03 -1.449967e-02 9.998665e-01 -4.085501e+00
9.999837e-01 -3.195738e-03 -4.724440e-03 1.624338e+02 3.263159e-03 9.998919e-01 1.433257e-02 -7.682711e+00 4.678126e-03 -1.434775e-02 9.998861e-01 -4.122012e+00
9.999805e-01 -5.662463e-03 -2.636478e-03 1.635895e+02 5.699227e-03 9.998837e-01 1.415225e-02 -7.685785e+00 2.556034e-03 -1.416700e-02 9.998963e-01 -4.147539e+00
9.999616e-01 -8.317645e-03 2.745032e-03 1.647366e+02 8.284216e-03 9.998940e-01 1.197276e-02 -7.695442e+00 -2.844327e-03 -1.194956e-02 9.999245e-01 -4.167304e+00
9.999192e-01 -1.136653e-02 5.696387e-03 1.658896e+02 1.129300e-02 9.998546e-01 1.277772e-02 -7.697293e+00 -5.840797e-03 -1.271236e-02 9.999021e-01 -4.227545e+00
9.998499e-01 -1.504437e-02 8.590897e-03 1.670405e+02 1.492141e-02 9.997877e-01 1.420258e-02 -7.701553e+00 -8.802743e-03 -1.407226e-02 9.998623e-01 -4.229480e+00
9.997829e-01 -1.864331e-02 9.303291e-03 1.682038e+02 1.850184e-02 9.997153e-01 1.506784e-02 -7.689192e+00 -9.581557e-03 -1.489244e-02 9.998432e-01 -4.277865e+00
9.997157e-01 -2.184619e-02 9.549037e-03 1.693795e+02 2.169896e-02 9.996481e-01 1.525924e-02 -7.669368e+00 -9.879032e-03 -1.504770e-02 9.998380e-01 -4.310185e+00
9.996570e-01 -2.499381e-02 7.817416e-03 1.705605e+02 2.487125e-02 9.995719e-01 1.539994e-02 -7.658143e+00 -8.198974e-03 -1.520023e-02 9.998509e-01 -4.339929e+00
9.995952e-01 -2.732076e-02 7.937939e-03 1.717343e+02 2.718777e-02 9.994956e-01 1.640501e-02 -7.635855e+00 -8.382133e-03 -1.618255e-02 9.998339e-01 -4.399204e+00
9.995497e-01 -2.933803e-02 6.304309e-03 1.729226e+02 2.922102e-02 9.994124e-01 1.791350e-02 -7.618950e+00 -6.826151e-03 -1.772122e-02 9.998196e-01 -4.393242e+00
9.994608e-01 -3.149088e-02 9.303215e-03 1.741107e+02 3.131545e-02 9.993395e-01 1.843666e-02 -7.594739e+00 -9.877657e-03 -1.813539e-02 9.997867e-01 -4.463875e+00
9.994227e-01 -3.247490e-02 9.988164e-03 1.753098e+02 3.225771e-02 9.992551e-01 2.118696e-02 -7.567488e+00 -1.066877e-02 -2.085254e-02 9.997256e-01 -4.472414e+00
9.993671e-01 -3.418223e-02 9.844712e-03 1.765134e+02 3.395823e-02 9.991792e-01 2.208676e-02 -7.549016e+00 -1.059161e-02 -2.173848e-02 9.997076e-01 -4.519622e+00
9.993462e-01 -3.507517e-02 8.766731e-03 1.777346e+02 3.490202e-02 9.992065e-01 1.917962e-02 -7.511623e+00 -9.432504e-03 -1.886110e-02 9.997776e-01 -4.588779e+00
9.993275e-01 -3.629476e-02 5.209197e-03 1.789529e+02 3.621984e-02 9.992483e-01 1.382001e-02 -7.485837e+00 -5.706875e-03 -1.362204e-02 9.998909e-01 -4.591590e+00
9.992637e-01 -3.808935e-02 4.616099e-03 1.801672e+02 3.803125e-02 9.992036e-01 1.208019e-02 -7.443574e+00 -5.072549e-03 -1.189574e-02 9.999164e-01 -4.656837e+00
9.992031e-01 -3.944847e-02 6.084036e-03 1.813833e+02 3.935470e-02 9.991151e-01 1.482993e-02 -7.422013e+00 -6.663672e-03 -1.457868e-02 9.998715e-01 -4.682955e+00
9.991483e-01 -4.095485e-02 5.040975e-03 1.826058e+02 4.086269e-02 9.990166e-01 1.719826e-02 -7.385531e+00 -5.740371e-03 -1.697762e-02 9.998394e-01 -4.728164e+00
9.990618e-01 -4.294761e-02 5.567851e-03 1.838406e+02 4.285920e-02 9.989666e-01 1.513008e-02 -7.346210e+00 -6.211897e-03 -1.487725e-02 9.998700e-01 -4.749341e+00
9.989655e-01 -4.505748e-02 6.146826e-03 1.850766e+02 4.497171e-02 9.988977e-01 1.344250e-02 -7.294176e+00 -6.745736e-03 -1.315216e-02 9.998907e-01 -4.787976e+00
9.989219e-01 -4.610500e-02 5.414261e-03 1.863119e+02 4.602198e-02 9.988341e-01 1.456867e-02 -7.252275e+00 -6.079638e-03 -1.430379e-02 9.998792e-01 -4.828720e+00
9.988642e-01 -4.750998e-02 3.605804e-03 1.875417e+02 4.744343e-02 9.987341e-01 1.671886e-02 -7.216975e+00 -4.395552e-03 -1.652879e-02 9.998537e-01 -4.862448e+00
9.988016e-01 -4.888044e-02 2.440067e-03 1.887927e+02 4.882905e-02 9.986464e-01 1.792604e-02 -7.168915e+00 -3.312997e-03 -1.778541e-02 9.998363e-01 -4.900424e+00
9.987150e-01 -5.067332e-02 8.052525e-04 1.900508e+02 5.065050e-02 9.985527e-01 1.808866e-02 -7.113619e+00 -1.720699e-03 -1.802463e-02 9.998361e-01 -4.936564e+00
9.986087e-01 -5.261213e-02 3.557642e-03 1.913027e+02 5.255400e-02 9.985079e-01 1.482695e-02 -7.062462e+00 -4.332411e-03 -1.461935e-02 9.998838e-01 -4.967961e+00
9.985079e-01 -5.446406e-02 3.971120e-03 1.925648e+02 5.439650e-02 9.983993e-01 1.549708e-02 -7.014889e+00 -4.808798e-03 -1.525794e-02 9.998720e-01 -5.015482e+00
9.984118e-01 -5.627355e-02 2.655484e-03 1.938293e+02 5.622936e-02 9.983125e-01 1.450638e-02 -6.960764e+00 -3.467329e-03 -1.433403e-02 9.998912e-01 -5.049094e+00
9.982873e-01 -5.849184e-02 1.133920e-03 1.950980e+02 5.846490e-02 9.981505e-01 1.666552e-02 -6.891708e+00 -2.106620e-03 -1.657068e-02 9.998605e-01 -5.092077e+00
9.981731e-01 -6.041833e-02 4.774691e-04 1.963696e+02 6.040459e-02 9.980636e-01 1.485442e-02 -6.826468e+00 -1.374024e-03 -1.479844e-02 9.998896e-01 -5.126538e+00
9.980340e-01 -6.262270e-02 -2.552729e-03 1.976431e+02 6.265592e-02 9.979044e-01 1.616920e-02 -6.758510e+00 1.534820e-03 -1.629735e-02 9.998660e-01 -5.163055e+00
9.978878e-01 -6.492769e-02 2.098008e-03 1.989082e+02 6.489710e-02 9.978157e-01 1.232608e-02 -6.695055e+00 -2.893730e-03 -1.216389e-02 9.999219e-01 -5.216193e+00
9.977040e-01 -6.772376e-02 3.508219e-04 2.001694e+02 6.770927e-02 9.975744e-01 1.614727e-02 -6.621958e+00 -1.443524e-03 -1.608644e-02 9.998696e-01 -5.242731e+00
9.975110e-01 -7.047688e-02 2.220700e-03 2.014471e+02 7.043178e-02 9.973843e-01 1.624289e-02 -6.546592e+00 -3.359639e-03 -1.604605e-02 9.998656e-01 -5.278810e+00
9.973100e-01 -7.328696e-02 -1.311510e-03 2.027066e+02 7.329842e-02 9.971957e-01 1.509461e-02 -6.466012e+00 2.015947e-04 -1.515013e-02 9.998852e-01 -5.329104e+00
9.971744e-01 -7.512140e-02 -2.650788e-04 2.039803e+02 7.512014e-02 9.971215e-01 1.027889e-02 -6.397685e+00 -5.078486e-04 -1.026975e-02 9.999471e-01 -5.368978e+00
