1.000000e+00 0.000000e+00 0.000000e+00 0.000000e+00 0.000000e+00 1.000000e+00 0.000000e+00 0.000000e+00 0.000000e+00 0.000000e+00 1.000000e+00 0.000000e+00
9.999962e-01 -1.017782e-03 -2.576211e-03 2.588764e+00 1.017986e-03 9.999995e-01 7.780470e-05 -1.806870e-02 2.576130e-03 -8.042695e-05 9.999967e-01 -3.349276e-02
9.999963e-01 1.609316e-04 -2.714481e-03 5.052198e+00 -1.577345e-04 9.999994e-01 1.177984e-03 -4.402763e-02 2.714668e-03 -1.177551e-03 9.999956e-01 -7.542184e-02
9.999933e-01 8.011954e-04 -3.583363e-03 7.500077e+00 -7.969713e-04 9.999990e-01 1.180079e-03 -6.668103e-02 3.584306e-03 -1.177216e-03 9.999929e-01 -1.078168e-01
9.999865e-01 1.660306e-03 -4.933331e-03 9.953047e+00 -1.667957e-03 9.999974e-01 -1.547331e-03 -9.522776e-02 4.930750e-03 1.555538e-03 9.999866e-01 -1.283789e-01
9.999871e-01 2.205003e-03 -4.580981e-03 1.237145e+01 -2.211712e-03 9.999964e-01 -1.460011e-03 -1.172478e-01 4.577746e-03 1.470124e-03 9.999884e-01 -1.805381e-01
9.999617e-01 3.420065e-03 -8.049740e-03 1.477420e+01 -3.436936e-03 9.999919e-01 -2.082969e-03 -1.476727e-01 8.042550e-03 2.110555e-03 9.999654e-01 -2.133776e-01
9.999532e-01 4.744860e-03 -8.430187e-03 1.718998e+01 -4.764996e-03 9.999859e-01 -2.370134e-03 -1.911091e-01 8.418821e-03 2.410193e-03 9.999617e-01 -2.227615e-01
9.999415e-01 4.936885e-03 -9.627380e-03 1.959055e+01 -4.913624e-03 9.999849e-01 2.438296e-03 -2.327362e-01 9.639273e-03 -2.390848e-03 9.999507e-01 -2.506070e-01
9.999536e-01 5.195903e-03 -8.109831e-03 2.199365e+01 -5.146616e-03 9.999682e-01 6.086584e-03 -2.590989e-01 8.141198e-03 -6.044563e-03 9.999486e-01 -3.056944e-01
9.999470e-01 5.717158e-03 -8.564767e-03 2.443266e+01 -5.648931e-03 9.999522e-01 7.969230e-03 -3.008853e-01 8.609920e-03 -7.920425e-03 9.999316e-01 -3.583510e-01
9.999503e-01 5.789316e-03 -8.110436e-03 2.686483e+01 -5.738326e-03 9.999636e-01 6.296164e-03 -3.384694e-01 8.146591e-03 -6.249311e-03 9.999473e-01 -3.866331e-01
9.999346e-01 6.056224e-03 -9.704142e-03 2.930570e+01 -6.000838e-03 9.999657e-01 5.726389e-03 -3.695013e-01 9.738489e-03 -5.667782e-03 9.999365e-01 -4.204632e-01
9.999342e-01 6.102503e-03 -9.711328e-03 3.173502e+01 -6.054415e-03 9.999694e-01 4.973488e-03 -3.968030e-01 9.741380e-03 -4.914365e-03 9.999405e-01 -4.928705e-01
9.999166e-01 6.351263e-03 -1.124759e-02 3.415108e+01 -6.231797e-03 9.999242e-01 1.062483e-02 -4.500614e-01 1.131421e-02 -1.055385e-02 9.998803e-01 -4.815701e-01
9.999516e-01 6.459760e-03 -7.422098e-03 3.657821e+01 -6.350085e-03 9.998717e-01 1.470655e-02 -4.962812e-01 7.516147e-03 -1.465871e-02 9.998643e-01 -5.831532e-01
9.999579e-01 6.259497e-03 -6.707459e-03 3.899875e+01 -6.196398e-03 9.999366e-01 9.387127e-03 -5.463396e-01 6.765794e-03 -9.345169e-03 9.999334e-01 -6.278271e-01
9.999795e-01 5.437950e-03 -3.386398e-03 4.141060e+01 -5.411295e-03 9.999548e-01 7.831478e-03 -5.696469e-01 3.428832e-03 -7.812993e-03 9.999636e-01 -6.622099e-01
9.999530e-01 5.621640e-03 -7.892040e-03 4.382052e+01 -5.560362e-03 9.999543e-01 7.765156e-03 -6.126930e-01 7.935333e-03 -7.720909e-03 9.999387e-01 -7.330565e-01
9.999677e-01 6.710687e-03 -4.419710e-03 4.624683e+01 -6.668937e-03 9.999336e-01 9.394427e-03 -6.559550e-01 4.482460e-03 -9.364649e-03 9.999461e-01 -7.942235e-01
9.999396e-01 6.764348e-03 -8.668891e-03 4.868573e+01 -6.687169e-03 9.999379e-01 8.901189e-03 -7.043046e-01 8.728565e-03 -8.842682e-03 9.999228e-01 -8.113142e-01
9.999548e-01 6.922733e-03 -6.524977e-03 5.110574e+01 -6.865285e-03 9.999378e-01 8.785943e-03 -7.462354e-01 6.585394e-03 -8.740749e-03 9.999401e-01 -8.797617e-01
9.999527e-01 6.842769e-03 -6.917661e-03 5.355049e+01 -6.782646e-03 9.999392e-01 8.677572e-03 -7.927317e-01 6.976620e-03 -8.630240e-03 9.999384e-01 -9.001836e-01
9.999607e-01 6.238250e-03 -6.300413e-03 5.602309e+01 -6.183979e-03 9.999440e-01 8.596897e-03 -8.387816e-01 6.353689e-03 -8.557597e-03 9.999432e-01 -9.678382e-01
9.999592e-01 5.756095e-03 -6.957678e-03 5.845916e+01 -5.691969e-03 9.999415e-01 9.201414e-03 -8.786632e-01 7.010235e-03 -9.161436e-03 9.999335e-01 -1.028070e+00
9.999736e-01 5.870610e-03 -4.288559e-03 6.091846e+01 -5.820946e-03 9.999168e-01 1.150259e-02 -9.206322e-01 4.355730e-03 -1.147732e-02 9.999247e-01 -1.059168e+00
9.999610e-01 5.957263e-03 -6.521031e-03 6.338010e+01 -5.893218e-03 9.999347e-01 9.796739e-03 -9.586753e-01 6.578967e-03 -9.757927e-03 9.999307e-01 -1.117609e+00
9.999766e-01 5.706408e-03 -3.761025e-03 6.584123e+01 -5.671394e-03 9.999411e-01 9.255406e-03 -1.004119e+00 3.813619e-03 -9.233859e-03 9.999501e-01 -1.205917e+00
9.999534e-01 6.395525e-03 -7.223725e-03 6.831039e+01 -6.337535e-03 9.999478e-01 8.022272e-03 -1.050123e+00 7.274654e-03 -7.976118e-03 9.999417e-01 -1.184937e+00
9.999399e-01 6.075259e-03 -9.126065e-03 7.076657e+01 -6.012629e-03 9.999584e-01 6.874570e-03 -1.071942e+00 9.167450e-03 -6.819285e-03 9.999347e-01 -1.289191e+00
9.999323e-01 6.609686e-03 -9.575103e-03 7.325375e+01 -6.553213e-03 9.999609e-01 5.917344e-03 -1.118702e+00 9.613843e-03 -5.854196e-03 9.999366e-01 -1.370275e+00
9.999253e-01 7.374087e-03 -9.749184e-03 7.573154e+01 -7.311495e-03 9.999527e-01 6.440328e-03 -1.166167e+00 9.796212e-03 -6.368565e-03 9.999318e-01 -1.318017e+00
9.999112e-01 7.088169e-03 -1.127993e-02 7.820921e+01 -7.027785e-03 9.999608e-01 5.383941e-03 -1.198574e+00 1.131765e-02 -5.304190e-03 9.999219e-01 -1.391910e+00
9.999219e-01 7.681602e-03 -9.863453e-03 8.069767e+01 -7.599124e-03 9.999362e-01 8.372406e-03 -1.252253e+00 9.927137e-03 -8.296797e-03 9.999163e-01 -1.463909e+00
9.999296e-01 8.304828e-03 -8.472487e-03 8.319550e+01 -8.209930e-03 9.999039e-01 1.117461e-02 -1.298980e+00 8.564476e-03 -1.110427e-02 9.999017e-01 -1.476953e+00
9.998992e-01 8.593216e-03 -1.130177e-02 8.569729e+01 -8.463244e-03 9.998980e-01 1.149810e-02 -1.353022e+00 1.139942e-02 -1.140129e-02 9.998700e-01 -1.563599e+00
9.999086e-01 9.654275e-03 -9.467161e-03 8.818883e+01 -9.555222e-03 9.998996e-01 1.045281e-02 -1.400840e+00 9.567126e-03 -1.036139e-02 9.999006e-01 -1.620093e+00
9.999171e-01 1.012672e-02 -7.951339e-03 9.071294e+01 -1.002564e-02 9.998697e-01 1.265098e-02 -1.448447e+00 8.078416e-03 -1.257021e-02 9.998884e-01 -1.643855e+00
9.999220e-01 1.006890e-02 -7.389049e-03 9.321896e+01 -9.961074e-03 9.998455e-01 1.448774e-02 -1.497535e+00 7.533782e-03 -1.441301e-02 9.998677e-01 -1.753978e+00
9.999442e-01 9.711242e-03 -4.175395e-03 9.574785e+01 -9.650190e-03 9.998498e-01 1.440144e-02 -1.558281e+00 4.314623e-03 -1.436034e-02 9.998876e-01 -1.813455e+00
9.999536e-01 8.796981e-03 -3.911779e-03 9.827949e+01 -8.756874e-03 9.999101e-01 1.015431e-02 -1.601259e+00 4.000755e-03 -1.011958e-02 9.999408e-01 -1.854107e+00
9.999400e-01 8.526823e-03 -6.875731e-03 1.007976e+02 -8.475045e-03 9.999359e-01 7.524699e-03 -1.651818e+00 6.939451e-03 -7.465975e-03 9.999480e-01 -1.936513e+00
9.999276e-01 8.715534e-03 -8.295989e-03 1.033110e+02 -8.640560e-03 9.999219e-01 9.030713e-03 -1.700995e+00 8.374048e-03 -8.958377e-03 9.999248e-01 -1.967756e+00
9.998880e-01 8.509844e-03 -1.231069e-02 1.058466e+02 -8.365161e-03 9.998959e-01 1.175671e-02 -1.737698e+00 1.240946e-02 -1.165241e-02 9.998551e-01 -2.008651e+00
9.998752e-01 8.048042e-03 -1.359024e-02 1.083935e+02 -7.919188e-03 9.999233e-01 9.508670e-03 -1.786167e+00 1.366573e-02 -9.399860e-03 9.998624e-01 -2.094838e+00
9.999228e-01 7.982675e-03 -9.520384e-03 1.109420e+02 -7.878928e-03 9.999096e-01 1.088554e-02 -1.847509e+00 9.606419e-03 -1.080969e-02 9.998955e-01 -2.098890e+00
9.999267e-01 7.586278e-03 -9.439845e-03 1.134929e+02 -7.497461e-03 9.999276e-01 9.408893e-03 -1.879024e+00 9.510539e-03 -9.337429e-03 9.999112e-01 -2.138470e+00
9.999169e-01 7.888874e-03 -1.020077e-02 1.160316e+02 -7.821955e-03 9.999477e-01 6.583515e-03 -1.930615e+00 1.025218e-02 -6.503177e-03 9.999263e-01 -2.283167e+00
9.999033e-01 8.937648e-03 -1.065853e-02 1.185961e+02 -8.814745e-03 9.998947e-01 1.152279e-02 -1.991450e+00 1.076039e-02 -1.142772e-02 9.998768e-01 -2.285650e+00
9.998894e-01 9.329821e-03 -1.157658e-02 1.211554e+02 -9.164686e-03 9.998566e-01 1.423654e-02 -2.026187e+00 1.170774e-02 -1.412887e-02 9.998316e-01 -2.298724e+00
9.998890e-01 9.101964e-03 -1.179655e-02 1.237324e+02 -8.982039e-03 9.999077e-01 1.017951e-02 -2.081421e+00 1.188812e-02 -1.007242e-02 9.998786e-01 -2.427221e+00
9.999289e-01 8.643688e-03 -8.216340e-03 1.262849e+02 -8.565350e-03 9.999180e-01 9.522135e-03 -2.143055e+00 8.297972e-03 -9.451083e-03 9.999209e-01 -2.477729e+00
9.999242e-01 8.176299e-03 -9.206522e-03 1.288799e+02 -8.068148e-03 9.998988e-01 1.172364e-02 -2.183276e+00 9.301446e-03 -1.164847e-02 9.998889e-01 -2.472787e+00
9.999222e-01 8.319968e-03 -9.292535e-03 1.314493e+02 -8.238174e-03 9.999274e-01 8.805928e-03 -2.229397e+00 9.365124e-03 -8.728690e-03 9.999180e-01 -2.583145e+00
9.999314e-01 7.419685e-03 -9.061478e-03 1.340255e+02 -7.362731e-03 9.999530e-01 6.302584e-03 -2.283967e+00 9.107815e-03 -6.235435e-03 9.999391e-01 -2.666217e+00
9.999413e-01 6.556681e-03 -8.620058e-03 1.366169e+02 -6.499811e-03 9.999570e-01 6.608936e-03 -2.334852e+00 8.663020e-03 -6.552520e-03 9.999410e-01 -2.626686e+00
9.999504e-01 6.031258e-03 -7.925526e-03 1.391667e+02 -5.993409e-03 9.999704e-01 4.790823e-03 -2.373281e+00 7.954187e-03 -4.743084e-03 9.999571e-01 -2.716576e+00
9.999563e-01 5.293358e-03 -7.708326e-03 1.417200e+02 -5.263065e-03 9.999783e-01 3.944974e-03 -2.426243e+00 7.729041e-03 -3.904232e-03 9.999625e-01 -2.849992e+00
9.999479e-01 4.817215e-03 -9.001426e-03 1.442731e+02 -4.739469e-03 9.999515e-01 8.638512e-03 -2.480339e+00 9.042604e-03 -8.595400e-03 9.999222e-01 -2.824279e+00
9.999572e-01 3.944568e-03 -8.367325e-03 1.468484e+02 -3.849256e-03 9.999279e-01 1.137669e-02 -2.509182e+00 8.411598e-03 -1.134400e-02 9.999003e-01 -2.858500e+00
9.999461e-01 3.212204e-03 -9.871462e-03 1.493866e+02 -3.101213e-03 9.999321e-01 1.123838e-02 -2.551033e+00 9.906892e-03 -1.120716e-02 9.998881e-01 -3.022119e+00
9.999575e-01 2.562769e-03 -8.855984e-03 1.519638e+02 -2.447739e-03 9.999127e-01 1.297554e-02 -2.585240e+00 8.888464e-03 -1.295331e-02 9.998766e-01 -3.026484e+00
9.999514e-01 1.832043e-03 -9.692200e-03 1.545210e+02 -1.704464e-03 9.999119e-01 1.315490e-02 -2.616006e+00 9.715448e-03 -1.313774e-02 9.998665e-01 -3.068258e+00
9.999499e-01 1.336151e-03 -9.915588e-03 1.570763e+02 -1.225000e-03 9.999365e-01 1.120732e-02 -2.657644e+00 9.929933e-03 -1.119462e-02 9.998880e-01 -3.191770e+00
9.999672e-01 1.557312e-03 -7.942429e-03 1.596666e+02 -1.449629e-03 9.999071e-01 1.354574e-02 -2.691504e+00 7.962788e-03 -1.353378e-02 9.998767e-01 -3.206355e+00
9.999742e-01 1.487346e-03 -7.024941e-03 1.622140e+02 -1.402730e-03 9.999266e-01 1.203483e-02 -2.718259e+00 7.042325e-03 -1.202466e-02 9.999029e-01 -3.278311e+00
9.999909e-01 1.512419e-03 -3.972218e-03 1.647725e+02 -1.476086e-03 9.999571e-01 9.133794e-03 -2.760128e+00 3.985862e-03 -9.127849e-03 9.999504e-01 -3.406619e+00
9.999930e-01 9.325907e-04 -3.619556e-03 1.673503e+02 -8.899940e-04 9.999305e-01 1.175231e-02 -2.781787e+00 3.630264e-03 -1.174901e-02 9.999244e-01 -3.348638e+00
9.999712e-01 4.807891e-04 -7.577475e-03 1.699203e+02 -4.064303e-04 9.999517e-01 9.811624e-03 -2.813548e+00 7.581827e-03 -9.808262e-03 9.999232e-01 -3.431069e+00
9.999999e-01 1.697263e-04 -3.947591e-04 1.724757e+02 -1.660320e-04 9.999565e-01 9.339525e-03 -2.849363e+00 3.963270e-04 -9.339458e-03 9.999563e-01 -3.640679e+00
9.999992e-01 5.058661e-04 -1.118324e-03 1.750454e+02 -4.904816e-04 9.999057e-01 1.371444e-02 -2.877499e+00 1.125157e-03 -1.371388e-02 9.999053e-01 -3.600272e+00
9.999996e-01 -4.010413e-05 -8.800696e-04 1.776216e+02 5.431108e-05 9.998695e-01 1.614890e-02 -2.904048e+00 8.793072e-04 -1.614894e-02 9.998692e-01 -3.582546e+00
9.999983e-01 -1.339586e-03 -1.282871e-03 1.801842e+02 1.356013e-03 9.999160e-01 1.289067e-02 -2.916821e+00 1.265495e-03 -1.289239e-02 9.999161e-01 -3.769852e+00
9.999942e-01 -2.129167e-03 -2.655915e-03 1.827236e+02 2.163432e-03 9.999136e-01 1.296586e-02 -2.940881e+00 2.628079e-03 -1.297153e-02 9.999124e-01 -3.881634e+00
9.999823e-01 -2.017559e-03 -5.592614e-03 1.853247e+02 2.109508e-03 9.998620e-01 1.648437e-02 -2.971785e+00 5.558584e-03 -1.649588e-02 9.998485e-01 -3.815474e+00
9.999881e-01 -3.908246e-03 -2.912624e-03 1.878881e+02 3.943344e-03 9.999186e-01 1.214343e-02 -2.984828e+00 2.864927e-03 -1.215477e-02 9.999220e-01 -3.920527e+00
9.999754e-01 -6.315615e-03 -3.051932e-03 1.904644e+02 6.348867e-03 9.999192e-01 1.101138e-02 -3.002799e+00 2.982142e-03 -1.103049e-02 9.999347e-01 -4.045452e+00
9.999612e-01 -8.797694e-03 -4.503884e-04 1.930313e+02 8.802725e-03 9.998800e-01 1.275925e-02 -3.016456e+00 3.380823e-04 -1.276272e-02 9.999185e-01 -4.035819e+00
9.999315e-01 -1.152049e-02 2.085650e-03 1.956022e+02 1.150267e-02 9.998988e-01 8.365046e-03 -3.015322e+00 -2.181808e-03 -8.340482e-03 9.999629e-01 -4.125023e+00
9.999008e-01 -1.399609e-02 1.604199e-03 1.981647e+02 1.398325e-02 9.998722e-01 7.752709e-03 -3.011621e+00 -1.712502e-03 -7.729508e-03 9.999686e-01 -4.231028e+00
9.998754e-01 -1.577978e-02 -5.057869e-04 2.007464e+02 1.578464e-02 9.998060e-01 1.178591e-02 -3.002399e+00 3.197097e-04 -1.179243e-02 9.999304e-01 -4.200678e+00
9.998409e-01 -1.783690e-02 3.838286e-04 2.033231e+02 1.783121e-02 9.997731e-01 1.165731e-02 -2.992702e+00 -5.916717e-04 -1.164861e-02 9.999320e-01 -4.295496e+00
9.997950e-01 -2.024543e-02 4.584073e-04 2.059151e+02 2.023890e-02 9.997302e-01 1.138641e-02 -2.973604e+00 -6.888064e-04 -1.137480e-02 9.999351e-01 -4.414561e+00
9.997714e-01 -2.137838e-02 2.370485e-04 2.084932e+02 2.137367e-02 9.996914e-01 1.266322e-02 -2.947509e+00 -5.076946e-04 -1.265526e-02 9.999198e-01 -4.404332e+00
9.997447e-01 -2.253725e-02 1.654202e-03 2.110728e+02 2.251080e-02 9.996405e-01 1.456858e-02 -2.920684e+00 -1.981943e-03 -1.452762e-02 9.998925e-01 -4.478047e+00
9.997053e-01 -2.424915e-02 1.139761e-03 2.136403e+02 2.423049e-02 9.996051e-01 1.423551e-02 -2.889536e+00 -1.484509e-03 -1.420370e-02 9.998980e-01 -4.643245e+00
9.996785e-01 -2.525179e-02 2.304795e-03 2.162128e+02 2.521923e-02 9.995947e-01 1.320469e-02 -2.862609e+00 -2.637303e-03 -1.314232e-02 9.999102e-01 -4.620717e+00
9.996637e-01 -2.593090e-02 4.466276e-04 2.188071e+02 2.592540e-02 9.996175e-01 9.627638e-03 -2.823138e+00 -6.961101e-04 -9.612821e-03 9.999536e-01 -4.701090e+00
9.996393e-01 -2.666152e-02 -3.228699e-03 2.213772e+02 2.668674e-02 9.996115e-01 8.038981e-03 -2.769821e+00 3.013114e-03 -8.122245e-03 9.999624e-01 -4.846392e+00
9.996153e-01 -2.718824e-02 -5.481612e-03 2.239636e+02 2.725046e-02 9.995612e-01 1.161471e-02 -2.724548e+00 5.163423e-03 -1.175962e-02 9.999175e-01 -4.788002e+00
9.995786e-01 -2.725605e-02 -9.987271e-03 2.265535e+02 2.735605e-02 9.995755e-01 1.001596e-02 -2.676176e+00 9.710037e-03 -1.028495e-02 9.999000e-01 -4.865889e+00
9.995511e-01 -2.774861e-02 -1.129717e-02 2.291408e+02 2.783144e-02 9.995863e-01 7.242884e-03 -2.640697e+00 1.109152e-02 -7.554049e-03 9.999099e-01 -5.026530e+00
9.995718e-01 -2.832665e-02 -7.338915e-03 2.317164e+02 2.838883e-02 9.995606e-01 8.511799e-03 -2.597584e+00 7.094580e-03 -8.716499e-03 9.999368e-01 -4.958147e+00
9.995763e-01 -2.792461e-02 -8.209433e-03 2.343048e+02 2.798503e-02 9.995813e-01 7.339431e-03 -2.536752e+00 8.001046e-03 -7.566063e-03 9.999394e-01 -4.991599e+00
9.995590e-01 -2.714161e-02 -1.204913e-02 2.368824e+02 2.722270e-02 9.996076e-01 6.617792e-03 -2.501625e+00 1.186479e-02 -6.942884e-03 9.999055e-01 -5.178587e+00
9.995931e-01 -2.684184e-02 -9.649220e-03 2.394854e+02 2.693898e-02 9.995863e-01 1.008258e-02 -2.470155e+00 9.374592e-03 -1.033842e-02 9.999026e-01 -5.141574e+00
9.996006e-01 -2.698029e-02 -8.413273e-03 2.420711e+02 2.706832e-02 9.995781e-01 1.053058e-02 -2.415461e+00 8.125606e-03 -1.075411e-02 9.999092e-01 -5.135911e+00
9.995915e-01 -2.707918e-02 -9.135063e-03 2.446596e+02 2.715410e-02 9.995978e-01 8.178967e-03 -2.382643e+00 8.909908e-03 -8.423681e-03 9.999248e-01 -5.310713e+00
9.996092e-01 -2.705954e-02 -7.018219e-03 2.472407e+02 2.712988e-02 9.995807e-01 1.012868e-02 -2.353790e+00 6.741198e-03 -1.031513e-02 9.999241e-01 -5.369790e+00
9.996007e-01 -2.741991e-02 -6.822320e-03 2.498423e+02 2.747277e-02 9.995922e-01 7.778401e-03 -2.300084e+00 6.606255e-03 -7.962723e-03 9.999465e-01 -5.348496e+00
9.996119e-01 -2.611815e-02 -9.689961e-03 2.524240e+02 2.615956e-02 9.996489e-01 4.171648e-03 -2.265605e+00 9.577604e-03 -4.423514e-03 9.999443e-01 -5.490086e+00
9.996131e-01 -2.559696e-02 -1.088330e-02 2.550382e+02 2.566685e-02 9.996504e-01 6.331299e-03 -2.236068e+00 1.071744e-02 -6.608189e-03 9.999207e-01 -5.491350e+00
9.996067e-01 -2.452343e-02 -1.360323e-02 2.576146e+02 2.459680e-02 9.996837e-01 5.252928e-03 -2.180822e+00 1.347011e-02 -5.585458e-03 9.998937e-01 -5.531871e+00
9.995673e-01 -2.441557e-02 -1.640331e-02 2.602327e+02 2.444066e-02 9.997003e-01 1.330858e-03 -2.149602e+00 1.636590e-02 -1.731190e-03 9.998646e-01 -5.634888e+00
9.996061e-01 -2.454189e-02 -1.361134e-02 2.628309e+02 2.457665e-02 9.996951e-01 2.392826e-03 -2.114270e+00 1.354847e-02 -2.726405e-03 9.999045e-01 -5.613498e+00
9.996142e-01 -2.472042e-02 -1.266172e-02 2.654359e+02 2.473013e-02 9.996941e-01 6.103457e-04 -2.070887e+00 1.264275e-02 -9.232361e-04 9.999197e-01 -5.646714e+00
9.996246e-01 -2.429212e-02 -1.266844e-02 2.680113e+02 2.432609e-02 9.997008e-01 2.534971e-03 -2.040870e+00 1.260307e-02 -2.842193e-03 9.999166e-01 -5.715205e+00
9.996077e-01 -2.456411e-02 -1.345636e-02 2.706020e+02 2.460581e-02 9.996928e-01 2.942316e-03 -2.006535e+00 1.337995e-02 -3.272267e-03 9.999051e-01 -5.732108e+00
9.996283e-01 -2.477852e-02 -1.136849e-02 2.731844e+02 2.479769e-02 9.996912e-01 1.548652e-03 -1.961083e+00 1.132660e-02 -1.829989e-03 9.999342e-01 -5.801724e+00
9.996249e-01 -2.448463e-02 -1.226841e-02 2.757628e+02 2.450619e-02 9.996983e-01 1.609616e-03 -1.934845e+00 1.222530e-02 -1.909665e-03 9.999235e-01 -5.843073e+00
9.996386e-01 -2.413225e-02 -1.184433e-02 2.783301e+02 2.414358e-02 9.997081e-01 8.147234e-04 -1.897823e+00 1.182121e-02 -1.100394e-03 9.999295e-01 -5.885792e+00
9.996635e-01 -2.263402e-02 -1.267268e-02 2.808979e+02 2.263684e-02 9.997436e-01 7.884076e-05 -1.867985e+00 1.266765e-02 -3.656836e-04 9.999197e-01 -5.945335e+00
9.996945e-01 -2.128922e-02 -1.255285e-02 2.834654e+02 2.130215e-02 9.997728e-01 8.974737e-04 -1.834656e+00 1.253089e-02 -1.164602e-03 9.999208e-01 -5.977118e+00
9.997135e-01 -2.057438e-02 -1.223288e-02 2.860285e+02 2.059241e-02 9.997871e-01 1.350144e-03 -1.817163e+00 1.220249e-02 -1.601662e-03 9.999242e-01 -6.003670e+00
9.997363e-01 -2.019185e-02 -1.093483e-02 2.885983e+02 2.019241e-02 9.997962e-01 -5.955180e-05 -1.787698e+00 1.093381e-02 -1.612645e-04 9.999402e-01 -6.051252e+00
9.997274e-01 -1.974506e-02 -1.246059e-02 2.911535e+02 1.977836e-02 9.998013e-01 2.555305e-03 -1.759042e+00 1.240766e-02 -2.801059e-03 9.999191e-01 -6.106966e+00
9.997078e-01 -1.930249e-02 -1.455442e-02 2.937200e+02 1.934637e-02 9.998087e-01 2.880067e-03 -1.740516e+00 1.449604e-02 -3.160800e-03 9.998899e-01 -6.110168e+00
9.996976e-01 -1.899030e-02 -1.562269e-02 2.963021e+02 1.899804e-02 9.998194e-01 3.471153e-04 -1.711839e+00 1.561328e-02 -6.438108e-04 9.998779e-01 -6.177289e+00
9.997241e-01 -1.791693e-02 -1.519050e-02 2.988526e+02 1.791168e-02 9.998393e-01 -4.811088e-04 -1.698273e+00 1.519668e-02 2.088886e-04 9.998845e-01 -6.215765e+00
9.997459e-01 -1.775842e-02 -1.388488e-02 3.014162e+02 1.775161e-02 9.998423e-01 -6.134518e-04 -1.670830e+00 1.389359e-02 3.668169e-04 9.999034e-01 -6.218146e+00
9.997652e-01 -1.764541e-02 -1.258275e-02 3.040002e+02 1.763296e-02 9.998440e-01 -1.099291e-03 -1.658816e+00 1.260018e-02 8.771615e-04 9.999202e-01 -6.271933e+00
9.997899e-01 -1.659309e-02 -1.203535e-02 3.065391e+02 1.658883e-02 9.998622e-01 -4.541119e-04 -1.635636e+00 1.204123e-02 2.543640e-04 9.999275e-01 -6.299768e+00
9.997866e-01 -1.639961e-02 -1.256528e-02 3.091507e+02 1.641056e-02 9.998651e-01 7.692101e-04 -1.620050e+00 1.255097e-02 -9.752493e-04 9.999208e-01 -6.334410e+00
9.997913e-01 -1.535066e-02 -1.348386e-02 3.117066e+02 1.535300e-02 9.998821e-01 7.023395e-05 -1.600477e+00 1.348120e-02 -2.772371e-04 9.999091e-01 -6.372766e+00
9.997810e-01 -1.515851e-02 -1.442654e-02 3.143025e+02 1.516439e-02 9.998850e-01 2.983552e-04 -1.594465e+00 1.442036e-02 -5.170596e-04 9.998959e-01 -6.400914e+00
9.997623e-01 -1.474238e-02 -1.606342e-02 3.168768e+02 1.474167e-02 9.998913e-01 -1.623907e-04 -1.578747e+00 1.606407e-02 -7.444953e-05 9.998710e-01 -6.451550e+00
9.997771e-01 -1.479060e-02 -1.506807e-02 3.194690e+02 1.476712e-02 9.998896e-01 -1.668143e-03 -1.565835e+00 1.509108e-02 1.445259e-03 9.998851e-01 -6.483233e+00
9.997457e-01 -1.440486e-02 -1.734943e-02 3.220702e+02 1.435082e-02 9.998918e-01 -3.235474e-03 -1.559623e+00 1.739416e-02 2.985673e-03 9.998443e-01 -6.491845e+00
9.997846e-01 -1.439429e-02 -1.495381e-02 3.246678e+02 1.435043e-02 9.998924e-01 -3.035950e-03 -1.545808e+00 1.499590e-02 2.820702e-03 9.998836e-01 -6.534964e+00
9.997705e-01 -1.430652e-02 -1.594400e-02 3.272526e+02 1.426917e-02 9.998952e-01 -2.453824e-03 -1.532927e+00 1.597743e-02 2.225753e-03 9.998699e-01 -6.535651e+00
9.997730e-01 -1.402477e-02 -1.603819e-02 3.298453e+02 1.399853e-02 9.999005e-01 -1.747071e-03 -1.525654e+00 1.606110e-02 1.522164e-03 9.998699e-01 -6.592290e+00
9.997934e-01 -1.375548e-02 -1.496791e-02 3.324469e+02 1.373069e-02 9.999040e-01 -1.757163e-03 -1.514844e+00 1.499065e-02 1.551280e-03 9.998865e-01 -6.609788e+00
9.997992e-01 -1.388516e-02 -1.444980e-02 3.350422e+02 1.383454e-02 9.998978e-01 -3.597383e-03 -1.499057e+00 1.449827e-02 3.396754e-03 9.998891e-01 -6.613545e+00
9.997904e-01 -1.362920e-02 -1.527534e-02 3.376521e+02 1.360421e-02 9.999058e-01 -1.738349e-03 -1.500647e+00 1.529760e-02 1.530175e-03 9.998818e-01 -6.676120e+00
9.998194e-01 -1.320307e-02 -1.366859e-02 3.402546e+02 1.318075e-02 9.999117e-01 -1.722152e-03 -1.497449e+00 1.369012e-02 1.541679e-03 9.999051e-01 -6.682825e+00
9.997925e-01 -1.309409e-02 -1.560445e-02 3.428560e+02 1.304999e-02 9.999106e-01 -2.924700e-03 -1.489001e+00 1.564135e-02 2.720456e-03 9.998739e-01 -6.697862e+00
9.998106e-01 -1.293413e-02 -1.454186e-02 3.454915e+02 1.287185e-02 9.999075e-01 -4.367973e-03 -1.479824e+00 1.459702e-02 4.179965e-03 9.998847e-01 -6.758843e+00
9.998158e-01 -1.258933e-02 -1.448968e-02 3.480972e+02 1.253643e-02 9.999143e-01 -3.736469e-03 -1.482334e+00 1.453548e-02 3.554132e-03 9.998881e-01 -6.745213e+00
9.997854e-01 -1.284629e-02 -1.624989e-02 3.507215e+02 1.279779e-02 9.999132e-01 -3.084668e-03 -1.475255e+00 1.628811e-02 2.876043e-03 9.998632e-01 -6.779332e+00
9.998181e-01 -1.259062e-02 -1.432183e-02 3.533117e+02 1.254680e-02 9.999164e-01 -3.145588e-03 -1.470822e+00 1.436023e-02 2.965323e-03 9.998925e-01 -6.849239e+00
9.998155e-01 -1.236886e-02 -1.469902e-02 3.559481e+02 1.230818e-02 9.999152e-01 -4.211432e-03 -1.472053e+00 1.474987e-02 4.029736e-03 9.998831e-01 -6.812511e+00
9.997965e-01 -1.210788e-02 -1.613346e-02 3.585750e+02 1.200627e-02 9.999076e-01 -6.380362e-03 -1.461550e+00 1.620922e-02 6.185361e-03 9.998495e-01 -6.843595e+00
9.998300e-01 -1.194910e-02 -1.403978e-02 3.612100e+02 1.187360e-02 9.999148e-01 -5.448569e-03 -1.464550e+00 1.410369e-02 5.280940e-03 9.998866e-01 -6.901580e+00
9.998299e-01 -1.115829e-02 -1.468124e-02 3.638255e+02 1.110710e-02 9.999319e-01 -3.563600e-03 -1.466571e+00 1.472000e-02 3.399928e-03 9.998859e-01 -6.865752e+00
9.998122e-01 -1.063709e-02 -1.619979e-02 3.664660e+02 1.056954e-02 9.999352e-01 -4.249893e-03 -1.461368e+00 1.624395e-02 4.077870e-03 9.998598e-01 -6.905576e+00
9.998572e-01 -1.066135e-02 -1.310910e-02 3.691187e+02 1.058980e-02 9.999287e-01 -5.515066e-03 -1.473246e+00 1.316696e-02 5.375457e-03 9.998989e-01 -6.955235e+00
9.998750e-01 -1.108230e-02 -1.127772e-02 3.717451e+02 1.102155e-02 9.999244e-01 -5.434977e-03 -1.474823e+00 1.133711e-02 5.310000e-03 9.999216e-01 -6.937735e+00
9.998431e-01 -1.137944e-02 -1.357145e-02 3.743895e+02 1.130414e-02 9.999204e-01 -5.612784e-03 -1.466374e+00 1.363424e-02 5.458490e-03 9.998922e-01 -6.972795e+00
9.998672e-01 -1.024596e-02 -1.267316e-02 3.770312e+02 1.016640e-02 9.999284e-01 -6.326662e-03 -1.471920e+00 1.273708e-02 6.196981e-03 9.998997e-01 -7.012070e+00
9.998288e-01 -9.459401e-03 -1.590468e-02 3.796910e+02 9.325271e-03 9.999204e-01 -8.486397e-03 -1.469651e+00 1.598370e-02 8.336629e-03 9.998375e-01 -7.008886e+00
9.998022e-01 -8.217495e-03 -1.811384e-02 3.823553e+02 8.031938e-03 9.999148e-01 -1.029295e-02 -1.465440e+00 1.819688e-02 1.014542e-02 9.997829e-01 -7.025004e+00
9.998080e-01 -7.246400e-03 -1.820712e-02 3.849975e+02 7.081819e-03 9.999337e-01 -9.087655e-03 -1.478333e+00 1.827176e-02 8.956970e-03 9.997929e-01 -7.020756e+00
9.997890e-01 -7.039717e-03 -1.929887e-02 3.876526e+02 6.888771e-03 9.999453e-01 -7.876866e-03 -1.483064e+00 1.935327e-02 7.742259e-03 9.997827e-01 -7.035570e+00
9.998661e-01 -6.756384e-03 -1.490078e-02 3.903109e+02 6.674456e-03 9.999623e-01 -5.541090e-03 -1.499817e+00 1.493765e-02 5.440894e-03 9.998736e-01 -7.033971e+00
9.999309e-01 -6.304086e-03 -9.923561e-03 3.929976e+02 6.260608e-03 9.999707e-01 -4.406278e-03 -1.518163e+00 9.951049e-03 4.343845e-03 9.999411e-01 -7.051459e+00
9.999580e-01 -6.205041e-03 -6.740046e-03 3.956511e+02 6.134452e-03 9.999266e-01 -1.044375e-02 -1.530791e+00 6.804356e-03 1.040197e-02 9.999228e-01 -7.115380e+00
9.999713e-01 -5.269505e-03 -5.441672e-03 3.983065e+02 5.200890e-03 9.999077e-01 -1.254733e-02 -1.540191e+00 5.507288e-03 1.251867e-02 9.999065e-01 -7.121933e+00
9.999555e-01 -4.140936e-03 -8.481825e-03 4.009565e+02 4.022674e-03 9.998951e-01 -1.391296e-02 -1.560542e+00 8.538548e-03 1.387822e-02 9.998673e-01 -7.105270e+00
9.999571e-01 -2.826484e-03 -8.818588e-03 4.035999e+02 2.695970e-03 9.998872e-01 -1.477683e-02 -1.576574e+00 8.859360e-03 1.475243e-02 9.998519e-01 -7.142986e+00
9.999778e-01 -2.875845e-03 -6.018918e-03 4.062388e+02 2.789916e-03 9.998947e-01 -1.423661e-02 -1.598430e+00 6.059227e-03 1.421950e-02 9.998806e-01 -7.112230e+00
9.999782e-01 -4.124000e-03 -5.154754e-03 4.088994e+02 4.055608e-03 9.999045e-01 -1.320848e-02 -1.616508e+00 5.208733e-03 1.318728e-02 9.998995e-01 -7.100346e+00
9.999855e-01 -5.179022e-03 -1.505215e-03 4.115320e+02 5.161405e-03 9.999208e-01 -1.148204e-02 -1.636707e+00 1.564561e-03 1.147411e-02 9.999329e-01 -7.129552e+00
9.999704e-01 -7.687122e-03 -5.771574e-05 4.141497e+02 7.686142e-03 9.999192e-01 -1.013492e-02 -1.645022e+00 1.356195e-04 1.013418e-02 9.999486e-01 -7.113634e+00
9.999641e-01 -8.449221e-03 -6.875703e-04 4.168030e+02 8.439558e-03 9.998796e-01 -1.301630e-02 -1.654011e+00 7.974650e-04 1.301003e-02 9.999151e-01 -7.165042e+00
9.999695e-01 -7.373451e-03 -2.585855e-03 4.194554e+02 7.333185e-03 9.998568e-01 -1.525009e-02 -1.657496e+00 2.697930e-03 1.523066e-02 9.998804e-01 -7.170908e+00
9.999295e-01 -7.398201e-03 -9.288296e-03 4.221160e+02 7.215773e-03 9.997834e-01 -1.952287e-02 -1.657808e+00 9.430718e-03 1.945447e-02 9.997663e-01 -7.132739e+00
9.998687e-01 -7.135858e-03 -1.454783e-02 4.247349e+02 6.838379e-03 9.997686e-01 -2.039656e-02 -1.657748e+00 1.469001e-02 2.029440e-02 9.996861e-01 -7.097526e+00
9.999270e-01 -6.545576e-03 -1.015041e-02 4.273763e+02 6.440215e-03 9.999255e-01 -1.037813e-02 -1.674829e+00 1.021758e-02 1.031201e-02 9.998946e-01 -7.078975e+00
9.999632e-01 -5.838396e-03 -6.295095e-03 4.300108e+02 5.792381e-03 9.999565e-01 -7.303372e-03 -1.697557e+00 6.337462e-03 7.266639e-03 9.999535e-01 -7.108111e+00
9.999728e-01 -6.000289e-03 -4.301906e-03 4.326783e+02 5.948587e-03 9.999112e-01 -1.193221e-02 -1.714803e+00 4.373120e-03 1.190629e-02 9.999195e-01 -7.133373e+00
9.999752e-01 -5.730326e-03 -4.089355e-03 4.353597e+02 5.676650e-03 9.998990e-01 -1.301873e-02 -1.721525e+00 4.163544e-03 1.299519e-02 9.999069e-01 -7.163139e+00
9.999664e-01 -4.803661e-03 -6.645252e-03 4.380107e+02 4.705394e-03 9.998804e-01 -1.472505e-02 -1.731791e+00 6.715193e-03 1.469329e-02 9.998695e-01 -7.160294e+00
9.999425e-01 -3.599964e-03 -1.010190e-02 4.406796e+02 3.463415e-03 9.999027e-01 -1.350226e-02 -1.744429e+00 1.014953e-02 1.346650e-02 9.998578e-01 -7.162274e+00
9.999349e-01 -2.941635e-03 -1.102882e-02 4.433596e+02 2.785341e-03 9.998958e-01 -1.416005e-02 -1.760110e+00 1.106933e-02 1.412841e-02 9.998389e-01 -7.122273e+00
9.999354e-01 -2.904282e-03 -1.098744e-02 4.460020e+02 2.729268e-03 9.998696e-01 -1.591011e-02 -1.774575e+00 1.103222e-02 1.587909e-02 9.998131e-01 -7.156556e+00
9.999789e-01 -2.940137e-03 -5.789510e-03 4.486690e+02 2.854401e-03 9.998870e-01 -1.476186e-02 -1.802000e+00 5.832258e-03 1.474502e-02 9.998743e-01 -7.118831e+00
9.999802e-01 -2.664624e-03 -5.703785e-03 4.513728e+02 2.578648e-03 9.998838e-01 -1.502804e-02 -1.820832e+00 5.743166e-03 1.501304e-02 9.998708e-01 -7.102161e+00
9.999825e-01 -3.140673e-03 -5.019703e-03 4.540330e+02 3.065232e-03 9.998833e-01 -1.496661e-02 -1.846196e+00 5.066122e-03 1.495096e-02 9.998754e-01 -7.119124e+00
9.999839e-01 -3.449155e-03 -4.510913e-03 4.567100e+02 3.386404e-03 9.998984e-01 -1.384543e-02 -1.859608e+00 4.558210e-03 1.382993e-02 9.998940e-01 -7.088295e+00
9.999579e-01 -2.626105e-03 -8.788116e-03 4.594107e+02 2.488781e-03 9.998752e-01 -1.560060e-02 -1.881357e+00 8.827988e-03 1.557807e-02 9.998397e-01 -7.102566e+00
9.999702e-01 -1.966368e-03 -7.466862e-03 4.621001e+02 1.851914e-03 9.998811e-01 -1.530439e-02 -1.914148e+00 7.496069e-03 1.529011e-02 9.998550e-01 -7.091074e+00
9.999684e-01 -1.460303e-03 -7.814751e-03 4.647741e+02 1.344256e-03 9.998890e-01 -1.483451e-02 -1.933728e+00 7.835547e-03 1.482353e-02 9.998595e-01 -7.057028e+00
9.999617e-01 -2.036349e-03 -8.506852e-03 4.674949e+02 1.904617e-03 9.998785e-01 -1.546492e-02 -1.960431e+00 8.537312e-03 1.544813e-02 9.998442e-01 -7.056139e+00
9.999764e-01 -1.898014e-03 -6.602656e-03 4.701911e+02 1.796270e-03 9.998801e-01 -1.538155e-02 -1.992613e+00 6.631058e-03 1.536933e-02 9.998599e-01 -7.048421e+00
9.999679e-01 -1.929955e-03 -7.783113e-03 4.728860e+02 1.800816e-03 9.998611e-01 -1.656524e-02 -2.029348e+00 7.814002e-03 1.655069e-02 9.998325e-01 -7.026531e+00
9.999735e-01 -2.563815e-03 -6.813366e-03 4.756247e+02 2.457227e-03 9.998753e-01 -1.560646e-02 -2.056724e+00 6.852528e-03 1.558931e-02 9.998550e-01 -7.037185e+00
9.999757e-01 -2.447726e-03 -6.519822e-03 4.783293e+02 2.346890e-03 9.998783e-01 -1.542914e-02 -2.073318e+00 6.556795e-03 1.541347e-02 9.998597e-01 -7.004529e+00
9.999698e-01 -2.623754e-03 -7.319859e-03 4.810393e+02 2.499145e-03 9.998527e-01 -1.698102e-02 -2.100896e+00 7.363335e-03 1.696222e-02 9.998290e-01 -6.998688e+00
9.999784e-01 -2.505674e-03 -6.084787e-03 4.837796e+02 2.393214e-03 9.998274e-01 -1.841964e-02 -2.117164e+00 6.129891e-03 1.840468e-02 9.998118e-01 -6.990305e+00
9.999672e-01 -2.509055e-03 -7.698115e-03 4.865204e+02 2.375639e-03 9.998477e-01 -1.729153e-02 -2.139076e+00 7.740329e-03 1.727268e-02 9.998208e-01 -6.963068e+00
9.999640e-01 -2.040893e-03 -8.235928e-03 4.892826e+02 1.903512e-03 9.998596e-01 -1.665414e-02 -2.166347e+00 8.268761e-03 1.663786e-02 9.998274e-01 -6.964280e+00
9.999635e-01 -2.451686e-03 -8.191439e-03 4.920115e+02 2.319913e-03 9.998685e-01 -1.605762e-02 -2.194028e+00 8.229730e-03 1.603802e-02 9.998375e-01 -6.935142e+00
9.999607e-01 -2.967498e-03 -8.350598e-03 4.947549e+02 2.823630e-03 9.998484e-01 -1.718779e-02 -2.204010e+00 8.400336e-03 1.716353e-02 9.998174e-01 -6.942305e+00
9.999755e-01 -3.861954e-03 -5.839363e-03 4.975130e+02 3.757941e-03 9.998358e-01 -1.771952e-02 -2.232721e+00 5.906837e-03 1.769715e-02 9.998260e-01 -6.907507e+00
9.999723e-01 -4.629183e-03 -5.816459e-03 5.002874e+02 4.524113e-03 9.998286e-01 -1.794930e-02 -2.258260e+00 5.898553e-03 1.792249e-02 9.998220e-01 -6.889034e+00
9.999863e-01 -3.700616e-03 -3.701224e-03 5.030288e+02 3.637359e-03 9.998496e-01 -1.695403e-02 -2.275456e+00 3.763408e-03 1.694034e-02 9.998494e-01 -6.909378e+00
9.999657e-01 -3.851724e-03 -7.326626e-03 5.058246e+02 3.719006e-03 9.998304e-01 -1.804266e-02 -2.296742e+00 7.394878e-03 1.801480e-02 9.998104e-01 -6.851594e+00
9.999474e-01 -3.712852e-03 -9.560884e-03 5.085886e+02 3.540955e-03 9.998329e-01 -1.793375e-02 -2.307927e+00 9.625872e-03 1.789895e-02 9.997935e-01 -6.871381e+00
9.999515e-01 -3.619007e-03 -9.155228e-03 5.113741e+02 3.441048e-03 9.998062e-01 -1.937967e-02 -2.344051e+00 9.223589e-03 1.934723e-02 9.997703e-01 -6.846773e+00
9.999418e-01 -3.906469e-03 -1.005281e-02 5.141509e+02 3.692131e-03 9.997672e-01 -2.125215e-02 -2.359779e+00 1.013349e-02 2.121379e-02 9.997236e-01 -6.813855e+00
9.999434e-01 -5.341867e-03 -9.195590e-03 5.169370e+02 5.125410e-03 9.997128e-01 -2.340394e-02 -2.374979e+00 9.317972e-03 2.335549e-02 9.996838e-01 -6.799687e+00
9.999317e-01 -6.681348e-03 -9.588378e-03 5.196995e+02 6.456941e-03 9.997089e-01 -2.324722e-02 -2.391196e+00 9.740910e-03 2.318372e-02 9.996837e-01 -6.790993e+00
9.999080e-01 -8.124736e-03 -1.086545e-02 5.224916e+02 7.871739e-03 9.997015e-01 -2.312802e-02 -2.397787e+00 1.105011e-02 2.304036e-02 9.996735e-01 -6.758531e+00
9.998916e-01 -8.519340e-03 -1.200912e-02 5.252420e+02 8.252664e-03 9.997220e-01 -2.208350e-02 -2.408206e+00 1.219392e-02 2.198199e-02 9.996840e-01 -6.751964e+00
9.998896e-01 -7.808495e-03 -1.264148e-02 5.280166e+02 7.526808e-03 9.997257e-01 -2.217905e-02 -2.429152e+00 1.281120e-02 2.208145e-02 9.996741e-01 -6.721003e+00
9.999030e-01 -8.019963e-03 -1.138748e-02 5.307853e+02 7.764727e-03 9.997215e-01 -2.228381e-02 -2.426437e+00 1.156302e-02 2.219323e-02 9.996868e-01 -6.697558e+00
9.998808e-01 -7.259222e-03 -1.362546e-02 5.335680e+02 6.924157e-03 9.996763e-01 -2.447920e-02 -2.446119e+00 1.379875e-02 2.438194e-02 9.996075e-01 -6.673072e+00
9.999303e-01 -7.135984e-03 -9.407337e-03 5.363464e+02 6.918366e-03 9.997122e-01 -2.296588e-02 -2.454879e+00 9.568515e-03 2.289920e-02 9.996920e-01 -6.668240e+00
9.999097e-01 -7.636106e-03 -1.105886e-02 5.391289e+02 7.350629e-03 9.996445e-01 -2.562892e-02 -2.467713e+00 1.125064e-02 2.554532e-02 9.996104e-01 -6.587560e+00
9.999290e-01 -7.871624e-03 -8.946957e-03 5.419088e+02 7.655429e-03 9.996840e-01 -2.394674e-02 -2.465345e+00 9.132629e-03 2.387655e-02 9.996732e-01 -6.618917e+00
9.999281e-01 -8.358910e-03 -8.603724e-03 5.446867e+02 8.130240e-03 9.996216e-01 -2.627832e-02 -2.484567e+00 8.820126e-03 2.620648e-02 9.996176e-01 -6.538263e+00
9.999232e-01 -8.039379e-03 -9.428431e-03 5.474574e+02 7.810029e-03 9.996787e-01 -2.411489e-02 -2.483384e+00 9.619270e-03 2.403940e-02 9.996647e-01 -6.517890e+00
9.999318e-01 -7.646068e-03 -8.824814e-03 5.502411e+02 7.423593e-03 9.996605e-01 -2.497348e-02 -2.499568e+00 9.012768e-03 2.490627e-02 9.996492e-01 -6.484823e+00
9.999297e-01 -7.287026e-03 -9.352934e-03 5.530442e+02 7.043505e-03 9.996419e-01 -2.581087e-02 -2.506280e+00 9.537671e-03 2.574318e-02 9.996231e-01 -6.475571e+00
9.999468e-01 -6.885317e-03 -7.682880e-03 5.558254e+02 6.684807e-03 9.996442e-01 -2.582560e-02 -2.517648e+00 7.857963e-03 2.577287e-02 9.996369e-01 -6.429381e+00
9.999365e-01 -6.685575e-03 -9.079159e-03 5.586271e+02 6.436301e-03 9.996089e-01 -2.721275e-02 -2.521099e+00 9.257541e-03 2.715258e-02 9.995884e-01 -6.406440e+00
9.999449e-01 -6.020432e-03 -8.597186e-03 5.614244e+02 5.792331e-03 9.996369e-01 -2.631490e-02 -2.536752e+00 8.752491e-03 2.626365e-02 9.996167e-01 -6.371817e+00
9.999425e-01 -5.597201e-03 -9.148984e-03 5.642263e+02 5.365850e-03 9.996700e-01 -2.511896e-02 -2.550896e+00 9.286561e-03 2.506842e-02 9.996426e-01 -6.329444e+00
9.999567e-01 -5.380955e-03 -7.598019e-03 5.670504e+02 5.182549e-03 9.996513e-01 -2.589541e-02 -2.566045e+00 7.734711e-03 2.585491e-02 9.996358e-01 -6.306171e+00
9.999649e-01 -4.944464e-03 -6.766836e-03 5.698463e+02 4.767275e-03 9.996517e-01 -2.595520e-02 -2.582883e+00 6.892814e-03 2.592203e-02 9.996402e-01 -6.251650e+00
9.999299e-01 -4.763135e-03 -1.084040e-02 5.726484e+02 4.461931e-03 9.996079e-01 -2.764185e-02 -2.605314e+00 1.096781e-02 2.759155e-02 9.995591e-01 -6.238487e+00
9.999399e-01 -4.308952e-03 -1.008424e-02 5.754470e+02 4.044263e-03 9.996506e-01 -2.612267e-02 -2.623944e+00 1.019328e-02 2.608031e-02 9.996079e-01 -6.183340e+00
9.999254e-01 -4.950579e-03 -1.117111e-02 5.782665e+02 4.641016e-03 9.996092e-01 -2.756891e-02 -2.646335e+00 1.130322e-02 2.751500e-02 9.995575e-01 -6.150184e+00
9.999136e-01 -6.008309e-03 -1.168708e-02 5.810844e+02 5.653186e-03 9.995284e-01 -3.018519e-02 -2.666610e+00 1.186293e-02 3.011652e-02 9.994760e-01 -6.117798e+00
9.999261e-01 -6.414100e-03 -1.032239e-02 5.839078e+02 6.075420e-03 9.994528e-01 -3.251373e-02 -2.679058e+00 1.052529e-02 3.244862e-02 9.994180e-01 -6.090314e+00
9.999062e-01 -6.837858e-03 -1.186326e-02 5.867367e+02 6.456602e-03 9.994706e-01 -3.188354e-02 -2.687242e+00 1.207500e-02 3.180395e-02 9.994212e-01 -6.034801e+00
9.998817e-01 -8.365085e-03 -1.290710e-02 5.895900e+02 7.955480e-03 9.994732e-01 -3.146638e-02 -2.678692e+00 1.316352e-02 3.135998e-02 9.994215e-01 -5.987099e+00
9.998881e-01 -7.976029e-03 -1.265497e-02 5.923849e+02 7.593258e-03 9.995205e-01 -3.001171e-02 -2.702454e+00 1.288828e-02 2.991226e-02 9.994695e-01 -5.944074e+00
9.998666e-01 -8.256443e-03 -1.409111e-02 5.951838e+02 7.803373e-03 9.994602e-01 -3.191056e-02 -2.725853e+00 1.434697e-02 3.179634e-02 9.993914e-01 -5.912562e+00
9.998543e-01 -9.504385e-03 -1.418264e-02 5.980402e+02 9.048883e-03 9.994519e-01 -3.184267e-02 -2.722141e+00 1.447751e-02 3.170969e-02 9.993923e-01 -5.872444e+00
9.998855e-01 -9.153439e-03 -1.204965e-02 6.007989e+02 8.757647e-03 9.994333e-01 -3.249946e-02 -2.722983e+00 1.234030e-02 3.239021e-02 9.993991e-01 -5.829822e+00
9.999041e-01 -9.135545e-03 -1.041070e-02 6.035677e+02 8.798552e-03 9.994501e-01 -3.196845e-02 -2.724860e+00 1.069703e-02 3.187378e-02 9.994346e-01 -5.782521e+00
9.998975e-01 -8.826730e-03 -1.127588e-02 6.063577e+02 8.471386e-03 9.994779e-01 -3.118195e-02 -2.733787e+00 1.154523e-02 3.108323e-02 9.994501e-01 -5.739629e+00
9.998894e-01 -8.774703e-03 -1.200670e-02 6.091324e+02 8.368770e-03 9.994053e-01 -3.345140e-02 -2.739755e+00 1.229308e-02 3.334722e-02 9.993683e-01 -5.707556e+00
9.999075e-01 -7.833435e-03 -1.111991e-02 6.119050e+02 7.473824e-03 9.994593e-01 -3.202065e-02 -2.754790e+00 1.136473e-02 3.193458e-02 9.994254e-01 -5.623688e+00
9.999110e-01 -7.183118e-03 -1.124582e-02 6.147005e+02 6.783885e-03 9.993593e-01 -3.514497e-02 -2.768104e+00 1.149106e-02 3.506554e-02 9.993190e-01 -5.616549e+00
9.999306e-01 -7.186920e-03 -9.330233e-03 6.174543e+02 6.850371e-03 9.993422e-01 -3.561495e-02 -2.769778e+00 9.580056e-03 3.554856e-02 9.993221e-01 -5.584290e+00
9.999166e-01 -6.620131e-03 -1.109443e-02 6.202159e+02 6.221110e-03 9.993460e-01 -3.562234e-02 -2.788056e+00 1.132300e-02 3.555034e-02 9.993038e-01 -5.511266e+00
9.998822e-01 -6.758847e-03 -1.377900e-02 6.229895e+02 6.225213e-03 9.992428e-01 -3.840980e-02 -2.800976e+00 1.402817e-02 3.831949e-02 9.991671e-01 -5.470227e+00
9.998792e-01 -6.497906e-03 -1.411909e-02 6.257484e+02 5.956791e-03 9.992588e-01 -3.803484e-02 -2.817457e+00 1.435577e-02 3.794614e-02 9.991767e-01 -5.416696e+00
9.998898e-01 -6.418330e-03 -1.338755e-02 6.284917e+02 5.902562e-03 9.992521e-01 -3.821601e-02 -2.826535e+00 1.362282e-02 3.813278e-02 9.991798e-01 -5.344716e+00
9.999074e-01 -6.819698e-03 -1.178017e-02 6.312048e+02 6.391145e-03 9.993299e-01 -3.604146e-02 -2.847742e+00 1.201807e-02 3.596283e-02 9.992809e-01 -5.309800e+00
9.999446e-01 -6.954129e-03 -7.899933e-03 6.339276e+02 6.664817e-03 9.993268e-01 -3.607631e-02 -2.859652e+00 8.145494e-03 3.602166e-02 9.993178e-01 -5.235137e+00
9.999406e-01 -7.823840e-03 -7.588635e-03 6.366353e+02 7.542425e-03 9.993079e-01 -3.642913e-02 -2.865574e+00 7.868397e-03 3.636973e-02 9.993075e-01 -5.196076e+00
9.999411e-01 -8.440183e-03 -6.833718e-03 6.393452e+02 8.178417e-03 9.992645e-01 -3.746716e-02 -2.869614e+00 7.144921e-03 3.740906e-02 9.992745e-01 -5.179214e+00
9.999151e-01 -8.154301e-03 -1.016176e-02 6.420303e+02 7.739373e-03 9.991608e-01 -4.022349e-02 -2.881244e+00 1.048123e-02 4.014143e-02 9.991390e-01 -5.112117e+00
9.999307e-01 -8.001053e-03 -8.640226e-03 6.447145e+02 7.636251e-03 9.991109e-01 -4.145934e-02 -2.889582e+00 8.964263e-03 4.139049e-02 9.991028e-01 -5.051935e+00
9.999398e-01 -7.522052e-03 -7.990254e-03 6.473734e+02 7.199815e-03 9.991890e-01 -3.961940e-02 -2.905845e+00 8.281792e-03 3.955948e-02 9.991829e-01 -4.960029e+00
