1.000000e+00 0.000000e+00 0.000000e+00 0.000000e+00 0.000000e+00 1.000000e+00 0.000000e+00 0.000000e+00 0.000000e+00 0.000000e+00 1.000000e+00 0.000000e+00
9.999833e-01 5.727480e-03 7.464418e-04 1.178749e+00 -5.724665e-03 9.999766e-01 -3.720094e-03 -1.180571e-01 -7.677312e-04 3.715759e-03 9.999928e-01 2.296091e-02
9.999737e-01 7.212550e-03 -7.192704e-04 1.864481e+00 -7.215221e-03 9.999669e-01 -3.782446e-03 -2.057969e-01 6.919654e-04 3.787536e-03 9.999926e-01 -2.710560e-04
9.999499e-01 9.862014e-03 -1.732647e-03 2.874002e+00 -9.872313e-03 9.999330e-01 -6.039655e-03 -3.311481e-01 1.672968e-03 6.056458e-03 9.999803e-01 1.977785e-02
9.999417e-01 1.054071e-02 -2.348184e-03 4.994661e+00 -1.055337e-02 9.999295e-01 -5.447153e-03 -4.133394e-01 2.290602e-03 5.471617e-03 9.999824e-01 1.645546e-02
9.999424e-01 1.029074e-02 -3.064505e-03 7.808354e+00 -1.030437e-02 9.999369e-01 -4.467566e-03 -4.575059e-01 3.018337e-03 4.498886e-03 9.999853e-01 -2.067630e-02
9.999471e-01 1.023209e-02 -1.010657e-03 1.060101e+01 -1.023450e-02 9.999447e-01 -2.406899e-03 -5.113001e-01 9.859734e-04 2.417115e-03 9.999966e-01 -6.692822e-02
9.999475e-01 1.012054e-02 -1.559789e-03 1.334263e+01 -1.012536e-02 9.999440e-01 -3.115882e-03 -5.676267e-01 1.528167e-03 3.131512e-03 9.999939e-01 -1.044817e-01
9.999489e-01 1.009643e-02 5.449200e-04 1.607304e+01 -1.009460e-02 9.999436e-01 -3.259237e-03 -6.124295e-01 -5.777961e-04 3.253570e-03 9.999945e-01 -1.536694e-01
9.999537e-01 9.609954e-03 3.785474e-04 1.880988e+01 -9.609533e-03 9.999532e-01 -1.100969e-03 -6.481654e-01 -3.891099e-04 1.097280e-03 9.999993e-01 -1.621499e-01
9.999610e-01 8.826436e-03 -3.149033e-04 2.154898e+01 -8.826679e-03 9.999607e-01 -7.777824e-04 -7.016928e-01 3.080259e-04 7.805317e-04 9.999996e-01 -2.374849e-01
9.999673e-01 8.077023e-03 1.903990e-04 2.429916e+01 -8.076695e-03 9.999659e-01 -1.661699e-03 -7.445896e-01 -2.038141e-04 1.660107e-03 9.999986e-01 -2.615856e-01
9.999722e-01 7.366377e-03 1.182207e-03 2.701800e+01 -7.364499e-03 9.999716e-01 -1.584369e-03 -7.926583e-01 -1.193844e-03 1.575619e-03 9.999980e-01 -2.801444e-01
9.999710e-01 7.393504e-03 1.812733e-03 2.977832e+01 -7.393091e-03 9.999726e-01 -2.344230e-04 -8.316212e-01 -1.814416e-03 2.210145e-04 9.999983e-01 -3.531355e-01
9.999701e-01 7.502252e-03 1.870271e-03 3.247941e+01 -7.505796e-03 9.999701e-01 1.894968e-03 -8.661267e-01 -1.855999e-03 -1.908949e-03 9.999965e-01 -3.508162e-01
9.999790e-01 6.472434e-03 4.515349e-04 3.523729e+01 -6.472849e-03 9.999787e-01 9.239534e-04 -9.073951e-01 -4.455450e-04 -9.268567e-04 9.999995e-01 -3.823421e-01
9.999732e-01 6.484389e-03 3.398721e-03 3.797117e+01 -6.486881e-03 9.999785e-01 7.227902e-04 -9.468946e-01 -3.393962e-03 -7.448180e-04 9.999940e-01 -5.033744e-01
9.999763e-01 6.721822e-03 1.518201e-03 4.071156e+01 -6.725286e-03 9.999747e-01 2.288688e-03 -9.971558e-01 -1.502778e-03 -2.298844e-03 9.999962e-01 -4.808772e-01
9.999806e-01 6.227462e-03 3.051791e-04 4.345118e+01 -6.227798e-03 9.999800e-01 1.112762e-03 -1.028067e+00 -2.982433e-04 -1.114641e-03 9.999993e-01 -5.545181e-01
9.999750e-01 7.036271e-03 7.307946e-04 4.616338e+01 -7.036046e-03 9.999752e-01 -3.091254e-04 -1.076663e+00 -7.329516e-04 3.039758e-04 9.999997e-01 -5.816741e-01
9.999839e-01 5.573176e-03 1.034110e-03 4.890669e+01 -5.572911e-03 9.999843e-01 -2.589274e-04 -1.110919e+00 -1.035537e-03 2.531602e-04 9.999994e-01 -6.105129e-01
9.999791e-01 5.720793e-03 3.011928e-03 5.161048e+01 -5.722749e-03 9.999833e-01 6.410809e-04 -1.164374e+00 -3.008210e-03 -6.583040e-04 9.999952e-01 -6.441171e-01
9.999762e-01 5.122936e-03 4.617838e-03 5.433522e+01 -5.135749e-03 9.999830e-01 2.767057e-03 -1.205008e+00 -4.603584e-03 -2.790707e-03 9.999855e-01 -6.935009e-01
9.999775e-01 4.844337e-03 4.632151e-03 5.706112e+01 -4.849094e-03 9.999878e-01 1.016248e-03 -1.250721e+00 -4.627171e-03 -1.038686e-03 9.999887e-01 -7.438987e-01
9.999820e-01 4.267644e-03 4.212123e-03 5.980590e+01 -4.276293e-03 9.999888e-01 2.046531e-03 -1.290112e+00 -4.203342e-03 -2.064506e-03 9.999890e-01 -7.884170e-01
9.999864e-01 3.398567e-03 3.947607e-03 6.253326e+01 -3.400907e-03 9.999939e-01 5.862162e-04 -1.328173e+00 -3.945592e-03 -5.996336e-04 9.999920e-01 -8.386010e-01
9.999923e-01 2.796171e-03 2.780397e-03 6.525176e+01 -2.799680e-03 9.999952e-01 1.258983e-03 -1.360801e+00 -2.776864e-03 -1.266757e-03 9.999954e-01 -8.751470e-01
9.999973e-01 1.881426e-03 1.346279e-03 6.798582e+01 -1.883769e-03 9.999967e-01 1.741511e-03 -1.387172e+00 -1.342998e-03 -1.744042e-03 9.999976e-01 -9.063047e-01
9.999954e-01 1.860704e-03 2.393046e-03 7.071684e+01 -1.863150e-03 9.999979e-01 1.020300e-03 -1.418374e+00 -2.391142e-03 -1.024754e-03 9.999966e-01 -9.598187e-01
9.999918e-01 9.877625e-04 3.933962e-03 7.342835e+01 -1.006397e-03 9.999882e-01 4.737725e-03 -1.453881e+00 -3.929236e-03 -4.741644e-03 9.999810e-01 -9.909944e-01
9.999914e-01 3.660951e-04 4.137720e-03 7.620124e+01 -3.881363e-04 9.999857e-01 5.327347e-03 -1.486453e+00 -4.135710e-03 -5.328907e-03 9.999772e-01 -1.054756e+00
9.999952e-01 6.098932e-04 3.020940e-03 7.892113e+01 -6.211623e-04 9.999928e-01 3.730822e-03 -1.515304e+00 -3.018643e-03 -3.732681e-03 9.999885e-01 -1.133758e+00
9.999959e-01 2.005764e-04 2.870166e-03 8.169352e+01 -2.173317e-04 9.999830e-01 5.838612e-03 -1.546814e+00 -2.868946e-03 -5.839211e-03 9.999788e-01 -1.160195e+00
9.999999e-01 1.706595e-04 5.150874e-04 8.442128e+01 -1.721106e-04 9.999961e-01 2.818485e-03 -1.573647e+00 -5.146044e-04 -2.818573e-03 9.999959e-01 -1.224438e+00
9.999980e-01 3.017303e-04 2.002896e-03 8.715822e+01 -3.084629e-04 9.999944e-01 3.361929e-03 -1.604127e+00 -2.001870e-03 -3.362540e-03 9.999924e-01 -1.272270e+00
9.999998e-01 6.049917e-04 -1.436113e-04 8.991152e+01 -6.045541e-04 9.999952e-01 3.027823e-03 -1.643191e+00 1.454424e-04 -3.027736e-03 9.999954e-01 -1.317544e+00
9.999959e-01 2.165459e-03 -1.860108e-03 9.267656e+01 -2.158662e-03 9.999911e-01 3.648331e-03 -1.679692e+00 1.867992e-03 -3.644301e-03 9.999916e-01 -1.380277e+00
9.999897e-01 2.981303e-03 -3.416468e-03 9.542869e+01 -2.967303e-03 9.999872e-01 4.095500e-03 -1.706348e+00 3.428634e-03 -4.085321e-03 9.999858e-01 -1.403105e+00
9.999850e-01 4.484109e-03 -3.129630e-03 9.817379e+01 -4.474171e-03 9.999849e-01 3.175332e-03 -1.753377e+00 3.143822e-03 -3.161282e-03 9.999900e-01 -1.457246e+00
9.999806e-01 6.021559e-03 -1.628132e-03 1.009462e+02 -6.012786e-03 9.999677e-01 5.340514e-03 -1.798619e+00 1.660237e-03 -5.330621e-03 9.999844e-01 -1.522836e+00
9.999710e-01 7.383296e-03 -1.867626e-03 1.037066e+02 -7.376448e-03 9.999663e-01 3.647198e-03 -1.842272e+00 1.894491e-03 -3.633316e-03 9.999916e-01 -1.577853e+00
9.999602e-01 8.320769e-03 -3.230792e-03 1.064713e+02 -8.304738e-03 9.999533e-01 4.944390e-03 -1.885783e+00 3.271782e-03 -4.917362e-03 9.999825e-01 -1.628115e+00
9.999579e-01 8.813756e-03 -2.550699e-03 1.092396e+02 -8.806443e-03 9.999571e-01 2.864148e-03 -1.942438e+00 2.575834e-03 -2.841565e-03 9.999927e-01 -1.668053e+00
9.999642e-01 8.313851e-03 -1.544073e-03 1.120125e+02 -8.308439e-03 9.999595e-01 3.479315e-03 -1.986943e+00 1.572937e-03 -3.466361e-03 9.999927e-01 -1.723046e+00
9.999712e-01 7.509301e-03 1.142918e-03 1.147937e+02 -7.513509e-03 9.999648e-01 3.722913e-03 -2.037466e+00 -1.114922e-03 -3.731393e-03 9.999924e-01 -1.758082e+00
9.999666e-01 7.694895e-03 2.777864e-03 1.175634e+02 -7.706000e-03 9.999623e-01 4.009432e-03 -2.080316e+00 -2.746906e-03 -4.030704e-03 9.999881e-01 -1.815888e+00
9.999626e-01 7.982219e-03 3.318645e-03 1.203718e+02 -8.000318e-03 9.999530e-01 5.476993e-03 -2.134495e+00 -3.274770e-03 -5.503338e-03 9.999795e-01 -1.858881e+00
9.999576e-01 8.466994e-03 3.630693e-03 1.231711e+02 -8.474732e-03 9.999617e-01 2.121249e-03 -2.186582e+00 -3.612593e-03 -2.151928e-03 9.999912e-01 -1.934437e+00
9.999526e-01 8.310865e-03 5.065764e-03 1.259740e+02 -8.321294e-03 9.999632e-01 2.041103e-03 -2.236489e+00 -5.048615e-03 -2.083160e-03 9.999851e-01 -1.969250e+00
9.999604e-01 8.262812e-03 3.316242e-03 1.287565e+02 -8.267888e-03 9.999647e-01 1.520044e-03 -2.287827e+00 -3.303565e-03 -1.547402e-03 9.999933e-01 -2.015707e+00
9.999574e-01 8.385023e-03 3.851612e-03 1.315608e+02 -8.398900e-03 9.999583e-01 3.601030e-03 -2.346382e+00 -3.821256e-03 -3.633226e-03 9.999861e-01 -2.043000e+00
9.999491e-01 8.880451e-03 4.786956e-03 1.343664e+02 -8.890778e-03 9.999583e-01 2.140088e-03 -2.408597e+00 -4.767751e-03 -2.182539e-03 9.999862e-01 -2.094790e+00
9.999381e-01 8.632933e-03 7.019714e-03 1.371751e+02 -8.645692e-03 9.999609e-01 1.789238e-03 -2.459864e+00 -7.003994e-03 -1.849818e-03 9.999738e-01 -2.163190e+00
9.999299e-01 8.523151e-03 8.218106e-03 1.400013e+02 -8.553788e-03 9.999566e-01 3.700017e-03 -2.511992e+00 -8.186214e-03 -3.770053e-03 9.999594e-01 -2.167604e+00
9.999275e-01 8.696766e-03 8.336326e-03 1.427768e+02 -8.707461e-03 9.999613e-01 1.247527e-03 -2.570938e+00 -8.325154e-03 -1.320025e-03 9.999645e-01 -2.283555e+00
9.999247e-01 8.160346e-03 9.168192e-03 1.456094e+02 -8.176464e-03 9.999652e-01 1.721774e-03 -2.616571e+00 -9.153822e-03 -1.796607e-03 9.999565e-01 -2.278691e+00
9.999339e-01 7.652572e-03 8.581819e-03 1.484128e+02 -7.662547e-03 9.999701e-01 1.130050e-03 -2.671190e+00 -8.572914e-03 -1.195734e-03 9.999625e-01 -2.328648e+00
9.999294e-01 7.136284e-03 9.495936e-03 1.512233e+02 -7.158787e-03 9.999716e-01 2.337792e-03 -2.727574e+00 -9.478984e-03 -2.405606e-03 9.999522e-01 -2.378821e+00
9.999306e-01 7.150350e-03 9.364389e-03 1.540305e+02 -7.174353e-03 9.999710e-01 2.532126e-03 -2.784028e+00 -9.346012e-03 -2.599134e-03 9.999530e-01 -2.407999e+00
9.999301e-01 6.727185e-03 9.717548e-03 1.568269e+02 -6.746998e-03 9.999752e-01 2.007497e-03 -2.837172e+00 -9.703802e-03 -2.072921e-03 9.999508e-01 -2.480195e+00
9.999305e-01 6.048298e-03 1.012048e-02 1.596499e+02 -6.072255e-03 9.999789e-01 2.338168e-03 -2.887580e+00 -1.010613e-02 -2.399460e-03 9.999461e-01 -2.502426e+00
9.999467e-01 5.871075e-03 8.499672e-03 1.624524e+02 -5.877794e-03 9.999825e-01 7.656919e-04 -2.929341e+00 -8.495026e-03 -8.156103e-04 9.999636e-01 -2.574454e+00
9.999393e-01 4.981935e-03 9.826529e-03 1.652547e+02 -4.994914e-03 9.999868e-01 1.296740e-03 -2.982341e+00 -9.819937e-03 -1.345744e-03 9.999509e-01 -2.587739e+00
9.999622e-01 4.556827e-03 7.400394e-03 1.680973e+02 -4.567023e-03 9.999888e-01 1.361457e-03 -3.028998e+00 -7.394106e-03 -1.395203e-03 9.999717e-01 -2.665669e+00
9.999648e-01 4.260689e-03 7.227805e-03 1.709368e+02 -4.275353e-03 9.999889e-01 2.014700e-03 -3.066885e+00 -7.219140e-03 -2.045530e-03 9.999719e-01 -2.673573e+00
9.999856e-01 3.230104e-03 4.290617e-03 1.737731e+02 -3.233288e-03 9.999944e-01 7.354632e-04 -3.106437e+00 -4.288218e-03 -7.493254e-04 9.999905e-01 -2.737804e+00
9.999839e-01 2.557341e-03 5.068226e-03 1.765957e+02 -2.574559e-03 9.999909e-01 3.393794e-03 -3.144621e+00 -5.059501e-03 -3.406788e-03 9.999814e-01 -2.764427e+00
9.999895e-01 3.242190e-03 3.234330e-03 1.793904e+02 -3.251343e-03 9.999907e-01 2.828729e-03 -3.189421e+00 -3.225129e-03 -2.839215e-03 9.999908e-01 -2.823511e+00
9.999686e-01 2.764846e-03 7.418085e-03 1.822312e+02 -2.767615e-03 9.999961e-01 3.630076e-04 -3.229024e+00 -7.417053e-03 -3.835266e-04 9.999724e-01 -2.860922e+00
9.999598e-01 3.905475e-03 8.077488e-03 1.850618e+02 -3.892558e-03 9.999912e-01 -1.614233e-03 -3.285217e+00 -8.083721e-03 1.582726e-03 9.999661e-01 -2.912613e+00
9.999605e-01 4.030501e-03 7.927218e-03 1.879014e+02 -4.028896e-03 9.999919e-01 -2.183341e-04 -3.322647e+00 -7.928034e-03 1.863875e-04 9.999685e-01 -2.937731e+00
9.999655e-01 5.338774e-03 6.354437e-03 1.907392e+02 -5.352343e-03 9.999834e-01 2.120161e-03 -3.362894e+00 -6.343012e-03 -2.154100e-03 9.999776e-01 -2.994932e+00
9.999645e-01 6.791621e-03 4.995145e-03 1.935606e+02 -6.802419e-03 9.999745e-01 2.147911e-03 -3.423962e+00 -4.980430e-03 -2.181814e-03 9.999852e-01 -3.016256e+00
9.999630e-01 6.978475e-03 5.037357e-03 1.964167e+02 -6.984209e-03 9.999750e-01 1.121584e-03 -3.461541e+00 -5.029405e-03 -1.156725e-03 9.999867e-01 -3.055440e+00
9.999565e-01 6.467346e-03 6.719752e-03 1.992933e+02 -6.467733e-03 9.999791e-01 3.579857e-05 -3.519414e+00 -6.719379e-03 -7.925856e-05 9.999774e-01 -3.093088e+00
9.999454e-01 5.164172e-03 9.082322e-03 2.021549e+02 -5.173177e-03 9.999862e-01 9.683967e-04 -3.565140e+00 -9.077196e-03 -1.015328e-03 9.999583e-01 -3.136830e+00
9.999418e-01 5.024201e-03 9.550077e-03 2.050006e+02 -5.033692e-03 9.999869e-01 9.700230e-04 -3.621191e+00 -9.545078e-03 -1.018039e-03 9.999539e-01 -3.201494e+00
9.999344e-01 3.408531e-03 1.093374e-02 2.078595e+02 -3.431094e-03 9.999920e-01 2.045500e-03 -3.662283e+00 -1.092668e-02 -2.082880e-03 9.999381e-01 -3.234779e+00
9.999557e-01 2.888979e-03 8.963607e-03 2.107166e+02 -2.881463e-03 9.999956e-01 -8.512717e-04 -3.701959e+00 -8.966027e-03 8.254056e-04 9.999595e-01 -3.282565e+00
9.999658e-01 2.114657e-03 7.991625e-03 2.136119e+02 -2.098642e-03 9.999957e-01 -2.011835e-03 -3.734339e+00 -7.995846e-03 1.994995e-03 9.999660e-01 -3.309789e+00
9.999779e-01 2.847026e-03 5.996521e-03 2.164892e+02 -2.829020e-03 9.999915e-01 -3.009172e-03 -3.775696e+00 -6.005037e-03 2.992142e-03 9.999775e-01 -3.354373e+00
9.999766e-01 3.291874e-03 6.003485e-03 2.193748e+02 -3.288137e-03 9.999944e-01 -6.323272e-04 -3.816243e+00 -6.005533e-03 6.125721e-04 9.999818e-01 -3.373956e+00
9.999743e-01 4.583583e-03 5.524795e-03 2.222252e+02 -4.578646e-03 9.999890e-01 -9.058684e-04 -3.859630e+00 -5.528887e-03 8.805490e-04 9.999843e-01 -3.416507e+00
9.999762e-01 4.776760e-03 4.979378e-03 2.251179e+02 -4.777978e-03 9.999886e-01 2.326024e-04 -3.912928e+00 -4.978210e-03 -2.563882e-04 9.999876e-01 -3.465841e+00
9.999783e-01 5.067135e-03 4.204085e-03 2.279950e+02 -5.063224e-03 9.999866e-01 -9.402803e-04 -3.963354e+00 -4.208794e-03 9.189738e-04 9.999907e-01 -3.489127e+00
9.999739e-01 5.654371e-03 4.498711e-03 2.308676e+02 -5.651773e-03 9.999839e-01 -5.900806e-04 -3.999963e+00 -4.501975e-03 5.646395e-04 9.999897e-01 -3.536304e+00
9.999683e-01 6.403469e-03 4.722441e-03 2.337410e+02 -6.395546e-03 9.999781e-01 -1.690951e-03 -4.067078e+00 -4.733165e-03 1.660695e-03 9.999874e-01 -3.570390e+00
9.999663e-01 6.201821e-03 5.390817e-03 2.366607e+02 -6.202358e-03 9.999807e-01 8.288079e-05 -4.106199e+00 -5.390200e-03 -1.163138e-04 9.999855e-01 -3.606339e+00
9.999607e-01 6.038732e-03 6.497622e-03 2.395658e+02 -6.044692e-03 9.999813e-01 8.980578e-04 -4.153755e+00 -6.492078e-03 -9.372986e-04 9.999785e-01 -3.659866e+00
9.999650e-01 6.360005e-03 5.448356e-03 2.424520e+02 -6.367256e-03 9.999788e-01 1.314608e-03 -4.196075e+00 -5.439880e-03 -1.349253e-03 9.999843e-01 -3.695021e+00
9.999703e-01 6.154774e-03 4.651856e-03 2.453886e+02 -6.145704e-03 9.999791e-01 -1.961643e-03 -4.255658e+00 -4.663833e-03 1.932995e-03 9.999872e-01 -3.733183e+00
9.999739e-01 4.820733e-03 5.378174e-03 2.483191e+02 -4.791635e-03 9.999740e-01 -5.410340e-03 -4.285676e+00 -5.404115e-03 5.384429e-03 9.999709e-01 -3.767076e+00
9.999759e-01 4.151547e-03 5.577013e-03 2.512779e+02 -4.113933e-03 9.999689e-01 -6.739169e-03 -4.318494e+00 -5.604817e-03 6.716063e-03 9.999617e-01 -3.778866e+00
9.999811e-01 3.714286e-03 4.898551e-03 2.541904e+02 -3.684569e-03 9.999748e-01 -6.061436e-03 -4.345406e+00 -4.920942e-03 6.043272e-03 9.999696e-01 -3.820707e+00
9.999727e-01 4.802224e-03 5.620347e-03 2.571442e+02 -4.775203e-03 9.999770e-01 -4.811405e-03 -4.420854e+00 -5.643324e-03 4.784435e-03 9.999726e-01 -3.813087e+00
9.999699e-01 3.941897e-03 6.681857e-03 2.600820e+02 -3.925459e-03 9.999893e-01 -2.471450e-03 -4.451086e+00 -6.691527e-03 2.445146e-03 9.999746e-01 -3.848638e+00
9.999695e-01 3.676403e-03 6.882779e-03 2.630080e+02 -3.660463e-03 9.999906e-01 -2.327075e-03 -4.495187e+00 -6.891270e-03 2.301811e-03 9.999736e-01 -3.907484e+00
9.999716e-01 3.720251e-03 6.554618e-03 2.659783e+02 -3.707187e-03 9.999912e-01 -2.004135e-03 -4.536049e+00 -6.562016e-03 1.979779e-03 9.999765e-01 -3.930882e+00
9.999776e-01 3.332461e-03 5.807934e-03 2.689236e+02 -3.305231e-03 9.999835e-01 -4.691745e-03 -4.579842e+00 -5.823473e-03 4.672443e-03 9.999721e-01 -3.965178e+00
9.999745e-01 4.657449e-03 5.414464e-03 2.718282e+02 -4.638285e-03 9.999830e-01 -3.546582e-03 -4.628183e+00 -5.430889e-03 3.521377e-03 9.999791e-01 -4.017169e+00
9.999847e-01 4.902733e-03 2.564144e-03 2.747881e+02 -4.891045e-03 9.999778e-01 -4.544965e-03 -4.661846e+00 -2.586369e-03 4.532354e-03 9.999864e-01 -4.011514e+00
9.999772e-01 5.507040e-03 3.919056e-03 2.777511e+02 -5.490829e-03 9.999765e-01 -4.135175e-03 -4.718555e+00 -3.941736e-03 4.113561e-03 9.999838e-01 -4.064400e+00
9.999744e-01 5.762837e-03 4.245004e-03 2.806831e+02 -5.742494e-03 9.999721e-01 -4.788913e-03 -4.762540e+00 -4.272483e-03 4.764414e-03 9.999795e-01 -4.091212e+00
9.999651e-01 6.934415e-03 4.662246e-03 2.836311e+02 -6.902145e-03 9.999523e-01 -6.902444e-03 -4.814794e+00 -4.709889e-03 6.870024e-03 9.999653e-01 -4.116812e+00
9.999621e-01 6.195256e-03 6.115719e-03 2.865937e+02 -6.137254e-03 9.999363e-01 -9.457801e-03 -4.864842e+00 -6.173924e-03 9.419909e-03 9.999366e-01 -4.148228e+00
9.999586e-01 5.628825e-03 7.147528e-03 2.895298e+02 -5.563031e-03 9.999423e-01 -9.191952e-03 -4.913687e+00 -7.198855e-03 9.151810e-03 9.999322e-01 -4.149989e+00
9.999459e-01 5.326144e-03 8.931916e-03 2.924554e+02 -5.262907e-03 9.999611e-01 -7.088635e-03 -4.971210e+00 -8.969324e-03 7.041243e-03 9.999350e-01 -4.230685e+00
9.999574e-01 5.570960e-03 7.357079e-03 2.953511e+02 -5.515945e-03 9.999568e-01 -7.477031e-03 -5.011473e+00 -7.398415e-03 7.436131e-03 9.999450e-01 -4.199738e+00
9.999533e-01 4.727356e-03 8.423453e-03 2.983029e+02 -4.650771e-03 9.999479e-01 -9.088469e-03 -5.042077e+00 -8.465979e-03 9.048869e-03 9.999232e-01 -4.272716e+00
9.999291e-01 4.785177e-03 1.090157e-02 3.012282e+02 -4.675367e-03 9.999384e-01 -1.007619e-02 -5.092168e+00 -1.094912e-02 1.002451e-02 9.998898e-01 -4.268003e+00
9.999437e-01 4.857713e-03 9.428431e-03 3.041692e+02 -4.787561e-03 9.999607e-01 -7.448905e-03 -5.132322e+00 -9.464246e-03 7.403347e-03 9.999278e-01 -4.297874e+00
9.999431e-01 5.875647e-03 8.905641e-03 3.070669e+02 -5.825284e-03 9.999669e-01 -5.670486e-03 -5.180587e+00 -8.938664e-03 5.618285e-03 9.999443e-01 -4.342507e+00
9.999501e-01 6.745509e-03 7.374254e-03 3.099658e+02 -6.708528e-03 9.999648e-01 -5.028169e-03 -5.233293e+00 -7.407912e-03 4.978447e-03 9.999602e-01 -4.363233e+00
9.999515e-01 7.624048e-03 6.228589e-03 3.128872e+02 -7.582860e-03 9.999495e-01 -6.609761e-03 -5.284014e+00 -6.278668e-03 6.562210e-03 9.999588e-01 -4.393617e+00
9.999430e-01 7.239929e-03 7.843648e-03 3.158105e+02 -7.187738e-03 9.999521e-01 -6.661822e-03 -5.332747e+00 -7.891503e-03 6.605064e-03 9.999471e-01 -4.434369e+00
9.999458e-01 7.077653e-03 7.643734e-03 3.187133e+02 -7.040292e-03 9.999633e-01 -4.903683e-03 -5.378363e+00 -7.678159e-03 4.849602e-03 9.999588e-01 -4.455833e+00
9.999358e-01 7.653089e-03 8.352176e-03 3.216258e+02 -7.613381e-03 9.999597e-01 -4.775639e-03 -5.426200e+00 -8.388388e-03 4.711744e-03 9.999537e-01 -4.505129e+00
9.999363e-01 7.485718e-03 8.444375e-03 3.245645e+02 -7.436216e-03 9.999551e-01 -5.878378e-03 -5.481685e+00 -8.488000e-03 5.815209e-03 9.999471e-01 -4.513210e+00
9.999307e-01 6.958461e-03 9.492793e-03 3.274727e+02 -6.904852e-03 9.999602e-01 -5.668487e-03 -5.522636e+00 -9.531858e-03 5.602549e-03 9.999389e-01 -4.567953e+00
9.999407e-01 6.883864e-03 8.437307e-03 3.303810e+02 -6.852588e-03 9.999696e-01 -3.730228e-03 -5.561492e+00 -8.462728e-03 3.672189e-03 9.999574e-01 -4.587651e+00
9.999483e-01 7.213259e-03 7.174171e-03 3.332901e+02 -7.172080e-03 9.999577e-01 -5.749133e-03 -5.616222e+00 -7.215338e-03 5.697382e-03 9.999577e-01 -4.632398e+00
9.999414e-01 7.125285e-03 8.149452e-03 3.362118e+02 -7.075180e-03 9.999559e-01 -6.160648e-03 -5.666667e+00 -8.192989e-03 6.102628e-03 9.999478e-01 -4.650323e+00
9.999356e-01 6.766122e-03 9.108553e-03 3.391461e+02 -6.717618e-03 9.999632e-01 -5.345256e-03 -5.708853e+00 -9.144384e-03 5.283725e-03 9.999442e-01 -4.656649e+00
9.999363e-01 6.620264e-03 9.133725e-03 3.420617e+02 -6.559396e-03 9.999561e-01 -6.678128e-03 -5.760739e+00 -9.177537e-03 6.617791e-03 9.999360e-01 -4.686537e+00
9.999198e-01 6.302239e-03 1.098300e-02 3.450016e+02 -6.225606e-03 9.999561e-01 -6.997722e-03 -5.801901e+00 -1.102662e-02 6.928786e-03 9.999152e-01 -4.718161e+00
9.999175e-01 6.436479e-03 1.111743e-02 3.479264e+02 -6.360469e-03 9.999561e-01 -6.858879e-03 -5.838951e+00 -1.116109e-02 6.787601e-03 9.999146e-01 -4.726097e+00
9.999169e-01 6.604739e-03 1.107782e-02 3.508459e+02 -6.551095e-03 9.999666e-01 -4.871678e-03 -5.897019e+00 -1.110962e-02 4.798701e-03 9.999267e-01 -4.763068e+00
9.999157e-01 6.223246e-03 1.139448e-02 3.537742e+02 -6.148557e-03 9.999596e-01 -6.578166e-03 -5.949371e+00 -1.143496e-02 6.507552e-03 9.999135e-01 -4.766508e+00
9.999136e-01 6.227789e-03 1.158008e-02 3.567180e+02 -6.144034e-03 9.999548e-01 -7.254222e-03 -6.003121e+00 -1.162474e-02 7.182447e-03 9.999067e-01 -4.823749e+00
9.999194e-01 6.240585e-03 1.105736e-02 3.596553e+02 -6.166307e-03 9.999584e-01 -6.738995e-03 -6.038341e+00 -1.109895e-02 6.670269e-03 9.999161e-01 -4.840510e+00
9.999263e-01 6.393534e-03 1.031934e-02 3.625734e+02 -6.309986e-03 9.999472e-01 -8.108625e-03 -6.093701e+00 -1.037064e-02 8.042913e-03 9.999139e-01 -4.863571e+00
9.999089e-01 6.443984e-03 1.186137e-02 3.654895e+02 -6.344087e-03 9.999443e-01 -8.440432e-03 -6.153933e+00 -1.191510e-02 8.364414e-03 9.998940e-01 -4.884966e+00
9.999126e-01 5.653867e-03 1.195002e-02 3.684196e+02 -5.557256e-03 9.999517e-01 -8.102356e-03 -6.199621e+00 -1.199525e-02 8.035239e-03 9.998958e-01 -4.917317e+00
9.999011e-01 5.469460e-03 1.295719e-02 3.713456e+02 -5.355910e-03 9.999472e-01 -8.781970e-03 -6.254900e+00 -1.300454e-02 8.711703e-03 9.998775e-01 -4.933048e+00
9.999149e-01 4.514966e-03 1.223822e-02 3.742614e+02 -4.430202e-03 9.999661e-01 -6.944447e-03 -6.299980e+00 -1.226916e-02 6.889638e-03 9.999010e-01 -4.962624e+00
9.999018e-01 4.935831e-03 1.311290e-02 3.771658e+02 -4.836559e-03 9.999593e-01 -7.591585e-03 -6.353971e+00 -1.314984e-02 7.527418e-03 9.998852e-01 -4.977443e+00
9.998981e-01 5.013428e-03 1.336355e-02 3.800636e+02 -4.932191e-03 9.999691e-01 -6.105094e-03 -6.408136e+00 -1.339374e-02 6.038561e-03 9.998921e-01 -5.007179e+00
9.998791e-01 4.955639e-03 1.473728e-02 3.829807e+02 -4.875917e-03 9.999734e-01 -5.440494e-03 -6.448309e+00 -1.476385e-02 5.367978e-03 9.998766e-01 -5.047513e+00
9.999169e-01 4.247521e-03 1.217678e-02 3.858814e+02 -4.185771e-03 9.999782e-01 -5.092079e-03 -6.488899e+00 -1.219815e-02 5.040687e-03 9.999129e-01 -5.096867e+00
9.999123e-01 3.845058e-03 1.267510e-02 3.887766e+02 -3.776502e-03 9.999782e-01 -5.428243e-03 -6.532123e+00 -1.269569e-02 5.379899e-03 9.999049e-01 -5.116710e+00
9.999463e-01 3.279546e-03 9.833413e-03 3.916765e+02 -3.217545e-03 9.999747e-01 -6.314339e-03 -6.573288e+00 -9.853874e-03 6.282360e-03 9.999317e-01 -5.186087e+00
9.999396e-01 2.946379e-03 1.058896e-02 3.945178e+02 -2.836849e-03 9.999425e-01 -1.034399e-02 -6.613092e+00 -1.061883e-02 1.031332e-02 9.998904e-01 -5.177348e+00
9.999363e-01 2.875419e-03 1.091038e-02 3.974179e+02 -2.739365e-03 9.999186e-01 -1.246467e-02 -6.657944e+00 -1.094533e-02 1.243399e-02 9.998628e-01 -5.238874e+00
9.999220e-01 2.879514e-03 1.215130e-02 4.002540e+02 -2.733690e-03 9.999243e-01 -1.200035e-02 -6.692511e+00 -1.218493e-02 1.196620e-02 9.998541e-01 -5.213585e+00
9.999197e-01 2.759231e-03 1.237147e-02 4.031275e+02 -2.650124e-03 9.999574e-01 -8.826923e-03 -6.736342e+00 -1.239530e-02 8.793427e-03 9.998845e-01 -5.266164e+00
9.999037e-01 2.745531e-03 1.360213e-02 4.059383e+02 -2.693102e-03 9.999889e-01 -3.871314e-03 -6.774145e+00 -1.361260e-02 3.834309e-03 9.999000e-01 -5.276429e+00
9.999330e-01 2.170957e-03 1.137140e-02 4.087626e+02 -2.122835e-03 9.999887e-01 -4.242240e-03 -6.813917e+00 -1.138048e-02 4.217816e-03 9.999263e-01 -5.330495e+00
9.999089e-01 2.145920e-03 1.333006e-02 4.115619e+02 -2.136210e-03 9.999975e-01 -7.426382e-04 -6.847477e+00 -1.333162e-02 7.140947e-04 9.999109e-01 -5.389766e+00
9.999319e-01 2.108558e-03 1.147658e-02 4.143967e+02 -2.090684e-03 9.999965e-01 -1.569252e-03 -6.888622e+00 -1.147985e-02 1.545152e-03 9.999329e-01 -5.442710e+00
9.999093e-01 1.863684e-03 1.333843e-02 4.172035e+02 -1.752522e-03 9.999636e-01 -8.340775e-03 -6.924262e+00 -1.335349e-02 8.316643e-03 9.998763e-01 -5.474211e+00
9.999261e-01 1.796891e-03 1.202153e-02 4.199948e+02 -1.635732e-03 9.999088e-01 -1.340228e-02 -6.947410e+00 -1.204451e-02 1.338162e-02 9.998379e-01 -5.500424e+00
9.999639e-01 1.878996e-03 8.281513e-03 4.227865e+02 -1.796970e-03 9.999492e-01 -9.901082e-03 -6.992363e+00 -8.299698e-03 9.885844e-03 9.999167e-01 -5.528535e+00
9.999864e-01 2.276782e-03 4.695284e-03 4.255370e+02 -2.264181e-03 9.999939e-01 -2.687256e-03 -7.019045e+00 -4.701373e-03 2.676588e-03 9.999853e-01 -5.532537e+00
9.999837e-01 1.057553e-03 5.614600e-03 4.282804e+02 -1.049652e-03 9.999983e-01 -1.409904e-03 -7.064215e+00 -5.616083e-03 1.403988e-03 9.999833e-01 -5.613429e+00
9.999762e-01 -1.172272e-04 6.900931e-03 4.310352e+02 1.342437e-04 9.999969e-01 -2.465403e-03 -7.093994e+00 -6.900621e-03 2.466271e-03 9.999732e-01 -5.611811e+00
9.999698e-01 -5.927230e-04 7.746768e-03 4.337737e+02 6.407996e-04 9.999807e-01 -6.205019e-03 -7.119573e+00 -7.742940e-03 6.209795e-03 9.999508e-01 -5.706654e+00
9.999780e-01 -9.465633e-04 6.562949e-03 4.365095e+02 9.974757e-04 9.999692e-01 -7.758633e-03 -7.142406e+00 -6.555405e-03 7.765009e-03 9.999484e-01 -5.706334e+00
9.999750e-01 -9.340136e-04 7.006164e-03 4.392462e+02 9.876527e-04 9.999702e-01 -7.656432e-03 -7.169088e+00 -6.998803e-03 7.663161e-03 9.999461e-01 -5.731298e+00
9.999820e-01 -1.376778e-03 5.837894e-03 4.419625e+02 1.411889e-03 9.999810e-01 -6.014473e-03 -7.209367e+00 -5.829501e-03 6.022607e-03 9.999649e-01 -5.793880e+00
9.999857e-01 -1.292104e-03 5.187241e-03 4.446424e+02 1.314509e-03 9.999899e-01 -4.318123e-03 -7.237298e+00 -5.181609e-03 4.324879e-03 9.999772e-01 -5.775624e+00
9.999798e-01 -2.418392e-03 5.877664e-03 4.473698e+02 2.450913e-03 9.999818e-01 -5.532074e-03 -7.246594e+00 -5.864178e-03 5.546368e-03 9.999674e-01 -5.842388e+00
9.999394e-01 -2.111838e-03 1.080674e-02 4.500468e+02 2.177028e-03 9.999794e-01 -6.024149e-03 -7.285278e+00 -1.079379e-02 6.047310e-03 9.999235e-01 -5.892294e+00
9.999779e-01 -2.624937e-03 6.100873e-03 4.527410e+02 2.653339e-03 9.999857e-01 -4.651898e-03 -7.300044e+00 -6.088575e-03 4.667982e-03 9.999706e-01 -5.878168e+00
9.999841e-01 -2.570924e-03 5.007958e-03 4.553790e+02 2.603343e-03 9.999756e-01 -6.477778e-03 -7.313242e+00 -4.991182e-03 6.490713e-03 9.999665e-01 -5.971375e+00
9.999807e-01 -1.879574e-03 5.912710e-03 4.576554e+02 1.899825e-03 9.999924e-01 -3.421285e-03 -7.313631e+00 -5.906234e-03 3.432452e-03 9.999767e-01 -5.941512e+00
9.999736e-01 -3.110071e-03 6.563358e-03 4.595209e+02 3.105581e-03 9.999949e-01 6.942733e-04 -7.236447e+00 -6.565484e-03 -6.738720e-04 9.999782e-01 -6.005940e+00
9.999303e-01 -3.532920e-03 1.126399e-02 4.615945e+02 3.512295e-03 9.999921e-01 1.850306e-03 -7.224515e+00 -1.127044e-02 -1.810615e-03 9.999349e-01 -6.046234e+00
9.999123e-01 -5.365825e-03 1.210515e-02 4.637246e+02 5.381233e-03 9.999847e-01 -1.240604e-03 -7.223919e+00 -1.209831e-02 1.305636e-03 9.999260e-01 -6.050229e+00
9.998984e-01 -6.839333e-03 1.250851e-02 4.657745e+02 6.858233e-03 9.999754e-01 -1.468751e-03 -7.237137e+00 -1.249816e-02 1.554388e-03 9.999207e-01 -6.197719e+00
9.998891e-01 -9.003272e-03 1.186021e-02 4.680504e+02 8.980257e-03 9.999577e-01 1.992292e-03 -7.249581e+00 -1.187764e-02 -1.885563e-03 9.999277e-01 -6.113882e+00
9.998948e-01 -1.049869e-02 1.000722e-02 4.705215e+02 1.050902e-02 9.999444e-01 -9.799949e-04 -7.250183e+00 -9.996374e-03 1.085058e-03 9.999495e-01 -6.185190e+00
9.998793e-01 -1.094906e-02 1.102181e-02 4.730497e+02 1.098184e-02 9.999354e-01 -2.917819e-03 -7.240279e+00 -1.098915e-02 3.038507e-03 9.999350e-01 -6.246438e+00
9.998425e-01 -1.204885e-02 1.303233e-02 4.755504e+02 1.202150e-02 9.999254e-01 2.175090e-03 -7.219802e+00 -1.305757e-02 -2.018079e-03 9.999127e-01 -6.243906e+00
9.998435e-01 -1.309801e-02 1.189607e-02 4.779246e+02 1.308005e-02 9.999133e-01 1.586326e-03 -7.224001e+00 -1.191582e-02 -1.430477e-03 9.999280e-01 -6.373919e+00
9.997885e-01 -1.795362e-02 1.003372e-02 4.801567e+02 1.800366e-02 9.998258e-01 -4.919142e-03 -7.196287e+00 -9.943658e-03 5.098745e-03 9.999375e-01 -6.314529e+00
9.997026e-01 -2.206373e-02 1.038768e-02 4.825568e+02 2.215635e-02 9.997151e-01 -8.886825e-03 -7.167586e+00 -1.018864e-02 9.114336e-03 9.999065e-01 -6.365479e+00
9.997507e-01 -2.048683e-02 8.882899e-03 4.851229e+02 2.052134e-02 9.997821e-01 -3.811317e-03 -7.157194e+00 -8.802881e-03 3.992655e-03 9.999533e-01 -6.424826e+00
9.997165e-01 -2.060763e-02 1.192759e-02 4.876624e+02 2.055243e-02 9.997776e-01 4.732207e-03 -7.145301e+00 -1.202245e-02 -4.485724e-03 9.999177e-01 -6.432414e+00
9.996520e-01 -2.243894e-02 1.387255e-02 4.901227e+02 2.238951e-02 9.997425e-01 3.707857e-03 -7.118456e+00 -1.395218e-02 -3.395967e-03 9.998969e-01 -6.505294e+00
9.996175e-01 -2.198378e-02 1.678196e-02 4.923332e+02 2.196864e-02 9.997581e-01 1.085812e-03 -7.097441e+00 -1.680177e-02 -7.167196e-04 9.998586e-01 -6.552870e+00
9.996029e-01 -2.397732e-02 1.480342e-02 4.942660e+02 2.399104e-02 9.997120e-01 -7.504957e-04 -7.068877e+00 -1.478116e-02 1.105347e-03 9.998901e-01 -6.586968e+00
9.995962e-01 -2.465797e-02 1.412363e-02 4.962060e+02 2.465615e-02 9.996959e-01 3.029074e-04 -7.067398e+00 -1.412680e-02 4.544921e-05 9.999002e-01 -6.608260e+00
9.996713e-01 -2.251998e-02 1.225259e-02 4.974415e+02 2.251753e-02 9.997463e-01 3.380544e-04 -7.016082e+00 -1.225709e-02 -6.204529e-05 9.999249e-01 -6.653633e+00
9.997215e-01 -1.963869e-02 1.308810e-02 4.990995e+02 1.965346e-02 9.998063e-01 -1.001278e-03 -6.981965e+00 -1.306590e-02 1.258226e-03 9.999139e-01 -6.677120e+00
9.997859e-01 -1.591264e-02 1.322755e-02 5.002909e+02 1.592008e-02 9.998730e-01 -4.574338e-04 -6.958783e+00 -1.321860e-02 6.679195e-04 9.999124e-01 -6.668757e+00
9.998204e-01 -1.437466e-02 1.235451e-02 5.017417e+02 1.437750e-02 9.998965e-01 -1.410304e-04 -6.925921e+00 -1.235120e-02 3.186320e-04 9.999236e-01 -6.714784e+00
9.997818e-01 -1.548787e-02 1.401863e-02 5.035076e+02 1.547897e-02 9.998800e-01 7.429697e-04 -6.901120e+00 -1.402845e-02 -5.258136e-04 9.999015e-01 -6.755378e+00
9.997715e-01 -1.474394e-02 1.547463e-02 5.053405e+02 1.474859e-02 9.998913e-01 -1.861327e-04 -6.892703e+00 -1.547020e-02 4.143191e-04 9.998803e-01 -6.749681e+00
9.997757e-01 -1.522398e-02 1.472260e-02 5.071648e+02 1.524573e-02 9.998829e-01 -1.366634e-03 -6.893534e+00 -1.470007e-02 1.590785e-03 9.998907e-01 -6.804580e+00
9.997918e-01 -1.304846e-02 1.568870e-02 5.092028e+02 1.306776e-02 9.999138e-01 -1.128610e-03 -6.882901e+00 -1.567262e-02 1.333392e-03 9.998763e-01 -6.844351e+00
9.997465e-01 -1.603287e-02 1.580657e-02 5.112630e+02 1.604519e-02 9.998711e-01 -6.532682e-04 -6.860596e+00 -1.579406e-02 9.067221e-04 9.998748e-01 -6.831642e+00
9.997259e-01 -1.777497e-02 1.523773e-02 5.133636e+02 1.776207e-02 9.998418e-01 9.812124e-04 -6.851359e+00 -1.525276e-02 -7.102897e-04 9.998834e-01 -6.902422e+00
9.996929e-01 -1.850427e-02 1.648488e-02 5.154312e+02 1.845350e-02 9.998245e-01 3.226612e-03 -6.853322e+00 -1.654169e-02 -2.921417e-03 9.998589e-01 -6.947091e+00
9.997454e-01 -1.812671e-02 1.343542e-02 5.177318e+02 1.807468e-02 9.998287e-01 3.984212e-03 -6.847225e+00 -1.350534e-02 -3.740357e-03 9.999018e-01 -6.936711e+00
9.997268e-01 -2.034857e-02 1.149894e-02 5.200648e+02 2.033257e-02 9.997921e-01 1.506835e-03 -6.830848e+00 -1.152722e-02 -1.272620e-03 9.999328e-01 -7.015601e+00
9.996828e-01 -2.230927e-02 1.168797e-02 5.225452e+02 2.228898e-02 9.997498e-01 1.863223e-03 -6.829920e+00 -1.172661e-02 -1.602119e-03 9.999300e-01 -7.085744e+00
9.996600e-01 -2.383167e-02 1.058595e-02 5.250935e+02 2.380813e-02 9.997137e-01 2.344874e-03 -6.807588e+00 -1.063881e-02 -2.092045e-03 9.999412e-01 -7.086082e+00
9.996457e-01 -2.390046e-02 1.171412e-02 5.276547e+02 2.387516e-02 9.997122e-01 2.294991e-03 -6.772059e+00 -1.176561e-02 -2.014502e-03 9.999288e-01 -7.168436e+00
9.996274e-01 -2.482469e-02 1.135238e-02 5.301661e+02 2.480092e-02 9.996899e-01 2.229208e-03 -6.743731e+00 -1.140420e-02 -1.946828e-03 9.999331e-01 -7.203424e+00
9.996114e-01 -2.491447e-02 1.250264e-02 5.327504e+02 2.488744e-02 9.996876e-01 2.312894e-03 -6.700033e+00 -1.255636e-02 -2.000836e-03 9.999192e-01 -7.240414e+00
9.996168e-01 -2.492256e-02 1.204752e-02 5.353089e+02 2.487390e-02 9.996819e-01 4.172213e-03 -6.655695e+00 -1.214767e-02 -3.870945e-03 9.999187e-01 -7.290608e+00
9.995854e-01 -2.502286e-02 1.424503e-02 5.378862e+02 2.494256e-02 9.996722e-01 5.787028e-03 -6.617913e+00 -1.438517e-02 -5.429321e-03 9.998818e-01 -7.349056e+00
9.995942e-01 -2.481104e-02 1.399345e-02 5.404254e+02 2.473687e-02 9.996792e-01 5.449057e-03 -6.595477e+00 -1.412416e-02 -5.100692e-03 9.998872e-01 -7.394762e+00
9.996317e-01 -2.402050e-02 1.262940e-02 5.430174e+02 2.396562e-02 9.997028e-01 4.479417e-03 -6.552836e+00 -1.273325e-02 -4.175096e-03 9.999102e-01 -7.439267e+00
9.996337e-01 -2.387618e-02 1.274454e-02 5.455766e+02 2.382137e-02 9.997064e-01 4.435846e-03 -6.524662e+00 -1.284671e-02 -4.130628e-03 9.999089e-01 -7.502842e+00
9.996341e-01 -2.344734e-02 1.348943e-02 5.481748e+02 2.337075e-02 9.997100e-01 5.807315e-03 -6.499049e+00 -1.362169e-02 -5.489932e-03 9.998922e-01 -7.560302e+00
9.996334e-01 -2.406167e-02 1.241065e-02 5.507067e+02 2.396632e-02 9.996824e-01 7.775624e-03 -6.470403e+00 -1.259381e-02 -7.475336e-03 9.998928e-01 -7.598020e+00
9.996310e-01 -2.391536e-02 1.288366e-02 5.532973e+02 2.382005e-02 9.996881e-01 7.500769e-03 -6.434837e+00 -1.305903e-02 -7.191111e-03 9.998889e-01 -7.671994e+00
9.995930e-01 -2.486374e-02 1.398629e-02 5.558123e+02 2.476930e-02 9.996693e-01 6.885529e-03 -6.412225e+00 -1.415287e-02 -6.536296e-03 9.998785e-01 -7.736911e+00
9.995687e-01 -2.577423e-02 1.407657e-02 5.583381e+02 2.566421e-02 9.996392e-01 7.941342e-03 -6.368262e+00 -1.427617e-02 -7.576652e-03 9.998694e-01 -7.779634e+00
9.995398e-01 -2.652474e-02 1.471718e-02 5.608946e+02 2.641876e-02 9.996238e-01 7.348938e-03 -6.334371e+00 -1.490658e-02 -6.956746e-03 9.998647e-01 -7.851842e+00
9.995320e-01 -2.717803e-02 1.404145e-02 5.634734e+02 2.709496e-02 9.996144e-01 6.072906e-03 -6.294523e+00 -1.420108e-02 -5.689612e-03 9.998830e-01 -7.918631e+00
9.994910e-01 -2.850594e-02 1.432085e-02 5.660139e+02 2.840861e-02 9.995723e-01 6.954710e-03 -6.244771e+00 -1.451297e-02 -6.544334e-03 9.998733e-01 -7.961421e+00
9.994901e-01 -2.958330e-02 1.201776e-02 5.685474e+02 2.950593e-02 9.995428e-01 6.565326e-03 -6.192368e+00 -1.220650e-02 -6.207383e-03 9.999062e-01 -8.018856e+00
9.994853e-01 -3.013960e-02 1.098871e-02 5.711044e+02 3.006767e-02 9.995258e-01 6.653059e-03 -6.132552e+00 -1.118402e-02 -6.319229e-03 9.999175e-01 -8.085435e+00
9.994714e-01 -3.130651e-02 8.770132e-03 5.736747e+02 3.123683e-02 9.994802e-01 7.973365e-03 -6.083517e+00 -9.015190e-03 -7.695199e-03 9.999297e-01 -8.137752e+00
9.994560e-01 -3.208360e-02 7.641977e-03 5.762101e+02 3.202533e-02 9.994580e-01 7.629434e-03 -6.027378e+00 -7.882614e-03 -7.380547e-03 9.999417e-01 -8.203762e+00
9.994386e-01 -3.264004e-02 7.555800e-03 5.787823e+02 3.257754e-02 9.994352e-01 8.251314e-03 -5.979454e+00 -7.820855e-03 -8.000533e-03 9.999374e-01 -8.259561e+00
9.993947e-01 -3.332151e-02 1.000038e-02 5.813109e+02 3.321357e-02 9.993902e-01 1.077180e-02 -5.922268e+00 -1.035321e-02 -1.043313e-02 9.998920e-01 -8.298224e+00
9.993719e-01 -3.442344e-02 8.412928e-03 5.838459e+02 3.431499e-02 9.993302e-01 1.271329e-02 -5.859847e+00 -8.844928e-03 -1.241661e-02 9.998838e-01 -8.387050e+00
9.993156e-01 -3.563077e-02 9.935017e-03 5.863521e+02 3.550414e-02 9.992895e-01 1.264288e-02 -5.809372e+00 -1.037843e-02 -1.228150e-02 9.998707e-01 -8.498425e+00
9.992749e-01 -3.716173e-02 8.284358e-03 5.888794e+02 3.705909e-02 9.992384e-01 1.221598e-02 -5.727872e+00 -8.732015e-03 -1.190011e-02 9.998910e-01 -8.515290e+00
9.993081e-01 -3.607231e-02 9.059010e-03 5.914494e+02 3.596517e-02 9.992844e-01 1.172329e-02 -5.671099e+00 -9.475412e-03 -1.138937e-02 9.998903e-01 -8.622972e+00
9.992461e-01 -3.713402e-02 1.133284e-02 5.940001e+02 3.701033e-02 9.992551e-01 1.093526e-02 -5.607561e+00 -1.173047e-02 -1.050759e-02 9.998760e-01 -8.666885e+00
9.991857e-01 -3.774617e-02 1.425300e-02 5.965522e+02 3.759513e-02 9.992355e-01 1.072016e-02 -5.543669e+00 -1.464674e-02 -1.017559e-02 9.998410e-01 -8.758468e+00
9.991918e-01 -3.819632e-02 1.252220e-02 5.990945e+02 3.806678e-02 9.992208e-01 1.042552e-02 -5.470103e+00 -1.291066e-02 -9.940417e-03 9.998673e-01 -8.808592e+00
9.992261e-01 -3.739419e-02 1.220149e-02 6.016435e+02 3.730447e-02 9.992759e-01 7.499822e-03 -5.402162e+00 -1.247310e-02 -7.038848e-03 9.998974e-01 -8.912000e+00
9.992404e-01 -3.747759e-02 1.068054e-02 6.041914e+02 3.740385e-02 9.992756e-01 7.022811e-03 -5.335976e+00 -1.093600e-02 -6.617983e-03 9.999183e-01 -8.943219e+00
9.992574e-01 -3.753625e-02 8.691711e-03 6.067586e+02 3.744015e-02 9.992388e-01 1.096692e-02 -5.258692e+00 -9.096751e-03 -1.063336e-02 9.999021e-01 -8.989693e+00
9.992431e-01 -3.793452e-02 8.612877e-03 6.093111e+02 3.781814e-02 9.991962e-01 1.329562e-02 -5.191014e+00 -9.110317e-03 -1.295983e-02 9.998745e-01 -9.058329e+00
9.992330e-01 -3.771672e-02 1.052577e-02 6.118676e+02 3.758924e-02 9.992206e-01 1.205694e-02 -5.123063e+00 -1.097231e-02 -1.165204e-02 9.998719e-01 -9.146089e+00
9.992216e-01 -3.763628e-02 1.181632e-02 6.144356e+02 3.749928e-02 9.992292e-01 1.160911e-02 -5.048316e+00 -1.224413e-02 -1.115697e-02 9.998628e-01 -9.199107e+00
9.992197e-01 -3.782606e-02 1.137081e-02 6.170020e+02 3.769650e-02 9.992242e-01 1.140011e-02 -4.975221e+00 -1.179321e-02 -1.096258e-02 9.998704e-01 -9.269447e+00
9.992154e-01 -3.806251e-02 1.094825e-02 6.195460e+02 3.795067e-02 9.992270e-01 1.024776e-02 -4.900541e+00 -1.132984e-02 -9.824229e-03 9.998875e-01 -9.364160e+00
9.992105e-01 -3.783396e-02 1.212347e-02 6.220778e+02 3.768198e-02 9.992113e-01 1.252847e-02 -4.829679e+00 -1.258791e-02 -1.206174e-02 9.998480e-01 -9.411027e+00
9.991962e-01 -3.838309e-02 1.156564e-02 6.246371e+02 3.819315e-02 9.991386e-01 1.621929e-02 -4.759452e+00 -1.217822e-02 -1.576452e-02 9.998016e-01 -9.477690e+00
9.991796e-01 -3.831769e-02 1.311153e-02 6.271946e+02 3.804292e-02 9.990637e-01 2.060045e-02 -4.687504e+00 -1.388862e-02 -2.008475e-02 9.997018e-01 -9.585198e+00
9.991971e-01 -3.837043e-02 1.152380e-02 6.297827e+02 3.812795e-02 9.990612e-01 2.057155e-02 -4.608478e+00 -1.230232e-02 -2.011565e-02 9.997219e-01 -9.658524e+00
9.991688e-01 -3.873205e-02 1.270888e-02 6.323271e+02 3.850323e-02 9.991003e-01 1.778102e-02 -4.543856e+00 -1.338614e-02 -1.727691e-02 9.997611e-01 -9.748533e+00
9.991465e-01 -3.959992e-02 1.175692e-02 6.348740e+02 3.940704e-02 9.990917e-01 1.620732e-02 -4.468931e+00 -1.238805e-02 -1.573018e-02 9.997995e-01 -9.840170e+00
9.991167e-01 -3.998992e-02 1.291353e-02 6.374470e+02 3.976312e-02 9.990582e-01 1.736653e-02 -4.393036e+00 -1.359586e-02 -1.683771e-02 9.997658e-01 -9.925176e+00
9.991940e-01 -3.869632e-02 1.066987e-02 6.400034e+02 3.848481e-02 9.990716e-01 1.936290e-02 -4.334202e+00 -1.140924e-02 -1.893666e-02 9.997556e-01 -9.983944e+00
9.991646e-01 -3.928794e-02 1.124936e-02 6.425712e+02 3.906495e-02 9.990482e-01 1.939962e-02 -4.245451e+00 -1.200082e-02 -1.894396e-02 9.997485e-01 -1.007907e+01
9.991685e-01 -3.901546e-02 1.183921e-02 6.451341e+02 3.877249e-02 9.990458e-01 2.010122e-02 -4.187467e+00 -1.261218e-02 -1.962547e-02 9.997278e-01 -1.017704e+01
9.991475e-01 -3.906909e-02 1.333318e-02 6.476782e+02 3.877176e-02 9.990085e-01 2.187357e-02 -4.111907e+00 -1.417455e-02 -2.133797e-02 9.996718e-01 -1.024130e+01
9.991731e-01 -3.866248e-02 1.258300e-02 6.502578e+02 3.835607e-02 9.989820e-01 2.374401e-02 -4.034284e+00 -1.348819e-02 -2.324174e-02 9.996389e-01 -1.036228e+01
9.992154e-01 -3.777708e-02 1.189141e-02 6.528702e+02 3.750444e-02 9.990460e-01 2.237122e-02 -3.980554e+00 -1.272518e-02 -2.190768e-02 9.996790e-01 -1.045203e+01
9.992099e-01 -3.783423e-02 1.217332e-02 6.554650e+02 3.754944e-02 9.990338e-01 2.282966e-02 -3.902006e+00 -1.302530e-02 -2.235452e-02 9.996653e-01 -1.054688e+01
