1.000000e+00 0.000000e+00 0.000000e+00 0.000000e+00 0.000000e+00 1.000000e+00 0.000000e+00 0.000000e+00 0.000000e+00 0.000000e+00 1.000000e+00 0.000000e+00
9.999909e-01 4.269650e-03 -1.112186e-04 3.910051e-01 -4.269693e-03 9.999907e-01 -3.848979e-04 -8.255263e-03 1.095742e-04 3.853693e-04 9.999999e-01 -5.329522e-03
9.999667e-01 8.154468e-03 3.241558e-04 6.138260e-01 -8.154188e-03 9.999664e-01 -8.528291e-04 -1.155083e-02 -3.310993e-04 8.501575e-04 9.999996e-01 -8.290737e-03
9.999230e-01 1.240879e-02 1.842313e-04 8.472974e-01 -1.240847e-02 9.999216e-01 -1.644482e-03 -2.024438e-02 -2.046229e-04 1.642069e-03 9.999986e-01 -1.021339e-02
9.998457e-01 1.754950e-02 7.668665e-04 1.078025e+00 -1.754752e-02 9.998430e-01 -2.523176e-03 -3.317043e-02 -8.110264e-04 2.509330e-03 9.999965e-01 -1.712464e-02
9.997335e-01 2.306744e-02 8.673996e-04 1.313792e+00 -2.306453e-02 9.997288e-01 -3.227478e-03 -4.977924e-02 -9.416140e-04 3.206612e-03 9.999944e-01 -1.815551e-02
9.995944e-01 2.845487e-02 1.115481e-03 1.563155e+00 -2.845039e-02 9.995878e-01 -3.849204e-03 -6.145371e-02 -1.224550e-03 3.815907e-03 9.999920e-01 -2.115582e-02
9.994237e-01 3.391986e-02 1.334168e-03 1.809904e+00 -3.391384e-02 9.994154e-01 -4.295598e-03 -7.620412e-02 -1.479094e-03 4.247875e-03 9.999899e-01 -2.555096e-02
9.992004e-01 3.996858e-02 1.012490e-03 2.057599e+00 -3.996367e-02 9.991910e-01 -4.474836e-03 -9.026510e-02 -1.190524e-03 4.430796e-03 9.999894e-01 -2.724321e-02
9.989785e-01 4.518847e-02 -6.676778e-05 2.308178e+00 -4.518831e-02 9.989685e-01 -4.487237e-03 -1.109826e-01 -1.360724e-04 4.485670e-03 9.999899e-01 -2.960286e-02
9.987283e-01 5.041539e-02 1.243750e-04 2.559210e+00 -5.041423e-02 9.987171e-01 -4.744098e-03 -1.339342e-01 -3.633910e-04 4.731795e-03 9.999887e-01 -2.743573e-02
9.984337e-01 5.592453e-02 1.612773e-03 2.829443e+00 -5.591610e-02 9.984236e-01 -4.872805e-03 -1.530423e-01 -1.882740e-03 4.774993e-03 9.999868e-01 -3.447694e-02
9.980879e-01 6.175378e-02 2.627426e-03 3.088249e+00 -6.174071e-02 9.980807e-01 -4.793736e-03 -1.773220e-01 -2.918415e-03 4.622351e-03 9.999850e-01 -3.775722e-02
9.977623e-01 6.675147e-02 3.841258e-03 3.357997e+00 -6.673388e-02 9.977605e-01 -4.536935e-03 -2.062479e-01 -4.135503e-03 4.270440e-03 9.999824e-01 -3.952648e-02
9.974871e-01 7.071582e-02 4.344291e-03 3.626656e+00 -7.069767e-02 9.974890e-01 -4.199664e-03 -2.318417e-01 -4.630365e-03 3.881980e-03 9.999818e-01 -4.589612e-02
9.971806e-01 7.494550e-02 3.741092e-03 3.896413e+00 -7.492983e-02 9.971800e-01 -4.168226e-03 -2.599284e-01 -4.042933e-03 3.876155e-03 9.999843e-01 -4.864356e-02
9.969271e-01 7.825635e-02 3.497154e-03 4.178650e+00 -7.823999e-02 9.969240e-01 -4.592667e-03 -2.851754e-01 -3.845802e-03 4.304937e-03 9.999833e-01 -5.191154e-02
9.967076e-01 8.099347e-02 3.739751e-03 4.451056e+00 -8.097696e-02 9.967064e-01 -4.374786e-03 -3.097960e-01 -4.081763e-03 4.057549e-03 9.999834e-01 -5.170193e-02
9.964750e-01 8.381583e-02 3.543614e-03 4.727831e+00 -8.380179e-02 9.964746e-01 -3.941001e-03 -3.392973e-01 -3.861440e-03 3.630148e-03 9.999859e-01 -6.091258e-02
9.962813e-01 8.610759e-02 3.000588e-03 5.007730e+00 -8.609682e-02 9.962806e-01 -3.552351e-03 -3.641565e-01 -3.295311e-03 3.280800e-03 9.999892e-01 -6.078143e-02
9.960276e-01 8.896868e-02 3.672890e-03 5.293468e+00 -8.895665e-02 9.960301e-01 -3.318517e-03 -4.004287e-01 -3.953553e-03 2.978607e-03 9.999877e-01 -6.341763e-02
9.957571e-01 9.190277e-02 4.649367e-03 5.582858e+00 -9.188864e-02 9.957641e-01 -3.167058e-03 -4.332089e-01 -4.920735e-03 2.726397e-03 9.999842e-01 -6.544515e-02
9.955720e-01 9.381739e-02 5.899529e-03 5.884140e+00 -9.379982e-02 9.955859e-01 -3.189007e-03 -4.615645e-01 -6.172673e-03 2.621511e-03 9.999775e-01 -6.801664e-02
9.953451e-01 9.614363e-02 6.680533e-03 6.180497e+00 -9.612481e-02 9.953644e-01 -3.084658e-03 -4.983736e-01 -6.946136e-03 2.428134e-03 9.999729e-01 -7.354350e-02
9.951553e-01 9.806190e-02 7.056297e-03 6.485818e+00 -9.804426e-02 9.951782e-01 -2.804624e-03 -5.300730e-01 -7.297299e-03 2.099208e-03 9.999712e-01 -7.677931e-02
9.949293e-01 1.003618e-01 6.579135e-03 6.808328e+00 -1.003474e-01 9.949492e-01 -2.491283e-03 -5.679710e-01 -6.795936e-03 1.818451e-03 9.999753e-01 -8.289045e-02
9.947002e-01 1.026674e-01 5.562468e-03 7.128580e+00 -1.026547e-01 9.947140e-01 -2.518838e-03 -6.039978e-01 -5.791666e-03 1.934475e-03 9.999813e-01 -8.480752e-02
9.944768e-01 1.048402e-01 4.938750e-03 7.458919e+00 -1.048276e-01 9.944866e-01 -2.749345e-03 -6.437181e-01 -5.199763e-03 2.216443e-03 9.999840e-01 -8.879965e-02
9.942887e-01 1.065930e-01 5.277892e-03 7.797817e+00 -1.065790e-01 9.943000e-01 -2.873942e-03 -6.833174e-01 -5.554150e-03 2.295016e-03 9.999819e-01 -8.969655e-02
9.941569e-01 1.077655e-01 6.218370e-03 8.152596e+00 -1.077500e-01 9.941742e-01 -2.781962e-03 -7.260954e-01 -6.481942e-03 2.095677e-03 9.999768e-01 -9.100938e-02
9.940078e-01 1.090454e-01 7.589683e-03 8.507576e+00 -1.090299e-01 9.940354e-01 -2.439477e-03 -7.671385e-01 -7.810428e-03 1.597357e-03 9.999682e-01 -9.734163e-02
9.939082e-01 1.099128e-01 8.106109e-03 8.868719e+00 -1.099007e-01 9.939407e-01 -1.930902e-03 -8.140460e-01 -8.269222e-03 1.028273e-03 9.999653e-01 -1.056131e-01
9.938722e-01 1.102155e-01 8.406428e-03 9.245728e+00 -1.102070e-01 9.939075e-01 -1.463890e-03 -8.593726e-01 -8.516555e-03 5.284726e-04 9.999636e-01 -1.119060e-01
9.938590e-01 1.103498e-01 8.200419e-03 9.622603e+00 -1.103431e-01 9.938927e-01 -1.267676e-03 -9.056337e-01 -8.290225e-03 3.550310e-04 9.999655e-01 -1.132276e-01
9.938203e-01 1.106665e-01 8.608663e-03 1.001280e+01 -1.106748e-01 9.938567e-01 4.891778e-04 -9.475678e-01 -8.501641e-03 -1.438917e-03 9.999628e-01 -1.179504e-01
9.937817e-01 1.110242e-01 8.461611e-03 1.041098e+01 -1.110426e-01 9.938142e-01 1.739006e-03 -9.979173e-01 -8.216197e-03 -2.667792e-03 9.999627e-01 -1.239268e-01
9.937629e-01 1.111084e-01 9.495724e-03 1.081366e+01 -1.111357e-01 9.938022e-01 2.398962e-03 -1.043555e+00 -9.170327e-03 -3.439313e-03 9.999520e-01 -1.319336e-01
9.937044e-01 1.116746e-01 8.961148e-03 1.121808e+01 -1.117045e-01 9.937372e-01 2.911244e-03 -1.094393e+00 -8.579914e-03 -3.893917e-03 9.999556e-01 -1.403919e-01
9.936520e-01 1.122070e-01 8.080563e-03 1.163601e+01 -1.122345e-01 9.936771e-01 3.031170e-03 -1.144650e+00 -7.689352e-03 -3.918845e-03 9.999627e-01 -1.447761e-01
9.936398e-01 1.123462e-01 7.631750e-03 1.205271e+01 -1.123846e-01 9.936533e-01 4.798904e-03 -1.191886e+00 -7.044174e-03 -5.626073e-03 9.999593e-01 -1.520983e-01
9.935973e-01 1.127873e-01 6.591324e-03 1.249909e+01 -1.128308e-01 9.935919e-01 6.648927e-03 -1.239759e+00 -5.799173e-03 -7.350060e-03 9.999562e-01 -1.621211e-01
9.935934e-01 1.127832e-01 7.222779e-03 1.293552e+01 -1.128339e-01 9.935889e-01 7.053131e-03 -1.292916e+00 -6.380999e-03 -7.822919e-03 9.999490e-01 -1.630166e-01
9.936073e-01 1.126830e-01 6.862871e-03 1.337837e+01 -1.127303e-01 9.936013e-01 6.953041e-03 -1.349878e+00 -6.035469e-03 -7.682246e-03 9.999523e-01 -1.753121e-01
9.935463e-01 1.131190e-01 8.359719e-03 1.383377e+01 -1.131766e-01 9.935517e-01 6.776640e-03 -1.408853e+00 -7.539247e-03 -7.679030e-03 9.999421e-01 -1.817934e-01
9.935179e-01 1.134903e-01 6.486370e-03 1.429951e+01 -1.135374e-01 9.935061e-01 7.424727e-03 -1.460160e+00 -5.601612e-03 -8.113045e-03 9.999514e-01 -1.957125e-01
9.936028e-01 1.128218e-01 4.966489e-03 1.477001e+01 -1.128574e-01 9.935824e-01 7.574259e-03 -1.520115e+00 -4.080074e-03 -8.086310e-03 9.999590e-01 -2.062324e-01
9.937249e-01 1.117821e-01 3.938685e-03 1.525448e+01 -1.118069e-01 9.937071e-01 6.766888e-03 -1.571420e+00 -3.157481e-03 -7.164798e-03 9.999694e-01 -2.198305e-01
9.938282e-01 1.108543e-01 4.089756e-03 1.574067e+01 -1.108767e-01 9.938174e-01 5.740047e-03 -1.629094e+00 -3.428162e-03 -6.158080e-03 9.999751e-01 -2.217522e-01
9.939150e-01 1.100785e-01 3.952521e-03 1.623223e+01 -1.100996e-01 9.939049e-01 5.583235e-03 -1.687797e+00 -3.313836e-03 -5.984432e-03 9.999766e-01 -2.281951e-01
9.940113e-01 1.092046e-01 3.976156e-03 1.673861e+01 -1.092203e-01 9.940096e-01 3.976747e-03 -1.747875e+00 -3.518058e-03 -4.387209e-03 9.999842e-01 -2.411552e-01
9.940367e-01 1.089922e-01 3.413535e-03 1.725131e+01 -1.089921e-01 9.940426e-01 -2.135316e-04 -1.802179e+00 -3.416472e-03 -1.597902e-04 9.999942e-01 -2.516759e-01
9.941046e-01 1.084039e-01 2.129279e-03 1.776055e+01 -1.083931e-01 9.940971e-01 -4.680591e-03 -1.859934e+00 -2.624105e-03 4.422199e-03 9.999868e-01 -2.546909e-01
9.942563e-01 1.069897e-01 2.762521e-03 1.827183e+01 -1.069684e-01 9.942379e-01 -6.970077e-03 -1.918713e+00 -3.492330e-03 6.634540e-03 9.999719e-01 -2.536910e-01
9.942901e-01 1.066109e-01 4.611197e-03 1.877729e+01 -1.065708e-01 9.942713e-01 -8.216006e-03 -1.977436e+00 -5.460696e-03 7.677675e-03 9.999556e-01 -2.621342e-01
9.943582e-01 1.059399e-01 5.332092e-03 1.928385e+01 -1.058943e-01 9.943436e-01 -8.204198e-03 -2.040489e+00 -6.171084e-03 7.593274e-03 9.999521e-01 -2.691695e-01
9.945351e-01 1.042852e-01 4.960265e-03 1.979600e+01 -1.042436e-01 9.945196e-01 -8.021271e-03 -2.095941e+00 -5.769579e-03 7.460359e-03 9.999555e-01 -2.778585e-01
9.947018e-01 1.026876e-01 4.850097e-03 2.029882e+01 -1.026482e-01 9.946874e-01 -7.769186e-03 -2.151954e+00 -5.622130e-03 7.230170e-03 9.999580e-01 -2.786782e-01
9.948779e-01 1.009829e-01 4.519999e-03 2.080460e+01 -1.009431e-01 9.948575e-01 -8.305262e-03 -2.211104e+00 -5.335443e-03 7.806459e-03 9.999553e-01 -2.806288e-01
9.950820e-01 9.884236e-02 6.479229e-03 2.131585e+01 -9.878617e-02 9.950725e-01 -8.484276e-03 -2.263671e+00 -7.285908e-03 7.802492e-03 9.999430e-01 -2.810326e-01
9.952505e-01 9.705171e-02 7.577399e-03 2.182608e+01 -9.698144e-02 9.952441e-01 -9.148918e-03 -2.325341e+00 -8.429280e-03 8.370599e-03 9.999294e-01 -2.853670e-01
9.953482e-01 9.597503e-02 8.417499e-03 2.232514e+01 -9.588609e-02 9.953380e-01 -1.040077e-02 -2.384672e+00 -9.376471e-03 9.545271e-03 9.999105e-01 -2.935811e-01
9.954824e-01 9.457331e-02 8.409436e-03 2.283142e+01 -9.448268e-02 9.954700e-01 -1.059068e-02 -2.440076e+00 -9.372937e-03 9.748285e-03 9.999086e-01 -2.934891e-01
9.956162e-01 9.303122e-02 9.673704e-03 2.333862e+01 -9.292934e-02 9.956173e-01 -1.049653e-02 -2.488104e+00 -1.060781e-02 9.551545e-03 9.998981e-01 -2.925406e-01
9.957678e-01 9.137280e-02 9.868693e-03 2.382852e+01 -9.129595e-02 9.957918e-01 -7.976187e-03 -2.533414e+00 -1.055597e-02 7.041459e-03 9.999195e-01 -3.094279e-01
9.958888e-01 9.002643e-02 1.003415e-02 2.432302e+01 -8.997787e-02 9.959303e-01 -5.191977e-03 -2.586613e+00 -1.046073e-02 4.267781e-03 9.999362e-01 -3.125089e-01
9.960545e-01 8.819279e-02 9.871401e-03 2.481986e+01 -8.817539e-02 9.961026e-01 -2.185963e-03 -2.627788e+00 -1.002571e-02 1.306923e-03 9.999489e-01 -3.196356e-01
9.961728e-01 8.700109e-02 8.391767e-03 2.530647e+01 -8.701643e-02 9.962057e-01 1.478887e-03 -2.673687e+00 -8.231263e-03 -2.203449e-03 9.999637e-01 -3.248185e-01
9.963106e-01 8.519294e-02 1.036004e-02 2.579811e+01 -8.524329e-02 9.963499e-01 4.519633e-03 -2.722614e+00 -9.937187e-03 -5.386083e-03 9.999361e-01 -3.324619e-01
9.964274e-01 8.389397e-02 9.713166e-03 2.628385e+01 -8.395520e-02 9.964510e-01 6.077650e-03 -2.770908e+00 -9.168816e-03 -6.871407e-03 9.999344e-01 -3.365337e-01
9.964741e-01 8.332523e-02 9.814189e-03 2.677324e+01 -8.339333e-02 9.964937e-01 6.746273e-03 -2.812653e+00 -9.217645e-03 -7.540924e-03 9.999291e-01 -3.625803e-01
9.965646e-01 8.242741e-02 8.043119e-03 2.725835e+01 -8.248588e-02 9.965661e-01 7.229699e-03 -2.853462e+00 -7.419574e-03 -7.868306e-03 9.999415e-01 -3.645177e-01
9.965960e-01 8.216227e-02 6.768386e-03 2.773627e+01 -8.221460e-02 9.965837e-01 7.854145e-03 -2.895144e+00 -6.099949e-03 -8.383870e-03 9.999462e-01 -3.842763e-01
9.966381e-01 8.168708e-02 6.308880e-03 2.821285e+01 -8.173521e-02 9.966235e-01 7.790900e-03 -2.941517e+00 -5.651163e-03 -8.280366e-03 9.999498e-01 -3.844421e-01
9.966625e-01 8.133555e-02 6.958839e-03 2.867452e+01 -8.139164e-02 9.966486e-01 8.196869e-03 -2.989667e+00 -6.268820e-03 -8.735904e-03 9.999422e-01 -4.017693e-01
9.967109e-01 8.076987e-02 6.605089e-03 2.915007e+01 -8.082426e-02 9.966927e-01 8.430739e-03 -3.031277e+00 -5.902295e-03 -8.936861e-03 9.999427e-01 -4.145205e-01
9.967319e-01 8.045182e-02 7.286126e-03 2.961135e+01 -8.051874e-02 9.967089e-01 9.410245e-03 -3.080655e+00 -6.505073e-03 -9.966161e-03 9.999292e-01 -4.220188e-01
9.968008e-01 7.968732e-02 6.161119e-03 3.007767e+01 -7.975193e-02 9.967532e-01 1.107025e-02 -3.113733e+00 -5.258957e-03 -1.152619e-02 9.999197e-01 -4.425210e-01
9.967932e-01 7.974985e-02 6.590132e-03 3.053855e+01 -7.982364e-02 9.967389e-01 1.181744e-02 -3.159899e+00 -5.626202e-03 -1.230559e-02 9.999084e-01 -4.463654e-01
9.968311e-01 7.912138e-02 8.214137e-03 3.100806e+01 -7.921843e-02 9.967819e-01 1.225044e-02 -3.201482e+00 -7.218432e-03 -1.286233e-02 9.998912e-01 -4.644571e-01
9.968356e-01 7.900343e-02 8.788019e-03 3.146417e+01 -7.910477e-02 9.967958e-01 1.185351e-02 -3.243781e+00 -7.823393e-03 -1.251117e-02 9.998911e-01 -4.734536e-01
9.968426e-01 7.879554e-02 9.807373e-03 3.192861e+01 -7.891150e-02 9.968088e-01 1.205925e-02 -3.285403e+00 -8.825860e-03 -1.279509e-02 9.998792e-01 -4.854645e-01
9.968641e-01 7.846195e-02 1.027428e-02 3.237353e+01 -7.857354e-02 9.968482e-01 1.094931e-02 -3.334128e+00 -9.382789e-03 -1.172226e-02 9.998873e-01 -5.023609e-01
9.968125e-01 7.919878e-02 9.615839e-03 3.283001e+01 -7.929848e-02 9.967958e-01 1.047172e-02 -3.370671e+00 -8.755680e-03 -1.120086e-02 9.998989e-01 -5.124089e-01
9.968575e-01 7.873744e-02 8.693459e-03 3.327533e+01 -7.883103e-02 9.968272e-01 1.100671e-02 -3.421252e+00 -7.799236e-03 -1.165743e-02 9.999017e-01 -5.300542e-01
9.968964e-01 7.814345e-02 9.543813e-03 3.373310e+01 -7.824454e-02 9.968767e-01 1.072288e-02 -3.455041e+00 -8.676081e-03 -1.143635e-02 9.998969e-01 -5.360699e-01
9.969083e-01 7.802607e-02 9.258589e-03 3.418185e+01 -7.812472e-02 9.968849e-01 1.081828e-02 -3.491708e+00 -8.385640e-03 -1.150815e-02 9.998986e-01 -5.477395e-01
9.968989e-01 7.809000e-02 9.723295e-03 3.463150e+01 -7.820100e-02 9.968702e-01 1.161294e-02 -3.532968e+00 -8.786007e-03 -1.233730e-02 9.998853e-01 -5.696558e-01
9.969510e-01 7.749379e-02 9.131806e-03 3.507411e+01 -7.759950e-02 9.969140e-01 1.185388e-02 -3.574989e+00 -8.185023e-03 -1.252637e-02 9.998881e-01 -5.782915e-01
9.969763e-01 7.718742e-02 8.963320e-03 3.551785e+01 -7.728876e-02 9.969416e-01 1.157190e-02 -3.614492e+00 -8.042702e-03 -1.222967e-02 9.998929e-01 -5.913706e-01
9.969835e-01 7.714482e-02 8.520622e-03 3.595734e+01 -7.723998e-02 9.969465e-01 1.146897e-02 -3.656294e+00 -7.609833e-03 -1.209250e-02 9.998979e-01 -6.007696e-01
9.970090e-01 7.684584e-02 8.232983e-03 3.640014e+01 -7.694340e-02 9.969599e-01 1.227209e-02 -3.693883e+00 -7.264895e-03 -1.286885e-02 9.998908e-01 -6.139864e-01
9.970208e-01 7.678059e-02 7.366376e-03 3.684390e+01 -7.686615e-02 9.969677e-01 1.213447e-02 -3.728723e+00 -6.412345e-03 -1.266455e-02 9.998993e-01 -6.308240e-01
9.970360e-01 7.668822e-02 6.163956e-03 3.728599e+01 -7.675409e-02 9.969864e-01 1.127240e-02 -3.765471e+00 -5.280919e-03 -1.171210e-02 9.999174e-01 -6.435010e-01
9.970357e-01 7.675042e-02 5.397631e-03 3.770940e+01 -7.680944e-02 9.969766e-01 1.174409e-02 -3.809807e+00 -4.479947e-03 -1.212387e-02 9.999165e-01 -6.491060e-01
9.970431e-01 7.662671e-02 5.781066e-03 3.814395e+01 -7.669618e-02 9.969705e-01 1.294367e-02 -3.843835e+00 -4.771722e-03 -1.334878e-02 9.998995e-01 -6.611958e-01
9.970574e-01 7.638928e-02 6.413066e-03 3.858905e+01 -7.647009e-02 9.969809e-01 1.347590e-02 -3.884570e+00 -5.364290e-03 -1.392665e-02 9.998887e-01 -6.780959e-01
9.970698e-01 7.617126e-02 7.053972e-03 3.901788e+01 -7.626394e-02 9.969900e-01 1.396453e-02 -3.924678e+00 -5.969043e-03 -1.446157e-02 9.998776e-01 -6.902987e-01
9.971429e-01 7.523097e-02 6.801390e-03 3.944235e+01 -7.532908e-02 9.970375e-01 1.555057e-02 -3.962830e+00 -5.611356e-03 -1.601848e-02 9.998559e-01 -7.045391e-01
9.972889e-01 7.335834e-02 5.776355e-03 3.987579e+01 -7.344192e-02 9.971725e-01 1.590680e-02 -3.991602e+00 -4.593126e-03 -1.628790e-02 9.998568e-01 -7.189960e-01
9.974478e-01 7.114321e-02 6.041929e-03 4.030379e+01 -7.122566e-02 9.973512e-01 1.474767e-02 -4.023261e+00 -4.976729e-03 -1.514037e-02 9.998730e-01 -7.270012e-01
9.976553e-01 6.810585e-02 6.738847e-03 4.073454e+01 -6.818857e-02 9.975889e-01 1.291838e-02 -4.059832e+00 -5.842780e-03 -1.334761e-02 9.998938e-01 -7.347385e-01
9.978291e-01 6.540988e-02 7.660599e-03 4.115617e+01 -6.549842e-02 9.977810e-01 1.194142e-02 -4.088511e+00 -6.862516e-03 -1.241725e-02 9.998993e-01 -7.489284e-01
9.979966e-01 6.276201e-02 7.979567e-03 4.158052e+01 -6.285449e-02 9.979516e-01 1.192034e-02 -4.117661e+00 -7.215077e-03 -1.239801e-02 9.998971e-01 -7.686066e-01
9.981797e-01 5.997019e-02 6.393738e-03 4.200364e+01 -6.004149e-02 9.981283e-01 1.161365e-02 -4.145567e+00 -5.685298e-03 -1.197640e-02 9.999121e-01 -7.864797e-01
9.983223e-01 5.773763e-02 4.356726e-03 4.243146e+01 -5.778603e-02 9.982574e-01 1.194972e-02 -4.157610e+00 -3.659185e-03 -1.218143e-02 9.999191e-01 -7.992014e-01
9.985000e-01 5.465914e-02 3.157903e-03 4.284480e+01 -5.469595e-02 9.984176e-01 1.307022e-02 -4.184175e+00 -2.438499e-03 -1.322334e-02 9.999096e-01 -8.120413e-01
9.986252e-01 5.234945e-02 2.681322e-03 4.325698e+01 -5.238339e-02 9.985185e-01 1.472271e-02 -4.211883e+00 -1.906624e-03 -1.484293e-02 9.998880e-01 -8.074021e-01
9.987389e-01 5.002872e-02 4.195621e-03 4.366722e+01 -5.008636e-02 9.986323e-01 1.499159e-02 -4.242618e+00 -3.439873e-03 -1.518283e-02 9.998788e-01 -8.255085e-01
9.988386e-01 4.782870e-02 5.818254e-03 4.409323e+01 -4.790632e-02 9.987533e-01 1.402544e-02 -4.258607e+00 -5.140182e-03 -1.428788e-02 9.998847e-01 -8.347564e-01
9.989436e-01 4.579775e-02 3.772036e-03 4.450108e+01 -4.584694e-02 9.988476e-01 1.419115e-02 -4.283772e+00 -3.117767e-03 -1.434909e-02 9.998922e-01 -8.608923e-01
9.989988e-01 4.465779e-02 2.647817e-03 4.490503e+01 -4.469377e-02 9.988788e-01 1.559547e-02 -4.309582e+00 -1.948390e-03 -1.569820e-02 9.998749e-01 -8.701563e-01
9.990224e-01 4.420428e-02 4.655299e-04 4.531790e+01 -4.420582e-02 9.988786e-01 1.694385e-02 -4.327212e+00 2.839826e-04 -1.694786e-02 9.998564e-01 -8.837688e-01
9.990388e-01 4.382883e-02 7.609288e-04 4.572957e+01 -4.383543e-02 9.988933e-01 1.704706e-02 -4.347761e+00 -1.293424e-05 -1.706402e-02 9.998544e-01 -8.882364e-01
9.990758e-01 4.293437e-02 2.071385e-03 4.613083e+01 -4.296449e-02 9.989182e-01 1.779447e-02 -4.371755e+00 -1.305149e-03 -1.786702e-02 9.998395e-01 -9.017465e-01
9.990931e-01 4.250545e-02 2.494511e-03 4.652362e+01 -4.254546e-02 9.989115e-01 1.911518e-02 -4.394302e+00 -1.679296e-03 -1.920398e-02 9.998142e-01 -9.181152e-01
9.990667e-01 4.319362e-02 2.238565e-04 4.692104e+01 -4.318906e-02 9.988545e-01 2.059986e-02 -4.414279e+00 6.661827e-04 -2.059031e-02 9.997877e-01 -9.410636e-01
9.990418e-01 4.370577e-02 -2.299111e-03 4.732033e+01 -4.364728e-02 9.988214e-01 2.122788e-02 -4.430566e+00 3.224182e-03 -2.110719e-02 9.997720e-01 -9.538991e-01
9.990348e-01 4.373577e-02 -4.079669e-03 4.769757e+01 -4.363422e-02 9.987980e-01 2.233005e-02 -4.454531e+00 5.051387e-03 -2.213048e-02 9.997423e-01 -9.694848e-01
9.990441e-01 4.340103e-02 -5.218375e-03 4.808953e+01 -4.327363e-02 9.988110e-01 2.245138e-02 -4.472764e+00 6.186583e-03 -2.220410e-02 9.997343e-01 -9.838489e-01
9.990457e-01 4.331553e-02 -5.600919e-03 4.845876e+01 -4.318316e-02 9.988267e-01 2.191774e-02 -4.501200e+00 6.543725e-03 -2.165495e-02 9.997441e-01 -9.910433e-01
9.990613e-01 4.287508e-02 -6.172518e-03 4.883532e+01 -4.274080e-02 9.988768e-01 2.045232e-02 -4.530982e+00 7.042480e-03 -2.016931e-02 9.997718e-01 -1.005841e+00
9.990600e-01 4.291546e-02 -6.112567e-03 4.922232e+01 -4.281710e-02 9.989642e-01 1.540338e-02 -4.546087e+00 6.767278e-03 -1.512717e-02 9.998627e-01 -1.028344e+00
9.989961e-01 4.339105e-02 -1.113827e-02 4.960159e+01 -4.328430e-02 9.990162e-01 9.652514e-03 -4.553679e+00 1.154614e-02 -9.160710e-03 9.998914e-01 -1.022321e+00
9.989441e-01 4.355055e-02 -1.462960e-02 4.996625e+01 -4.344093e-02 9.990262e-01 7.729099e-03 -4.569566e+00 1.495196e-02 -7.085414e-03 9.998631e-01 -1.036885e+00
9.989362e-01 4.342097e-02 -1.552824e-02 5.032406e+01 -4.330214e-02 9.990306e-01 7.908512e-03 -4.586355e+00 1.585658e-02 -7.227693e-03 9.998481e-01 -1.054032e+00
9.989272e-01 4.369118e-02 -1.534318e-02 5.068582e+01 -4.357151e-02 9.990178e-01 8.049094e-03 -4.609327e+00 1.567979e-02 -7.371934e-03 9.998499e-01 -1.059319e+00
9.989231e-01 4.379244e-02 -1.532372e-02 5.103828e+01 -4.367219e-02 9.990129e-01 8.095789e-03 -4.627301e+00 1.566313e-02 -7.417850e-03 9.998498e-01 -1.084198e+00
9.989087e-01 4.398340e-02 -1.571045e-02 5.138586e+01 -4.386737e-02 9.990079e-01 7.656042e-03 -4.649942e+00 1.603160e-02 -6.958511e-03 9.998473e-01 -1.083503e+00
9.988858e-01 4.417155e-02 -1.661559e-02 5.171910e+01 -4.402718e-02 9.989901e-01 8.956483e-03 -4.670038e+00 1.699443e-02 -8.214965e-03 9.998218e-01 -1.101974e+00
9.988208e-01 4.482683e-02 -1.864535e-02 5.205992e+01 -4.457432e-02 9.989116e-01 1.374500e-02 -4.680973e+00 1.924120e-02 -1.289769e-02 9.997317e-01 -1.113741e+00
9.988022e-01 4.465104e-02 -2.001292e-02 5.240012e+01 -4.434988e-02 9.988998e-01 1.524765e-02 -4.704161e+00 2.067172e-02 -1.434181e-02 9.996834e-01 -1.116869e+00
9.988269e-01 4.397177e-02 -2.028208e-02 5.274109e+01 -4.371577e-02 9.989609e-01 1.289724e-02 -4.723831e+00 2.082812e-02 -1.199547e-02 9.997111e-01 -1.108018e+00
9.988372e-01 4.430263e-02 -1.901227e-02 5.307437e+01 -4.409207e-02 9.989631e-01 1.135488e-02 -4.737815e+00 1.949560e-02 -1.050338e-02 9.997548e-01 -1.134394e+00
9.988046e-01 4.513125e-02 -1.877721e-02 5.340211e+01 -4.489540e-02 9.989097e-01 1.279803e-02 -4.765019e+00 1.933432e-02 -1.193972e-02 9.997418e-01 -1.139102e+00
9.988167e-01 4.485562e-02 -1.879226e-02 5.373210e+01 -4.457401e-02 9.988912e-01 1.514603e-02 -4.778672e+00 1.945081e-02 -1.429046e-02 9.997087e-01 -1.155363e+00
9.988206e-01 4.474322e-02 -1.885382e-02 5.406320e+01 -4.444848e-02 9.988872e-01 1.577278e-02 -4.807719e+00 1.953857e-02 -1.491616e-02 9.996978e-01 -1.160411e+00
9.988288e-01 4.489017e-02 -1.805338e-02 5.440161e+01 -4.462026e-02 9.988902e-01 1.508549e-02 -4.821812e+00 1.871054e-02 -1.426228e-02 9.997232e-01 -1.163522e+00
9.988428e-01 4.517466e-02 -1.650317e-02 5.473408e+01 -4.493624e-02 9.988840e-01 1.454278e-02 -4.850561e+00 1.714172e-02 -1.378436e-02 9.997581e-01 -1.174556e+00
9.988453e-01 4.529903e-02 -1.600347e-02 5.507064e+01 -4.506724e-02 9.988778e-01 1.455931e-02 -4.861850e+00 1.664503e-02 -1.382126e-02 9.997659e-01 -1.182989e+00
9.988426e-01 4.571241e-02 -1.496021e-02 5.540800e+01 -4.548458e-02 9.988489e-01 1.523101e-02 -4.882510e+00 1.563924e-02 -1.453292e-02 9.997721e-01 -1.200618e+00
9.988332e-01 4.571493e-02 -1.556834e-02 5.575349e+01 -4.547324e-02 9.988447e-01 1.553978e-02 -4.896350e+00 1.626076e-02 -1.481370e-02 9.997581e-01 -1.212232e+00
9.988151e-01 4.601479e-02 -1.584262e-02 5.609319e+01 -4.576626e-02 9.988288e-01 1.570825e-02 -4.922338e+00 1.654687e-02 -1.496458e-02 9.997511e-01 -1.215605e+00
9.988599e-01 4.561237e-02 -1.408616e-02 5.644265e+01 -4.539149e-02 9.988470e-01 1.562126e-02 -4.936039e+00 1.478244e-02 -1.496406e-02 9.997787e-01 -1.232771e+00
9.988622e-01 4.593769e-02 -1.280707e-02 5.680164e+01 -4.574563e-02 9.988419e-01 1.490710e-02 -4.966453e+00 1.347703e-02 -1.430428e-02 9.998069e-01 -1.233832e+00
9.988596e-01 4.635779e-02 -1.142305e-02 5.716274e+01 -4.619617e-02 9.988340e-01 1.402794e-02 -4.992436e+00 1.206003e-02 -1.348424e-02 9.998363e-01 -1.244402e+00
9.988967e-01 4.638086e-02 -7.364932e-03 5.753471e+01 -4.631549e-02 9.988879e-01 8.811967e-03 -5.028322e+00 7.765450e-03 -8.461134e-03 9.999341e-01 -1.237821e+00
9.988863e-01 4.665570e-02 -7.022050e-03 5.790659e+01 -4.664386e-02 9.989097e-01 1.840927e-03 -5.040950e+00 7.100285e-03 -1.511341e-03 9.999737e-01 -1.245236e+00
9.988268e-01 4.803933e-02 -6.105407e-03 5.827457e+01 -4.803731e-02 9.988453e-01 4.764037e-04 -5.062977e+00 6.121244e-03 -1.825575e-04 9.999812e-01 -1.271107e+00
9.987819e-01 4.890373e-02 -6.577438e-03 5.863933e+01 -4.887757e-02 9.987966e-01 4.080335e-03 -5.082487e+00 6.769065e-03 -3.753876e-03 9.999700e-01 -1.287893e+00
9.987416e-01 4.966693e-02 -6.961642e-03 5.901302e+01 -4.961985e-02 9.987451e-01 6.780175e-03 -5.099882e+00 7.289657e-03 -6.426207e-03 9.999528e-01 -1.303335e+00
9.986884e-01 5.084364e-02 -6.033118e-03 5.939360e+01 -5.078764e-02 9.986680e-01 9.098426e-03 -5.128318e+00 6.487679e-03 -8.780085e-03 9.999404e-01 -1.316559e+00
9.986265e-01 5.198180e-02 -6.560524e-03 5.978120e+01 -5.189872e-02 9.985771e-01 1.225594e-02 -5.151800e+00 7.188276e-03 -1.189863e-02 9.999034e-01 -1.323813e+00
9.985880e-01 5.278786e-02 -5.947263e-03 6.016172e+01 -5.266795e-02 9.984356e-01 1.878089e-02 -5.168154e+00 6.929361e-03 -1.844114e-02 9.998059e-01 -1.317454e+00
9.984846e-01 5.469628e-02 -6.076709e-03 6.055448e+01 -5.450371e-02 9.981126e-01 2.829435e-02 -5.201117e+00 7.612836e-03 -2.792026e-02 9.995812e-01 -1.332380e+00
9.983913e-01 5.650051e-02 -4.731576e-03 6.095295e+01 -5.634249e-02 9.979998e-01 2.866809e-02 -5.239998e+00 6.341874e-03 -2.835538e-02 9.995778e-01 -1.335546e+00
9.982658e-01 5.872605e-02 -4.077078e-03 6.136743e+01 -5.862119e-02 9.980314e-01 2.229621e-02 -5.272987e+00 5.378420e-03 -2.201854e-02 9.997431e-01 -1.354977e+00
9.981364e-01 6.089852e-02 -3.878568e-03 6.177262e+01 -6.081836e-02 9.979825e-01 1.821498e-02 -5.302688e+00 4.980009e-03 -1.794515e-02 9.998266e-01 -1.373249e+00
9.979734e-01 6.336799e-02 -5.785005e-03 6.217123e+01 -6.325220e-02 9.978284e-01 1.838286e-02 -5.334139e+00 6.937326e-03 -1.797969e-02 9.998143e-01 -1.397058e+00
9.976900e-01 6.739990e-02 -8.487636e-03 6.257674e+01 -6.722826e-02 9.975547e-01 1.910231e-02 -5.371755e+00 9.754376e-03 -1.848758e-02 9.997815e-01 -1.410364e+00
9.973263e-01 7.237095e-02 -1.014068e-02 6.298196e+01 -7.216721e-02 9.972080e-01 1.919352e-02 -5.412567e+00 1.150142e-02 -1.841038e-02 9.997644e-01 -1.428442e+00
9.969337e-01 7.744633e-02 -1.119225e-02 6.338610e+01 -7.724391e-02 9.968585e-01 1.750997e-02 -5.457058e+00 1.251317e-02 -1.659175e-02 9.997841e-01 -1.433045e+00
9.964744e-01 8.308464e-02 -1.164449e-02 6.379516e+01 -8.287974e-02 9.964129e-01 1.709530e-02 -5.497857e+00 1.302308e-02 -1.606994e-02 9.997861e-01 -1.450264e+00
9.958669e-01 8.993561e-02 -1.267941e-02 6.420527e+01 -8.970801e-02 9.958143e-01 1.750375e-02 -5.549338e+00 1.420055e-02 -1.629396e-02 9.997664e-01 -1.462548e+00
9.951801e-01 9.748659e-02 -1.062540e-02 6.461492e+01 -9.730268e-02 9.951159e-01 1.663531e-02 -5.608940e+00 1.219522e-02 -1.552125e-02 9.998052e-01 -1.462773e+00
9.941944e-01 1.069726e-01 -1.159394e-02 6.501534e+01 -1.068102e-01 9.941833e-01 1.382163e-02 -5.669932e+00 1.300503e-02 -1.250304e-02 9.998373e-01 -1.489440e+00
9.929693e-01 1.179016e-01 -1.053902e-02 6.542519e+01 -1.177758e-01 9.929696e-01 1.184959e-02 -5.740272e+00 1.186201e-02 -1.052504e-02 9.998742e-01 -1.482875e+00
9.913763e-01 1.303964e-01 -1.302942e-02 6.583248e+01 -1.302644e-01 9.914237e-01 1.050871e-02 -5.807824e+00 1.428797e-02 -8.720812e-03 9.998599e-01 -1.515902e+00
9.893845e-01 1.446231e-01 -1.423169e-02 6.622706e+01 -1.445013e-01 9.894614e-01 9.253986e-03 -5.894716e+00 1.542005e-02 -7.099253e-03 9.998559e-01 -1.523208e+00
9.868909e-01 1.605179e-01 -1.674239e-02 6.662460e+01 -1.604133e-01 9.870219e-01 7.423784e-03 -5.979645e+00 1.771675e-02 -4.640764e-03 9.998323e-01 -1.539930e+00
9.840915e-01 1.769747e-01 -1.562103e-02 6.700586e+01 -1.768847e-01 9.842068e-01 6.976979e-03 -6.072244e+00 1.660908e-02 -4.102863e-03 9.998537e-01 -1.536478e+00
9.807145e-01 1.949001e-01 -1.459552e-02 6.738126e+01 -1.947972e-01 9.808095e-01 8.178770e-03 -6.187500e+00 1.590947e-02 -5.177871e-03 9.998600e-01 -1.548029e+00
9.767336e-01 2.140763e-01 -1.276313e-02 6.776397e+01 -2.139802e-01 9.768012e-01 8.486616e-03 -6.287434e+00 1.428382e-02 -5.558106e-03 9.998825e-01 -1.573645e+00
9.722557e-01 2.335474e-01 -1.320711e-02 6.815482e+01 -2.334628e-01 9.723358e-01 7.638558e-03 -6.414836e+00 1.462571e-02 -4.343262e-03 9.998836e-01 -1.564169e+00
9.670010e-01 2.544720e-01 -1.236853e-02 6.851511e+01 -2.543951e-01 9.670715e-01 7.462178e-03 -6.536073e+00 1.386017e-02 -4.069441e-03 9.998957e-01 -1.580558e+00
9.611148e-01 2.757109e-01 -1.555333e-02 6.888278e+01 -2.756115e-01 9.612339e-01 8.245600e-03 -6.663327e+00 1.722378e-02 -3.638291e-03 9.998450e-01 -1.614960e+00
9.548289e-01 2.963858e-01 -2.138537e-02 6.924103e+01 -2.961805e-01 9.550531e-01 1.227113e-02 -6.770499e+00 2.406115e-02 -5.382898e-03 9.996960e-01 -1.613164e+00
9.484281e-01 3.165432e-01 -1.686933e-02 6.959932e+01 -3.163547e-01 9.485528e-01 1.293822e-02 -6.911641e+00 2.009695e-02 -6.934280e-03 9.997740e-01 -1.596805e+00
9.411687e-01 3.378588e-01 -7.269586e-03 6.993550e+01 -3.377458e-01 9.411421e-01 1.339910e-02 -7.079306e+00 1.136872e-02 -1.015554e-02 9.998838e-01 -1.594023e+00
9.331142e-01 3.595351e-01 -5.699431e-03 7.028157e+01 -3.594486e-01 9.330842e-01 1.226236e-02 -7.243397e+00 9.726796e-03 -9.393526e-03 9.999086e-01 -1.663663e+00
9.254524e-01 3.787273e-01 -1.017088e-02 7.063598e+01 -3.786040e-01 9.254786e-01 1.219192e-02 -7.384502e+00 1.403035e-02 -7.432309e-03 9.998739e-01 -1.654594e+00
9.178396e-01 3.967546e-01 -1.250183e-02 7.095750e+01 -3.965747e-01 9.178854e-01 1.465953e-02 -7.532545e+00 1.729148e-02 -8.497187e-03 9.998144e-01 -1.651478e+00
9.090006e-01 4.165061e-01 -1.551034e-02 7.126978e+01 -4.162810e-01 9.090985e-01 1.582054e-02 -7.698670e+00 2.068977e-02 -7.924222e-03 9.997545e-01 -1.681834e+00
8.993807e-01 4.367422e-01 -1.925208e-02 7.161012e+01 -4.365219e-01 8.995739e-01 1.467893e-02 -7.874007e+00 2.372958e-02 -4.797996e-03 9.997069e-01 -1.709464e+00
8.908127e-01 4.540038e-01 -1.825773e-02 7.192976e+01 -4.537795e-01 8.909843e-01 1.520791e-02 -8.045038e+00 2.317180e-02 -5.262417e-03 9.997177e-01 -1.687936e+00
8.822657e-01 4.705590e-01 -1.347137e-02 7.222215e+01 -4.703135e-01 8.823179e-01 1.790171e-02 -8.227689e+00 2.030984e-02 -9.458299e-03 9.997490e-01 -1.709162e+00
8.720836e-01 4.892563e-01 -9.921513e-03 7.250495e+01 -4.889152e-01 8.719785e-01 2.480089e-02 -8.418262e+00 2.078534e-02 -1.677767e-02 9.996431e-01 -1.725415e+00
8.616857e-01 5.073140e-01 -1.141443e-02 7.281231e+01 -5.068472e-01 8.615463e-01 2.904751e-02 -8.615191e+00 2.457027e-02 -1.924445e-02 9.995129e-01 -1.728844e+00
8.523416e-01 5.228288e-01 -1.279696e-02 7.310271e+01 -5.223753e-01 8.522741e-01 2.744297e-02 -8.808377e+00 2.525450e-02 -1.670597e-02 9.995415e-01 -1.757005e+00
8.418748e-01 5.394585e-01 -1.521119e-02 7.338458e+01 -5.390731e-01 8.419335e-01 2.341073e-02 -9.005090e+00 2.543593e-02 -1.150897e-02 9.996102e-01 -1.768119e+00
8.312893e-01 5.556116e-01 -1.593388e-02 7.367035e+01 -5.552390e-01 8.313817e-01 2.267099e-02 -9.209365e+00 2.584341e-02 -9.999040e-03 9.996160e-01 -1.787891e+00
8.212049e-01 5.703892e-01 -1.669498e-02 7.394843e+01 -5.699950e-01 8.213185e-01 2.326725e-02 -9.415030e+00 2.698329e-02 -9.591123e-03 9.995899e-01 -1.794611e+00
8.111282e-01 5.846395e-01 -1.636317e-02 7.421654e+01 -5.842455e-01 8.112379e-01 2.345297e-02 -9.618964e+00 2.698596e-02 -9.463257e-03 9.995910e-01 -1.805470e+00
8.013746e-01 5.979829e-01 -1.467263e-02 7.447896e+01 -5.976187e-01 8.014507e-01 2.299162e-02 -9.837387e+00 2.550799e-02 -9.656259e-03 9.996280e-01 -1.818380e+00
7.926426e-01 6.095161e-01 -1.441964e-02 7.473917e+01 -6.091700e-01 7.927229e-01 2.241353e-02 -1.005099e+01 2.509218e-02 -8.981903e-03 9.996448e-01 -1.831686e+00
7.843989e-01 6.200910e-01 -1.433841e-02 7.499767e+01 -6.197388e-01 7.844790e-01 2.272744e-02 -1.026592e+01 2.534126e-02 -8.941310e-03 9.996389e-01 -1.862785e+00
7.758881e-01 6.306449e-01 -1.687299e-02 7.524641e+01 -6.302890e-01 7.760438e-01 2.217840e-02 -1.048391e+01 2.708087e-02 -6.573092e-03 9.996116e-01 -1.873349e+00
7.673525e-01 6.409254e-01 -1.961838e-02 7.550572e+01 -6.405437e-01 7.675880e-01 2.262959e-02 -1.069464e+01 2.956271e-02 -4.798440e-03 9.995514e-01 -1.893327e+00
7.598022e-01 6.498335e-01 -2.042191e-02 7.576012e+01 -6.494446e-01 7.600656e-01 2.284851e-02 -1.092332e+01 3.036972e-02 -4.097447e-03 9.995303e-01 -1.885477e+00
7.523518e-01 6.584727e-01 -1.950712e-02 7.599294e+01 -6.580790e-01 7.525902e-01 2.323417e-02 -1.115038e+01 2.997994e-02 -4.643043e-03 9.995397e-01 -1.905510e+00
7.450259e-01 6.667677e-01 -1.889862e-02 7.623578e+01 -6.663464e-01 7.452450e-01 2.433766e-02 -1.137996e+01 3.031167e-02 -5.539157e-03 9.995251e-01 -1.918871e+00
7.382027e-01 6.743578e-01 -1.727328e-02 7.647574e+01 -6.739095e-01 7.383687e-01 2.564191e-02 -1.160229e+01 3.004588e-02 -7.288300e-03 9.995220e-01 -1.932984e+00
7.312982e-01 6.818548e-01 -1.664015e-02 7.670359e+01 -6.813672e-01 7.314379e-01 2.715177e-02 -1.183484e+01 3.068480e-02 -8.517992e-03 9.994928e-01 -1.947664e+00
7.250356e-01 6.885279e-01 -1.589268e-02 7.693781e+01 -6.880192e-01 7.251483e-01 2.809728e-02 -1.206612e+01 3.087031e-02 -9.437058e-03 9.994789e-01 -1.962157e+00
7.191448e-01 6.946821e-01 -1.573445e-02 7.716606e+01 -6.941025e-01 7.192336e-01 3.041066e-02 -1.230174e+01 3.244248e-02 -1.094835e-02 9.994136e-01 -1.984819e+00
7.128123e-01 7.011179e-01 -1.822591e-02 7.739704e+01 -7.004703e-01 7.129776e-01 3.168887e-02 -1.254161e+01 3.521230e-02 -9.821505e-03 9.993316e-01 -2.003506e+00
7.071495e-01 7.067946e-01 -1.951852e-02 7.762301e+01 -7.060763e-01 7.073510e-01 3.332613e-02 -1.277549e+01 3.736118e-02 -9.784993e-03 9.992539e-01 -2.012152e+00
7.025355e-01 7.113741e-01 -1.976926e-02 7.784779e+01 -7.106084e-01 7.027394e-01 3.454393e-02 -1.300552e+01 3.846629e-02 -1.022014e-02 9.992076e-01 -2.019096e+00
6.977807e-01 7.160929e-01 -1.769177e-02 7.808521e+01 -7.152866e-01 6.978906e-01 3.624843e-02 -1.325180e+01 3.830417e-02 -1.263877e-02 9.991862e-01 -2.035625e+00
6.937821e-01 7.199908e-01 -1.672286e-02 7.830235e+01 -7.191696e-01 6.938498e-01 3.698101e-02 -1.349914e+01 3.822914e-02 -1.363019e-02 9.991760e-01 -2.050541e+00
6.903870e-01 7.232732e-01 -1.554412e-02 7.853375e+01 -7.224557e-01 6.904088e-01 3.732832e-02 -1.374316e+01 3.773038e-02 -1.454105e-02 9.991822e-01 -2.076013e+00
6.873852e-01 7.261060e-01 -1.647830e-02 7.877161e+01 -7.252609e-01 6.874409e-01 3.770689e-02 -1.399559e+01 3.870706e-02 -1.396809e-02 9.991530e-01 -2.087416e+00
6.846382e-01 7.287146e-01 -1.566811e-02 7.899833e+01 -7.278690e-01 6.846611e-01 3.802248e-02 -1.424975e+01 3.843489e-02 -1.462730e-02 9.991540e-01 -2.108765e+00
6.822635e-01 7.309241e-01 -1.632490e-02 7.923222e+01 -7.300330e-01 6.823015e-01 3.894129e-02 -1.450593e+01 3.960163e-02 -1.465051e-02 9.991081e-01 -2.126296e+00
6.800706e-01 7.329851e-01 -1.539097e-02 7.946943e+01 -7.320836e-01 6.800649e-01 3.956206e-02 -1.476353e+01 3.946526e-02 -1.563751e-02 9.990986e-01 -2.143837e+00
6.789150e-01 7.340664e-01 -1.486343e-02 7.969033e+01 -7.331276e-01 6.788710e-01 4.071720e-02 -1.501402e+01 3.997948e-02 -1.674673e-02 9.990602e-01 -2.164871e+00
6.772476e-01 7.355930e-01 -1.544476e-02 7.991967e+01 -7.346554e-01 6.772336e-01 4.044715e-02 -1.526811e+01 4.021235e-02 -1.604616e-02 9.990623e-01 -2.184103e+00
6.753188e-01 7.373587e-01 -1.570319e-02 8.015185e+01 -7.363777e-01 6.753021e-01 4.141122e-02 -1.552964e+01 4.113933e-02 -1.640229e-02 9.990188e-01 -2.210229e+00
6.745882e-01 7.380127e-01 -1.637297e-02 8.038303e+01 -7.369888e-01 6.745881e-01 4.217490e-02 -1.578288e+01 4.217061e-02 -1.638399e-02 9.989761e-01 -2.218454e+00
6.738205e-01 7.387212e-01 -1.603128e-02 8.060966e+01 -7.376837e-01 6.737993e-01 4.263089e-02 -1.603678e+01 4.229420e-02 -1.689955e-02 9.989623e-01 -2.244747e+00
6.735607e-01 7.389661e-01 -1.565180e-02 8.083725e+01 -7.379457e-01 6.735283e-01 4.237717e-02 -1.628673e+01 4.185722e-02 -1.699342e-02 9.989791e-01 -2.254884e+00
6.733145e-01 7.391962e-01 -1.538101e-02 8.105945e+01 -7.381685e-01 6.732662e-01 4.266186e-02 -1.654235e+01 4.189100e-02 -1.737107e-02 9.989712e-01 -2.281573e+00
6.732703e-01 7.392336e-01 -1.551267e-02 8.128069e+01 -7.382076e-01 6.732291e-01 4.256752e-02 -1.678813e+01 4.191092e-02 -1.720788e-02 9.989731e-01 -2.301577e+00
6.729578e-01 7.395041e-01 -1.617104e-02 8.150854e+01 -7.384636e-01 6.729435e-01 4.264406e-02 -1.702809e+01 4.241765e-02 -1.675593e-02 9.989594e-01 -2.324135e+00
6.725786e-01 7.398505e-01 -1.610204e-02 8.171842e+01 -7.388132e-01 6.725626e-01 4.259604e-02 -1.727846e+01 4.234434e-02 -1.675279e-02 9.989626e-01 -2.340528e+00
6.724092e-01 7.400075e-01 -1.596206e-02 8.193197e+01 -7.389642e-01 6.723843e-01 4.279554e-02 -1.752170e+01 4.240166e-02 -1.698072e-02 9.989563e-01 -2.355430e+00
6.720364e-01 7.403674e-01 -1.493800e-02 8.214151e+01 -7.393448e-01 6.719700e-01 4.272415e-02 -1.775394e+01 4.166945e-02 -1.766785e-02 9.989752e-01 -2.380074e+00
6.720005e-01 7.403896e-01 -1.544424e-02 8.234086e+01 -7.393687e-01 6.719598e-01 4.247197e-02 -1.798125e+01 4.182371e-02 -1.712219e-02 9.989783e-01 -2.392863e+00
6.715833e-01 7.407874e-01 -1.448860e-02 8.255129e+01 -7.397814e-01 6.715027e-01 4.251392e-02 -1.821145e+01 4.122291e-02 -1.783324e-02 9.989908e-01 -2.415817e+00
6.715055e-01 7.408301e-01 -1.584828e-02 8.275017e+01 -7.398046e-01 6.714834e-01 4.241811e-02 -1.843904e+01 4.206647e-02 -1.675937e-02 9.989743e-01 -2.431648e+00
6.713805e-01 7.409385e-01 -1.607453e-02 8.295365e+01 -7.398940e-01 6.713620e-01 4.277628e-02 -1.866797e+01 4.248643e-02 -1.682571e-02 9.989554e-01 -2.454917e+00
6.719680e-01 7.404063e-01 -1.604899e-02 8.315055e+01 -7.393598e-01 6.719466e-01 4.283588e-02 -1.888280e+01 4.250002e-02 -1.691836e-02 9.989532e-01 -2.464682e+00
6.722869e-01 7.401243e-01 -1.569651e-02 8.334165e+01 -7.390780e-01 6.722479e-01 4.297100e-02 -1.910070e+01 4.235582e-02 -1.728789e-02 9.989530e-01 -2.489947e+00
6.727648e-01 7.396884e-01 -1.576732e-02 8.353745e+01 -7.386097e-01 6.727152e-01 4.370409e-02 -1.931484e+01 4.293433e-02 -1.775667e-02 9.989201e-01 -2.501206e+00
6.737245e-01 7.388254e-01 -1.523687e-02 8.372913e+01 -7.377486e-01 6.736478e-01 4.388436e-02 -1.952958e+01 4.268716e-02 -1.832499e-02 9.989204e-01 -2.518972e+00
6.738977e-01 7.386472e-01 -1.619403e-02 8.390299e+01 -7.375724e-01 6.738694e-01 4.344002e-02 -1.973061e+01 4.299951e-02 -1.732986e-02 9.989248e-01 -2.542371e+00
6.742972e-01 7.382529e-01 -1.748940e-02 8.410249e+01 -7.371525e-01 6.743231e-01 4.352452e-02 -1.993843e+01 4.392561e-02 -1.645611e-02 9.988993e-01 -2.555144e+00
6.754665e-01 7.371783e-01 -1.769534e-02 8.428431e+01 -7.360451e-01 6.754889e-01 4.418625e-02 -2.014976e+01 4.452614e-02 -1.682177e-02 9.988666e-01 -2.571128e+00
6.765990e-01 7.361336e-01 -1.792176e-02 8.446712e+01 -7.350264e-01 6.766407e-01 4.351444e-02 -2.033658e+01 4.415903e-02 -1.626886e-02 9.988920e-01 -2.584967e+00
6.768957e-01 7.358675e-01 -1.764203e-02 8.464514e+01 -7.347573e-01 6.769218e-01 4.368637e-02 -2.053915e+01 4.408966e-02 -1.660851e-02 9.988895e-01 -2.600379e+00
6.778049e-01 7.350201e-01 -1.805302e-02 8.482703e+01 -7.338958e-01 6.778451e-01 4.384846e-02 -2.073289e+01 4.446666e-02 -1.647167e-02 9.988751e-01 -2.617901e+00
6.780373e-01 7.348092e-01 -1.791119e-02 8.499863e+01 -7.336863e-01 6.780703e-01 4.387290e-02 -2.092883e+01 4.438326e-02 -1.660627e-02 9.988766e-01 -2.634548e+00
6.786025e-01 7.342495e-01 -1.940021e-02 8.516780e+01 -7.330980e-01 6.787001e-01 4.397367e-02 -2.111385e+01 4.545457e-02 -1.561838e-02 9.988443e-01 -2.653943e+00
6.793487e-01 7.335489e-01 -1.978432e-02 8.533611e+01 -7.323982e-01 6.794649e-01 4.382272e-02 -2.130219e+01 4.558886e-02 -1.528091e-02 9.988434e-01 -2.665657e+00
6.799909e-01 7.329441e-01 -2.013293e-02 8.550747e+01 -7.317598e-01 6.801126e-01 4.443250e-02 -2.148564e+01 4.625920e-02 -1.548123e-02 9.988095e-01 -2.684444e+00
6.802380e-01 7.327021e-01 -2.058709e-02 8.567010e+01 -7.314848e-01 6.803719e-01 4.499074e-02 -2.165959e+01 4.697169e-02 -1.554527e-02 9.987752e-01 -2.696390e+00
6.806540e-01 7.323083e-01 -2.085219e-02 8.584123e+01 -7.310333e-01 6.807820e-01 4.611050e-02 -2.184184e+01 4.796289e-02 -1.614165e-02 9.987187e-01 -2.707219e+00
6.810709e-01 7.319075e-01 -2.130402e-02 8.600352e+01 -7.305938e-01 6.812096e-01 4.675904e-02 -2.202209e+01 4.873579e-02 -1.628164e-02 9.986790e-01 -2.728007e+00
6.814564e-01 7.315531e-01 -2.114799e-02 8.616518e+01 -7.302541e-01 6.815907e-01 4.650675e-02 -2.219443e+01 4.843643e-02 -1.624892e-02 9.986941e-01 -2.738021e+00
