1.000000e+00 0.000000e+00 0.000000e+00 0.000000e+00 0.000000e+00 1.000000e+00 0.000000e+00 0.000000e+00 0.000000e+00 0.000000e+00 1.000000e+00 0.000000e+00
9.999942e-01 -6.682280e-05 -3.392620e-03 1.472801e+00 5.838518e-05 9.999969e-01 -2.487092e-03 -6.487845e-03 3.392775e-03 2.486879e-03 9.999912e-01 3.946946e-03
9.999977e-01 2.013610e-03 6.543725e-04 2.896641e+00 -2.012835e-03 9.999974e-01 -1.182847e-03 -2.982788e-02 -6.567525e-04 1.181527e-03 9.999991e-01 -3.588747e-02
9.999956e-01 2.818258e-03 -9.130768e-04 4.325867e+00 -2.817497e-03 9.999957e-01 8.344236e-04 -5.668629e-02 9.154244e-04 -8.318473e-04 9.999992e-01 -4.553300e-02
9.999889e-01 4.474797e-03 1.484329e-03 5.753546e+00 -4.478619e-03 9.999865e-01 2.581600e-03 -7.742880e-02 -1.472757e-03 -2.588219e-03 9.999956e-01 -7.346620e-02
9.999792e-01 6.391099e-03 8.574111e-04 7.182203e+00 -6.394335e-03 9.999722e-01 3.826306e-03 -1.057278e-01 -8.329331e-04 -3.831709e-03 9.999923e-01 -1.130974e-01
9.999694e-01 7.449027e-03 2.391282e-03 8.603930e+00 -7.457856e-03 9.999654e-01 3.704891e-03 -1.289209e-01 -2.363601e-03 -3.722611e-03 9.999903e-01 -1.231940e-01
9.999464e-01 9.616080e-03 -3.842590e-03 1.005341e+01 -9.606254e-03 9.999504e-01 2.567373e-03 -1.622394e-01 3.867088e-03 -2.530322e-03 9.999893e-01 -1.789178e-01
9.999278e-01 1.122587e-02 -4.276661e-03 1.150017e+01 -1.121649e-02 9.999346e-01 2.210348e-03 -1.922902e-01 4.301195e-03 -2.162219e-03 9.999884e-01 -1.958773e-01
9.998670e-01 1.218900e-02 -1.084087e-02 1.295837e+01 -1.215711e-02 9.999217e-01 3.002420e-03 -2.151865e-01 1.087662e-02 -2.870227e-03 9.999367e-01 -2.254739e-01
9.998510e-01 1.398928e-02 -1.011497e-02 1.440853e+01 -1.396294e-02 9.998990e-01 2.670138e-03 -2.438787e-01 1.015130e-02 -2.528505e-03 9.999453e-01 -2.752320e-01
9.997889e-01 1.579604e-02 -1.313989e-02 1.589447e+01 -1.575938e-02 9.998716e-01 2.888848e-03 -2.835737e-01 1.318383e-02 -2.681161e-03 9.999095e-01 -2.803844e-01
9.998217e-01 1.653524e-02 -9.119801e-03 1.734287e+01 -1.649637e-02 9.998546e-01 4.321142e-03 -3.258715e-01 9.189926e-03 -4.169927e-03 9.999491e-01 -3.165407e-01
9.997759e-01 1.728138e-02 -1.222266e-02 1.881676e+01 -1.722490e-02 9.998406e-01 4.711122e-03 -3.748495e-01 1.230212e-02 -4.499532e-03 9.999142e-01 -3.694278e-01
9.998057e-01 1.804537e-02 -7.929887e-03 2.026740e+01 -1.799644e-02 9.998187e-01 6.199517e-03 -4.115897e-01 8.040323e-03 -6.055603e-03 9.999493e-01 -3.622436e-01
9.997532e-01 1.890203e-02 -1.167054e-02 2.171197e+01 -1.881484e-02 9.997945e-01 7.535913e-03 -4.562308e-01 1.181059e-02 -7.314475e-03 9.999035e-01 -4.386748e-01
9.997813e-01 1.941122e-02 -7.788017e-03 2.316357e+01 -1.935005e-02 9.997820e-01 7.855252e-03 -4.991347e-01 7.938799e-03 -7.702836e-03 9.999388e-01 -4.373275e-01
9.997303e-01 1.979751e-02 -1.213795e-02 2.458278e+01 -1.965932e-02 9.997417e-01 1.140014e-02 -5.436234e-01 1.236051e-02 -1.115845e-02 9.998614e-01 -5.002481e-01
9.997672e-01 2.009395e-02 -7.864329e-03 2.602680e+01 -1.999902e-02 9.997283e-01 1.196918e-02 -5.830697e-01 8.102701e-03 -1.180911e-02 9.998974e-01 -5.164961e-01
9.996997e-01 2.122636e-02 -1.224495e-02 2.748314e+01 -2.104105e-02 9.996649e-01 1.506866e-02 -6.389422e-01 1.256070e-02 -1.480649e-02 9.998115e-01 -5.820036e-01
9.997212e-01 2.216368e-02 -8.143802e-03 2.894907e+01 -2.203805e-02 9.996414e-01 1.520595e-02 -6.841702e-01 8.477903e-03 -1.502223e-02 9.998512e-01 -6.174149e-01
9.996725e-01 2.301331e-02 -1.119387e-02 3.037523e+01 -2.281387e-02 9.995843e-01 1.762981e-02 -7.344030e-01 1.159494e-02 -1.736866e-02 9.997819e-01 -6.679632e-01
9.996575e-01 2.393514e-02 -1.058416e-02 3.185691e+01 -2.373677e-02 9.995472e-01 1.848688e-02 -7.836578e-01 1.102185e-02 -1.822932e-02 9.997731e-01 -7.246453e-01
9.996189e-01 2.463545e-02 -1.245480e-02 3.333253e+01 -2.439931e-02 9.995261e-01 1.876890e-02 -8.353620e-01 1.291128e-02 -1.845786e-02 9.997463e-01 -7.783720e-01
9.996012e-01 2.554465e-02 -1.203915e-02 3.477850e+01 -2.532427e-02 9.995149e-01 1.811556e-02 -8.807521e-01 1.249607e-02 -1.780345e-02 9.997634e-01 -8.204634e-01
9.995346e-01 2.655293e-02 -1.501852e-02 3.627621e+01 -2.626585e-02 9.994743e-01 1.899985e-02 -9.382061e-01 1.551513e-02 -1.859654e-02 9.997067e-01 -9.214588e-01
9.995369e-01 2.770722e-02 -1.258178e-02 3.774986e+01 -2.750431e-02 9.994932e-01 1.602433e-02 -9.918826e-01 1.301939e-02 -1.567085e-02 9.997925e-01 -9.079828e-01
9.994212e-01 2.919318e-02 -1.746508e-02 3.920242e+01 -2.890026e-02 9.994411e-01 1.679522e-02 -1.043288e+00 1.794563e-02 -1.628076e-02 9.997064e-01 -9.855882e-01
9.994900e-01 3.029574e-02 -1.009061e-02 4.066547e+01 -3.010473e-02 9.993740e-01 1.857293e-02 -1.120209e+00 1.064698e-02 -1.825968e-02 9.997766e-01 -1.045437e+00
9.994830e-01 3.096780e-02 -8.640924e-03 4.214274e+01 -3.076934e-02 9.992795e-01 2.222584e-02 -1.170702e+00 9.322981e-03 -2.194848e-02 9.997156e-01 -1.052036e+00
9.994801e-01 3.167333e-02 -6.022381e-03 4.360291e+01 -3.150712e-02 9.991671e-01 2.593742e-02 -1.240830e+00 6.838888e-03 -2.573419e-02 9.996454e-01 -1.147197e+00
9.994658e-01 3.262201e-02 -2.001018e-03 4.507957e+01 -3.255909e-02 9.991322e-01 2.598466e-02 -1.317925e+00 2.846953e-03 -2.590563e-02 9.996603e-01 -1.220340e+00
9.994347e-01 3.361892e-02 -2.440068e-04 4.653948e+01 -3.360251e-02 9.991270e-01 2.482376e-02 -1.377882e+00 1.078342e-03 -2.480153e-02 9.996918e-01 -1.259943e+00
9.993665e-01 3.535641e-02 4.072394e-03 4.798805e+01 -3.545352e-02 9.990081e-01 2.694256e-02 -1.450756e+00 -3.115762e-03 -2.706988e-02 9.996287e-01 -1.339086e+00
9.992987e-01 3.714686e-02 4.715254e-03 4.945830e+01 -3.726514e-02 9.989091e-01 2.813680e-02 -1.532302e+00 -3.664917e-03 -2.829279e-02 9.995930e-01 -1.393225e+00
9.992057e-01 3.914535e-02 7.458196e-03 5.092440e+01 -3.934293e-02 9.988194e-01 2.849867e-02 -1.604697e+00 -6.333800e-03 -2.876946e-02 9.995660e-01 -1.489622e+00
9.990857e-01 4.135139e-02 1.085940e-02 5.238445e+01 -4.164435e-02 9.987316e-01 2.830175e-02 -1.686482e+00 -9.675312e-03 -2.872810e-02 9.995404e-01 -1.523067e+00
9.989867e-01 4.345152e-02 1.173181e-02 5.382454e+01 -4.377847e-02 9.986138e-01 2.922177e-02 -1.767012e+00 -1.044582e-02 -2.970576e-02 9.995041e-01 -1.607382e+00
9.988911e-01 4.489669e-02 1.417710e-02 5.527287e+01 -4.531104e-02 9.985104e-01 3.040080e-02 -1.852174e+00 -1.279109e-02 -3.100947e-02 9.994372e-01 -1.682117e+00
9.987823e-01 4.726093e-02 1.415490e-02 5.671326e+01 -4.770493e-02 9.983205e-01 3.287098e-02 -1.937664e+00 -1.257762e-02 -3.350621e-02 9.993594e-01 -1.753586e+00
9.987025e-01 4.897365e-02 1.395972e-02 5.815964e+01 -4.937885e-02 9.983193e-01 3.033270e-02 -2.023748e+00 -1.245076e-02 -3.098266e-02 9.994424e-01 -1.799793e+00
9.986089e-01 5.052603e-02 1.507852e-02 5.958580e+01 -5.099210e-02 9.981761e-01 3.231649e-02 -2.110113e+00 -1.341819e-02 -3.304042e-02 9.993640e-01 -1.906365e+00
9.985590e-01 5.186912e-02 1.376863e-02 6.100908e+01 -5.228324e-02 9.981306e-01 3.164710e-02 -2.208476e+00 -1.210139e-02 -3.232136e-02 9.994043e-01 -1.955438e+00
9.984712e-01 5.347252e-02 1.399685e-02 6.242234e+01 -5.391623e-02 9.979827e-01 3.351795e-02 -2.297936e+00 -1.217633e-02 -3.422137e-02 9.993401e-01 -2.043257e+00
9.983765e-01 5.549509e-02 1.283198e-02 6.382911e+01 -5.591763e-02 9.978102e-01 3.532342e-02 -2.396521e+00 -1.084361e-02 -3.598361e-02 9.992936e-01 -2.108863e+00
9.983191e-01 5.705806e-02 1.016383e-02 6.524262e+01 -5.739477e-02 9.976778e-01 3.667273e-02 -2.480811e+00 -8.047754e-03 -3.719444e-02 9.992756e-01 -2.190393e+00
9.982406e-01 5.869000e-02 8.433917e-03 6.661624e+01 -5.896181e-02 9.975837e-01 3.674261e-02 -2.573323e+00 -6.257115e-03 -3.717524e-02 9.992892e-01 -2.273804e+00
9.981353e-01 6.073266e-02 6.126736e-03 6.799434e+01 -6.092488e-02 9.973929e-01 3.867463e-02 -2.677276e+00 -3.761950e-03 -3.897578e-02 9.992331e-01 -2.349019e+00
9.980500e-01 6.222010e-02 4.975411e-03 6.939209e+01 -6.236767e-02 9.972838e-01 3.918314e-02 -2.769697e+00 -2.523918e-03 -3.941704e-02 9.992197e-01 -2.424356e+00
9.979396e-01 6.412487e-02 2.134089e-03 7.077067e+01 -6.415874e-02 9.971249e-01 4.032225e-02 -2.885838e+00 4.577059e-04 -4.037609e-02 9.991844e-01 -2.507428e+00
9.978273e-01 6.585496e-02 1.963699e-03 7.214130e+01 -6.587989e-02 9.969759e-01 4.121912e-02 -2.984241e+00 7.567232e-04 -4.125893e-02 9.991482e-01 -2.587492e+00
9.977380e-01 6.721675e-02 -9.135811e-04 7.348286e+01 -6.711940e-02 9.968630e-01 4.194161e-02 -3.082424e+00 3.729894e-03 -4.178542e-02 9.991196e-01 -2.679193e+00
9.976578e-01 6.838606e-02 -1.505343e-03 7.482410e+01 -6.826490e-02 9.968036e-01 4.150081e-02 -3.181659e+00 4.338609e-03 -4.130084e-02 9.991373e-01 -2.759485e+00
9.975675e-01 6.966314e-02 -2.467389e-03 7.617007e+01 -6.949807e-02 9.966942e-01 4.208173e-02 -3.295530e+00 5.390778e-03 -4.180789e-02 9.991111e-01 -2.827134e+00
9.974899e-01 7.073916e-02 -3.134582e-03 7.747520e+01 -7.055269e-02 9.966710e-01 4.085701e-02 -3.402027e+00 6.014338e-03 -4.053331e-02 9.991601e-01 -2.933133e+00
9.973989e-01 7.194551e-02 -4.383877e-03 7.881085e+01 -7.170392e-02 9.965687e-01 4.134156e-02 -3.511625e+00 7.343175e-03 -4.091968e-02 9.991354e-01 -2.998287e+00
9.972995e-01 7.335286e-02 -3.612188e-03 8.011879e+01 -7.313487e-02 9.964221e-01 4.236306e-02 -3.617280e+00 6.706714e-03 -4.198448e-02 9.990957e-01 -3.066257e+00
9.972005e-01 7.459056e-02 -5.238708e-03 8.139658e+01 -7.430365e-02 9.963373e-01 4.232139e-02 -3.728827e+00 8.376295e-03 -4.181365e-02 9.990903e-01 -3.170030e+00
9.971374e-01 7.555974e-02 -2.783414e-03 8.268268e+01 -7.537045e-02 9.962255e-01 4.305780e-02 -3.836517e+00 6.026343e-03 -4.272475e-02 9.990687e-01 -3.214743e+00
9.970551e-01 7.653615e-02 -4.845455e-03 8.395651e+01 -7.625164e-02 9.961243e-01 4.384137e-02 -3.951467e+00 8.182125e-03 -4.334278e-02 9.990268e-01 -3.314142e+00
9.969740e-01 7.768720e-02 -2.759191e-03 8.524491e+01 -7.749398e-02 9.960413e-01 4.355084e-02 -4.063866e+00 6.131611e-03 -4.320523e-02 9.990474e-01 -3.399192e+00
9.968988e-01 7.864708e-02 -2.725636e-03 8.647522e+01 -7.844757e-02 9.959176e-01 4.465784e-02 -4.175670e+00 6.226717e-03 -4.430553e-02 9.989986e-01 -3.465287e+00
9.967955e-01 7.997873e-02 -1.449621e-03 8.771969e+01 -7.982794e-02 9.957490e-01 4.594880e-02 -4.290038e+00 5.118385e-03 -4.568584e-02 9.989427e-01 -3.564943e+00
9.967180e-01 8.094401e-02 -1.101999e-03 8.898756e+01 -8.080781e-02 9.956673e-01 4.600839e-02 -4.408894e+00 4.821328e-03 -4.576834e-02 9.989405e-01 -3.636212e+00
9.967000e-01 8.117263e-02 7.774937e-05 9.019665e+01 -8.108962e-02 9.956365e-01 4.617829e-02 -4.515978e+00 3.671003e-03 -4.603221e-02 9.989332e-01 -3.717216e+00
9.966248e-01 8.207367e-02 -1.678240e-03 9.141232e+01 -8.189433e-02 9.954451e-01 4.880888e-02 -4.626690e+00 5.676520e-03 -4.850671e-02 9.988067e-01 -3.802843e+00
9.965482e-01 8.300754e-02 -1.207584e-03 9.263120e+01 -8.284983e-02 9.953653e-01 4.882834e-02 -4.740208e+00 5.255108e-03 -4.855975e-02 9.988065e-01 -3.882538e+00
9.964674e-01 8.391764e-02 -3.248285e-03 9.384206e+01 -8.366827e-02 9.953521e-01 4.768520e-02 -4.852504e+00 7.234816e-03 -4.724497e-02 9.988571e-01 -3.965570e+00
9.964279e-01 8.432037e-02 -4.638857e-03 9.503514e+01 -8.399896e-02 9.952910e-01 4.837207e-02 -4.963763e+00 8.695763e-03 -4.780962e-02 9.988186e-01 -4.047071e+00
9.963695e-01 8.493027e-02 -5.879547e-03 9.623137e+01 -8.454278e-02 9.952148e-01 4.898699e-02 -5.075804e+00 1.001189e-02 -4.831208e-02 9.987821e-01 -4.134047e+00
9.963006e-01 8.562940e-02 -7.267022e-03 9.742344e+01 -8.517009e-02 9.951439e-01 4.934182e-02 -5.185724e+00 1.145684e-02 -4.854035e-02 9.987555e-01 -4.215570e+00
9.962122e-01 8.645783e-02 -9.286602e-03 9.861531e+01 -8.587395e-02 9.949878e-01 5.123511e-02 -5.305532e+00 1.366973e-02 -5.024357e-02 9.986435e-01 -4.303565e+00
9.961699e-01 8.676599e-02 -1.083037e-02 9.980580e+01 -8.608100e-02 9.948903e-01 5.275517e-02 -5.414085e+00 1.535239e-02 -5.162082e-02 9.985487e-01 -4.375727e+00
9.961627e-01 8.686061e-02 -1.073001e-02 1.009819e+02 -8.617060e-02 9.948475e-01 5.341409e-02 -5.526107e+00 1.531430e-02 -5.228451e-02 9.985148e-01 -4.464262e+00
9.961945e-01 8.637569e-02 -1.164568e-02 1.021738e+02 -8.562956e-02 9.948648e-01 5.396149e-02 -5.638063e+00 1.624683e-02 -5.275892e-02 9.984751e-01 -4.549254e+00
9.961632e-01 8.665276e-02 -1.225091e-02 1.033512e+02 -8.585391e-02 9.947793e-01 5.516795e-02 -5.753609e+00 1.696740e-02 -5.390450e-02 9.984019e-01 -4.642230e+00
9.961733e-01 8.656145e-02 -1.207539e-02 1.045143e+02 -8.576863e-02 9.947747e-01 5.537931e-02 -5.862472e+00 1.680600e-02 -5.413171e-02 9.983923e-01 -4.720569e+00
9.961529e-01 8.649494e-02 -1.406823e-02 1.057062e+02 -8.558755e-02 9.947697e-01 5.574736e-02 -5.979483e+00 1.881651e-02 -5.432883e-02 9.983458e-01 -4.801142e+00
9.962403e-01 8.577277e-02 -1.217588e-02 1.068614e+02 -8.494641e-02 9.947481e-01 5.710046e-02 -6.091174e+00 1.700960e-02 -5.585149e-02 9.982942e-01 -4.899875e+00
9.962389e-01 8.556963e-02 -1.362941e-02 1.080377e+02 -8.466019e-02 9.947653e-01 5.722284e-02 -6.198218e+00 1.845461e-02 -5.585375e-02 9.982684e-01 -4.969720e+00
9.962869e-01 8.505153e-02 -1.336701e-02 1.092075e+02 -8.415744e-02 9.948078e-01 5.722772e-02 -6.318072e+00 1.816491e-02 -5.589029e-02 9.982716e-01 -5.083799e+00
9.963149e-01 8.453874e-02 -1.448192e-02 1.103906e+02 -8.359144e-02 9.948802e-01 5.679605e-02 -6.422622e+00 1.920924e-02 -5.537619e-02 9.982808e-01 -5.140615e+00
9.963313e-01 8.417960e-02 -1.542175e-02 1.115451e+02 -8.315443e-02 9.948417e-01 5.810018e-02 -6.533853e+00 2.023305e-02 -5.660464e-02 9.981917e-01 -5.260664e+00
9.963064e-01 8.394363e-02 -1.808361e-02 1.127212e+02 -8.278240e-02 9.949082e-01 5.748700e-02 -6.637986e+00 2.281720e-02 -5.577766e-02 9.981825e-01 -5.325874e+00
9.963900e-01 8.282515e-02 -1.862643e-02 1.138941e+02 -8.162507e-02 9.949787e-01 5.792082e-02 -6.740918e+00 2.333020e-02 -5.619134e-02 9.981474e-01 -5.420491e+00
9.963682e-01 8.284167e-02 -1.968719e-02 1.150640e+02 -8.154281e-02 9.948909e-01 5.951948e-02 -6.849395e+00 2.451730e-02 -5.769797e-02 9.980330e-01 -5.510989e+00
9.964458e-01 8.199605e-02 -1.929939e-02 1.162332e+02 -8.065198e-02 9.947897e-01 6.235949e-02 -6.954824e+00 2.431206e-02 -6.058132e-02 9.978672e-01 -5.602204e+00
9.965230e-01 8.116913e-02 -1.880094e-02 1.173954e+02 -7.984285e-02 9.948184e-01 6.293878e-02 -7.063910e+00 2.381221e-02 -6.121882e-02 9.978403e-01 -5.687263e+00
9.965832e-01 8.022973e-02 -1.962484e-02 1.185719e+02 -7.884610e-02 9.948760e-01 6.328440e-02 -7.157425e+00 2.460157e-02 -6.152083e-02 9.978026e-01 -5.786726e+00
9.966109e-01 7.988476e-02 -1.962512e-02 1.197319e+02 -7.850400e-02 9.949090e-01 6.319078e-02 -7.272480e+00 2.457319e-02 -6.143597e-02 9.978085e-01 -5.883363e+00
9.966346e-01 7.935978e-02 -2.053092e-02 1.209073e+02 -7.791142e-02 9.949236e-01 6.369395e-02 -7.375908e+00 2.548144e-02 -6.188000e-02 9.977583e-01 -5.961686e+00
9.968345e-01 7.840876e-02 -1.315125e-02 1.220659e+02 -7.736328e-02 9.947581e-01 6.686603e-02 -7.481006e+00 1.832519e-02 -6.563694e-02 9.976753e-01 -6.060868e+00
9.968258e-01 7.848385e-02 -1.336216e-02 1.232299e+02 -7.739052e-02 9.946325e-01 6.868050e-02 -7.586607e+00 1.868074e-02 -6.742838e-02 9.975492e-01 -6.166658e+00
9.969037e-01 7.804029e-02 -9.626508e-03 1.244054e+02 -7.724272e-02 9.948363e-01 6.583503e-02 -7.694728e+00 1.471458e-02 -6.488761e-02 9.977841e-01 -6.260164e+00
9.969721e-01 7.727994e-02 -8.631843e-03 1.255765e+02 -7.659581e-02 9.951109e-01 6.235221e-02 -7.802999e+00 1.340821e-02 -6.150225e-02 9.980169e-01 -6.356191e+00
9.969245e-01 7.796461e-02 -7.944925e-03 1.267382e+02 -7.730942e-02 9.949962e-01 6.329120e-02 -7.901368e+00 1.283964e-02 -6.248233e-02 9.979635e-01 -6.460908e+00
9.968688e-01 7.850260e-02 -9.484820e-03 1.279195e+02 -7.771778e-02 9.948196e-01 6.552593e-02 -8.002807e+00 1.457964e-02 -6.458361e-02 9.978058e-01 -6.544952e+00
9.968137e-01 7.941427e-02 -7.472293e-03 1.290844e+02 -7.869155e-02 9.943913e-01 7.066691e-02 -8.115360e+00 1.304234e-02 -6.985374e-02 9.974720e-01 -6.645446e+00
9.967604e-01 8.015328e-02 -6.646689e-03 1.302687e+02 -7.945890e-02 9.941697e-01 7.289007e-02 -8.227277e+00 1.245032e-02 -7.212579e-02 9.973179e-01 -6.737531e+00
9.967486e-01 8.052216e-02 -2.911899e-03 1.314438e+02 -8.008622e-02 9.940314e-01 7.408105e-02 -8.338243e+00 8.859686e-03 -7.360698e-02 9.972480e-01 -6.856843e+00
9.967191e-01 8.093151e-02 -1.063720e-03 1.326259e+02 -8.063458e-02 9.940284e-01 7.352243e-02 -8.451569e+00 7.007651e-03 -7.319544e-02 9.972930e-01 -6.946395e+00
9.966763e-01 8.145691e-02 1.047221e-03 1.338051e+02 -8.131094e-02 9.939393e-01 7.398251e-02 -8.561364e+00 4.985513e-03 -7.382177e-02 9.972590e-01 -7.066584e+00
9.966345e-01 8.193885e-02 2.382784e-03 1.350031e+02 -8.188683e-02 9.938240e-01 7.488973e-02 -8.676018e+00 3.768309e-03 -7.483280e-02 9.971890e-01 -7.169407e+00
9.965921e-01 8.244170e-02 2.738539e-03 1.361851e+02 -8.241615e-02 9.938076e-01 7.452467e-02 -8.803270e+00 3.422360e-03 -7.449640e-02 9.972154e-01 -7.273359e+00
9.965865e-01 8.238027e-02 5.373008e-03 1.374017e+02 -8.255192e-02 9.938437e-01 7.389303e-02 -8.904079e+00 7.473987e-04 -7.408435e-02 9.972517e-01 -7.388159e+00
9.965365e-01 8.281259e-02 7.555085e-03 1.386157e+02 -8.314359e-02 9.938619e-01 7.297755e-02 -9.020061e+00 -1.465251e-03 -7.335296e-02 9.973050e-01 -7.485219e+00
9.965430e-01 8.281655e-02 6.589526e-03 1.398368e+02 -8.307689e-02 9.938473e-01 7.325396e-02 -9.144361e+00 -4.823420e-04 -7.354815e-02 9.972916e-01 -7.593568e+00
9.965026e-01 8.289257e-02 1.055259e-02 1.410333e+02 -8.344790e-02 9.937648e-01 7.394676e-02 -9.259599e+00 -4.357160e-03 -7.456873e-02 9.972063e-01 -7.718682e+00
9.964880e-01 8.337780e-02 7.725637e-03 1.422707e+02 -8.372097e-02 9.937581e-01 7.372532e-02 -9.376001e+00 -1.530360e-03 -7.411320e-02 9.972486e-01 -7.788958e+00
9.964495e-01 8.360587e-02 9.917091e-03 1.434892e+02 -8.411117e-02 9.937228e-01 7.375927e-02 -9.492147e+00 -3.688130e-03 -7.433154e-02 9.972268e-01 -7.942803e+00
9.964363e-01 8.386716e-02 8.998374e-03 1.447281e+02 -8.430581e-02 9.936424e-01 7.461402e-02 -9.619182e+00 -2.683500e-03 -7.510674e-02 9.971719e-01 -8.009893e+00
9.963922e-01 8.443550e-02 8.555673e-03 1.459574e+02 -8.484291e-02 9.934686e-01 7.630095e-02 -9.728531e+00 -2.057285e-03 -7.675156e-02 9.970481e-01 -8.146625e+00
9.963357e-01 8.508833e-02 8.671192e-03 1.471966e+02 -8.550293e-02 9.934037e-01 7.641041e-02 -9.855318e+00 -2.112359e-03 -7.687182e-02 9.970387e-01 -8.251793e+00
9.962913e-01 8.565303e-02 8.195062e-03 1.484490e+02 -8.602970e-02 9.933423e-01 7.661670e-02 -9.974347e+00 -1.578050e-03 -7.703757e-02 9.970269e-01 -8.366732e+00
9.962668e-01 8.602407e-02 7.235088e-03 1.496946e+02 -8.632594e-02 9.932898e-01 7.696039e-02 -1.010057e+01 -5.660930e-04 -7.729767e-02 9.970079e-01 -8.483579e+00
9.962723e-01 8.597024e-02 7.113906e-03 1.509595e+02 -8.626321e-02 9.932379e-01 7.769855e-02 -1.021395e+01 -3.860381e-04 -7.802258e-02 9.969515e-01 -8.588199e+00
9.962959e-01 8.566706e-02 7.461916e-03 1.522105e+02 -8.598813e-02 9.932593e-01 7.773046e-02 -1.033879e+01 -7.526772e-04 -7.808417e-02 9.969465e-01 -8.709409e+00
9.963394e-01 8.508147e-02 8.296255e-03 1.534791e+02 -8.547024e-02 9.932679e-01 7.819098e-02 -1.046916e+01 -1.587800e-03 -7.861385e-02 9.969039e-01 -8.824430e+00
9.963869e-01 8.457809e-02 7.729405e-03 1.547518e+02 -8.492500e-02 9.932265e-01 7.930344e-02 -1.058176e+01 -9.697152e-04 -7.967333e-02 9.968206e-01 -8.952615e+00
9.964390e-01 8.396882e-02 7.650663e-03 1.560261e+02 -8.431117e-02 9.932970e-01 7.907413e-02 -1.070372e+01 -9.596199e-04 -7.943758e-02 9.968394e-01 -9.059208e+00
9.964952e-01 8.339826e-02 6.485293e-03 1.573000e+02 -8.364994e-02 9.933785e-01 7.875155e-02 -1.082890e+01 1.253919e-04 -7.901804e-02 9.968732e-01 -9.191936e+00
9.965326e-01 8.287556e-02 7.384688e-03 1.585950e+02 -8.319952e-02 9.934611e-01 7.818336e-02 -1.094704e+01 -8.569106e-04 -7.852667e-02 9.969116e-01 -9.308811e+00
9.965813e-01 8.231939e-02 7.017819e-03 1.598865e+02 -8.261641e-02 9.934841e-01 7.851240e-02 -1.107152e+01 -5.089988e-04 -7.882378e-02 9.968885e-01 -9.425874e+00
9.966246e-01 8.164787e-02 8.539165e-03 1.611835e+02 -8.206806e-02 9.934891e-01 7.902201e-02 -1.119073e+01 -2.031587e-03 -7.945608e-02 9.968363e-01 -9.548119e+00
9.966652e-01 8.099225e-02 9.937736e-03 1.624778e+02 -8.152641e-02 9.935173e-01 7.922582e-02 -1.132420e+01 -3.456636e-03 -7.977179e-02 9.968072e-01 -9.666596e+00
9.967015e-01 8.042971e-02 1.082043e-02 1.637535e+02 -8.103723e-02 9.935365e-01 7.948782e-02 -1.143062e+01 -4.357308e-03 -8.010249e-02 9.967771e-01 -9.786420e+00
9.967646e-01 7.961588e-02 1.102660e-02 1.650638e+02 -8.024594e-02 9.935408e-01 8.023188e-02 -1.155503e+01 -4.567645e-03 -8.085714e-02 9.967152e-01 -9.915251e+00
9.968034e-01 7.918760e-02 1.059745e-02 1.663521e+02 -7.979098e-02 9.934465e-01 8.183885e-02 -1.166158e+01 -4.047378e-03 -8.242283e-02 9.965892e-01 -1.003535e+01
9.968872e-01 7.842927e-02 8.046601e-03 1.676481e+02 -7.882702e-02 9.934268e-01 8.300417e-02 -1.177451e+01 -1.483751e-03 -8.338008e-02 9.965167e-01 -1.017007e+01
9.969332e-01 7.795340e-02 6.898960e-03 1.689233e+02 -7.825787e-02 9.932553e-01 8.555542e-02 -1.189846e+01 -1.830931e-04 -8.583292e-02 9.963095e-01 -1.030338e+01
9.969482e-01 7.786302e-02 5.614772e-03 1.702455e+02 -7.805856e-02 9.933437e-01 8.470584e-02 -1.201119e+01 1.018055e-03 -8.488563e-02 9.963902e-01 -1.042767e+01
9.969251e-01 7.807703e-02 6.666359e-03 1.715299e+02 -7.836111e-02 9.932841e-01 8.512382e-02 -1.214077e+01 2.462626e-05 -8.538446e-02 9.963481e-01 -1.056254e+01
9.969177e-01 7.820734e-02 6.224561e-03 1.728394e+02 -7.845421e-02 9.935030e-01 8.244098e-02 -1.224632e+01 2.633685e-04 -8.267521e-02 9.965765e-01 -1.067958e+01
9.968600e-01 7.876328e-02 8.153972e-03 1.741148e+02 -7.916944e-02 9.933652e-01 8.341272e-02 -1.238552e+01 -1.530013e-03 -8.379635e-02 9.964817e-01 -1.082780e+01
9.968159e-01 7.945119e-02 6.757146e-03 1.754132e+02 -7.973801e-02 9.932628e-01 8.408815e-02 -1.250011e+01 -3.071828e-05 -8.435921e-02 9.964354e-01 -1.094188e+01
9.968047e-01 7.977931e-02 3.953950e-03 1.767070e+02 -7.982504e-02 9.931433e-01 8.540615e-02 -1.261391e+01 2.886804e-03 -8.544887e-02 9.963384e-01 -1.108523e+01
9.967763e-01 8.020237e-02 2.110391e-03 1.780420e+02 -8.010177e-02 9.933498e-01 8.270220e-02 -1.272362e+01 4.536556e-03 -8.260464e-02 9.965721e-01 -1.121030e+01
9.967306e-01 8.079639e-02 4.152232e-05 1.793299e+02 -8.052962e-02 9.933976e-01 8.170880e-02 -1.285367e+01 6.560529e-03 -8.144501e-02 9.966562e-01 -1.134155e+01
9.966998e-01 8.117443e-02 -4.639705e-04 1.806291e+02 -8.088150e-02 9.935569e-01 7.939003e-02 -1.296404e+01 6.905422e-03 -7.909051e-02 9.968435e-01 -1.145833e+01
9.967272e-01 8.083319e-02 -9.155334e-04 1.819313e+02 -8.050255e-02 9.935541e-01 7.980929e-02 -1.309002e+01 7.360870e-03 -7.947438e-02 9.968097e-01 -1.158782e+01
9.967397e-01 8.067571e-02 -1.173096e-03 1.832348e+02 -8.033634e-02 9.936858e-01 7.832448e-02 -1.320084e+01 7.484573e-03 -7.797489e-02 9.969272e-01 -1.171658e+01
9.967160e-01 8.093199e-02 -2.673819e-03 1.845421e+02 -8.047561e-02 9.936806e-01 7.824691e-02 -1.333219e+01 8.989600e-03 -7.777477e-02 9.969304e-01 -1.183946e+01
9.966867e-01 8.131207e-02 -1.985073e-03 1.858502e+02 -8.092649e-02 9.938164e-01 7.602596e-02 -1.345521e+01 8.154627e-03 -7.561342e-02 9.971039e-01 -1.195529e+01
9.966549e-01 8.168022e-02 -2.705747e-03 1.871388e+02 -8.121111e-02 9.935517e-01 7.911803e-02 -1.356921e+01 9.150678e-03 -7.863364e-02 9.968616e-01 -1.207313e+01
9.966995e-01 8.117874e-02 -4.352261e-04 1.884700e+02 -8.086649e-02 9.933077e-01 8.246292e-02 -1.369498e+01 7.126549e-03 -8.215556e-02 9.965940e-01 -1.214141e+01
9.966980e-01 8.119259e-02 -9.846161e-04 1.897365e+02 -8.074418e-02 9.923286e-01 9.361652e-02 -1.381532e+01 8.578030e-03 -9.322790e-02 9.956079e-01 -1.236464e+01
9.966380e-01 8.183750e-02 -3.920865e-03 1.910137e+02 -8.110306e-02 9.922194e-01 9.446001e-02 -1.394011e+01 1.162073e-02 -9.382445e-02 9.955209e-01 -1.252131e+01
9.966503e-01 8.160704e-02 -5.326129e-03 1.923345e+02 -8.082874e-02 9.928660e-01 8.765618e-02 -1.405559e+01 1.244150e-02 -8.693206e-02 9.961365e-01 -1.261598e+01
9.966049e-01 8.181628e-02 -9.210143e-03 1.936469e+02 -8.082855e-02 9.935403e-01 7.965350e-02 -1.417682e+01 1.566760e-02 -7.863863e-02 9.967800e-01 -1.276462e+01
9.966301e-01 8.173473e-02 -6.926357e-03 1.949188e+02 -8.090958e-02 9.934286e-01 8.095214e-02 -1.429666e+01 1.349744e-02 -8.011892e-02 9.966939e-01 -1.291012e+01
9.965576e-01 8.211481e-02 -1.140578e-02 1.962078e+02 -8.090738e-02 9.933246e-01 8.222099e-02 -1.440578e+01 1.808120e-02 -8.101514e-02 9.965488e-01 -1.300054e+01
9.965494e-01 8.211019e-02 -1.213146e-02 1.974829e+02 -8.082476e-02 9.932466e-01 8.323808e-02 -1.452614e+01 1.888422e-02 -8.197033e-02 9.964558e-01 -1.316304e+01
9.965174e-01 8.204731e-02 -1.487746e-02 1.987681e+02 -8.056399e-02 9.933708e-01 8.200148e-02 -1.463758e+01 2.150683e-02 -8.051731e-02 9.965212e-01 -1.327096e+01
9.965319e-01 8.178206e-02 -1.535861e-02 2.000416e+02 -8.028883e-02 9.934971e-01 8.072770e-02 -1.475378e+01 2.186081e-02 -7.921461e-02 9.966179e-01 -1.340730e+01
9.965326e-01 8.160512e-02 -1.622776e-02 2.012913e+02 -8.005017e-02 9.935399e-01 8.043852e-02 -1.486651e+01 2.268712e-02 -7.886057e-02 9.966274e-01 -1.353365e+01
9.965931e-01 8.070280e-02 -1.701013e-02 2.025690e+02 -7.908674e-02 9.936099e-01 8.052841e-02 -1.497847e+01 2.340030e-02 -7.890877e-02 9.966072e-01 -1.364388e+01
9.966023e-01 7.990147e-02 -1.998955e-02 2.038124e+02 -7.801831e-02 9.935874e-01 8.183610e-02 -1.508347e+01 2.640019e-02 -7.999849e-02 9.964453e-01 -1.377785e+01
9.965452e-01 8.020664e-02 -2.155510e-02 2.050876e+02 -7.817233e-02 9.935017e-01 8.272591e-02 -1.520610e+01 2.805020e-02 -8.075510e-02 9.963392e-01 -1.388381e+01
9.965081e-01 7.963575e-02 -2.509304e-02 2.063530e+02 -7.723047e-02 9.933426e-01 8.547381e-02 -1.530903e+01 3.173276e-02 -8.323739e-02 9.960244e-01 -1.398095e+01
9.965155e-01 7.996430e-02 -2.372158e-02 2.076019e+02 -7.782882e-02 9.937270e-01 8.030886e-02 -1.543371e+01 2.999461e-02 -7.818279e-02 9.964877e-01 -1.413762e+01
9.964482e-01 7.940625e-02 -2.802985e-02 2.088706e+02 -7.688291e-02 9.936751e-01 8.184725e-02 -1.553579e+01 3.435174e-02 -7.940152e-02 9.962506e-01 -1.424028e+01
9.966722e-01 7.876544e-02 -2.098792e-02 2.101136e+02 -7.682758e-02 9.937453e-01 8.104108e-02 -1.565268e+01 2.723988e-02 -7.915895e-02 9.964898e-01 -1.441358e+01
9.965907e-01 7.798436e-02 -2.693143e-02 2.113480e+02 -7.548121e-02 9.936043e-01 8.398065e-02 -1.575293e+01 3.330837e-02 -8.166152e-02 9.961034e-01 -1.452543e+01
9.967930e-01 7.737475e-02 -2.041691e-02 2.125952e+02 -7.537720e-02 9.935166e-01 8.510702e-02 -1.586091e+01 2.686967e-02 -8.329511e-02 9.961626e-01 -1.464926e+01
9.966406e-01 7.672106e-02 -2.865817e-02 2.138616e+02 -7.402958e-02 9.935899e-01 8.543374e-02 -1.596355e+01 3.502904e-02 -8.302519e-02 9.959316e-01 -1.477336e+01
9.968238e-01 7.553393e-02 -2.523890e-02 2.151038e+02 -7.315261e-02 9.937139e-01 8.474443e-02 -1.606386e+01 3.148132e-02 -8.262897e-02 9.960830e-01 -1.491435e+01
9.968208e-01 7.407241e-02 -2.935157e-02 2.163596e+02 -7.131011e-02 9.937373e-01 8.603010e-02 -1.616872e+01 3.554020e-02 -8.366352e-02 9.958601e-01 -1.504326e+01
9.969106e-01 7.326558e-02 -2.830976e-02 2.176207e+02 -7.061084e-02 9.938314e-01 8.551661e-02 -1.626803e+01 3.440056e-02 -8.325344e-02 9.959345e-01 -1.515458e+01
9.968371e-01 7.247215e-02 -3.261168e-02 2.188550e+02 -6.943593e-02 9.938564e-01 8.618420e-02 -1.637197e+01 3.865729e-02 -8.364718e-02 9.957453e-01 -1.530456e+01
9.969824e-01 7.096665e-02 -3.146248e-02 2.201180e+02 -6.812997e-02 9.941719e-01 8.354922e-02 -1.645619e+01 3.720832e-02 -8.115356e-02 9.960068e-01 -1.541129e+01
9.968135e-01 7.071828e-02 -3.690089e-02 2.213603e+02 -6.740313e-02 9.941460e-01 8.444124e-02 -1.655805e+01 4.265642e-02 -8.168495e-02 9.957449e-01 -1.555653e+01
9.968376e-01 7.052860e-02 -3.661266e-02 2.226293e+02 -6.727517e-02 9.942297e-01 8.355571e-02 -1.665578e+01 4.229446e-02 -8.082835e-02 9.958303e-01 -1.566014e+01
9.968060e-01 6.969716e-02 -3.898925e-02 2.238645e+02 -6.611838e-02 9.940493e-01 8.656819e-02 -1.675398e+01 4.479080e-02 -8.371378e-02 9.954827e-01 -1.580356e+01
9.967851e-01 6.955241e-02 -3.977375e-02 2.251291e+02 -6.600034e-02 9.942307e-01 8.455292e-02 -1.683471e+01 4.542514e-02 -8.165602e-02 9.956248e-01 -1.591956e+01
9.967554e-01 6.938515e-02 -4.079649e-02 2.263852e+02 -6.568862e-02 9.941390e-01 8.586506e-02 -1.693734e+01 4.651514e-02 -8.290660e-02 9.954712e-01 -1.605247e+01
9.966828e-01 6.933463e-02 -4.261602e-02 2.276364e+02 -6.563411e-02 9.943998e-01 8.283194e-02 -1.703340e+01 4.812049e-02 -7.976011e-02 9.956519e-01 -1.616959e+01
9.966921e-01 6.904211e-02 -4.287251e-02 2.288953e+02 -6.524595e-02 9.942943e-01 8.439103e-02 -1.712564e+01 4.845443e-02 -8.131461e-02 9.955100e-01 -1.630645e+01
9.966433e-01 6.910633e-02 -4.389124e-02 2.301508e+02 -6.527449e-02 9.943731e-01 8.343530e-02 -1.720875e+01 4.941018e-02 -8.029027e-02 9.955462e-01 -1.642286e+01
9.966016e-01 6.901582e-02 -4.496711e-02 2.314117e+02 -6.486920e-02 9.940124e-01 8.792722e-02 -1.731261e+01 5.076624e-02 -8.471143e-02 9.951114e-01 -1.656486e+01
9.967038e-01 6.823507e-02 -4.388105e-02 2.326859e+02 -6.408934e-02 9.938959e-01 8.979854e-02 -1.739932e+01 4.974060e-02 -8.669023e-02 9.949928e-01 -1.665381e+01
9.968640e-01 6.673003e-02 -4.253638e-02 2.339352e+02 -6.257813e-02 9.937518e-01 9.241971e-02 -1.749268e+01 4.843777e-02 -8.946802e-02 9.948112e-01 -1.682030e+01
9.970636e-01 6.525315e-02 -4.007820e-02 2.352221e+02 -6.146202e-02 9.940909e-01 8.947547e-02 -1.758842e+01 4.567992e-02 -8.674945e-02 9.951823e-01 -1.693924e+01
9.972250e-01 6.379693e-02 -3.837100e-02 2.364817e+02 -6.022022e-02 9.942914e-01 8.807824e-02 -1.768326e+01 4.377109e-02 -8.552311e-02 9.953743e-01 -1.708167e+01
9.973832e-01 6.222283e-02 -3.681060e-02 2.377906e+02 -5.892415e-02 9.946567e-01 8.476917e-02 -1.775712e+01 4.188849e-02 -8.237831e-02 9.957204e-01 -1.720423e+01
9.974908e-01 6.100099e-02 -3.593151e-02 2.390784e+02 -5.766216e-02 9.944865e-01 8.758856e-02 -1.786181e+01 4.107639e-02 -8.529690e-02 9.955085e-01 -1.733995e+01
9.975246e-01 6.002557e-02 -3.662741e-02 2.403679e+02 -5.658155e-02 9.944456e-01 8.874981e-02 -1.794353e+01 4.175122e-02 -8.645768e-02 9.953803e-01 -1.751153e+01
9.977103e-01 5.793804e-02 -3.489078e-02 2.416781e+02 -5.461734e-02 9.944800e-01 8.959204e-02 -1.803159e+01 3.988896e-02 -8.748126e-02 9.953672e-01 -1.761366e+01
9.978388e-01 5.535159e-02 -3.541109e-02 2.429975e+02 -5.202633e-02 9.946915e-01 8.878178e-02 -1.811319e+01 4.013732e-02 -8.674759e-02 9.954215e-01 -1.772298e+01
9.979697e-01 5.278391e-02 -3.564182e-02 2.442937e+02 -4.936848e-02 9.946522e-01 9.071888e-02 -1.817824e+01 4.023971e-02 -8.877511e-02 9.952385e-01 -1.789021e+01
9.980900e-01 5.044365e-02 -3.566320e-02 2.456214e+02 -4.702837e-02 9.947523e-01 9.086143e-02 -1.826327e+01 4.005944e-02 -8.901071e-02 9.952248e-01 -1.802582e+01
9.982249e-01 4.850247e-02 -3.456427e-02 2.469325e+02 -4.513559e-02 9.947077e-01 9.230065e-02 -1.834397e+01 3.885815e-02 -9.057672e-02 9.951311e-01 -1.816825e+01
9.983778e-01 4.610306e-02 -3.341136e-02 2.482901e+02 -4.297616e-02 9.951106e-01 8.892789e-02 -1.840788e+01 3.734785e-02 -8.734775e-02 9.954776e-01 -1.828245e+01
9.984913e-01 4.432000e-02 -3.241518e-02 2.496261e+02 -4.118672e-02 9.949385e-01 9.165743e-02 -1.849442e+01 3.631337e-02 -9.018408e-02 9.952629e-01 -1.842775e+01
9.985179e-01 4.168788e-02 -3.498599e-02 2.509720e+02 -3.835746e-02 9.951124e-01 9.099422e-02 -1.854757e+01 3.860835e-02 -8.951740e-02 9.952367e-01 -1.858606e+01
9.985384e-01 3.960403e-02 -3.677611e-02 2.523225e+02 -3.609592e-02 9.951420e-01 9.159397e-02 -1.861258e+01 4.022495e-02 -9.013263e-02 9.951171e-01 -1.872883e+01
9.983191e-01 3.720471e-02 -4.443722e-02 2.536902e+02 -3.306829e-02 9.953524e-01 9.044421e-02 -1.865968e+01 4.759564e-02 -8.882272e-02 9.949096e-01 -1.886284e+01
9.982937e-01 3.469345e-02 -4.696849e-02 2.550381e+02 -3.032335e-02 9.954115e-01 9.075545e-02 -1.871989e+01 4.990159e-02 -8.917636e-02 9.947650e-01 -1.901782e+01
9.980069e-01 3.322537e-02 -5.365013e-02 2.564185e+02 -2.837086e-02 9.956418e-01 8.883962e-02 -1.875948e+01 5.636804e-02 -8.714046e-02 9.946000e-01 -1.914579e+01
9.979520e-01 3.238924e-02 -5.515978e-02 2.578006e+02 -2.738600e-02 9.956405e-01 8.916141e-02 -1.880468e+01 5.780719e-02 -8.746821e-02 9.944887e-01 -1.929446e+01
9.978992e-01 2.986001e-02 -5.749390e-02 2.592003e+02 -2.466255e-02 9.957192e-01 8.907820e-02 -1.884766e+01 5.990765e-02 -8.747312e-02 9.943639e-01 -1.942503e+01
9.978976e-01 2.731912e-02 -5.877114e-02 2.605929e+02 -2.211640e-02 9.959257e-01 8.742240e-02 -1.889290e+01 6.092000e-02 -8.593880e-02 9.944361e-01 -1.957259e+01
9.978825e-01 2.411838e-02 -6.040505e-02 2.619949e+02 -1.890957e-02 9.961703e-01 8.536523e-02 -1.893507e+01 6.223258e-02 -8.404224e-02 9.945170e-01 -1.970891e+01
9.978250e-01 2.099974e-02 -6.248361e-02 2.634055e+02 -1.572360e-02 9.963615e-01 8.376478e-02 -1.896658e+01 6.401530e-02 -8.260012e-02 9.945247e-01 -1.984420e+01
9.978837e-01 1.788960e-02 -6.251452e-02 2.648207e+02 -1.261472e-02 9.964048e-01 8.377671e-02 -1.900104e+01 6.378850e-02 -8.281082e-02 9.945217e-01 -1.999021e+01
9.979625e-01 1.387677e-02 -6.227600e-02 2.662398e+02 -8.652777e-03 9.964800e-01 8.338320e-02 -1.902662e+01 6.321388e-02 -8.267444e-02 9.945697e-01 -2.011196e+01
9.982299e-01 9.594994e-03 -5.869343e-02 2.676736e+02 -4.725940e-03 9.965767e-01 8.254026e-02 -1.905878e+01 5.928447e-02 -8.211678e-02 9.948578e-01 -2.025776e+01
9.982566e-01 5.558097e-03 -5.876163e-02 2.691163e+02 -6.714235e-04 9.965613e-01 8.285561e-02 -1.907372e+01 5.902009e-02 -8.267170e-02 9.948276e-01 -2.039073e+01
9.983259e-01 7.904462e-04 -5.783311e-02 2.705477e+02 3.997108e-03 9.965731e-01 8.261970e-02 -1.908167e+01 5.770023e-02 -8.271255e-02 9.949017e-01 -2.054619e+01
9.981881e-01 -3.967750e-03 -6.004011e-02 2.719896e+02 8.937939e-03 9.965309e-01 8.274066e-02 -1.907856e+01 5.950354e-02 -8.312737e-02 9.947609e-01 -2.066959e+01
9.981089e-01 -8.868599e-03 -6.082761e-02 2.734224e+02 1.394338e-02 9.964087e-01 8.351910e-02 -1.906871e+01 5.986846e-02 -8.420929e-02 9.946480e-01 -2.083943e+01
9.978325e-01 -1.354284e-02 -6.439565e-02 2.748819e+02 1.885874e-02 9.963981e-01 8.267335e-02 -1.905198e+01 6.304409e-02 -8.370858e-02 9.944940e-01 -2.095415e+01
9.977905e-01 -1.863648e-02 -6.377082e-02 2.763472e+02 2.377941e-02 9.964415e-01 8.086329e-02 -1.903328e+01 6.203688e-02 -8.220106e-02 9.946831e-01 -2.111422e+01
9.975721e-01 -2.342739e-02 -6.558219e-02 2.778014e+02 2.863919e-02 9.964080e-01 7.969252e-02 -1.899711e+01 6.347963e-02 -8.137726e-02 9.946598e-01 -2.121152e+01
9.974267e-01 -2.840582e-02 -6.582619e-02 2.792483e+02 3.374310e-02 9.961066e-01 8.144241e-02 -1.896847e+01 6.325647e-02 -8.345401e-02 9.945019e-01 -2.139567e+01
9.970500e-01 -3.288719e-02 -6.935246e-02 2.807209e+02 3.842727e-02 9.960439e-01 8.012450e-02 -1.890964e+01 6.644302e-02 -8.255316e-02 9.943693e-01 -2.151561e+01
9.967668e-01 -3.758856e-02 -7.101391e-02 2.821902e+02 4.338331e-02 9.956955e-01 8.190344e-02 -1.886325e+01 6.762961e-02 -8.471945e-02 9.941071e-01 -2.166658e+01
9.962606e-01 -4.214786e-02 -7.542168e-02 2.836648e+02 4.827245e-02 9.955188e-01 8.131548e-02 -1.880146e+01 7.165642e-02 -8.465219e-02 9.938307e-01 -2.180139e+01
9.959415e-01 -4.661838e-02 -7.698905e-02 2.851410e+02 5.279491e-02 9.953763e-01 8.024272e-02 -1.873153e+01 7.289229e-02 -8.398169e-02 9.937977e-01 -2.194996e+01
9.954461e-01 -5.089891e-02 -8.060019e-02 2.866044e+02 5.746435e-02 9.950275e-01 8.135023e-02 -1.865637e+01 7.605878e-02 -8.561141e-02 9.934213e-01 -2.207629e+01
9.952224e-01 -5.376470e-02 -8.149713e-02 2.880640e+02 6.075939e-02 9.944468e-01 8.592897e-02 -1.858354e+01 7.642461e-02 -9.047014e-02 9.929625e-01 -2.223950e+01
9.948414e-01 -5.656507e-02 -8.420816e-02 2.895727e+02 6.380156e-02 9.942602e-01 8.588280e-02 -1.850746e+01 7.886687e-02 -9.081237e-02 9.927402e-01 -2.235831e+01
9.949484e-01 -6.070078e-02 -7.995630e-02 2.910908e+02 6.736981e-02 9.942248e-01 8.353648e-02 -1.841793e+01 7.442381e-02 -8.850113e-02 9.932918e-01 -2.252641e+01
9.945864e-01 -6.652867e-02 -7.982378e-02 2.925786e+02 7.287980e-02 9.941686e-01 7.948183e-02 -1.832402e+01 7.407047e-02 -8.486909e-02 9.936351e-01 -2.264972e+01
9.944181e-01 -7.053658e-02 -7.846764e-02 2.940676e+02 7.677057e-02 9.938749e-01 7.949152e-02 -1.822237e+01 7.237997e-02 -8.507181e-02 9.937424e-01 -2.281531e+01
9.938440e-01 -7.470449e-02 -8.181345e-02 2.955566e+02 8.132308e-02 9.934072e-01 8.079933e-02 -1.811188e+01 7.523800e-02 -8.695526e-02 9.933670e-01 -2.295921e+01
9.933660e-01 -7.794563e-02 -8.454894e-02 2.970710e+02 8.478002e-02 9.931424e-01 8.050343e-02 -1.797593e+01 7.769422e-02 -8.713743e-02 9.931620e-01 -2.309640e+01
9.927905e-01 -8.148476e-02 -8.790548e-02 2.985768e+02 8.858474e-02 9.928395e-01 8.014038e-02 -1.787153e+01 8.074582e-02 -8.734968e-02 9.928999e-01 -2.324801e+01
9.925025e-01 -8.484851e-02 -8.797488e-02 3.000907e+02 9.186834e-02 9.926264e-01 7.907572e-02 -1.773548e+01 8.061673e-02 -8.656495e-02 9.929790e-01 -2.337162e+01
9.921419e-01 -8.818879e-02 -8.875361e-02 3.016037e+02 9.532239e-02 9.922565e-01 7.963005e-02 -1.760693e+01 8.104385e-02 -8.746452e-02 9.928655e-01 -2.352100e+01
9.918522e-01 -9.169301e-02 -8.844042e-02 3.031079e+02 9.889711e-02 9.918088e-01 8.083837e-02 -1.747283e+01 8.030367e-02 -8.892622e-02 9.927958e-01 -2.368352e+01
9.918115e-01 -9.414492e-02 -8.629370e-02 3.046750e+02 1.010135e-01 9.917421e-01 7.901943e-02 -1.732926e+01 7.814182e-02 -8.708921e-02 9.931311e-01 -2.378368e+01
9.917201e-01 -9.605119e-02 -8.523695e-02 3.061874e+02 1.027877e-01 9.915997e-01 7.851444e-02 -1.718822e+01 7.697953e-02 -8.662567e-02 9.932624e-01 -2.396913e+01
9.917054e-01 -9.889919e-02 -8.209299e-02 3.077050e+02 1.054732e-01 9.911966e-01 8.002892e-02 -1.704997e+01 7.345551e-02 -8.802372e-02 9.934063e-01 -2.410999e+01
9.916177e-01 -1.007617e-01 -8.087834e-02 3.092668e+02 1.070525e-01 9.912184e-01 7.762610e-02 -1.689183e+01 7.234637e-02 -8.563364e-02 9.936966e-01 -2.420239e+01
9.913872e-01 -1.028248e-01 -8.110712e-02 3.107834e+02 1.091370e-01 9.909885e-01 7.766017e-02 -1.673920e+01 7.239082e-02 -8.584308e-02 9.936753e-01 -2.440462e+01
9.914626e-01 -1.046739e-01 -7.775194e-02 3.123437e+02 1.106826e-01 9.908319e-01 7.746899e-02 -1.657960e+01 6.893013e-02 -8.541340e-02 9.939584e-01 -2.454309e+01
9.911789e-01 -1.058358e-01 -7.976960e-02 3.139125e+02 1.120100e-01 9.906907e-01 7.736588e-02 -1.641255e+01 7.083894e-02 -8.561843e-02 9.938065e-01 -2.465363e+01
9.910903e-01 -1.080231e-01 -7.791683e-02 3.154480e+02 1.140079e-01 9.904953e-01 7.695112e-02 -1.625412e+01 6.886375e-02 -8.514863e-02 9.939857e-01 -2.482277e+01
9.910863e-01 -1.094199e-01 -7.599472e-02 3.170095e+02 1.153259e-01 9.902416e-01 7.824016e-02 -1.609161e+01 6.669210e-02 -8.630692e-02 9.940338e-01 -2.495015e+01
9.908702e-01 -1.110950e-01 -7.638103e-02 3.185731e+02 1.170249e-01 9.900520e-01 7.811669e-02 -1.592074e+01 6.694281e-02 -8.634198e-02 9.940140e-01 -2.511616e+01
9.907246e-01 -1.136834e-01 -7.443730e-02 3.201439e+02 1.194724e-01 9.897231e-01 7.857824e-02 -1.574363e+01 6.473926e-02 -8.674260e-02 9.941250e-01 -2.525601e+01
9.903768e-01 -1.148985e-01 -7.714980e-02 3.217152e+02 1.208883e-01 9.895923e-01 7.805946e-02 -1.557058e+01 6.737793e-02 -8.663478e-02 9.939591e-01 -2.539052e+01
9.901023e-01 -1.169453e-01 -7.759689e-02 3.232911e+02 1.230864e-01 9.891875e-01 7.973643e-02 -1.537948e+01 6.743306e-02 -8.849835e-02 9.937912e-01 -2.557517e+01
9.897922e-01 -1.174013e-01 -8.079848e-02 3.248839e+02 1.236218e-01 9.893495e-01 7.684477e-02 -1.520122e+01 7.091627e-02 -8.604880e-02 9.937638e-01 -2.568764e+01
9.896245e-01 -1.179006e-01 -8.211455e-02 3.264649e+02 1.240882e-01 9.894458e-01 7.482743e-02 -1.500816e+01 7.242569e-02 -8.424050e-02 9.938099e-01 -2.584985e+01
9.897373e-01 -1.176908e-01 -8.104961e-02 3.280522e+02 1.238534e-01 9.894061e-01 7.573651e-02 -1.482858e+01 7.127749e-02 -8.499752e-02 9.938284e-01 -2.599179e+01
9.897738e-01 -1.169434e-01 -8.168262e-02 3.296613e+02 1.232553e-01 9.893794e-01 7.704765e-02 -1.464273e+01 7.180490e-02 -8.632756e-02 9.936758e-01 -2.612640e+01
9.898000e-01 -1.165482e-01 -8.193005e-02 3.312529e+02 1.230044e-01 9.892772e-01 7.874108e-02 -1.445874e+01 7.187442e-02 -8.801567e-02 9.935227e-01 -2.628222e+01
