1.000000e+00 0.000000e+00 0.000000e+00 0.000000e+00 0.000000e+00 1.000000e+00 0.000000e+00 0.000000e+00 0.000000e+00 0.000000e+00 1.000000e+00 0.000000e+00
9.999992e-01 8.371249e-05 1.296074e-03 3.193499e-01 -8.395782e-05 9.999999e-01 1.892323e-04 -7.893097e-03 -1.296058e-03 -1.893409e-04 9.999992e-01 -4.985166e-03
9.999990e-01 -2.252514e-04 1.358944e-03 5.113429e-01 2.243347e-04 9.999998e-01 6.747295e-04 -1.012173e-02 -1.359096e-03 -6.744240e-04 9.999989e-01 -6.879497e-03
9.999979e-01 -5.679065e-04 1.953933e-03 7.122870e-01 5.632788e-04 9.999971e-01 2.368136e-03 -7.722727e-03 -1.955272e-03 -2.367030e-03 9.999953e-01 -1.754242e-02
9.999994e-01 -1.058853e-03 -1.580624e-04 9.218710e-01 1.059306e-03 9.999952e-01 2.891395e-03 -7.330430e-03 1.550001e-04 -2.891561e-03 9.999958e-01 -2.261673e-02
9.999975e-01 -1.400681e-03 -1.732607e-03 1.147758e+00 1.404137e-03 9.999970e-01 1.994628e-03 -6.376255e-03 1.729807e-03 -1.997056e-03 9.999965e-01 -2.554012e-02
9.999956e-01 -1.907340e-03 -2.260157e-03 1.373270e+00 1.910508e-03 9.999973e-01 1.400582e-03 -2.655546e-03 2.257479e-03 -1.404894e-03 9.999965e-01 -2.736488e-02
9.999969e-01 -2.127205e-03 -1.316326e-03 1.609474e+00 2.129346e-03 9.999963e-01 1.627815e-03 -1.776892e-03 1.312859e-03 -1.630613e-03 9.999978e-01 -2.766391e-02
9.999967e-01 -2.290787e-03 -1.135016e-03 1.855388e+00 2.293082e-03 9.999954e-01 2.025640e-03 -6.736604e-03 1.130370e-03 -2.028236e-03 9.999973e-01 -3.425999e-02
9.999962e-01 -2.622815e-03 -8.521871e-04 2.110911e+00 2.624613e-03 9.999944e-01 2.114896e-03 -6.922197e-03 8.466353e-04 -2.117124e-03 9.999974e-01 -3.862085e-02
9.999954e-01 -2.870069e-03 -9.448409e-04 2.363098e+00 2.872284e-03 9.999931e-01 2.351952e-03 -1.043514e-02 9.380842e-04 -2.354655e-03 9.999968e-01 -4.477148e-02
9.999961e-01 -2.777930e-03 -1.388604e-04 2.619781e+00 2.778243e-03 9.999936e-01 2.307068e-03 -1.274009e-02 1.324507e-04 -2.307445e-03 9.999973e-01 -4.668021e-02
9.999970e-01 -2.390838e-03 5.053453e-04 2.878369e+00 2.389559e-03 9.999939e-01 2.516663e-03 -1.630404e-02 -5.113592e-04 -2.515448e-03 9.999967e-01 -5.204098e-02
9.999958e-01 -1.976726e-03 2.141786e-03 3.143657e+00 1.970241e-03 9.999934e-01 3.025451e-03 -2.022369e-02 -2.147753e-03 -3.021219e-03 9.999931e-01 -5.286071e-02
9.999980e-01 -1.651054e-03 1.164430e-03 3.405193e+00 1.646722e-03 9.999919e-01 3.711413e-03 -2.450223e-02 -1.170548e-03 -3.709488e-03 9.999924e-01 -6.435435e-02
9.999973e-01 -1.626231e-03 1.696114e-03 3.665738e+00 1.619273e-03 9.999902e-01 4.095776e-03 -2.370949e-02 -1.702759e-03 -4.093019e-03 9.999902e-01 -7.171540e-02
9.999989e-01 -1.006494e-03 1.106163e-03 3.926338e+00 1.001785e-03 9.999903e-01 4.249323e-03 -2.948042e-02 -1.110430e-03 -4.248210e-03 9.999903e-01 -7.155076e-02
9.999995e-01 -6.380628e-04 7.685240e-04 4.199350e+00 6.341519e-04 9.999869e-01 5.078375e-03 -2.988910e-02 -7.717542e-04 -5.077885e-03 9.999868e-01 -7.904322e-02
9.999981e-01 6.433028e-05 1.949163e-03 4.466136e+00 -7.403393e-05 9.999876e-01 4.978706e-03 -3.665959e-02 -1.948818e-03 -4.978841e-03 9.999857e-01 -7.764778e-02
9.999945e-01 1.153613e-03 3.125990e-03 4.730551e+00 -1.171397e-03 9.999832e-01 5.693222e-03 -4.408181e-02 -3.119370e-03 -5.696852e-03 9.999789e-01 -9.249289e-02
9.999880e-01 1.943328e-03 4.511986e-03 5.005498e+00 -1.968263e-03 9.999827e-01 5.528369e-03 -4.994605e-02 -4.501165e-03 -5.537183e-03 9.999745e-01 -9.113902e-02
9.999797e-01 2.192375e-03 5.988680e-03 5.276436e+00 -2.223952e-03 9.999835e-01 5.271234e-03 -5.554873e-02 -5.977025e-03 -5.284445e-03 9.999682e-01 -1.034273e-01
9.999677e-01 3.318958e-03 7.318412e-03 5.547546e+00 -3.356362e-03 9.999814e-01 5.104507e-03 -6.532030e-02 -7.301333e-03 -5.128906e-03 9.999602e-01 -1.052094e-01
9.999657e-01 4.250950e-03 7.105093e-03 5.825020e+00 -4.287558e-03 9.999775e-01 5.145117e-03 -6.862780e-02 -7.083061e-03 -5.175405e-03 9.999615e-01 -1.070786e-01
9.999624e-01 4.969687e-03 7.107676e-03 6.099148e+00 -4.995240e-03 9.999810e-01 3.581955e-03 -7.239166e-02 -7.089741e-03 -3.617325e-03 9.999683e-01 -1.207623e-01
9.999556e-01 6.345994e-03 6.966411e-03 6.375964e+00 -6.369327e-03 9.999741e-01 3.332297e-03 -8.211390e-02 -6.945085e-03 -3.376520e-03 9.999702e-01 -1.203299e-01
9.999447e-01 6.962209e-03 7.875518e-03 6.656054e+00 -7.000955e-03 9.999634e-01 4.903010e-03 -8.235402e-02 -7.841094e-03 -4.957875e-03 9.999570e-01 -1.404019e-01
9.999549e-01 7.733196e-03 5.516734e-03 6.939642e+00 -7.770938e-03 9.999464e-01 6.853150e-03 -8.928166e-02 -5.463440e-03 -6.895711e-03 9.999613e-01 -1.348539e-01
9.999308e-01 8.514814e-03 8.117891e-03 7.222575e+00 -8.564159e-03 9.999450e-01 6.063285e-03 -9.979133e-02 -8.065817e-03 -6.132388e-03 9.999487e-01 -1.370849e-01
9.998747e-01 9.825795e-03 1.241159e-02 7.505142e+00 -9.894690e-03 9.999360e-01 5.501775e-03 -1.146148e-01 -1.235673e-02 -5.623895e-03 9.999079e-01 -1.400368e-01
9.998460e-01 1.090858e-02 1.374884e-02 7.793218e+00 -1.100229e-02 9.999167e-01 6.758709e-03 -1.205555e-01 -1.367396e-02 -6.908937e-03 9.998826e-01 -1.589855e-01
9.998928e-01 1.138482e-02 9.208892e-03 8.087745e+00 -1.142974e-02 9.999230e-01 4.840807e-03 -1.206554e-01 -9.153070e-03 -4.945544e-03 9.999459e-01 -1.680762e-01
9.999138e-01 1.218698e-02 4.886397e-03 8.384013e+00 -1.218507e-02 9.999256e-01 -4.203664e-04 -1.261752e-01 -4.891157e-03 3.607890e-04 9.999880e-01 -1.604266e-01
9.998961e-01 1.292621e-02 6.381808e-03 8.686637e+00 -1.289791e-02 9.999068e-01 -4.455599e-03 -1.358306e-01 -6.438808e-03 4.372824e-03 9.999697e-01 -1.511307e-01
9.998776e-01 1.412103e-02 6.729170e-03 8.982696e+00 -1.407119e-02 9.998738e-01 -7.395837e-03 -1.469537e-01 -6.832756e-03 7.300246e-03 9.999500e-01 -1.606256e-01
9.998289e-01 1.527302e-02 1.042966e-02 9.294165e+00 -1.516605e-02 9.998323e-01 -1.025938e-02 -1.570575e-01 -1.058460e-02 1.009945e-02 9.998930e-01 -1.589389e-01
9.998106e-01 1.678404e-02 9.854014e-03 9.595470e+00 -1.666149e-02 9.997845e-01 -1.238909e-02 -1.663100e-01 -1.005983e-02 1.222256e-02 9.998747e-01 -1.717855e-01
9.997789e-01 1.733076e-02 1.191026e-02 9.898413e+00 -1.721894e-02 9.998072e-01 -9.427646e-03 -1.697802e-01 -1.207136e-02 9.220479e-03 9.998846e-01 -1.912501e-01
9.997778e-01 1.795275e-02 1.104739e-02 1.019223e+01 -1.786806e-02 9.998105e-01 -7.718042e-03 -1.861977e-01 -1.118386e-02 7.518932e-03 9.999092e-01 -1.896707e-01
9.997144e-01 2.018939e-02 1.278838e-02 1.049975e+01 -2.007967e-02 9.997610e-01 -8.650546e-03 -2.011062e-01 -1.295997e-02 8.391288e-03 9.998808e-01 -2.037997e-01
9.996920e-01 2.192195e-02 1.163439e-02 1.080642e+01 -2.184903e-02 9.997412e-01 -6.358181e-03 -2.015037e-01 -1.177076e-02 6.102023e-03 9.999121e-01 -1.977887e-01
9.996942e-01 2.287303e-02 9.393189e-03 1.111846e+01 -2.287206e-02 9.997385e-01 -2.108406e-04 -2.065794e-01 -9.395555e-03 -4.065419e-06 9.999558e-01 -2.057503e-01
9.997027e-01 2.363899e-02 5.979081e-03 1.142467e+01 -2.366399e-02 9.997114e-01 4.145847e-03 -2.158320e-01 -5.879351e-03 -4.286103e-03 9.999735e-01 -2.018526e-01
9.996623e-01 2.529529e-02 5.943235e-03 1.173784e+01 -2.533962e-02 9.996506e-01 7.506331e-03 -2.319261e-01 -5.751285e-03 -7.654395e-03 9.999542e-01 -2.083116e-01
9.996464e-01 2.590575e-02 6.002233e-03 1.205985e+01 -2.595710e-02 9.996256e-01 8.639831e-03 -2.420208e-01 -5.776165e-03 -8.792575e-03 9.999447e-01 -2.085776e-01
9.996147e-01 2.691125e-02 6.800560e-03 1.237410e+01 -2.696534e-02 9.996045e-01 7.991685e-03 -2.621137e-01 -6.582804e-03 -8.171985e-03 9.999449e-01 -2.178656e-01
9.995920e-01 2.771890e-02 6.893933e-03 1.269750e+01 -2.776029e-02 9.995967e-01 5.983419e-03 -2.706290e-01 -6.725299e-03 -6.172355e-03 9.999583e-01 -2.264865e-01
9.995615e-01 2.876603e-02 7.025337e-03 1.301966e+01 -2.880650e-02 9.995685e-01 5.729951e-03 -2.817817e-01 -6.857479e-03 -5.929814e-03 9.999589e-01 -2.437075e-01
9.995404e-01 2.948344e-02 7.049934e-03 1.334867e+01 -2.952834e-02 9.995438e-01 6.353231e-03 -2.938311e-01 -6.859402e-03 -6.558484e-03 9.999549e-01 -2.403444e-01
9.995407e-01 3.008034e-02 3.674032e-03 1.366785e+01 -3.010540e-02 9.995223e-01 6.967328e-03 -3.088512e-01 -3.462698e-03 -7.074736e-03 9.999690e-01 -2.436156e-01
9.995137e-01 3.066752e-02 5.632680e-03 1.399856e+01 -3.070381e-02 9.995074e-01 6.473267e-03 -3.231889e-01 -5.431388e-03 -6.643064e-03 9.999632e-01 -2.577141e-01
9.994982e-01 3.157105e-02 2.587172e-03 1.433003e+01 -3.158557e-02 9.994843e-01 5.781398e-03 -3.401589e-01 -2.403313e-03 -5.860214e-03 9.999799e-01 -2.606789e-01
9.994783e-01 3.198368e-02 4.497842e-03 1.466713e+01 -3.200554e-02 9.994757e-01 4.877017e-03 -3.505073e-01 -4.339500e-03 -5.018428e-03 9.999780e-01 -2.748043e-01
9.994645e-01 3.253461e-02 3.503592e-03 1.499988e+01 -3.254881e-02 9.994619e-01 4.074045e-03 -3.752846e-01 -3.369159e-03 -4.185901e-03 9.999856e-01 -2.632887e-01
9.994394e-01 3.328552e-02 3.595110e-03 1.533321e+01 -3.330328e-02 9.994328e-01 4.998241e-03 -3.821499e-01 -3.426702e-03 -5.115168e-03 9.999810e-01 -2.885078e-01
9.994268e-01 3.377946e-02 2.227879e-03 1.566379e+01 -3.379006e-02 9.994167e-01 4.907731e-03 -3.928442e-01 -2.060799e-03 -4.980198e-03 9.999855e-01 -2.901817e-01
9.994168e-01 3.414530e-02 -3.417710e-04 1.600451e+01 -3.414321e-02 9.994048e-01 4.928807e-03 -4.042139e-01 5.098632e-04 -4.914263e-03 9.999878e-01 -2.927967e-01
9.993966e-01 3.473032e-02 5.307453e-04 1.634519e+01 -3.473238e-02 9.993862e-01 4.541150e-03 -4.178949e-01 -3.727040e-04 -4.556844e-03 9.999896e-01 -3.123566e-01
9.993893e-01 3.494422e-02 4.176152e-05 1.668808e+01 -3.494409e-02 9.993806e-01 4.128941e-03 -4.324481e-01 1.025470e-04 -4.127879e-03 9.999915e-01 -3.048236e-01
9.993763e-01 3.530300e-02 8.225450e-04 1.703292e+01 -3.530546e-02 9.993713e-01 3.194736e-03 -4.541510e-01 -7.092442e-04 -3.221784e-03 9.999946e-01 -3.227072e-01
9.993581e-01 3.571415e-02 2.802447e-03 1.737539e+01 -3.571961e-02 9.993598e-01 1.922822e-03 -4.701610e-01 -2.731981e-03 -2.021690e-03 9.999942e-01 -3.208428e-01
9.993411e-01 3.629636e-02 -5.184188e-05 1.771378e+01 -3.629604e-02 9.993365e-01 2.988067e-03 -4.847638e-01 1.602634e-04 -2.984216e-03 9.999955e-01 -3.253187e-01
9.993256e-01 3.671332e-02 -6.905394e-04 1.806408e+01 -3.671022e-02 9.993176e-01 4.063976e-03 -4.968773e-01 8.392702e-04 -4.035885e-03 9.999915e-01 -3.511804e-01
9.993167e-01 3.661721e-02 -5.027814e-03 1.841006e+01 -3.659623e-02 9.993212e-01 4.203815e-03 -5.137630e-01 5.178334e-03 -4.016944e-03 9.999785e-01 -3.475005e-01
9.993230e-01 3.662452e-02 -3.494816e-03 1.876380e+01 -3.660703e-02 9.993174e-01 4.942396e-03 -5.272377e-01 3.673444e-03 -4.811115e-03 9.999817e-01 -3.717586e-01
9.993277e-01 3.648576e-02 -3.605233e-03 1.911516e+01 -3.646817e-02 9.993230e-01 4.830529e-03 -5.415120e-01 3.779038e-03 -4.695805e-03 9.999818e-01 -3.626639e-01
9.993381e-01 3.633471e-02 -1.778800e-03 1.946690e+01 -3.632187e-02 9.993170e-01 6.788741e-03 -5.607696e-01 2.024252e-03 -6.719638e-03 9.999754e-01 -3.674007e-01
9.993628e-01 3.555566e-02 3.142460e-03 1.981827e+01 -3.558083e-02 9.993320e-01 8.353024e-03 -5.809735e-01 -2.843363e-03 -8.459513e-03 9.999602e-01 -3.801716e-01
9.993643e-01 3.563596e-02 1.047727e-03 2.016552e+01 -3.564330e-02 9.993316e-01 8.113906e-03 -6.001046e-01 -7.578802e-04 -8.146092e-03 9.999666e-01 -3.865948e-01
9.993856e-01 3.502463e-02 -1.322268e-03 2.053235e+01 -3.501642e-02 9.993699e-01 5.789824e-03 -6.096962e-01 1.524221e-03 -5.739965e-03 9.999824e-01 -4.037625e-01
9.994370e-01 3.285783e-02 -6.788831e-03 2.090377e+01 -3.284629e-02 9.994587e-01 1.804870e-03 -6.082976e-01 6.844460e-03 -1.580866e-03 9.999753e-01 -4.018661e-01
9.994928e-01 3.113088e-02 -6.704292e-03 2.126296e+01 -3.113109e-02 9.995154e-01 7.249651e-05 -6.199129e-01 6.703299e-03 1.362521e-04 9.999775e-01 -4.272740e-01
9.995192e-01 3.011440e-02 -7.386898e-03 2.162257e+01 -3.010867e-02 9.995463e-01 8.848189e-04 -6.370162e-01 7.410192e-03 -6.619838e-04 9.999723e-01 -4.211663e-01
9.995558e-01 2.860268e-02 -8.367260e-03 2.198522e+01 -2.858951e-02 9.995898e-01 1.689119e-03 -6.527300e-01 8.412140e-03 -1.449153e-03 9.999636e-01 -4.306280e-01
9.996381e-01 2.630862e-02 -5.608873e-03 2.234850e+01 -2.630685e-02 9.996538e-01 3.906066e-04 -6.631913e-01 5.617207e-03 -2.429135e-04 9.999842e-01 -4.356261e-01
9.996837e-01 2.448533e-02 -5.741758e-03 2.271795e+01 -2.448813e-02 9.997001e-01 -4.167171e-04 -6.775644e-01 5.729833e-03 5.571902e-04 9.999834e-01 -4.396821e-01
9.997226e-01 2.310853e-02 -4.552418e-03 2.308653e+01 -2.311527e-02 9.997318e-01 -1.433939e-03 -6.916751e-01 4.518061e-03 1.538772e-03 9.999886e-01 -4.499170e-01
9.997495e-01 2.148068e-02 -6.293125e-03 2.345548e+01 -2.148422e-02 9.997690e-01 -4.966723e-04 -6.970817e-01 6.281003e-03 6.317508e-04 9.999801e-01 -4.534892e-01
9.997635e-01 2.019832e-02 -8.059992e-03 2.382315e+01 -2.019619e-02 9.997960e-01 3.460509e-04 -7.055842e-01 8.065338e-03 -1.831880e-04 9.999675e-01 -4.640535e-01
9.997765e-01 1.817481e-02 -1.079919e-02 2.420439e+01 -1.818118e-02 9.998347e-01 -4.912512e-04 -7.163257e-01 1.078848e-02 6.874835e-04 9.999416e-01 -4.677053e-01
9.997922e-01 1.638377e-02 -1.213075e-02 2.457784e+01 -1.640192e-02 9.998646e-01 -1.397812e-03 -7.175590e-01 1.210621e-02 1.596489e-03 9.999254e-01 -4.676885e-01
9.998198e-01 1.559417e-02 -1.082416e-02 2.494511e+01 -1.561197e-02 9.998770e-01 -1.561938e-03 -7.263550e-01 1.079847e-02 1.730643e-03 9.999402e-01 -4.799668e-01
9.998504e-01 1.382642e-02 -1.039116e-02 2.532059e+01 -1.383736e-02 9.999037e-01 -9.812790e-04 -7.351947e-01 1.037659e-02 1.124918e-03 9.999455e-01 -4.818988e-01
9.998699e-01 1.248754e-02 -1.020538e-02 2.570037e+01 -1.248444e-02 9.999219e-01 3.669965e-04 -7.420191e-01 1.020917e-02 -2.395403e-04 9.999478e-01 -4.894391e-01
9.998668e-01 1.089616e-02 -1.215100e-02 2.607707e+01 -1.088583e-02 9.999404e-01 9.156514e-04 -7.494376e-01 1.216025e-02 -7.832558e-04 9.999257e-01 -4.966328e-01
9.998850e-01 9.338497e-03 -1.194491e-02 2.645904e+01 -9.335226e-03 9.999565e-01 3.294744e-04 -7.529653e-01 1.194747e-02 -2.179281e-04 9.999286e-01 -5.034809e-01
9.998960e-01 7.875488e-03 -1.208304e-02 2.684206e+01 -7.869302e-03 9.999689e-01 5.593373e-04 -7.575055e-01 1.208707e-02 -4.641941e-04 9.999269e-01 -5.089890e-01
9.998930e-01 6.705501e-03 -1.300497e-02 2.721231e+01 -6.696927e-03 9.999774e-01 7.027364e-04 -7.697592e-01 1.300939e-02 -6.155678e-04 9.999152e-01 -5.144210e-01
9.999047e-01 5.176804e-03 -1.279700e-02 2.759669e+01 -5.167977e-03 9.999863e-01 7.227228e-04 -7.715647e-01 1.280056e-02 -6.565194e-04 9.999179e-01 -5.286900e-01
9.999109e-01 4.173330e-03 -1.267918e-02 2.798073e+01 -4.178423e-03 9.999912e-01 -3.751660e-04 -7.785515e-01 1.267751e-02 4.281116e-04 9.999195e-01 -5.294679e-01
9.999326e-01 2.921136e-03 -1.123469e-02 2.836531e+01 -2.935989e-03 9.999949e-01 -1.305740e-03 -7.809166e-01 1.123082e-02 1.338637e-03 9.999360e-01 -5.399882e-01
9.999373e-01 1.563303e-03 -1.108661e-02 2.874730e+01 -1.589225e-03 9.999961e-01 -2.329711e-03 -7.762857e-01 1.108293e-02 2.347184e-03 9.999358e-01 -5.383495e-01
9.999376e-01 3.369573e-04 -1.116427e-02 2.913658e+01 -3.562753e-04 9.999985e-01 -1.728401e-03 -7.821386e-01 1.116367e-02 1.732271e-03 9.999362e-01 -5.511070e-01
9.999375e-01 -2.860400e-04 -1.117473e-02 2.952229e+01 2.690979e-04 9.999988e-01 -1.517585e-03 -7.896314e-01 1.117515e-02 1.514483e-03 9.999364e-01 -5.610053e-01
9.999307e-01 -1.179604e-03 -1.171680e-02 2.990895e+01 1.170145e-03 9.999990e-01 -8.141278e-04 -7.930113e-01 1.171775e-02 8.003610e-04 9.999310e-01 -5.620216e-01
9.999362e-01 -3.487871e-03 -1.074743e-02 3.029270e+01 3.484129e-03 9.999939e-01 -3.667917e-04 -7.882846e-01 1.074865e-02 3.293229e-04 9.999422e-01 -5.667846e-01
9.999375e-01 -4.546491e-03 -1.020942e-02 3.068129e+01 4.561100e-03 9.999887e-01 1.408054e-03 -7.916931e-01 1.020290e-02 -1.454532e-03 9.999469e-01 -5.783529e-01
9.999520e-01 -5.260469e-03 -8.263543e-03 3.107655e+01 5.283512e-03 9.999821e-01 2.769108e-03 -7.920601e-01 8.248830e-03 -2.812636e-03 9.999620e-01 -5.796900e-01
9.999630e-01 -6.491830e-03 -5.639410e-03 3.146526e+01 6.512540e-03 9.999722e-01 3.661747e-03 -8.002264e-01 5.615481e-03 -3.698339e-03 9.999774e-01 -5.961603e-01
9.999669e-01 -6.967860e-03 -4.191170e-03 3.185547e+01 6.986137e-03 9.999660e-01 4.362062e-03 -8.086134e-01 4.160633e-03 -4.391197e-03 9.999817e-01 -5.921337e-01
9.999487e-01 -7.467611e-03 -6.833735e-03 3.224688e+01 7.492426e-03 9.999653e-01 3.612895e-03 -8.097265e-01 6.806519e-03 -3.663911e-03 9.999701e-01 -6.059546e-01
9.999385e-01 -7.953629e-03 -7.730883e-03 3.264247e+01 7.975146e-03 9.999645e-01 2.756379e-03 -8.067048e-01 7.708685e-03 -2.817865e-03 9.999663e-01 -6.103487e-01
9.999335e-01 -9.100998e-03 -7.083605e-03 3.302809e+01 9.117512e-03 9.999559e-01 2.302495e-03 -8.065564e-01 7.062336e-03 -2.366927e-03 9.999723e-01 -6.287574e-01
9.999169e-01 -1.015566e-02 -7.938349e-03 3.343158e+01 1.016019e-02 9.999483e-01 5.310867e-04 -8.025955e-01 7.932545e-03 -6.116977e-04 9.999683e-01 -6.094454e-01
9.998907e-01 -1.150774e-02 -9.284328e-03 3.382238e+01 1.155903e-02 9.999181e-01 5.489553e-03 -8.015827e-01 9.220394e-03 -5.596271e-03 9.999418e-01 -6.355534e-01
9.998677e-01 -1.283133e-02 -9.993664e-03 3.420625e+01 1.290956e-02 9.998862e-01 7.803508e-03 -7.988856e-01 9.892398e-03 -7.931489e-03 9.999196e-01 -6.536153e-01
9.998786e-01 -1.292625e-02 -8.700133e-03 3.460073e+01 1.300205e-02 9.998776e-01 8.712308e-03 -7.988548e-01 8.586450e-03 -8.824371e-03 9.999242e-01 -6.550602e-01
9.998438e-01 -1.430875e-02 -1.037257e-02 3.499700e+01 1.441129e-02 9.998473e-01 9.879048e-03 -7.921280e-01 1.022963e-02 -1.002699e-02 9.998974e-01 -6.807859e-01
9.998521e-01 -1.529296e-02 -7.873290e-03 3.538864e+01 1.537674e-02 9.998246e-01 1.069275e-02 -7.952826e-01 7.708386e-03 -1.081223e-02 9.999118e-01 -6.756688e-01
9.998465e-01 -1.583593e-02 -7.502053e-03 3.577689e+01 1.592668e-02 9.997988e-01 1.219445e-02 -7.942647e-01 7.307434e-03 -1.231206e-02 9.998975e-01 -6.849016e-01
9.998227e-01 -1.591480e-02 -1.006747e-02 3.616307e+01 1.603806e-02 9.997960e-01 1.228373e-02 -7.869847e-01 9.869925e-03 -1.244301e-02 9.998739e-01 -7.014002e-01
9.998239e-01 -1.524804e-02 -1.093818e-02 3.656959e+01 1.534195e-02 9.998457e-01 8.553439e-03 -7.898240e-01 1.080607e-02 -8.719745e-03 9.999036e-01 -6.975811e-01
9.998101e-01 -1.581147e-02 -1.138891e-02 3.696413e+01 1.589653e-02 9.998460e-01 7.417692e-03 -7.801859e-01 1.126988e-02 -7.597329e-03 9.999076e-01 -7.174489e-01
9.998146e-01 -1.549790e-02 -1.142580e-02 3.734809e+01 1.556937e-02 9.998597e-01 6.193766e-03 -7.809845e-01 1.132820e-02 -6.370510e-03 9.999155e-01 -7.301814e-01
9.998267e-01 -1.544141e-02 -1.039937e-02 3.774357e+01 1.550565e-02 9.998609e-01 6.125269e-03 -7.816061e-01 1.030334e-02 -6.285456e-03 9.999272e-01 -7.354507e-01
9.998358e-01 -1.549969e-02 -9.382702e-03 3.813477e+01 1.556917e-02 9.998516e-01 7.378134e-03 -7.836177e-01 9.266950e-03 -7.523004e-03 9.999288e-01 -7.508550e-01
9.998298e-01 -1.546323e-02 -1.006728e-02 3.853413e+01 1.554583e-02 9.998457e-01 8.178547e-03 -7.807711e-01 9.939261e-03 -8.333659e-03 9.999159e-01 -7.557618e-01
9.998299e-01 -1.506421e-02 -1.063651e-02 3.893101e+01 1.515833e-02 9.998461e-01 8.824587e-03 -7.812134e-01 1.050194e-02 -8.984318e-03 9.999045e-01 -7.635663e-01
9.998362e-01 -1.512672e-02 -9.936513e-03 3.933232e+01 1.521032e-02 9.998492e-01 8.392802e-03 -7.759573e-01 9.808058e-03 -8.542565e-03 9.999154e-01 -7.760460e-01
9.998516e-01 -1.433228e-02 -9.551213e-03 3.973568e+01 1.441101e-02 9.998624e-01 8.225506e-03 -7.736934e-01 9.432008e-03 -8.361928e-03 9.999205e-01 -7.874991e-01
9.998625e-01 -1.339766e-02 -9.774399e-03 4.014214e+01 1.348160e-02 9.998724e-01 8.573571e-03 -7.745193e-01 9.658285e-03 -8.704167e-03 9.999155e-01 -7.995511e-01
9.998859e-01 -1.169147e-02 -9.572012e-03 4.055302e+01 1.176707e-02 9.998997e-01 7.879822e-03 -7.798016e-01 9.478925e-03 -7.991556e-03 9.999231e-01 -8.004383e-01
9.999090e-01 -9.631003e-03 -9.447851e-03 4.096565e+01 9.704371e-03 9.999229e-01 7.750704e-03 -7.832568e-01 9.372476e-03 -7.841684e-03 9.999253e-01 -8.168059e-01
9.999356e-01 -7.269549e-03 -8.709338e-03 4.137587e+01 7.340725e-03 9.999397e-01 8.168397e-03 -7.913940e-01 8.649431e-03 -8.231803e-03 9.999287e-01 -8.236462e-01
9.999489e-01 -5.384877e-03 -8.552843e-03 4.179181e+01 5.457654e-03 9.999489e-01 8.508593e-03 -7.957729e-01 8.506588e-03 -8.554837e-03 9.999272e-01 -8.424668e-01
9.999573e-01 -4.478155e-03 -8.078476e-03 4.221687e+01 4.548052e-03 9.999521e-01 8.654816e-03 -7.861749e-01 8.039333e-03 -8.691188e-03 9.999299e-01 -8.481219e-01
9.999600e-01 -2.840151e-03 -8.481345e-03 4.262379e+01 2.913847e-03 9.999579e-01 8.689562e-03 -7.982286e-01 8.456309e-03 -8.713927e-03 9.999263e-01 -8.610992e-01
9.999735e-01 -1.523728e-03 -7.123408e-03 4.302930e+01 1.585404e-03 9.999611e-01 8.660618e-03 -8.045121e-01 7.109936e-03 -8.671682e-03 9.999371e-01 -8.682692e-01
9.999747e-01 1.829262e-04 -7.109386e-03 4.344136e+01 -1.185670e-04 9.999590e-01 9.052078e-03 -8.096140e-01 7.110750e-03 -9.051007e-03 9.999338e-01 -8.789390e-01
9.999816e-01 1.485611e-03 -5.881947e-03 4.385738e+01 -1.426776e-03 9.999491e-01 9.994257e-03 -8.115929e-01 5.896496e-03 -9.985682e-03 9.999328e-01 -8.859752e-01
9.999464e-01 2.505312e-03 -1.004784e-02 4.426164e+01 -2.370090e-03 9.999069e-01 1.344723e-02 -8.157562e-01 1.008060e-02 -1.342269e-02 9.998591e-01 -9.086732e-01
9.999433e-01 3.321413e-03 -1.012146e-02 4.466923e+01 -3.181811e-03 9.999001e-01 1.377770e-02 -8.217643e-01 1.016621e-02 -1.374471e-02 9.998538e-01 -9.259623e-01
9.999244e-01 4.738012e-03 -1.134950e-02 4.509102e+01 -4.617226e-03 9.999326e-01 1.064510e-02 -8.324436e-01 1.139918e-02 -1.059190e-02 9.998789e-01 -9.222809e-01
9.999454e-01 6.270605e-03 -8.356373e-03 4.551131e+01 -6.228981e-03 9.999681e-01 4.997889e-03 -8.451173e-01 8.387445e-03 -4.945565e-03 9.999526e-01 -9.365942e-01
9.999349e-01 7.343947e-03 -8.736582e-03 4.592990e+01 -7.356115e-03 9.999721e-01 -1.361455e-03 -8.583742e-01 8.726339e-03 1.425633e-03 9.999609e-01 -9.186060e-01
9.999076e-01 8.611607e-03 -1.052302e-02 4.634088e+01 -8.636025e-03 9.999602e-01 -2.277210e-03 -8.609256e-01 1.050299e-02 2.367876e-03 9.999421e-01 -9.554362e-01
9.998716e-01 9.723272e-03 -1.273755e-02 4.674995e+01 -9.773616e-03 9.999447e-01 -3.896081e-03 -8.654181e-01 1.269896e-02 4.020073e-03 9.999113e-01 -9.646173e-01
9.998522e-01 1.035052e-02 -1.372638e-02 4.715913e+01 -1.042724e-02 9.999303e-01 -5.529854e-03 -8.663325e-01 1.366819e-02 5.672165e-03 9.998905e-01 -9.712331e-01
9.998817e-01 1.083269e-02 -1.091437e-02 4.755177e+01 -1.087485e-02 9.999337e-01 -3.811024e-03 -8.718294e-01 1.087237e-02 3.929266e-03 9.999332e-01 -9.979864e-01
9.998832e-01 1.216303e-02 -9.258734e-03 4.794277e+01 -1.216639e-02 9.999260e-01 -3.067555e-04 -8.874235e-01 9.254318e-03 4.193650e-04 9.999571e-01 -9.902162e-01
9.998829e-01 1.330226e-02 -7.558086e-03 4.832376e+01 -1.325829e-02 9.998951e-01 5.837940e-03 -8.986467e-01 7.634951e-03 -5.737050e-03 9.999544e-01 -1.007565e+00
9.998565e-01 1.450514e-02 -8.750796e-03 4.870034e+01 -1.441649e-02 9.998449e-01 1.011081e-02 -9.065582e-01 8.896098e-03 -9.983204e-03 9.999106e-01 -1.008812e+00
9.997910e-01 1.609059e-02 -1.261364e-02 4.908726e+01 -1.597748e-02 9.998318e-01 9.017041e-03 -9.137534e-01 1.275661e-02 -8.813621e-03 9.998798e-01 -1.003594e+00
9.997841e-01 1.655970e-02 -1.255357e-02 4.946105e+01 -1.646859e-02 9.998375e-01 7.326868e-03 -9.244897e-01 1.267286e-02 -7.118546e-03 9.998944e-01 -1.017915e+00
9.997690e-01 1.804195e-02 -1.168485e-02 4.983113e+01 -1.795286e-02 9.998091e-01 7.684852e-03 -9.388307e-01 1.182128e-02 -7.473300e-03 9.999022e-01 -1.030883e+00
9.997507e-01 1.924994e-02 -1.131059e-02 5.019669e+01 -1.915736e-02 9.997826e-01 8.237268e-03 -9.536945e-01 1.146669e-02 -8.018534e-03 9.999021e-01 -1.042037e+00
9.997449e-01 2.012035e-02 -1.025979e-02 5.055533e+01 -2.002819e-02 9.997588e-01 9.007312e-03 -9.664954e-01 1.043855e-02 -8.799531e-03 9.999068e-01 -1.050034e+00
9.997404e-01 2.089526e-02 -9.084340e-03 5.090083e+01 -2.079433e-02 9.997226e-01 1.106582e-02 -9.804505e-01 9.313043e-03 -1.087404e-02 9.998975e-01 -1.055793e+00
9.997141e-01 2.240451e-02 -8.350015e-03 5.125127e+01 -2.230830e-02 9.996856e-01 1.144157e-02 -9.956611e-01 8.603733e-03 -1.125202e-02 9.998997e-01 -1.070102e+00
9.996781e-01 2.379382e-02 -8.799979e-03 5.159916e+01 -2.369975e-02 9.996624e-01 1.064452e-02 -1.014364e+00 9.050283e-03 -1.043254e-02 9.999046e-01 -1.074594e+00
9.996765e-01 2.418081e-02 -7.879811e-03 5.193626e+01 -2.409539e-02 9.996518e-01 1.076080e-02 -1.021232e+00 8.137272e-03 -1.056745e-02 9.999111e-01 -1.088447e+00
9.996331e-01 2.581803e-02 -8.196022e-03 5.227222e+01 -2.572792e-02 9.996094e-01 1.091632e-02 -1.034565e+00 8.474659e-03 -1.070144e-02 9.999068e-01 -1.098928e+00
9.995997e-01 2.703518e-02 -8.340263e-03 5.260260e+01 -2.694081e-02 9.995739e-01 1.122691e-02 -1.047948e+00 8.640231e-03 -1.099773e-02 9.999022e-01 -1.109284e+00
9.995854e-01 2.740609e-02 -8.820186e-03 5.294122e+01 -2.730282e-02 9.995596e-01 1.162314e-02 -1.057978e+00 9.134847e-03 -1.137750e-02 9.998935e-01 -1.113995e+00
9.995875e-01 2.743941e-02 -8.484802e-03 5.328222e+01 -2.734138e-02 9.995605e-01 1.146218e-02 -1.068401e+00 8.795588e-03 -1.122546e-02 9.998983e-01 -1.124099e+00
9.995921e-01 2.766244e-02 -7.106177e-03 5.361825e+01 -2.759045e-02 9.995689e-01 1.003723e-02 -1.083745e+00 7.380768e-03 -9.837068e-03 9.999244e-01 -1.135875e+00
9.995782e-01 2.834200e-02 -6.344675e-03 5.395672e+01 -2.827926e-02 9.995522e-01 9.770354e-03 -1.096447e+00 6.618745e-03 -9.586809e-03 9.999322e-01 -1.146305e+00
9.995643e-01 2.877326e-02 -6.576722e-03 5.428743e+01 -2.870915e-02 9.995412e-01 9.643861e-03 -1.112594e+00 6.851190e-03 -9.450848e-03 9.999319e-01 -1.151229e+00
9.995617e-01 2.893556e-02 -6.265763e-03 5.462840e+01 -2.887370e-02 9.995356e-01 9.749424e-03 -1.124482e+00 6.544958e-03 -9.564234e-03 9.999328e-01 -1.163171e+00
9.995551e-01 2.890925e-02 -7.337610e-03 5.496612e+01 -2.884495e-02 9.995458e-01 8.722564e-03 -1.135785e+00 7.586441e-03 -8.507030e-03 9.999350e-01 -1.174548e+00
9.995209e-01 2.884626e-02 -1.122118e-02 5.531630e+01 -2.878592e-02 9.995704e-01 5.502346e-03 -1.149423e+00 1.137508e-02 -5.176698e-03 9.999219e-01 -1.185341e+00
9.995276e-01 2.762789e-02 -1.346664e-02 5.565715e+01 -2.759267e-02 9.996153e-01 2.793682e-03 -1.153394e+00 1.353864e-02 -2.420782e-03 9.999054e-01 -1.174917e+00
9.996003e-01 2.680037e-02 -9.002406e-03 5.599618e+01 -2.676315e-02 9.996328e-01 4.229868e-03 -1.170500e+00 9.112462e-03 -3.987244e-03 9.999505e-01 -1.186690e+00
9.996496e-01 2.625079e-02 -3.394932e-03 5.633011e+01 -2.621942e-02 9.996159e-01 8.976819e-03 -1.184617e+00 3.629276e-03 -8.884661e-03 9.999539e-01 -1.214818e+00
9.996456e-01 2.654819e-02 -1.985227e-03 5.666940e+01 -2.652296e-02 9.995784e-01 1.180568e-02 -1.202328e+00 2.297809e-03 -1.174884e-02 9.999284e-01 -1.224561e+00
9.996517e-01 2.619778e-02 -3.174348e-03 5.701338e+01 -2.615780e-02 9.995853e-01 1.204236e-02 -1.212490e+00 3.488514e-03 -1.195513e-02 9.999225e-01 -1.237808e+00
9.996397e-01 2.600582e-02 -6.635570e-03 5.735532e+01 -2.592526e-02 9.995924e-01 1.194956e-02 -1.219345e+00 6.943623e-03 -1.177323e-02 9.999066e-01 -1.238840e+00
9.996251e-01 2.585175e-02 -9.014286e-03 5.769619e+01 -2.573775e-02 9.995900e-01 1.254148e-02 -1.227463e+00 9.334810e-03 -1.230477e-02 9.998807e-01 -1.244081e+00
9.995899e-01 2.575228e-02 -1.252751e-02 5.803673e+01 -2.554890e-02 9.995434e-01 1.613230e-02 -1.232633e+00 1.293724e-02 -1.580561e-02 9.997914e-01 -1.249142e+00
9.995692e-01 2.560143e-02 -1.435227e-02 5.838514e+01 -2.533477e-02 9.995084e-01 1.846334e-02 -1.242362e+00 1.481790e-02 -1.809178e-02 9.997265e-01 -1.264300e+00
9.994982e-01 2.385263e-02 -2.083910e-02 5.873112e+01 -2.358517e-02 9.996375e-01 1.298730e-02 -1.249316e+00 2.114133e-02 -1.248929e-02 9.996985e-01 -1.269640e+00
9.996108e-01 2.178609e-02 -1.742408e-02 5.908463e+01 -2.170675e-02 9.997531e-01 4.730029e-03 -1.256042e+00 1.752283e-02 -4.349969e-03 9.998370e-01 -1.261986e+00
9.997646e-01 2.110593e-02 -5.038724e-03 5.942497e+01 -2.107047e-02 9.997537e-01 6.989759e-03 -1.286975e+00 5.185008e-03 -6.881946e-03 9.999629e-01 -1.287354e+00
9.997991e-01 1.996190e-02 -1.780519e-03 5.975771e+01 -1.993652e-02 9.997128e-01 1.328880e-02 -1.307087e+00 2.045278e-03 -1.325063e-02 9.999101e-01 -1.308776e+00
9.998316e-01 1.828117e-02 -1.587747e-03 6.010114e+01 -1.825544e-02 9.997218e-01 1.493962e-02 -1.316967e+00 1.860419e-03 -1.490812e-02 9.998871e-01 -1.327592e+00
9.998488e-01 1.628912e-02 -6.093060e-03 6.045402e+01 -1.620600e-02 9.997782e-01 1.345097e-02 -1.316008e+00 6.310813e-03 -1.335019e-02 9.998910e-01 -1.331895e+00
9.998506e-01 1.445989e-02 -9.470937e-03 6.080114e+01 -1.435226e-02 9.998327e-01 1.133442e-02 -1.315239e+00 9.633248e-03 -1.119680e-02 9.998909e-01 -1.340930e+00
9.998634e-01 1.277882e-02 -1.047550e-02 6.115135e+01 -1.266435e-02 9.998600e-01 1.092174e-02 -1.318077e+00 1.061361e-02 -1.078758e-02 9.998855e-01 -1.338970e+00
9.998292e-01 1.144216e-02 -1.451189e-02 6.149158e+01 -1.122878e-02 9.998288e-01 1.470151e-02 -1.317160e+00 1.467762e-02 -1.453604e-02 9.997866e-01 -1.354649e+00
9.998053e-01 8.556237e-03 -1.778260e-02 6.183800e+01 -8.252626e-03 9.998201e-01 1.707737e-02 -1.319456e+00 1.792552e-02 -1.692729e-02 9.996960e-01 -1.357678e+00
9.998948e-01 5.186019e-03 -1.354587e-02 6.219115e+01 -5.032923e-03 9.999233e-01 1.131184e-02 -1.331044e+00 1.360350e-02 -1.124248e-02 9.998443e-01 -1.362740e+00
9.999669e-01 4.062331e-03 -7.054845e-03 6.253992e+01 -4.013194e-03 9.999678e-01 6.965139e-03 -1.346960e+00 7.082911e-03 -6.936596e-03 9.999509e-01 -1.381732e+00
9.999790e-01 2.499708e-03 -5.981402e-03 6.289437e+01 -2.457914e-03 9.999726e-01 6.984497e-03 -1.349887e+00 5.998698e-03 -6.969649e-03 9.999577e-01 -1.399218e+00
9.999751e-01 3.702623e-04 -7.049122e-03 6.323029e+01 -3.086241e-04 9.999617e-01 8.743175e-03 -1.342535e+00 7.052090e-03 -8.740782e-03 9.999369e-01 -1.413332e+00
9.999340e-01 -1.068050e-03 -1.144477e-02 6.358415e+01 1.187042e-03 9.999453e-01 1.039531e-02 -1.341274e+00 1.143305e-02 -1.040821e-02 9.998805e-01 -1.414537e+00
9.999118e-01 -2.192153e-03 -1.309930e-02 6.393381e+01 2.328014e-03 9.999435e-01 1.036540e-02 -1.341530e+00 1.307584e-02 -1.039498e-02 9.998605e-01 -1.416963e+00
9.999246e-01 -4.236768e-03 -1.152793e-02 6.428566e+01 4.336838e-03 9.999530e-01 8.669593e-03 -1.350491e+00 1.149066e-02 -8.718935e-03 9.998960e-01 -1.430002e+00
9.999462e-01 -5.959579e-03 -8.491772e-03 6.465340e+01 6.016808e-03 9.999593e-01 6.729849e-03 -1.348229e+00 8.451319e-03 -6.780580e-03 9.999413e-01 -1.434314e+00
9.999564e-01 -6.416796e-03 -6.791908e-03 6.500906e+01 6.459216e-03 9.999597e-01 6.242194e-03 -1.353735e+00 6.751579e-03 -6.285792e-03 9.999574e-01 -1.448980e+00
9.999443e-01 -7.626338e-03 -7.300228e-03 6.537254e+01 7.671093e-03 9.999518e-01 6.122331e-03 -1.350980e+00 7.253185e-03 -6.177991e-03 9.999546e-01 -1.456662e+00
9.999260e-01 -7.607874e-03 -9.497783e-03 6.573036e+01 7.662199e-03 9.999546e-01 5.696391e-03 -1.357582e+00 9.454013e-03 -5.768743e-03 9.999387e-01 -1.463639e+00
9.999403e-01 -7.665157e-03 -7.779403e-03 6.610074e+01 7.700508e-03 9.999601e-01 4.524475e-03 -1.354466e+00 7.744412e-03 -4.584110e-03 9.999595e-01 -1.472248e+00
9.999422e-01 -7.305770e-03 -7.889993e-03 6.646673e+01 7.336251e-03 9.999657e-01 3.841121e-03 -1.360005e+00 7.861661e-03 -3.898782e-03 9.999615e-01 -1.479458e+00
9.999449e-01 -7.562787e-03 -7.281045e-03 6.683707e+01 7.599680e-03 9.999584e-01 5.052710e-03 -1.355635e+00 7.242530e-03 -5.107765e-03 9.999607e-01 -1.491885e+00
9.999555e-01 -7.268418e-03 -6.019758e-03 6.720486e+01 7.304343e-03 9.999555e-01 5.967725e-03 -1.362466e+00 5.976114e-03 -6.011429e-03 9.999641e-01 -1.488418e+00
9.999654e-01 -6.222536e-03 -5.530110e-03 6.757503e+01 6.258142e-03 9.999596e-01 6.444755e-03 -1.368233e+00 5.489784e-03 -6.479139e-03 9.999639e-01 -1.507191e+00
9.999711e-01 -5.624599e-03 -5.111064e-03 6.794730e+01 5.652492e-03 9.999691e-01 5.459420e-03 -1.371908e+00 5.080199e-03 -5.488152e-03 9.999720e-01 -1.511479e+00
9.999716e-01 -5.115123e-03 -5.525710e-03 6.832506e+01 5.143651e-03 9.999734e-01 5.161010e-03 -1.376511e+00 5.499164e-03 -5.189286e-03 9.999714e-01 -1.523538e+00
9.999791e-01 -4.191586e-03 -4.914687e-03 6.870535e+01 4.217559e-03 9.999772e-01 5.286415e-03 -1.381297e+00 4.892416e-03 -5.307033e-03 9.999740e-01 -1.535091e+00
9.999698e-01 -2.769044e-03 -7.262772e-03 6.908360e+01 2.806077e-03 9.999832e-01 5.093905e-03 -1.391132e+00 7.248544e-03 -5.114131e-03 9.999607e-01 -1.541906e+00
9.999838e-01 -2.018938e-03 -5.326790e-03 6.946617e+01 2.037930e-03 9.999915e-01 3.562442e-03 -1.389854e+00 5.319553e-03 -3.573240e-03 9.999795e-01 -1.549190e+00
9.999899e-01 -1.155495e-03 -4.355674e-03 6.984456e+01 1.173700e-03 9.999906e-01 4.179441e-03 -1.393887e+00 4.350803e-03 -4.184511e-03 9.999818e-01 -1.546272e+00
9.999937e-01 -1.100545e-04 -3.545719e-03 7.023189e+01 1.371576e-04 9.999708e-01 7.644553e-03 -1.400883e+00 3.544774e-03 -7.644991e-03 9.999645e-01 -1.575931e+00
9.999953e-01 7.943243e-04 -2.970692e-03 7.061015e+01 -7.657495e-04 9.999536e-01 9.607698e-03 -1.409863e+00 2.978185e-03 -9.605377e-03 9.999495e-01 -1.590447e+00
9.999906e-01 1.867825e-03 -3.909065e-03 7.099911e+01 -1.828795e-03 9.999487e-01 9.964245e-03 -1.414501e+00 3.927476e-03 -9.957003e-03 9.999427e-01 -1.583270e+00
9.999746e-01 2.761009e-03 -6.570263e-03 7.138892e+01 -2.688018e-03 9.999349e-01 1.109242e-02 -1.416116e+00 6.600461e-03 -1.107447e-02 9.999169e-01 -1.604720e+00
9.999847e-01 3.623272e-03 -4.185015e-03 7.177694e+01 -3.573708e-03 9.999242e-01 1.179062e-02 -1.422740e+00 4.227418e-03 -1.177548e-02 9.999217e-01 -1.606289e+00
9.999799e-01 4.401029e-03 -4.575353e-03 7.217005e+01 -4.339792e-03 9.999021e-01 1.330893e-02 -1.432704e+00 4.633477e-03 -1.328881e-02 9.999009e-01 -1.611300e+00
9.999801e-01 4.668145e-03 -4.240457e-03 7.257393e+01 -4.614706e-03 9.999108e-01 1.252582e-02 -1.439501e+00 4.298551e-03 -1.250601e-02 9.999126e-01 -1.627133e+00
9.999809e-01 4.985688e-03 -3.664580e-03 7.297565e+01 -4.951389e-03 9.999443e-01 9.310062e-03 -1.446551e+00 3.710794e-03 -9.291739e-03 9.999499e-01 -1.631294e+00
9.999814e-01 4.842205e-03 -3.711143e-03 7.337741e+01 -4.812151e-03 9.999559e-01 8.064969e-03 -1.446250e+00 3.750032e-03 -8.046960e-03 9.999606e-01 -1.649371e+00
9.999748e-01 5.270330e-03 -4.750698e-03 7.379121e+01 -5.226391e-03 9.999440e-01 9.214376e-03 -1.452375e+00 4.798995e-03 -9.189314e-03 9.999462e-01 -1.669233e+00
9.999691e-01 5.706114e-03 -5.411700e-03 7.419662e+01 -5.650496e-03 9.999316e-01 1.023768e-02 -1.457249e+00 5.469747e-03 -1.020678e-02 9.999329e-01 -1.665501e+00
9.999654e-01 5.901940e-03 -5.868302e-03 7.461082e+01 -5.837775e-03 9.999237e-01 1.089185e-02 -1.469171e+00 5.932137e-03 -1.085722e-02 9.999235e-01 -1.686632e+00
9.999765e-01 6.006147e-03 -3.325987e-03 7.502907e+01 -5.971595e-03 9.999291e-01 1.030272e-02 -1.476106e+00 3.387630e-03 -1.028262e-02 9.999414e-01 -1.690065e+00
9.999730e-01 6.341150e-03 -3.707837e-03 7.544215e+01 -6.303603e-03 9.999295e-01 1.005167e-02 -1.487543e+00 3.771315e-03 -1.002803e-02 9.999426e-01 -1.700199e+00
9.999731e-01 6.632546e-03 -3.138191e-03 7.586888e+01 -6.602108e-03 9.999321e-01 9.612364e-03 -1.495858e+00 3.201731e-03 -9.591387e-03 9.999489e-01 -1.720646e+00
9.999633e-01 6.423065e-03 -5.676217e-03 7.629843e+01 -6.375295e-03 9.999444e-01 8.394184e-03 -1.500870e+00 5.729818e-03 -8.357687e-03 9.999487e-01 -1.716120e+00
9.999549e-01 6.436132e-03 -6.982505e-03 7.672684e+01 -6.386873e-03 9.999547e-01 7.054255e-03 -1.501833e+00 7.027591e-03 -7.009340e-03 9.999508e-01 -1.743647e+00
9.999511e-01 6.829169e-03 -7.158871e-03 7.715793e+01 -6.797258e-03 9.999669e-01 4.472462e-03 -1.513658e+00 7.189177e-03 -4.423582e-03 9.999644e-01 -1.738919e+00
9.999573e-01 6.743906e-03 -6.319884e-03 7.760711e+01 -6.714609e-03 9.999666e-01 4.645371e-03 -1.519261e+00 6.351001e-03 -4.602737e-03 9.999692e-01 -1.755341e+00
9.999633e-01 6.773273e-03 -5.246044e-03 7.804219e+01 -6.744450e-03 9.999621e-01 5.492516e-03 -1.530650e+00 5.283048e-03 -5.456933e-03 9.999712e-01 -1.761256e+00
9.999688e-01 7.104015e-03 -3.450113e-03 7.848565e+01 -7.075981e-03 9.999424e-01 8.070735e-03 -1.537618e+00 3.507249e-03 -8.046070e-03 9.999615e-01 -1.783366e+00
9.999543e-01 7.532616e-03 -5.875919e-03 7.893273e+01 -7.477551e-03 9.999286e-01 9.337772e-03 -1.542727e+00 5.945836e-03 -9.293407e-03 9.999391e-01 -1.789876e+00
9.999396e-01 7.746861e-03 -7.802354e-03 7.938148e+01 -7.668943e-03 9.999208e-01 9.967370e-03 -1.546115e+00 7.878953e-03 -9.906931e-03 9.999199e-01 -1.796097e+00
9.999275e-01 8.691929e-03 -8.338466e-03 7.983120e+01 -8.594276e-03 9.998950e-01 1.167632e-02 -1.556152e+00 8.439079e-03 -1.160381e-02 9.998971e-01 -1.815016e+00
9.999182e-01 1.007987e-02 -7.875348e-03 8.028719e+01 -9.979476e-03 9.998696e-01 1.268488e-02 -1.566219e+00 8.002184e-03 -1.260525e-02 9.998885e-01 -1.816975e+00
9.998994e-01 1.122705e-02 -8.665420e-03 8.074647e+01 -1.112417e-02 9.998682e-01 1.183130e-02 -1.576561e+00 8.797107e-03 -1.173371e-02 9.998925e-01 -1.830369e+00
9.998938e-01 1.269608e-02 -7.149777e-03 8.120871e+01 -1.262564e-02 9.998722e-01 9.813293e-03 -1.592506e+00 7.273453e-03 -9.721980e-03 9.999263e-01 -1.839189e+00
9.998786e-01 1.374938e-02 -7.326529e-03 8.168307e+01 -1.367849e-02 9.998599e-01 9.639772e-03 -1.603036e+00 7.458044e-03 -9.538386e-03 9.999267e-01 -1.858162e+00
9.998651e-01 1.484271e-02 -7.041586e-03 8.214745e+01 -1.475639e-02 9.998173e-01 1.215613e-02 -1.616928e+00 7.220728e-03 -1.205058e-02 9.999013e-01 -1.879606e+00
9.998229e-01 1.578503e-02 -1.024286e-02 8.262310e+01 -1.564921e-02 9.997903e-01 1.320806e-02 -1.630383e+00 1.044921e-02 -1.304543e-02 9.998603e-01 -1.877258e+00
9.998136e-01 1.687681e-02 -9.381471e-03 8.311797e+01 -1.674582e-02 9.997635e-01 1.386984e-02 -1.641739e+00 9.613331e-03 -1.371016e-02 9.998598e-01 -1.895060e+00
9.997941e-01 1.773451e-02 -9.862488e-03 8.361592e+01 -1.759648e-02 9.997485e-01 1.391127e-02 -1.655009e+00 1.010672e-02 -1.373486e-02 9.998546e-01 -1.904847e+00
9.997687e-01 1.879480e-02 -1.045648e-02 8.412321e+01 -1.864322e-02 9.997224e-01 1.440949e-02 -1.670866e+00 1.072440e-02 -1.421122e-02 9.998415e-01 -1.923688e+00
9.997452e-01 1.980833e-02 -1.082144e-02 8.465408e+01 -1.966664e-02 9.997214e-01 1.304600e-02 -1.687640e+00 1.107685e-02 -1.282986e-02 9.998564e-01 -1.932237e+00
9.997430e-01 2.074785e-02 -9.132800e-03 8.518178e+01 -2.063232e-02 9.997082e-01 1.256754e-02 -1.708341e+00 9.390884e-03 -1.237588e-02 9.998793e-01 -1.949429e+00
9.997351e-01 2.144137e-02 -8.362033e-03 8.571210e+01 -2.132689e-02 9.996808e-01 1.354724e-02 -1.725524e+00 8.649836e-03 -1.336532e-02 9.998733e-01 -1.962093e+00
9.997061e-01 2.248960e-02 -9.052838e-03 8.626163e+01 -2.234618e-02 9.996279e-01 1.564375e-02 -1.743600e+00 9.401291e-03 -1.543686e-02 9.998366e-01 -1.986888e+00
9.996828e-01 2.384178e-02 -8.110471e-03 8.682227e+01 -2.371791e-02 9.996054e-01 1.504075e-02 -1.772339e+00 8.465869e-03 -1.484362e-02 9.998540e-01 -1.987995e+00
9.996632e-01 2.451919e-02 -8.507896e-03 8.738982e+01 -2.439369e-02 9.995964e-01 1.455372e-02 -1.795592e+00 8.861309e-03 -1.434127e-02 9.998579e-01 -2.004983e+00
9.996424e-01 2.621736e-02 -5.271144e-03 8.797039e+01 -2.613736e-02 9.995500e-01 1.471242e-02 -1.821468e+00 5.654493e-03 -1.456939e-02 9.998779e-01 -2.033030e+00
9.996210e-01 2.709561e-02 -4.875734e-03 8.855904e+01 -2.702036e-02 9.995239e-01 1.488777e-02 -1.845769e+00 5.276807e-03 -1.475038e-02 9.998773e-01 -2.038188e+00
9.995884e-01 2.818768e-02 -5.330337e-03 8.916507e+01 -2.810914e-02 9.995029e-01 1.427610e-02 -1.868696e+00 5.730098e-03 -1.412039e-02 9.998839e-01 -2.060207e+00
9.995657e-01 2.914630e-02 -4.362681e-03 8.976585e+01 -2.907631e-02 9.994595e-01 1.532733e-02 -1.894731e+00 4.807059e-03 -1.519382e-02 9.998730e-01 -2.079884e+00
9.995330e-01 3.036338e-02 -3.442058e-03 9.037096e+01 -3.030130e-02 9.993988e-01 1.684464e-02 -1.923520e+00 3.951449e-03 -1.673247e-02 9.998522e-01 -2.104782e+00
9.995292e-01 3.061301e-02 -2.039750e-03 9.098159e+01 -3.057321e-02 9.993827e-01 1.730192e-02 -1.945055e+00 2.568155e-03 -1.723141e-02 9.998482e-01 -2.113580e+00
9.994987e-01 3.163108e-02 -1.346156e-03 9.160378e+01 -3.160303e-02 9.993500e-01 1.733863e-02 -1.965281e+00 1.893721e-03 -1.728740e-02 9.998488e-01 -2.138812e+00
