1.000000e+00 0.000000e+00 0.000000e+00 0.000000e+00 0.000000e+00 1.000000e+00 0.000000e+00 0.000000e+00 0.000000e+00 0.000000e+00 1.000000e+00 0.000000e+00
9.999757e-01 -6.489658e-03 2.563530e-03 6.734431e-01 6.495353e-03 9.999763e-01 -2.219355e-03 8.561043e-03 -2.549067e-03 2.235952e-03 9.999943e-01 -2.410669e-03
9.999417e-01 -1.019525e-02 3.553669e-03 1.060731e+00 1.020424e-02 9.999448e-01 -2.521498e-03 1.426683e-02 -3.527765e-03 2.557614e-03 9.999905e-01 -1.462844e-02
9.999072e-01 -1.349767e-02 1.840752e-03 1.446050e+00 1.350111e-02 9.999070e-01 -1.871774e-03 1.659765e-02 -1.815316e-03 1.896453e-03 9.999965e-01 -2.526916e-02
9.998615e-01 -1.655428e-02 1.702745e-03 1.822942e+00 1.655703e-02 9.998617e-01 -1.613241e-03 2.010489e-02 -1.675803e-03 1.641210e-03 9.999973e-01 -3.453256e-02
9.998063e-01 -1.965847e-02 9.802424e-04 2.210410e+00 1.965884e-02 9.998066e-01 -3.689622e-04 2.519112e-02 -9.727996e-04 3.881611e-04 9.999995e-01 -2.971743e-02
9.997522e-01 -2.218161e-02 1.879737e-03 2.614883e+00 2.218293e-02 9.997538e-01 -6.849656e-04 3.783715e-02 -1.864081e-03 7.264940e-04 9.999980e-01 -3.901540e-02
9.997269e-01 -2.322048e-02 2.633858e-03 3.001304e+00 2.322087e-02 9.997302e-01 -1.153129e-04 2.920422e-02 -2.630470e-03 1.764419e-04 9.999965e-01 -4.477520e-02
9.997048e-01 -2.426749e-02 1.133893e-03 3.398031e+00 2.426749e-02 9.997054e-01 1.039552e-05 2.941712e-02 -1.133811e-03 1.712428e-05 9.999993e-01 -6.310873e-02
9.996884e-01 -2.488413e-02 1.931859e-03 3.798217e+00 2.488495e-02 9.996903e-01 -3.986033e-04 4.040850e-02 -1.921342e-03 4.465533e-04 9.999980e-01 -5.680156e-02
9.996920e-01 -2.478981e-02 1.144740e-03 4.197490e+00 2.478960e-02 9.996927e-01 2.003640e-04 4.087792e-02 -1.149355e-03 -1.719247e-04 9.999993e-01 -6.551018e-02
9.997036e-01 -2.427012e-02 1.909120e-03 4.612924e+00 2.427104e-02 9.997052e-01 -4.578985e-04 4.631682e-02 -1.897444e-03 5.040991e-04 9.999981e-01 -7.480744e-02
9.997219e-01 -2.341686e-02 2.784529e-03 5.017749e+00 2.341640e-02 9.997259e-01 1.973399e-04 4.802850e-02 -2.788387e-03 -1.320814e-04 9.999961e-01 -7.363340e-02
9.997315e-01 -2.288518e-02 3.620517e-03 5.440682e+00 2.288519e-02 9.997381e-01 4.016726e-05 5.050431e-02 -3.620488e-03 4.269973e-05 9.999934e-01 -8.876824e-02
9.997460e-01 -2.226273e-02 3.521706e-03 5.857866e+00 2.226096e-02 9.997520e-01 5.406665e-04 5.417134e-02 -3.532869e-03 -4.621326e-04 9.999937e-01 -8.681844e-02
9.997573e-01 -2.177625e-02 3.345515e-03 6.274356e+00 2.177577e-02 9.997629e-01 1.784933e-04 6.078127e-02 -3.348609e-03 -1.055988e-04 9.999944e-01 -1.046707e-01
9.997730e-01 -2.089790e-02 4.150305e-03 6.704105e+00 2.089353e-02 9.997813e-01 1.094293e-03 6.480738e-02 -4.172265e-03 -1.007330e-03 9.999908e-01 -1.003473e-01
9.997820e-01 -2.042202e-02 4.360209e-03 7.129670e+00 2.041883e-02 9.997911e-01 7.750465e-04 7.017335e-02 -4.375127e-03 -6.858471e-04 9.999902e-01 -1.145121e-01
9.997966e-01 -1.963367e-02 4.611973e-03 7.566647e+00 1.963158e-02 9.998070e-01 4.979557e-04 7.342595e-02 -4.620860e-03 -4.073141e-04 9.999892e-01 -1.279018e-01
9.998116e-01 -1.889742e-02 4.419913e-03 8.004000e+00 1.889513e-02 9.998212e-01 5.584908e-04 8.387803e-02 -4.429677e-03 -4.748708e-04 9.999901e-01 -1.144647e-01
9.998286e-01 -1.793777e-02 4.570331e-03 8.450287e+00 1.793600e-02 9.998391e-01 4.261263e-04 8.825155e-02 -4.577240e-03 -3.440798e-04 9.999894e-01 -1.355815e-01
9.998414e-01 -1.686585e-02 5.725373e-03 8.886255e+00 1.686078e-02 9.998574e-01 9.334562e-04 8.816279e-02 -5.740300e-03 -8.367738e-04 9.999832e-01 -1.330022e-01
9.998544e-01 -1.592137e-02 6.138538e-03 9.329214e+00 1.591353e-02 9.998726e-01 1.322967e-03 8.950260e-02 -6.158818e-03 -1.225088e-03 9.999803e-01 -1.469539e-01
9.998654e-01 -1.547181e-02 5.454531e-03 9.782404e+00 1.546171e-02 9.998785e-01 1.890032e-03 9.375273e-02 -5.483111e-03 -1.805442e-03 9.999833e-01 -1.684656e-01
9.998723e-01 -1.489905e-02 5.784386e-03 1.023281e+01 1.489237e-02 9.998883e-01 1.195338e-03 9.820440e-02 -5.801549e-03 -1.109042e-03 9.999825e-01 -1.506476e-01
9.998938e-01 -1.378477e-02 4.714550e-03 1.069474e+01 1.377725e-02 9.999039e-01 1.623570e-03 9.655573e-02 -4.736478e-03 -1.558444e-03 9.999875e-01 -1.642679e-01
9.998997e-01 -1.316028e-02 5.229407e-03 1.114936e+01 1.315553e-02 9.999131e-01 9.411373e-04 9.833618e-02 -5.241338e-03 -8.722473e-04 9.999859e-01 -1.709492e-01
9.999020e-01 -1.268827e-02 5.910290e-03 1.160160e+01 1.268200e-02 9.999191e-01 1.096700e-03 9.856308e-02 -5.923727e-03 -1.021638e-03 9.999819e-01 -1.767412e-01
9.999112e-01 -1.206203e-02 5.671784e-03 1.206129e+01 1.206567e-02 9.999272e-01 -6.081393e-04 9.646514e-02 -5.664034e-03 6.765191e-04 9.999837e-01 -1.942798e-01
9.999186e-01 -1.095064e-02 6.546402e-03 1.252360e+01 1.095355e-02 9.999399e-01 -4.083658e-04 9.331042e-02 -6.541537e-03 4.800388e-04 9.999785e-01 -1.890675e-01
9.999340e-01 -1.012282e-02 5.436677e-03 1.297274e+01 1.012450e-02 9.999487e-01 -2.824996e-04 9.676007e-02 -5.433539e-03 3.375246e-04 9.999852e-01 -2.080118e-01
9.999452e-01 -9.052231e-03 5.265487e-03 1.343153e+01 9.054570e-03 9.999590e-01 -4.206644e-04 9.264791e-02 -5.261463e-03 4.683181e-04 9.999861e-01 -2.109949e-01
9.999612e-01 -7.546844e-03 4.538944e-03 1.388366e+01 7.548349e-03 9.999714e-01 -3.145048e-04 8.934418e-02 -4.536441e-03 3.487542e-04 9.999896e-01 -2.198233e-01
9.999707e-01 -5.861497e-03 4.931151e-03 1.434836e+01 5.866763e-03 9.999824e-01 -1.054239e-03 8.657312e-02 -4.924884e-03 1.083138e-03 9.999873e-01 -2.310046e-01
9.999766e-01 -4.372307e-03 5.253963e-03 1.480882e+01 4.380209e-03 9.999893e-01 -1.493503e-03 8.401758e-02 -5.247377e-03 1.516481e-03 9.999851e-01 -2.262585e-01
9.999786e-01 -2.674961e-03 5.972088e-03 1.527739e+01 2.682159e-03 9.999957e-01 -1.197628e-03 8.105528e-02 -5.968858e-03 1.213620e-03 9.999815e-01 -2.374684e-01
9.999869e-01 -9.533605e-04 5.034920e-03 1.573334e+01 9.606379e-04 9.999986e-01 -1.443184e-03 6.935365e-02 -5.033537e-03 1.448001e-03 9.999863e-01 -2.448111e-01
9.999873e-01 3.437598e-04 5.024949e-03 1.620557e+01 -3.324082e-04 9.999974e-01 -2.259709e-03 6.804665e-02 -5.025712e-03 2.258010e-03 9.999848e-01 -2.544957e-01
9.999840e-01 2.465187e-03 5.091467e-03 1.666027e+01 -2.452121e-03 9.999937e-01 -2.570829e-03 6.010091e-02 -5.097772e-03 2.558304e-03 9.999837e-01 -2.608457e-01
9.999822e-01 4.061522e-03 4.382448e-03 1.713530e+01 -4.050229e-03 9.999884e-01 -2.582720e-03 5.983818e-02 -4.392887e-03 2.564924e-03 9.999871e-01 -2.474966e-01
9.999795e-01 5.714529e-03 2.887458e-03 1.760240e+01 -5.707718e-03 9.999808e-01 -2.361588e-03 4.735462e-02 -2.900898e-03 2.345059e-03 9.999930e-01 -2.668871e-01
9.999643e-01 7.522433e-03 3.843222e-03 1.806325e+01 -7.509628e-03 9.999661e-01 -3.335395e-03 3.223130e-02 -3.868182e-03 3.306415e-03 9.999871e-01 -2.812665e-01
9.999533e-01 9.080191e-03 3.308979e-03 1.852940e+01 -9.069419e-03 9.999535e-01 -3.255671e-03 2.364121e-02 -3.338387e-03 3.225508e-03 9.999892e-01 -2.745759e-01
9.999353e-01 1.070732e-02 3.835187e-03 1.900092e+01 -1.069475e-02 9.999373e-01 -3.280906e-03 1.147476e-02 -3.870076e-03 3.239677e-03 9.999872e-01 -2.980745e-01
9.999157e-01 1.232563e-02 4.077966e-03 1.947168e+01 -1.231452e-02 9.999204e-01 -2.737883e-03 -3.719704e-03 -4.111388e-03 2.687434e-03 9.999880e-01 -2.879411e-01
9.999009e-01 1.370139e-02 3.244323e-03 1.994349e+01 -1.369361e-02 9.999033e-01 -2.406776e-03 -1.411612e-02 -3.276985e-03 2.362111e-03 9.999918e-01 -3.061851e-01
9.998817e-01 1.507981e-02 3.009345e-03 2.042284e+01 -1.507441e-02 9.998846e-01 -1.807652e-03 -2.305786e-02 -3.036257e-03 1.762074e-03 9.999939e-01 -2.962631e-01
9.998648e-01 1.631125e-02 2.093705e-03 2.090515e+01 -1.630837e-02 9.998661e-01 -1.386666e-03 -3.770787e-02 -2.116043e-03 1.352333e-03 9.999968e-01 -3.151622e-01
9.998478e-01 1.728635e-02 2.382974e-03 2.137207e+01 -1.728244e-02 9.998493e-01 -1.652913e-03 -5.277115e-02 -2.411187e-03 1.611478e-03 9.999958e-01 -3.199370e-01
9.998380e-01 1.775510e-02 2.947085e-03 2.185684e+01 -1.774830e-02 9.998399e-01 -2.316811e-03 -6.132182e-02 -2.987748e-03 2.264129e-03 9.999930e-01 -3.209135e-01
9.998270e-01 1.842070e-02 2.586465e-03 2.234947e+01 -1.841384e-02 9.998270e-01 -2.649094e-03 -7.672656e-02 -2.634815e-03 2.601008e-03 9.999931e-01 -3.404210e-01
9.998167e-01 1.909732e-02 1.358631e-03 2.283883e+01 -1.909398e-02 9.998147e-01 -2.436394e-03 -9.866149e-02 -1.404908e-03 2.410006e-03 9.999961e-01 -3.386068e-01
9.998137e-01 1.910875e-02 -2.742085e-03 2.332741e+01 -1.911411e-02 9.998153e-01 -1.943559e-03 -9.918325e-02 2.704440e-03 1.995609e-03 9.999943e-01 -3.820416e-01
9.998077e-01 1.957261e-02 -1.216870e-03 2.383352e+01 -1.957533e-02 9.998059e-01 -2.262621e-03 -1.075230e-01 1.172348e-03 2.286007e-03 9.999967e-01 -3.749905e-01
9.998081e-01 1.955414e-02 -1.205134e-03 2.432712e+01 -1.955741e-02 9.998050e-01 -2.762962e-03 -1.154197e-01 1.150871e-03 2.786001e-03 9.999955e-01 -3.377197e-01
9.998001e-01 1.998992e-02 -4.538314e-04 2.482998e+01 -1.999061e-02 9.997989e-01 -1.578058e-03 -1.409265e-01 4.221949e-04 1.586815e-03 9.999986e-01 -3.715173e-01
9.997995e-01 1.994152e-02 -1.812898e-03 2.532787e+01 -1.994424e-02 9.998000e-01 -1.498772e-03 -1.609014e-01 1.782648e-03 1.534628e-03 9.999973e-01 -3.719471e-01
9.998038e-01 1.974923e-02 -1.521811e-03 2.583875e+01 -1.975137e-02 9.998040e-01 -1.407323e-03 -1.634301e-01 1.493719e-03 1.437105e-03 9.999979e-01 -3.798985e-01
9.997745e-01 2.009103e-02 -6.882942e-03 2.634462e+01 -2.010559e-02 9.997958e-01 -2.052771e-03 -1.775900e-01 6.840294e-03 2.190694e-03 9.999742e-01 -4.049649e-01
9.997925e-01 2.002623e-02 -3.740574e-03 2.685929e+01 -2.002442e-02 9.997994e-01 5.232102e-04 -1.869587e-01 3.750302e-03 -4.481988e-04 9.999928e-01 -3.948961e-01
9.997899e-01 1.916057e-02 -7.281441e-03 2.737483e+01 -1.916267e-02 9.998164e-01 -2.189130e-04 -2.019626e-01 7.275909e-03 3.583988e-04 9.999735e-01 -3.870418e-01
9.997976e-01 1.968967e-02 -4.141509e-03 2.790919e+01 -1.969199e-02 9.998059e-01 -5.200110e-04 -2.165544e-01 4.130466e-03 6.014603e-04 9.999913e-01 -4.148290e-01
9.997881e-01 1.925596e-02 -7.278713e-03 2.842168e+01 -1.926393e-02 9.998140e-01 -1.026022e-03 -2.356470e-01 7.257602e-03 1.166021e-03 9.999730e-01 -4.036390e-01
9.997922e-01 1.933373e-02 -6.466971e-03 2.895743e+01 -1.933722e-02 9.998130e-01 -4.775127e-04 -2.449478e-01 6.456529e-03 6.024667e-04 9.999790e-01 -4.228150e-01
9.997727e-01 1.886256e-02 -9.940430e-03 2.947788e+01 -1.886643e-02 9.998219e-01 -2.948365e-04 -2.560454e-01 9.933098e-03 4.823098e-04 9.999505e-01 -4.266557e-01
9.997754e-01 1.857572e-02 -1.020073e-02 3.001582e+01 -1.858853e-02 9.998266e-01 -1.162504e-03 -2.697819e-01 1.017737e-02 1.351860e-03 9.999473e-01 -4.417492e-01
9.997751e-01 1.831665e-02 -1.068786e-02 3.055148e+01 -1.833660e-02 9.998302e-01 -1.771493e-03 -2.840247e-01 1.065360e-02 1.967074e-03 9.999413e-01 -4.346578e-01
9.997892e-01 1.798519e-02 -9.905537e-03 3.109151e+01 -1.801594e-02 9.998330e-01 -3.023772e-03 -2.974386e-01 9.849501e-03 3.201592e-03 9.999464e-01 -4.503052e-01
9.997826e-01 1.794014e-02 -1.062420e-02 3.162190e+01 -1.796612e-02 9.998360e-01 -2.354349e-03 -3.197103e-01 1.058022e-02 2.544713e-03 9.999408e-01 -4.507237e-01
9.997761e-01 1.787321e-02 -1.132610e-02 3.215484e+01 -1.791568e-02 9.998327e-01 -3.659696e-03 -3.291843e-01 1.125879e-02 3.861792e-03 9.999292e-01 -4.704553e-01
9.997637e-01 1.758120e-02 -1.278666e-02 3.269891e+01 -1.762254e-02 9.998399e-01 -3.127507e-03 -3.407353e-01 1.272962e-02 3.352102e-03 9.999133e-01 -4.678771e-01
9.997699e-01 1.715420e-02 -1.287747e-02 3.323753e+01 -1.719540e-02 9.998473e-01 -3.095699e-03 -3.595619e-01 1.282240e-02 3.316420e-03 9.999123e-01 -4.788127e-01
9.997932e-01 1.659884e-02 -1.174534e-02 3.377010e+01 -1.664354e-02 9.998546e-01 -3.717992e-03 -3.728613e-01 1.168191e-02 3.912708e-03 9.999241e-01 -4.727415e-01
9.998017e-01 1.691601e-02 -1.050873e-02 3.430430e+01 -1.695878e-02 9.998481e-01 -3.994028e-03 -3.886639e-01 1.043957e-02 4.171452e-03 9.999368e-01 -4.935531e-01
9.998087e-01 1.642015e-02 -1.062604e-02 3.485605e+01 -1.646221e-02 9.998571e-01 -3.883421e-03 -4.058394e-01 1.056076e-02 4.057607e-03 9.999360e-01 -4.904711e-01
9.998061e-01 1.643885e-02 -1.084002e-02 3.539287e+01 -1.647702e-02 9.998584e-01 -3.441400e-03 -4.174666e-01 1.078191e-02 3.619344e-03 9.999353e-01 -5.102133e-01
9.998066e-01 1.617269e-02 -1.118436e-02 3.593970e+01 -1.621405e-02 9.998620e-01 -3.616982e-03 -4.283557e-01 1.112431e-02 3.797626e-03 9.999309e-01 -5.061640e-01
9.998294e-01 1.625530e-02 -8.767221e-03 3.647486e+01 -1.627754e-02 9.998645e-01 -2.470733e-03 -4.421180e-01 8.725870e-03 2.613021e-03 9.999585e-01 -5.247830e-01
9.998339e-01 1.599519e-02 -8.730609e-03 3.702596e+01 -1.601721e-02 9.998686e-01 -2.457460e-03 -4.589438e-01 8.690154e-03 2.596892e-03 9.999589e-01 -5.089414e-01
9.998401e-01 1.668361e-02 -6.428529e-03 3.755883e+01 -1.669310e-02 9.998597e-01 -1.426061e-03 -4.764195e-01 6.403835e-03 1.533145e-03 9.999783e-01 -5.362310e-01
9.998425e-01 1.651660e-02 -6.496802e-03 3.809499e+01 -1.652899e-02 9.998617e-01 -1.858087e-03 -4.981406e-01 6.465214e-03 1.965180e-03 9.999772e-01 -5.326830e-01
9.998421e-01 1.657929e-02 -6.397834e-03 3.864164e+01 -1.657921e-02 9.998627e-01 6.511567e-05 -5.059174e-01 6.398034e-03 4.096563e-05 9.999796e-01 -5.436501e-01
9.998542e-01 1.596873e-02 -6.045935e-03 3.918524e+01 -1.596677e-02 9.998723e-01 3.721072e-04 -5.176709e-01 6.051105e-03 -2.755189e-04 9.999816e-01 -5.572759e-01
9.998578e-01 1.621129e-02 -4.645502e-03 3.972678e+01 -1.620855e-02 9.998685e-01 6.262767e-04 -5.408169e-01 4.655044e-03 -5.508907e-04 9.999890e-01 -5.627193e-01
9.998621e-01 1.595499e-02 -4.603073e-03 4.027961e+01 -1.595605e-02 9.998728e-01 -1.948961e-04 -5.500219e-01 4.599378e-03 2.683161e-04 9.999894e-01 -5.672180e-01
9.998546e-01 1.586711e-02 -6.245317e-03 4.083117e+01 -1.587271e-02 9.998735e-01 -8.482342e-04 -5.609311e-01 6.231069e-03 9.472410e-04 9.999802e-01 -5.786380e-01
9.998507e-01 1.626473e-02 -5.839810e-03 4.136930e+01 -1.627473e-02 9.998660e-01 -1.667293e-03 -5.779067e-01 5.811910e-03 1.762086e-03 9.999816e-01 -5.906693e-01
9.998624e-01 1.567394e-02 -5.421707e-03 4.192740e+01 -1.568639e-02 9.998744e-01 -2.259994e-03 -5.883871e-01 5.385604e-03 2.344731e-03 9.999828e-01 -5.900885e-01
9.998679e-01 1.559205e-02 -4.599199e-03 4.246675e+01 -1.560139e-02 9.998763e-01 -2.003558e-03 -6.076145e-01 4.567391e-03 2.075047e-03 9.999874e-01 -6.031686e-01
9.998643e-01 1.532834e-02 -6.029963e-03 4.301918e+01 -1.534652e-02 9.998778e-01 -2.980218e-03 -6.146989e-01 5.983544e-03 3.072353e-03 9.999774e-01 -6.185898e-01
9.998723e-01 1.486443e-02 -5.864087e-03 4.357320e+01 -1.487844e-02 9.998864e-01 -2.352437e-03 -6.306891e-01 5.828454e-03 2.439386e-03 9.999800e-01 -6.107011e-01
9.998587e-01 1.462792e-02 -8.288727e-03 4.413171e+01 -1.469143e-02 9.998627e-01 -7.654367e-03 -6.419139e-01 8.175622e-03 7.775058e-03 9.999363e-01 -6.616238e-01
9.998592e-01 1.527262e-02 -6.948030e-03 4.466228e+01 -1.533405e-02 9.998430e-01 -8.876112e-03 -6.413119e-01 6.811378e-03 8.981404e-03 9.999365e-01 -7.391231e-01
9.998705e-01 1.566874e-02 -3.664033e-03 4.521168e+01 -1.567923e-02 9.998732e-01 -2.851886e-03 -6.682410e-01 3.618882e-03 2.908966e-03 9.999892e-01 -6.752449e-01
9.998758e-01 1.436928e-02 -6.467124e-03 4.575859e+01 -1.438086e-02 9.998950e-01 -1.748273e-03 -6.923352e-01 6.441324e-03 1.841059e-03 9.999776e-01 -5.792851e-01
9.998664e-01 1.564258e-02 -4.732350e-03 4.629161e+01 -1.563370e-02 9.998761e-01 1.906496e-03 -7.025989e-01 4.761585e-03 -1.832257e-03 9.999870e-01 -7.040179e-01
9.998617e-01 1.607938e-02 -4.244094e-03 4.682367e+01 -1.605904e-02 9.998597e-01 4.785942e-03 -7.033172e-01 4.320453e-03 -4.717124e-03 9.999796e-01 -7.157458e-01
9.998388e-01 1.466656e-02 -1.035207e-02 4.738313e+01 -1.463708e-02 9.998885e-01 2.918019e-03 -7.264435e-01 1.039371e-02 -2.766025e-03 9.999422e-01 -6.043940e-01
9.998751e-01 1.506882e-02 -4.773831e-03 4.793490e+01 -1.508051e-02 9.998833e-01 -2.420660e-03 -7.288535e-01 4.736798e-03 2.492349e-03 9.999857e-01 -6.850956e-01
9.998737e-01 1.456863e-02 -6.352299e-03 4.847020e+01 -1.459309e-02 9.998863e-01 -3.820726e-03 -7.490948e-01 6.295913e-03 3.912943e-03 9.999725e-01 -7.184735e-01
9.998930e-01 1.452642e-02 -1.706644e-03 4.900916e+01 -1.453128e-02 9.998903e-01 -2.870478e-03 -7.621719e-01 1.664759e-03 2.894971e-03 9.999944e-01 -6.793421e-01
9.998729e-01 1.473517e-02 -6.089477e-03 4.953900e+01 -1.473478e-02 9.998915e-01 1.086987e-04 -7.737393e-01 6.090418e-03 -1.895783e-05 9.999815e-01 -7.381394e-01
9.998969e-01 1.400274e-02 -3.173009e-03 5.007233e+01 -1.400290e-02 9.999020e-01 -2.884091e-05 -7.807507e-01 3.172294e-03 7.326928e-05 9.999950e-01 -7.050271e-01
9.998648e-01 1.365092e-02 -9.171436e-03 5.059126e+01 -1.364106e-02 9.999062e-01 1.135896e-03 -7.945896e-01 9.186082e-03 -1.010635e-03 9.999573e-01 -7.395329e-01
9.999133e-01 1.290541e-02 -2.610441e-03 5.112050e+01 -1.290635e-02 9.999167e-01 -3.427023e-04 -8.019489e-01 2.605801e-03 3.763639e-04 9.999965e-01 -7.477866e-01
9.999166e-01 1.205418e-02 -4.627339e-03 5.164092e+01 -1.205603e-02 9.999273e-01 -3.712694e-04 -8.196113e-01 4.622527e-03 4.270257e-04 9.999892e-01 -7.322022e-01
9.999350e-01 1.102588e-02 -2.910611e-03 5.216301e+01 -1.102880e-02 9.999386e-01 -9.881768e-04 -8.345600e-01 2.899537e-03 1.020213e-03 9.999953e-01 -7.738398e-01
9.999326e-01 1.022289e-02 -5.510750e-03 5.268856e+01 -1.023000e-02 9.999470e-01 -1.262329e-03 -8.417503e-01 5.497552e-03 1.318619e-03 9.999840e-01 -7.608077e-01
9.999428e-01 9.553334e-03 -4.802778e-03 5.320985e+01 -9.561216e-03 9.999530e-01 -1.621019e-03 -8.428491e-01 4.787066e-03 1.666847e-03 9.999871e-01 -7.873507e-01
9.999514e-01 8.819357e-03 -4.418243e-03 5.373378e+01 -8.826968e-03 9.999597e-01 -1.706200e-03 -8.565996e-01 4.403017e-03 1.745117e-03 9.999888e-01 -7.775980e-01
9.999597e-01 7.465849e-03 -4.980365e-03 5.426247e+01 -7.476039e-03 9.999700e-01 -2.030417e-03 -8.659472e-01 4.965057e-03 2.067569e-03 9.999855e-01 -7.848653e-01
9.999596e-01 8.024422e-03 -4.043091e-03 5.478066e+01 -8.031826e-03 9.999661e-01 -1.818514e-03 -8.745027e-01 4.028361e-03 1.850914e-03 9.999902e-01 -8.077100e-01
9.999618e-01 7.673230e-03 -4.190181e-03 5.529474e+01 -7.683390e-03 9.999675e-01 -2.414096e-03 -8.832038e-01 4.171521e-03 2.446199e-03 9.999883e-01 -7.959200e-01
9.999635e-01 7.564363e-03 -3.967314e-03 5.581228e+01 -7.573461e-03 9.999688e-01 -2.283288e-03 -8.964990e-01 3.949918e-03 2.313251e-03 9.999895e-01 -8.197253e-01
9.999610e-01 7.630939e-03 -4.439195e-03 5.634096e+01 -7.642895e-03 9.999671e-01 -2.682691e-03 -9.020861e-01 4.418578e-03 2.716515e-03 9.999865e-01 -8.183367e-01
9.999591e-01 7.752674e-03 -4.650816e-03 5.686228e+01 -7.763065e-03 9.999673e-01 -2.220337e-03 -9.091920e-01 4.633450e-03 2.256351e-03 9.999867e-01 -8.266609e-01
9.999614e-01 8.010792e-03 -3.617503e-03 5.737066e+01 -8.020269e-03 9.999644e-01 -2.613174e-03 -9.245638e-01 3.596441e-03 2.642087e-03 9.999900e-01 -8.302532e-01
9.999561e-01 9.073268e-03 -2.342075e-03 5.789228e+01 -9.077751e-03 9.999570e-01 -1.910930e-03 -9.337981e-01 2.324636e-03 1.932107e-03 9.999954e-01 -8.446416e-01
9.999413e-01 1.020299e-02 -3.625406e-03 5.839609e+01 -1.020759e-02 9.999472e-01 -1.252498e-03 -9.458805e-01 3.612435e-03 1.289431e-03 9.999927e-01 -8.571035e-01
9.999343e-01 1.106840e-02 -2.992176e-03 5.890512e+01 -1.107240e-02 9.999379e-01 -1.324130e-03 -9.545395e-01 2.977334e-03 1.357174e-03 9.999946e-01 -8.595361e-01
9.999176e-01 1.222279e-02 -3.920442e-03 5.941102e+01 -1.222838e-02 9.999242e-01 -1.403422e-03 -9.700606e-01 3.902992e-03 1.451247e-03 9.999914e-01 -8.659522e-01
9.999146e-01 1.279890e-02 -2.621713e-03 5.993081e+01 -1.280794e-02 9.999120e-01 -3.461764e-03 -9.772311e-01 2.577176e-03 3.495047e-03 9.999906e-01 -8.502740e-01
9.999031e-01 1.349528e-02 -3.424975e-03 6.042683e+01 -1.350744e-02 9.999026e-01 -3.553863e-03 -9.933699e-01 3.376681e-03 3.599782e-03 9.999878e-01 -8.959760e-01
9.998928e-01 1.461444e-02 -8.709588e-04 6.093270e+01 -1.461836e-02 9.998821e-01 -4.687357e-03 -1.008955e+00 8.023531e-04 4.699586e-03 9.999886e-01 -8.834037e-01
9.998807e-01 1.523924e-02 -2.537679e-03 6.141829e+01 -1.525015e-02 9.998744e-01 -4.339145e-03 -1.019917e+00 2.471235e-03 4.377328e-03 9.999874e-01 -8.938496e-01
9.998693e-01 1.610381e-02 -1.394941e-03 6.190999e+01 -1.611094e-02 9.998565e-01 -5.262829e-03 -1.034292e+00 1.309989e-03 5.284616e-03 9.999852e-01 -9.064124e-01
9.998560e-01 1.670676e-02 -2.983359e-03 6.239406e+01 -1.671940e-02 9.998510e-01 -4.264520e-03 -1.045967e+00 2.911669e-03 4.313786e-03 9.999865e-01 -9.019926e-01
9.998498e-01 1.711499e-02 -2.731993e-03 6.286863e+01 -1.712657e-02 9.998441e-01 -4.272970e-03 -1.061101e+00 2.658435e-03 4.319118e-03 9.999871e-01 -9.078411e-01
9.998381e-01 1.789114e-02 -1.922758e-03 6.334610e+01 -1.789888e-02 9.998316e-01 -4.088488e-03 -1.070108e+00 1.849287e-03 4.122241e-03 9.999898e-01 -9.204366e-01
9.998345e-01 1.814531e-02 -1.280442e-03 6.381535e+01 -1.815104e-02 9.998245e-01 -4.620783e-03 -1.083242e+00 1.196371e-03 4.643260e-03 9.999885e-01 -9.150103e-01
9.998261e-01 1.855589e-02 -1.838292e-03 6.427509e+01 -1.856343e-02 9.998190e-01 -4.174781e-03 -1.097538e+00 1.760492e-03 4.208181e-03 9.999896e-01 -9.354616e-01
9.998211e-01 1.878044e-02 -2.249938e-03 6.472958e+01 -1.879061e-02 9.998128e-01 -4.587398e-03 -1.104822e+00 2.163363e-03 4.628855e-03 9.999869e-01 -9.321113e-01
9.998105e-01 1.916296e-02 -3.423077e-03 6.517461e+01 -1.917700e-02 9.998076e-01 -4.116768e-03 -1.124031e+00 3.343529e-03 4.181632e-03 9.999857e-01 -9.498430e-01
9.998020e-01 1.973244e-02 -2.576771e-03 6.561036e+01 -1.974163e-02 9.997987e-01 -3.592802e-03 -1.138795e+00 2.505358e-03 3.642960e-03 9.999902e-01 -9.496526e-01
9.997919e-01 1.988654e-02 -4.555609e-03 6.604784e+01 -1.990360e-02 9.997950e-01 -3.730820e-03 -1.149271e+00 4.480482e-03 3.820717e-03 9.999827e-01 -9.576735e-01
9.997954e-01 1.987907e-02 -3.741550e-03 6.647746e+01 -1.989641e-02 9.997913e-01 -4.655788e-03 -1.158041e+00 3.648216e-03 4.729278e-03 9.999822e-01 -9.685037e-01
9.997863e-01 2.037132e-02 -3.525025e-03 6.689670e+01 -2.038748e-02 9.997815e-01 -4.610038e-03 -1.173633e+00 3.430342e-03 4.680919e-03 9.999831e-01 -9.675246e-01
9.997786e-01 2.073931e-02 -3.547699e-03 6.731347e+01 -2.075178e-02 9.997785e-01 -3.515685e-03 -1.187461e+00 3.474001e-03 3.588528e-03 9.999875e-01 -9.795445e-01
9.997905e-01 2.021657e-02 -3.192239e-03 6.773129e+01 -2.022457e-02 9.997923e-01 -2.493845e-03 -1.194339e+00 3.141159e-03 2.557884e-03 9.999918e-01 -9.824259e-01
9.997959e-01 1.998804e-02 -2.954301e-03 6.814680e+01 -1.999519e-02 9.997971e-01 -2.413075e-03 -1.210389e+00 2.905469e-03 2.471654e-03 9.999927e-01 -9.850378e-01
9.998033e-01 1.956407e-02 -3.249170e-03 6.855742e+01 -1.957200e-02 9.998055e-01 -2.425437e-03 -1.220042e+00 3.201087e-03 2.488553e-03 9.999918e-01 -1.003955e+00
9.998016e-01 1.932508e-02 -4.818005e-03 6.895782e+01 -1.933485e-02 9.998111e-01 -1.989530e-03 -1.231090e+00 4.778648e-03 2.082291e-03 9.999864e-01 -1.004377e+00
9.998081e-01 1.885951e-02 -5.304156e-03 6.935801e+01 -1.886844e-02 9.998206e-01 -1.638959e-03 -1.241214e+00 5.272294e-03 1.738725e-03 9.999846e-01 -1.010745e+00
9.998124e-01 1.835553e-02 -6.185838e-03 6.975177e+01 -1.836631e-02 9.998300e-01 -1.690310e-03 -1.249425e+00 6.153760e-03 1.803604e-03 9.999794e-01 -1.014183e+00
9.998278e-01 1.769003e-02 -5.605420e-03 7.014350e+01 -1.770235e-02 9.998411e-01 -2.154420e-03 -1.263960e+00 5.566417e-03 2.253278e-03 9.999819e-01 -1.020709e+00
9.998354e-01 1.735379e-02 -5.286240e-03 7.054457e+01 -1.736643e-02 9.998465e-01 -2.355377e-03 -1.275204e+00 5.244553e-03 2.446793e-03 9.999833e-01 -1.028695e+00
9.998384e-01 1.681057e-02 -6.373363e-03 7.092590e+01 -1.683000e-02 9.998537e-01 -3.006624e-03 -1.279572e+00 6.321889e-03 3.113402e-03 9.999751e-01 -1.034488e+00
9.998453e-01 1.614963e-02 -6.974445e-03 7.131194e+01 -1.616951e-02 9.998654e-01 -2.803503e-03 -1.290344e+00 6.928230e-03 2.915843e-03 9.999717e-01 -1.041455e+00
9.998496e-01 1.538820e-02 -8.003316e-03 7.170102e+01 -1.541094e-02 9.998773e-01 -2.786972e-03 -1.294793e+00 7.959449e-03 2.909891e-03 9.999641e-01 -1.048231e+00
9.998565e-01 1.474854e-02 -8.336665e-03 7.207803e+01 -1.477065e-02 9.998875e-01 -2.596570e-03 -1.302421e+00 8.297432e-03 2.719335e-03 9.999619e-01 -1.049944e+00
9.998626e-01 1.432647e-02 -8.344905e-03 7.246186e+01 -1.434393e-02 9.998950e-01 -2.036818e-03 -1.312499e+00 8.314849e-03 2.156237e-03 9.999631e-01 -1.059915e+00
9.998693e-01 1.416484e-02 -7.787857e-03 7.284140e+01 -1.418035e-02 9.998976e-01 -1.940052e-03 -1.321892e+00 7.759579e-03 2.050233e-03 9.999678e-01 -1.062039e+00
9.998684e-01 1.366097e-02 -8.751918e-03 7.321438e+01 -1.367468e-02 9.999055e-01 -1.509180e-03 -1.328854e+00 8.730473e-03 1.628661e-03 9.999605e-01 -1.070425e+00
9.998699e-01 1.315055e-02 -9.338699e-03 7.358696e+01 -1.316470e-02 9.999124e-01 -1.456227e-03 -1.336703e+00 9.318730e-03 1.578979e-03 9.999554e-01 -1.076844e+00
9.998729e-01 1.250549e-02 -9.886692e-03 7.395995e+01 -1.251845e-02 9.999207e-01 -1.249419e-03 -1.341417e+00 9.870286e-03 1.373026e-03 9.999503e-01 -1.083772e+00
9.998844e-01 1.152219e-02 -9.923540e-03 7.432967e+01 -1.153649e-02 9.999325e-01 -1.384790e-03 -1.349179e+00 9.906914e-03 1.499112e-03 9.999498e-01 -1.082513e+00
9.998901e-01 1.101455e-02 -9.916430e-03 7.469507e+01 -1.102979e-02 9.999380e-01 -1.484212e-03 -1.354058e+00 9.899469e-03 1.593425e-03 9.999498e-01 -1.093034e+00
9.999004e-01 1.047501e-02 -9.455356e-03 7.506023e+01 -1.048711e-02 9.999442e-01 -1.231708e-03 -1.363701e+00 9.441926e-03 1.330745e-03 9.999545e-01 -1.094195e+00
9.999059e-01 9.654840e-03 -9.741304e-03 7.542065e+01 -9.667879e-03 9.999526e-01 -1.292333e-03 -1.365276e+00 9.728364e-03 1.386389e-03 9.999517e-01 -1.106791e+00
9.999096e-01 9.473656e-03 -9.544238e-03 7.577595e+01 -9.486069e-03 9.999542e-01 -1.256094e-03 -1.380136e+00 9.531901e-03 1.346517e-03 9.999537e-01 -1.111388e+00
9.999135e-01 8.243738e-03 -1.024481e-02 7.614042e+01 -8.262714e-03 9.999642e-01 -1.811349e-03 -1.382046e+00 1.022951e-02 1.895842e-03 9.999459e-01 -1.115207e+00
9.999146e-01 8.289874e-03 -1.010466e-02 7.649559e+01 -8.315111e-03 9.999624e-01 -2.458146e-03 -1.387038e+00 1.008390e-02 2.541958e-03 9.999459e-01 -1.121974e+00
9.999191e-01 7.526020e-03 -1.025938e-02 7.684727e+01 -7.558395e-03 9.999666e-01 -3.120604e-03 -1.392696e+00 1.023555e-02 3.197895e-03 9.999425e-01 -1.125529e+00
9.999269e-01 6.937926e-03 -9.908680e-03 7.720025e+01 -6.965586e-03 9.999720e-01 -2.759654e-03 -1.395972e+00 9.889256e-03 2.828472e-03 9.999471e-01 -1.132453e+00
9.999324e-01 6.372617e-03 -9.724618e-03 7.755393e+01 -6.398365e-03 9.999762e-01 -2.618884e-03 -1.404231e+00 9.707696e-03 2.680929e-03 9.999493e-01 -1.138053e+00
9.999360e-01 5.917952e-03 -9.637772e-03 7.789280e+01 -5.949271e-03 9.999772e-01 -3.224141e-03 -1.415384e+00 9.618471e-03 3.281273e-03 9.999484e-01 -1.139525e+00
9.999469e-01 5.240442e-03 -8.870929e-03 7.823943e+01 -5.270869e-03 9.999803e-01 -3.410084e-03 -1.418274e+00 8.852883e-03 3.456661e-03 9.999548e-01 -1.145771e+00
9.999508e-01 4.866190e-03 -8.641729e-03 7.858633e+01 -4.899332e-03 9.999808e-01 -3.818142e-03 -1.423337e+00 8.622983e-03 3.860292e-03 9.999554e-01 -1.153868e+00
9.999478e-01 3.836616e-03 -9.463118e-03 7.892898e+01 -3.872020e-03 9.999856e-01 -3.725786e-03 -1.425595e+00 9.448687e-03 3.762233e-03 9.999483e-01 -1.158597e+00
9.999438e-01 4.057796e-03 -9.796097e-03 7.927217e+01 -4.092777e-03 9.999852e-01 -3.553511e-03 -1.422574e+00 9.781533e-03 3.593405e-03 9.999457e-01 -1.161174e+00
9.999310e-01 4.778937e-03 -1.073292e-02 7.961785e+01 -4.816018e-03 9.999824e-01 -3.431646e-03 -1.428829e+00 1.071634e-02 3.483100e-03 9.999365e-01 -1.163134e+00
9.999340e-01 5.800987e-03 -9.914909e-03 7.994575e+01 -5.839874e-03 9.999753e-01 -3.897582e-03 -1.439316e+00 9.892055e-03 3.955226e-03 9.999433e-01 -1.168843e+00
9.999425e-01 6.395456e-03 -8.608921e-03 8.028313e+01 -6.434605e-03 9.999690e-01 -4.527545e-03 -1.444337e+00 8.579698e-03 4.582679e-03 9.999527e-01 -1.168260e+00
9.999322e-01 7.604050e-03 -8.813967e-03 8.061414e+01 -7.645891e-03 9.999596e-01 -4.723291e-03 -1.457092e+00 8.777696e-03 4.790362e-03 9.999500e-01 -1.176734e+00
9.999275e-01 8.430662e-03 -8.591952e-03 8.095016e+01 -8.472525e-03 9.999523e-01 -4.847625e-03 -1.462898e+00 8.550674e-03 4.920069e-03 9.999514e-01 -1.180176e+00
9.999108e-01 9.250768e-03 -9.633483e-03 8.127882e+01 -9.296050e-03 9.999459e-01 -4.666385e-03 -1.469497e+00 9.589795e-03 4.755522e-03 9.999427e-01 -1.189166e+00
9.998916e-01 1.031136e-02 -1.050386e-02 8.161759e+01 -1.036460e-02 9.999335e-01 -5.026862e-03 -1.476733e+00 1.045133e-02 5.135186e-03 9.999322e-01 -1.190024e+00
9.998892e-01 1.090449e-02 -1.013181e-02 8.194447e+01 -1.095489e-02 9.999278e-01 -4.932580e-03 -1.480486e+00 1.007729e-02 5.043027e-03 9.999365e-01 -1.195998e+00
9.999086e-01 1.156576e-02 -7.004476e-03 8.227660e+01 -1.160340e-02 9.999182e-01 -5.358061e-03 -1.489272e+00 6.941934e-03 5.438847e-03 9.999611e-01 -1.179798e+00
9.998939e-01 1.267161e-02 -7.187614e-03 8.260545e+01 -1.270664e-02 9.999076e-01 -4.849491e-03 -1.501408e+00 7.125499e-03 4.940307e-03 9.999624e-01 -1.203099e+00
9.998878e-01 1.306438e-02 -7.328024e-03 8.291665e+01 -1.309861e-02 9.999033e-01 -4.643300e-03 -1.504458e+00 7.266655e-03 4.738766e-03 9.999624e-01 -1.206800e+00
9.998582e-01 1.352284e-02 -1.003733e-02 8.324378e+01 -1.356441e-02 9.998996e-01 -4.084854e-03 -1.506430e+00 9.981086e-03 4.220425e-03 9.999413e-01 -1.206625e+00
9.998550e-01 1.399111e-02 -9.706736e-03 8.357001e+01 -1.402561e-02 9.998955e-01 -3.495004e-03 -1.519047e+00 9.656822e-03 3.630640e-03 9.999468e-01 -1.213610e+00
9.998524e-01 1.470249e-02 -8.892514e-03 8.389236e+01 -1.473357e-02 9.998856e-01 -3.439652e-03 -1.528632e+00 8.840924e-03 3.570162e-03 9.999545e-01 -1.209097e+00
9.998527e-01 1.552047e-02 -7.323925e-03 8.421167e+01 -1.554312e-02 9.998746e-01 -3.045632e-03 -1.543324e+00 7.275736e-03 3.159020e-03 9.999685e-01 -1.221809e+00
9.998508e-01 1.607164e-02 -6.333151e-03 8.452316e+01 -1.608903e-02 9.998668e-01 -2.704683e-03 -1.554615e+00 6.288840e-03 2.806174e-03 9.999763e-01 -1.225268e+00
9.998357e-01 1.666579e-02 -7.136041e-03 8.484476e+01 -1.667913e-02 9.998592e-01 -1.812979e-03 -1.565195e+00 7.104822e-03 1.931704e-03 9.999729e-01 -1.227347e+00
9.998395e-01 1.679197e-02 -6.237871e-03 8.516853e+01 -1.680005e-02 9.998580e-01 -1.244788e-03 -1.567700e+00 6.216084e-03 1.349385e-03 9.999798e-01 -1.229901e+00
9.998199e-01 1.745516e-02 -7.441169e-03 8.548979e+01 -1.746143e-02 9.998472e-01 -7.786351e-04 -1.576526e+00 7.426441e-03 9.084283e-04 9.999720e-01 -1.242725e+00
9.998184e-01 1.778273e-02 -6.856095e-03 8.580487e+01 -1.779279e-02 9.998407e-01 -1.408074e-03 -1.585659e+00 6.829963e-03 1.529807e-03 9.999755e-01 -1.239295e+00
9.998026e-01 1.847492e-02 -7.302198e-03 8.611613e+01 -1.848559e-02 9.998282e-01 -1.397234e-03 -1.595749e+00 7.275129e-03 1.531944e-03 9.999723e-01 -1.249536e+00
9.998118e-01 1.832568e-02 -6.364422e-03 8.644369e+01 -1.833694e-02 9.998304e-01 -1.716251e-03 -1.601884e+00 6.331891e-03 1.832633e-03 9.999782e-01 -1.251851e+00
9.997966e-01 1.921375e-02 -6.126064e-03 8.675970e+01 -1.922596e-02 9.998133e-01 -1.938901e-03 -1.615652e+00 6.087666e-03 2.056287e-03 9.999794e-01 -1.257457e+00
9.998025e-01 1.921236e-02 -5.090855e-03 8.707695e+01 -1.922356e-02 9.998128e-01 -2.159619e-03 -1.620171e+00 5.048411e-03 2.257057e-03 9.999847e-01 -1.264502e+00
9.997888e-01 1.953774e-02 -6.380203e-03 8.739329e+01 -1.955078e-02 9.998069e-01 -1.988648e-03 -1.629293e+00 6.340117e-03 2.112966e-03 9.999776e-01 -1.271610e+00
9.997830e-01 1.978730e-02 -6.514471e-03 8.770704e+01 -1.980172e-02 9.998015e-01 -2.156318e-03 -1.637159e+00 6.470510e-03 2.284848e-03 9.999765e-01 -1.272226e+00
9.997839e-01 1.966778e-02 -6.726922e-03 8.802905e+01 -1.968595e-02 9.998026e-01 -2.645504e-03 -1.643800e+00 6.673563e-03 2.777359e-03 9.999739e-01 -1.275548e+00
9.997907e-01 1.962771e-02 -5.763965e-03 8.834589e+01 -1.964263e-02 9.998038e-01 -2.541850e-03 -1.650963e+00 5.712943e-03 2.654538e-03 9.999802e-01 -1.281636e+00
9.997892e-01 2.003964e-02 -4.463320e-03 8.866678e+01 -2.005087e-02 9.997960e-01 -2.484268e-03 -1.664821e+00 4.412625e-03 2.573238e-03 9.999869e-01 -1.288988e+00
9.997934e-01 1.983567e-02 -4.445819e-03 8.898638e+01 -1.984660e-02 9.998000e-01 -2.428852e-03 -1.674385e+00 4.396752e-03 2.516584e-03 9.999872e-01 -1.293725e+00
9.997933e-01 1.999231e-02 -3.702159e-03 8.930360e+01 -2.000064e-02 9.997975e-01 -2.226866e-03 -1.682992e+00 3.656890e-03 2.300452e-03 9.999906e-01 -1.296288e+00
9.997969e-01 1.991505e-02 -3.089624e-03 8.963115e+01 -1.992078e-02 9.998000e-01 -1.837666e-03 -1.694345e+00 3.052408e-03 1.898840e-03 9.999936e-01 -1.299903e+00
9.997907e-01 2.023741e-02 -2.984115e-03 8.994743e+01 -2.024370e-02 9.997929e-01 -2.093958e-03 -1.708292e+00 2.941121e-03 2.153929e-03 9.999934e-01 -1.302606e+00
9.997966e-01 1.997634e-02 -2.794155e-03 9.027303e+01 -1.998071e-02 9.997990e-01 -1.544402e-03 -1.714777e+00 2.762742e-03 1.599917e-03 9.999949e-01 -1.312006e+00
9.998094e-01 1.939505e-02 -2.236065e-03 9.059583e+01 -1.939878e-02 9.998106e-01 -1.657872e-03 -1.721403e+00 2.203487e-03 1.700933e-03 9.999961e-01 -1.317261e+00
9.998164e-01 1.909452e-02 -1.597877e-03 9.092888e+01 -1.909630e-02 9.998170e-01 -1.109606e-03 -1.734376e+00 1.576398e-03 1.139916e-03 9.999981e-01 -1.319243e+00
9.998199e-01 1.894936e-02 -9.901717e-04 9.126440e+01 -1.894996e-02 9.998202e-01 -6.092038e-04 -1.746528e+00 9.784496e-04 6.278579e-04 9.999993e-01 -1.323664e+00
9.998282e-01 1.853595e-02 -1.649170e-04 9.160061e+01 -1.853599e-02 9.998281e-01 -2.342879e-04 -1.757527e+00 1.605459e-04 2.373045e-04 9.999999e-01 -1.329755e+00
9.998233e-01 1.878834e-02 5.205285e-04 9.193977e+01 -1.878827e-02 9.998235e-01 -1.304797e-04 -1.768764e+00 -5.228881e-04 1.206768e-04 9.999999e-01 -1.335282e+00
9.998264e-01 1.859485e-02 1.192288e-03 9.228561e+01 -1.859512e-02 9.998271e-01 2.207331e-04 -1.773281e+00 -1.187977e-03 -2.428655e-04 9.999993e-01 -1.337964e+00
9.998329e-01 1.820144e-02 1.723473e-03 9.264639e+01 -1.820275e-02 9.998341e-01 7.484385e-04 -1.791850e+00 -1.709565e-03 -7.796853e-04 9.999982e-01 -1.346470e+00
9.998373e-01 1.795105e-02 1.745639e-03 9.299715e+01 -1.795208e-02 9.998387e-01 5.794822e-04 -1.802495e+00 -1.734955e-03 -6.107259e-04 9.999983e-01 -1.350534e+00
9.998459e-01 1.746009e-02 1.794001e-03 9.336000e+01 -1.746110e-02 9.998473e-01 5.480711e-04 -1.817619e+00 -1.784158e-03 -5.793118e-04 9.999982e-01 -1.357065e+00
9.998553e-01 1.682596e-02 2.490039e-03 9.372881e+01 -1.682547e-02 9.998584e-01 -2.180684e-04 -1.819093e+00 -2.493356e-03 1.761408e-04 9.999969e-01 -1.356504e+00
9.998525e-01 1.672220e-02 3.917652e-03 9.409601e+01 -1.671637e-02 9.998592e-01 -1.515867e-03 -1.828584e+00 -3.942449e-03 1.450155e-03 9.999912e-01 -1.354871e+00
9.998677e-01 1.596551e-02 3.121383e-03 9.447241e+01 -1.595880e-02 9.998702e-01 -2.164010e-03 -1.835772e+00 -3.155528e-03 2.113910e-03 9.999928e-01 -1.353313e+00
9.998807e-01 1.463451e-02 4.946987e-03 9.483724e+01 -1.463487e-02 9.998928e-01 3.682546e-05 -1.843778e+00 -4.945918e-03 -1.092196e-04 9.999878e-01 -1.392727e+00
9.999093e-01 1.245800e-02 5.122183e-03 9.521138e+01 -1.245449e-02 9.999220e-01 -7.163900e-04 -1.847695e+00 -5.130710e-03 6.525308e-04 9.999866e-01 -1.371858e+00
9.999285e-01 1.079190e-02 5.146015e-03 9.558044e+01 -1.078600e-02 9.999410e-01 -1.174287e-03 -1.854565e+00 -5.158384e-03 1.118699e-03 9.999861e-01 -1.411009e+00
9.999431e-01 9.155731e-03 5.464983e-03 9.595147e+01 -9.147950e-03 9.999571e-01 -1.446920e-03 -1.862593e+00 -5.477996e-03 1.396845e-03 9.999840e-01 -1.386924e+00
9.999617e-01 7.077318e-03 5.151414e-03 9.631347e+01 -7.072321e-03 9.999744e-01 -9.876580e-04 -1.862112e+00 -5.158272e-03 9.511878e-04 9.999862e-01 -1.402955e+00
9.999703e-01 5.059976e-03 5.810657e-03 9.667699e+01 -5.060201e-03 9.999871e-01 2.411535e-05 -1.868814e+00 -5.810461e-03 -5.351773e-05 9.999831e-01 -1.402050e+00
9.999752e-01 3.377682e-03 6.180501e-03 9.704045e+01 -3.386764e-03 9.999931e-01 1.459651e-03 -1.872152e+00 -6.175528e-03 -1.480547e-03 9.999799e-01 -1.402471e+00
9.999807e-01 1.025537e-03 6.120131e-03 9.740626e+01 -1.022501e-03 9.999994e-01 -4.990777e-04 -1.875077e+00 -6.120639e-03 4.928103e-04 9.999812e-01 -1.429359e+00
9.999666e-01 -1.018706e-03 8.117255e-03 9.777992e+01 1.032889e-03 9.999979e-01 -1.743277e-03 -1.876489e+00 -8.115463e-03 1.751603e-03 9.999655e-01 -1.406288e+00
9.999646e-01 -3.527677e-03 7.641317e-03 9.813091e+01 3.527957e-03 9.999937e-01 -2.308388e-05 -1.876494e+00 -7.641187e-03 5.004129e-05 9.999708e-01 -1.437500e+00
9.999409e-01 -6.309398e-03 8.852001e-03 9.849413e+01 6.314999e-03 9.999799e-01 -6.050593e-04 -1.879501e+00 -8.848006e-03 6.609240e-04 9.999607e-01 -1.431715e+00
9.999259e-01 -9.614174e-03 7.472568e-03 9.885474e+01 9.624918e-03 9.999528e-01 -1.403087e-03 -1.874428e+00 -7.458725e-03 1.474906e-03 9.999711e-01 -1.431720e+00
9.998496e-01 -1.401887e-02 1.021646e-02 9.920708e+01 1.404491e-02 9.998982e-01 -2.481462e-03 -1.869873e+00 -1.018064e-02 2.624578e-03 9.999447e-01 -1.443843e+00
9.997709e-01 -1.874094e-02 1.034023e-02 9.955224e+01 1.877157e-02 9.998198e-01 -2.873464e-03 -1.857951e+00 -1.028451e-02 3.066908e-03 9.999424e-01 -1.443865e+00
9.996576e-01 -2.367930e-02 1.113401e-02 9.990456e+01 2.371753e-02 9.997132e-01 -3.314302e-03 -1.851556e+00 -1.105234e-02 3.577238e-03 9.999325e-01 -1.463772e+00
9.994997e-01 -2.984792e-02 1.046485e-02 1.002435e+02 2.988186e-02 9.995486e-01 -3.101677e-03 -1.839937e+00 -1.036755e-02 3.412834e-03 9.999405e-01 -1.461377e+00
9.992678e-01 -3.698169e-02 9.814760e-03 1.005829e+02 3.701013e-02 9.993113e-01 -2.731597e-03 -1.823222e+00 -9.706980e-03 3.092842e-03 9.999481e-01 -1.464388e+00
9.989013e-01 -4.508435e-02 1.278832e-02 1.009209e+02 4.511537e-02 9.989794e-01 -2.147180e-03 -1.805547e+00 -1.267846e-02 2.721770e-03 9.999159e-01 -1.469184e+00
9.984005e-01 -5.484681e-02 1.372240e-02 1.012445e+02 5.488038e-02 9.984908e-01 -2.081729e-03 -1.781377e+00 -1.358752e-02 2.831491e-03 9.999037e-01 -1.485115e+00
9.977226e-01 -6.603704e-02 1.374137e-02 1.015556e+02 6.592154e-02 9.977871e-01 8.695775e-03 -1.749925e+00 -1.428521e-02 -7.770118e-03 9.998678e-01 -1.480615e+00
9.966570e-01 -7.967115e-02 1.809611e-02 1.018536e+02 7.928578e-02 9.966286e-01 2.109975e-02 -1.718809e+00 -1.971614e-02 -1.959445e-02 9.996136e-01 -1.510199e+00
9.953780e-01 -9.380910e-02 2.055630e-02 1.021554e+02 9.329492e-02 9.953324e-01 2.468943e-02 -1.684623e+00 -2.277645e-02 -2.265752e-02 9.994838e-01 -1.513822e+00
9.937933e-01 -1.091395e-01 2.152656e-02 1.024710e+02 1.087371e-01 9.938878e-01 1.906073e-02 -1.648716e+00 -2.347526e-02 -1.660169e-02 9.995866e-01 -1.537142e+00
9.917718e-01 -1.263609e-01 2.053389e-02 1.027881e+02 1.262284e-01 9.919719e-01 7.632519e-03 -1.590937e+00 -2.133349e-02 -4.977758e-03 9.997600e-01 -1.528722e+00
9.894970e-01 -1.439366e-01 1.333705e-02 1.030943e+02 1.439983e-01 9.895706e-01 -3.778483e-03 -1.511417e+00 -1.265409e-02 5.659310e-03 9.999039e-01 -1.518274e+00
9.866018e-01 -1.626967e-01 1.210701e-02 1.033906e+02 1.627409e-01 9.866649e-01 -2.753832e-03 -1.448414e+00 -1.149753e-02 4.687242e-03 9.999229e-01 -1.502054e+00
9.829500e-01 -1.830961e-01 1.688543e-02 1.036698e+02 1.830308e-01 9.830925e-01 5.346743e-03 -1.380780e+00 -1.757891e-02 -2.165027e-03 9.998431e-01 -1.503997e+00
9.792361e-01 -2.023219e-01 1.274905e-02 1.039426e+02 2.022673e-01 9.793153e-01 5.448165e-03 -1.318634e+00 -1.358762e-02 -2.756323e-03 9.999039e-01 -1.579438e+00
9.744946e-01 -2.242091e-01 9.514107e-03 1.042467e+02 2.242547e-01 9.745222e-01 -4.014136e-03 -1.233518e+00 -8.371704e-03 6.045338e-03 9.999467e-01 -1.561725e+00
9.679459e-01 -2.508309e-01 1.283364e-02 1.045195e+02 2.509867e-01 9.679106e-01 -1.244348e-02 -1.133557e+00 -9.300606e-03 1.526569e-02 9.998402e-01 -1.565572e+00
9.619232e-01 -2.724583e-01 2.168669e-02 1.047797e+02 2.727645e-01 9.619977e-01 -1.264583e-02 -1.057347e+00 -1.741709e-02 1.807968e-02 9.996848e-01 -1.565114e+00
9.547478e-01 -2.956112e-01 3.272034e-02 1.050449e+02 2.959480e-01 9.551860e-01 -5.867795e-03 -9.738473e-01 -2.951943e-02 1.528578e-02 9.994473e-01 -1.563660e+00
