1.000000e+00 0.000000e+00 0.000000e+00 0.000000e+00 0.000000e+00 1.000000e+00 0.000000e+00 0.000000e+00 0.000000e+00 0.000000e+00 1.000000e+00 0.000000e+00
9.999990e-01 1.191460e-03 8.127589e-04 3.618551e-01 -1.193071e-03 9.999973e-01 1.985088e-03 1.241995e-02 -8.103916e-04 -1.986056e-03 9.999977e-01 -2.128815e-02
9.999980e-01 1.530144e-03 1.290106e-03 7.848326e-01 -1.533011e-03 9.999963e-01 2.224293e-03 1.642541e-02 -1.286698e-03 -2.226266e-03 9.999967e-01 -3.387637e-02
9.999921e-01 3.679947e-03 1.503779e-03 1.084020e+00 -3.682658e-03 9.999915e-01 1.803888e-03 -4.008865e-02 -1.497128e-03 -1.809412e-03 9.999973e-01 -3.012138e-02
9.999946e-01 2.066489e-03 2.552269e-03 1.531819e+00 -2.071525e-03 9.999958e-01 1.972018e-03 -2.714746e-02 -2.548183e-03 -1.977294e-03 9.999948e-01 -3.473309e-02
9.999947e-01 3.249135e-03 -2.954962e-04 1.929073e+00 -3.248144e-03 9.999893e-01 3.292138e-03 -9.880357e-02 3.061896e-04 -3.291161e-03 9.999945e-01 -4.910767e-02
9.999967e-01 2.568161e-03 -3.214623e-04 2.262975e+00 -2.566584e-03 9.999850e-01 4.812510e-03 -8.980933e-02 3.338169e-04 -4.811669e-03 9.999884e-01 -5.873141e-02
9.999967e-01 2.547414e-03 -4.957099e-04 2.662157e+00 -2.544621e-03 9.999813e-01 5.554200e-03 -8.849258e-02 5.098495e-04 -5.552921e-03 9.999844e-01 -6.732834e-02
9.999946e-01 3.227521e-03 -5.711886e-04 2.994906e+00 -3.224932e-03 9.999846e-01 4.478050e-03 -1.478135e-01 5.856330e-04 -4.476184e-03 9.999898e-01 -7.991692e-02
9.999964e-01 2.462346e-03 -1.037289e-03 3.352605e+00 -2.459636e-03 9.999937e-01 2.606377e-03 -1.470436e-01 1.043700e-03 -2.603816e-03 9.999961e-01 -8.252215e-02
9.999995e-01 9.577114e-04 1.620604e-04 4.033748e+00 -9.579491e-04 9.999983e-01 1.473378e-03 -1.363237e-01 -1.606491e-04 -1.473533e-03 9.999989e-01 -1.170610e-01
9.999993e-01 2.881042e-05 1.145457e-03 4.577522e+00 -3.210832e-05 9.999959e-01 2.879199e-03 -1.592631e-01 -1.145369e-03 -2.879234e-03 9.999952e-01 -1.114049e-01
9.999999e-01 -2.570801e-04 4.199854e-04 4.732134e+00 2.559321e-04 9.999963e-01 2.731100e-03 -2.122967e-01 -4.206859e-04 -2.730992e-03 9.999962e-01 -1.066439e-01
9.999892e-01 -1.201121e-03 4.504373e-03 5.375120e+00 1.189560e-03 9.999961e-01 2.568423e-03 -2.187319e-01 -4.507440e-03 -2.563036e-03 9.999865e-01 -1.246970e-01
9.999924e-01 -1.188808e-03 3.700005e-03 5.924516e+00 1.182372e-03 9.999977e-01 1.741210e-03 -2.381401e-01 -3.702067e-03 -1.736822e-03 9.999917e-01 -1.246375e-01
9.999886e-01 -3.884140e-03 2.787304e-03 6.523065e+00 3.872783e-03 9.999841e-01 4.068616e-03 -2.765028e-01 -2.803063e-03 -4.057775e-03 9.999878e-01 -1.593419e-01
9.999930e-01 -3.662343e-03 -7.617413e-04 7.169989e+00 3.664958e-03 9.999874e-01 3.459747e-03 -2.772513e-01 7.490609e-04 -3.462514e-03 9.999937e-01 -1.388780e-01
9.999848e-01 -5.207020e-03 -1.802424e-03 7.800807e+00 5.212115e-03 9.999824e-01 2.833097e-03 -2.907068e-01 1.787640e-03 -2.842448e-03 9.999943e-01 -1.586989e-01
9.999591e-01 -7.917034e-03 -4.380626e-03 9.076349e+00 7.932127e-03 9.999626e-01 3.438702e-03 -3.104728e-01 4.353237e-03 -3.473309e-03 9.999845e-01 -1.624608e-01
9.999496e-01 -9.869750e-03 -1.825964e-03 1.019860e+01 9.875211e-03 9.999468e-01 3.006860e-03 -3.085625e-01 1.796190e-03 -3.024741e-03 9.999938e-01 -2.093424e-01
9.999250e-01 -1.209358e-02 1.926343e-03 1.195772e+01 1.208807e-02 9.999230e-01 2.845597e-03 -2.892461e-01 -1.960608e-03 -2.822097e-03 9.999941e-01 -2.524599e-01
9.998850e-01 -1.504796e-02 1.873425e-03 1.338097e+01 1.504001e-02 9.998780e-01 4.188368e-03 -2.951912e-01 -1.936223e-03 -4.159710e-03 9.999894e-01 -2.642146e-01
9.998270e-01 -1.825426e-02 3.561916e-03 1.529896e+01 1.823979e-02 9.998255e-01 4.054806e-03 -2.770937e-01 -3.635311e-03 -3.989135e-03 9.999855e-01 -3.141577e-01
9.997478e-01 -2.217128e-02 3.587306e-03 1.760306e+01 2.215803e-02 9.997476e-01 3.691477e-03 -2.491253e-01 -3.668246e-03 -3.611058e-03 9.999868e-01 -3.530765e-01
9.996738e-01 -2.479810e-02 6.117024e-03 1.996017e+01 2.478134e-02 9.996890e-01 2.800546e-03 -2.145598e-01 -6.184570e-03 -2.648044e-03 9.999774e-01 -4.069365e-01
9.996064e-01 -2.733589e-02 6.304239e-03 2.242961e+01 2.730528e-02 9.996152e-01 4.891344e-03 -1.702319e-01 -6.435522e-03 -4.717280e-03 9.999682e-01 -4.531925e-01
9.995477e-01 -2.943531e-02 6.163294e-03 2.483479e+01 2.940057e-02 9.995518e-01 5.652291e-03 -1.300127e-01 -6.326908e-03 -5.468530e-03 9.999650e-01 -4.989042e-01
9.994938e-01 -3.148764e-02 4.553340e-03 2.727867e+01 3.146086e-02 9.994879e-01 5.838017e-03 -8.393421e-02 -4.734834e-03 -5.691810e-03 9.999726e-01 -5.574288e-01
9.994327e-01 -3.313093e-02 6.059021e-03 2.967866e+01 3.310318e-02 9.994411e-01 4.624699e-03 -3.496145e-02 -6.208856e-03 -4.421502e-03 9.999710e-01 -6.112590e-01
9.993277e-01 -3.623288e-02 5.599027e-03 3.205217e+01 3.620766e-02 9.993340e-01 4.543265e-03 4.162822e-02 -5.759913e-03 -4.337483e-03 9.999740e-01 -6.456575e-01
9.992128e-01 -3.886419e-02 7.960351e-03 3.450461e+01 3.881877e-02 9.992294e-01 5.783128e-03 1.048071e-01 -8.178975e-03 -5.469565e-03 9.999516e-01 -7.089355e-01
9.991432e-01 -4.096768e-02 5.879398e-03 3.693293e+01 4.091938e-02 9.991295e-01 8.113029e-03 1.821701e-01 -6.206652e-03 -7.865497e-03 9.999498e-01 -7.487689e-01
9.990620e-01 -4.288290e-02 6.012360e-03 3.937568e+01 4.282764e-02 9.990416e-01 9.037671e-03 2.580670e-01 -6.394160e-03 -8.771698e-03 9.999411e-01 -8.180507e-01
9.989718e-01 -4.499236e-02 5.578813e-03 4.179662e+01 4.494193e-02 9.989504e-01 8.857447e-03 3.450769e-01 -5.971475e-03 -8.597617e-03 9.999452e-01 -8.696587e-01
9.988811e-01 -4.701412e-02 5.115284e-03 4.422428e+01 4.696651e-02 9.988554e-01 9.061101e-03 4.337169e-01 -5.535428e-03 -8.810715e-03 9.999459e-01 -9.304661e-01
9.987586e-01 -4.967323e-02 3.724049e-03 4.665004e+01 4.963769e-02 9.987258e-01 9.094509e-03 5.409901e-01 -4.171058e-03 -8.898365e-03 9.999517e-01 -9.980855e-01
9.986538e-01 -5.172305e-02 3.904231e-03 4.908919e+01 5.168992e-02 9.986299e-01 8.156564e-03 6.363780e-01 -4.320764e-03 -7.943776e-03 9.999591e-01 -1.057011e+00
9.985219e-01 -5.421032e-02 3.899306e-03 5.154176e+01 5.417749e-02 9.984986e-01 8.082889e-03 7.351446e-01 -4.331628e-03 -7.859686e-03 9.999597e-01 -1.104851e+00
9.983776e-01 -5.682560e-02 3.623208e-03 5.401254e+01 5.679343e-02 9.983504e-01 8.436411e-03 8.538086e-01 -4.096635e-03 -8.216948e-03 9.999579e-01 -1.169766e+00
9.982495e-01 -5.906807e-02 2.992416e-03 5.647242e+01 5.904102e-02 9.982198e-01 8.438855e-03 9.676968e-01 -3.485556e-03 -8.247407e-03 9.999599e-01 -1.209215e+00
9.980813e-01 -6.171111e-02 5.053542e-03 5.891000e+01 6.165539e-02 9.980420e-01 1.052595e-02 1.103446e+00 -5.693215e-03 -1.019417e-02 9.999318e-01 -1.309032e+00
9.979539e-01 -6.390923e-02 1.896197e-03 6.133196e+01 6.388742e-02 9.979079e-01 9.917594e-03 1.228550e+00 -2.526055e-03 -9.776158e-03 9.999490e-01 -1.345898e+00
9.978293e-01 -6.584886e-02 7.775641e-04 6.382320e+01 6.583986e-02 9.977937e-01 8.537966e-03 1.361305e+00 -1.338064e-03 -8.468238e-03 9.999632e-01 -1.385840e+00
9.976353e-01 -6.865956e-02 3.108785e-03 6.626471e+01 6.863828e-02 9.976205e-01 6.498875e-03 1.507987e+00 -3.547598e-03 -6.270126e-03 9.999741e-01 -1.473349e+00
9.974203e-01 -7.131485e-02 8.180271e-03 6.872060e+01 7.127140e-02 9.974419e-01 5.485944e-03 1.655393e+00 -8.550574e-03 -4.888772e-03 9.999515e-01 -1.520899e+00
9.972270e-01 -7.392037e-02 8.611831e-03 7.118607e+01 7.385889e-02 9.972422e-01 7.250673e-03 1.814566e+00 -9.124055e-03 -6.594506e-03 9.999366e-01 -1.575637e+00
9.970393e-01 -7.630984e-02 9.462849e-03 7.365643e+01 7.623234e-02 9.970555e-01 8.297370e-03 1.971117e+00 -1.006816e-02 -7.551428e-03 9.999208e-01 -1.631982e+00
9.968497e-01 -7.884534e-02 8.610591e-03 7.608433e+01 7.876729e-02 9.968519e-01 9.056067e-03 2.138439e+00 -9.297512e-03 -8.349305e-03 9.999219e-01 -1.699774e+00
9.966660e-01 -8.086181e-02 1.087920e-02 7.855877e+01 8.078825e-02 9.967065e-01 7.039314e-03 2.297671e+00 -1.141258e-02 -6.136933e-03 9.999160e-01 -1.764389e+00
9.964076e-01 -8.372817e-02 1.271225e-02 8.100201e+01 8.365797e-02 9.964769e-01 5.958385e-03 2.483570e+00 -1.316634e-02 -4.873498e-03 9.999014e-01 -1.832877e+00
9.961600e-01 -8.654630e-02 1.322467e-02 8.343882e+01 8.648276e-02 9.962392e-01 5.304171e-03 2.671246e+00 -1.363399e-02 -4.140098e-03 9.998985e-01 -1.873946e+00
9.959340e-01 -8.891767e-02 1.446075e-02 8.585441e+01 8.883530e-02 9.960268e-01 6.243801e-03 2.857912e+00 -1.495848e-02 -4.933788e-03 9.998760e-01 -1.950109e+00
9.957203e-01 -9.101154e-02 1.606084e-02 8.830676e+01 9.092693e-02 9.958400e-01 5.923324e-03 3.047990e+00 -1.653312e-02 -4.437611e-03 9.998535e-01 -2.008034e+00
9.954763e-01 -9.377927e-02 1.524472e-02 9.072287e+01 9.367628e-02 9.955758e-01 7.336590e-03 3.254456e+00 -1.586529e-02 -5.875333e-03 9.998569e-01 -2.055138e+00
9.952308e-01 -9.631380e-02 1.547157e-02 9.315419e+01 9.620319e-02 9.953316e-01 7.742483e-03 3.454308e+00 -1.614505e-02 -6.217142e-03 9.998503e-01 -2.126881e+00
9.949858e-01 -9.887268e-02 1.508499e-02 9.556114e+01 9.874263e-02 9.950711e-01 9.137751e-03 3.667239e+00 -1.591411e-02 -7.602400e-03 9.998444e-01 -2.180534e+00
9.946269e-01 -1.020843e-01 1.720512e-02 9.801045e+01 1.019263e-01 9.947435e-01 9.825112e-03 3.889651e+00 -1.811767e-02 -8.018669e-03 9.998037e-01 -2.266696e+00
9.943951e-01 -1.042244e-01 1.776832e-02 1.003906e+02 1.040474e-01 9.945157e-01 1.061507e-02 4.109488e+00 -1.877723e-02 -8.706823e-03 9.997858e-01 -2.329902e+00
9.941169e-01 -1.069617e-01 1.705145e-02 1.027940e+02 1.068336e-01 9.942425e-01 8.259152e-03 4.338865e+00 -1.783669e-02 -6.388895e-03 9.998205e-01 -2.374137e+00
9.937927e-01 -1.096112e-01 1.901365e-02 1.052002e+02 1.094650e-01 9.939538e-01 8.570602e-03 4.578099e+00 -1.983812e-02 -6.436072e-03 9.997825e-01 -2.462879e+00
9.935894e-01 -1.116093e-01 1.798374e-02 1.076042e+02 1.114926e-01 9.937379e-01 7.373833e-03 4.816783e+00 -1.869411e-02 -5.321509e-03 9.998111e-01 -2.521037e+00
9.932669e-01 -1.140226e-01 2.048345e-02 1.099947e+02 1.138963e-01 9.934664e-01 7.232266e-03 5.065358e+00 -2.117426e-02 -4.850580e-03 9.997640e-01 -2.579829e+00
9.929836e-01 -1.165651e-01 1.990255e-02 1.123663e+02 1.163533e-01 9.931414e-01 1.149456e-02 5.311852e+00 -2.110591e-02 -9.098179e-03 9.997358e-01 -2.646446e+00
9.927276e-01 -1.187725e-01 1.961944e-02 1.147436e+02 1.185427e-01 9.928703e-01 1.249212e-02 5.564190e+00 -2.096329e-02 -1.007553e-02 9.997295e-01 -2.706660e+00
9.924121e-01 -1.210959e-01 2.130669e-02 1.170947e+02 1.208918e-01 9.926089e-01 1.062420e-02 5.826797e+00 -2.243575e-02 -7.967779e-03 9.997165e-01 -2.791267e+00
9.920682e-01 -1.235718e-01 2.303581e-02 1.194823e+02 1.233874e-01 9.923153e-01 9.266378e-03 6.097005e+00 -2.400385e-02 -6.350550e-03 9.996917e-01 -2.852953e+00
9.918275e-01 -1.256015e-01 2.241302e-02 1.218759e+02 1.253596e-01 9.920400e-01 1.189666e-02 6.369849e+00 -2.372885e-02 -8.989746e-03 9.996780e-01 -2.912479e+00
9.916657e-01 -1.273209e-01 1.971028e-02 1.242284e+02 1.270885e-01 9.918109e-01 1.263323e-02 6.647740e+00 -2.115734e-02 -1.002299e-02 9.997259e-01 -2.991850e+00
9.914320e-01 -1.289870e-01 2.061425e-02 1.265871e+02 1.287358e-01 9.915926e-01 1.308432e-02 6.926643e+00 -2.212865e-02 -1.031842e-02 9.997019e-01 -3.075426e+00
9.912784e-01 -1.303771e-01 1.920876e-02 1.289831e+02 1.301873e-01 9.914303e-01 1.082588e-02 7.220404e+00 -2.045559e-02 -8.230723e-03 9.997569e-01 -3.135107e+00
9.910483e-01 -1.316169e-01 2.236445e-02 1.313508e+02 1.314200e-01 9.912758e-01 1.006442e-02 7.496901e+00 -2.349398e-02 -7.035188e-03 9.996992e-01 -3.205786e+00
9.908535e-01 -1.330135e-01 2.272987e-02 1.337024e+02 1.328111e-01 9.910889e-01 1.020231e-02 7.786844e+00 -2.388436e-02 -7.090214e-03 9.996896e-01 -3.253103e+00
9.905906e-01 -1.343502e-01 2.608322e-02 1.360423e+02 1.341189e-01 9.909104e-01 1.043288e-02 8.074168e+00 -2.724779e-02 -6.836458e-03 9.996054e-01 -3.346330e+00
9.903976e-01 -1.354853e-01 2.749968e-02 1.383816e+02 1.351721e-01 9.907374e-01 1.295254e-02 8.365855e+00 -2.899984e-02 -9.110980e-03 9.995379e-01 -3.417130e+00
9.902245e-01 -1.365399e-01 2.850075e-02 1.407452e+02 1.361948e-01 9.905869e-01 1.372604e-02 8.667628e+00 -3.010662e-02 -9.710202e-03 9.994995e-01 -3.485606e+00
9.901312e-01 -1.374306e-01 2.744181e-02 1.430646e+02 1.371073e-01 9.904665e-01 1.334348e-02 8.957108e+00 -2.901399e-02 -9.449327e-03 9.995344e-01 -3.550178e+00
9.898950e-01 -1.388083e-01 2.898647e-02 1.454080e+02 1.385290e-01 9.902923e-01 1.144233e-02 9.260030e+00 -3.029337e-02 -7.311243e-03 9.995143e-01 -3.629956e+00
9.897154e-01 -1.399001e-01 2.985599e-02 1.477363e+02 1.395789e-01 9.901308e-01 1.259224e-02 9.559715e+00 -3.132299e-02 -8.295469e-03 9.994749e-01 -3.701743e+00
9.895122e-01 -1.409237e-01 3.171874e-02 1.500598e+02 1.406009e-01 9.899913e-01 1.219675e-02 9.857142e+00 -3.312008e-02 -7.609153e-03 9.994224e-01 -3.774130e+00
9.893259e-01 -1.419143e-01 3.308452e-02 1.523937e+02 1.415394e-01 9.898415e-01 1.342365e-02 1.016174e+01 -3.465344e-02 -8.597601e-03 9.993624e-01 -3.834704e+00
9.890178e-01 -1.435646e-01 3.511272e-02 1.547406e+02 1.431403e-01 9.895986e-01 1.432757e-02 1.046616e+01 -3.680443e-02 -9.144180e-03 9.992806e-01 -3.913635e+00
9.885728e-01 -1.462000e-01 3.673501e-02 1.570668e+02 1.456412e-01 9.891832e-01 1.746705e-02 1.077655e+01 -3.889135e-02 -1.191732e-02 9.991724e-01 -3.992414e+00
9.880765e-01 -1.492186e-01 3.792864e-02 1.593796e+02 1.485598e-01 9.887081e-01 1.964791e-02 1.109481e+01 -4.043220e-02 -1.377897e-02 9.990873e-01 -4.090981e+00
9.874440e-01 -1.532256e-01 3.842099e-02 1.616817e+02 1.525268e-01 9.880862e-01 2.052006e-02 1.142046e+01 -4.110746e-02 -1.440218e-02 9.990509e-01 -4.165887e+00
9.865025e-01 -1.586488e-01 4.053963e-02 1.639921e+02 1.580088e-01 9.872633e-01 1.855269e-02 1.175649e+01 -4.296666e-02 -1.189665e-02 9.990057e-01 -4.239283e+00
9.857118e-01 -1.635186e-01 4.042121e-02 1.662742e+02 1.628152e-01 9.864510e-01 2.014143e-02 1.209799e+01 -4.316704e-02 -1.327245e-02 9.989797e-01 -4.354127e+00
9.848795e-01 -1.685113e-01 4.020408e-02 1.686006e+02 1.678249e-01 9.856157e-01 1.990304e-02 1.246312e+01 -4.297967e-02 -1.285485e-02 9.989932e-01 -4.422613e+00
9.840931e-01 -1.735047e-01 3.816842e-02 1.708915e+02 1.728222e-01 9.847389e-01 2.053150e-02 1.283508e+01 -4.114824e-02 -1.360856e-02 9.990604e-01 -4.508879e+00
9.831735e-01 -1.783940e-01 3.931335e-02 1.731870e+02 1.777128e-01 9.838747e-01 2.021815e-02 1.322329e+01 -4.228621e-02 -1.289147e-02 9.990224e-01 -4.605958e+00
9.823895e-01 -1.830239e-01 3.759255e-02 1.754924e+02 1.823470e-01 9.830154e-01 2.073680e-02 1.361980e+01 -4.074939e-02 -1.351672e-02 9.990780e-01 -4.659321e+00
9.815487e-01 -1.875788e-01 3.709899e-02 1.777792e+02 1.869488e-01 9.821700e-01 1.981074e-02 1.401887e+01 -4.015358e-02 -1.250960e-02 9.991152e-01 -4.748459e+00
9.808328e-01 -1.912922e-01 3.707304e-02 1.801028e+02 1.906336e-01 9.814454e-01 2.058512e-02 1.443442e+01 -4.032294e-02 -1.312319e-02 9.991005e-01 -4.851276e+00
9.801020e-01 -1.946862e-01 3.869548e-02 1.824038e+02 1.939435e-01 9.807630e-01 2.213746e-02 1.485957e+01 -4.226095e-02 -1.419223e-02 9.990058e-01 -4.913348e+00
9.794940e-01 -1.979696e-01 3.741153e-02 1.847404e+02 1.971989e-01 9.800863e-01 2.331183e-02 1.529884e+01 -4.128156e-02 -1.545628e-02 9.990280e-01 -5.018400e+00
9.789269e-01 -2.006216e-01 3.811891e-02 1.870361e+02 1.998882e-01 9.795671e-01 2.220428e-02 1.573753e+01 -4.179468e-02 -1.411685e-02 9.990265e-01 -5.102123e+00
9.784958e-01 -2.028760e-01 3.724546e-02 1.893591e+02 2.021294e-01 9.790921e-01 2.286134e-02 1.618726e+01 -4.110475e-02 -1.484133e-02 9.990446e-01 -5.162594e+00
9.781904e-01 -2.042926e-01 3.752567e-02 1.916930e+02 2.035534e-01 9.788029e-01 2.260402e-02 1.664179e+01 -4.134807e-02 -1.447256e-02 9.990400e-01 -5.274634e+00
9.780575e-01 -2.050723e-01 3.672613e-02 1.939642e+02 2.042863e-01 9.786158e-01 2.404916e-02 1.709282e+01 -4.087259e-02 -1.601882e-02 9.990360e-01 -5.368888e+00
9.778728e-01 -2.062766e-01 3.485240e-02 1.962785e+02 2.055654e-01 9.783747e-01 2.292702e-02 1.756007e+01 -3.882802e-02 -1.525526e-02 9.991295e-01 -5.437255e+00
9.778836e-01 -2.065644e-01 3.278405e-02 1.986125e+02 2.058208e-01 9.782788e-01 2.467027e-02 1.802071e+01 -3.716793e-02 -1.737702e-02 9.991580e-01 -5.527467e+00
9.777176e-01 -2.074272e-01 3.228435e-02 2.009520e+02 2.066984e-01 9.780976e-01 2.451152e-02 1.848326e+01 -3.666161e-02 -1.729222e-02 9.991781e-01 -5.618068e+00
9.774463e-01 -2.083907e-01 3.423738e-02 2.032958e+02 2.075994e-01 9.778874e-01 2.527453e-02 1.896103e+01 -3.874728e-02 -1.759683e-02 9.990941e-01 -5.713580e+00
9.773422e-01 -2.090720e-01 3.303241e-02 2.056601e+02 2.083126e-01 9.777426e-01 2.500446e-02 1.943432e+01 -3.752493e-02 -1.755685e-02 9.991415e-01 -5.800103e+00
9.771484e-01 -2.095994e-01 3.534323e-02 2.079740e+02 2.087959e-01 9.776369e-01 2.511190e-02 1.990433e+01 -3.981628e-02 -1.715853e-02 9.990597e-01 -5.897624e+00
9.771138e-01 -2.101354e-01 3.303985e-02 2.103407e+02 2.093647e-01 9.775100e-01 2.531394e-02 2.038810e+01 -3.761614e-02 -1.781722e-02 9.991334e-01 -5.979508e+00
9.770160e-01 -2.104810e-01 3.372513e-02 2.126803e+02 2.097056e-01 9.774418e-01 2.512062e-02 2.086311e+01 -3.825177e-02 -1.747090e-02 9.991154e-01 -6.100756e+00
9.769979e-01 -2.106142e-01 3.341946e-02 2.150799e+02 2.098572e-01 9.774181e-01 2.477858e-02 2.135488e+01 -3.788351e-02 -1.719530e-02 9.991342e-01 -6.177103e+00
9.768424e-01 -2.111666e-01 3.446120e-02 2.174397e+02 2.104584e-01 9.773308e-01 2.306639e-02 2.183214e+01 -3.855084e-02 -1.527958e-02 9.991398e-01 -6.258406e+00
9.767560e-01 -2.113621e-01 3.568849e-02 2.198355e+02 2.105434e-01 9.772553e-01 2.536400e-02 2.232336e+01 -4.023776e-02 -1.726047e-02 9.990410e-01 -6.347029e+00
9.767498e-01 -2.116402e-01 3.418015e-02 2.222183e+02 2.108464e-01 9.771891e-01 2.540435e-02 2.281120e+01 -3.877705e-02 -1.760693e-02 9.990928e-01 -6.450576e+00
9.766889e-01 -2.118862e-01 3.439489e-02 2.246110e+02 2.111245e-01 9.771526e-01 2.448292e-02 2.330856e+01 -3.879665e-02 -1.665059e-02 9.991084e-01 -6.560900e+00
9.768065e-01 -2.117753e-01 3.162721e-02 2.270039e+02 2.110601e-01 9.771659e-01 2.449856e-02 2.380037e+01 -3.609323e-02 -1.725511e-02 9.991995e-01 -6.616482e+00
9.769446e-01 -2.114293e-01 2.961163e-02 2.293784e+02 2.106968e-01 9.772049e-01 2.602382e-02 2.428807e+01 -3.443883e-02 -1.918476e-02 9.992226e-01 -6.726092e+00
9.769368e-01 -2.113304e-01 3.056291e-02 2.317902e+02 2.104687e-01 9.771665e-01 2.913120e-02 2.478650e+01 -3.602136e-02 -2.202680e-02 9.991083e-01 -6.847029e+00
9.770883e-01 -2.108723e-01 2.883177e-02 2.342134e+02 2.100163e-01 9.772350e-01 3.008200e-02 2.528051e+01 -3.451888e-02 -2.333763e-02 9.991315e-01 -6.931201e+00
9.771197e-01 -2.110858e-01 2.607146e-02 2.366328e+02 2.103458e-01 9.772121e-01 2.848205e-02 2.577954e+01 -3.148950e-02 -2.234635e-02 9.992542e-01 -7.043746e+00
9.772975e-01 -2.103125e-01 2.565750e-02 2.390708e+02 2.096615e-01 9.774311e-01 2.589400e-02 2.627882e+01 -3.052427e-02 -1.992675e-02 9.993353e-01 -7.138126e+00
9.774947e-01 -2.095580e-01 2.428031e-02 2.415249e+02 2.088997e-01 9.775620e-01 2.708317e-02 2.678233e+01 -2.941100e-02 -2.140151e-02 9.993383e-01 -7.255455e+00
9.776321e-01 -2.089244e-01 2.420810e-02 2.439736e+02 2.082096e-01 9.776528e-01 2.904611e-02 2.727629e+01 -2.973556e-02 -2.335605e-02 9.992849e-01 -7.341722e+00
9.778019e-01 -2.081278e-01 2.421196e-02 2.464203e+02 2.073347e-01 9.777579e-01 3.165201e-02 2.776946e+01 -3.026110e-02 -2.592942e-02 9.992056e-01 -7.444104e+00
9.778378e-01 -2.078581e-01 2.506528e-02 2.489039e+02 2.071170e-01 9.778787e-01 2.925362e-02 2.826003e+01 -3.059141e-02 -2.341386e-02 9.992577e-01 -7.551888e+00
9.776522e-01 -2.082494e-01 2.878123e-02 2.513313e+02 2.074743e-01 9.778470e-01 2.774074e-02 2.876633e+01 -3.392063e-02 -2.114944e-02 9.992007e-01 -7.669680e+00
9.777675e-01 -2.076354e-01 2.929530e-02 2.538268e+02 2.069051e-01 9.780126e-01 2.610975e-02 2.925897e+01 -3.407248e-02 -1.946792e-02 9.992297e-01 -7.762606e+00
9.778013e-01 -2.071293e-01 3.165596e-02 2.563236e+02 2.062913e-01 9.780953e-01 2.780804e-02 2.975596e+01 -3.672240e-02 -2.066039e-02 9.991119e-01 -7.871367e+00
9.779310e-01 -2.065320e-01 3.155138e-02 2.588279e+02 2.056326e-01 9.781837e-01 2.953065e-02 3.025225e+01 -3.696207e-02 -2.239094e-02 9.990658e-01 -7.970460e+00
9.779314e-01 -2.064112e-01 3.232152e-02 2.613254e+02 2.055008e-01 9.782163e-01 2.936582e-02 3.074565e+01 -3.767887e-02 -2.207566e-02 9.990460e-01 -8.084057e+00
9.778987e-01 -2.066810e-01 3.157710e-02 2.637955e+02 2.057969e-01 9.781621e-01 2.910107e-02 3.124925e+01 -3.690216e-02 -2.195943e-02 9.990776e-01 -8.208882e+00
9.779847e-01 -2.066293e-01 2.916124e-02 2.662926e+02 2.058065e-01 9.781666e-01 2.888185e-02 3.174777e+01 -3.449238e-02 -2.224443e-02 9.991574e-01 -8.293226e+00
9.779947e-01 -2.066418e-01 2.873157e-02 2.688006e+02 2.058077e-01 9.781480e-01 2.949303e-02 3.224743e+01 -3.419821e-02 -2.293085e-02 9.991519e-01 -8.407529e+00
9.777234e-01 -2.075797e-01 3.110720e-02 2.713029e+02 2.066415e-01 9.779298e-01 3.086542e-02 3.275878e+01 -3.682769e-02 -2.374981e-02 9.990394e-01 -8.525143e+00
9.777312e-01 -2.073618e-01 3.229398e-02 2.738325e+02 2.063532e-01 9.779551e-01 3.197259e-02 3.325931e+01 -3.821196e-02 -2.459664e-02 9.989669e-01 -8.630299e+00
9.776008e-01 -2.077884e-01 3.347487e-02 2.763655e+02 2.067564e-01 9.778744e-01 3.183765e-02 3.376253e+01 -3.934972e-02 -2.420336e-02 9.989323e-01 -8.744592e+00
9.775318e-01 -2.083232e-01 3.214028e-02 2.788956e+02 2.073921e-01 9.777966e-01 3.003480e-02 3.426844e+01 -3.768361e-02 -2.269433e-02 9.990320e-01 -8.860755e+00
9.772818e-01 -2.092591e-01 3.362897e-02 2.814165e+02 2.082950e-01 9.776050e-01 3.002886e-02 3.478444e+01 -3.915966e-02 -2.234191e-02 9.989831e-01 -8.977552e+00
9.771997e-01 -2.097458e-01 3.297789e-02 2.839352e+02 2.087635e-01 9.774785e-01 3.088114e-02 3.528899e+01 -3.871237e-02 -2.329246e-02 9.989789e-01 -9.062247e+00
9.768838e-01 -2.107224e-01 3.597363e-02 2.864716e+02 2.097543e-01 9.773272e-01 2.888704e-02 3.579790e+01 -4.124515e-02 -2.067366e-02 9.989352e-01 -9.195836e+00
9.767641e-01 -2.108745e-01 3.826021e-02 2.890502e+02 2.098302e-01 9.772909e-01 2.956276e-02 3.632259e+01 -4.362538e-02 -2.084769e-02 9.988304e-01 -9.298089e+00
9.768295e-01 -2.106744e-01 3.768811e-02 2.916164e+02 2.096375e-01 9.773288e-01 2.966811e-02 3.684327e+01 -4.308399e-02 -2.107985e-02 9.988490e-01 -9.403224e+00
9.768276e-01 -2.109776e-01 3.600393e-02 2.941561e+02 2.099475e-01 9.772409e-01 3.037101e-02 3.737565e+01 -4.159211e-02 -2.210831e-02 9.988900e-01 -9.535773e+00
9.769008e-01 -2.105881e-01 3.629660e-02 2.966881e+02 2.095220e-01 9.773102e-01 3.106794e-02 3.788966e+01 -4.201558e-02 -2.274536e-02 9.988580e-01 -9.643258e+00
9.770234e-01 -2.104149e-01 3.392585e-02 2.992376e+02 2.094051e-01 9.773366e-01 3.102426e-02 3.841044e+01 -3.968494e-02 -2.320718e-02 9.989427e-01 -9.742107e+00
9.769967e-01 -2.103296e-01 3.519794e-02 3.018267e+02 2.093185e-01 9.773769e-01 3.033583e-02 3.893986e+01 -4.078218e-02 -2.227043e-02 9.989198e-01 -9.873572e+00
9.770164e-01 -2.101928e-01 3.546816e-02 3.044333e+02 2.091824e-01 9.774112e-01 3.017104e-02 3.946057e+01 -4.100871e-02 -2.205829e-02 9.989153e-01 -9.982597e+00
9.769514e-01 -2.104177e-01 3.592195e-02 3.069607e+02 2.093987e-01 9.773656e-01 3.014172e-02 3.997900e+01 -4.145123e-02 -2.192498e-02 9.988999e-01 -1.009045e+01
9.769579e-01 -2.103237e-01 3.629346e-02 3.095052e+02 2.092480e-01 9.773616e-01 3.129669e-02 4.049955e+01 -4.205427e-02 -2.298121e-02 9.988510e-01 -1.021052e+01
9.769942e-01 -2.104019e-01 3.483412e-02 3.120688e+02 2.093867e-01 9.773529e-01 3.063875e-02 4.102102e+01 -4.049167e-02 -2.264008e-02 9.989234e-01 -1.032027e+01
9.770061e-01 -2.101961e-01 3.573188e-02 3.145924e+02 2.091755e-01 9.774092e-01 3.027696e-02 4.153947e+01 -4.128877e-02 -2.210654e-02 9.989027e-01 -1.044086e+01
9.772113e-01 -2.094488e-01 3.448589e-02 3.170009e+02 2.084658e-01 9.775686e-01 3.002474e-02 4.203458e+01 -4.000098e-02 -2.215139e-02 9.989541e-01 -1.051727e+01
9.769781e-01 -2.107057e-01 3.341862e-02 3.187832e+02 2.097735e-01 9.773096e-01 2.934449e-02 4.239613e+01 -3.884339e-02 -2.165859e-02 9.990106e-01 -1.060918e+01
9.770421e-01 -2.100902e-01 3.536725e-02 3.209590e+02 2.090764e-01 9.774296e-01 3.030857e-02 4.285189e+01 -4.093653e-02 -2.221829e-02 9.989147e-01 -1.069899e+01
9.770599e-01 -2.098120e-01 3.650896e-02 3.233396e+02 2.087402e-01 9.774772e-01 3.108060e-02 4.333702e+01 -4.220775e-02 -2.274672e-02 9.988499e-01 -1.079987e+01
9.770060e-01 -2.100367e-01 3.665954e-02 3.256782e+02 2.089494e-01 9.774233e-01 3.136850e-02 4.382070e+01 -4.242043e-02 -2.298722e-02 9.988354e-01 -1.090516e+01
9.769682e-01 -2.101725e-01 3.688772e-02 3.278553e+02 2.090742e-01 9.773922e-01 3.150328e-02 4.427299e+01 -4.267489e-02 -2.306543e-02 9.988227e-01 -1.101846e+01
9.771051e-01 -2.101095e-01 3.346160e-02 3.301253e+02 2.090905e-01 9.773878e-01 3.153138e-02 4.473900e+01 -3.933001e-02 -2.381297e-02 9.989425e-01 -1.111493e+01
9.774159e-01 -2.089251e-01 3.175778e-02 3.322264e+02 2.079215e-01 9.776154e-01 3.219888e-02 4.518237e+01 -3.777405e-02 -2.486856e-02 9.989768e-01 -1.120225e+01
9.781082e-01 -2.066479e-01 2.451431e-02 3.342465e+02 2.058310e-01 9.780586e-01 3.217496e-02 4.560113e+01 -3.062531e-02 -2.642479e-02 9.991816e-01 -1.133732e+01
9.786332e-01 -2.040909e-01 2.497828e-02 3.361641e+02 2.032945e-01 9.786232e-01 3.111680e-02 4.598084e+01 -3.079497e-02 -2.537399e-02 9.992036e-01 -1.138118e+01
9.788803e-01 -2.027092e-01 2.650199e-02 3.381064e+02 2.019377e-01 9.789647e-01 2.914161e-02 4.638102e+01 -3.185179e-02 -2.317440e-02 9.992239e-01 -1.147800e+01
9.791678e-01 -2.011716e-01 2.757423e-02 3.400011e+02 2.003943e-01 9.792991e-01 2.855808e-02 4.675505e+01 -3.274849e-02 -2.243743e-02 9.992117e-01 -1.159751e+01
9.793795e-01 -2.000605e-01 2.813360e-02 3.418348e+02 1.991582e-01 9.794481e-01 3.189697e-02 4.710885e+01 -3.393673e-02 -2.563620e-02 9.990951e-01 -1.164665e+01
9.794430e-01 -1.996967e-01 2.850831e-02 3.436656e+02 1.987319e-01 9.794834e-01 3.343253e-02 4.746500e+01 -3.459979e-02 -2.707975e-02 9.990343e-01 -1.177458e+01
9.795989e-01 -1.987873e-01 2.948778e-02 3.455306e+02 1.978251e-01 9.796948e-01 3.261032e-02 4.782300e+01 -3.537154e-02 -2.611161e-02 9.990330e-01 -1.183125e+01
9.796340e-01 -1.989052e-01 2.745903e-02 3.472648e+02 1.981216e-01 9.797535e-01 2.882377e-02 4.816805e+01 -3.263628e-02 -2.279651e-02 9.992073e-01 -1.193615e+01
9.796538e-01 -1.982710e-01 3.109858e-02 3.490746e+02 1.973746e-01 9.798789e-01 2.967358e-02 4.850577e+01 -3.635626e-02 -2.293176e-02 9.990758e-01 -1.202838e+01
9.796779e-01 -1.979253e-01 3.250935e-02 3.508678e+02 1.968992e-01 9.798937e-01 3.223452e-02 4.883402e+01 -3.823573e-02 -2.517838e-02 9.989515e-01 -1.206203e+01
9.796217e-01 -1.982616e-01 3.215034e-02 3.525741e+02 1.971881e-01 9.797857e-01 3.372149e-02 4.916941e+01 -3.818612e-02 -2.669464e-02 9.989140e-01 -1.219295e+01
9.796221e-01 -1.978347e-01 3.467114e-02 3.544231e+02 1.966497e-01 9.798555e-01 3.481341e-02 4.951096e+01 -4.086001e-02 -2.728591e-02 9.987922e-01 -1.226458e+01
9.796305e-01 -1.978594e-01 3.428900e-02 3.562440e+02 1.966306e-01 9.798111e-01 3.614917e-02 4.986158e+01 -4.074919e-02 -2.867056e-02 9.987580e-01 -1.237508e+01
9.795871e-01 -1.978836e-01 3.537298e-02 3.579969e+02 1.966247e-01 9.798131e-01 3.612624e-02 5.018643e+01 -4.180770e-02 -2.843360e-02 9.987210e-01 -1.245726e+01
9.799178e-01 -1.962647e-01 3.523313e-02 3.597852e+02 1.949758e-01 9.801124e-01 3.693110e-02 5.051662e+01 -4.178070e-02 -2.931983e-02 9.986965e-01 -1.254651e+01
9.800327e-01 -1.961448e-01 3.260412e-02 3.615073e+02 1.950049e-01 9.801736e-01 3.511110e-02 5.084505e+01 -3.884456e-02 -2.805206e-02 9.988514e-01 -1.263715e+01
9.801412e-01 -1.955564e-01 3.287605e-02 3.632570e+02 1.944004e-01 9.802860e-01 3.532537e-02 5.116129e+01 -3.913604e-02 -2.823274e-02 9.988350e-01 -1.275957e+01
9.802838e-01 -1.951237e-01 3.115243e-02 3.649858e+02 1.940843e-01 9.804124e-01 3.351209e-02 5.148182e+01 -3.708122e-02 -2.680516e-02 9.989527e-01 -1.277944e+01
9.805208e-01 -1.943341e-01 2.851441e-02 3.666833e+02 1.933063e-01 9.805053e-01 3.524009e-02 5.179347e+01 -3.480688e-02 -2.904163e-02 9.989720e-01 -1.290456e+01
9.807115e-01 -1.934309e-01 2.809894e-02 3.683982e+02 1.922872e-01 9.805666e-01 3.891835e-02 5.208862e+01 -3.508089e-02 -3.276460e-02 9.988472e-01 -1.297248e+01
9.810244e-01 -1.919804e-01 2.710351e-02 3.701363e+02 1.908315e-01 9.808060e-01 4.003751e-02 5.240419e+01 -3.426971e-02 -3.410558e-02 9.988305e-01 -1.306864e+01
9.811835e-01 -1.912321e-01 2.663063e-02 3.717767e+02 1.901759e-01 9.810234e-01 3.776389e-02 5.269460e+01 -3.334694e-02 -3.198880e-02 9.989318e-01 -1.317392e+01
9.814700e-01 -1.898754e-01 2.576688e-02 3.734904e+02 1.888524e-01 9.812852e-01 3.760518e-02 5.299552e+01 -3.242496e-02 -3.204222e-02 9.989604e-01 -1.325261e+01
9.817882e-01 -1.883536e-01 2.479752e-02 3.751708e+02 1.873252e-01 9.815325e-01 3.877377e-02 5.328452e+01 -3.164274e-02 -3.342243e-02 9.989403e-01 -1.337199e+01
9.822002e-01 -1.864442e-01 2.283165e-02 3.768640e+02 1.854445e-01 9.818382e-01 4.004856e-02 5.356624e+01 -2.988381e-02 -3.510170e-02 9.989368e-01 -1.343395e+01
9.825196e-01 -1.849372e-01 2.129362e-02 3.784637e+02 1.840072e-01 9.821299e-01 3.952643e-02 5.383232e+01 -2.822301e-02 -3.491731e-02 9.989916e-01 -1.354540e+01
9.828787e-01 -1.831328e-01 2.029370e-02 3.801316e+02 1.822232e-01 9.824395e-01 4.009166e-02 5.410643e+01 -2.727943e-02 -3.570725e-02 9.989899e-01 -1.365958e+01
9.832677e-01 -1.811399e-01 1.931195e-02 3.817913e+02 1.802338e-01 9.827552e-01 4.132665e-02 5.436884e+01 -2.646483e-02 -3.715450e-02 9.989591e-01 -1.371809e+01
9.837128e-01 -1.787951e-01 1.847705e-02 3.834437e+02 1.779161e-01 9.831687e-01 4.153408e-02 5.462618e+01 -2.559215e-02 -3.757025e-02 9.989662e-01 -1.385733e+01
9.840915e-01 -1.768058e-01 1.742580e-02 3.851341e+02 1.760386e-01 9.836261e-01 3.860558e-02 5.488205e+01 -2.396617e-02 -3.492381e-02 9.991026e-01 -1.393660e+01
9.843491e-01 -1.752058e-01 1.896843e-02 3.868353e+02 1.743567e-01 9.838805e-01 3.973555e-02 5.513403e+01 -2.562457e-02 -3.580637e-02 9.990302e-01 -1.402773e+01
9.844382e-01 -1.743725e-01 2.180850e-02 3.884949e+02 1.733753e-01 9.839854e-01 4.139603e-02 5.536720e+01 -2.867758e-02 -3.697078e-02 9.989048e-01 -1.414271e+01
9.845831e-01 -1.730901e-01 2.521755e-02 3.901835e+02 1.719952e-01 9.842627e-01 4.055097e-02 5.560932e+01 -3.183967e-02 -3.558850e-02 9.988592e-01 -1.421070e+01
9.847787e-01 -1.715463e-01 2.797711e-02 3.919139e+02 1.702948e-01 9.844865e-01 4.226124e-02 5.585176e+01 -3.479284e-02 -3.685362e-02 9.987148e-01 -1.434722e+01
9.849873e-01 -1.702514e-01 2.853829e-02 3.935950e+02 1.689408e-01 9.846721e-01 4.335494e-02 5.607344e+01 -3.548210e-02 -3.788279e-02 9.986520e-01 -1.446015e+01
9.849082e-01 -1.707282e-01 2.841949e-02 3.952357e+02 1.693968e-01 9.845625e-01 4.406332e-02 5.628989e+01 -3.550361e-02 -3.858416e-02 9.986244e-01 -1.452411e+01
9.848232e-01 -1.709470e-01 3.000670e-02 3.968042e+02 1.697467e-01 9.847227e-01 3.882148e-02 5.649440e+01 -3.618470e-02 -3.313876e-02 9.987955e-01 -1.465032e+01
9.847008e-01 -1.715376e-01 3.064685e-02 3.985257e+02 1.703741e-01 9.846755e-01 3.724237e-02 5.672629e+01 -3.656566e-02 -3.145116e-02 9.988362e-01 -1.477730e+01
9.844273e-01 -1.732896e-01 2.955687e-02 4.001890e+02 1.718373e-01 9.840448e-01 4.612777e-02 5.695288e+01 -3.707875e-02 -4.033046e-02 9.984982e-01 -1.475428e+01
9.838886e-01 -1.760880e-01 3.092381e-02 4.018329e+02 1.744062e-01 9.833738e-01 5.057827e-02 5.716553e+01 -3.931590e-02 -4.437007e-02 9.982412e-01 -1.493812e+01
9.830449e-01 -1.799788e-01 3.507756e-02 4.034710e+02 1.783215e-01 9.829082e-01 4.574511e-02 5.739385e+01 -4.271118e-02 -3.871441e-02 9.983371e-01 -1.510040e+01
9.827704e-01 -1.817386e-01 3.366585e-02 4.051326e+02 1.801844e-01 9.826224e-01 4.457076e-02 5.763405e+01 -4.118105e-02 -3.773677e-02 9.984388e-01 -1.510596e+01
9.822560e-01 -1.847812e-01 3.207871e-02 4.068077e+02 1.833401e-01 9.820989e-01 4.322147e-02 5.789833e+01 -3.949098e-02 -3.657323e-02 9.985504e-01 -1.527374e+01
9.813969e-01 -1.885265e-01 3.630222e-02 4.083330e+02 1.868549e-01 9.813570e-01 4.498461e-02 5.812195e+01 -4.410623e-02 -3.736451e-02 9.983279e-01 -1.539399e+01
9.812546e-01 -1.900847e-01 3.173752e-02 4.099675e+02 1.884116e-01 9.808512e-01 4.931366e-02 5.838377e+01 -4.050356e-02 -4.240954e-02 9.982790e-01 -1.543580e+01
9.806331e-01 -1.931745e-01 3.228309e-02 4.116320e+02 1.914977e-01 9.802785e-01 4.881414e-02 5.865881e+01 -4.107606e-02 -4.168664e-02 9.982860e-01 -1.560374e+01
9.799720e-01 -1.965525e-01 3.196833e-02 4.132321e+02 1.949282e-01 9.796513e-01 4.781764e-02 5.891682e+01 -4.071649e-02 -4.062841e-02 9.983444e-01 -1.568747e+01
9.798120e-01 -1.976202e-01 3.024425e-02 4.147877e+02 1.961050e-01 9.794645e-01 4.681750e-02 5.916343e+01 -3.887526e-02 -3.994130e-02 9.984455e-01 -1.576787e+01
9.793690e-01 -1.997079e-01 3.087161e-02 4.163978e+02 1.981573e-01 9.790398e-01 4.706229e-02 5.944441e+01 -3.962324e-02 -3.997391e-02 9.984148e-01 -1.589385e+01
9.790417e-01 -2.020354e-01 2.567133e-02 4.181042e+02 2.005639e-01 9.783635e-01 5.078184e-02 5.975507e+01 -3.537562e-02 -4.456880e-02 9.983798e-01 -1.600080e+01
9.790358e-01 -2.026898e-01 2.014424e-02 4.198221e+02 2.013953e-01 9.780663e-01 5.316165e-02 6.005790e+01 -3.047772e-02 -4.799020e-02 9.983827e-01 -1.612508e+01
9.783146e-01 -2.061921e-01 1.963057e-02 4.214887e+02 2.049036e-01 9.773098e-01 5.366292e-02 6.036280e+01 -3.025002e-02 -4.847685e-02 9.983661e-01 -1.623398e+01
9.779915e-01 -2.080527e-01 1.570594e-02 4.231019e+02 2.069665e-01 9.769011e-01 5.319235e-02 6.065689e+01 -2.640996e-02 -4.877106e-02 9.984608e-01 -1.634884e+01
9.773161e-01 -2.111468e-01 1.643646e-02 4.249030e+02 2.100566e-01 9.763104e-01 5.190498e-02 6.101193e+01 -2.700666e-02 -4.727499e-02 9.985167e-01 -1.652764e+01
9.770290e-01 -2.125424e-01 1.549207e-02 4.266585e+02 2.114498e-01 9.759159e-01 5.363861e-02 6.134381e+01 -2.651943e-02 -4.913069e-02 9.984402e-01 -1.660452e+01
9.765077e-01 -2.150894e-01 1.301225e-02 4.283871e+02 2.141297e-01 9.753622e-01 5.307823e-02 6.167354e+01 -2.410822e-02 -4.904500e-02 9.985056e-01 -1.673770e+01
9.756573e-01 -2.187862e-01 1.501542e-02 4.301316e+02 2.177018e-01 9.745238e-01 5.393990e-02 6.203651e+01 -2.643418e-02 -4.935797e-02 9.984313e-01 -1.687407e+01
9.751368e-01 -2.214053e-01 9.375609e-03 4.319395e+02 2.205280e-01 9.736977e-01 5.727110e-02 6.241886e+01 -2.180914e-02 -5.377958e-02 9.983146e-01 -1.702468e+01
9.745373e-01 -2.241119e-01 7.134547e-03 4.335815e+02 2.233153e-01 9.729542e-01 5.907975e-02 6.274090e+01 -2.018206e-02 -5.598216e-02 9.982278e-01 -1.712321e+01
9.740025e-01 -2.264406e-01 6.606271e-03 4.352821e+02 2.257150e-01 9.725378e-01 5.677460e-02 6.309585e+01 -1.928092e-02 -5.380747e-02 9.983652e-01 -1.722293e+01
9.733785e-01 -2.290791e-01 7.556863e-03 4.369120e+02 2.282601e-01 9.718328e-01 5.863830e-02 6.343536e+01 -2.077681e-02 -5.535232e-02 9.982507e-01 -1.739265e+01
9.731608e-01 -2.300746e-01 4.875651e-03 4.387119e+02 2.294018e-01 9.715594e-01 5.871046e-02 6.382013e+01 -1.824477e-02 -5.601624e-02 9.982631e-01 -1.751028e+01
9.728521e-01 -2.312884e-01 8.031476e-03 4.405341e+02 2.304382e-01 9.713144e-01 5.870611e-02 6.421961e+01 -2.137913e-02 -5.526160e-02 9.982430e-01 -1.763243e+01
9.723663e-01 -2.333822e-01 6.032778e-03 4.423767e+02 2.326536e-01 9.708295e-01 5.798860e-02 6.462289e+01 -1.939031e-02 -5.498262e-02 9.982990e-01 -1.776651e+01
9.719675e-01 -2.349989e-01 7.391948e-03 4.443637e+02 2.340879e-01 9.701782e-01 6.290543e-02 6.507684e+01 -2.195421e-02 -5.941167e-02 9.979921e-01 -1.796608e+01
9.717424e-01 -2.360033e-01 4.372709e-03 4.463351e+02 2.352369e-01 9.697850e-01 6.465846e-02 6.551863e+01 -1.950020e-02 -6.180274e-02 9.978979e-01 -1.809511e+01
9.712680e-01 -2.379534e-01 4.083861e-03 4.483492e+02 2.372157e-01 9.693534e-01 6.389474e-02 6.598511e+01 -1.916268e-02 -6.109016e-02 9.979483e-01 -1.824101e+01
9.709334e-01 -2.393422e-01 1.901977e-03 4.504668e+02 2.387375e-01 9.689872e-01 6.378173e-02 6.648156e+01 -1.710865e-02 -6.147374e-02 9.979621e-01 -1.843331e+01
9.704759e-01 -2.411654e-01 3.982149e-03 4.526146e+02 2.404950e-01 9.687742e-01 6.032388e-02 6.699065e+01 -1.840584e-02 -5.758518e-02 9.981709e-01 -1.860691e+01
9.698540e-01 -2.436839e-01 1.179351e-03 4.548032e+02 2.431436e-01 9.680039e-01 6.204443e-02 6.751176e+01 -1.626084e-02 -5.988729e-02 9.980727e-01 -1.878027e+01
9.694688e-01 -2.452144e-01 -3.663125e-04 4.569713e+02 2.447045e-01 9.673544e-01 6.591595e-02 6.802200e+01 -1.580919e-02 -6.399309e-02 9.978251e-01 -1.891409e+01
9.687263e-01 -2.481169e-01 -2.696511e-03 4.592151e+02 2.476660e-01 9.661863e-01 7.173415e-02 6.857906e+01 -1.519312e-02 -7.015859e-02 9.974201e-01 -1.912697e+01