1.000000e+00 0.000000e+00 0.000000e+00 0.000000e+00 0.000000e+00 1.000000e+00 0.000000e+00 0.000000e+00 0.000000e+00 0.000000e+00 1.000000e+00 0.000000e+00
9.999929e-01 -1.497054e-05 -3.760349e-03 1.566280e+00 1.173473e-05 9.999996e-01 -8.605276e-04 1.119877e-02 3.760361e-03 8.604774e-04 9.999925e-01 -2.218469e-02
9.999954e-01 5.476884e-04 -2.979267e-03 2.898412e+00 -5.490110e-04 9.999996e-01 -4.431399e-04 -6.557199e-03 2.979023e-03 4.447735e-04 9.999955e-01 -4.887340e-02
9.999909e-01 -3.957760e-04 -4.243998e-03 4.236880e+00 4.026883e-04 9.999986e-01 1.627986e-03 -4.479242e-03 4.243348e-03 -1.629680e-03 9.999897e-01 -5.348196e-02
9.999868e-01 3.803638e-04 -5.129695e-03 5.569129e+00 -3.519454e-04 9.999845e-01 5.539754e-03 -2.633546e-02 5.131724e-03 -5.537876e-03 9.999715e-01 -9.363136e-02
9.999730e-01 4.612571e-04 -7.330556e-03 6.891195e+00 -4.080349e-04 9.999734e-01 7.260165e-03 -4.277446e-02 7.333711e-03 -7.256978e-03 9.999468e-01 -1.096385e-01
9.999779e-01 7.941966e-04 -6.597972e-03 8.195607e+00 -7.639520e-04 9.999892e-01 4.585169e-03 -4.976588e-02 6.601543e-03 -4.580027e-03 9.999677e-01 -1.242568e-01
9.999630e-01 1.223537e-03 -8.511739e-03 9.496949e+00 -1.191532e-03 9.999921e-01 3.764152e-03 -6.439630e-02 8.516278e-03 -3.753870e-03 9.999567e-01 -1.668321e-01
9.999566e-01 2.180214e-03 -9.055422e-03 1.079066e+01 -2.164330e-03 9.999962e-01 1.763481e-03 -7.878747e-02 9.059231e-03 -1.743806e-03 9.999574e-01 -1.793178e-01
9.999786e-01 3.900586e-03 -5.250787e-03 1.208925e+01 -3.884769e-03 9.999878e-01 3.019224e-03 -1.011370e-01 5.262500e-03 -2.998761e-03 9.999816e-01 -1.939645e-01
9.999624e-01 5.912099e-03 -6.348039e-03 1.339437e+01 -5.882869e-03 9.999721e-01 4.613275e-03 -1.308816e-01 6.375136e-03 -4.575756e-03 9.999692e-01 -2.175653e-01
9.999570e-01 7.381518e-03 -5.615229e-03 1.472032e+01 -7.362749e-03 9.999672e-01 3.355859e-03 -1.551905e-01 5.639817e-03 -3.314371e-03 9.999786e-01 -2.413244e-01
9.999506e-01 8.531000e-03 -5.093693e-03 1.603049e+01 -8.525552e-03 9.999632e-01 1.090449e-03 -1.749947e-01 5.102808e-03 -1.046968e-03 9.999864e-01 -2.713099e-01
9.999219e-01 1.051864e-02 -6.746734e-03 1.732315e+01 -1.048182e-02 9.999303e-01 5.469975e-03 -2.035380e-01 6.803799e-03 -5.398829e-03 9.999623e-01 -3.014005e-01
9.998928e-01 1.202595e-02 -8.349543e-03 1.864360e+01 -1.194593e-02 9.998827e-01 9.567844e-03 -2.355058e-01 8.463629e-03 -9.467075e-03 9.999194e-01 -3.355690e-01
9.998549e-01 1.407213e-02 -9.600811e-03 1.996425e+01 -1.399174e-02 9.998668e-01 8.388853e-03 -2.648130e-01 9.717582e-03 -8.253302e-03 9.999187e-01 -3.449888e-01
9.998586e-01 1.547932e-02 -6.572315e-03 2.128469e+01 -1.544007e-02 9.998629e-01 5.981799e-03 -2.995339e-01 6.664009e-03 -5.879476e-03 9.999605e-01 -3.881492e-01
9.998278e-01 1.760908e-02 -5.854119e-03 2.259855e+01 -1.759286e-02 9.998413e-01 2.810480e-03 -3.429918e-01 5.902680e-03 -2.707005e-03 9.999789e-01 -4.116884e-01
9.998033e-01 1.932669e-02 -4.455119e-03 2.391199e+01 -1.932153e-02 9.998126e-01 1.198866e-03 -3.842701e-01 4.477454e-03 -1.112550e-03 9.999893e-01 -4.326439e-01
9.997775e-01 2.085058e-02 -3.189178e-03 2.521775e+01 -2.084388e-02 9.997805e-01 2.119290e-03 -4.196469e-01 3.232666e-03 -2.052344e-03 9.999927e-01 -4.644828e-01
9.997262e-01 2.336261e-02 -1.319928e-03 2.653944e+01 -2.335736e-02 9.997196e-01 3.864384e-03 -4.733600e-01 1.409840e-03 -3.832496e-03 9.999917e-01 -4.797499e-01
9.996897e-01 2.485763e-02 -1.595899e-03 2.784916e+01 -2.485052e-02 9.996818e-01 4.330785e-03 -5.192851e-01 1.703044e-03 -4.289782e-03 9.999893e-01 -5.093031e-01
9.996451e-01 2.660917e-02 1.274972e-03 2.915578e+01 -2.661520e-02 9.996333e-01 4.968047e-03 -5.656059e-01 -1.142309e-03 -5.000218e-03 9.999868e-01 -5.363613e-01
9.996001e-01 2.826978e-02 -6.775285e-04 3.045696e+01 -2.826539e-02 9.995835e-01 5.794244e-03 -6.119906e-01 8.410485e-04 -5.772776e-03 9.999830e-01 -5.652494e-01
9.995387e-01 3.031700e-02 -1.793077e-03 3.175737e+01 -3.030506e-02 9.995204e-01 6.348483e-03 -6.709967e-01 1.984684e-03 -6.291215e-03 9.999782e-01 -5.994572e-01
9.994923e-01 3.184659e-02 -8.965560e-04 3.306805e+01 -3.184113e-02 9.994774e-01 5.557105e-03 -7.181754e-01 1.073062e-03 -5.525738e-03 9.999841e-01 -6.175483e-01
9.994492e-01 3.318166e-02 -5.860844e-04 3.438123e+01 -3.317800e-02 9.994347e-01 5.428922e-03 -7.766011e-01 7.658937e-04 -5.406487e-03 9.999851e-01 -6.475250e-01
9.993774e-01 3.528061e-02 -1.219583e-04 3.567954e+01 -3.527941e-02 9.993625e-01 5.479716e-03 -8.477399e-01 3.152083e-04 -5.472002e-03 9.999850e-01 -6.773978e-01
9.993331e-01 3.649161e-02 1.309924e-03 3.698488e+01 -3.649758e-02 9.993217e-01 4.870799e-03 -9.054193e-01 -1.131292e-03 -4.915360e-03 9.999873e-01 -7.033029e-01
9.992725e-01 3.806536e-02 2.358738e-03 3.829495e+01 -3.807541e-02 9.992653e-01 4.370083e-03 -9.657954e-01 -2.190656e-03 -4.456714e-03 9.999877e-01 -7.286210e-01
9.991980e-01 4.001310e-02 1.526775e-03 3.959305e+01 -4.002174e-02 9.991800e-01 6.121325e-03 -1.037006e+00 -1.280590e-03 -6.177520e-03 9.999801e-01 -7.589634e-01
9.991204e-01 4.192405e-02 9.410681e-04 4.088696e+01 -4.192946e-02 9.990978e-01 6.744783e-03 -1.101823e+00 -6.574505e-04 -6.778309e-03 9.999768e-01 -7.920985e-01
9.990406e-01 4.377414e-02 -1.286535e-03 4.219328e+01 -4.376472e-02 9.990201e-01 6.613711e-03 -1.167415e+00 1.574783e-03 -6.551061e-03 9.999773e-01 -8.166155e-01
9.989752e-01 4.524562e-02 -1.211953e-03 4.348806e+01 -4.523829e-02 9.989610e-01 5.514496e-03 -1.235826e+00 1.460201e-03 -5.454017e-03 9.999841e-01 -8.541906e-01
9.989054e-01 4.673169e-02 -2.031903e-03 4.479962e+01 -4.672084e-02 9.988949e-01 5.097328e-03 -1.314451e+00 2.267865e-03 -4.996816e-03 9.999849e-01 -8.702363e-01
9.988194e-01 4.851719e-02 -2.448520e-03 4.611022e+01 -4.850777e-02 9.988155e-01 3.770941e-03 -1.397696e+00 2.628576e-03 -3.647717e-03 9.999899e-01 -9.016514e-01
9.987345e-01 5.023611e-02 -2.384295e-03 4.740335e+01 -5.022548e-02 9.987285e-01 4.325906e-03 -1.467238e+00 2.598580e-03 -4.200679e-03 9.999878e-01 -9.281815e-01
9.986540e-01 5.183288e-02 -1.892343e-03 4.870384e+01 -5.182458e-02 9.986473e-01 4.198435e-03 -1.554721e+00 2.107401e-03 -4.094713e-03 9.999894e-01 -9.428777e-01
9.985756e-01 5.330946e-02 -2.204281e-03 5.001769e+01 -5.329505e-02 9.985600e-01 6.146347e-03 -1.637630e+00 2.528765e-03 -6.020114e-03 9.999787e-01 -9.765018e-01
9.985039e-01 5.467116e-02 -9.600929e-04 5.135383e+01 -5.466471e-02 9.984878e-01 5.789705e-03 -1.728364e+00 1.275171e-03 -5.728560e-03 9.999828e-01 -9.964630e-01
9.983974e-01 5.659139e-02 9.467037e-05 5.266217e+01 -5.659073e-02 9.983746e-01 6.761276e-03 -1.810821e+00 2.881135e-04 -6.755798e-03 9.999771e-01 -1.026401e+00
9.983152e-01 5.801750e-02 9.086999e-04 5.398036e+01 -5.802270e-02 9.982868e-01 7.528519e-03 -1.912078e+00 -4.703573e-04 -7.568561e-03 9.999713e-01 -1.049316e+00
9.982485e-01 5.906992e-02 3.279022e-03 5.530478e+01 -5.909332e-02 9.982238e-01 7.569127e-03 -2.007329e+00 -2.826090e-03 -7.749638e-03 9.999660e-01 -1.087130e+00
9.981458e-01 6.066938e-02 4.915644e-03 5.663972e+01 -6.069722e-02 9.981399e-01 5.727806e-03 -2.105982e+00 -4.558998e-03 -6.015551e-03 9.999715e-01 -1.100922e+00
9.980715e-01 6.164586e-02 7.288921e-03 5.795068e+01 -6.170063e-02 9.980663e-01 7.545072e-03 -2.200308e+00 -6.809704e-03 -7.980253e-03 9.999450e-01 -1.141627e+00
9.979835e-01 6.296939e-02 7.989964e-03 5.928676e+01 -6.305185e-02 9.979547e-01 1.052637e-02 -2.305104e+00 -7.310784e-03 -1.100892e-02 9.999127e-01 -1.163222e+00
9.978751e-01 6.460019e-02 8.491626e-03 6.063317e+01 -6.470270e-02 9.978274e-01 1.240915e-02 -2.412615e+00 -7.671544e-03 -1.293221e-02 9.998869e-01 -1.190862e+00
9.977716e-01 6.555666e-02 1.241805e-02 6.196824e+01 -6.566758e-02 9.978032e-01 8.745916e-03 -2.517406e+00 -1.181742e-02 -9.541890e-03 9.998847e-01 -1.222017e+00
9.976006e-01 6.710920e-02 1.700955e-02 6.329443e+01 -6.725681e-02 9.977015e-01 8.259133e-03 -2.624866e+00 -1.641619e-02 -9.383323e-03 9.998212e-01 -1.247525e+00
9.974875e-01 6.823473e-02 1.904650e-02 6.464693e+01 -6.844415e-02 9.975989e-01 1.056795e-02 -2.735760e+00 -1.827967e-02 -1.184502e-02 9.997628e-01 -1.293358e+00
9.973391e-01 6.989421e-02 2.072340e-02 6.599514e+01 -7.018304e-02 9.974420e-01 1.355313e-02 -2.853929e+00 -1.972310e-02 -1.497149e-02 9.996934e-01 -1.325261e+00
9.972329e-01 7.162668e-02 1.990316e-02 6.734560e+01 -7.187618e-02 9.973401e-01 1.211574e-02 -2.974426e+00 -1.898241e-02 -1.351278e-02 9.997285e-01 -1.365056e+00
9.971049e-01 7.326050e-02 2.036482e-02 6.870826e+01 -7.347624e-02 9.972463e-01 1.005457e-02 -3.090783e+00 -1.957214e-02 -1.152179e-02 9.997420e-01 -1.409546e+00
9.969754e-01 7.487920e-02 2.081547e-02 7.005962e+01 -7.506019e-02 9.971465e-01 8.052892e-03 -3.205329e+00 -2.015308e-02 -9.590949e-03 9.997509e-01 -1.442764e+00
9.969268e-01 7.575350e-02 1.995576e-02 7.141017e+01 -7.594635e-02 9.970704e-01 9.089042e-03 -3.317068e+00 -1.920877e-02 -1.057668e-02 9.997596e-01 -1.476730e+00
9.968019e-01 7.738510e-02 1.994041e-02 7.275468e+01 -7.757595e-02 9.969460e-01 8.981303e-03 -3.439619e+00 -1.918449e-02 -1.049948e-02 9.997608e-01 -1.503670e+00
9.966199e-01 7.972837e-02 1.980287e-02 7.408734e+01 -7.993909e-02 9.967487e-01 1.008625e-02 -3.557873e+00 -1.893433e-02 -1.163518e-02 9.997530e-01 -1.536303e+00
9.964684e-01 8.156559e-02 1.994294e-02 7.541821e+01 -8.180338e-02 9.965833e-01 1.141276e-02 -3.682844e+00 -1.894391e-02 -1.300386e-02 9.997360e-01 -1.577352e+00
9.963433e-01 8.392701e-02 1.600927e-02 7.675871e+01 -8.414780e-02 9.963597e-01 1.365475e-02 -3.822406e+00 -1.480499e-02 -1.495196e-02 9.997786e-01 -1.625394e+00
9.961286e-01 8.592000e-02 1.858729e-02 7.809879e+01 -8.613277e-02 9.962232e-01 1.096508e-02 -3.951613e+00 -1.757498e-02 -1.252361e-02 9.997671e-01 -1.646131e+00
9.960194e-01 8.757015e-02 1.663670e-02 7.941912e+01 -8.772635e-02 9.961050e-01 8.901652e-03 -4.082171e+00 -1.579238e-02 -1.032569e-02 9.998220e-01 -1.694647e+00
9.958381e-01 8.957101e-02 1.683641e-02 8.076905e+01 -8.969758e-02 9.959449e-01 6.917440e-03 -4.218610e+00 -1.614854e-02 -8.398836e-03 9.998343e-01 -1.717466e+00
9.957321e-01 9.099313e-02 1.542222e-02 8.210041e+01 -9.113844e-02 9.957975e-01 8.995799e-03 -4.344563e+00 -1.453885e-02 -1.036296e-02 9.998406e-01 -1.757407e+00
9.955486e-01 9.304525e-02 1.501731e-02 8.342005e+01 -9.317407e-02 9.956167e-01 8.117448e-03 -4.490826e+00 -1.419619e-02 -9.480537e-03 9.998543e-01 -1.778329e+00
9.954195e-01 9.433011e-02 1.555078e-02 8.476441e+01 -9.447140e-02 9.954903e-01 8.614438e-03 -4.619947e+00 -1.466805e-02 -1.004408e-02 9.998420e-01 -1.817587e+00
9.951838e-01 9.688839e-02 1.489458e-02 8.608949e+01 -9.702926e-02 9.952403e-01 9.043986e-03 -4.771578e+00 -1.394743e-02 -1.044564e-02 9.998482e-01 -1.845858e+00
9.950050e-01 9.862027e-02 1.546417e-02 8.741928e+01 -9.878475e-02 9.950560e-01 1.025782e-02 -4.925654e+00 -1.437608e-02 -1.173420e-02 9.998278e-01 -1.877740e+00
9.948062e-01 1.006580e-01 1.511544e-02 8.875541e+01 -1.008190e-01 9.948516e-01 1.029333e-02 -5.069445e+00 -1.400152e-02 -1.176380e-02 9.998327e-01 -1.915238e+00
9.946012e-01 1.025429e-01 1.591686e-02 9.008733e+01 -1.027053e-01 9.946641e-01 9.742299e-03 -5.224259e+00 -1.483293e-02 -1.132445e-02 9.998258e-01 -1.943247e+00
9.943838e-01 1.046189e-01 1.599556e-02 9.141718e+01 -1.047914e-01 9.944402e-01 1.035921e-02 -5.384244e+00 -1.482286e-02 -1.197723e-02 9.998184e-01 -1.976844e+00
9.942036e-01 1.062386e-01 1.650859e-02 9.275936e+01 -1.064250e-01 9.942614e-01 1.085071e-02 -5.536780e+00 -1.526110e-02 -1.254474e-02 9.998049e-01 -2.016237e+00
9.940503e-01 1.076670e-01 1.648823e-02 9.410110e+01 -1.078662e-01 9.940964e-01 1.170951e-02 -5.707917e+00 -1.513017e-02 -1.341836e-02 9.997955e-01 -2.054020e+00
9.937239e-01 1.105740e-01 1.691765e-02 9.543626e+01 -1.107577e-01 9.937936e-01 1.033436e-02 -5.866561e+00 -1.566994e-02 -1.214326e-02 9.998035e-01 -2.085640e+00
9.935153e-01 1.124999e-01 1.646526e-02 9.677241e+01 -1.126801e-01 9.935764e-01 1.045551e-02 -6.028086e+00 -1.518325e-02 -1.224302e-02 9.998097e-01 -2.119520e+00
9.932007e-01 1.152437e-01 1.647151e-02 9.811235e+01 -1.154298e-01 9.932568e-01 1.082812e-02 -6.197922e+00 -1.511256e-02 -1.265579e-02 9.998057e-01 -2.158477e+00
9.929277e-01 1.175896e-01 1.635136e-02 9.946123e+01 -1.177742e-01 9.929814e-01 1.081914e-02 -6.367697e+00 -1.496438e-02 -1.266839e-02 9.998078e-01 -2.184121e+00
9.926100e-01 1.203093e-01 1.584060e-02 1.008057e+02 -1.204798e-01 9.926624e-01 1.028179e-02 -6.548129e+00 -1.448737e-02 -1.211428e-02 9.998217e-01 -2.218817e+00
9.922608e-01 1.231585e-01 1.582570e-02 1.021475e+02 -1.233382e-01 9.923044e-01 1.092799e-02 -6.730302e+00 -1.435804e-02 -1.279533e-02 9.998150e-01 -2.243053e+00
9.920285e-01 1.252749e-01 1.362123e-02 1.034915e+02 -1.254390e-01 9.920294e-01 1.194714e-02 -6.913003e+00 -1.201599e-02 -1.356054e-02 9.998358e-01 -2.287317e+00
9.917822e-01 1.272393e-01 1.334913e-02 1.048447e+02 -1.274069e-01 9.917711e-01 1.255915e-02 -7.105814e+00 -1.164127e-02 -1.415671e-02 9.998320e-01 -2.319856e+00
9.914076e-01 1.301588e-01 1.302630e-02 1.062012e+02 -1.303252e-01 9.913877e-01 1.286128e-02 -7.297035e+00 -1.124011e-02 -1.444843e-02 9.998325e-01 -2.354491e+00
9.909876e-01 1.332292e-01 1.391432e-02 1.075443e+02 -1.334098e-01 9.909761e-01 1.297360e-02 -7.498619e+00 -1.206029e-02 -1.471299e-02 9.998190e-01 -2.391804e+00
9.905443e-01 1.363660e-01 1.504477e-02 1.088953e+02 -1.365778e-01 9.905293e-01 1.408752e-02 -7.697692e+00 -1.298122e-02 -1.600910e-02 9.997876e-01 -2.438605e+00
9.901543e-01 1.391677e-01 1.505939e-02 1.102402e+02 -1.394130e-01 9.900936e-01 1.669010e-02 -7.913149e+00 -1.258749e-02 -1.862525e-02 9.997473e-01 -2.467700e+00
9.896739e-01 1.424979e-01 1.548716e-02 1.116008e+02 -1.427665e-01 9.895947e-01 1.789274e-02 -8.125443e+00 -1.277634e-02 -1.991902e-02 9.997200e-01 -2.516505e+00
9.892561e-01 1.454393e-01 1.482640e-02 1.129703e+02 -1.456926e-01 9.891709e-01 1.773522e-02 -8.334488e+00 -1.208645e-02 -1.970477e-02 9.997328e-01 -2.562964e+00
9.888964e-01 1.478064e-01 1.539798e-02 1.143331e+02 -1.480570e-01 9.888386e-01 1.664565e-02 -8.543795e+00 -1.276578e-02 -1.874060e-02 9.997429e-01 -2.601158e+00
9.885174e-01 1.504804e-01 1.374757e-02 1.156741e+02 -1.506980e-01 9.884427e-01 1.646252e-02 -8.767567e+00 -1.111140e-02 -1.834522e-02 9.997700e-01 -2.647673e+00
9.881947e-01 1.525350e-01 1.429138e-02 1.170374e+02 -1.527572e-01 9.881338e-01 1.601486e-02 -8.991385e+00 -1.167898e-02 -1.800891e-02 9.997696e-01 -2.689593e+00
9.878071e-01 1.550895e-01 1.358119e-02 1.184153e+02 -1.552832e-01 9.877621e-01 1.459964e-02 -9.228724e+00 -1.115074e-02 -1.653056e-02 9.998012e-01 -2.728383e+00
9.874707e-01 1.570884e-01 1.499766e-02 1.197764e+02 -1.572767e-01 9.874778e-01 1.232941e-02 -9.460888e+00 -1.287305e-02 -1.453371e-02 9.998115e-01 -2.747591e+00
9.870554e-01 1.594502e-01 1.724027e-02 1.211407e+02 -1.596771e-01 9.870877e-01 1.269565e-02 -9.702018e+00 -1.499333e-02 -1.528418e-02 9.997708e-01 -2.809144e+00
9.869074e-01 1.598478e-01 2.150585e-02 1.225031e+02 -1.601854e-01 9.869729e-01 1.500324e-02 -9.937040e+00 -1.882745e-02 -1.825173e-02 9.996561e-01 -2.841969e+00
9.872002e-01 1.579286e-01 2.223213e-02 1.238722e+02 -1.583308e-01 9.872280e-01 1.766373e-02 -1.017140e+01 -1.915858e-02 -2.095767e-02 9.995968e-01 -2.895446e+00
9.870970e-01 1.588727e-01 1.997259e-02 1.252533e+02 -1.592145e-01 9.870999e-01 1.687155e-02 -1.041332e+01 -1.703452e-02 -1.983378e-02 9.996582e-01 -2.928591e+00
9.869763e-01 1.594768e-01 2.109442e-02 1.266351e+02 -1.597691e-01 9.870690e-01 1.297335e-02 -1.064615e+01 -1.875270e-02 -1.617462e-02 9.996933e-01 -2.990341e+00
9.870706e-01 1.598768e-01 1.145309e-02 1.279949e+02 -1.600561e-01 9.869621e-01 1.696685e-02 -1.086428e+01 -8.591164e-03 -1.858061e-02 9.997904e-01 -3.056597e+00
9.869785e-01 1.605827e-01 9.312434e-03 1.293528e+02 -1.607784e-01 9.866261e-01 2.681546e-02 -1.109954e+01 -4.881792e-03 -2.796352e-02 9.995970e-01 -3.132531e+00
9.866860e-01 1.625896e-01 3.913317e-03 1.307475e+02 -1.626365e-01 9.863622e-01 2.527454e-02 -1.134911e+01 2.494291e-04 -2.557448e-02 9.996729e-01 -3.116740e+00
9.863065e-01 1.649179e-01 1.249666e-03 1.321523e+02 -1.649184e-01 9.861987e-01 1.463213e-02 -1.158742e+01 1.180681e-03 -1.463785e-02 9.998922e-01 -3.117576e+00
9.860945e-01 1.661792e-01 1.493189e-03 1.335214e+02 -1.661858e-01 9.860438e-01 1.000278e-02 -1.183806e+01 1.899031e-04 -1.011183e-02 9.999489e-01 -3.220582e+00
9.857850e-01 1.677991e-01 8.449662e-03 1.348951e+02 -1.678946e-01 9.857290e-01 1.224586e-02 -1.208325e+01 -6.274231e-03 -1.349044e-02 9.998893e-01 -3.264423e+00
9.854230e-01 1.700938e-01 3.102073e-03 1.362731e+02 -1.701219e-01 9.852853e-01 1.647683e-02 -1.234267e+01 -2.538210e-04 -1.676437e-02 9.998595e-01 -3.244235e+00
9.849439e-01 1.726731e-01 8.340754e-03 1.376427e+02 -1.728036e-01 9.847748e-01 1.891007e-02 -1.260224e+01 -4.948505e-03 -2.006666e-02 9.997864e-01 -3.376642e+00
9.845456e-01 1.750834e-01 3.952663e-03 1.390312e+02 -1.751213e-01 9.844548e-01 1.346920e-02 -1.287337e+01 -1.532985e-03 -1.395324e-02 9.999015e-01 -3.311179e+00
9.842126e-01 1.769608e-01 3.234467e-03 1.404022e+02 -1.769883e-01 9.841248e-01 1.317402e-02 -1.311637e+01 -8.518334e-04 -1.353850e-02 9.999080e-01 -3.444215e+00
9.838352e-01 1.789838e-01 5.746254e-03 1.417539e+02 -1.790416e-01 9.837691e-01 1.195365e-02 -1.339022e+01 -3.513476e-03 -1.278924e-02 9.999120e-01 -3.472072e+00
9.834604e-01 1.811180e-01 1.382612e-03 1.431120e+02 -1.811201e-01 9.833699e-01 1.337243e-02 -1.364785e+01 1.062369e-03 -1.340168e-02 9.999096e-01 -3.482759e+00
9.828923e-01 1.841633e-01 2.555826e-03 1.444733e+02 -1.841803e-01 9.828331e-01 1.079373e-02 -1.392033e+01 -5.241417e-04 -1.107980e-02 9.999385e-01 -3.558598e+00
9.825820e-01 1.857739e-01 4.556282e-03 1.458114e+02 -1.858156e-01 9.825144e-01 1.174341e-02 -1.418713e+01 -2.294992e-03 -1.238550e-02 9.999207e-01 -3.555045e+00
9.822345e-01 1.876391e-01 2.613635e-03 1.471474e+02 -1.876571e-01 9.821577e-01 1.228400e-02 -1.445320e+01 -2.620438e-04 -1.255623e-02 9.999211e-01 -3.620658e+00
9.817629e-01 1.899989e-01 6.484642e-03 1.484795e+02 -1.900660e-01 9.816967e-01 1.209069e-02 -1.473814e+01 -4.068734e-03 -1.310270e-02 9.999059e-01 -3.650852e+00
9.813976e-01 1.919461e-01 3.930691e-03 1.497910e+02 -1.919807e-01 9.813193e-01 1.248929e-02 -1.500427e+01 -1.459993e-03 -1.301157e-02 9.999143e-01 -3.700755e+00
9.808800e-01 1.945757e-01 3.826262e-03 1.510912e+02 -1.946082e-01 9.808069e-01 1.205354e-02 -1.527594e+01 -1.407498e-03 -1.256770e-02 9.999200e-01 -3.746604e+00
9.802842e-01 1.975928e-01 2.088057e-04 1.523851e+02 -1.975766e-01 9.801896e-01 1.385278e-02 -1.553681e+01 2.532539e-03 -1.362091e-02 9.999040e-01 -3.790699e+00
9.794885e-01 2.014893e-01 -2.087297e-03 1.536632e+02 -2.014458e-01 9.794126e-01 1.307549e-02 -1.581170e+01 4.678898e-03 -1.238682e-02 9.999123e-01 -3.837298e+00
9.787906e-01 2.048255e-01 -3.914885e-03 1.549342e+02 -2.047583e-01 9.787228e-01 1.325843e-02 -1.608290e+01 6.547252e-03 -1.217562e-02 9.999045e-01 -3.877806e+00
9.777694e-01 2.095688e-01 -6.925651e-03 1.561842e+02 -2.094774e-01 9.777397e-01 1.201398e-02 -1.636460e+01 9.289240e-03 -1.029614e-02 9.999039e-01 -3.908611e+00
9.766741e-01 2.146139e-01 -6.969711e-03 1.574200e+02 -2.145116e-01 9.766338e-01 1.309411e-02 -1.664919e+01 9.617032e-03 -1.129359e-02 9.998900e-01 -3.952259e+00
9.755009e-01 2.198512e-01 -7.957501e-03 1.586541e+02 -2.197171e-01 9.754484e-01 1.498912e-02 -1.693700e+01 1.105751e-02 -1.287350e-02 9.998560e-01 -3.983045e+00
9.743072e-01 2.251214e-01 -6.768286e-03 1.598604e+02 -2.249965e-01 9.742352e-01 1.557652e-02 -1.722272e+01 1.010051e-02 -1.365348e-02 9.998558e-01 -4.034515e+00
9.730304e-01 2.305341e-01 -8.115767e-03 1.610574e+02 -2.303830e-01 9.729644e-01 1.624200e-02 -1.752454e+01 1.164069e-02 -1.393423e-02 9.998351e-01 -4.068135e+00
9.718467e-01 2.355079e-01 -7.071049e-03 1.622398e+02 -2.353764e-01 9.717768e-01 1.574302e-02 -1.781950e+01 1.057909e-02 -1.363544e-02 9.998510e-01 -4.114165e+00
9.706127e-01 2.405371e-01 -7.275218e-03 1.634094e+02 -2.404171e-01 9.705633e-01 1.437267e-02 -1.812512e+01 1.051822e-02 -1.220121e-02 9.998702e-01 -4.155907e+00
9.692550e-01 2.459886e-01 -5.868278e-03 1.645720e+02 -2.458881e-01 9.691955e-01 1.411023e-02 -1.843735e+01 9.158463e-03 -1.223347e-02 9.998832e-01 -4.199018e+00
9.679589e-01 2.510692e-01 -4.453893e-03 1.656974e+02 -2.509860e-01 9.678881e-01 1.408701e-02 -1.875490e+01 7.847685e-03 -1.251778e-02 9.998909e-01 -4.241195e+00
9.667430e-01 2.557307e-01 -3.136193e-03 1.668221e+02 -2.556712e-01 9.666771e-01 1.295700e-02 -1.905872e+01 6.345189e-03 -1.172426e-02 9.999111e-01 -4.273817e+00
9.652688e-01 2.612463e-01 -2.552310e-03 1.679265e+02 -2.611927e-01 9.651983e-01 1.306794e-02 -1.937631e+01 5.877435e-03 -1.194743e-02 9.999114e-01 -4.318232e+00
9.639522e-01 2.660404e-01 -4.309969e-03 1.690176e+02 -2.659581e-01 9.638821e-01 1.405979e-02 -1.968504e+01 7.894775e-03 -1.240670e-02 9.998919e-01 -4.357009e+00
9.626735e-01 2.706406e-01 -3.657878e-03 1.701110e+02 -2.705656e-01 9.625980e-01 1.412330e-02 -1.999784e+01 7.343404e-03 -1.260643e-02 9.998935e-01 -4.398325e+00
9.612522e-01 2.756280e-01 -4.849602e-03 1.711940e+02 -2.755527e-01 9.612066e-01 1.235175e-02 -2.032339e+01 8.065959e-03 -1.053683e-02 9.999120e-01 -4.427070e+00
9.600030e-01 2.799553e-01 -4.384866e-03 1.722566e+02 -2.798835e-01 9.599526e-01 1.249168e-02 -2.064390e+01 7.706375e-03 -1.076480e-02 9.999124e-01 -4.467758e+00
9.585023e-01 2.850473e-01 -4.629703e-03 1.733145e+02 -2.849670e-01 9.584464e-01 1.319869e-02 -2.096636e+01 8.199573e-03 -1.133166e-02 9.999022e-01 -4.492019e+00
9.573348e-01 2.889343e-01 -5.209851e-03 1.743895e+02 -2.888441e-01 9.572804e-01 1.354697e-02 -2.129636e+01 8.901473e-03 -1.146415e-02 9.998947e-01 -4.541643e+00
9.562496e-01 2.925158e-01 -4.602330e-03 1.754437e+02 -2.924352e-01 9.561940e-01 1.322236e-02 -2.163270e+01 8.268470e-03 -1.129799e-02 9.999020e-01 -4.547439e+00
9.553799e-01 2.953344e-01 -5.180345e-03 1.764898e+02 -2.952654e-01 9.553510e-01 1.107373e-02 -2.196453e+01 8.219500e-03 -9.050040e-03 9.999253e-01 -4.601931e+00
9.547175e-01 2.974958e-01 -3.286366e-03 1.775291e+02 -2.974527e-01 9.546869e-01 9.740391e-03 -2.230407e+01 6.035175e-03 -8.321784e-03 9.999472e-01 -4.620443e+00
9.539839e-01 2.998452e-01 -2.753388e-03 1.785420e+02 -2.997979e-01 9.539366e-01 1.123883e-02 -2.263331e+01 5.996466e-03 -9.896202e-03 9.999331e-01 -4.649686e+00
9.531448e-01 3.025098e-01 -1.643845e-03 1.795539e+02 -3.024661e-01 9.530759e-01 1.266312e-02 -2.296715e+01 5.397426e-03 -1.157258e-02 9.999185e-01 -4.692830e+00
9.525856e-01 3.042428e-01 -4.120472e-03 1.805686e+02 -3.041591e-01 9.525157e-01 1.417957e-02 -2.329571e+01 8.238846e-03 -1.225397e-02 9.998910e-01 -4.720470e+00
9.519435e-01 3.062367e-01 -4.757351e-03 1.815573e+02 -3.061267e-01 9.518532e-01 1.619338e-02 -2.363035e+01 9.487307e-03 -1.395883e-02 9.998575e-01 -4.754737e+00
9.514127e-01 3.079051e-01 -2.876698e-03 1.825544e+02 -3.078214e-01 9.513059e-01 1.622555e-02 -2.397054e+01 7.732550e-03 -1.455169e-02 9.998642e-01 -4.782096e+00
9.503579e-01 3.111215e-01 -4.827259e-03 1.835301e+02 -3.110187e-01 9.502809e-01 1.528071e-02 -2.430311e+01 9.341409e-03 -1.302078e-02 9.998716e-01 -4.839147e+00
9.496388e-01 3.133165e-01 -4.349135e-03 1.845154e+02 -3.132346e-01 9.495788e-01 1.356411e-02 -2.463256e+01 8.379708e-03 -1.151871e-02 9.998986e-01 -4.852238e+00
9.493395e-01 3.142062e-01 -5.373383e-03 1.854855e+02 -3.141054e-01 9.492798e-01 1.433386e-02 -2.495116e+01 9.604631e-03 -1.191989e-02 9.998828e-01 -4.871079e+00
9.485886e-01 3.164133e-01 -7.894554e-03 1.864192e+02 -3.162386e-01 9.485111e-01 1.788825e-02 -2.527227e+01 1.314815e-02 -1.447202e-02 9.998088e-01 -4.960166e+00
9.478099e-01 3.186378e-01 -1.124231e-02 1.873670e+02 -3.183967e-01 9.477657e-01 1.907413e-02 -2.560275e+01 1.673282e-02 -1.449913e-02 9.997548e-01 -4.965952e+00
9.469633e-01 3.211679e-01 -1.057046e-02 1.882810e+02 -3.209454e-01 9.469167e-01 1.852011e-02 -2.591778e+01 1.595741e-02 -1.414533e-02 9.997726e-01 -5.013275e+00
9.461856e-01 3.234622e-01 -1.024563e-02 1.891945e+02 -3.233207e-01 9.461949e-01 1.336960e-02 -2.624674e+01 1.401893e-02 -9.337503e-03 9.998581e-01 -5.027113e+00
9.451594e-01 3.265012e-01 -8.405500e-03 1.900969e+02 -3.263932e-01 9.451573e-01 1.205618e-02 -2.656807e+01 1.188088e-02 -8.651515e-03 9.998920e-01 -5.069782e+00
9.443372e-01 3.289252e-01 -5.946201e-03 1.909840e+02 -3.288437e-01 9.443130e-01 1.160797e-02 -2.689383e+01 9.433230e-03 -9.006471e-03 9.999149e-01 -5.082298e+00
9.431123e-01 3.324669e-01 -2.234624e-03 1.918519e+02 -3.323994e-01 9.430211e-01 1.489489e-02 -2.721500e+01 7.059356e-03 -1.330477e-02 9.998866e-01 -5.148118e+00
9.411109e-01 3.380958e-01 -1.225381e-03 1.927073e+02 -3.380390e-01 9.410083e-01 1.526125e-02 -2.755612e+01 6.312856e-03 -1.394830e-02 9.998828e-01 -5.142902e+00
9.390304e-01 3.438332e-01 7.452868e-04 1.935380e+02 -3.438060e-01 9.389240e-01 1.480914e-02 -2.786898e+01 4.392106e-03 -1.416246e-02 9.998901e-01 -5.194314e+00
9.366454e-01 3.502679e-01 2.771167e-03 1.943647e+02 -3.502753e-01 9.365712e-01 1.190813e-02 -2.820099e+01 1.575640e-03 -1.212436e-02 9.999253e-01 -5.220161e+00
9.337224e-01 3.579597e-01 5.221089e-03 1.951680e+02 -3.579966e-01 9.336580e-01 1.101404e-02 -2.852761e+01 -9.321286e-04 -1.215319e-02 9.999257e-01 -5.241149e+00
9.298883e-01 3.678092e-01 4.908912e-03 1.959621e+02 -3.678417e-01 9.298211e-01 1.118318e-02 -2.886330e+01 -4.511341e-04 -1.220481e-02 9.999254e-01 -5.284616e+00
9.251289e-01 3.795684e-01 8.015530e-03 1.967507e+02 -3.796324e-01 9.250927e-01 9.098394e-03 -2.921582e+01 -3.961645e-03 -1.146014e-02 9.999265e-01 -5.292210e+00
9.199763e-01 3.918316e-01 1.056444e-02 1.975104e+02 -3.918950e-01 9.199979e-01 4.714725e-03 -2.956050e+01 -7.871887e-03 -8.477587e-03 9.999331e-01 -5.315763e+00
9.142317e-01 4.047620e-01 1.865845e-02 1.982798e+02 -4.048423e-01 9.143863e-01 5.832152e-04 -2.992588e+01 -1.682497e-02 -8.086924e-03 9.998258e-01 -5.334163e+00
9.087420e-01 4.167808e-01 2.194999e-02 1.990228e+02 -4.168994e-01 9.089521e-01 9.187548e-04 -3.028933e+01 -1.956858e-02 -9.985851e-03 9.997587e-01 -5.353858e+00
9.030351e-01 4.289356e-01 2.327840e-02 1.997466e+02 -4.291759e-01 9.031990e-01 6.305730e-03 -3.064983e+01 -1.832028e-02 -1.568483e-02 9.997091e-01 -5.375480e+00
8.973287e-01 4.409510e-01 1.905994e-02 2.004737e+02 -4.412213e-01 8.972979e-01 1.344046e-02 -3.101218e+01 -1.117585e-02 -2.047016e-02 9.997280e-01 -5.415326e+00
8.910851e-01 4.536529e-01 1.290088e-02 2.011862e+02 -4.538169e-01 8.909496e-01 1.609267e-02 -3.138519e+01 -4.193548e-03 -2.019458e-02 9.997873e-01 -5.436357e+00
8.835136e-01 4.683551e-01 6.870894e-03 2.018889e+02 -4.683986e-01 8.833258e-01 1.838956e-02 -3.177398e+01 2.543606e-03 -1.946574e-02 9.998073e-01 -5.453643e+00
8.755630e-01 4.830484e-01 7.328290e-03 2.025804e+02 -4.830986e-01 8.753802e-01 1.803111e-02 -3.218235e+01 2.294856e-03 -1.932766e-02 9.998106e-01 -5.478267e+00
8.662009e-01 4.996789e-01 4.114075e-03 2.032715e+02 -4.996694e-01 8.660409e-01 1.742909e-02 -3.260147e+01 5.145994e-03 -1.715277e-02 9.998397e-01 -5.515856e+00
8.571151e-01 5.151239e-01 1.035336e-03 2.039603e+02 -5.150910e-01 8.570340e-01 1.319439e-02 -3.302914e+01 5.909425e-03 -1.184240e-02 9.999124e-01 -5.534504e+00
8.486205e-01 5.289966e-01 2.390794e-03 2.046259e+02 -5.289941e-01 8.485745e-01 9.283706e-03 -3.346022e+01 2.882283e-03 -9.143059e-03 9.999540e-01 -5.553628e+00
8.394334e-01 5.434531e-01 3.224141e-03 2.052507e+02 -5.434496e-01 8.393574e-01 1.189224e-02 -3.389341e+01 3.756667e-03 -1.173490e-02 9.999241e-01 -5.565781e+00
8.303746e-01 5.571682e-01 6.439753e-03 2.058766e+02 -5.571851e-01 8.301896e-01 1.815931e-02 -3.433214e+01 4.771575e-03 -1.866717e-02 9.998144e-01 -5.622912e+00
8.208616e-01 5.710900e-01 6.516202e-03 2.064905e+02 -5.710701e-01 8.205649e-01 2.350207e-02 -3.478370e+01 8.074829e-03 -2.301315e-02 9.997026e-01 -5.638882e+00
8.115604e-01 5.842466e-01 5.070351e-03 2.071035e+02 -5.841706e-01 8.112351e-01 2.534789e-02 -3.524624e+01 1.069617e-02 -2.353329e-02 9.996659e-01 -5.668620e+00
8.022839e-01 5.969023e-01 6.944852e-03 2.077074e+02 -5.968680e-01 8.019451e-01 2.515599e-02 -3.570111e+01 9.446278e-03 -2.432740e-02 9.996594e-01 -5.700787e+00
7.935973e-01 6.084025e-01 7.056509e-03 2.083105e+02 -6.083834e-01 7.933028e-01 2.324438e-02 -3.616945e+01 8.543990e-03 -2.273974e-02 9.997049e-01 -5.721536e+00
7.860274e-01 6.181233e-01 9.198910e-03 2.088882e+02 -6.181517e-01 7.857201e-01 2.307791e-02 -3.664569e+01 7.037227e-03 -2.382619e-02 9.996914e-01 -5.770950e+00
7.795178e-01 6.262997e-01 1.002893e-02 2.094573e+02 -6.263511e-01 7.792282e-01 2.208817e-02 -3.710884e+01 6.018992e-03 -2.349975e-02 9.997057e-01 -5.781926e+00
7.724594e-01 6.349443e-01 1.233467e-02 2.100073e+02 -6.350479e-01 7.721550e-01 2.215371e-02 -3.758022e+01 4.542096e-03 -2.494594e-02 9.996785e-01 -5.823661e+00
7.656132e-01 6.432049e-01 1.113435e-02 2.105223e+02 -6.432799e-01 7.653320e-01 2.140189e-02 -3.803875e+01 5.244326e-03 -2.354807e-02 9.997090e-01 -5.848383e+00
7.585083e-01 6.515784e-01 1.052622e-02 2.110583e+02 -6.516321e-01 7.582141e-01 2.207124e-02 -3.851738e+01 6.400018e-03 -2.360044e-02 9.997010e-01 -5.854517e+00
7.516338e-01 6.594872e-01 1.110193e-02 2.115832e+02 -6.595533e-01 7.513429e-01 2.175421e-02 -3.898411e+01 6.005273e-03 -2.367351e-02 9.997017e-01 -5.918373e+00
7.446618e-01 6.673974e-01 7.709183e-03 2.120866e+02 -6.674037e-01 7.444459e-01 1.929588e-02 -3.945097e+01 7.138952e-03 -1.951405e-02 9.997841e-01 -5.966893e+00
7.377107e-01 6.750374e-01 1.037096e-02 2.125654e+02 -6.750379e-01 7.373019e-01 2.664477e-02 -3.990783e+01 1.033968e-02 -2.665692e-02 9.995912e-01 -5.987764e+00
7.314720e-01 6.817883e-01 1.065165e-02 2.130240e+02 -6.816068e-01 7.306634e-01 3.928310e-02 -4.035932e+01 1.899999e-02 -3.599472e-02 9.991714e-01 -5.979895e+00
7.241809e-01 6.894177e-01 1.628695e-02 2.134812e+02 -6.892290e-01 7.227941e-01 5.032317e-02 -4.082209e+01 2.292157e-02 -4.766852e-02 9.986002e-01 -6.038917e+00
7.171059e-01 6.968445e-01 1.292448e-02 2.139566e+02 -6.965595e-01 7.159342e-01 4.735943e-02 -4.128775e+01 2.374908e-02 -4.296439e-02 9.987943e-01 -6.128403e+00
7.099165e-01 7.042322e-01 8.685481e-03 2.144695e+02 -7.041425e-01 7.094692e-01 2.892658e-02 -4.178119e+01 1.420895e-02 -2.665128e-02 9.995438e-01 -6.111456e+00
7.046349e-01 7.095662e-01 2.313242e-03 2.149355e+02 -7.095550e-01 7.045951e-01 8.790038e-03 -4.226608e+01 4.607215e-03 -7.835140e-03 9.999587e-01 -6.113344e+00
6.995032e-01 7.144507e-01 1.598104e-02 2.153613e+02 -7.145506e-01 6.995831e-01 7.988154e-04 -4.273999e+01 -1.060935e-02 -1.197803e-02 9.998720e-01 -6.120696e+00
6.946895e-01 7.191636e-01 1.450053e-02 2.157776e+02 -7.193040e-01 6.946236e-01 9.990187e-03 -4.319014e+01 -2.887829e-03 -1.737037e-02 9.998450e-01 -6.210510e+00
6.886672e-01 7.249501e-01 1.359809e-02 2.161992e+02 -7.250720e-01 6.884674e-01 1.682848e-02 -4.364838e+01 2.837968e-03 -2.144882e-02 9.997659e-01 -6.226252e+00
6.838984e-01 7.295503e-01 6.272583e-03 2.166299e+02 -7.294919e-01 6.836617e-01 2.117843e-02 -4.411362e+01 1.116240e-02 -1.905969e-02 9.997560e-01 -6.231798e+00
6.795235e-01 7.335371e-01 1.308483e-02 2.170820e+02 -7.336282e-01 6.795408e-01 3.759774e-03 -4.462771e+01 -6.133740e-03 -1.215425e-02 9.999073e-01 -6.166521e+00
6.747668e-01 7.377949e-01 1.866518e-02 2.175048e+02 -7.374805e-01 6.750244e-01 -2.155333e-02 -4.511166e+01 -2.850139e-02 7.782662e-04 9.995934e-01 -6.236120e+00
6.697488e-01 7.423466e-01 1.892213e-02 2.179356e+02 -7.413518e-01 6.698867e-01 -4.061379e-02 -4.559359e+01 -4.282519e-02 1.317308e-02 9.989957e-01 -6.215508e+00
6.660169e-01 7.457831e-01 1.513204e-02 2.183198e+02 -7.451091e-01 6.660963e-01 -3.358496e-02 -4.602814e+01 -3.512650e-02 1.109314e-02 9.993213e-01 -6.210642e+00
6.622921e-01 7.489947e-01 1.939472e-02 2.186677e+02 -7.489425e-01 6.625388e-01 -1.130314e-02 -4.646025e+01 -2.131574e-02 -7.039551e-03 9.997480e-01 -6.276200e+00
6.570831e-01 7.534577e-01 2.330871e-02 2.190630e+02 -7.538034e-01 6.569492e-01 1.407539e-02 -4.692026e+01 -4.707424e-03 -2.681888e-02 9.996292e-01 -6.233943e+00
6.520246e-01 7.578157e-01 2.406843e-02 2.194405e+02 -7.581649e-01 6.513721e-01 3.000499e-02 -4.738104e+01 7.060749e-03 -3.781183e-02 9.992599e-01 -6.258852e+00
6.468344e-01 7.623298e-01 2.141424e-02 2.198545e+02 -7.625946e-01 6.462770e-01 2.784864e-02 -4.787419e+01 7.390320e-03 -3.434384e-02 9.993827e-01 -6.270068e+00
6.423094e-01 7.661693e-01 2.057137e-02 2.202428e+02 -7.664433e-01 6.421391e-01 1.490154e-02 -4.836087e+01 -1.792578e-03 -2.533819e-02 9.996773e-01 -6.285129e+00
6.377445e-01 7.699139e-01 2.268429e-02 2.206193e+02 -7.702174e-01 6.377051e-01 9.870579e-03 -4.882898e+01 -6.866395e-03 -2.376674e-02 9.996939e-01 -6.306734e+00
6.328984e-01 7.738841e-01 2.330095e-02 2.209839e+02 -7.742259e-01 6.327491e-01 1.423561e-02 -4.929206e+01 -3.726940e-03 -2.704990e-02 9.996271e-01 -6.339373e+00
6.267849e-01 7.788536e-01 2.297193e-02 2.213427e+02 -7.791917e-01 6.264732e-01 1.979438e-02 -4.976182e+01 1.025629e-03 -3.030635e-02 9.995402e-01 -6.361582e+00
6.190071e-01 7.851072e-01 2.090009e-02 2.216995e+02 -7.853705e-01 6.186125e-01 2.261867e-02 -5.022759e+01 4.829025e-03 -3.041543e-02 9.995257e-01 -6.384358e+00
6.096946e-01 7.923901e-01 1.975764e-02 2.220445e+02 -7.926177e-01 6.093193e-01 2.206988e-02 -5.070298e+01 5.449241e-03 -2.911615e-02 9.995612e-01 -6.396586e+00
5.997533e-01 7.999671e-01 1.867410e-02 2.223787e+02 -8.001691e-01 5.994314e-01 2.028190e-02 -5.118264e+01 5.031008e-03 -2.710657e-02 9.996199e-01 -6.423483e+00
5.888256e-01 8.080430e-01 1.873284e-02 2.227182e+02 -8.082460e-01 5.885205e-01 1.954076e-02 -5.166436e+01 4.765111e-03 -2.664684e-02 9.996336e-01 -6.441064e+00
5.762645e-01 8.170236e-01 1.979165e-02 2.230444e+02 -8.172475e-01 5.759336e-01 2.017578e-02 -5.214833e+01 5.085414e-03 -2.780126e-02 9.996005e-01 -6.449683e+00
5.626122e-01 8.264470e-01 2.128106e-02 2.233345e+02 -8.267028e-01 5.622433e-01 2.109533e-02 -5.263780e+01 5.469043e-03 -2.946160e-02 9.995509e-01 -6.486458e+00
5.477914e-01 8.363069e-01 2.270404e-02 2.236320e+02 -8.365881e-01 5.473546e-01 2.287512e-02 -5.312314e+01 6.703456e-03 -3.152472e-02 9.994805e-01 -6.502934e+00
5.320163e-01 8.464509e-01 2.190025e-02 2.239257e+02 -8.467014e-01 5.315901e-01 2.255182e-02 -5.362135e+01 7.447049e-03 -3.054090e-02 9.995058e-01 -6.532335e+00
5.155596e-01 8.565998e-01 2.085885e-02 2.242150e+02 -8.568076e-01 5.151263e-01 2.292866e-02 -5.411456e+01 8.895744e-03 -2.969311e-02 9.995195e-01 -6.553578e+00
4.991525e-01 8.663142e-01 1.861505e-02 2.244836e+02 -8.664488e-01 4.987358e-01 2.300555e-02 -5.461547e+01 1.064604e-02 -2.761227e-02 9.995620e-01 -6.571884e+00
4.824132e-01 8.757514e-01 1.836047e-02 2.247375e+02 -8.758721e-01 4.819995e-01 2.289959e-02 -5.511698e+01 1.120461e-02 -2.712848e-02 9.995692e-01 -6.591116e+00
4.642813e-01 8.854966e-01 1.840172e-02 2.249880e+02 -8.856137e-01 4.638735e-01 2.257406e-02 -5.562366e+01 1.145319e-02 -2.677753e-02 9.995758e-01 -6.616387e+00
4.461110e-01 8.947089e-01 2.193041e-02 2.252034e+02 -8.949187e-01 4.456667e-01 2.239698e-02 -5.613062e+01 1.026512e-02 -2.961748e-02 9.995086e-01 -6.621815e+00
4.275584e-01 9.036247e-01 2.561740e-02 2.254210e+02 -9.039514e-01 4.271157e-01 2.107252e-02 -5.664983e+01 8.100051e-03 -3.216662e-02 9.994497e-01 -6.654685e+00
4.086291e-01 9.122999e-01 2.703662e-02 2.256320e+02 -9.126722e-01 4.082040e-01 1.997465e-02 -5.716574e+01 7.186416e-03 -3.283780e-02 9.994348e-01 -6.669071e+00
3.885839e-01 9.210812e-01 2.473594e-02 2.258333e+02 -9.213753e-01 3.881840e-01 1.951385e-02 -5.767615e+01 8.371747e-03 -3.037385e-02 9.995036e-01 -6.709780e+00
3.681639e-01 9.294958e-01 2.220146e-02 2.260203e+02 -9.297125e-01 3.677962e-01 1.899142e-02 -5.819234e+01 9.486834e-03 -2.763293e-02 9.995731e-01 -6.725612e+00
3.470468e-01 9.375904e-01 2.196964e-02 2.261958e+02 -9.377778e-01 3.466395e-01 2.034287e-02 -5.870879e+01 1.145774e-02 -2.766257e-02 9.995517e-01 -6.728149e+00
3.246179e-01 9.454750e-01 2.646125e-02 2.263469e+02 -9.457629e-01 3.240933e-01 2.227077e-02 -5.923922e+01 1.248055e-02 -3.225556e-02 9.994017e-01 -6.740489e+00
3.014168e-01 9.530063e-01 3.044361e-02 2.264810e+02 -9.534114e-01 3.008209e-01 2.265686e-02 -5.976262e+01 1.243405e-02 -3.585444e-02 9.992797e-01 -6.768158e+00
2.784603e-01 9.598985e-01 3.247338e-02 2.266130e+02 -9.603732e-01 2.778584e-01 2.186179e-02 -6.030371e+01 1.196210e-02 -3.727420e-02 9.992335e-01 -6.789021e+00
2.557072e-01 9.662141e-01 3.230996e-02 2.267342e+02 -9.666602e-01 2.550733e-01 2.248407e-02 -6.082810e+01 1.348301e-02 -3.698210e-02 9.992250e-01 -6.821587e+00
2.330756e-01 9.719390e-01 3.178535e-02 2.268381e+02 -9.723504e-01 2.324375e-01 2.253036e-02 -6.135857e+01 1.451004e-02 -3.615777e-02 9.992408e-01 -6.831231e+00
2.106783e-01 9.769697e-01 3.383494e-02 2.269209e+02 -9.774332e-01 2.099785e-01 2.309533e-02 -6.189595e+01 1.545883e-02 -3.793709e-02 9.991605e-01 -6.849545e+00
1.895429e-01 9.812118e-01 3.601381e-02 2.270173e+02 -9.817277e-01 1.887578e-01 2.411082e-02 -6.242790e+01 1.685993e-02 -3.992579e-02 9.990604e-01 -6.865957e+00
1.691980e-01 9.848571e-01 3.779567e-02 2.270889e+02 -9.854290e-01 1.683714e-01 2.409589e-02 -6.296235e+01 1.736730e-02 -4.132193e-02 9.989949e-01 -6.891299e+00
1.489320e-01 9.881127e-01 3.811035e-02 2.271557e+02 -9.887077e-01 1.481526e-01 2.253446e-02 -6.349987e+01 1.662044e-02 -4.103610e-02 9.990194e-01 -6.915455e+00
1.303532e-01 9.908270e-01 3.563643e-02 2.271961e+02 -9.913464e-01 1.296909e-01 2.031383e-02 -6.402596e+01 1.550577e-02 -3.797602e-02 9.991583e-01 -6.944185e+00
1.115662e-01 9.931775e-01 3.393139e-02 2.272477e+02 -9.936426e-01 1.109701e-01 1.897349e-02 -6.457047e+01 1.507867e-02 -3.583248e-02 9.992440e-01 -6.945682e+00
9.374744e-02 9.949637e-01 3.547804e-02 2.272750e+02 -9.955068e-01 9.320247e-02 1.672155e-02 -6.511136e+01 1.333070e-02 -3.688623e-02 9.992306e-01 -6.959045e+00
7.674915e-02 9.963478e-01 3.742703e-02 2.272937e+02 -9.969777e-01 7.623589e-02 1.495735e-02 -6.563488e+01 1.204944e-02 -3.846187e-02 9.991874e-01 -6.992160e+00
6.010240e-02 9.974549e-01 3.835702e-02 2.273151e+02 -9.981154e-01 5.957663e-02 1.470662e-02 -6.617215e+01 1.238401e-02 -3.916863e-02 9.991559e-01 -7.003048e+00
4.476112e-02 9.983197e-01 3.680032e-02 2.273255e+02 -9.989094e-01 4.423702e-02 1.493436e-02 -6.671266e+01 1.328133e-02 -3.742866e-02 9.992110e-01 -7.030593e+00
3.003561e-02 9.989085e-01 3.577341e-02 2.273363e+02 -9.994437e-01 2.949429e-02 1.556617e-02 -6.725645e+01 1.449407e-02 -3.622105e-02 9.992387e-01 -7.038920e+00
1.693702e-02 9.992617e-01 3.448290e-02 2.273211e+02 -9.997339e-01 1.638472e-02 1.623499e-02 -6.778521e+01 1.565801e-02 -3.474870e-02 9.992734e-01 -7.051148e+00
5.208969e-03 9.993751e-01 3.496094e-02 2.273041e+02 -9.998639e-01 4.657745e-03 1.583293e-02 -6.831408e+01 1.566020e-02 -3.503865e-02 9.992632e-01 -7.066842e+00
-5.563498e-03 9.993693e-01 3.507238e-02 2.272996e+02 -9.998804e-01 -6.065547e-03 1.422259e-02 -6.884842e+01 1.442636e-02 -3.498906e-02 9.992836e-01 -7.077472e+00
-1.472580e-02 9.992707e-01 3.522772e-02 2.272867e+02 -9.998048e-01 -1.517957e-02 1.264556e-02 -6.937989e+01 1.317108e-02 -3.503462e-02 9.992993e-01 -7.115441e+00
-2.288449e-02 9.991375e-01 3.464720e-02 2.272663e+02 -9.996500e-01 -2.332884e-02 1.247195e-02 -6.992708e+01 1.326947e-02 -3.434967e-02 9.993218e-01 -7.107739e+00
-3.050780e-02 9.988631e-01 3.663084e-02 2.272401e+02 -9.994694e-01 -3.090370e-02 1.028703e-02 -7.047498e+01 1.140736e-02 -3.629757e-02 9.992759e-01 -7.118040e+00
-3.758514e-02 9.983843e-01 4.261667e-02 2.271960e+02 -9.992324e-01 -3.802013e-02 9.441199e-03 -7.102291e+01 1.104624e-02 -4.222910e-02 9.990469e-01 -7.125908e+00
-4.261351e-02 9.979603e-01 4.753295e-02 2.271504e+02 -9.990178e-01 -4.314041e-02 1.011732e-02 -7.156655e+01 1.214728e-02 -4.705513e-02 9.988185e-01 -7.148912e+00
-4.699576e-02 9.977902e-01 4.696920e-02 2.271300e+02 -9.988369e-01 -4.744816e-02 8.563267e-03 -7.212019e+01 1.077294e-02 -4.651214e-02 9.988596e-01 -7.180256e+00
-5.070961e-02 9.977764e-01 4.325268e-02 2.270956e+02 -9.986868e-01 -5.097711e-02 5.105501e-03 -7.267094e+01 7.299045e-03 -4.293697e-02 9.990511e-01 -7.174808e+00
