1.000000e+00 0.000000e+00 0.000000e+00 0.000000e+00 0.000000e+00 1.000000e+00 0.000000e+00 0.000000e+00 0.000000e+00 0.000000e+00 1.000000e+00 0.000000e+00
9.999996e-01 -6.775758e-04 5.158284e-04 3.365845e-01 6.768045e-04 9.999987e-01 1.493804e-03 9.953772e-02 -5.168398e-04 -1.493454e-03 9.999987e-01 -2.137286e-02
9.999982e-01 8.627663e-04 1.700055e-03 5.671141e-01 -8.668691e-04 9.999967e-01 2.414014e-03 1.219081e-01 -1.697967e-03 -2.415483e-03 9.999956e-01 -2.398728e-02
9.999954e-01 2.356776e-03 1.893295e-03 1.171989e+00 -2.362964e-03 9.999918e-01 3.272795e-03 1.293362e-01 -1.885566e-03 -3.277254e-03 9.999928e-01 -5.912838e-02
9.999954e-01 3.029976e-03 1.193615e-04 1.500490e+00 -3.030121e-03 9.999948e-01 1.234420e-03 1.714382e-01 -1.156206e-04 -1.234776e-03 9.999992e-01 -5.915089e-02
9.999916e-01 4.099996e-03 -5.836208e-05 1.846993e+00 -4.100003e-03 9.999917e-01 -1.203544e-04 1.777390e-01 5.786814e-05 1.205926e-04 1.000000e+00 -6.858446e-02
9.999861e-01 5.273416e-03 -6.763319e-05 2.132225e+00 -5.273543e-03 9.999840e-01 -2.041307e-03 2.132983e-01 5.686745e-05 2.041635e-03 9.999979e-01 -8.454595e-02
9.999747e-01 6.310438e-03 3.298918e-03 2.523818e+00 -6.300130e-03 9.999752e-01 -3.125865e-03 2.228757e-01 -3.318562e-03 3.105002e-03 9.999897e-01 -7.106642e-02
9.999682e-01 7.549789e-03 2.547629e-03 2.840886e+00 -7.542368e-03 9.999672e-01 -2.909794e-03 2.350755e-01 -2.569514e-03 2.890486e-03 9.999925e-01 -4.766909e-02
9.999611e-01 8.142903e-03 3.385641e-03 3.193871e+00 -8.142683e-03 9.999669e-01 -7.864458e-05 2.509068e-01 -3.386169e-03 5.107333e-05 9.999943e-01 -6.567275e-02
9.999488e-01 8.068371e-03 6.110520e-03 3.612751e+00 -8.086772e-03 9.999628e-01 2.992598e-03 2.628922e-01 -6.086147e-03 -3.041859e-03 9.999769e-01 -7.097758e-02
9.999546e-01 9.521528e-03 1.719671e-04 4.035572e+00 -9.521880e-03 9.999523e-01 2.179540e-03 2.592509e-01 -1.512063e-04 -2.181079e-03 9.999976e-01 -7.332659e-02
9.999533e-01 8.975138e-03 3.585913e-03 4.456332e+00 -8.976090e-03 9.999597e-01 2.492148e-04 2.815447e-01 -3.583532e-03 -2.813907e-04 9.999936e-01 -9.600659e-02
9.999582e-01 8.879510e-03 2.190678e-03 5.026846e+00 -8.875904e-03 9.999592e-01 -1.650445e-03 2.847703e-01 -2.205244e-03 1.630931e-03 9.999962e-01 -9.870549e-02
9.999595e-01 8.657740e-03 2.474139e-03 5.700264e+00 -8.650992e-03 9.999590e-01 -2.725233e-03 2.975242e-01 -2.497631e-03 2.703719e-03 9.999932e-01 -1.161364e-01
9.999454e-01 1.027655e-02 1.899291e-03 7.076593e+00 -1.027024e-02 9.999417e-01 -3.303918e-03 2.761730e-01 -1.933133e-03 3.284231e-03 9.999927e-01 -1.251874e-01
9.999291e-01 1.084065e-02 4.938407e-03 8.274077e+00 -1.082148e-02 9.999338e-01 -3.892202e-03 2.678944e-01 -4.980274e-03 3.838485e-03 9.999802e-01 -1.139680e-01
9.999163e-01 1.222867e-02 4.218448e-03 9.890704e+00 -1.222035e-02 9.999233e-01 -1.992152e-03 2.415714e-01 -4.242486e-03 1.940434e-03 9.999891e-01 -1.519551e-01
9.998925e-01 1.284653e-02 7.075682e-03 1.171265e+01 -1.282659e-02 9.999136e-01 -2.856317e-03 1.829698e-01 -7.111765e-03 2.765253e-03 9.999709e-01 -1.802162e-01
9.999135e-01 1.288488e-02 2.650942e-03 1.380280e+01 -1.287024e-02 9.999022e-01 -5.466562e-03 1.351360e-01 -2.721119e-03 5.431971e-03 9.999815e-01 -1.745241e-01
9.998965e-01 1.408259e-02 2.940660e-03 1.607074e+01 -1.406318e-02 9.998797e-01 -6.520963e-03 7.002435e-02 -3.032139e-03 6.478934e-03 9.999744e-01 -2.437355e-01
9.998804e-01 1.545053e-02 6.295974e-04 1.862232e+01 -1.544603e-02 9.998589e-01 -6.619356e-03 1.874143e-02 -7.317811e-04 6.608839e-03 9.999779e-01 -2.441059e-01
9.998710e-01 1.594906e-02 -1.919375e-03 2.120206e+01 -1.596121e-02 9.998516e-01 -6.492649e-03 -4.034318e-02 1.815538e-03 6.522446e-03 9.999771e-01 -2.715813e-01
9.998750e-01 1.578510e-02 8.620562e-04 2.374766e+01 -1.577987e-02 9.998587e-01 -5.767201e-03 -1.201728e-01 -9.529704e-04 5.752877e-03 9.999830e-01 -2.795280e-01
9.998706e-01 1.550017e-02 4.304285e-03 2.629088e+01 -1.549707e-02 9.998796e-01 -7.530042e-04 -1.886108e-01 -4.315438e-03 6.862030e-04 9.999905e-01 -3.424850e-01
9.998478e-01 1.459941e-02 9.549183e-03 2.886221e+01 -1.460572e-02 9.998932e-01 5.922855e-04 -2.673587e-01 -9.539516e-03 -7.316680e-04 9.999542e-01 -3.731820e-01
9.998774e-01 1.404830e-02 6.920696e-03 3.141236e+01 -1.405624e-02 9.999006e-01 1.101232e-03 -3.215869e-01 -6.904537e-03 -1.198376e-03 9.999754e-01 -4.176201e-01
9.998772e-01 1.464319e-02 5.583303e-03 3.395716e+01 -1.464820e-02 9.998922e-01 8.585812e-04 -3.903072e-01 -5.570129e-03 -9.402611e-04 9.999840e-01 -5.114834e-01
9.998909e-01 1.435956e-02 3.462301e-03 3.648648e+01 -1.434526e-02 9.998885e-01 -4.118072e-03 -4.453684e-01 -3.521049e-03 4.067955e-03 9.999855e-01 -5.083472e-01
9.998823e-01 1.505942e-02 2.930784e-03 3.896698e+01 -1.504152e-02 9.998688e-01 -6.033894e-03 -5.162417e-01 -3.021267e-03 5.989100e-03 9.999775e-01 -5.654625e-01
9.998752e-01 1.463249e-02 5.947884e-03 4.150832e+01 -1.458422e-02 9.998609e-01 -8.078399e-03 -5.859233e-01 -6.065264e-03 7.990646e-03 9.999497e-01 -5.715863e-01
9.998897e-01 1.348598e-02 6.230609e-03 4.399312e+01 -1.343922e-02 9.998816e-01 -7.486867e-03 -6.352037e-01 -6.330839e-03 7.402307e-03 9.999526e-01 -6.103115e-01
9.998871e-01 1.300384e-02 7.524277e-03 4.649188e+01 -1.295185e-02 9.998922e-01 -6.916522e-03 -7.017537e-01 -7.613407e-03 6.818288e-03 9.999478e-01 -6.353365e-01
9.999118e-01 1.220853e-02 5.233554e-03 4.898242e+01 -1.216565e-02 9.998928e-01 -8.147953e-03 -7.678137e-01 -5.332468e-03 8.083565e-03 9.999531e-01 -6.339758e-01
9.999172e-01 1.146819e-02 5.834930e-03 5.143212e+01 -1.140711e-02 9.998810e-01 -1.039505e-02 -8.283379e-01 -5.953447e-03 1.032763e-02 9.999290e-01 -6.943882e-01
9.999136e-01 1.151687e-02 6.337477e-03 5.389347e+01 -1.143864e-02 9.998596e-01 -1.224506e-02 -8.842356e-01 -6.477613e-03 1.217151e-02 9.999049e-01 -6.866611e-01
9.999248e-01 1.181739e-02 3.266718e-03 5.635299e+01 -1.177033e-02 9.998318e-01 -1.406869e-02 -9.454409e-01 -3.432424e-03 1.402918e-02 9.998957e-01 -6.838024e-01
9.999283e-01 1.158820e-02 3.009873e-03 5.881515e+01 -1.154663e-02 9.998424e-01 -1.348173e-02 -9.926102e-01 -3.165628e-03 1.344601e-02 9.999046e-01 -7.248299e-01
9.999212e-01 1.237081e-02 2.132082e-03 6.126997e+01 -1.234272e-02 9.998429e-01 -1.271707e-02 -1.045198e+00 -2.289067e-03 1.268975e-02 9.999169e-01 -7.223962e-01
9.999238e-01 1.219933e-02 1.863488e-03 6.372243e+01 -1.217636e-02 9.998553e-01 -1.187428e-02 -1.107515e+00 -2.008076e-03 1.185069e-02 9.999278e-01 -7.217870e-01
9.999232e-01 1.187269e-02 3.570309e-03 6.615600e+01 -1.182934e-02 9.998589e-01 -1.192616e-02 -1.175893e+00 -3.711401e-03 1.188300e-02 9.999225e-01 -7.254674e-01
9.999099e-01 1.236078e-02 5.223314e-03 6.859294e+01 -1.229489e-02 9.998467e-01 -1.246385e-02 -1.232866e+00 -5.376576e-03 1.239851e-02 9.999087e-01 -7.479730e-01
9.999079e-01 1.314506e-02 3.386138e-03 7.099187e+01 -1.308949e-02 9.997872e-01 -1.594057e-02 -1.291713e+00 -3.594958e-03 1.589477e-02 9.998672e-01 -7.847097e-01
9.998941e-01 1.351740e-02 5.381812e-03 7.342789e+01 -1.341621e-02 9.997405e-01 -1.841353e-02 -1.357431e+00 -5.629319e-03 1.833938e-02 9.998160e-01 -7.685922e-01
9.998947e-01 1.379191e-02 4.516460e-03 7.586018e+01 -1.370649e-02 9.997363e-01 -1.842662e-02 -1.415711e+00 -4.769407e-03 1.836278e-02 9.998200e-01 -7.514775e-01
9.998748e-01 1.385783e-02 7.634865e-03 7.824279e+01 -1.372834e-02 9.997654e-01 -1.675929e-02 -1.473170e+00 -7.865320e-03 1.665238e-02 9.998304e-01 -7.712841e-01
9.998909e-01 1.329657e-02 6.437798e-03 8.063204e+01 -1.318342e-02 9.997633e-01 -1.730992e-02 -1.530232e+00 -6.666437e-03 1.722316e-02 9.998295e-01 -7.517849e-01
9.998889e-01 1.369251e-02 5.892350e-03 8.300400e+01 -1.361590e-02 9.998248e-01 -1.285154e-02 -1.585911e+00 -6.067287e-03 1.276988e-02 9.999000e-01 -7.964888e-01
9.999017e-01 1.353291e-02 3.660929e-03 8.540592e+01 -1.349768e-02 9.998639e-01 -9.482936e-03 -1.643515e+00 -3.788762e-03 9.432591e-03 9.999483e-01 -7.809940e-01
9.999138e-01 1.312254e-02 -3.699072e-04 8.779103e+01 -1.312551e-02 9.998667e-01 -9.708560e-03 -1.702346e+00 2.424569e-04 9.712578e-03 9.999528e-01 -7.857267e-01
9.999278e-01 1.141384e-02 3.745905e-03 9.019732e+01 -1.136944e-02 9.998673e-01 -1.166749e-02 -1.750820e+00 -3.878579e-03 1.162406e-02 9.999249e-01 -8.162453e-01
9.999346e-01 1.071840e-02 3.985508e-03 9.259192e+01 -1.066813e-02 9.998659e-01 -1.242872e-02 -1.797691e+00 -4.118190e-03 1.238539e-02 9.999148e-01 -8.170394e-01
9.999368e-01 1.061489e-02 3.691104e-03 9.490617e+01 -1.053757e-02 9.997369e-01 -2.037019e-02 -1.850561e+00 -3.906361e-03 2.033001e-02 9.997857e-01 -8.507988e-01
9.999129e-01 1.065219e-02 7.791814e-03 9.724386e+01 -1.047779e-02 9.997010e-01 -2.209115e-02 -1.898381e+00 -8.024803e-03 2.200759e-02 9.997256e-01 -8.309796e-01
9.999433e-01 1.064757e-02 1.972150e-04 9.958613e+01 -1.064074e-02 9.997058e-01 -2.179494e-02 -1.939815e+00 -4.292201e-04 2.179160e-02 9.997624e-01 -8.053918e-01
9.999211e-01 1.223583e-02 2.819669e-03 1.019282e+02 -1.218020e-02 9.997458e-01 -1.896889e-02 -2.001399e+00 -3.051053e-03 1.893305e-02 9.998161e-01 -8.386840e-01
9.999321e-01 1.164559e-02 4.474392e-04 1.042267e+02 -1.163385e-02 9.997183e-01 -2.068073e-02 -2.052703e+00 -6.881524e-04 2.067412e-02 9.997860e-01 -7.627494e-01
9.999161e-01 1.282086e-02 1.839313e-03 1.062001e+02 -1.278033e-02 9.997065e-01 -2.057475e-02 -2.078506e+00 -2.102560e-03 2.054952e-02 9.997866e-01 -8.099474e-01
9.998977e-01 1.394800e-02 3.163125e-03 1.077439e+02 -1.387550e-02 9.996641e-01 -2.189034e-02 -2.124323e+00 -3.467389e-03 2.184421e-02 9.997554e-01 -7.998731e-01
9.999028e-01 1.388128e-02 1.312628e-03 1.098426e+02 -1.385089e-02 9.996864e-01 -2.086216e-02 -2.173258e+00 -1.601810e-03 2.084195e-02 9.997815e-01 -7.649919e-01
9.999133e-01 1.314406e-02 7.843361e-04 1.120240e+02 -1.312550e-02 9.997091e-01 -2.023910e-02 -2.227396e+00 -1.050132e-03 2.022705e-02 9.997948e-01 -7.868201e-01
9.999015e-01 1.394629e-02 1.582587e-03 1.136729e+02 -1.391158e-02 9.997001e-01 -2.015326e-02 -2.262210e+00 -1.863175e-03 2.012926e-02 9.997957e-01 -7.429710e-01
9.999089e-01 1.349569e-02 -4.335601e-04 1.149237e+02 -1.350153e-02 9.997234e-01 -1.925751e-02 -2.293106e+00 1.735469e-04 1.926161e-02 9.998145e-01 -7.513773e-01
9.999008e-01 1.399192e-02 1.630717e-03 1.170291e+02 -1.395741e-02 9.997116e-01 -1.953624e-02 -2.353184e+00 -1.903596e-03 1.951154e-02 9.998078e-01 -7.408309e-01
9.998994e-01 1.417932e-02 1.773271e-04 1.184288e+02 -1.417289e-02 9.996972e-01 -2.010637e-02 -2.378043e+00 -4.623681e-04 2.010184e-02 9.997978e-01 -7.301900e-01
9.998823e-01 1.519333e-02 2.115519e-03 1.197750e+02 -1.514250e-02 9.996374e-01 -2.226365e-02 -2.425741e+00 -2.453011e-03 2.222900e-02 9.997499e-01 -7.336425e-01
9.998975e-01 1.424962e-02 1.374728e-03 1.220245e+02 -1.421577e-02 9.996545e-01 -2.210430e-02 -2.468167e+00 -1.689231e-03 2.208249e-02 9.997547e-01 -7.115926e-01
9.998794e-01 1.518343e-02 3.255762e-03 1.244116e+02 -1.511334e-02 9.996742e-01 -2.057045e-02 -2.541640e+00 -3.567031e-03 2.051877e-02 9.997831e-01 -6.798568e-01
9.998863e-01 1.507585e-02 2.170880e-04 1.267883e+02 -1.506822e-02 9.996759e-01 -2.052651e-02 -2.596968e+00 -5.264722e-04 2.052091e-02 9.997893e-01 -6.594932e-01
9.998817e-01 1.508562e-02 3.002678e-03 1.291907e+02 -1.501428e-02 9.996338e-01 -2.251137e-02 -2.660876e+00 -3.341177e-03 2.246363e-02 9.997421e-01 -6.717246e-01
9.998875e-01 1.493108e-02 1.460360e-03 1.316151e+02 -1.489080e-02 9.995884e-01 -2.451813e-02 -2.719104e+00 -1.825841e-03 2.449362e-02 9.996983e-01 -6.035281e-01
9.998916e-01 1.470020e-02 8.041751e-04 1.340273e+02 -1.467833e-02 9.996378e-01 -2.255105e-02 -2.772943e+00 -1.135389e-03 2.253680e-02 9.997454e-01 -6.089199e-01
9.998804e-01 1.539191e-02 1.469028e-03 1.364398e+02 -1.535842e-02 9.996701e-01 -2.058665e-02 -2.844667e+00 -1.785411e-03 2.056162e-02 9.997870e-01 -5.774402e-01
9.998854e-01 1.489062e-02 -2.710940e-03 1.388304e+02 -1.494200e-02 9.996877e-01 -2.003657e-02 -2.890518e+00 2.411737e-03 2.007478e-02 9.997956e-01 -5.697210e-01
9.998913e-01 1.473392e-02 5.951559e-04 1.412337e+02 -1.471863e-02 9.996815e-01 -2.049777e-02 -2.948117e+00 -8.969788e-04 2.048678e-02 9.997897e-01 -6.241879e-01
9.998702e-01 1.496519e-02 5.960454e-03 1.436698e+02 -1.480144e-02 9.995357e-01 -2.663034e-02 -3.021510e+00 -6.356215e-03 2.653866e-02 9.996276e-01 -5.227847e-01
9.998819e-01 1.516868e-02 2.494379e-03 1.460821e+02 -1.508755e-02 9.994408e-01 -2.983917e-02 -3.077103e+00 -2.945605e-03 2.979801e-02 9.995516e-01 -4.592506e-01
9.998261e-01 1.744239e-02 6.589918e-03 1.484868e+02 -1.724698e-02 9.994411e-01 -2.862928e-02 -3.151551e+00 -7.085599e-03 2.851065e-02 9.995684e-01 -4.748296e-01
9.998271e-01 1.781969e-02 5.314921e-03 1.509081e+02 -1.767349e-02 9.994954e-01 -2.639035e-02 -3.219248e+00 -5.782507e-03 2.629185e-02 9.996376e-01 -4.001122e-01
9.998161e-01 1.833121e-02 5.629756e-03 1.533412e+02 -1.819006e-02 9.995422e-01 -2.417563e-02 -3.293850e+00 -6.070347e-03 2.406878e-02 9.996919e-01 -3.898031e-01
9.998221e-01 1.759987e-02 6.786392e-03 1.557824e+02 -1.741624e-02 9.995041e-01 -2.622960e-02 -3.366660e+00 -7.244665e-03 2.610674e-02 9.996329e-01 -3.384359e-01
9.998261e-01 1.734802e-02 6.834482e-03 1.582094e+02 -1.714109e-02 9.994251e-01 -2.925454e-02 -3.437928e+00 -7.338061e-03 2.913230e-02 9.995486e-01 -3.129938e-01
9.998308e-01 1.672718e-02 7.648946e-03 1.606611e+02 -1.649332e-02 9.994235e-01 -2.967754e-02 -3.503161e+00 -8.140958e-03 2.954636e-02 9.995303e-01 -2.962082e-01
9.998350e-01 1.731542e-02 5.485253e-03 1.631150e+02 -1.715761e-02 9.994713e-01 -2.761711e-02 -3.574260e+00 -5.960555e-03 2.751844e-02 9.996035e-01 -2.493547e-01
9.998432e-01 1.696157e-02 5.093732e-03 1.655785e+02 -1.683076e-02 9.995530e-01 -2.471080e-02 -3.638729e+00 -5.510590e-03 2.462119e-02 9.996817e-01 -2.317162e-01
9.998729e-01 1.574626e-02 2.516838e-03 1.680083e+02 -1.567463e-02 9.995307e-01 -2.631458e-02 -3.704085e+00 -2.930013e-03 2.627178e-02 9.996505e-01 -1.766568e-01
9.999099e-01 1.323517e-02 2.261805e-03 1.704552e+02 -1.316786e-02 9.995335e-01 -2.755281e-02 -3.755366e+00 -2.625416e-03 2.752054e-02 9.996178e-01 -1.682237e-01
9.999307e-01 1.164860e-02 1.671852e-03 1.728962e+02 -1.159601e-02 9.995232e-01 -2.861483e-02 -3.813587e+00 -2.004378e-03 2.859346e-02 9.995891e-01 -1.343486e-01
9.999424e-01 1.072890e-02 3.981960e-04 1.753526e+02 -1.071364e-02 9.995540e-01 -2.786922e-02 -3.877625e+00 -6.970246e-04 2.786335e-02 9.996115e-01 -9.322005e-02
9.999579e-01 9.096378e-03 -1.256773e-03 1.778232e+02 -9.127560e-03 9.995786e-01 -2.755564e-02 -3.916261e+00 1.005587e-03 2.756595e-02 9.996195e-01 -7.501671e-02
9.999532e-01 8.407049e-03 -4.779611e-03 1.802811e+02 -8.533606e-03 9.995960e-01 -2.710558e-02 -3.961124e+00 4.549802e-03 2.714510e-02 9.996212e-01 -3.909063e-02
9.999376e-01 8.008734e-03 -7.789317e-03 1.827239e+02 -8.227530e-03 9.995607e-01 -2.847493e-02 -4.003051e+00 7.557847e-03 2.853724e-02 9.995642e-01 2.365591e-03
9.999419e-01 7.004797e-03 -8.194806e-03 1.851946e+02 -7.236339e-03 9.995655e-01 -2.857484e-02 -4.047872e+00 7.991085e-03 2.863248e-02 9.995581e-01 4.382255e-02
9.999341e-01 5.828881e-03 -9.886811e-03 1.876701e+02 -6.106311e-03 9.995817e-01 -2.826646e-02 -4.082747e+00 9.717913e-03 2.832497e-02 9.995515e-01 8.554111e-02
9.999441e-01 6.011602e-03 -8.696860e-03 1.901447e+02 -6.254314e-03 9.995841e-01 -2.815538e-02 -4.134351e+00 8.523982e-03 2.820820e-02 9.995657e-01 1.078332e-01
9.999243e-01 5.540045e-03 -1.098581e-02 1.926250e+02 -5.866791e-03 9.995344e-01 -2.993688e-02 -4.165043e+00 1.081484e-02 2.999907e-02 9.994914e-01 1.643998e-01
9.999034e-01 5.000944e-03 -1.296886e-02 1.950857e+02 -5.388022e-03 9.995357e-01 -2.998562e-02 -4.206021e+00 1.281289e-02 3.005260e-02 9.994662e-01 1.980020e-01
9.998706e-01 4.387940e-03 -1.547757e-02 1.975708e+02 -4.860115e-03 9.995198e-01 -3.060253e-02 -4.236271e+00 1.533586e-02 3.067379e-02 9.994118e-01 2.279593e-01
9.998971e-01 4.123573e-03 -1.373772e-02 2.000818e+02 -4.557523e-03 9.994867e-01 -3.170820e-02 -4.277594e+00 1.359991e-02 3.176755e-02 9.994028e-01 2.733613e-01
9.999034e-01 3.584749e-03 -1.342833e-02 2.025836e+02 -4.043239e-03 9.994043e-01 -3.427340e-02 -4.322857e+00 1.329747e-02 3.432439e-02 9.993223e-01 3.554854e-01
9.999318e-01 2.571224e-03 -1.139217e-02 2.050575e+02 -2.959522e-03 9.994106e-01 -3.419998e-02 -4.361109e+00 1.129752e-02 3.423136e-02 9.993501e-01 3.817253e-01
9.999403e-01 1.103723e-03 -1.087312e-02 2.075430e+02 -1.445554e-03 9.995034e-01 -3.148067e-02 -4.387158e+00 1.083297e-02 3.149450e-02 9.994452e-01 4.219379e-01
9.998935e-01 1.155347e-04 -1.459562e-02 2.100485e+02 -5.583744e-04 9.995395e-01 -3.034017e-02 -4.423337e+00 1.458539e-02 3.034509e-02 9.994330e-01 4.908037e-01
9.998438e-01 -1.142702e-03 -1.763484e-02 2.125554e+02 6.099222e-04 9.995440e-01 -3.018764e-02 -4.448782e+00 1.766129e-02 3.017217e-02 9.993887e-01 5.158265e-01
9.998193e-01 -2.725839e-03 -1.880964e-02 2.150811e+02 2.121116e-03 9.994826e-01 -3.209503e-02 -4.456473e+00 1.888739e-02 3.204934e-02 9.993078e-01 5.423248e-01
9.997609e-01 -4.383676e-03 -2.142089e-02 2.176142e+02 3.701265e-03 9.994876e-01 -3.179369e-02 -4.473361e+00 2.154929e-02 3.170681e-02 9.992649e-01 5.874106e-01
9.997122e-01 -5.838712e-03 -2.326989e-02 2.201490e+02 5.090593e-03 9.994724e-01 -3.208026e-02 -4.480671e+00 2.344492e-02 3.195257e-02 9.992144e-01 6.538875e-01
9.996903e-01 -7.686294e-03 -2.366869e-02 2.226846e+02 6.950405e-03 9.994948e-01 -3.101807e-02 -4.478288e+00 2.389514e-02 3.084395e-02 9.992386e-01 6.759978e-01
9.996558e-01 -9.368451e-03 -2.450619e-02 2.252335e+02 8.586425e-03 9.994566e-01 -3.182423e-02 -4.494483e+00 2.479102e-02 3.160286e-02 9.991930e-01 7.335325e-01
9.996465e-01 -1.172471e-02 -2.386138e-02 2.277868e+02 1.097884e-02 9.994544e-01 -3.115283e-02 -4.486688e+00 2.421362e-02 3.087984e-02 9.992298e-01 7.786185e-01
9.995524e-01 -1.400133e-02 -2.643616e-02 2.303447e+02 1.316707e-02 9.994179e-01 -3.147202e-02 -4.481148e+00 2.686142e-02 3.110985e-02 9.991550e-01 8.166979e-01
9.995314e-01 -1.627488e-02 -2.592573e-02 2.328724e+02 1.539808e-02 9.993145e-01 -3.366743e-02 -4.468787e+00 2.645589e-02 3.325244e-02 9.990968e-01 8.618579e-01
9.994764e-01 -1.859557e-02 -2.647910e-02 2.354656e+02 1.764875e-02 9.992119e-01 -3.555277e-02 -4.462041e+00 2.711936e-02 3.506683e-02 9.990169e-01 9.155768e-01
9.994629e-01 -1.980242e-02 -2.611027e-02 2.380220e+02 1.880795e-02 9.991084e-01 -3.779822e-02 -4.446802e+00 2.683549e-02 3.728684e-02 9.989442e-01 9.804439e-01
9.993653e-01 -2.264544e-02 -2.750051e-02 2.405986e+02 2.157133e-02 9.990162e-01 -3.874544e-02 -4.418794e+00 2.835086e-02 3.812762e-02 9.988706e-01 1.030537e+00
9.993061e-01 -2.484459e-02 -2.774828e-02 2.431551e+02 2.372144e-02 9.989141e-01 -4.009747e-02 -4.387109e+00 2.871435e-02 3.941142e-02 9.988104e-01 1.094945e+00
9.992299e-01 -2.706125e-02 -2.841258e-02 2.457330e+02 2.589784e-02 9.988420e-01 -4.054618e-02 -4.346202e+00 2.947690e-02 3.977912e-02 9.987736e-01 1.171398e+00
9.991366e-01 -2.890775e-02 -2.983975e-02 2.483294e+02 2.764650e-02 9.987413e-01 -4.184795e-02 -4.305042e+00 3.101192e-02 4.098685e-02 9.986783e-01 1.240518e+00
9.990808e-01 -3.049784e-02 -3.012491e-02 2.509051e+02 2.919267e-02 9.986547e-01 -4.285413e-02 -4.261618e+00 3.139134e-02 4.193531e-02 9.986271e-01 1.304495e+00
9.989343e-01 -3.343660e-02 -3.181659e-02 2.535145e+02 3.205782e-02 9.985650e-01 -4.290062e-02 -4.196733e+00 3.320538e-02 4.183492e-02 9.985726e-01 1.396514e+00
9.988460e-01 -3.572708e-02 -3.209837e-02 2.561014e+02 3.430604e-02 9.984518e-01 -4.378156e-02 -4.139471e+00 3.361287e-02 4.262986e-02 9.985253e-01 1.466215e+00
9.987081e-01 -3.778620e-02 -3.397481e-02 2.587135e+02 3.628970e-02 9.983883e-01 -4.363475e-02 -4.072027e+00 3.556884e-02 4.234544e-02 9.984697e-01 1.552958e+00
9.984877e-01 -4.081907e-02 -3.682702e-02 2.613386e+02 3.919264e-02 9.982688e-01 -4.385475e-02 -3.992803e+00 3.855338e-02 4.234507e-02 9.983589e-01 1.654668e+00
9.983760e-01 -4.286071e-02 -3.752882e-02 2.639801e+02 4.122613e-02 9.982113e-01 -4.329634e-02 -3.911983e+00 3.931741e-02 4.167886e-02 9.983572e-01 1.707771e+00
9.982136e-01 -4.516347e-02 -3.911374e-02 2.666013e+02 4.345725e-02 9.981111e-01 -4.342546e-02 -3.826588e+00 4.100110e-02 4.164811e-02 9.982907e-01 1.804284e+00
9.979795e-01 -4.767362e-02 -4.200279e-02 2.692635e+02 4.583594e-02 9.979935e-01 -4.367901e-02 -3.733338e+00 4.400085e-02 4.166552e-02 9.981623e-01 1.878174e+00
9.978157e-01 -5.013087e-02 -4.302105e-02 2.719052e+02 4.819159e-02 9.978243e-01 -4.498928e-02 -3.629213e+00 4.518281e-02 4.281776e-02 9.980607e-01 1.948345e+00
9.976816e-01 -5.181189e-02 -4.412334e-02 2.745632e+02 4.982659e-02 9.977452e-01 -4.496460e-02 -3.514881e+00 4.635355e-02 4.266184e-02 9.980137e-01 2.044535e+00
9.974164e-01 -5.492770e-02 -4.629873e-02 2.772446e+02 5.282755e-02 9.975699e-01 -4.542582e-02 -3.400838e+00 4.868136e-02 4.286260e-02 9.978942e-01 2.125073e+00
9.974004e-01 -5.671933e-02 -4.444512e-02 2.799288e+02 5.465716e-02 9.974303e-01 -4.631573e-02 -3.279557e+00 4.695791e-02 4.376608e-02 9.979376e-01 2.197064e+00
9.970514e-01 -5.948527e-02 -4.847715e-02 2.826346e+02 5.733301e-02 9.973567e-01 -4.464094e-02 -3.162683e+00 5.100448e-02 4.172997e-02 9.978262e-01 2.316821e+00
9.968247e-01 -6.196961e-02 -5.000326e-02 2.853354e+02 5.974648e-02 9.972081e-01 -4.479356e-02 -3.014506e+00 5.263949e-02 4.166381e-02 9.977441e-01 2.366343e+00
9.965321e-01 -6.432649e-02 -5.278119e-02 2.880322e+02 6.190656e-02 9.970088e-01 -4.627053e-02 -2.881082e+00 5.559974e-02 4.284257e-02 9.975336e-01 2.475102e+00
9.962620e-01 -6.712098e-02 -5.437697e-02 2.907591e+02 6.464606e-02 9.968446e-01 -4.606313e-02 -2.724444e+00 5.729719e-02 4.237568e-02 9.974574e-01 2.575086e+00
9.961624e-01 -6.996766e-02 -5.258244e-02 2.934790e+02 6.753466e-02 9.966232e-01 -4.670557e-02 -2.570848e+00 5.567276e-02 4.297520e-02 9.975238e-01 2.648742e+00
9.959761e-01 -7.261764e-02 -5.251971e-02 2.962264e+02 7.016797e-02 9.964240e-01 -4.707446e-02 -2.419774e+00 5.575032e-02 4.319984e-02 9.975097e-01 2.766507e+00
9.958077e-01 -7.552566e-02 -5.160354e-02 2.989836e+02 7.310533e-02 9.962027e-01 -4.728391e-02 -2.231727e+00 5.497874e-02 4.331318e-02 9.975476e-01 2.843172e+00
9.956512e-01 -7.809801e-02 -5.078774e-02 3.017278e+02 7.567967e-02 9.959803e-01 -4.791565e-02 -2.063381e+00 5.432570e-02 4.386368e-02 9.975594e-01 2.937979e+00
9.952665e-01 -8.154967e-02 -5.286119e-02 3.044919e+02 7.909871e-02 9.957625e-01 -4.691160e-02 -1.855607e+00 5.646281e-02 4.250829e-02 9.974993e-01 3.038620e+00
9.951077e-01 -8.449271e-02 -5.120131e-02 3.072679e+02 8.209416e-02 9.955031e-01 -4.726854e-02 -1.666413e+00 5.496490e-02 4.283397e-02 9.975691e-01 3.117300e+00
9.946982e-01 -8.845709e-02 -5.244832e-02 3.100484e+02 8.602991e-02 9.951898e-01 -4.686144e-02 -1.457363e+00 5.634126e-02 4.210087e-02 9.975235e-01 3.237957e+00
9.943871e-01 -9.217604e-02 -5.194033e-02 3.128226e+02 8.975551e-02 9.948468e-01 -4.715646e-02 -1.242510e+00 5.601936e-02 4.222985e-02 9.975362e-01 3.308899e+00
9.940253e-01 -9.581067e-02 -5.228724e-02 3.156383e+02 9.334872e-02 9.944922e-01 -4.765937e-02 -1.015285e+00 5.656552e-02 4.249367e-02 9.974942e-01 3.412807e+00
9.936713e-01 -9.957397e-02 -5.198459e-02 3.184522e+02 9.720170e-02 9.941858e-01 -4.633065e-02 -7.584214e-01 5.629567e-02 4.098445e-02 9.975726e-01 3.511248e+00
9.932173e-01 -1.036798e-01 -5.262886e-02 3.212693e+02 1.012256e-01 9.937366e-01 -4.733923e-02 -5.111493e-01 5.720735e-02 4.169076e-02 9.974915e-01 3.587713e+00
9.927409e-01 -1.065801e-01 -5.573287e-02 3.240749e+02 1.040206e-01 9.934651e-01 -4.697474e-02 -2.517197e-01 6.037524e-02 4.083638e-02 9.973401e-01 3.700741e+00
9.923953e-01 -1.089175e-01 -5.734536e-02 3.269213e+02 1.062223e-01 9.931771e-01 -4.812559e-02 3.439235e-02 6.219582e-02 4.166825e-02 9.971938e-01 3.772205e+00
9.921156e-01 -1.108844e-01 -5.840635e-02 3.297339e+02 1.081736e-01 9.929870e-01 -4.770041e-02 3.023266e-01 6.328598e-02 4.100629e-02 9.971526e-01 3.892693e+00
9.918411e-01 -1.132070e-01 -5.861311e-02 3.326003e+02 1.104854e-01 9.927292e-01 -4.776914e-02 5.960046e-01 6.359474e-02 4.090350e-02 9.971372e-01 3.982536e+00
9.914489e-01 -1.168317e-01 -5.813308e-02 3.354695e+02 1.141493e-01 9.923269e-01 -4.751211e-02 8.878828e-01 6.323794e-02 4.046998e-02 9.971776e-01 4.090847e+00
9.911411e-01 -1.204460e-01 -5.596471e-02 3.383226e+02 1.178801e-01 9.919103e-01 -4.709785e-02 1.194320e+00 6.118472e-02 4.008349e-02 9.973213e-01 4.175943e+00
9.906880e-01 -1.247496e-01 -5.454144e-02 3.412183e+02 1.223114e-01 9.914265e-01 -4.597649e-02 1.514816e+00 5.980936e-02 3.887731e-02 9.974524e-01 4.276053e+00
9.903315e-01 -1.284824e-01 -5.230429e-02 3.440993e+02 1.260874e-01 9.909154e-01 -4.678155e-02 1.844639e+00 5.783974e-02 3.973433e-02 9.975348e-01 4.357320e+00
9.897665e-01 -1.319619e-01 -5.429858e-02 3.469612e+02 1.294073e-01 9.904213e-01 -4.815710e-02 2.171156e+00 6.013337e-02 4.063765e-02 9.973628e-01 4.466341e+00
9.894934e-01 -1.345832e-01 -5.282235e-02 3.498613e+02 1.318061e-01 9.898601e-01 -5.295717e-02 2.529280e+00 5.941388e-02 4.543846e-02 9.971988e-01 4.571930e+00
9.891004e-01 -1.374400e-01 -5.282638e-02 3.527533e+02 1.344977e-01 9.893456e-01 -5.572801e-02 2.885462e+00 5.992280e-02 4.801558e-02 9.970475e-01 4.680366e+00
9.888669e-01 -1.396845e-01 -5.128874e-02 3.556484e+02 1.369561e-01 9.891396e-01 -5.334804e-02 3.251530e+00 5.818362e-02 4.572981e-02 9.972579e-01 4.791480e+00
9.883872e-01 -1.421595e-01 -5.367880e-02 3.585219e+02 1.395383e-01 9.889641e-01 -4.979197e-02 3.623262e+00 6.016481e-02 4.172349e-02 9.973161e-01 4.891366e+00
9.877885e-01 -1.459264e-01 -5.458379e-02 3.614124e+02 1.434487e-01 9.885474e-01 -4.686639e-02 4.018329e+00 6.079771e-02 3.846410e-02 9.974087e-01 4.965936e+00
9.870742e-01 -1.497402e-01 -5.711757e-02 3.643050e+02 1.470547e-01 9.879309e-01 -4.865678e-02 4.416648e+00 6.371409e-02 3.962845e-02 9.971811e-01 5.078410e+00
9.866918e-01 -1.542574e-01 -5.141916e-02 3.672049e+02 1.516671e-01 9.871160e-01 -5.097837e-02 4.823990e+00 5.862048e-02 4.250135e-02 9.973752e-01 5.157293e+00
9.860156e-01 -1.580133e-01 -5.296372e-02 3.700936e+02 1.553070e-01 9.865048e-01 -5.184338e-02 5.243375e+00 6.044091e-02 4.289274e-02 9.972498e-01 5.270796e+00
9.855229e-01 -1.620389e-01 -4.988113e-02 3.729762e+02 1.593969e-01 9.857877e-01 -5.305984e-02 5.677868e+00 5.776997e-02 4.434078e-02 9.973447e-01 5.343400e+00
9.846786e-01 -1.663412e-01 -5.233121e-02 3.758753e+02 1.635674e-01 9.850818e-01 -5.347508e-02 6.113302e+00 6.044563e-02 4.409610e-02 9.971970e-01 5.476867e+00
9.840143e-01 -1.704498e-01 -5.160246e-02 3.787389e+02 1.678198e-01 9.844643e-01 -5.163839e-02 6.582057e+00 5.960254e-02 4.215300e-02 9.973318e-01 5.538451e+00
9.832082e-01 -1.740408e-01 -5.487666e-02 3.816228e+02 1.713817e-01 9.839374e-01 -4.995423e-02 7.039300e+00 6.268927e-02 3.971056e-02 9.972427e-01 5.678998e+00
9.825877e-01 -1.778033e-01 -5.392057e-02 3.844783e+02 1.753541e-01 9.833723e-01 -4.721930e-02 7.516480e+00 6.141975e-02 3.694190e-02 9.974281e-01 5.745135e+00
9.819029e-01 -1.816041e-01 -5.372795e-02 3.873745e+02 1.792262e-01 9.827214e-01 -4.622356e-02 8.005406e+00 6.119400e-02 3.575759e-02 9.974852e-01 5.842750e+00
9.814563e-01 -1.841472e-01 -5.322811e-02 3.902398e+02 1.818428e-01 9.822814e-01 -4.534488e-02 8.503955e+00 6.063512e-02 3.482487e-02 9.975523e-01 5.917404e+00
9.808607e-01 -1.872914e-01 -5.323731e-02 3.931223e+02 1.849066e-01 9.816461e-01 -4.669920e-02 9.006587e+00 6.100654e-02 3.596148e-02 9.974893e-01 6.004018e+00
9.804936e-01 -1.900291e-01 -5.021157e-02 3.960126e+02 1.878152e-01 9.811416e-01 -4.568237e-02 9.522934e+00 5.794564e-02 3.536078e-02 9.976933e-01 6.081429e+00
9.794402e-01 -1.944610e-01 -5.368227e-02 3.988640e+02 1.920332e-01 9.802512e-01 -4.723295e-02 1.004331e+01 6.180707e-02 3.595308e-02 9.974403e-01 6.181360e+00
9.787977e-01 -1.980351e-01 -5.231867e-02 4.017393e+02 1.956647e-01 9.795370e-01 -4.714562e-02 1.059622e+01 6.058456e-02 3.590911e-02 9.975169e-01 6.245398e+00
9.778953e-01 -2.013471e-01 -5.639274e-02 4.046082e+02 1.986888e-01 9.788173e-01 -4.938909e-02 1.113168e+01 6.514255e-02 3.709275e-02 9.971863e-01 6.345654e+00
9.772226e-01 -2.050414e-01 -5.471867e-02 4.075064e+02 2.023250e-01 9.779725e-01 -5.132389e-02 1.171246e+01 6.403688e-02 3.908392e-02 9.971819e-01 6.422572e+00
9.765619e-01 -2.078451e-01 -5.592140e-02 4.103610e+02 2.048441e-01 9.772501e-01 -5.496508e-02 1.226603e+01 6.607342e-02 4.222164e-02 9.969211e-01 6.554558e+00
9.760188e-01 -2.107969e-01 -5.433130e-02 4.132254e+02 2.079377e-01 9.766588e-01 -5.384748e-02 1.285692e+01 6.441403e-02 4.125863e-02 9.970700e-01 6.627173e+00
9.759051e-01 -2.113386e-01 -5.426992e-02 4.160776e+02 2.087560e-01 9.767103e-01 -4.957731e-02 1.343175e+01 6.348359e-02 3.705359e-02 9.972948e-01 6.760973e+00
9.755333e-01 -2.127804e-01 -5.531104e-02 4.189325e+02 2.105117e-01 9.765959e-01 -4.410143e-02 1.401367e+01 6.340046e-02 3.137879e-02 9.974948e-01 6.841044e+00
9.750760e-01 -2.156269e-01 -5.226817e-02 4.218222e+02 2.131985e-01 9.758124e-01 -4.834013e-02 1.461072e+01 6.142735e-02 3.599181e-02 9.974624e-01 6.904548e+00
9.745547e-01 -2.182477e-01 -5.109899e-02 4.246920e+02 2.158413e-01 9.752129e-01 -4.870639e-02 1.521650e+01 6.046246e-02 3.643776e-02 9.975052e-01 6.983792e+00
9.736847e-01 -2.219260e-01 -5.183619e-02 4.275091e+02 2.193145e-01 9.742869e-01 -5.163322e-02 1.581215e+01 6.196208e-02 3.890605e-02 9.973199e-01 7.074196e+00
9.729733e-01 -2.246947e-01 -5.324785e-02 4.303946e+02 2.222110e-01 9.737778e-01 -4.877677e-02 1.643454e+01 6.281145e-02 3.562624e-02 9.973893e-01 7.186383e+00
9.720147e-01 -2.281519e-01 -5.598409e-02 4.332416e+02 2.254393e-01 9.729303e-01 -5.082849e-02 1.705970e+01 6.606524e-02 3.678502e-02 9.971370e-01 7.278793e+00
9.711856e-01 -2.318538e-01 -5.515701e-02 4.360408e+02 2.292371e-01 9.720916e-01 -4.988276e-02 1.770304e+01 6.518318e-02 3.580139e-02 9.972309e-01 7.363643e+00
9.703497e-01 -2.350343e-01 -5.639520e-02 4.389014e+02 2.323561e-01 9.713349e-01 -5.018974e-02 1.833593e+01 6.657494e-02 3.559783e-02 9.971462e-01 7.493376e+00
9.694931e-01 -2.388486e-01 -5.508576e-02 4.417354e+02 2.363903e-01 9.704919e-01 -4.759586e-02 1.899537e+01 6.482849e-02 3.312211e-02 9.973466e-01 7.530762e+00
9.682778e-01 -2.436547e-01 -5.541315e-02 4.445637e+02 2.411695e-01 9.692992e-01 -4.791825e-02 1.966167e+01 6.538744e-02 3.303421e-02 9.973130e-01 7.659642e+00
9.672157e-01 -2.478747e-01 -5.524429e-02 4.474195e+02 2.455609e-01 9.683155e-01 -4.544362e-02 2.035971e+01 6.475822e-02 3.038794e-02 9.974382e-01 7.720736e+00
9.661658e-01 -2.519213e-01 -5.531124e-02 4.502376e+02 2.495414e-01 9.672472e-01 -4.649610e-02 2.103974e+01 6.521299e-02 3.112050e-02 9.973860e-01 7.801172e+00
9.650932e-01 -2.563022e-01 -5.389151e-02 4.530648e+02 2.541468e-01 9.661758e-01 -4.374822e-02 2.175654e+01 6.328143e-02 2.852475e-02 9.975880e-01 7.879429e+00
9.639208e-01 -2.603993e-01 -5.521755e-02 4.558620e+02 2.581571e-01 9.650738e-01 -4.458006e-02 2.247361e+01 6.489763e-02 2.871685e-02 9.974787e-01 7.941529e+00
9.630296e-01 -2.635971e-01 -5.559277e-02 4.586956e+02 2.613567e-01 9.642184e-01 -4.444728e-02 2.320239e+01 6.531975e-02 2.827451e-02 9.974637e-01 8.022239e+00
9.617020e-01 -2.679662e-01 -5.764941e-02 4.615078e+02 2.654311e-01 9.629337e-01 -4.801391e-02 2.395871e+01 6.837866e-02 3.087313e-02 9.971817e-01 8.100019e+00
9.608161e-01 -2.715731e-01 -5.550243e-02 4.643143e+02 2.690104e-01 9.618647e-01 -4.949404e-02 2.470602e+01 6.682708e-02 3.262394e-02 9.972311e-01 8.183456e+00
9.597899e-01 -2.750902e-01 -5.593536e-02 4.671131e+02 2.725048e-01 9.608709e-01 -4.968024e-02 2.544770e+01 6.741322e-02 3.243994e-02 9.971976e-01 8.271148e+00
9.587188e-01 -2.791777e-01 -5.401935e-02 4.698978e+02 2.767558e-01 9.597300e-01 -4.821005e-02 2.622524e+01 6.530318e-02 3.126971e-02 9.973754e-01 8.349079e+00
9.578286e-01 -2.817260e-01 -5.652232e-02 4.726897e+02 2.793112e-01 9.590493e-01 -4.700597e-02 2.699811e+01 6.745050e-02 2.923634e-02 9.972942e-01 8.437562e+00
9.565682e-01 -2.855683e-01 -5.854889e-02 4.754066e+02 2.831652e-01 9.579641e-01 -4.606946e-02 2.777512e+01 6.924371e-02 2.748958e-02 9.972209e-01 8.517850e+00
9.554670e-01 -2.892117e-01 -5.864642e-02 4.781921e+02 2.867099e-01 9.568383e-01 -4.752067e-02 2.857154e+01 6.985866e-02 2.858993e-02 9.971471e-01 8.585633e+00
9.543291e-01 -2.928195e-01 -5.926698e-02 4.809413e+02 2.903859e-01 9.557849e-01 -4.638023e-02 2.938294e+01 7.022753e-02 2.705171e-02 9.971641e-01 8.661198e+00
9.535007e-01 -2.953798e-01 -5.989278e-02 4.836635e+02 2.928213e-01 9.549640e-01 -4.794969e-02 3.017604e+01 7.135882e-02 2.818218e-02 9.970525e-01 8.734327e+00
9.525969e-01 -2.979887e-01 -6.133457e-02 4.863758e+02 2.954844e-01 9.542050e-01 -4.670768e-02 3.098770e+01 7.244412e-02 2.637018e-02 9.970238e-01 8.834444e+00
9.517784e-01 -3.008439e-01 -6.009058e-02 4.891093e+02 2.983500e-01 9.532943e-01 -4.709064e-02 3.181573e+01 7.145093e-02 2.689183e-02 9.970815e-01 8.876574e+00
9.508268e-01 -3.037576e-01 -6.049607e-02 4.918307e+02 3.014272e-01 9.524395e-01 -4.472608e-02 3.263127e+01 7.120474e-02 2.429159e-02 9.971659e-01 8.979835e+00
9.498116e-01 -3.068196e-01 -6.098899e-02 4.945193e+02 3.044472e-01 9.514554e-01 -4.521635e-02 3.347405e+01 7.190157e-02 2.437909e-02 9.971138e-01 9.025872e+00
9.489568e-01 -3.094518e-01 -6.099705e-02 4.972296e+02 3.071477e-01 9.506288e-01 -4.432891e-02 3.430109e+01 7.170322e-02 2.333112e-02 9.971531e-01 9.128179e+00
9.480436e-01 -3.124707e-01 -5.979497e-02 4.999153e+02 3.100727e-01 9.495935e-01 -4.612015e-02 3.516479e+01 7.119211e-02 2.518313e-02 9.971447e-01 9.191632e+00
9.471675e-01 -3.148960e-01 -6.094432e-02 5.026088e+02 3.123572e-01 9.487658e-01 -4.771512e-02 3.600706e+01 7.284718e-02 2.615782e-02 9.970000e-01 9.262128e+00
9.463319e-01 -3.172218e-01 -6.185672e-02 5.052934e+02 3.146881e-01 9.480119e-01 -4.737798e-02 3.687689e+01 7.367025e-02 2.536972e-02 9.969599e-01 9.380742e+00
9.453292e-01 -3.202650e-01 -6.150608e-02 5.079911e+02 3.177747e-01 9.470015e-01 -4.698359e-02 3.775185e+01 7.329355e-02 2.486989e-02 9.970003e-01 9.436530e+00
9.445406e-01 -3.228467e-01 -6.010959e-02 5.106864e+02 3.204891e-01 9.461496e-01 -4.568807e-02 3.863262e+01 7.162291e-02 2.388976e-02 9.971457e-01 9.525444e+00
9.436244e-01 -3.254600e-01 -6.040468e-02 5.133911e+02 3.232142e-01 9.452977e-01 -4.409954e-02 3.953621e+01 7.145305e-02 2.208975e-02 9.971994e-01 9.593881e+00
9.429093e-01 -3.273001e-01 -6.161697e-02 5.160659e+02 3.251628e-01 9.447122e-01 -4.228426e-02 4.042488e+01 7.204995e-02 1.983468e-02 9.972038e-01 9.666979e+00
9.418241e-01 -3.302237e-01 -6.260677e-02 5.187578e+02 3.281131e-01 9.437162e-01 -4.173078e-02 4.132897e+01 7.286353e-02 1.876095e-02 9.971654e-01 9.715090e+00
9.409301e-01 -3.323833e-01 -6.458955e-02 5.214154e+02 3.303427e-01 9.429975e-01 -4.036657e-02 4.224117e+01 7.432496e-02 1.664543e-02 9.970952e-01 9.809000e+00
9.398709e-01 -3.351467e-01 -6.572253e-02 5.240928e+02 3.330477e-01 9.420193e-01 -4.097299e-02 4.316181e+01 7.564386e-02 1.662058e-02 9.969963e-01 9.833096e+00
9.388022e-01 -3.379114e-01 -6.682949e-02 5.267729e+02 3.357351e-01 9.410275e-01 -4.182295e-02 4.408443e+01 7.702084e-02 1.682648e-02 9.968875e-01 9.943104e+00
9.377005e-01 -3.412068e-01 -6.554167e-02 5.294545e+02 3.388614e-01 9.397871e-01 -4.441926e-02 4.503023e+01 7.675137e-02 1.944242e-02 9.968607e-01 9.982305e+00
9.363945e-01 -3.447102e-01 -6.588072e-02 5.321414e+02 3.422083e-01 9.384755e-01 -4.644850e-02 4.598062e+01 7.783870e-02 2.094919e-02 9.967458e-01 1.007580e+01
9.351365e-01 -3.483676e-01 -6.449617e-02 5.348280e+02 3.459175e-01 9.371238e-01 -4.625884e-02 4.692456e+01 7.655598e-02 2.094797e-02 9.968452e-01 1.016292e+01
9.339349e-01 -3.519065e-01 -6.266958e-02 5.374969e+02 3.495762e-01 9.358132e-01 -4.527567e-02 4.788421e+01 7.457982e-02 2.037673e-02 9.970068e-01 1.021578e+01
9.324379e-01 -3.558598e-01 -6.263623e-02 5.401412e+02 3.537736e-01 9.343829e-01 -4.210691e-02 4.885566e+01 7.351038e-02 1.710304e-02 9.971478e-01 1.030026e+01
9.308587e-01 -3.595742e-01 -6.487218e-02 5.427902e+02 3.574103e-01 9.329686e-01 -4.274629e-02 4.982763e+01 7.589418e-02 1.660477e-02 9.969776e-01 1.035171e+01
9.293569e-01 -3.637787e-01 -6.293477e-02 5.454402e+02 3.616186e-01 9.313222e-01 -4.325587e-02 5.082257e+01 7.434811e-02 1.744175e-02 9.970798e-01 1.044755e+01
9.277970e-01 -3.675575e-01 -6.398652e-02 5.480266e+02 3.651754e-01 9.297994e-01 -4.604284e-02 5.180477e+01 7.641803e-02 1.935210e-02 9.968880e-01 1.050199e+01
9.266915e-01 -3.705780e-01 -6.256845e-02 5.506632e+02 3.682305e-01 9.285941e-01 -4.603713e-02 5.280754e+01 7.516103e-02 1.962261e-02 9.969783e-01 1.058664e+01
9.253119e-01 -3.740601e-01 -6.226526e-02 5.532944e+02 3.715261e-01 9.271456e-01 -4.867452e-02 5.383334e+01 7.593617e-02 2.190594e-02 9.968720e-01 1.066358e+01
9.243810e-01 -3.763654e-01 -6.220094e-02 5.558635e+02 3.738286e-01 9.262136e-01 -4.878976e-02 5.483252e+01 7.597414e-02 2.184784e-02 9.968704e-01 1.075093e+01
9.231508e-01 -3.794318e-01 -6.183979e-02 5.584456e+02 3.769469e-01 9.249750e-01 -4.828982e-02 5.586700e+01 7.552297e-02 2.126848e-02 9.969172e-01 1.082857e+01
9.225551e-01 -3.810109e-01 -6.101419e-02 5.608818e+02 3.787156e-01 9.243679e-01 -4.602731e-02 5.683091e+01 7.393646e-02 1.935571e-02 9.970751e-01 1.091623e+01
9.217152e-01 -3.835308e-01 -5.783765e-02 5.625436e+02 3.813368e-01 9.233130e-01 -4.555741e-02 5.749100e+01 7.087491e-02 1.993533e-02 9.972860e-01 1.096086e+01
9.219332e-01 -3.834339e-01 -5.493291e-02 5.646094e+02 3.811964e-01 9.232955e-01 -4.706118e-02 5.833816e+01 6.876416e-02 2.244704e-02 9.973804e-01 1.101654e+01
9.215924e-01 -3.849665e-01 -4.968192e-02 5.659645e+02 3.827915e-01 9.225850e-01 -4.803716e-02 5.886832e+01 6.432850e-02 2.525286e-02 9.976092e-01 1.107043e+01
9.213749e-01 -3.862848e-01 -4.303893e-02 5.673900e+02 3.843007e-01 9.219693e-01 -4.780886e-02 5.943632e+01 5.814840e-02 2.750999e-02 9.979289e-01 1.106389e+01
9.209895e-01 -3.872597e-01 -4.252319e-02 5.688503e+02 3.853027e-01 9.215618e-01 -4.759887e-02 6.002863e+01 5.762088e-02 2.745376e-02 9.979610e-01 1.115066e+01
9.205301e-01 -3.885773e-01 -4.039712e-02 5.701884e+02 3.867738e-01 9.210308e-01 -4.591518e-02 6.056327e+01 5.504858e-02 2.664176e-02 9.981282e-01 1.117124e+01
9.195707e-01 -3.905552e-01 -4.308485e-02 5.718477e+02 3.887617e-01 9.202614e-01 -4.453766e-02 6.124323e+01 5.704373e-02 2.420579e-02 9.980782e-01 1.121679e+01
9.190192e-01 -3.921186e-01 -4.058063e-02 5.734490e+02 3.903635e-01 9.195610e-01 -4.498516e-02 6.190993e+01 5.495589e-02 2.550103e-02 9.981631e-01 1.122414e+01
9.180019e-01 -3.939568e-01 -4.550244e-02 5.751202e+02 3.919924e-01 9.187933e-01 -4.648259e-02 6.258974e+01 6.011947e-02 2.483449e-02 9.978822e-01 1.133897e+01
9.173240e-01 -3.954971e-01 -4.581142e-02 5.768790e+02 3.934643e-01 9.181117e-01 -4.750536e-02 6.333641e+01 6.084823e-02 2.555265e-02 9.978199e-01 1.134415e+01
9.166253e-01 -3.969165e-01 -4.749191e-02 5.786948e+02 3.948765e-01 9.175333e-01 -4.696170e-02 6.408715e+01 6.221528e-02 2.429285e-02 9.977671e-01 1.141395e+01
9.155502e-01 -3.990639e-01 -5.015782e-02 5.804276e+02 3.970026e-01 9.166466e-01 -4.634756e-02 6.481808e+01 6.447262e-02 2.252074e-02 9.976653e-01 1.151060e+01
9.149460e-01 -4.004720e-01 -4.996009e-02 5.822288e+02 3.983740e-01 9.160174e-01 -4.701101e-02 6.557506e+01 6.459091e-02 2.310973e-02 9.976442e-01 1.151009e+01
9.144207e-01 -4.022208e-01 -4.531194e-02 5.838040e+02 4.001502e-01 9.151691e-01 -4.842933e-02 6.622803e+01 6.094737e-02 2.615320e-02 9.977983e-01 1.160294e+01
9.135858e-01 -4.039809e-01 -4.647997e-02 5.850981e+02 4.019152e-01 9.144239e-01 -4.788598e-02 6.679071e+01 6.184742e-02 2.506695e-02 9.977708e-01 1.160624e+01
9.126976e-01 -4.054822e-01 -5.066933e-02 5.865005e+02 4.033859e-01 9.138309e-01 -4.682943e-02 6.736526e+01 6.529170e-02 2.230181e-02 9.976169e-01 1.169181e+01
9.123304e-01 -4.062002e-01 -5.152270e-02 5.877757e+02 4.042591e-01 9.135762e-01 -4.419322e-02 6.791679e+01 6.502121e-02 1.949030e-02 9.976935e-01 1.173060e+01
9.115679e-01 -4.080917e-01 -5.005153e-02 5.888922e+02 4.062667e-01 9.127487e-01 -4.286482e-02 6.840897e+01 6.317724e-02 1.873993e-02 9.978263e-01 1.170561e+01
9.112616e-01 -4.085914e-01 -5.152949e-02 5.901414e+02 4.066569e-01 9.125139e-01 -4.414065e-02 6.894125e+01 6.505687e-02 1.926886e-02 9.976955e-01 1.179966e+01
