1.000000e+00 0.000000e+00 0.000000e+00 0.000000e+00 0.000000e+00 1.000000e+00 0.000000e+00 0.000000e+00 0.000000e+00 0.000000e+00 1.000000e+00 0.000000e+00
9.999924e-01 -3.794899e-03 9.469212e-04 5.866570e-01 3.794353e-03 9.999926e-01 5.786426e-04 3.234365e-03 -9.491101e-04 -5.750453e-04 9.999994e-01 -1.308791e-02
9.999794e-01 -6.133946e-03 1.861461e-03 9.254022e-01 6.132105e-03 9.999808e-01 9.928887e-04 -1.086488e-03 -1.867515e-03 -9.814537e-04 9.999978e-01 -1.037269e-02
9.999596e-01 -8.555991e-03 2.741741e-03 1.273151e+00 8.553245e-03 9.999630e-01 1.011812e-03 4.982737e-03 -2.750297e-03 -9.883207e-04 9.999957e-01 -2.520660e-02
9.999343e-01 -1.077767e-02 3.911971e-03 1.613189e+00 1.077602e-02 9.999418e-01 4.403522e-04 4.255353e-03 -3.916489e-03 -3.981678e-04 9.999923e-01 -2.827230e-02
9.999145e-01 -1.268524e-02 3.191919e-03 1.954479e+00 1.268452e-02 9.999195e-01 2.447749e-04 4.521282e-03 -3.194767e-03 -2.042660e-04 9.999949e-01 -2.797255e-02
9.998908e-01 -1.463179e-02 2.074963e-03 2.299064e+00 1.463129e-02 9.998930e-01 2.554584e-04 8.814185e-03 -2.078479e-03 -2.250711e-04 9.999978e-01 -3.896957e-02
9.998749e-01 -1.576026e-02 1.305672e-03 2.646084e+00 1.575863e-02 9.998749e-01 1.251344e-03 6.747555e-03 -1.325230e-03 -1.230612e-03 9.999984e-01 -4.390283e-02
9.998633e-01 -1.653513e-02 -2.501725e-04 2.991223e+00 1.653563e-02 9.998610e-01 2.122194e-03 5.572062e-03 2.150469e-04 -2.126040e-03 9.999977e-01 -4.740827e-02
9.998503e-01 -1.726182e-02 1.178983e-03 3.339481e+00 1.725898e-02 9.998481e-01 2.376988e-03 1.608096e-02 -1.219836e-03 -2.356284e-03 9.999965e-01 -5.087254e-02
9.998578e-01 -1.683974e-02 9.029586e-04 3.687156e+00 1.683807e-02 9.998567e-01 1.826673e-03 9.131216e-03 -9.335898e-04 -1.811209e-03 9.999979e-01 -5.175092e-02
9.998683e-01 -1.619612e-02 9.883756e-04 4.041646e+00 1.619491e-02 9.998682e-01 1.221417e-03 6.640287e-03 -1.008027e-03 -1.205249e-03 9.999987e-01 -5.699313e-02
9.998763e-01 -1.566896e-02 1.366189e-03 4.394905e+00 1.566722e-02 9.998765e-01 1.281595e-03 4.743710e-03 -1.386101e-03 -1.260032e-03 9.999983e-01 -6.144532e-02
9.998971e-01 -1.422631e-02 1.856188e-03 4.752131e+00 1.422409e-02 9.998981e-01 1.207476e-03 2.460844e-03 -1.873177e-03 -1.180950e-03 9.999976e-01 -6.489959e-02
9.999161e-01 -1.282740e-02 1.809522e-03 5.099124e+00 1.282479e-02 9.999168e-01 1.446333e-03 4.435077e-04 -1.827924e-03 -1.423005e-03 9.999973e-01 -7.258434e-02
9.999390e-01 -1.102712e-02 5.615460e-04 5.453532e+00 1.102557e-02 9.999355e-01 2.696595e-03 5.430863e-03 -5.912455e-04 -2.690240e-03 9.999962e-01 -8.640870e-02
9.999606e-01 -8.846198e-03 -6.943339e-04 5.797394e+00 8.849804e-03 9.999464e-01 5.375389e-03 5.046971e-03 6.467450e-04 -5.381323e-03 9.999853e-01 -9.544811e-02
9.999752e-01 -6.433958e-03 -2.872995e-03 6.145840e+00 6.457970e-03 9.999437e-01 8.428442e-03 6.123760e-03 2.818605e-03 -8.446787e-03 9.999604e-01 -1.049094e-01
9.999844e-01 -3.718208e-03 -4.158084e-03 6.488001e+00 3.769700e-03 9.999156e-01 1.244520e-02 -7.210230e-03 4.111459e-03 -1.246068e-02 9.999139e-01 -1.149110e-01
9.999805e-01 -4.338665e-04 -6.229956e-03 6.835475e+00 5.327066e-04 9.998740e-01 1.587241e-02 -1.069858e-02 6.222284e-03 -1.587542e-02 9.998546e-01 -1.106361e-01
9.999751e-01 3.879228e-03 -5.892086e-03 7.181979e+00 -3.757195e-03 9.997811e-01 2.058307e-02 -2.384014e-02 5.970642e-03 -2.056042e-02 9.997708e-01 -1.450782e-01
9.999593e-01 7.465329e-03 -5.053885e-03 7.539320e+00 -7.352739e-03 9.997321e-01 2.194144e-02 -3.568908e-02 5.216332e-03 -2.190339e-02 9.997465e-01 -1.320360e-01
9.999027e-01 1.158573e-02 -7.768970e-03 7.894090e+00 -1.140358e-02 9.996684e-01 2.309348e-02 -4.590205e-02 8.033948e-03 -2.300264e-02 9.997031e-01 -1.438903e-01
9.998214e-01 1.654567e-02 -9.128937e-03 8.252513e+00 -1.633278e-02 9.996037e-01 2.292241e-02 -6.178383e-02 9.504587e-03 -2.276921e-02 9.996955e-01 -1.575879e-01
9.997063e-01 2.156363e-02 -1.106015e-02 8.607434e+00 -2.130330e-02 9.995053e-01 2.313930e-02 -7.973575e-02 1.155365e-02 -2.289689e-02 9.996710e-01 -1.607938e-01
9.996212e-01 2.528240e-02 -1.087640e-02 8.959279e+00 -2.502661e-02 9.994210e-01 2.304453e-02 -8.304062e-02 1.145272e-02 -2.276360e-02 9.996753e-01 -1.835755e-01
9.994814e-01 2.903166e-02 -1.392998e-02 9.313457e+00 -2.869060e-02 9.992981e-01 2.408901e-02 -9.783320e-02 1.461955e-02 -2.367686e-02 9.996127e-01 -1.912988e-01
9.993685e-01 3.147928e-02 -1.647967e-02 9.665146e+00 -3.105951e-02 9.992014e-01 2.513628e-02 -1.045714e-01 1.725778e-02 -2.460856e-02 9.995482e-01 -2.125024e-01
9.991597e-01 3.398034e-02 -2.291946e-02 1.002607e+01 -3.339393e-02 9.991169e-01 2.550045e-02 -1.138148e-01 2.376573e-02 -2.471365e-02 9.994121e-01 -2.260454e-01
9.989890e-01 3.613140e-02 -2.674608e-02 1.038047e+01 -3.541037e-02 9.990091e-01 2.695824e-02 -1.227972e-01 2.769362e-02 -2.598390e-02 9.992787e-01 -2.426552e-01
9.988800e-01 3.734215e-02 -2.905832e-02 1.072990e+01 -3.653602e-02 9.989457e-01 2.779532e-02 -1.399250e-01 3.006562e-02 -2.670252e-02 9.991912e-01 -2.488498e-01
9.987834e-01 3.942167e-02 -2.962481e-02 1.108068e+01 -3.858534e-02 9.988548e-01 2.829135e-02 -1.594541e-01 3.070617e-02 -2.711385e-02 9.991606e-01 -2.603843e-01
9.988396e-01 4.014042e-02 -2.661170e-02 1.142057e+01 -3.939265e-02 9.988298e-01 2.805207e-02 -1.812859e-01 2.770658e-02 -2.697121e-02 9.992521e-01 -2.689328e-01
9.988263e-01 4.049786e-02 -2.657179e-02 1.176116e+01 -3.976705e-02 9.988310e-01 2.747843e-02 -1.982167e-01 2.765355e-02 -2.638949e-02 9.992692e-01 -2.842134e-01
9.988350e-01 3.938628e-02 -2.788065e-02 1.210013e+01 -3.870283e-02 9.989469e-01 2.464295e-02 -2.042856e-01 2.882189e-02 -2.353518e-02 9.993075e-01 -2.978551e-01
9.988742e-01 3.634753e-02 -3.048290e-02 1.241943e+01 -3.569385e-02 9.991267e-01 2.172111e-02 -2.050333e-01 3.124579e-02 -2.060861e-02 9.992992e-01 -3.142290e-01
9.988489e-01 3.314884e-02 -3.467182e-02 1.273454e+01 -3.248829e-02 9.992831e-01 1.944453e-02 -2.041931e-01 3.529152e-02 -1.829572e-02 9.992096e-01 -3.232463e-01
9.988323e-01 2.913626e-02 -3.853783e-02 1.305454e+01 -2.848056e-02 9.994419e-01 1.745537e-02 -2.035013e-01 3.902490e-02 -1.633741e-02 9.991047e-01 -3.263051e-01
9.989544e-01 2.343044e-02 -3.925700e-02 1.335728e+01 -2.284503e-02 9.996220e-01 1.529510e-02 -2.019713e-01 3.960054e-02 -1.438228e-02 9.991121e-01 -3.358789e-01
9.990386e-01 1.778254e-02 -4.007126e-02 1.366426e+01 -1.724622e-02 9.997576e-01 1.369037e-02 -2.014776e-01 4.030499e-02 -1.298613e-02 9.991030e-01 -3.419318e-01
9.991850e-01 1.097285e-02 -3.884467e-02 1.396905e+01 -1.052466e-02 9.998759e-01 1.172383e-02 -1.987232e-01 3.896850e-02 -1.130545e-02 9.991765e-01 -3.493069e-01
9.992772e-01 3.702169e-03 -3.783457e-02 1.427118e+01 -3.322424e-03 9.999436e-01 1.009493e-02 -1.986082e-01 3.786980e-02 -9.961933e-03 9.992330e-01 -3.588215e-01
9.993228e-01 -3.851479e-03 -3.659434e-02 1.455813e+01 4.186039e-03 9.999502e-01 9.070177e-03 -1.977763e-01 3.655758e-02 -9.217219e-03 9.992890e-01 -3.751901e-01
9.993065e-01 -1.137556e-02 -3.545646e-02 1.486326e+01 1.165798e-02 9.999020e-01 7.768733e-03 -1.888948e-01 3.536461e-02 -8.176696e-03 9.993410e-01 -3.710730e-01
9.992853e-01 -1.880772e-02 -3.278938e-02 1.517401e+01 1.902283e-02 9.997996e-01 6.260838e-03 -1.909222e-01 3.266506e-02 -6.880110e-03 9.994427e-01 -3.812846e-01
9.991590e-01 -2.566863e-02 -3.197448e-02 1.548109e+01 2.581856e-02 9.996575e-01 4.285017e-03 -1.829765e-01 3.185353e-02 -5.106948e-03 9.994795e-01 -3.871108e-01
9.989350e-01 -3.299062e-02 -3.225752e-02 1.579580e+01 3.309045e-02 9.994490e-01 2.565741e-03 -1.714260e-01 3.215510e-02 -3.630424e-03 9.994763e-01 -3.940717e-01
9.986675e-01 -4.021225e-02 -3.234481e-02 1.612178e+01 4.020898e-02 9.991910e-01 -7.514946e-04 -1.568781e-01 3.234886e-02 -5.500587e-04 9.994765e-01 -3.956034e-01
9.983634e-01 -4.681980e-02 -3.283957e-02 1.644504e+01 4.670293e-02 9.988996e-01 -4.317231e-03 -1.362996e-01 3.300556e-02 2.776460e-03 9.994513e-01 -4.014222e-01
9.980775e-01 -5.285909e-02 -3.235966e-02 1.678292e+01 5.263875e-02 9.985846e-01 -7.624272e-03 -1.085976e-01 3.271687e-02 5.906242e-03 9.994472e-01 -4.023469e-01
9.977643e-01 -5.883880e-02 -3.169198e-02 1.711667e+01 5.855226e-02 9.982353e-01 -9.895593e-03 -9.166590e-02 3.221830e-02 8.017832e-03 9.994487e-01 -4.025604e-01
9.975021e-01 -6.439226e-02 -2.903809e-02 1.746020e+01 6.409469e-02 9.978826e-01 -1.106577e-02 -7.314214e-02 2.968915e-02 9.176941e-03 9.995170e-01 -4.089316e-01
9.972801e-01 -6.907088e-02 -2.572365e-02 1.780555e+01 6.881727e-02 9.975727e-01 -1.061849e-02 -5.546632e-02 2.639465e-02 8.819372e-03 9.996127e-01 -4.086009e-01
9.970898e-01 -7.320762e-02 -2.127442e-02 1.815266e+01 7.295926e-02 9.972601e-01 -1.222601e-02 -3.865924e-02 2.211116e-02 1.063826e-02 9.996989e-01 -4.039566e-01
9.969152e-01 -7.654385e-02 -1.735586e-02 1.850950e+01 7.631387e-02 9.969918e-01 -1.354825e-02 -1.959768e-02 1.834068e-02 1.218196e-02 9.997576e-01 -4.104913e-01
9.967155e-01 -7.975006e-02 -1.407889e-02 1.887687e+01 7.956043e-02 9.967378e-01 -1.355216e-02 5.082813e-03 1.511375e-02 1.238752e-02 9.998090e-01 -4.084138e-01
9.964325e-01 -8.349696e-02 -1.227202e-02 1.924425e+01 8.332656e-02 9.964267e-01 -1.379703e-02 3.623687e-02 1.338017e-02 1.272522e-02 9.998295e-01 -4.046554e-01
9.961480e-01 -8.694585e-02 -1.137908e-02 1.961758e+01 8.679499e-02 9.961395e-01 -1.314173e-02 6.599142e-02 1.247777e-02 1.210346e-02 9.998489e-01 -4.109330e-01
9.958659e-01 -9.039201e-02 -8.965534e-03 1.999100e+01 9.027702e-02 9.958383e-01 -1.249420e-02 9.084798e-02 1.005760e-02 1.163316e-02 9.998817e-01 -4.019510e-01
9.955758e-01 -9.381152e-02 -5.301235e-03 2.037663e+01 9.373859e-02 9.955165e-01 -1.264463e-02 1.217322e-01 6.463679e-03 1.209176e-02 9.999060e-01 -4.043648e-01
9.952118e-01 -9.774052e-02 -5.613490e-04 2.075906e+01 9.772641e-02 9.951383e-01 -1.222399e-02 1.565983e-01 1.753399e-03 1.211060e-02 9.999251e-01 -4.040281e-01
9.948753e-01 -1.010927e-01 1.849808e-03 2.115266e+01 1.011074e-01 9.948083e-01 -1.155467e-02 1.860399e-01 -6.721113e-04 1.168249e-02 9.999315e-01 -4.101884e-01
9.945260e-01 -1.043978e-01 4.381157e-03 2.155095e+01 1.044393e-01 9.944743e-01 -1.064704e-02 2.217109e-01 -3.245420e-03 1.104632e-02 9.999337e-01 -4.065681e-01
9.941222e-01 -1.080479e-01 6.830052e-03 2.194479e+01 1.081037e-01 9.941040e-01 -8.403030e-03 2.643116e-01 -5.881852e-03 9.091993e-03 9.999413e-01 -4.095064e-01
9.936845e-01 -1.118619e-01 8.827397e-03 2.235376e+01 1.119319e-01 9.936845e-01 -7.876863e-03 3.063946e-01 -7.890527e-03 8.815183e-03 9.999300e-01 -4.025801e-01
9.931813e-01 -1.160113e-01 1.150391e-02 2.276414e+01 1.160968e-01 9.932128e-01 -7.057453e-03 3.481934e-01 -1.060709e-02 8.344897e-03 9.999089e-01 -4.139892e-01
9.926308e-01 -1.203900e-01 1.379412e-02 2.317577e+01 1.204970e-01 9.926877e-01 -7.202470e-03 4.010674e-01 -1.282614e-02 8.811544e-03 9.998789e-01 -4.152204e-01
9.920473e-01 -1.247758e-01 1.653060e-02 2.358347e+01 1.248891e-01 9.921526e-01 -6.008201e-03 4.433742e-01 -1.565120e-02 8.024911e-03 9.998453e-01 -4.156452e-01
9.914533e-01 -1.295577e-01 1.533195e-02 2.399914e+01 1.296388e-01 9.915514e-01 -4.419345e-03 5.018096e-01 -1.462986e-02 6.369191e-03 9.998727e-01 -4.213528e-01
9.908545e-01 -1.339168e-01 1.654125e-02 2.442004e+01 1.339958e-01 9.909747e-01 -3.759625e-03 5.428140e-01 -1.588848e-02 5.941699e-03 9.998561e-01 -4.224395e-01
9.901345e-01 -1.389255e-01 1.826038e-02 2.484352e+01 1.390121e-01 9.902843e-01 -3.557242e-03 6.046430e-01 -1.758878e-02 6.060563e-03 9.998269e-01 -4.225454e-01
9.893151e-01 -1.442150e-01 2.139446e-02 2.527301e+01 1.443394e-01 9.895186e-01 -4.379098e-03 6.662907e-01 -2.053868e-02 7.420371e-03 9.997615e-01 -4.277529e-01
9.884104e-01 -1.501190e-01 2.256536e-02 2.570803e+01 1.502844e-01 9.886258e-01 -5.812022e-03 7.337007e-01 -2.143620e-02 9.135883e-03 9.997285e-01 -4.254763e-01
9.874730e-01 -1.555165e-01 2.667581e-02 2.613903e+01 1.557149e-01 9.877868e-01 -5.515430e-03 8.028477e-01 -2.549226e-02 9.600161e-03 9.996289e-01 -4.335591e-01
9.867187e-01 -1.604652e-01 2.524218e-02 2.657430e+01 1.606394e-01 9.870003e-01 -5.019825e-03 8.616915e-01 -2.410853e-02 9.008043e-03 9.996688e-01 -4.437796e-01
9.859751e-01 -1.654400e-01 2.197202e-02 2.701212e+01 1.655509e-01 9.861956e-01 -3.315492e-03 9.405008e-01 -2.112020e-02 6.906480e-03 9.997531e-01 -4.588134e-01
9.850230e-01 -1.716006e-01 1.682000e-02 2.746710e+01 1.716916e-01 9.851422e-01 -4.112283e-03 1.027182e+00 -1.586442e-02 6.938545e-03 9.998501e-01 -4.452322e-01
9.837520e-01 -1.782207e-01 2.166819e-02 2.790742e+01 1.783881e-01 9.839416e-01 -6.039066e-03 1.102090e+00 -2.024395e-02 9.806290e-03 9.997470e-01 -4.203448e-01
9.825906e-01 -1.839025e-01 2.637315e-02 2.835615e+01 1.841078e-01 9.828902e-01 -5.557245e-03 1.176857e+00 -2.489992e-02 1.031600e-02 9.996367e-01 -4.438424e-01
9.814446e-01 -1.896964e-01 2.796112e-02 2.880616e+01 1.898706e-01 9.818021e-01 -3.687826e-03 1.255696e+00 -2.675272e-02 8.928388e-03 9.996022e-01 -4.546849e-01
9.800636e-01 -1.968253e-01 2.711339e-02 2.925462e+01 1.969871e-01 9.804003e-01 -3.405195e-03 1.352245e+00 -2.591174e-02 8.678295e-03 9.996266e-01 -4.681376e-01
9.788646e-01 -2.032628e-01 2.254892e-02 2.971283e+01 2.033779e-01 9.790961e-01 -2.909666e-03 1.458481e+00 -2.148613e-02 7.434119e-03 9.997415e-01 -4.766743e-01
9.775201e-01 -2.100265e-01 1.852881e-02 3.017398e+01 2.100209e-01 9.776943e-01 2.268712e-03 1.568841e+00 -1.859200e-02 1.673725e-03 9.998258e-01 -4.746008e-01
9.756724e-01 -2.182729e-01 2.050046e-02 3.064178e+01 2.180630e-01 9.758610e-01 1.199892e-02 1.670352e+00 -2.262464e-02 -7.236624e-03 9.997178e-01 -4.949221e-01
9.741605e-01 -2.248491e-01 2.131085e-02 3.113514e+01 2.246203e-01 9.743648e-01 1.261729e-02 1.774769e+00 -2.360153e-02 -7.504418e-03 9.996933e-01 -4.710244e-01
9.726405e-01 -2.314390e-01 2.016143e-02 3.164272e+01 2.313022e-01 9.728411e-01 8.907273e-03 1.890346e+00 -2.167536e-02 -4.000192e-03 9.997571e-01 -4.940927e-01
9.706497e-01 -2.394406e-01 2.252485e-02 3.214982e+01 2.393603e-01 9.709107e-01 6.236183e-03 2.027716e+00 -2.336281e-02 -6.615955e-04 9.997268e-01 -5.021005e-01
9.689603e-01 -2.463357e-01 2.084922e-02 3.266238e+01 2.462390e-01 9.691828e-01 7.126009e-03 2.150172e+00 -2.196210e-02 -1.770930e-03 9.997572e-01 -5.096161e-01
9.673408e-01 -2.528274e-01 1.817032e-02 3.317760e+01 2.527370e-01 9.675086e-01 7.145854e-03 2.291153e+00 -1.938661e-02 -2.320163e-03 9.998094e-01 -5.240652e-01
9.654359e-01 -2.599621e-01 1.879697e-02 3.370897e+01 2.598853e-01 9.656179e-01 6.461728e-03 2.426934e+00 -1.983050e-02 -1.353328e-03 9.998025e-01 -5.236004e-01
9.636380e-01 -2.665524e-01 1.875225e-02 3.423550e+01 2.665037e-01 9.638205e-01 5.094575e-03 2.573959e+00 -1.943177e-02 8.821744e-05 9.998112e-01 -5.336953e-01
9.616548e-01 -2.734488e-01 2.111585e-02 3.477879e+01 2.734390e-01 9.618834e-01 3.404761e-03 2.723186e+00 -2.124201e-02 2.499693e-03 9.997712e-01 -5.378393e-01
9.596783e-01 -2.804199e-01 1.955032e-02 3.531462e+01 2.804269e-01 9.598722e-01 2.436333e-03 2.879002e+00 -1.944900e-02 3.144339e-03 9.998059e-01 -5.536906e-01
9.581045e-01 -2.857562e-01 1.947133e-02 3.586148e+01 2.857942e-01 9.582905e-01 8.625982e-04 3.041050e+00 -1.890569e-02 4.738335e-03 9.998100e-01 -5.627155e-01
9.567903e-01 -2.903430e-01 1.591080e-02 3.640084e+01 2.903783e-01 9.569118e-01 9.504496e-05 3.200803e+00 -1.525283e-02 4.529214e-03 9.998734e-01 -5.634728e-01
9.556732e-01 -2.940885e-01 1.416493e-02 3.694091e+01 2.941292e-01 9.557654e-01 -8.321286e-04 3.369109e+00 -1.329363e-02 4.961563e-03 9.998993e-01 -5.713539e-01
9.549373e-01 -2.964021e-01 1.550935e-02 3.749761e+01 2.964514e-01 9.550475e-01 -9.241565e-04 3.517890e+00 -1.453825e-02 5.480280e-03 9.998793e-01 -5.699648e-01
9.544306e-01 -2.978869e-01 1.804475e-02 3.804913e+01 2.979731e-01 9.545716e-01 -2.229431e-03 3.672267e+00 -1.656089e-02 7.504688e-03 9.998347e-01 -5.756446e-01
9.536892e-01 -3.002284e-01 1.843530e-02 3.859972e+01 3.003115e-01 9.538393e-01 -1.851076e-03 3.840254e+00 -1.702857e-02 7.301684e-03 9.998283e-01 -5.878008e-01
9.532130e-01 -3.019153e-01 1.523401e-02 3.914700e+01 3.019682e-01 9.533172e-01 -1.247399e-03 4.010586e+00 -1.414624e-02 5.789225e-03 9.998832e-01 -6.088877e-01
9.526879e-01 -3.036857e-01 1.267989e-02 3.970677e+01 3.037091e-01 9.527650e-01 7.995067e-05 4.189734e+00 -1.210523e-02 3.774828e-03 9.999196e-01 -5.943764e-01
9.518555e-01 -3.062370e-01 1.378578e-02 4.025852e+01 3.062497e-01 9.519503e-01 1.235256e-03 4.365332e+00 -1.350166e-02 3.046106e-03 9.999042e-01 -6.145661e-01
9.510537e-01 -3.087684e-01 1.260801e-02 4.081475e+01 3.087690e-01 9.511352e-01 1.942564e-03 4.529812e+00 -1.259172e-02 2.045479e-03 9.999186e-01 -6.174970e-01
9.506286e-01 -3.101448e-01 1.074117e-02 4.137473e+01 3.101534e-01 9.506861e-01 8.934442e-04 4.704555e+00 -1.048857e-02 2.482076e-03 9.999419e-01 -6.345462e-01
9.504718e-01 -3.107913e-01 3.497858e-03 4.195153e+01 3.108050e-01 9.504631e-01 -4.493537e-03 4.896810e+00 -1.928032e-03 5.358131e-03 9.999838e-01 -6.168974e-01
9.503182e-01 -3.111960e-01 7.233745e-03 4.252098e+01 3.112288e-01 9.503270e-01 -3.920415e-03 5.080653e+00 -5.654405e-03 5.976992e-03 9.999661e-01 -6.259738e-01
9.498506e-01 -3.125594e-01 9.514374e-03 4.308726e+01 3.125756e-01 9.498928e-01 -2.278431e-04 5.259298e+00 -8.966421e-03 3.190378e-03 9.999547e-01 -6.441768e-01
9.494786e-01 -3.136443e-01 1.084956e-02 4.366732e+01 3.136285e-01 9.495405e-01 3.166940e-03 5.449576e+00 -1.129539e-02 3.957907e-04 9.999361e-01 -6.531046e-01
9.490415e-01 -3.150396e-01 8.376975e-03 4.424037e+01 3.149969e-01 9.490734e-01 6.041680e-03 5.646034e+00 -9.853734e-03 -3.095084e-03 9.999467e-01 -6.632743e-01
9.486220e-01 -3.163924e-01 3.478068e-03 4.485126e+01 3.163660e-01 9.486146e-01 6.536855e-03 5.841453e+00 -5.367558e-03 -5.100662e-03 9.999726e-01 -6.590739e-01
9.477678e-01 -3.189306e-01 4.416630e-03 4.545964e+01 3.189237e-01 9.477777e-01 2.196161e-03 6.035933e+00 -4.886407e-03 -6.728826e-04 9.999878e-01 -6.604978e-01
9.470754e-01 -3.209528e-01 6.123944e-03 4.607819e+01 3.209651e-01 9.470903e-01 -1.121087e-03 6.243108e+00 -5.440112e-03 3.027327e-03 9.999806e-01 -6.720471e-01
9.463168e-01 -3.231618e-01 7.144277e-03 4.669265e+01 3.231726e-01 9.463401e-01 -3.889650e-04 6.445915e+00 -6.635216e-03 2.676919e-03 9.999744e-01 -6.889533e-01
9.454341e-01 -3.257230e-01 7.677037e-03 4.731768e+01 3.257149e-01 9.454651e-01 2.319815e-03 6.658827e+00 -8.013988e-03 3.072924e-04 9.999678e-01 -6.903676e-01
9.446384e-01 -3.280753e-01 4.995004e-03 4.795581e+01 3.280642e-01 9.446509e-01 2.922106e-03 6.877704e+00 -5.677206e-03 -1.121651e-03 9.999833e-01 -6.965805e-01
9.437684e-01 -3.305938e-01 3.004858e-03 4.859978e+01 3.305928e-01 9.437732e-01 8.317300e-04 7.097776e+00 -3.110869e-03 2.084239e-04 9.999951e-01 -7.040073e-01
9.428642e-01 -3.331744e-01 1.347437e-03 4.924921e+01 3.331760e-01 9.428637e-01 -1.233776e-03 7.323830e+00 -8.593870e-04 1.612217e-03 9.999983e-01 -7.057509e-01
9.420463e-01 -3.354724e-01 2.666707e-03 4.990086e+01 3.354773e-01 9.420468e-01 -1.648937e-03 7.552213e+00 -1.958990e-03 2.447995e-03 9.999951e-01 -7.291573e-01
9.417050e-01 -3.364395e-01 -1.311089e-04 5.054486e+01 3.364387e-01 9.417034e-01 -1.950598e-03 7.773534e+00 7.797241e-04 1.792778e-03 9.999981e-01 -7.258499e-01
9.414693e-01 -3.370987e-01 4.457778e-05 5.120331e+01 3.370978e-01 9.414667e-01 -2.340081e-03 7.997704e+00 7.468697e-04 2.218142e-03 9.999973e-01 -7.366481e-01
9.411240e-01 -3.380545e-01 2.181933e-03 5.184693e+01 3.380608e-01 9.411155e-01 -4.044184e-03 8.222077e+00 -6.862967e-04 4.543704e-03 9.999894e-01 -7.409552e-01
9.410322e-01 -3.383147e-01 1.222810e-03 5.248756e+01 3.383166e-01 9.410197e-01 -4.892063e-03 8.434840e+00 5.043691e-04 5.017286e-03 9.999873e-01 -7.494825e-01
9.408669e-01 -3.387753e-01 8.397959e-04 5.313428e+01 3.387746e-01 9.408517e-01 -5.476914e-03 8.660206e+00 1.065320e-03 5.437549e-03 9.999846e-01 -7.629617e-01
9.405557e-01 -3.396361e-01 1.537312e-03 5.377449e+01 3.396392e-01 9.405383e-01 -5.740704e-03 8.890025e+00 5.038494e-04 5.921583e-03 9.999824e-01 -7.585495e-01
9.402293e-01 -3.405252e-01 3.385074e-03 5.440937e+01 3.405413e-01 9.402014e-01 -7.266539e-03 9.106596e+00 -7.082125e-04 7.984970e-03 9.999679e-01 -7.501139e-01
9.401407e-01 -3.406782e-01 8.596357e-03 5.504827e+01 3.407530e-01 9.401031e-01 -9.680863e-03 9.321919e+00 -4.783402e-03 1.203061e-02 9.999162e-01 -7.854790e-01
9.401121e-01 -3.407811e-01 7.586552e-03 5.567289e+01 3.408424e-01 9.400746e-01 -9.282943e-03 9.541088e+00 -3.968474e-03 1.131283e-02 9.999281e-01 -7.766801e-01
9.398828e-01 -3.414571e-01 5.229066e-03 5.629512e+01 3.414876e-01 9.398607e-01 -6.927416e-03 9.760443e+00 -2.549178e-03 8.296620e-03 9.999623e-01 -7.810883e-01
9.392114e-01 -3.433007e-01 5.149637e-03 5.690407e+01 3.433156e-01 9.392171e-01 -2.349111e-03 9.989070e+00 -4.030176e-03 3.974263e-03 9.999840e-01 -8.019972e-01
9.391035e-01 -3.436039e-01 4.576713e-03 5.752268e+01 3.436060e-01 9.391140e-01 3.504633e-04 1.019474e+01 -4.418475e-03 1.243465e-03 9.999894e-01 -7.865784e-01
9.388357e-01 -3.443490e-01 3.359946e-03 5.813343e+01 3.443486e-01 9.388415e-01 7.264605e-04 1.041137e+01 -3.404613e-03 4.749657e-04 9.999941e-01 -7.968501e-01
9.386338e-01 -3.447953e-01 9.095812e-03 5.874460e+01 3.448162e-01 9.386698e-01 -7.954924e-04 1.062624e+01 -8.263683e-03 3.883060e-03 9.999583e-01 -7.898824e-01
9.382645e-01 -3.456455e-01 1.374481e-02 5.933610e+01 3.455748e-01 9.383627e-01 7.303997e-03 1.082357e+01 -1.542221e-02 -2.103221e-03 9.998789e-01 -8.193380e-01
9.381630e-01 -3.459077e-01 1.407283e-02 5.993144e+01 3.457705e-01 9.382510e-01 1.130679e-02 1.103733e+01 -1.711495e-02 -5.741644e-03 9.998370e-01 -8.632438e-01
9.376260e-01 -3.474520e-01 1.159872e-02 6.053357e+01 3.473723e-01 9.376900e-01 8.360462e-03 1.126574e+01 -1.378087e-02 -3.809911e-03 9.998978e-01 -8.460946e-01
9.367729e-01 -3.499123e-01 4.221427e-03 6.113899e+01 3.499197e-01 9.367790e-01 -1.131036e-03 1.149492e+01 -3.558780e-03 2.536685e-03 9.999905e-01 -8.559964e-01
9.354507e-01 -3.534551e-01 1.246471e-03 6.174767e+01 3.534219e-01 9.353009e-01 -1.746661e-02 1.172572e+01 5.007837e-03 1.677968e-02 9.998467e-01 -8.359816e-01
9.337949e-01 -3.578081e-01 7.037511e-04 6.235718e+01 3.575173e-01 9.329530e-01 -4.219043e-02 1.194625e+01 1.443951e-02 3.964881e-02 9.991093e-01 -8.561069e-01
9.325411e-01 -3.610381e-01 4.306696e-03 6.294686e+01 3.607066e-01 9.310217e-01 -5.558215e-02 1.217117e+01 1.605765e-02 5.338609e-02 9.984449e-01 -8.525465e-01
9.314622e-01 -3.638287e-01 -2.626267e-03 6.352757e+01 3.632157e-01 9.302664e-01 -5.175902e-02 1.240164e+01 2.127454e-02 4.725767e-02 9.986562e-01 -8.274884e-01
9.301111e-01 -3.672453e-01 -4.929466e-03 6.408610e+01 3.667576e-01 9.294231e-01 -4.076218e-02 1.262903e+01 1.955128e-02 3.610544e-02 9.991567e-01 -8.421023e-01
9.290583e-01 -3.698876e-01 -5.811777e-03 6.466096e+01 3.695306e-01 9.286653e-01 -3.206225e-02 1.285160e+01 1.725662e-02 2.764007e-02 9.994690e-01 -8.213211e-01
9.278466e-01 -3.728810e-01 -7.781838e-03 6.524091e+01 3.726741e-01 9.277478e-01 -1.994478e-02 1.308166e+01 1.465661e-02 1.560560e-02 9.997708e-01 -7.951148e-01
9.262978e-01 -3.767390e-01 -6.333061e-03 6.581718e+01 3.765458e-01 9.261689e-01 -2.059810e-02 1.332027e+01 1.362559e-02 1.669529e-02 9.997678e-01 -7.706401e-01
9.250296e-01 -3.798863e-01 -2.569140e-03 6.642139e+01 3.796759e-01 9.247047e-01 -2.770388e-02 1.355670e+01 1.290002e-02 2.465148e-02 9.996129e-01 -7.530332e-01
9.234655e-01 -3.836643e-01 3.622466e-03 6.700590e+01 3.835901e-01 9.229985e-01 -3.053297e-02 1.379007e+01 8.370878e-03 2.958568e-02 9.995272e-01 -7.560487e-01
9.219303e-01 -3.873464e-01 2.710233e-03 6.758653e+01 3.872775e-01 9.215804e-01 -2.656204e-02 1.402851e+01 7.791013e-03 2.553796e-02 9.996435e-01 -7.515123e-01
9.210016e-01 -3.895524e-01 2.245407e-03 6.816778e+01 3.895028e-01 9.207559e-01 -2.227795e-02 1.426625e+01 6.610958e-03 2.139262e-02 9.997493e-01 -7.563003e-01
9.203544e-01 -3.910318e-01 6.466962e-03 6.876924e+01 3.910752e-01 9.200863e-01 -2.239753e-02 1.450171e+01 2.807983e-03 2.314273e-02 9.997282e-01 -7.293060e-01
9.198945e-01 -3.920537e-01 9.381363e-03 6.936501e+01 3.921626e-01 9.195247e-01 -2.612789e-02 1.473539e+01 1.617139e-03 2.771392e-02 9.996146e-01 -7.142845e-01
9.197857e-01 -3.922921e-01 1.004961e-02 6.996019e+01 3.924191e-01 9.194031e-01 -2.655529e-02 1.498329e+01 1.177790e-03 2.836883e-02 9.995968e-01 -7.125347e-01
9.197398e-01 -3.924576e-01 7.461795e-03 7.054871e+01 3.925179e-01 9.194092e-01 -2.483496e-02 1.524035e+01 2.886226e-03 2.577059e-02 9.996637e-01 -7.284892e-01
9.197567e-01 -3.923908e-01 8.780570e-03 7.115112e+01 3.924870e-01 9.194490e-01 -2.382547e-02 1.548038e+01 1.275611e-03 2.535990e-02 9.996776e-01 -7.096082e-01
9.205835e-01 -3.904939e-01 6.360540e-03 7.175431e+01 3.905360e-01 9.203235e-01 -2.205137e-02 1.571704e+01 2.757170e-03 2.278415e-02 9.997366e-01 -6.928223e-01
9.220830e-01 -3.869345e-01 6.690941e-03 7.236749e+01 3.869790e-01 9.217700e-01 -2.423209e-02 1.595677e+01 3.208723e-03 2.493325e-02 9.996840e-01 -6.970644e-01
9.231240e-01 -3.844786e-01 4.275196e-03 7.297961e+01 3.844375e-01 9.227070e-01 -2.862751e-02 1.621103e+01 7.061912e-03 2.807029e-02 9.995810e-01 -6.723989e-01
9.243217e-01 -3.816125e-01 -1.139937e-03 7.359943e+01 3.813924e-01 9.238822e-01 -3.132682e-02 1.646713e+01 1.300787e-02 2.852130e-02 9.995086e-01 -6.801206e-01
9.255244e-01 -3.786527e-01 -5.174502e-03 7.421898e+01 3.782875e-01 9.250875e-01 -3.334304e-02 1.670958e+01 1.741230e-02 2.890234e-02 9.994306e-01 -6.605083e-01
9.265820e-01 -3.760571e-01 -5.168698e-03 7.483257e+01 3.758271e-01 9.263567e-01 -2.484260e-02 1.694400e+01 1.413030e-02 2.107618e-02 9.996780e-01 -6.572684e-01
9.278498e-01 -3.729520e-01 -1.255318e-03 7.543587e+01 3.729037e-01 9.277743e-01 -1.332292e-02 1.717011e+01 6.133461e-03 1.189355e-02 9.999105e-01 -6.637931e-01
9.294088e-01 -3.690381e-01 -3.181445e-03 7.605159e+01 3.690352e-01 9.294143e-01 -1.459729e-03 1.741144e+01 3.495576e-03 1.826201e-04 9.999939e-01 -6.724080e-01
9.307640e-01 -3.655981e-01 -4.045833e-03 7.668094e+01 3.656006e-01 9.307718e-01 -1.405245e-04 1.765062e+01 3.817123e-03 -1.348364e-03 9.999918e-01 -6.624213e-01
9.318334e-01 -3.628576e-01 -4.559980e-03 7.730408e+01 3.628518e-01 9.318445e-01 -2.078912e-03 1.788086e+01 5.003541e-03 2.826023e-04 9.999874e-01 -6.905106e-01
9.330538e-01 -3.597320e-01 -1.870963e-03 7.791713e+01 3.597303e-01 9.330556e-01 -1.204162e-03 1.810888e+01 2.178888e-03 4.505060e-04 9.999975e-01 -6.762905e-01
9.341568e-01 -3.568610e-01 -1.127223e-03 7.852159e+01 3.568624e-01 9.341464e-01 4.433618e-03 1.832504e+01 -5.291938e-04 -4.543959e-03 9.999895e-01 -6.884959e-01
9.350504e-01 -3.545009e-01 -3.126220e-03 7.913514e+01 3.545114e-01 9.350436e-01 3.914810e-03 1.854995e+01 1.535348e-03 -4.768826e-03 9.999874e-01 -7.312006e-01
9.357444e-01 -3.525361e-01 -1.003603e-02 7.975818e+01 3.523152e-01 9.356929e-01 -1.877991e-02 1.878161e+01 1.601124e-02 1.403735e-02 9.997733e-01 -6.637019e-01
9.363418e-01 -3.506653e-01 -1.726152e-02 8.039705e+01 3.490780e-01 9.351062e-01 -6.100047e-02 1.903207e+01 3.753210e-02 5.109167e-02 9.979885e-01 -6.157708e-01
9.368874e-01 -3.493313e-01 -1.447625e-02 8.104002e+01 3.464040e-01 9.330562e-01 -9.700628e-02 1.927328e+01 4.739449e-02 8.586933e-02 9.951785e-01 -5.803167e-01
9.377543e-01 -3.471693e-01 -9.508580e-03 8.164320e+01 3.444484e-01 9.332085e-01 -1.023586e-01 1.946696e+01 4.440923e-02 9.271196e-02 9.947021e-01 -5.763357e-01
9.387379e-01 -3.446254e-01 -2.134556e-03 8.220789e+01 3.434835e-01 9.360965e-01 -7.577721e-02 1.966328e+01 2.811291e-02 7.040175e-02 9.971225e-01 -6.069669e-01
9.393235e-01 -3.430174e-01 3.224790e-03 8.277071e+01 3.428193e-01 9.383664e-01 -4.408110e-02 1.985197e+01 1.209455e-02 4.251193e-02 9.990227e-01 -6.034958e-01
9.399033e-01 -3.414335e-01 -2.206032e-03 8.333156e+01 3.413107e-01 9.397043e-01 -2.150967e-02 2.005851e+01 9.417141e-03 1.946407e-02 9.997662e-01 -5.457758e-01
9.398569e-01 -3.412341e-01 -1.510839e-02 8.393774e+01 3.408356e-01 9.398185e-01 -2.391915e-02 2.027968e+01 2.236117e-02 1.733110e-02 9.995998e-01 -5.012004e-01
9.398636e-01 -3.411751e-01 -1.599633e-02 8.454785e+01 3.401949e-01 9.392754e-01 -4.504662e-02 2.049763e+01 3.039374e-02 3.689581e-02 9.988568e-01 -4.514117e-01
9.399326e-01 -3.413304e-01 -4.498625e-03 8.515085e+01 3.405426e-01 9.385117e-01 -5.680030e-02 2.070656e+01 2.360969e-02 5.185648e-02 9.983754e-01 -4.616204e-01
9.404794e-01 -3.398383e-01 2.901249e-03 8.573690e+01 3.394739e-01 9.390005e-01 -5.509664e-02 2.089845e+01 1.599968e-02 5.280216e-02 9.984768e-01 -4.584442e-01
9.412043e-01 -3.378377e-01 -4.543802e-04 8.630312e+01 3.374526e-01 9.401940e-01 -4.648710e-02 2.108512e+01 1.613230e-02 4.360053e-02 9.989188e-01 -4.550138e-01
9.425938e-01 -3.339021e-01 -5.130880e-03 8.688048e+01 3.333950e-01 9.418188e-01 -4.272159e-02 2.129474e+01 1.909718e-02 3.855849e-02 9.990739e-01 -4.245775e-01
9.442944e-01 -3.289961e-01 -8.344078e-03 8.746155e+01 3.283781e-01 9.435954e-01 -4.237730e-02 2.147944e+01 2.181540e-02 3.727663e-02 9.990668e-01 -3.952576e-01
9.455010e-01 -3.256083e-01 -2.681111e-03 8.805756e+01 3.251826e-01 9.446273e-01 -4.399665e-02 2.166334e+01 1.685832e-02 4.072703e-02 9.990281e-01 -3.508564e-01
9.465567e-01 -3.224896e-01 5.556672e-03 8.863338e+01 3.224325e-01 9.456685e-01 -4.181215e-02 2.184099e+01 8.229217e-03 4.136922e-02 9.991100e-01 -3.633586e-01
9.472342e-01 -3.203567e-01 1.090600e-02 8.921099e+01 3.205286e-01 9.463322e-01 -4.143427e-02 2.203354e+01 2.953039e-03 4.274364e-02 9.990817e-01 -3.438298e-01
9.474524e-01 -3.198489e-01 5.533278e-03 8.978520e+01 3.197819e-01 9.465069e-01 -4.317467e-02 2.222970e+01 8.572084e-03 4.267539e-02 9.990522e-01 -3.356555e-01
9.477718e-01 -3.189332e-01 3.200253e-03 9.035452e+01 3.187276e-01 9.466915e-01 -4.677476e-02 2.242004e+01 1.188837e-02 4.535181e-02 9.989004e-01 -3.259629e-01
9.477947e-01 -3.188812e-01 8.300971e-05 9.092114e+01 3.184725e-01 9.465666e-01 -5.086080e-02 2.261301e+01 1.613998e-02 4.823203e-02 9.987057e-01 -2.567006e-01
9.477550e-01 -3.189315e-01 6.565235e-03 9.148409e+01 3.188513e-01 9.464890e-01 -4.992775e-02 2.278682e+01 9.709609e-03 4.941260e-02 9.987313e-01 -2.865398e-01
9.478981e-01 -3.182825e-01 1.361722e-02 9.204947e+01 3.185614e-01 9.466207e-01 -4.927386e-02 2.296037e+01 2.792657e-03 5.104452e-02 9.986925e-01 -2.403549e-01
9.480866e-01 -3.178483e-01 1.021394e-02 9.260682e+01 3.179691e-01 9.469391e-01 -4.692552e-02 2.314670e+01 5.243213e-03 4.773717e-02 9.988462e-01 -2.473658e-01
9.479946e-01 -3.181408e-01 9.628372e-03 9.315887e+01 3.182365e-01 9.468760e-01 -4.638001e-02 2.332984e+01 5.638497e-03 4.703210e-02 9.988775e-01 -2.392099e-01
9.479669e-01 -3.183270e-01 5.152593e-03 9.370837e+01 3.181916e-01 9.467756e-01 -4.868316e-02 2.351445e+01 1.061882e-02 4.778953e-02 9.988010e-01 -1.752320e-01
9.478255e-01 -3.187661e-01 3.875094e-03 9.425350e+01 3.185523e-01 9.465806e-01 -5.009474e-02 2.369111e+01 1.230042e-02 4.871549e-02 9.987370e-01 -1.942036e-01
9.477114e-01 -3.189097e-01 1.181952e-02 9.480341e+01 3.190811e-01 9.462808e-01 -5.234604e-02 2.385566e+01 5.509072e-03 5.338032e-02 9.985591e-01 -1.680298e-01
9.474596e-01 -3.197399e-01 9.310983e-03 9.533563e+01 3.197720e-01 9.460112e-01 -5.299553e-02 2.402777e+01 8.136490e-03 5.318851e-02 9.985514e-01 -1.235197e-01
9.474277e-01 -3.197916e-01 1.068180e-02 9.586660e+01 3.198972e-01 9.459726e-01 -5.293015e-02 2.419910e+01 6.821926e-03 5.356457e-02 9.985411e-01 -1.430759e-01
9.473874e-01 -3.199177e-01 1.048026e-02 9.637995e+01 3.200135e-01 9.459423e-01 -5.276747e-02 2.437016e+01 6.967530e-03 5.334507e-02 9.985518e-01 -9.821540e-02
9.474775e-01 -3.196610e-01 1.015832e-02 9.688305e+01 3.197384e-01 9.460232e-01 -5.298587e-02 2.453352e+01 7.327504e-03 5.345092e-02 9.985436e-01 -7.615646e-02
9.475461e-01 -3.194988e-01 8.767457e-03 9.738112e+01 3.195188e-01 9.462053e-01 -5.102475e-02 2.469999e+01 8.006531e-03 5.114967e-02 9.986589e-01 -8.135330e-02
9.478294e-01 -3.186857e-01 7.676774e-03 9.787166e+01 3.186509e-01 9.464959e-01 -5.106160e-02 2.485480e+01 9.006565e-03 5.084389e-02 9.986660e-01 -4.862111e-02
9.477058e-01 -3.190939e-01 5.730796e-03 9.834312e+01 3.189649e-01 9.464134e-01 -5.062640e-02 2.501269e+01 1.073087e-02 4.980685e-02 9.987012e-01 -4.492988e-02
9.476078e-01 -3.193860e-01 5.665231e-03 9.880065e+01 3.192476e-01 9.462901e-01 -5.114727e-02 2.516609e+01 1.097477e-02 5.027616e-02 9.986750e-01 -1.775908e-02
9.476393e-01 -3.192752e-01 6.565530e-03 9.924814e+01 3.191886e-01 9.463432e-01 -5.052931e-02 2.530876e+01 9.919507e-03 4.997920e-02 9.987010e-01 -9.048821e-03
9.477546e-01 -3.189284e-01 6.782684e-03 9.969798e+01 3.188321e-01 9.463494e-01 -5.262079e-02 2.545115e+01 1.036347e-02 5.203413e-02 9.985915e-01 7.452758e-03
9.477967e-01 -3.188049e-01 6.699746e-03 1.001294e+02 3.186759e-01 9.462521e-01 -5.525206e-02 2.558806e+01 1.127498e-02 5.450277e-02 9.984500e-01 2.405884e-02
9.476154e-01 -3.193762e-01 4.882154e-03 1.005446e+02 3.191484e-01 9.460956e-01 -5.520585e-02 2.573569e+01 1.301245e-02 5.387205e-02 9.984630e-01 3.740063e-02
9.474487e-01 -3.198422e-01 6.476201e-03 1.009499e+02 3.197080e-01 9.459475e-01 -5.449840e-02 2.587021e+01 1.130474e-02 5.370492e-02 9.984928e-01 6.083355e-02
9.471775e-01 -3.206352e-01 6.913255e-03 1.013599e+02 3.205107e-01 9.456105e-01 -5.562200e-02 2.599990e+01 1.129712e-02 5.489968e-02 9.984280e-01 7.486174e-02
9.468885e-01 -3.214064e-01 1.000199e-02 1.017657e+02 3.214358e-01 9.451879e-01 -5.743487e-02 2.613097e+01 9.006174e-03 5.759942e-02 9.982991e-01 8.964889e-02
9.462621e-01 -3.232080e-01 1.116298e-02 1.021679e+02 3.233036e-01 9.445683e-01 -5.714413e-02 2.626075e+01 7.925240e-03 5.768236e-02 9.983035e-01 1.070704e-01
9.456862e-01 -3.248332e-01 1.268445e-02 1.025643e+02 3.250221e-01 9.440533e-01 -5.589165e-02 2.639408e+01 6.180671e-03 5.697869e-02 9.983563e-01 1.210837e-01
9.449866e-01 -3.269266e-01 1.091935e-02 1.029546e+02 3.270145e-01 9.433860e-01 -5.553471e-02 2.652704e+01 7.854610e-03 5.605035e-02 9.983971e-01 1.381134e-01
9.442626e-01 -3.289571e-01 1.246539e-02 1.033514e+02 3.291278e-01 9.426435e-01 -5.566233e-02 2.666430e+01 6.560104e-03 5.666256e-02 9.983718e-01 1.617031e-01
9.434137e-01 -3.313008e-01 1.450174e-02 1.037514e+02 3.315822e-01 9.417658e-01 -5.594845e-02 2.680042e+01 4.878521e-03 5.759106e-02 9.983283e-01 1.776327e-01
9.423485e-01 -3.341974e-01 1.707071e-02 1.041395e+02 3.346241e-01 9.407216e-01 -5.540258e-02 2.693340e+01 2.456618e-03 5.792081e-02 9.983181e-01 1.912464e-01
9.410082e-01 -3.379270e-01 1.757715e-02 1.045266e+02 3.383773e-01 9.393961e-01 -5.509973e-02 2.708179e+01 2.107786e-03 5.779700e-02 9.983261e-01 2.092228e-01
9.399790e-01 -3.408251e-01 1.666898e-02 1.049068e+02 3.412181e-01 9.383684e-01 -5.508993e-02 2.721820e+01 3.134387e-03 5.747113e-02 9.983423e-01 2.181492e-01
9.385701e-01 -3.446250e-01 1.788118e-02 1.052907e+02 3.450819e-01 9.369694e-01 -5.483430e-02 2.736115e+01 2.143146e-03 5.763630e-02 9.983354e-01 2.450670e-01
9.368584e-01 -3.491879e-01 1.908113e-02 1.056723e+02 3.497064e-01 9.352540e-01 -5.482152e-02 2.750552e+01 1.297312e-03 5.803279e-02 9.983138e-01 2.551429e-01
9.344347e-01 -3.555241e-01 2.084164e-02 1.060472e+02 3.561345e-01 9.328171e-01 -5.496116e-02 2.764430e+01 9.857956e-05 5.878004e-02 9.982709e-01 2.759208e-01
9.318723e-01 -3.621576e-01 2.135089e-02 1.064173e+02 3.627864e-01 9.302422e-01 -5.509704e-02 2.779131e+01 9.231549e-05 5.908922e-02 9.982527e-01 2.851894e-01
9.282805e-01 -3.711906e-01 2.264796e-02 1.067913e+02 3.718806e-01 9.266375e-01 -5.520541e-02 2.794976e+01 -4.947223e-04 5.966844e-02 9.982181e-01 3.036772e-01
9.239766e-01 -3.818112e-01 2.207962e-02 1.071543e+02 3.824473e-01 9.222535e-01 -5.641539e-02 2.811512e+01 1.177017e-03 6.057078e-02 9.981632e-01 3.211452e-01
9.192539e-01 -3.930257e-01 2.242593e-02 1.075149e+02 3.936613e-01 9.175048e-01 -5.670684e-02 2.827539e+01 1.711345e-03 6.095621e-02 9.981390e-01 3.280990e-01
9.148951e-01 -4.030724e-01 2.235236e-02 1.078716e+02 4.036844e-01 9.131420e-01 -5.666412e-02 2.844787e+01 2.428864e-03 6.086503e-02 9.981431e-01 3.451643e-01
9.100757e-01 -4.138504e-01 2.213930e-02 1.082215e+02 4.144299e-01 9.083381e-01 -5.630263e-02 2.861861e+01 3.190905e-03 6.041484e-02 9.981682e-01 3.577527e-01
9.049727e-01 -4.248949e-01 2.210885e-02 1.085717e+02 4.254535e-01 9.032619e-01 -5.574277e-02 2.878799e+01 3.714739e-03 5.985196e-02 9.982004e-01 3.797166e-01
9.002464e-01 -4.348688e-01 2.110692e-02 1.089190e+02 4.353493e-01 8.985403e-01 -5.564529e-02 2.896384e+01 5.232990e-03 5.928336e-02 9.982275e-01 3.941904e-01
8.958465e-01 -4.438767e-01 2.079877e-02 1.092630e+02 4.443261e-01 8.941803e-01 -5.491920e-02 2.914259e+01 5.779499e-03 5.844061e-02 9.982741e-01 4.019805e-01
8.921539e-01 -4.513275e-01 1.910414e-02 1.095958e+02 4.516699e-01 8.905348e-01 -5.424177e-02 2.931353e+01 7.467902e-03 5.702077e-02 9.983451e-01 4.167169e-01
8.895364e-01 -4.565217e-01 1.768739e-02 1.099434e+02 4.567842e-01 8.879892e-01 -5.313427e-02 2.948729e+01 8.550741e-03 5.534418e-02 9.984307e-01 4.263502e-01
8.872544e-01 -4.609097e-01 1.849435e-02 1.102902e+02 4.612097e-01 8.857023e-01 -5.307851e-02 2.966328e+01 8.083911e-03 5.562391e-02 9.984190e-01 4.495411e-01
8.856646e-01 -4.639927e-01 1.757732e-02 1.106319e+02 4.642410e-01 8.841468e-01 -5.258306e-02 2.983296e+01 8.857224e-03 5.473107e-02 9.984618e-01 4.560348e-01
8.846554e-01 -4.659493e-01 1.661428e-02 1.109746e+02 4.661532e-01 8.832104e-01 -5.138685e-02 3.000682e+01 9.269761e-03 5.320445e-02 9.985406e-01 4.740562e-01
8.842149e-01 -4.668814e-01 1.362854e-02 1.113126e+02 4.669321e-01 8.828229e-01 -5.097032e-02 3.018602e+01 1.176550e-02 5.143232e-02 9.986072e-01 4.845948e-01
8.847830e-01 -4.658535e-01 1.181496e-02 1.116587e+02 4.658138e-01 8.834161e-01 -5.092440e-02 3.035390e+01 1.328578e-02 5.056062e-02 9.986326e-01 5.006449e-01
8.859070e-01 -4.637147e-01 1.172842e-02 1.120022e+02 4.636683e-01 8.845199e-01 -5.134320e-02 3.052266e+01 1.343457e-02 5.092340e-02 9.986122e-01 5.180536e-01
8.872978e-01 -4.610994e-01 9.483469e-03 1.123469e+02 4.609357e-01 8.859161e-01 -5.187653e-02 3.069131e+01 1.551868e-02 5.040120e-02 9.986085e-01 5.307808e-01
8.888796e-01 -4.580477e-01 9.233405e-03 1.126887e+02 4.578889e-01 8.875420e-01 -5.105592e-02 3.085733e+01 1.519102e-02 4.961044e-02 9.986531e-01 5.415559e-01
8.910846e-01 -4.537560e-01 8.590238e-03 1.130264e+02 4.535776e-01 8.897748e-01 -5.067869e-02 3.102008e+01 1.535238e-02 4.905533e-02 9.986781e-01 5.553758e-01
8.935589e-01 -4.488837e-01 7.474638e-03 1.133850e+02 4.486595e-01 8.922701e-01 -5.058192e-02 3.118388e+01 1.603601e-02 4.855149e-02 9.986919e-01 5.705346e-01
8.959214e-01 -4.441772e-01 5.610289e-03 1.137340e+02 4.438702e-01 8.946637e-01 -5.055833e-02 3.135030e+01 1.743753e-02 4.778653e-02 9.987053e-01 5.795146e-01
8.985317e-01 -4.388818e-01 4.849063e-03 1.140863e+02 4.385376e-01 8.972633e-01 -5.102165e-02 3.150483e+01 1.804158e-02 4.797107e-02 9.986858e-01 6.015465e-01
9.009213e-01 -4.339740e-01 2.721748e-03 1.144446e+02 4.335450e-01 8.997136e-01 -5.053617e-02 3.166949e+01 1.948259e-02 4.670911e-02 9.987185e-01 6.056044e-01
9.039699e-01 -4.275947e-01 -1.133116e-03 1.147920e+02 4.270150e-01 9.028761e-01 -4.972748e-02 3.182537e+01 2.228627e-02 4.446828e-02 9.987622e-01 6.284565e-01
9.076440e-01 -4.197311e-01 -2.852812e-03 1.151607e+02 4.190720e-01 9.065605e-01 -5.026620e-02 3.198442e+01 2.368453e-02 4.442829e-02 9.987318e-01 6.421252e-01
9.113044e-01 -4.117172e-01 -3.639117e-03 1.155368e+02 4.110213e-01 9.102124e-01 -5.074187e-02 3.213859e+01 2.420367e-02 4.474553e-02 9.987051e-01 6.618909e-01
9.153538e-01 -4.026420e-01 -2.629075e-03 1.159073e+02 4.019997e-01 9.142257e-01 -5.086729e-02 3.228809e+01 2.288487e-02 4.550467e-02 9.987020e-01 6.697685e-01
9.188880e-01 -3.945063e-01 -3.088276e-03 1.162785e+02 3.938732e-01 9.178047e-01 -4.998466e-02 3.244458e+01 2.255370e-02 4.471392e-02 9.987452e-01 6.855989e-01
9.222075e-01 -3.866725e-01 -4.192395e-03 1.166642e+02 3.860196e-01 9.211826e-01 -4.910507e-02 3.259338e+01 2.284954e-02 4.366672e-02 9.987848e-01 6.940059e-01
9.257776e-01 -3.780318e-01 -5.277695e-03 1.170483e+02 3.773347e-01 9.247600e-01 -4.937156e-02 3.273859e+01 2.354462e-02 4.371563e-02 9.987665e-01 7.172846e-01
