1.000000e+00 0.000000e+00 0.000000e+00 0.000000e+00 0.000000e+00 1.000000e+00 0.000000e+00 0.000000e+00 0.000000e+00 0.000000e+00 1.000000e+00 0.000000e+00
9.999982e-01 -1.891328e-03 -3.599439e-04 9.613202e-01 1.891555e-03 9.999980e-01 6.308375e-04 5.262297e-03 3.587501e-04 -6.315171e-04 9.999998e-01 -1.744629e-02
9.999923e-01 -2.483147e-03 -3.043905e-03 1.723111e+00 2.485078e-03 9.999968e-01 6.307255e-04 1.268523e-02 3.042329e-03 -6.382850e-04 9.999952e-01 -2.458274e-02
9.999862e-01 -3.010267e-03 -4.300998e-03 2.467049e+00 3.008899e-03 9.999955e-01 -3.245981e-04 1.070901e-02 4.301955e-03 3.116524e-04 9.999907e-01 -2.550436e-02
9.999873e-01 -3.500569e-03 -3.631611e-03 3.203378e+00 3.486930e-03 9.999869e-01 -3.755282e-03 9.275878e-03 3.644709e-03 3.742571e-03 9.999864e-01 -4.211794e-02
9.999821e-01 -3.887796e-03 -4.550023e-03 3.941978e+00 3.859326e-03 9.999729e-01 -6.249230e-03 1.363252e-03 4.574196e-03 6.231558e-03 9.999701e-01 -4.229238e-02
9.999828e-01 -4.671055e-03 -3.542118e-03 4.684841e+00 4.652952e-03 9.999763e-01 -5.101876e-03 2.471947e-03 3.565865e-03 5.085307e-03 9.999807e-01 -6.076998e-02
9.999763e-01 -5.588404e-03 -4.008519e-03 5.432757e+00 5.575616e-03 9.999795e-01 -3.194427e-03 6.103515e-03 4.026288e-03 3.172002e-03 9.999869e-01 -4.826475e-02
9.999610e-01 -6.688103e-03 -5.771638e-03 6.185259e+00 6.685393e-03 9.999776e-01 -4.886318e-04 5.580639e-03 5.774776e-03 4.500270e-04 9.999833e-01 -6.632570e-02
9.999498e-01 -7.863205e-03 -6.205074e-03 6.939785e+00 7.855244e-03 9.999683e-01 -1.306372e-03 1.138852e-02 6.215150e-03 1.257564e-03 9.999799e-01 -5.884531e-02
9.999424e-01 -8.882144e-03 -6.026498e-03 7.710760e+00 8.873545e-03 9.999596e-01 -1.452355e-03 1.561410e-02 6.039154e-03 1.398795e-03 9.999808e-01 -8.130191e-02
9.999316e-01 -1.008095e-02 -5.936911e-03 8.477899e+00 1.007411e-02 9.999485e-01 -1.182129e-03 1.508029e-02 5.948523e-03 1.122240e-03 9.999817e-01 -8.131797e-02
9.999241e-01 -1.067249e-02 -6.161680e-03 9.259719e+00 1.067160e-02 9.999429e-01 -1.768900e-04 1.820927e-02 6.163217e-03 1.111215e-04 9.999810e-01 -1.008991e-01
9.999022e-01 -1.185343e-02 -7.426842e-03 1.003973e+01 1.185198e-02 9.999298e-01 -2.404014e-04 1.768636e-02 7.429169e-03 1.523551e-04 9.999724e-01 -1.012031e-01
9.998946e-01 -1.283209e-02 -6.790387e-03 1.082718e+01 1.282933e-02 9.999177e-01 -4.492877e-04 2.504302e-02 6.795593e-03 3.621242e-04 9.999769e-01 -1.094216e-01
9.998846e-01 -1.362938e-02 -6.712354e-03 1.161086e+01 1.363587e-02 9.999067e-01 9.226036e-04 1.807872e-02 6.699153e-03 -1.014026e-03 9.999771e-01 -1.323679e-01
9.998720e-01 -1.482970e-02 -6.013051e-03 1.241438e+01 1.483527e-02 9.998895e-01 8.827704e-04 3.247607e-02 5.999296e-03 -9.718626e-04 9.999815e-01 -1.240639e-01
9.998627e-01 -1.562778e-02 -5.508837e-03 1.321260e+01 1.562748e-02 9.998778e-01 -9.625901e-05 3.850456e-02 5.509669e-03 1.015653e-05 9.999848e-01 -1.511748e-01
9.998438e-01 -1.665053e-02 -5.933560e-03 1.400730e+01 1.662601e-02 9.998530e-01 -4.157826e-03 4.787968e-02 6.001919e-03 4.058525e-03 9.999738e-01 -1.497341e-01
9.998228e-01 -1.773348e-02 -6.319554e-03 1.481304e+01 1.770484e-02 9.998329e-01 -4.560661e-03 4.213143e-02 6.399374e-03 4.447966e-03 9.999696e-01 -1.706515e-01
9.997963e-01 -1.895239e-02 -6.944397e-03 1.564094e+01 1.892707e-02 9.998140e-01 -3.694211e-03 4.895644e-02 7.013120e-03 3.562022e-03 9.999691e-01 -1.656246e-01
9.997801e-01 -1.987059e-02 -6.704092e-03 1.644853e+01 1.986574e-02 9.998022e-01 -7.893821e-04 6.443664e-02 6.718453e-03 6.560268e-04 9.999772e-01 -1.786202e-01
9.997598e-01 -2.041933e-02 -7.960720e-03 1.725361e+01 2.041646e-02 9.997914e-01 -4.412816e-04 6.153454e-02 7.968070e-03 2.786458e-04 9.999682e-01 -1.955431e-01
9.997439e-01 -2.103316e-02 -8.355265e-03 1.807123e+01 2.102540e-02 9.997785e-01 -1.015180e-03 7.137460e-02 8.374766e-03 8.392469e-04 9.999646e-01 -1.972492e-01
9.997245e-01 -2.168547e-02 -8.979688e-03 1.887410e+01 2.167042e-02 9.997637e-01 -1.770469e-03 7.998419e-02 9.015960e-03 1.575388e-03 9.999581e-01 -2.053047e-01
9.997144e-01 -2.258154e-02 -7.817396e-03 1.969705e+01 2.256390e-02 9.997427e-01 -2.337892e-03 9.985670e-02 7.868177e-03 2.160833e-03 9.999667e-01 -2.147329e-01
9.997106e-01 -2.275433e-02 -7.814477e-03 2.050220e+01 2.273328e-02 9.997377e-01 -2.772081e-03 1.065303e-01 7.875505e-03 2.593630e-03 9.999656e-01 -2.295140e-01
9.997075e-01 -2.304921e-02 -7.320827e-03 2.130103e+01 2.302807e-02 9.997305e-01 -2.958898e-03 1.141526e-01 7.387055e-03 2.789448e-03 9.999688e-01 -2.473468e-01
9.996993e-01 -2.341451e-02 -7.289676e-03 2.209702e+01 2.339337e-02 9.997219e-01 -2.971354e-03 1.231610e-01 7.357222e-03 2.799930e-03 9.999690e-01 -2.529623e-01
9.997009e-01 -2.342089e-02 -7.041477e-03 2.290073e+01 2.340421e-02 9.997232e-01 -2.442424e-03 1.314224e-01 7.096730e-03 2.276894e-03 9.999722e-01 -2.716944e-01
9.996964e-01 -2.329908e-02 -8.012290e-03 2.371250e+01 2.327635e-02 9.997249e-01 -2.918764e-03 1.463060e-01 8.078090e-03 2.731381e-03 9.999636e-01 -2.669986e-01
9.997017e-01 -2.296539e-02 -8.309502e-03 2.450981e+01 2.294692e-02 9.997340e-01 -2.310811e-03 1.584072e-01 8.360360e-03 2.119444e-03 9.999628e-01 -2.953047e-01
9.997095e-01 -2.269956e-02 -8.098112e-03 2.530017e+01 2.267593e-02 9.997383e-01 -2.997607e-03 1.627341e-01 8.164039e-03 2.813104e-03 9.999627e-01 -2.858195e-01
9.997308e-01 -2.177474e-02 -8.010863e-03 2.609177e+01 2.175444e-02 9.997600e-01 -2.612916e-03 1.714519e-01 8.065836e-03 2.437941e-03 9.999645e-01 -3.191803e-01
9.997308e-01 -2.145975e-02 -8.821987e-03 2.688484e+01 2.143270e-02 9.997653e-01 -3.149241e-03 1.825373e-01 8.887498e-03 2.959314e-03 9.999561e-01 -3.231640e-01
9.997314e-01 -2.158801e-02 -8.435043e-03 2.765779e+01 2.156705e-02 9.997640e-01 -2.568130e-03 1.843028e-01 8.488493e-03 2.385521e-03 9.999611e-01 -3.282387e-01
9.997430e-01 -2.109511e-02 -8.305629e-03 2.843744e+01 2.106828e-02 9.997725e-01 -3.304685e-03 1.978933e-01 8.373453e-03 3.128850e-03 9.999601e-01 -3.409849e-01
9.997572e-01 -2.074563e-02 -7.431269e-03 2.921445e+01 2.072304e-02 9.997804e-01 -3.104418e-03 2.059223e-01 7.494040e-03 2.949666e-03 9.999676e-01 -3.513780e-01
9.997544e-01 -2.075452e-02 -7.765444e-03 2.998143e+01 2.073357e-02 9.997813e-01 -2.768912e-03 2.178054e-01 7.821212e-03 2.607227e-03 9.999660e-01 -3.570459e-01
9.997706e-01 -2.014141e-02 -7.287998e-03 3.075515e+01 2.013837e-02 9.997970e-01 -4.896268e-04 2.232842e-01 7.296381e-03 3.427460e-04 9.999733e-01 -3.795890e-01
9.997597e-01 -2.056929e-02 -7.572931e-03 3.150939e+01 2.057429e-02 9.997880e-01 5.825204e-04 2.273423e-01 7.559345e-03 -7.381882e-04 9.999712e-01 -3.749290e-01
9.997650e-01 -2.059889e-02 -6.755414e-03 3.226770e+01 2.060142e-02 9.997877e-01 3.048471e-04 2.368535e-01 6.747701e-03 -4.439466e-04 9.999771e-01 -4.048501e-01
9.997725e-01 -2.055078e-02 -5.711512e-03 3.302322e+01 2.054799e-02 9.997886e-01 -5.460154e-04 2.432098e-01 5.721527e-03 4.285311e-04 9.999835e-01 -3.923203e-01
9.997647e-01 -2.057132e-02 -6.885747e-03 3.374426e+01 2.063628e-02 9.997419e-01 9.500001e-03 2.461731e-01 6.688542e-03 -9.639861e-03 9.999312e-01 -4.592933e-01
9.997073e-01 -2.143238e-02 -1.122046e-02 3.447177e+01 2.172535e-02 9.994079e-01 2.667395e-02 2.649494e-01 1.064213e-02 -2.690992e-02 9.995812e-01 -4.869885e-01
9.996491e-01 -2.292583e-02 -1.326916e-02 3.517948e+01 2.344422e-02 9.989115e-01 4.032874e-02 2.715176e-01 1.233015e-02 -4.062568e-02 9.990984e-01 -4.951896e-01
9.996289e-01 -2.462101e-02 -1.165536e-02 3.591284e+01 2.504198e-02 9.989839e-01 3.746711e-02 2.882926e-01 1.072104e-02 -3.774508e-02 9.992299e-01 -5.023956e-01
9.996275e-01 -2.434790e-02 -1.233316e-02 3.669151e+01 2.451888e-02 9.996026e-01 1.390737e-02 3.003570e-01 1.198965e-02 -1.420458e-02 9.998272e-01 -5.372130e-01
9.996351e-01 -2.420874e-02 -1.198493e-02 3.744276e+01 2.398651e-02 9.995438e-01 -1.835196e-02 3.114114e-01 1.242375e-02 1.805778e-02 9.997597e-01 -5.557132e-01
9.996296e-01 -2.441798e-02 -1.201576e-02 3.818798e+01 2.389740e-02 9.988439e-01 -4.171177e-02 3.174757e-01 1.302039e-02 4.140918e-02 9.990574e-01 -5.586098e-01
9.996542e-01 -2.472222e-02 -8.957116e-03 3.891311e+01 2.421481e-02 9.983058e-01 -5.290788e-02 3.412047e-01 1.024994e-02 5.267270e-02 9.985592e-01 -5.350395e-01
9.996860e-01 -2.488386e-02 -2.944146e-03 3.959256e+01 2.473062e-02 9.987282e-01 -4.393655e-02 3.515311e-01 4.033713e-03 4.384995e-02 9.990300e-01 -5.378233e-01
9.996862e-01 -2.503021e-02 -1.025315e-03 4.027759e+01 2.500276e-02 9.994611e-01 -2.126856e-02 3.337175e-01 1.557119e-03 2.123625e-02 9.997733e-01 -5.309856e-01
9.996741e-01 -2.552505e-02 -4.023429e-04 4.095842e+01 2.552461e-02 9.996737e-01 -1.051847e-03 3.513560e-01 4.290601e-04 1.041234e-03 9.999993e-01 -5.369077e-01
9.996493e-01 -2.622594e-02 -3.678016e-03 4.166070e+01 2.624736e-02 9.996381e-01 5.902632e-03 3.639124e-01 3.521883e-03 -5.997099e-03 9.999758e-01 -5.331638e-01
9.996193e-01 -2.681641e-02 -6.486536e-03 4.237846e+01 2.681523e-02 9.996403e-01 -2.691868e-04 3.761306e-01 6.491422e-03 9.514634e-05 9.999789e-01 -5.380259e-01
9.995954e-01 -2.807944e-02 -4.533967e-03 4.308703e+01 2.804992e-02 9.995856e-01 -6.447411e-03 3.859199e-01 4.713129e-03 6.317624e-03 9.999689e-01 -5.365891e-01
9.995703e-01 -2.923697e-02 -2.121192e-03 4.376829e+01 2.922538e-02 9.995587e-01 -5.302095e-03 4.016279e-01 2.275273e-03 5.237823e-03 9.999837e-01 -5.567154e-01
9.995566e-01 -2.975618e-02 -1.080772e-03 4.445680e+01 2.975526e-02 9.995569e-01 -8.570217e-04 4.099492e-01 1.105794e-03 8.244831e-04 9.999990e-01 -5.701208e-01
9.995144e-01 -3.115611e-02 -5.513764e-04 4.514231e+01 3.115663e-02 9.995140e-01 9.556913e-04 4.211061e-01 5.213328e-04 -9.724062e-04 9.999994e-01 -5.712950e-01
9.994824e-01 -3.215091e-02 -1.132988e-03 4.582439e+01 3.215080e-02 9.994830e-01 -1.110445e-04 4.451236e-01 1.135973e-03 7.456058e-05 9.999993e-01 -5.973633e-01
9.994467e-01 -3.322440e-02 -1.517892e-03 4.652272e+01 3.322059e-02 9.994450e-01 -2.469352e-03 4.541271e-01 1.599093e-03 2.417560e-03 9.999958e-01 -5.942884e-01
9.994034e-01 -3.453316e-02 -6.443243e-04 4.720045e+01 3.453221e-02 9.994025e-01 -1.441015e-03 4.656870e-01 6.937022e-04 1.417905e-03 9.999987e-01 -6.005390e-01
9.993554e-01 -3.588438e-02 1.008436e-03 4.786668e+01 3.588440e-02 9.993558e-01 -2.754750e-06 4.866244e-01 -1.007687e-03 3.894009e-05 9.999995e-01 -6.210183e-01
9.993178e-01 -3.690551e-02 1.370381e-03 4.855230e+01 3.690392e-02 9.993181e-01 1.169022e-03 5.027419e-01 -1.412590e-03 -1.117652e-03 9.999984e-01 -6.213731e-01
9.992752e-01 -3.806134e-02 -6.227538e-04 4.924017e+01 3.806121e-02 9.992756e-01 -2.157055e-04 5.284795e-01 6.305125e-04 1.918464e-04 9.999998e-01 -6.340561e-01
9.992313e-01 -3.920136e-02 3.992046e-05 4.991196e+01 3.920138e-02 9.992307e-01 -1.170892e-03 5.479959e-01 6.010809e-06 1.171557e-03 9.999993e-01 -6.470325e-01
9.991795e-01 -4.050006e-02 -2.921814e-04 5.059599e+01 4.049952e-02 9.991781e-01 -1.663586e-03 5.704569e-01 3.593166e-04 1.650388e-03 9.999986e-01 -6.543810e-01
9.991226e-01 -4.185239e-02 1.567576e-03 5.126155e+01 4.185455e-02 9.991227e-01 -1.373777e-03 5.957335e-01 -1.508705e-03 1.438182e-03 9.999979e-01 -6.572607e-01
9.990748e-01 -4.300449e-02 2.948544e-04 5.191685e+01 4.300457e-02 9.990748e-01 -2.637386e-04 6.037854e-01 -2.832396e-04 2.761747e-04 9.999999e-01 -6.850669e-01
9.990131e-01 -4.441221e-02 6.236715e-04 5.261455e+01 4.441223e-02 9.990133e-01 -8.478980e-06 6.468182e-01 -6.226795e-04 3.616925e-05 9.999998e-01 -6.890019e-01
9.989601e-01 -4.559402e-02 -3.521382e-05 5.329259e+01 4.559404e-02 9.989599e-01 4.681305e-04 6.760916e-01 1.383324e-05 -4.692492e-04 9.999999e-01 -6.991193e-01
9.989234e-01 -4.638905e-02 4.706534e-04 5.396907e+01 4.638839e-02 9.989226e-01 1.333151e-03 6.915391e-01 -5.319899e-04 -1.309883e-03 9.999990e-01 -7.150506e-01
9.988770e-01 -4.737753e-02 -4.103027e-04 5.464492e+01 4.737848e-02 9.988731e-01 2.765513e-03 7.302958e-01 2.788172e-04 -2.781847e-03 9.999961e-01 -7.218098e-01
9.988660e-01 -4.760907e-02 -4.642674e-04 5.532139e+01 4.761000e-02 9.988635e-01 2.251522e-03 7.541545e-01 3.565469e-04 -2.271072e-03 9.999974e-01 -7.284624e-01
9.988648e-01 -4.763544e-02 -2.955339e-04 5.601591e+01 4.763615e-02 9.988595e-01 3.246655e-03 7.820929e-01 1.405411e-04 -3.257047e-03 9.999947e-01 -7.458069e-01
9.988697e-01 -4.753302e-02 -5.908972e-05 5.669522e+01 4.753299e-02 9.988650e-01 3.007012e-03 7.851284e-01 -8.390973e-05 -3.006422e-03 9.999955e-01 -7.487004e-01
9.988564e-01 -4.779096e-02 1.402953e-03 5.740033e+01 4.778539e-02 9.988503e-01 3.766405e-03 8.175116e-01 -1.581341e-03 -3.695057e-03 9.999919e-01 -7.618763e-01
9.988375e-01 -4.818429e-02 1.386135e-03 5.809675e+01 4.817717e-02 9.988272e-01 4.775354e-03 8.469416e-01 -1.614606e-03 -4.703023e-03 9.999877e-01 -7.793608e-01
9.988205e-01 -4.850667e-02 2.177781e-03 5.879836e+01 4.849632e-02 9.988128e-01 4.579612e-03 8.637755e-01 -2.397338e-03 -4.468595e-03 9.999871e-01 -7.881605e-01
9.987979e-01 -4.894562e-02 2.662494e-03 5.949831e+01 4.893507e-02 9.987946e-01 3.894211e-03 8.931069e-01 -2.849888e-03 -3.759240e-03 9.999889e-01 -8.040093e-01
9.987602e-01 -4.966628e-02 3.378726e-03 6.020519e+01 4.965264e-02 9.987587e-01 4.008829e-03 9.310682e-01 -3.573635e-03 -3.836096e-03 9.999862e-01 -8.197042e-01
9.987280e-01 -5.034799e-02 2.723771e-03 6.092200e+01 5.033576e-02 9.987228e-01 4.385088e-03 9.617891e-01 -2.941072e-03 -4.242407e-03 9.999866e-01 -8.287333e-01
9.986736e-01 -5.135765e-02 3.683971e-03 6.161723e+01 5.134119e-02 9.986713e-01 4.429469e-03 9.841104e-01 -3.906564e-03 -4.234454e-03 9.999834e-01 -8.333712e-01
9.986157e-01 -5.250227e-02 3.195119e-03 6.233725e+01 5.248880e-02 9.986129e-01 4.166305e-03 1.011719e+00 -3.409428e-03 -3.992829e-03 9.999862e-01 -8.555472e-01
9.985300e-01 -5.406617e-02 3.819554e-03 6.305128e+01 5.405408e-02 9.985328e-01 3.200863e-03 1.049576e+00 -3.987009e-03 -2.989696e-03 9.999876e-01 -8.580959e-01
9.984106e-01 -5.618695e-02 4.383752e-03 6.376166e+01 5.617487e-02 9.984169e-01 2.830593e-03 1.088239e+00 -4.535854e-03 -2.579838e-03 9.999864e-01 -8.866771e-01
9.982706e-01 -5.861779e-02 4.434248e-03 6.448544e+01 5.860374e-02 9.982761e-01 3.234338e-03 1.120991e+00 -4.616193e-03 -2.968881e-03 9.999849e-01 -8.841085e-01
9.981340e-01 -6.091083e-02 4.300212e-03 6.520170e+01 6.089588e-02 9.981378e-01 3.524800e-03 1.162381e+00 -4.506904e-03 -3.256358e-03 9.999846e-01 -9.110330e-01
9.980028e-01 -6.302851e-02 4.222082e-03 6.591948e+01 6.301692e-02 9.980085e-01 2.826099e-03 1.202327e+00 -4.391799e-03 -2.554392e-03 9.999871e-01 -9.100031e-01
9.978599e-01 -6.524491e-02 4.321540e-03 6.664999e+01 6.523494e-02 9.978671e-01 2.409869e-03 1.242825e+00 -4.469554e-03 -2.122796e-03 9.999878e-01 -9.293922e-01
9.977000e-01 -6.765081e-02 4.255185e-03 6.737890e+01 6.764242e-02 9.977074e-01 2.087222e-03 1.287607e+00 -4.386632e-03 -1.794591e-03 9.999888e-01 -9.457967e-01
9.975529e-01 -6.974969e-02 4.825646e-03 6.809081e+01 6.974060e-02 9.975631e-01 2.026012e-03 1.322288e+00 -4.955200e-03 -1.684510e-03 9.999863e-01 -9.500245e-01
9.974366e-01 -7.135352e-02 5.369617e-03 6.880511e+01 7.133629e-02 9.974467e-01 3.335209e-03 1.375545e+00 -5.593886e-03 -2.943611e-03 9.999800e-01 -9.732277e-01
9.974025e-01 -7.191403e-02 4.061656e-03 6.951723e+01 7.190000e-02 9.974055e-01 3.503268e-03 1.419348e+00 -4.303053e-03 -3.202136e-03 9.999856e-01 -9.777777e-01
9.973435e-01 -7.268198e-02 4.826540e-03 7.024052e+01 7.266404e-02 9.973493e-01 3.792928e-03 1.457953e+00 -5.089424e-03 -3.432136e-03 9.999812e-01 -9.887599e-01
9.972808e-01 -7.356002e-02 4.469408e-03 7.095746e+01 7.355300e-02 9.972899e-01 1.715072e-03 1.512288e+00 -4.583456e-03 -1.381670e-03 9.999886e-01 -1.004299e+00
9.972571e-01 -7.344768e-02 9.148458e-03 7.164050e+01 7.340915e-02 9.972919e-01 4.479165e-03 1.543386e+00 -9.452667e-03 -3.795299e-03 9.999481e-01 -1.033561e+00
9.971817e-01 -7.445626e-02 9.216412e-03 7.232347e+01 7.430688e-02 9.971133e-01 1.560946e-02 1.592994e+00 -1.035203e-02 -1.488062e-02 9.998357e-01 -1.059108e+00
9.970746e-01 -7.576457e-02 1.009563e-02 7.301339e+01 7.544210e-02 9.967225e-01 2.920552e-02 1.625186e+00 -1.227529e-02 -2.835844e-02 9.995224e-01 -1.073755e+00
9.969972e-01 -7.723508e-02 5.590020e-03 7.371881e+01 7.699219e-02 9.964099e-01 3.520552e-02 1.671673e+00 -8.289053e-03 -3.466943e-02 9.993644e-01 -1.107072e+00
9.968626e-01 -7.903241e-02 4.345699e-03 7.443242e+01 7.890423e-02 9.965847e-01 2.434995e-02 1.725979e+00 -6.255293e-03 -2.393067e-02 9.996940e-01 -1.121194e+00
9.967764e-01 -8.022237e-02 1.092861e-03 7.514939e+01 8.022055e-02 9.967760e-01 1.621891e-03 1.787421e+00 -1.219450e-03 -1.528992e-03 9.999981e-01 -1.138580e+00
9.966881e-01 -8.130982e-02 1.212527e-03 7.586954e+01 8.131660e-02 9.964384e-01 -2.231862e-02 1.845488e+00 6.065142e-04 2.234330e-02 9.997502e-01 -1.148972e+00
9.966112e-01 -8.220989e-02 2.776433e-03 7.656950e+01 8.225672e-02 9.960145e-01 -3.448426e-02 1.880965e+00 6.957981e-05 3.459578e-02 9.994014e-01 -1.144547e+00
9.965304e-01 -8.300593e-02 6.104401e-03 7.723725e+01 8.317126e-02 9.959011e-01 -3.554787e-02 1.949904e+00 -3.128695e-03 3.593225e-02 9.993494e-01 -1.144229e+00
9.964461e-01 -8.395177e-02 6.883067e-03 7.789358e+01 8.407845e-02 9.962413e-01 -2.083494e-02 1.997439e+00 -5.108065e-03 2.133962e-02 9.997593e-01 -1.142359e+00
9.963072e-01 -8.558447e-02 6.876427e-03 7.856637e+01 8.561689e-02 9.963177e-01 -4.568026e-03 2.042583e+00 -6.460154e-03 5.139895e-03 9.999659e-01 -1.139429e+00
9.961587e-01 -8.722390e-02 7.734491e-03 7.923727e+01 8.715755e-02 9.961580e-01 8.536924e-03 2.088376e+00 -8.449399e-03 -7.830011e-03 9.999337e-01 -1.148217e+00
9.960836e-01 -8.836644e-02 2.960542e-03 7.992941e+01 8.834317e-02 9.960638e-01 7.238540e-03 2.139376e+00 -3.588533e-03 -6.948648e-03 9.999694e-01 -1.146784e+00
9.959700e-01 -8.960231e-02 3.898262e-03 8.062160e+01 8.960360e-02 9.959774e-01 -1.569699e-04 2.199364e+00 -3.868516e-03 5.056356e-04 9.999924e-01 -1.171650e+00
9.958416e-01 -9.109371e-02 1.165961e-03 8.131065e+01 9.109957e-02 9.958185e-01 -6.815913e-03 2.258615e+00 -5.401988e-04 6.893788e-03 9.999761e-01 -1.165156e+00
9.957270e-01 -9.229645e-02 3.017717e-03 8.197023e+01 9.231520e-02 9.957066e-01 -6.812524e-03 2.320198e+00 -2.375989e-03 7.061996e-03 9.999722e-01 -1.184037e+00
9.956143e-01 -9.354457e-02 1.282413e-03 8.264793e+01 9.354887e-02 9.956073e-01 -3.850423e-03 2.377670e+00 -9.165931e-04 3.953504e-03 9.999918e-01 -1.199974e+00
9.955255e-01 -9.444291e-02 3.073926e-03 8.331235e+01 9.444787e-02 9.955286e-01 -1.512921e-03 2.428309e+00 -2.917297e-03 1.796477e-03 9.999942e-01 -1.202886e+00
9.954048e-01 -9.574756e-02 1.258756e-03 8.397688e+01 9.574942e-02 9.954042e-01 -1.517927e-03 2.494789e+00 -1.107633e-03 1.631477e-03 9.999980e-01 -1.203688e+00
9.953298e-01 -9.650883e-02 2.163764e-03 8.465961e+01 9.651668e-02 9.953238e-01 -3.879052e-03 2.546885e+00 -1.779283e-03 4.069776e-03 9.999902e-01 -1.214736e+00
9.952141e-01 -9.766819e-02 3.128043e-03 8.531595e+01 9.768052e-02 9.952095e-01 -4.065125e-03 2.615761e+00 -2.716024e-03 4.351219e-03 9.999868e-01 -1.219959e+00
9.951413e-01 -9.834483e-02 4.691344e-03 8.599162e+01 9.836351e-02 9.951429e-01 -3.933416e-03 2.661385e+00 -4.281726e-03 4.375761e-03 9.999813e-01 -1.231648e+00
9.950276e-01 -9.945062e-02 5.442292e-03 8.666068e+01 9.946856e-02 9.950358e-01 -3.131353e-03 2.735637e+00 -5.103861e-03 3.657119e-03 9.999803e-01 -1.250856e+00
9.949395e-01 -1.003252e-01 5.493850e-03 8.731957e+01 1.003391e-01 9.949505e-01 -2.324245e-03 2.787202e+00 -5.232929e-03 2.863732e-03 9.999822e-01 -1.247535e+00
9.947878e-01 -1.017185e-01 7.111200e-03 8.799973e+01 1.017391e-01 9.948078e-01 -2.587843e-03 2.843327e+00 -6.811045e-03 3.297841e-03 9.999714e-01 -1.253817e+00
9.946388e-01 -1.029621e-01 9.617716e-03 8.867198e+01 1.029927e-01 9.946783e-01 -2.741402e-03 2.907033e+00 -9.284273e-03 3.717260e-03 9.999500e-01 -1.262638e+00
9.945551e-01 -1.036986e-01 1.033042e-02 8.932695e+01 1.037287e-01 9.946028e-01 -2.421631e-03 2.972142e+00 -1.002355e-02 3.480006e-03 9.999437e-01 -1.279618e+00
9.944281e-01 -1.049622e-01 9.783828e-03 9.000079e+01 1.049802e-01 9.944735e-01 -1.341485e-03 3.041513e+00 -9.588950e-03 2.361119e-03 9.999512e-01 -1.290140e+00
9.943463e-01 -1.058798e-01 8.060004e-03 9.067345e+01 1.058906e-01 9.943774e-01 -9.145507e-04 3.104717e+00 -7.917852e-03 1.762858e-03 9.999671e-01 -1.314849e+00
9.942200e-01 -1.071822e-01 6.204027e-03 9.136507e+01 1.071751e-01 9.942391e-01 1.474353e-03 3.173001e+00 -6.326311e-03 -8.009147e-04 9.999797e-01 -1.303361e+00
9.940900e-01 -1.085346e-01 2.302747e-03 9.205438e+01 1.085286e-01 9.940901e-01 2.599470e-03 3.245965e+00 -2.571271e-03 -2.334193e-03 9.999940e-01 -1.307716e+00
9.939432e-01 -1.098387e-01 3.529132e-03 9.274621e+01 1.098313e-01 9.939479e-01 2.244197e-03 3.307744e+00 -3.754273e-03 -1.842995e-03 9.999912e-01 -1.338343e+00
9.938374e-01 -1.108221e-01 2.379331e-03 9.345551e+01 1.108173e-01 9.938388e-01 2.044822e-03 3.388676e+00 -2.591282e-03 -1.768549e-03 9.999951e-01 -1.329854e+00
9.937245e-01 -1.118499e-01 1.109561e-03 9.415546e+01 1.118508e-01 9.937246e-01 -7.726114e-04 3.466027e+00 -1.016182e-03 8.918680e-04 9.999991e-01 -1.357883e+00
9.936184e-01 -1.127530e-01 -3.035805e-03 9.487396e+01 1.127521e-01 9.936230e-01 -4.488173e-04 3.544256e+00 3.067051e-03 1.036597e-04 9.999953e-01 -1.369704e+00
9.934065e-01 -1.145992e-01 -3.229372e-03 9.559892e+01 1.145968e-01 9.934117e-01 -9.207921e-04 3.625859e+00 3.313618e-03 5.446450e-04 9.999943e-01 -1.336241e+00
9.932786e-01 -1.157416e-01 -1.261482e-03 9.630865e+01 1.157436e-01 9.932777e-01 1.718734e-03 3.691945e+00 1.054073e-03 -1.853190e-03 9.999977e-01 -1.377512e+00
9.931206e-01 -1.170957e-01 4.665739e-05 9.704187e+01 1.170956e-01 9.931197e-01 1.362585e-03 3.762290e+00 -2.058893e-04 -1.347748e-03 9.999990e-01 -1.369650e+00
9.930636e-01 -1.175780e-01 4.054580e-04 9.777004e+01 1.175771e-01 9.930623e-01 1.715412e-03 3.845634e+00 -6.043398e-04 -1.655840e-03 9.999985e-01 -1.407713e+00
9.929080e-01 -1.188786e-01 -1.249362e-03 9.851568e+01 1.188792e-01 9.929086e-01 4.278780e-04 3.929597e+00 1.189637e-03 -5.733668e-04 9.999991e-01 -1.402352e+00
9.928215e-01 -1.196043e-01 -5.720630e-04 9.926829e+01 1.196037e-01 9.928212e-01 -9.314754e-04 4.009034e+00 6.793647e-04 8.563680e-04 9.999994e-01 -1.396959e+00
9.926617e-01 -1.209244e-01 5.306755e-05 1.000031e+02 1.209243e-01 9.926604e-01 -1.660468e-03 4.083451e+00 1.481131e-04 1.654700e-03 9.999986e-01 -1.426677e+00
9.925597e-01 -1.217558e-01 9.083627e-04 1.007517e+02 1.217571e-01 9.925588e-01 -1.451336e-03 4.173981e+00 -7.248948e-04 1.551137e-03 9.999985e-01 -1.434361e+00
9.924302e-01 -1.228102e-01 -2.929168e-04 1.015090e+02 1.228098e-01 9.924296e-01 -1.144267e-03 4.258721e+00 4.312269e-04 1.099632e-03 9.999993e-01 -1.451992e+00
9.922537e-01 -1.242270e-01 -4.120914e-04 1.022504e+02 1.242271e-01 9.922538e-01 3.126815e-04 4.345360e+00 3.700557e-04 -3.614523e-04 9.999999e-01 -1.444095e+00
9.920906e-01 -1.255232e-01 -3.983054e-04 1.029835e+02 1.255233e-01 9.920908e-01 1.397717e-04 4.433476e+00 3.776105e-04 -1.886628e-04 9.999999e-01 -1.458959e+00
9.919341e-01 -1.267390e-01 1.990838e-03 1.037314e+02 1.267401e-01 9.919357e-01 -4.401855e-04 4.513445e+00 -1.918995e-03 6.889541e-04 9.999979e-01 -1.472115e+00
9.917728e-01 -1.279873e-01 2.462830e-03 1.044499e+02 1.279894e-01 9.917752e-01 -7.410914e-04 4.603489e+00 -2.347724e-03 1.050210e-03 9.999967e-01 -1.492759e+00
9.915735e-01 -1.295182e-01 2.675038e-03 1.051863e+02 1.295185e-01 9.915770e-01 6.662612e-05 4.693216e+00 -2.661135e-03 2.804022e-04 9.999964e-01 -1.502630e+00
9.913292e-01 -1.314012e-01 4.405591e-04 1.058988e+02 1.314007e-01 9.913290e-01 9.845624e-04 4.779774e+00 -5.661116e-04 -9.181357e-04 9.999994e-01 -1.512969e+00
9.911607e-01 -1.326106e-01 3.853441e-03 1.066020e+02 1.326037e-01 9.911671e-01 2.007004e-03 4.877537e+00 -4.085554e-03 -1.478283e-03 9.999906e-01 -1.538171e+00
9.909413e-01 -1.342926e-01 8.727431e-04 1.073052e+02 1.342678e-01 9.908483e-01 1.384552e-02 4.968220e+00 -2.724107e-03 -1.360292e-02 9.999037e-01 -1.546934e+00
9.906851e-01 -1.361727e-01 -2.303522e-04 1.079993e+02 1.361275e-01 9.903097e-01 2.749675e-02 5.068265e+00 -3.516186e-03 -2.727197e-02 9.996219e-01 -1.577476e+00
9.903889e-01 -1.383101e-01 -3.239489e-04 1.086860e+02 1.382300e-01 9.897300e-01 3.642408e-02 5.136459e+00 -4.717195e-03 -3.611878e-02 9.993364e-01 -1.594030e+00
9.900914e-01 -1.404002e-01 -2.598827e-03 1.093976e+02 1.404154e-01 9.896510e-01 2.957079e-02 5.234533e+00 -1.579814e-03 -2.964270e-02 9.995593e-01 -1.641964e+00
9.900526e-01 -1.406053e-01 -5.104783e-03 1.101142e+02 1.406368e-01 9.900402e-01 6.446580e-03 5.313968e+00 4.147517e-03 -7.100373e-03 9.999662e-01 -1.649549e+00
9.898010e-01 -1.423744e-01 -4.852818e-03 1.108389e+02 1.422686e-01 9.896694e-01 -1.771594e-02 5.416620e+00 7.324982e-03 1.684485e-02 9.998313e-01 -1.641511e+00
9.895574e-01 -1.441286e-01 -1.777088e-03 1.115376e+02 1.439714e-01 9.889232e-01 -3.609572e-02 5.523557e+00 6.959829e-03 3.546293e-02 9.993467e-01 -1.652875e+00
9.895058e-01 -1.444859e-01 1.424672e-03 1.122133e+02 1.443975e-01 9.884461e-01 -4.608093e-02 5.614008e+00 5.249833e-03 4.580307e-02 9.989367e-01 -1.659290e+00
9.893541e-01 -1.454539e-01 4.654631e-03 1.128975e+02 1.455194e-01 9.884325e-01 -4.272256e-02 5.712654e+00 1.613374e-03 4.294508e-02 9.990761e-01 -1.624551e+00
9.891344e-01 -1.468265e-01 7.430268e-03 1.135585e+02 1.469766e-01 9.887620e-01 -2.733773e-02 5.804642e+00 -3.332864e-03 2.813276e-02 9.995986e-01 -1.626274e+00
9.889773e-01 -1.478465e-01 8.084317e-03 1.142024e+02 1.479240e-01 9.889481e-01 -1.001539e-02 5.886858e+00 -6.514229e-03 1.110086e-02 9.999171e-01 -1.630299e+00
9.888538e-01 -1.487557e-01 6.317111e-03 1.148665e+02 1.487454e-01 9.888735e-01 2.064793e-03 5.980415e+00 -6.553972e-03 -1.102137e-03 9.999779e-01 -1.627488e+00
9.886547e-01 -1.501938e-01 1.895678e-03 1.155505e+02 1.501896e-01 9.886547e-01 2.189365e-03 6.071970e+00 -2.203000e-03 -1.879815e-03 9.999958e-01 -1.643260e+00
9.885147e-01 -1.511196e-01 1.219023e-03 1.162130e+02 1.511236e-01 9.885044e-01 -4.554945e-03 6.172510e+00 -5.166680e-04 4.686853e-03 9.999889e-01 -1.637262e+00
9.882941e-01 -1.525399e-01 2.523440e-03 1.168721e+02 1.525571e-01 9.882504e-01 -9.370569e-03 6.260952e+00 -1.064404e-03 9.645848e-03 9.999529e-01 -1.645990e+00
9.882172e-01 -1.529661e-01 5.311055e-03 1.175380e+02 1.530091e-01 9.881842e-01 -8.944250e-03 6.356002e+00 -3.880134e-03 9.651502e-03 9.999459e-01 -1.660577e+00
9.881180e-01 -1.536495e-01 3.824772e-03 1.181804e+02 1.536742e-01 9.880942e-01 -7.348325e-03 6.457834e+00 -2.650169e-03 7.848781e-03 9.999657e-01 -1.668753e+00
9.879823e-01 -1.545206e-01 3.792942e-03 1.188440e+02 1.545383e-01 9.879744e-01 -4.951932e-03 6.550840e+00 -2.982154e-03 5.478576e-03 9.999806e-01 -1.674466e+00
9.878816e-01 -1.551839e-01 2.812222e-03 1.194971e+02 1.551978e-01 9.878671e-01 -5.666757e-03 6.637765e+00 -1.898713e-03 6.034535e-03 9.999800e-01 -1.670148e+00
9.878488e-01 -1.553688e-01 3.926579e-03 1.201261e+02 1.553926e-01 9.878297e-01 -6.743576e-03 6.736909e+00 -2.831051e-03 7.271794e-03 9.999695e-01 -1.690441e+00
9.879898e-01 -1.544895e-01 3.009460e-03 1.207712e+02 1.545104e-01 9.879516e-01 -8.841821e-03 6.827539e+00 -1.607233e-03 9.200622e-03 9.999564e-01 -1.686194e+00
9.882491e-01 -1.528123e-01 3.489377e-03 1.214085e+02 1.528400e-01 9.882007e-01 -9.963952e-03 6.925734e+00 -1.925590e-03 1.038018e-02 9.999443e-01 -1.700107e+00
9.885718e-01 -1.507313e-01 2.429789e-03 1.220484e+02 1.507480e-01 9.885238e-01 -9.796786e-03 7.016893e+00 -9.252218e-04 1.005111e-02 9.999490e-01 -1.694757e+00
9.889829e-01 -1.479947e-01 3.225129e-03 1.226858e+02 1.480175e-01 9.889468e-01 -8.667523e-03 7.095264e+00 -1.906734e-03 9.049408e-03 9.999573e-01 -1.716357e+00
9.893816e-01 -1.453200e-01 2.492609e-03 1.233133e+02 1.453350e-01 9.893531e-01 -7.647378e-03 7.175258e+00 -1.354753e-03 7.928438e-03 9.999676e-01 -1.706525e+00
9.897953e-01 -1.424844e-01 1.865469e-03 1.239449e+02 1.424943e-01 9.897690e-01 -7.260056e-03 7.255647e+00 -8.119384e-04 7.451789e-03 9.999719e-01 -1.724513e+00
9.901532e-01 -1.399764e-01 1.813240e-03 1.245816e+02 1.399862e-01 9.901247e-01 -7.551412e-03 7.337007e+00 -7.383135e-04 7.730884e-03 9.999698e-01 -1.715967e+00
9.905312e-01 -1.372753e-01 1.847835e-03 1.252049e+02 1.372857e-01 9.905005e-01 -7.849827e-03 7.422629e+00 -7.526940e-04 8.029180e-03 9.999675e-01 -1.730875e+00
9.909671e-01 -1.341017e-01 9.772140e-04 1.258431e+02 1.341049e-01 9.909221e-01 -9.440492e-03 7.491745e+00 2.976430e-04 9.486266e-03 9.999549e-01 -1.732696e+00
9.913601e-01 -1.311679e-01 4.877946e-04 1.264715e+02 1.311661e-01 9.913086e-01 -1.013226e-02 7.563659e+00 8.454729e-04 1.010870e-02 9.999486e-01 -1.741752e+00
9.917063e-01 -1.285242e-01 3.189033e-04 1.270948e+02 1.285211e-01 9.916574e-01 -9.882634e-03 7.652720e+00 9.539149e-04 9.841655e-03 9.999511e-01 -1.737951e+00
9.920954e-01 -1.254855e-01 -1.850956e-04 1.277209e+02 1.254791e-01 9.920578e-01 -8.729490e-03 7.711844e+00 1.279050e-03 8.637262e-03 9.999619e-01 -1.749254e+00
9.924746e-01 -1.224503e-01 3.686832e-04 1.283538e+02 1.224494e-01 9.924433e-01 -7.891019e-03 7.784499e+00 6.003608e-04 7.876781e-03 9.999688e-01 -1.753819e+00
9.927905e-01 -1.198595e-01 -7.945835e-04 1.289761e+02 1.198498e-01 9.927616e-01 -7.779472e-03 7.854589e+00 1.721276e-03 7.628155e-03 9.999694e-01 -1.751944e+00
9.931060e-01 -1.172172e-01 -7.262187e-04 1.295993e+02 1.172069e-01 9.930708e-01 -8.516382e-03 7.923017e+00 1.719453e-03 8.372553e-03 9.999635e-01 -1.761224e+00
9.934107e-01 -1.146085e-01 -2.237722e-04 1.302120e+02 1.146011e-01 9.933654e-01 -9.569488e-03 7.983142e+00 1.319032e-03 9.480787e-03 9.999542e-01 -1.758110e+00
9.936393e-01 -1.126099e-01 1.501597e-04 1.308312e+02 1.126058e-01 9.935899e-01 -9.946990e-03 8.047605e+00 9.709320e-04 9.900629e-03 9.999505e-01 -1.767935e+00
9.938854e-01 -1.104163e-01 9.597105e-06 1.314416e+02 1.104108e-01 9.938346e-01 -1.011956e-02 8.106344e+00 1.107826e-03 1.005874e-02 9.999488e-01 -1.772359e+00
9.941100e-01 -1.083756e-01 -3.350910e-04 1.320525e+02 1.083678e-01 9.940672e-01 -9.311279e-03 8.166800e+00 1.342219e-03 9.220123e-03 9.999566e-01 -1.780210e+00
9.943143e-01 -1.064842e-01 4.966323e-04 1.326577e+02 1.064847e-01 9.942813e-01 -8.101753e-03 8.228365e+00 3.689166e-04 8.108572e-03 9.999670e-01 -1.780218e+00
9.944857e-01 -1.048712e-01 5.222658e-04 1.332674e+02 1.048722e-01 9.944580e-01 -7.417908e-03 8.283092e+00 2.585533e-04 7.431775e-03 9.999723e-01 -1.787738e+00
9.946329e-01 -1.034655e-01 4.897707e-04 1.338649e+02 1.034661e-01 9.946028e-01 -7.749350e-03 8.329577e+00 3.146628e-04 7.758433e-03 9.999698e-01 -1.791242e+00
9.947478e-01 -1.023548e-01 5.618921e-04 1.344730e+02 1.023559e-01 9.947137e-01 -8.233445e-03 8.401095e+00 2.838105e-04 8.247714e-03 9.999660e-01 -1.796951e+00
9.949053e-01 -1.008002e-01 1.676189e-03 1.350611e+02 1.008109e-01 9.948688e-01 -8.566017e-03 8.439284e+00 -8.041320e-04 8.691355e-03 9.999619e-01 -1.798658e+00
9.950280e-01 -9.955569e-02 2.804404e-03 1.356459e+02 9.957756e-02 9.949871e-01 -9.214439e-03 8.483326e+00 -1.872997e-03 9.447881e-03 9.999536e-01 -1.796524e+00
9.950560e-01 -9.922882e-02 4.144589e-03 1.362367e+02 9.926365e-02 9.950179e-01 -9.269606e-03 8.541851e+00 -3.204129e-03 9.635184e-03 9.999484e-01 -1.818884e+00
9.951077e-01 -9.848893e-02 7.783963e-03 1.368015e+02 9.854786e-02 9.951032e-01 -7.588736e-03 8.583293e+00 -6.998441e-03 8.318703e-03 9.999409e-01 -1.804057e+00
9.951255e-01 -9.852841e-02 4.171725e-03 1.373792e+02 9.856167e-02 9.950929e-01 -8.704972e-03 8.632571e+00 -3.293567e-03 9.073712e-03 9.999534e-01 -1.825953e+00
9.951698e-01 -9.787003e-02 7.656854e-03 1.379396e+02 9.792566e-02 9.951673e-01 -7.261912e-03 8.683659e+00 -6.909126e-03 7.976637e-03 9.999443e-01 -1.836256e+00
9.950876e-01 -9.849439e-02 9.971512e-03 1.384889e+02 9.851884e-02 9.951333e-01 -1.989702e-03 8.740523e+00 -9.727008e-03 2.962309e-03 9.999483e-01 -1.807591e+00
9.951602e-01 -9.796494e-02 7.689487e-03 1.390008e+02 9.786015e-02 9.951154e-01 1.299117e-02 8.785628e+00 -8.924605e-03 -1.217580e-02 9.998860e-01 -1.882120e+00
9.951617e-01 -9.807868e-02 5.809340e-03 1.395052e+02 9.789967e-02 9.948653e-01 2.566131e-02 8.831510e+00 -8.296339e-03 -2.496842e-02 9.996538e-01 -1.889840e+00
9.951557e-01 -9.828103e-02 2.452712e-03 1.400375e+02 9.814985e-02 9.946395e-01 3.254028e-02 8.876138e+00 -5.637657e-03 -3.214192e-02 9.994674e-01 -1.889035e+00
9.951189e-01 -9.858914e-02 4.313423e-03 1.405776e+02 9.843440e-02 9.947622e-01 2.754797e-02 8.917880e+00 -7.006760e-03 -2.698891e-02 9.996112e-01 -1.887773e+00
9.950154e-01 -9.922321e-02 9.955278e-03 1.411250e+02 9.906894e-02 9.949682e-01 1.494906e-02 8.946465e+00 -1.138848e-02 -1.388829e-02 9.998387e-01 -1.905139e+00
9.949818e-01 -9.976629e-02 7.610030e-03 1.416683e+02 9.983753e-02 9.949572e-01 -9.638495e-03 9.004110e+00 -6.610056e-03 1.034989e-02 9.999246e-01 -1.911483e+00
9.949532e-01 -1.000774e-01 7.252814e-03 1.422074e+02 1.002555e-01 9.944792e-01 -3.098078e-02 9.055272e+00 -4.112298e-03 3.155157e-02 9.994937e-01 -1.966072e+00
9.948428e-01 -1.014121e-01 1.821047e-03 1.427430e+02 1.013895e-01 9.938031e-01 -4.555786e-02 9.137655e+00 2.810356e-03 4.550755e-02 9.989600e-01 -1.944743e+00
9.947087e-01 -1.027343e-01 -6.294872e-04 1.432724e+02 1.025599e-01 9.933418e-01 -5.247179e-02 9.190276e+00 6.015949e-03 5.212959e-02 9.986222e-01 -1.920743e+00
9.945632e-01 -1.040842e-01 3.237094e-03 1.437872e+02 1.041116e-01 9.932109e-01 -5.188934e-02 9.231283e+00 2.185742e-03 5.194425e-02 9.986476e-01 -1.883056e+00
9.944320e-01 -1.049842e-01 9.130409e-03 1.442896e+02 1.052909e-01 9.934224e-01 -4.501014e-02 9.275311e+00 -4.344999e-03 4.572088e-02 9.989448e-01 -1.887283e+00
9.943435e-01 -1.055423e-01 1.190955e-02 1.447886e+02 1.058897e-01 9.938036e-01 -3.378551e-02 9.315866e+00 -8.269951e-03 3.485550e-02 9.993581e-01 -1.910483e+00
9.942815e-01 -1.061339e-01 1.182918e-02 1.452865e+02 1.063904e-01 9.940416e-01 -2.371423e-02 9.361702e+00 -9.241808e-03 2.483713e-02 9.996488e-01 -1.893083e+00
9.942729e-01 -1.067031e-01 5.982554e-03 1.457888e+02 1.067850e-01 9.941591e-01 -1.564462e-02 9.425195e+00 -4.278282e-03 1.619387e-02 9.998597e-01 -1.886457e+00
9.941742e-01 -1.077671e-01 1.950557e-03 1.463061e+02 1.077821e-01 9.941137e-01 -1.099307e-02 9.473627e+00 -7.543844e-04 1.113926e-02 9.999377e-01 -1.869787e+00
9.940361e-01 -1.090505e-01 5.642046e-04 1.468222e+02 1.090497e-01 9.939690e-01 -1.157102e-02 9.527294e+00 7.010231e-04 1.156354e-02 9.999329e-01 -1.858464e+00
9.939587e-01 -1.096485e-01 4.834110e-03 1.473173e+02 1.097075e-01 9.938602e-01 -1.434667e-02 9.568624e+00 -3.231338e-03 1.479034e-02 9.998854e-01 -1.855230e+00
9.938660e-01 -1.103799e-01 6.834807e-03 1.478267e+02 1.104652e-01 9.937855e-01 -1.369905e-02 9.614340e+00 -5.280232e-03 1.437003e-02 9.998828e-01 -1.868843e+00
9.937648e-01 -1.112173e-01 7.893004e-03 1.483327e+02 1.113087e-01 9.937099e-01 -1.227722e-02 9.673103e+00 -6.477917e-03 1.307923e-02 9.998935e-01 -1.872766e+00
9.936538e-01 -1.123473e-01 5.503977e-03 1.488316e+02 1.123988e-01 9.936112e-01 -1.015953e-02 9.725957e+00 -4.327417e-03 1.071369e-02 9.999332e-01 -1.891618e+00
9.934831e-01 -1.139165e-01 3.791249e-03 1.493378e+02 1.139526e-01 9.934217e-01 -1.131929e-02 9.784840e+00 -2.476856e-03 1.167755e-02 9.999288e-01 -1.871735e+00
9.933152e-01 -1.153843e-01 3.365211e-03 1.498457e+02 1.154147e-01 9.932564e-01 -1.100503e-02 9.833513e+00 -2.072710e-03 1.131986e-02 9.999338e-01 -1.887088e+00
9.930433e-01 -1.176573e-01 4.662131e-03 1.503327e+02 1.177034e-01 9.929844e-01 -1.131802e-02 9.895612e+00 -3.297776e-03 1.178803e-02 9.999251e-01 -1.869027e+00
9.928309e-01 -1.194316e-01 4.781771e-03 1.508314e+02 1.194718e-01 9.927945e-01 -9.254454e-03 9.945202e+00 -3.642041e-03 9.759394e-03 9.999458e-01 -1.897813e+00
9.925702e-01 -1.215830e-01 4.691249e-03 1.513111e+02 1.216200e-01 9.925393e-01 -8.630170e-03 1.000679e+01 -3.606966e-03 9.136599e-03 9.999518e-01 -1.890993e+00
9.922823e-01 -1.239654e-01 2.909253e-03 1.518048e+02 1.239813e-01 9.922657e-01 -6.111006e-03 1.006078e+01 -2.129199e-03 6.424536e-03 9.999771e-01 -1.898501e+00
9.919937e-01 -1.262646e-01 2.419426e-03 1.523065e+02 1.262756e-01 9.919820e-01 -5.112491e-03 1.012858e+01 -1.754500e-03 5.377073e-03 9.999840e-01 -1.900844e+00
9.917098e-01 -1.284903e-01 1.392762e-03 1.527911e+02 1.284934e-01 9.917076e-01 -2.372193e-03 1.018262e+01 -1.076408e-03 2.531487e-03 9.999962e-01 -1.908207e+00
9.913812e-01 -1.310077e-01 5.424342e-04 1.532877e+02 1.310086e-01 9.913787e-01 -2.243273e-03 1.025148e+01 -2.438716e-04 2.295003e-03 9.999973e-01 -1.913055e+00
9.910151e-01 -1.337500e-01 -2.999874e-04 1.537791e+02 1.337491e-01 9.910133e-01 -2.023406e-03 1.030942e+01 5.679220e-04 1.965103e-03 9.999979e-01 -1.912159e+00
9.906929e-01 -1.361108e-01 -1.193922e-03 1.542846e+02 1.361057e-01 9.906876e-01 -3.631409e-03 1.037974e+01 1.677078e-03 3.435111e-03 9.999927e-01 -1.918192e+00
9.903080e-01 -1.388870e-01 -7.139349e-04 1.547929e+02 1.388827e-01 9.902993e-01 -4.314055e-03 1.044480e+01 1.306175e-03 4.173090e-03 9.999905e-01 -1.925423e+00
9.899568e-01 -1.413702e-01 1.795332e-04 1.552945e+02 1.413691e-01 9.899430e-01 -5.239205e-03 1.051372e+01 5.629396e-04 5.211967e-03 9.999862e-01 -1.923886e+00
9.895960e-01 -1.438739e-01 2.735359e-04 1.558065e+02 1.438730e-01 9.895780e-01 -6.001543e-03 1.058074e+01 5.927805e-04 5.978458e-03 9.999819e-01 -1.936919e+00
9.892063e-01 -1.465299e-01 6.896805e-05 1.563284e+02 1.465274e-01 9.891865e-01 -6.308906e-03 1.066354e+01 8.562209e-04 6.250915e-03 9.999801e-01 -1.940520e+00
9.888248e-01 -1.490825e-01 -1.328904e-05 1.568458e+02 1.490797e-01 9.888073e-01 -5.966750e-03 1.073516e+01 9.026781e-04 5.898089e-03 9.999822e-01 -1.943518e+00
9.883922e-01 -1.519232e-01 4.563702e-04 1.573776e+02 1.519237e-01 9.883816e-01 -4.590921e-03 1.081486e+01 2.463993e-04 4.606964e-03 9.999893e-01 -1.948698e+00
9.879451e-01 -1.548033e-01 5.672988e-04 1.578985e+02 1.548043e-01 9.879400e-01 -3.218364e-03 1.089322e+01 -6.224390e-05 3.267387e-03 9.999946e-01 -1.949663e+00
9.873944e-01 -1.582767e-01 8.935865e-04 1.584370e+02 1.582784e-01 9.873918e-01 -2.284196e-03 1.097798e+01 -5.207850e-04 2.396838e-03 9.999970e-01 -1.964799e+00
9.868492e-01 -1.616375e-01 1.361123e-03 1.589797e+02 1.616406e-01 9.868461e-01 -2.619270e-03 1.106418e+01 -9.198467e-04 2.804837e-03 9.999956e-01 -1.955661e+00
9.862786e-01 -1.650736e-01 2.297282e-03 1.595140e+02 1.650822e-01 9.862707e-01 -4.255061e-03 1.114093e+01 -1.563344e-03 4.575915e-03 9.999883e-01 -1.966414e+00
9.857317e-01 -1.683056e-01 2.515652e-03 1.600616e+02 1.683165e-01 9.857203e-01 -5.032100e-03 1.123017e+01 -1.632799e-03 5.383726e-03 9.999841e-01 -1.969275e+00
9.851541e-01 -1.716668e-01 1.398292e-03 1.606207e+02 1.716720e-01 9.851387e-01 -5.517895e-03 1.132574e+01 -4.302720e-04 5.676025e-03 9.999838e-01 -1.982931e+00
9.844464e-01 -1.756842e-01 5.836904e-04 1.611902e+02 1.756842e-01 9.844240e-01 -6.667901e-03 1.143572e+01 5.968462e-04 6.666736e-03 9.999776e-01 -1.975118e+00
9.837515e-01 -1.795169e-01 2.576955e-03 1.617545e+02 1.795305e-01 9.837295e-01 -6.715116e-03 1.153004e+01 -1.329550e-03 7.068648e-03 9.999741e-01 -1.980820e+00
9.830325e-01 -1.834005e-01 3.385441e-03 1.623372e+02 1.834202e-01 9.830099e-01 -6.949688e-03 1.162332e+01 -2.053347e-03 7.452727e-03 9.999701e-01 -1.990448e+00
9.822978e-01 -1.872656e-01 4.763007e-03 1.629116e+02 1.872995e-01 9.822694e-01 -8.084802e-03 1.172938e+01 -3.164551e-03 8.833792e-03 9.999560e-01 -1.993453e+00
9.814487e-01 -1.916574e-01 5.079882e-03 1.635045e+02 1.916993e-01 9.814055e-01 -9.730226e-03 1.185213e+01 -3.120553e-03 1.052353e-02 9.999397e-01 -1.992450e+00
9.806624e-01 -1.956491e-01 4.756677e-03 1.640868e+02 1.956860e-01 9.806235e-01 -9.200118e-03 1.196212e+01 -2.864514e-03 9.953025e-03 9.999464e-01 -2.004172e+00
9.797618e-01 -2.001100e-01 4.760446e-03 1.646829e+02 2.001430e-01 9.797344e-01 -7.938442e-03 1.208021e+01 -3.075412e-03 8.730552e-03 9.999571e-01 -1.998740e+00
9.788653e-01 -2.044354e-01 5.372618e-03 1.652838e+02 2.044726e-01 9.788424e-01 -7.646683e-03 1.219823e+01 -3.695693e-03 8.583626e-03 9.999563e-01 -1.999999e+00
9.779158e-01 -2.088824e-01 6.991268e-03 1.658786e+02 2.089363e-01 9.778953e-01 -8.146151e-03 1.231715e+01 -5.135140e-03 9.426978e-03 9.999424e-01 -2.001125e+00
