1.000000e+00 0.000000e+00 0.000000e+00 0.000000e+00 0.000000e+00 1.000000e+00 0.000000e+00 0.000000e+00 0.000000e+00 0.000000e+00 1.000000e+00 0.000000e+00
9.999994e-01 9.979927e-04 4.079316e-04 1.536945e+00 -9.985988e-04 9.999985e-01 1.488033e-03 -1.759918e-02 -4.064459e-04 -1.488439e-03 9.999988e-01 -3.160181e-02
9.999964e-01 -2.301951e-03 1.395541e-03 2.887056e+00 2.300741e-03 9.999969e-01 8.686025e-04 -1.105324e-02 -1.397537e-03 -8.653886e-04 9.999986e-01 -3.826699e-02
9.999862e-01 -4.930080e-03 1.804537e-03 4.261476e+00 4.925026e-03 9.999840e-01 2.794544e-03 -1.927413e-02 -1.818285e-03 -2.785618e-03 9.999945e-01 -8.148636e-02
9.999743e-01 -6.999164e-03 1.539117e-03 5.625155e+00 6.995892e-03 9.999733e-01 2.121126e-03 -3.322618e-02 -1.553922e-03 -2.110304e-03 9.999965e-01 -9.360645e-02
9.999600e-01 -8.749317e-03 1.848976e-03 6.936726e+00 8.746389e-03 9.999604e-01 1.585948e-03 -4.769074e-02 -1.862778e-03 -1.569713e-03 9.999970e-01 -1.141371e-01
9.999308e-01 -1.151151e-02 2.413918e-03 8.239940e+00 1.150893e-02 9.999331e-01 1.081649e-03 -3.801543e-02 -2.426208e-03 -1.053793e-03 9.999965e-01 -1.448468e-01
9.999078e-01 -1.330774e-02 2.703846e-03 9.523605e+00 1.330455e-02 9.999107e-01 1.193162e-03 -4.134964e-02 -2.719483e-03 -1.157079e-03 9.999956e-01 -1.549702e-01
9.998686e-01 -1.605107e-02 2.256274e-03 1.082745e+01 1.604793e-02 9.998703e-01 1.401873e-03 -2.261823e-02 -2.278483e-03 -1.365481e-03 9.999965e-01 -1.792244e-01
9.998171e-01 -1.896429e-02 2.466892e-03 1.213247e+01 1.896107e-02 9.998193e-01 1.323256e-03 -6.810398e-03 -2.491541e-03 -1.276239e-03 9.999961e-01 -2.081927e-01
9.997580e-01 -2.188686e-02 2.221138e-03 1.343681e+01 2.188374e-02 9.997596e-01 1.418985e-03 5.179458e-03 -2.251661e-03 -1.370035e-03 9.999965e-01 -2.221168e-01
9.996901e-01 -2.481909e-02 1.920878e-03 1.473409e+01 2.481567e-02 9.996905e-01 1.784235e-03 2.052424e-02 -1.964567e-03 -1.736014e-03 9.999965e-01 -2.362009e-01
9.996120e-01 -2.783846e-02 8.638696e-04 1.605121e+01 2.783648e-02 9.996101e-01 2.226027e-03 4.482376e-02 -9.255018e-04 -2.201117e-03 9.999971e-01 -2.718045e-01
9.995138e-01 -3.113302e-02 1.686101e-03 1.736277e+01 3.113205e-02 9.995151e-01 5.970022e-04 7.200979e-02 -1.703870e-03 -5.442202e-04 9.999984e-01 -2.772709e-01
9.994042e-01 -3.447033e-02 1.747454e-03 1.867368e+01 3.447055e-02 9.994057e-01 -9.250565e-05 1.074620e-01 -1.743226e-03 1.526862e-04 9.999985e-01 -3.034135e-01
9.992862e-01 -3.765233e-02 3.054973e-03 1.998829e+01 3.765875e-02 9.992884e-01 -2.071386e-03 1.383798e-01 -2.974807e-03 2.184954e-03 9.999932e-01 -3.201575e-01
9.991569e-01 -4.077870e-02 4.749684e-03 2.129949e+01 4.078774e-02 9.991663e-01 -1.821144e-03 1.759872e-01 -4.671459e-03 2.013338e-03 9.999871e-01 -3.352064e-01
9.990205e-01 -4.400870e-02 4.616978e-03 2.262360e+01 4.402165e-02 9.990268e-01 -2.743400e-03 2.193163e-01 -4.491752e-03 2.943960e-03 9.999856e-01 -3.432284e-01
9.988514e-01 -4.750701e-02 6.241253e-03 2.396409e+01 4.750833e-02 9.988708e-01 -6.214718e-05 2.710824e-01 -6.231254e-03 3.585873e-04 9.999805e-01 -3.804804e-01
9.987067e-01 -5.046767e-02 6.160163e-03 2.528843e+01 5.046476e-02 9.987257e-01 6.261694e-04 3.214026e-01 -6.183914e-03 -3.144884e-04 9.999808e-01 -3.675948e-01
9.985501e-01 -5.356548e-02 5.343507e-03 2.660401e+01 5.355797e-02 9.985635e-01 1.539112e-03 3.766579e-01 -5.418274e-03 -1.250693e-03 9.999846e-01 -4.059244e-01
9.983684e-01 -5.664635e-02 7.190050e-03 2.793425e+01 5.663892e-02 9.983940e-01 1.233234e-03 4.336818e-01 -7.248361e-03 -8.239853e-04 9.999734e-01 -4.233071e-01
9.981955e-01 -5.940602e-02 8.751235e-03 2.926378e+01 5.940134e-02 9.982338e-01 7.947395e-04 4.861986e-01 -8.782991e-03 -2.734704e-04 9.999614e-01 -4.411753e-01
9.979975e-01 -6.242173e-02 1.022347e-02 3.060910e+01 6.241901e-02 9.980500e-01 5.852961e-04 5.522354e-01 -1.024007e-02 5.401470e-05 9.999475e-01 -4.689077e-01
9.977885e-01 -6.545345e-02 1.156964e-02 3.193590e+01 6.544467e-02 9.978555e-01 1.136341e-03 6.303145e-01 -1.161920e-02 -3.766576e-04 9.999324e-01 -4.887461e-01
9.976107e-01 -6.823394e-02 1.081940e-02 3.328557e+01 6.823944e-02 9.976690e-01 -1.394646e-04 7.075303e-01 -1.078467e-02 8.774415e-04 9.999415e-01 -4.971082e-01
9.974443e-01 -7.038718e-02 1.226348e-02 3.462337e+01 7.037545e-02 9.975197e-01 1.386217e-03 7.848799e-01 -1.233063e-02 -5.196260e-04 9.999238e-01 -5.216507e-01
9.972883e-01 -7.261690e-02 1.195285e-02 3.597203e+01 7.260916e-02 9.973598e-01 1.081702e-03 8.687923e-01 -1.199984e-02 -2.108824e-04 9.999280e-01 -5.298291e-01
9.971691e-01 -7.400221e-02 1.331802e-02 3.731535e+01 7.399121e-02 9.972579e-01 1.316948e-03 9.531423e-01 -1.337896e-02 -3.278042e-04 9.999105e-01 -5.759099e-01
9.970846e-01 -7.524985e-02 1.263723e-02 3.867082e+01 7.523005e-02 9.971640e-01 2.035393e-03 1.035569e+00 -1.275455e-02 -1.078760e-03 9.999181e-01 -5.819061e-01
9.969434e-01 -7.713748e-02 1.239619e-02 4.002638e+01 7.712636e-02 9.970204e-01 1.373500e-03 1.131971e+00 -1.246520e-02 -4.132286e-04 9.999222e-01 -6.006011e-01
9.968721e-01 -7.816529e-02 1.166749e-02 4.137323e+01 7.817445e-02 9.969395e-01 -3.313050e-04 1.219665e+00 -1.160588e-02 1.242368e-03 9.999319e-01 -6.360938e-01
9.967467e-01 -7.966053e-02 1.226036e-02 4.273763e+01 7.966500e-02 9.968218e-01 1.240922e-04 1.315656e+00 -1.223128e-02 8.530332e-04 9.999248e-01 -6.410807e-01
9.966467e-01 -8.083868e-02 1.266927e-02 4.411055e+01 8.084154e-02 9.967269e-01 2.875141e-04 1.406360e+00 -1.265105e-02 7.376538e-04 9.999197e-01 -6.656002e-01
9.965233e-01 -8.198190e-02 1.484051e-02 4.547348e+01 8.197430e-02 9.966339e-01 1.120265e-03 1.491291e+00 -1.488239e-02 1.001694e-04 9.998893e-01 -6.713966e-01
9.963611e-01 -8.380904e-02 1.551072e-02 4.685510e+01 8.381846e-02 9.964812e-01 4.305720e-05 1.608481e+00 -1.545974e-02 1.257184e-03 9.998797e-01 -6.943684e-01
9.962574e-01 -8.497566e-02 1.581867e-02 4.822439e+01 8.498831e-02 9.963820e-01 -1.277543e-04 1.703761e+00 -1.575059e-02 1.471678e-03 9.998749e-01 -7.439296e-01
9.960700e-01 -8.708151e-02 1.616838e-02 4.960900e+01 8.711272e-02 9.961976e-01 -1.235228e-03 1.816079e+00 -1.599934e-02 2.638845e-03 9.998685e-01 -7.269687e-01
9.959247e-01 -8.905956e-02 1.422908e-02 5.096885e+01 8.908246e-02 9.960238e-01 -9.829993e-04 1.925567e+00 -1.408496e-02 2.246555e-03 9.998983e-01 -7.691693e-01
9.957125e-01 -9.097285e-02 1.674784e-02 5.233750e+01 9.095979e-02 9.958533e-01 1.541246e-03 2.029562e+00 -1.681861e-02 -1.125742e-05 9.998586e-01 -7.720912e-01
9.954949e-01 -9.351189e-02 1.566649e-02 5.373747e+01 9.347595e-02 9.956170e-01 3.012481e-03 2.150668e+00 -1.587953e-02 -1.534469e-03 9.998727e-01 -7.871799e-01
9.952019e-01 -9.662349e-02 1.539915e-02 5.512415e+01 9.660610e-02 9.953208e-01 1.871349e-03 2.266386e+00 -1.550792e-02 -3.747175e-04 9.998797e-01 -8.336550e-01
9.948581e-01 -9.976103e-02 1.746861e-02 5.650795e+01 9.976698e-02 9.950107e-01 5.331847e-04 2.398610e+00 -1.743465e-02 1.212347e-03 9.998473e-01 -8.355761e-01
9.946136e-01 -1.027421e-01 1.370680e-02 5.789637e+01 1.026942e-01 9.947045e-01 4.151951e-03 2.525787e+00 -1.406079e-02 -2.721977e-03 9.998974e-01 -8.813698e-01
9.944007e-01 -1.045837e-01 1.515104e-02 5.929643e+01 1.045344e-01 9.945133e-01 4.014361e-03 2.650721e+00 -1.548775e-02 -2.408078e-03 9.998772e-01 -8.864034e-01
9.940739e-01 -1.081091e-01 1.138430e-02 6.069406e+01 1.080550e-01 9.941310e-01 5.268773e-03 2.803382e+00 -1.188709e-02 -4.007419e-03 9.999213e-01 -9.171447e-01
9.937962e-01 -1.101689e-01 1.522601e-02 6.207961e+01 1.101168e-01 9.939095e-01 4.220538e-03 2.939541e+00 -1.559825e-02 -2.517714e-03 9.998752e-01 -9.406562e-01
9.936166e-01 -1.121390e-01 1.228054e-02 6.350135e+01 1.120770e-01 9.936837e-01 5.628957e-03 3.078316e+00 -1.283420e-02 -4.216659e-03 9.999087e-01 -9.708205e-01
9.933496e-01 -1.140503e-01 1.578529e-02 6.489491e+01 1.139985e-01 9.934723e-01 4.142913e-03 3.218892e+00 -1.615475e-02 -2.315860e-03 9.998668e-01 -9.914216e-01
9.930990e-01 -1.163308e-01 1.488158e-02 6.630221e+01 1.162885e-01 9.932088e-01 3.683058e-03 3.362849e+00 -1.520897e-02 -1.927085e-03 9.998825e-01 -1.007342e+00
9.927956e-01 -1.184305e-01 1.819305e-02 6.770417e+01 1.184182e-01 9.929624e-01 1.756897e-03 3.514155e+00 -1.827308e-02 4.101475e-04 9.998329e-01 -1.040213e+00
9.925580e-01 -1.204568e-01 1.785393e-02 6.912672e+01 1.204145e-01 9.927176e-01 3.431057e-03 3.665990e+00 -1.813721e-02 -1.255650e-03 9.998347e-01 -1.059751e+00
9.923149e-01 -1.224312e-01 1.793552e-02 7.054411e+01 1.224132e-01 9.924769e-01 2.099626e-03 3.826369e+00 -1.805765e-02 1.120548e-04 9.998369e-01 -1.085751e+00
9.920524e-01 -1.245337e-01 1.797984e-02 7.195369e+01 1.244962e-01 9.922148e-01 3.190524e-03 3.987973e+00 -1.823720e-02 -9.267445e-04 9.998333e-01 -1.102139e+00
9.918000e-01 -1.265920e-01 1.753155e-02 7.336539e+01 1.265515e-01 9.919542e-01 3.408452e-03 4.154551e+00 -1.782198e-02 -1.161859e-03 9.998405e-01 -1.141065e+00
9.915855e-01 -1.280940e-01 1.871204e-02 7.476876e+01 1.280276e-01 9.917594e-01 4.710182e-03 4.321232e+00 -1.916118e-02 -2.274891e-03 9.998138e-01 -1.164928e+00
9.913806e-01 -1.297818e-01 1.792062e-02 7.619361e+01 1.297153e-01 9.915396e-01 4.829118e-03 4.503702e+00 -1.839573e-02 -2.462917e-03 9.998277e-01 -1.187769e+00
9.912750e-01 -1.306153e-01 1.770492e-02 7.760944e+01 1.305558e-01 9.914309e-01 4.481211e-03 4.664092e+00 -1.813851e-02 -2.130634e-03 9.998332e-01 -1.208054e+00
9.911732e-01 -1.314903e-01 1.691272e-02 7.903494e+01 1.314043e-01 9.913101e-01 6.103877e-03 4.832711e+00 -1.756835e-02 -3.827595e-03 9.998384e-01 -1.255589e+00
9.910483e-01 -1.324022e-01 1.711595e-02 8.045087e+01 1.323012e-01 9.911855e-01 6.911315e-03 5.010449e+00 -1.788016e-02 -4.584986e-03 9.998296e-01 -1.277629e+00
9.910426e-01 -1.326538e-01 1.541003e-02 8.188954e+01 1.325654e-01 9.911520e-01 6.623597e-03 5.180608e+00 -1.615232e-02 -4.521430e-03 9.998593e-01 -1.291023e+00
9.909691e-01 -1.330715e-01 1.649640e-02 8.332722e+01 1.329754e-01 9.910960e-01 6.794575e-03 5.353291e+00 -1.725368e-02 -4.539598e-03 9.998409e-01 -1.332328e+00
9.908965e-01 -1.335518e-01 1.697254e-02 8.476865e+01 1.334591e-01 9.910331e-01 6.487273e-03 5.534896e+00 -1.768673e-02 -4.163076e-03 9.998349e-01 -1.357031e+00
9.908193e-01 -1.339294e-01 1.844109e-02 8.621186e+01 1.338426e-01 9.909853e-01 5.869729e-03 5.713457e+00 -1.906098e-02 -3.347637e-03 9.998127e-01 -1.378829e+00
9.907828e-01 -1.339462e-01 2.019551e-02 8.767004e+01 1.338684e-01 9.909855e-01 5.162388e-03 5.887107e+00 -2.070495e-02 -2.411264e-03 9.997827e-01 -1.413189e+00
9.907720e-01 -1.339704e-01 2.056059e-02 8.911717e+01 1.338872e-01 9.909821e-01 5.376658e-03 6.065837e+00 -2.109549e-02 -2.574242e-03 9.997742e-01 -1.436200e+00
9.906535e-01 -1.350387e-01 1.924235e-02 9.057288e+01 1.349511e-01 9.908354e-01 5.786357e-03 6.258217e+00 -1.984739e-02 -3.135497e-03 9.997981e-01 -1.472291e+00
9.906377e-01 -1.353808e-01 1.758158e-02 9.202863e+01 1.352711e-01 9.907815e-01 7.294881e-03 6.440713e+00 -1.840710e-02 -4.848305e-03 9.998188e-01 -1.499113e+00
9.907129e-01 -1.352577e-01 1.390538e-02 9.351684e+01 1.351775e-01 9.907998e-01 6.557858e-03 6.627916e+00 -1.466445e-02 -4.617259e-03 9.998818e-01 -1.527504e+00
9.906255e-01 -1.359564e-01 1.330073e-02 9.499242e+01 1.358640e-01 9.906982e-01 7.623162e-03 6.823013e+00 -1.421343e-02 -5.744607e-03 9.998825e-01 -1.560880e+00
9.905350e-01 -1.367079e-01 1.230345e-02 9.650096e+01 1.366056e-01 9.905864e-01 8.805864e-03 7.020414e+00 -1.339146e-02 -7.041798e-03 9.998856e-01 -1.570799e+00
9.905016e-01 -1.369595e-01 1.219443e-02 9.799591e+01 1.368381e-01 9.905399e-01 1.029154e-02 7.209363e+00 -1.348860e-02 -8.525119e-03 9.998727e-01 -1.608559e+00
9.904263e-01 -1.375365e-01 1.181103e-02 9.951692e+01 1.374022e-01 9.904482e-01 1.152007e-02 7.408007e+00 -1.328265e-02 -9.786921e-03 9.998639e-01 -1.644483e+00
9.903732e-01 -1.379062e-01 1.195276e-02 1.010404e+02 1.377906e-01 9.904108e-01 1.001572e-02 7.599681e+00 -1.321937e-02 -8.272319e-03 9.998784e-01 -1.653239e+00
9.903313e-01 -1.381511e-01 1.257945e-02 1.025841e+02 1.380408e-01 9.903833e-01 9.253609e-03 7.806121e+00 -1.373687e-02 -7.427662e-03 9.998780e-01 -1.716459e+00
9.902365e-01 -1.387606e-01 1.331521e-02 1.041409e+02 1.386633e-01 9.903076e-01 7.977539e-03 8.005875e+00 -1.429311e-02 -6.053320e-03 9.998795e-01 -1.721811e+00
9.902235e-01 -1.389334e-01 1.244287e-02 1.056903e+02 1.388258e-01 9.902745e-01 9.132386e-03 8.202680e+00 -1.359065e-02 -7.315712e-03 9.998809e-01 -1.764976e+00
9.902050e-01 -1.390314e-01 1.281277e-02 1.072639e+02 1.389079e-01 9.902540e-01 1.007502e-02 8.409071e+00 -1.408864e-02 -8.196538e-03 9.998671e-01 -1.798462e+00
9.902034e-01 -1.393168e-01 9.386066e-03 1.088489e+02 1.392254e-01 9.902123e-01 9.781540e-03 8.623406e+00 -1.065693e-02 -8.378935e-03 9.999081e-01 -1.818762e+00
9.902017e-01 -1.392418e-01 1.059596e-02 1.104268e+02 1.391341e-01 9.902200e-01 1.030382e-02 8.823057e+00 -1.192706e-02 -8.728603e-03 9.998907e-01 -1.876801e+00
9.902080e-01 -1.394448e-01 6.574817e-03 1.120267e+02 1.393583e-01 9.901671e-01 1.216886e-02 9.036993e+00 -8.207052e-03 -1.113344e-02 9.999043e-01 -1.878412e+00
9.901884e-01 -1.396607e-01 4.673019e-03 1.136381e+02 1.395899e-01 9.901232e-01 1.305925e-02 9.244107e+00 -6.450728e-03 -1.227881e-02 9.999038e-01 -1.960516e+00
9.901867e-01 -1.396119e-01 6.234393e-03 1.152649e+02 1.395284e-01 9.901422e-01 1.225273e-02 9.462901e+00 -7.883562e-03 -1.126262e-02 9.999055e-01 -1.952651e+00
9.902060e-01 -1.394820e-01 6.066200e-03 1.169061e+02 1.394078e-01 9.901707e-01 1.129486e-02 9.683397e+00 -7.582002e-03 -1.033856e-02 9.999178e-01 -1.994792e+00
9.901723e-01 -1.397515e-01 5.330482e-03 1.185602e+02 1.396968e-01 9.901483e-01 9.536369e-03 9.906225e+00 -6.610690e-03 -8.697996e-03 9.999403e-01 -2.017813e+00
9.901568e-01 -1.397584e-01 7.552394e-03 1.202018e+02 1.396857e-01 9.901510e-01 9.422026e-03 1.010942e+01 -8.794817e-03 -8.274321e-03 9.999271e-01 -2.075608e+00
9.902084e-01 -1.394497e-01 6.406464e-03 1.218714e+02 1.393893e-01 9.901961e-01 9.069037e-03 1.034108e+01 -7.608330e-03 -8.087244e-03 9.999384e-01 -2.084200e+00
9.903334e-01 -1.385396e-01 6.820172e-03 1.235490e+02 1.384689e-01 9.903170e-01 9.936787e-03 1.055434e+01 -8.130770e-03 -8.896351e-03 9.999273e-01 -2.141859e+00
9.904405e-01 -1.377077e-01 8.012830e-03 1.252294e+02 1.376303e-01 9.904379e-01 9.524135e-03 1.076440e+01 -9.247757e-03 -8.330280e-03 9.999225e-01 -2.160660e+00
9.904892e-01 -1.373457e-01 8.199672e-03 1.269445e+02 1.372722e-01 9.904931e-01 8.937405e-03 1.098808e+01 -9.349232e-03 -7.726816e-03 9.999264e-01 -2.193338e+00
9.905332e-01 -1.369616e-01 9.247294e-03 1.286492e+02 1.368731e-01 9.905421e-01 9.607604e-03 1.120213e+01 -1.047571e-02 -8.250944e-03 9.999111e-01 -2.228024e+00
9.906241e-01 -1.362540e-01 9.941873e-03 1.303678e+02 1.361550e-01 9.906367e-01 1.003844e-02 1.141415e+01 -1.121656e-02 -8.590688e-03 9.999002e-01 -2.244651e+00
9.905723e-01 -1.365884e-01 1.049335e-02 1.321106e+02 1.364777e-01 9.905860e-01 1.062472e-02 1.163730e+01 -1.184578e-02 -9.092440e-03 9.998885e-01 -2.296546e+00
9.905099e-01 -1.370008e-01 1.100084e-02 1.338374e+02 1.368833e-01 9.905283e-01 1.080626e-02 1.186208e+01 -1.237711e-02 -9.197874e-03 9.998811e-01 -2.326490e+00
9.904643e-01 -1.373346e-01 1.093954e-02 1.355927e+02 1.372158e-01 9.904807e-01 1.095987e-02 1.207635e+01 -1.234057e-02 -9.354281e-03 9.998801e-01 -2.370993e+00
9.904241e-01 -1.375782e-01 1.150505e-02 1.373475e+02 1.374597e-01 9.904513e-01 1.052401e-02 1.227778e+01 -1.284307e-02 -8.841746e-03 9.998784e-01 -2.410776e+00
9.903593e-01 -1.381530e-01 1.010978e-02 1.391329e+02 1.380332e-01 9.903582e-01 1.171278e-02 1.252441e+01 -1.163046e-02 -1.020437e-02 9.998803e-01 -2.441332e+00
9.902421e-01 -1.389687e-01 1.040971e-02 1.409221e+02 1.388412e-01 9.902406e-01 1.211456e-02 1.275765e+01 -1.199166e-02 -1.055105e-02 9.998724e-01 -2.491944e+00
9.902226e-01 -1.393021e-01 7.358309e-03 1.427185e+02 1.392051e-01 9.901862e-01 1.236720e-02 1.299378e+01 -9.008873e-03 -1.122197e-02 9.998965e-01 -2.516644e+00
9.900725e-01 -1.402124e-01 9.845406e-03 1.445208e+02 1.400909e-01 9.900647e-01 1.210792e-02 1.323085e+01 -1.144527e-02 -1.060847e-02 9.998782e-01 -2.559774e+00
9.899504e-01 -1.410599e-01 1.001576e-02 1.463433e+02 1.409498e-01 9.899560e-01 1.095942e-02 1.346448e+01 -1.146110e-02 -9.437563e-03 9.998898e-01 -2.587937e+00
9.898313e-01 -1.415980e-01 1.356355e-02 1.481643e+02 1.414772e-01 9.898959e-01 9.490736e-03 1.369860e+01 -1.477037e-02 -7.475296e-03 9.998630e-01 -2.631624e+00
9.897364e-01 -1.424444e-01 1.146892e-02 1.500215e+02 1.423317e-01 9.897673e-01 1.011399e-02 1.395437e+01 -1.279224e-02 -8.377796e-03 9.998831e-01 -2.682172e+00
9.896390e-01 -1.432264e-01 1.004404e-02 1.518613e+02 1.431213e-01 9.896494e-01 1.050912e-02 1.420173e+01 -1.144526e-02 -8.962718e-03 9.998943e-01 -2.715517e+00
9.895542e-01 -1.440676e-01 5.198540e-03 1.537223e+02 1.440127e-01 9.895281e-01 9.730193e-03 1.445605e+01 -6.545907e-03 -8.879897e-03 9.999391e-01 -2.751055e+00
9.894607e-01 -1.446886e-01 5.717375e-03 1.555974e+02 1.446256e-01 9.894338e-01 1.022156e-02 1.470983e+01 -7.135907e-03 -9.286958e-03 9.999314e-01 -2.784232e+00
9.893600e-01 -1.454349e-01 3.920014e-03 1.574765e+02 1.453825e-01 9.893100e-01 1.136942e-02 1.497180e+01 -5.531619e-03 -1.067855e-02 9.999277e-01 -2.810822e+00
9.893360e-01 -1.455586e-01 5.185399e-03 1.593703e+02 1.454843e-01 9.892801e-01 1.261080e-02 1.521014e+01 -6.965424e-03 -1.172193e-02 9.999070e-01 -2.850721e+00
9.893180e-01 -1.457147e-01 4.129142e-03 1.612514e+02 1.456527e-01 9.892551e-01 1.263513e-02 1.547888e+01 -5.925900e-03 -1.189874e-02 9.999117e-01 -2.897603e+00
9.892972e-01 -1.457558e-01 6.815381e-03 1.631637e+02 1.456434e-01 9.892265e-01 1.479805e-02 1.572701e+01 -8.898856e-03 -1.364705e-02 9.998673e-01 -2.950683e+00
9.892906e-01 -1.458554e-01 5.512573e-03 1.650827e+02 1.457511e-01 9.891908e-01 1.606699e-02 1.600007e+01 -7.796444e-03 -1.509146e-02 9.998557e-01 -2.989987e+00
9.892244e-01 -1.462101e-01 7.593832e-03 1.670231e+02 1.460634e-01 9.891255e-01 1.720198e-02 1.625040e+01 -1.002636e-02 -1.590744e-02 9.998232e-01 -3.058404e+00
9.892609e-01 -1.459886e-01 7.087591e-03 1.689654e+02 1.458746e-01 9.891957e-01 1.457845e-02 1.652135e+01 -9.139302e-03 -1.338799e-02 9.998686e-01 -3.089743e+00
9.892468e-01 -1.458989e-01 1.021273e-02 1.709171e+02 1.457216e-01 9.891902e-01 1.636657e-02 1.677199e+01 -1.249020e-02 -1.470236e-02 9.998139e-01 -3.140068e+00
9.892603e-01 -1.458400e-01 9.735353e-03 1.728718e+02 1.456970e-01 9.892291e-01 1.407347e-02 1.704848e+01 -1.168297e-02 -1.250391e-02 9.998536e-01 -3.178313e+00
9.893268e-01 -1.454584e-01 8.616447e-03 1.748480e+02 1.453291e-01 9.892828e-01 1.411016e-02 1.730556e+01 -1.057654e-02 -1.270734e-02 9.998633e-01 -3.261533e+00
9.893311e-01 -1.452557e-01 1.116566e-02 1.768302e+02 1.451299e-01 9.893473e-01 1.136047e-02 1.757730e+01 -1.269689e-02 -9.618793e-03 9.998731e-01 -3.280091e+00
9.895217e-01 -1.442963e-01 5.025413e-03 1.788071e+02 1.442316e-01 9.894774e-01 1.147569e-02 1.785187e+01 -6.628432e-03 -1.063062e-02 9.999215e-01 -3.327337e+00
9.895798e-01 -1.437066e-01 8.961788e-03 1.807810e+02 1.436445e-01 9.896030e-01 7.225660e-03 1.810416e+01 -9.906988e-03 -5.863056e-03 9.999337e-01 -3.394488e+00
9.897041e-01 -1.429692e-01 6.747350e-03 1.827558e+02 1.429224e-01 9.897093e-01 6.964757e-03 1.838443e+01 -7.673661e-03 -5.928701e-03 9.999530e-01 -3.426548e+00
9.897130e-01 -1.428664e-01 7.573813e-03 1.847366e+02 1.428196e-01 9.897281e-01 6.402140e-03 1.865557e+01 -8.410666e-03 -5.254592e-03 9.999508e-01 -3.480516e+00
9.898704e-01 -1.418961e-01 4.698338e-03 1.867099e+02 1.418658e-01 9.898660e-01 6.258309e-03 1.891200e+01 -5.538756e-03 -5.528382e-03 9.999694e-01 -3.519673e+00
9.900209e-01 -1.408853e-01 3.164629e-03 1.886661e+02 1.408680e-01 9.900149e-01 5.166546e-03 1.916800e+01 -3.860920e-03 -4.669194e-03 9.999816e-01 -3.569865e+00
9.901905e-01 -1.397223e-01 6.121830e-04 1.906304e+02 1.397162e-01 9.901736e-01 5.982616e-03 1.942973e+01 -1.442072e-03 -5.838398e-03 9.999819e-01 -3.620596e+00
9.904174e-01 -1.381057e-01 -5.362012e-04 1.925921e+02 1.381065e-01 9.904002e-01 5.832681e-03 1.968610e+01 -2.744728e-04 -5.850841e-03 9.999828e-01 -3.651616e+00
9.906573e-01 -1.363749e-01 -6.683567e-05 1.945415e+02 1.363707e-01 9.906226e-01 8.334807e-03 1.993352e+01 -1.070449e-03 -8.266051e-03 9.999653e-01 -3.701576e+00
9.908960e-01 -1.346110e-01 2.207649e-03 1.964737e+02 1.345867e-01 9.908623e-01 8.850959e-03 2.016857e+01 -3.378912e-03 -8.473261e-03 9.999584e-01 -3.741927e+00
9.910690e-01 -1.332441e-01 5.317471e-03 1.984294e+02 1.331937e-01 9.910501e-01 8.911367e-03 2.039436e+01 -6.457266e-03 -8.123525e-03 9.999462e-01 -3.798854e+00
9.912050e-01 -1.321363e-01 7.262163e-03 2.003767e+02 1.320889e-01 9.912157e-01 6.655935e-03 2.063640e+01 -8.077859e-03 -5.638144e-03 9.999515e-01 -3.841115e+00
9.913641e-01 -1.309024e-01 7.862698e-03 2.023166e+02 1.308568e-01 9.913828e-01 6.062072e-03 2.086916e+01 -8.588484e-03 -4.980834e-03 9.999507e-01 -3.888695e+00
9.915401e-01 -1.295267e-01 8.435481e-03 2.042550e+02 1.294634e-01 9.915546e-01 7.662614e-03 2.109943e+01 -9.356753e-03 -6.505703e-03 9.999351e-01 -3.946047e+00
9.917113e-01 -1.282281e-01 8.144102e-03 2.061818e+02 1.281577e-01 9.917160e-01 8.649107e-03 2.133436e+01 -9.185695e-03 -7.533687e-03 9.999294e-01 -3.968355e+00
9.917184e-01 -1.280151e-01 1.032940e-02 2.081019e+02 1.279299e-01 9.917465e-01 8.526616e-03 2.155979e+01 -1.133568e-02 -7.134562e-03 9.999103e-01 -4.041315e+00
9.917833e-01 -1.275810e-01 9.432171e-03 2.100305e+02 1.275102e-01 9.918069e-01 7.760141e-03 2.178841e+01 -1.034494e-02 -6.493679e-03 9.999254e-01 -4.084215e+00
9.918180e-01 -1.272351e-01 1.040394e-02 2.119426e+02 1.271603e-01 9.918532e-01 7.564238e-03 2.201940e+01 -1.128162e-02 -6.179379e-03 9.999173e-01 -4.122104e+00
9.919205e-01 -1.267189e-01 6.001066e-03 2.138435e+02 1.266794e-01 9.919220e-01 6.561570e-03 2.224896e+01 -6.784065e-03 -5.748344e-03 9.999605e-01 -4.180605e+00
9.920226e-01 -1.259670e-01 4.845569e-03 2.157493e+02 1.259517e-01 9.920306e-01 3.353619e-03 2.246653e+01 -5.229399e-03 -2.716559e-03 9.999827e-01 -4.225452e+00
9.920959e-01 -1.254332e-01 -3.503666e-03 2.176331e+02 1.254534e-01 9.920795e-01 6.293789e-03 2.269261e+01 2.686465e-03 -6.683589e-03 9.999741e-01 -4.283913e+00
9.921472e-01 -1.247516e-01 8.996436e-03 2.195348e+02 1.246315e-01 9.921197e-01 1.286778e-02 2.290432e+01 -1.053082e-02 -1.164550e-02 9.998767e-01 -4.296868e+00
9.921073e-01 -1.253893e-01 7.718163e-04 2.214265e+02 1.253645e-01 9.920017e-01 1.470985e-02 2.311870e+01 -2.610101e-03 -1.449699e-02 9.998915e-01 -4.355134e+00
9.919974e-01 -1.256796e-01 1.207921e-02 2.233229e+02 1.256590e-01 9.920704e-01 2.454525e-03 2.333099e+01 -1.229191e-02 -9.170210e-04 9.999240e-01 -4.420427e+00
9.921125e-01 -1.248780e-01 1.087216e-02 2.251991e+02 1.248248e-01 9.921640e-01 5.436988e-03 2.354198e+01 -1.146593e-02 -4.036988e-03 9.999261e-01 -4.469300e+00
9.921444e-01 -1.238920e-01 1.732731e-02 2.270701e+02 1.237433e-01 9.922698e-01 9.407451e-03 2.375974e+01 -1.835887e-02 -7.189412e-03 9.998056e-01 -4.457445e+00
9.921862e-01 -1.242412e-01 1.142685e-02 2.289374e+02 1.240344e-01 9.921267e-01 1.731663e-02 2.396982e+01 -1.348833e-02 -1.576400e-02 9.997848e-01 -4.585542e+00
9.919937e-01 -1.250295e-01 1.778087e-02 2.308360e+02 1.249059e-01 9.921372e-01 7.908329e-03 2.419124e+01 -1.862984e-02 -5.624078e-03 9.998106e-01 -4.585825e+00
9.919890e-01 -1.254780e-01 1.460222e-02 2.326800e+02 1.253742e-01 9.920788e-01 7.822141e-03 2.439848e+01 -1.546806e-02 -5.928736e-03 9.998628e-01 -4.654030e+00
9.918684e-01 -1.260688e-01 1.742640e-02 2.345469e+02 1.259375e-01 9.920022e-01 8.438662e-03 2.462410e+01 -1.835088e-02 -6.175403e-03 9.998125e-01 -4.690578e+00
9.918589e-01 -1.266550e-01 1.320752e-02 2.363900e+02 1.264672e-01 9.918691e-01 1.419989e-02 2.484168e+01 -1.489862e-02 -1.241397e-02 9.998119e-01 -4.730816e+00
9.917881e-01 -1.272315e-01 1.298258e-02 2.382427e+02 1.270193e-01 9.917706e-01 1.604160e-02 2.505862e+01 -1.491673e-02 -1.426083e-02 9.997870e-01 -4.823480e+00
9.916806e-01 -1.278095e-01 1.530495e-02 2.400961e+02 1.276195e-01 9.917405e-01 1.280753e-02 2.527548e+01 -1.681546e-02 -1.074777e-02 9.998009e-01 -4.824793e+00
9.916981e-01 -1.280175e-01 1.209860e-02 2.419383e+02 1.278721e-01 9.917167e-01 1.211323e-02 2.548556e+01 -1.354909e-02 -1.046559e-02 9.998534e-01 -4.903023e+00
9.915840e-01 -1.284633e-01 1.607426e-02 2.437801e+02 1.282963e-01 9.916747e-01 1.102207e-02 2.570877e+01 -1.735637e-02 -8.867041e-03 9.998100e-01 -4.960667e+00
9.916288e-01 -1.286069e-01 1.151822e-02 2.456255e+02 1.284615e-01 9.916346e-01 1.258688e-02 2.592370e+01 -1.304063e-02 -1.100186e-02 9.998544e-01 -5.001987e+00
9.915923e-01 -1.287450e-01 1.301742e-02 2.474425e+02 1.285958e-01 9.916279e-01 1.172070e-02 2.614109e+01 -1.441742e-02 -9.948166e-03 9.998466e-01 -5.076266e+00
9.915790e-01 -1.292127e-01 8.669735e-03 2.492602e+02 1.290992e-01 9.915519e-01 1.258382e-02 2.635727e+01 -1.022248e-02 -1.135860e-02 9.998832e-01 -5.105273e+00
9.915380e-01 -1.293245e-01 1.129571e-02 2.510925e+02 1.292027e-01 9.915581e-01 1.092045e-02 2.657292e+01 -1.261263e-02 -9.368609e-03 9.998766e-01 -5.168675e+00
9.915083e-01 -1.296801e-01 9.713733e-03 2.529121e+02 1.295543e-01 9.914919e-01 1.262455e-02 2.679377e+01 -1.126824e-02 -1.125889e-02 9.998731e-01 -5.219591e+00
9.913709e-01 -1.302581e-01 1.471804e-02 2.547265e+02 1.300839e-01 9.914275e-01 1.223516e-02 2.701217e+01 -1.618559e-02 -1.021500e-02 9.998168e-01 -5.259260e+00
9.913831e-01 -1.303464e-01 1.301039e-02 2.565312e+02 1.301675e-01 9.913964e-01 1.376259e-02 2.722359e+01 -1.469236e-02 -1.195047e-02 9.998206e-01 -5.320589e+00
9.913268e-01 -1.304691e-01 1.577754e-02 2.583506e+02 1.302585e-01 9.913852e-01 1.371616e-02 2.744857e+01 -1.743116e-02 -1.154204e-02 9.997814e-01 -5.371248e+00
9.913307e-01 -1.306970e-01 1.347802e-02 2.601647e+02 1.304786e-01 9.913223e-01 1.598171e-02 2.766660e+01 -1.544983e-02 -1.408456e-02 9.997814e-01 -5.425797e+00
9.913233e-01 -1.304959e-01 1.577889e-02 2.619832e+02 1.302540e-01 9.913596e-01 1.549629e-02 2.787751e+01 -1.766475e-02 -1.330657e-02 9.997554e-01 -5.484578e+00
9.913349e-01 -1.304818e-01 1.515575e-02 2.638097e+02 1.302045e-01 9.913231e-01 1.803372e-02 2.809820e+01 -1.737731e-02 -1.590411e-02 9.997225e-01 -5.539950e+00
9.913570e-01 -1.304181e-01 1.422881e-02 2.656281e+02 1.301405e-01 9.913143e-01 1.895395e-02 2.832074e+01 -1.657716e-02 -1.693839e-02 9.997191e-01 -5.603247e+00
9.914074e-01 -1.302741e-01 1.183131e-02 2.674510e+02 1.300233e-01 9.913104e-01 1.994827e-02 2.853843e+01 -1.432724e-02 -1.823852e-02 9.997310e-01 -5.665161e+00
9.915078e-01 -1.296237e-01 1.048501e-02 2.692680e+02 1.294179e-01 9.914199e-01 1.837404e-02 2.875040e+01 -1.277676e-02 -1.686106e-02 9.997762e-01 -5.714337e+00
9.914965e-01 -1.297172e-01 1.040033e-02 2.710824e+02 1.295267e-01 9.914254e-01 1.727761e-02 2.897725e+01 -1.255235e-02 -1.578357e-02 9.997966e-01 -5.786574e+00
9.916121e-01 -1.289327e-01 9.045186e-03 2.729150e+02 1.287710e-01 9.915349e-01 1.662636e-02 2.919210e+01 -1.111230e-02 -1.532215e-02 9.998209e-01 -5.836786e+00
9.916695e-01 -1.284902e-01 9.045949e-03 2.747300e+02 1.283276e-01 9.915911e-01 1.671116e-02 2.940130e+01 -1.111710e-02 -1.541111e-02 9.998195e-01 -5.885170e+00
9.917999e-01 -1.275175e-01 8.499718e-03 2.765739e+02 1.273317e-01 9.916654e-01 1.965609e-02 2.962496e+01 -1.093537e-02 -1.841263e-02 9.997706e-01 -5.961989e+00
9.917874e-01 -1.275158e-01 9.868860e-03 2.783921e+02 1.273105e-01 9.916770e-01 1.920267e-02 2.983623e+01 -1.223536e-02 -1.778856e-02 9.997669e-01 -5.994831e+00
9.919418e-01 -1.265482e-01 6.080091e-03 2.802217e+02 1.263816e-01 9.917233e-01 2.264066e-02 3.004833e+01 -8.894904e-03 -2.168980e-02 9.997252e-01 -6.095735e+00
9.919099e-01 -1.266157e-01 9.122473e-03 2.820313e+02 1.263963e-01 9.917454e-01 2.156954e-02 3.026055e+01 -1.177821e-02 -2.024199e-02 9.997258e-01 -6.124914e+00
9.919885e-01 -1.260796e-01 7.915108e-03 2.838390e+02 1.258492e-01 9.917375e-01 2.487596e-02 3.046062e+01 -1.098606e-02 -2.368056e-02 9.996592e-01 -6.219155e+00
9.919544e-01 -1.259211e-01 1.305225e-02 2.856594e+02 1.255595e-01 9.917564e-01 2.557139e-02 3.067298e+01 -1.616463e-02 -2.372682e-02 9.995878e-01 -6.293171e+00
9.919411e-01 -1.261902e-01 1.135048e-02 2.874505e+02 1.258242e-01 9.916393e-01 2.863297e-02 3.087587e+01 -1.486878e-02 -2.697405e-02 9.995255e-01 -6.362173e+00
9.919342e-01 -1.263294e-01 1.036419e-02 2.892762e+02 1.259806e-01 9.915997e-01 2.930368e-02 3.109546e+01 -1.397904e-02 -2.776164e-02 9.995168e-01 -6.467810e+00
9.920227e-01 -1.257729e-01 8.497613e-03 2.910713e+02 1.254704e-01 9.916499e-01 2.979445e-02 3.130068e+01 -1.217399e-02 -2.849057e-02 9.995199e-01 -6.538522e+00
9.919288e-01 -1.264578e-01 9.254609e-03 2.928641e+02 1.261559e-01 9.916139e-01 2.804622e-02 3.151222e+01 -1.272366e-02 -2.665233e-02 9.995638e-01 -6.627469e+00
9.919062e-01 -1.266142e-01 9.530785e-03 2.946692e+02 1.262647e-01 9.915090e-01 3.109770e-02 3.171559e+01 -1.338727e-02 -2.964260e-02 9.994709e-01 -6.707034e+00
9.917338e-01 -1.274615e-01 1.474787e-02 2.964604e+02 1.269662e-01 9.914321e-01 3.069888e-02 3.191677e+01 -1.853443e-02 -2.857263e-02 9.994199e-01 -6.755691e+00
9.915214e-01 -1.284913e-01 1.937308e-02 2.982553e+02 1.278039e-01 9.912398e-01 3.331621e-02 3.213260e+01 -2.348421e-02 -3.055779e-02 9.992571e-01 -6.862351e+00
9.913784e-01 -1.293404e-01 2.097187e-02 3.000535e+02 1.285679e-01 9.910917e-01 3.474848e-02 3.234621e+01 -2.527943e-02 -3.175258e-02 9.991760e-01 -6.939582e+00
9.914029e-01 -1.294367e-01 1.914192e-02 3.018444e+02 1.286834e-01 9.910172e-01 3.640603e-02 3.254430e+01 -2.368224e-02 -3.362979e-02 9.991537e-01 -7.068762e+00
9.913793e-01 -1.297696e-01 1.807920e-02 3.036313e+02 1.290898e-01 9.910246e-01 3.473043e-02 3.277297e+01 -2.242388e-02 -3.209719e-02 9.992332e-01 -7.132743e+00
9.914768e-01 -1.294006e-01 1.514054e-02 3.054123e+02 1.288035e-01 9.910394e-01 3.536070e-02 3.297736e+01 -1.958057e-02 -3.310916e-02 9.992599e-01 -7.231326e+00
9.914452e-01 -1.294111e-01 1.700680e-02 3.072116e+02 1.287615e-01 9.910600e-01 3.494003e-02 3.318595e+01 -2.137638e-02 -3.245131e-02 9.992447e-01 -7.319585e+00
9.914284e-01 -1.296802e-01 1.589772e-02 3.089819e+02 1.290070e-01 9.909213e-01 3.784252e-02 3.340824e+01 -2.066081e-02 -3.546723e-02 9.991572e-01 -7.397657e+00
9.914631e-01 -1.295316e-01 1.491817e-02 3.107749e+02 1.288766e-01 9.909056e-01 3.868849e-02 3.361385e+01 -1.979388e-02 -3.643561e-02 9.991400e-01 -7.502530e+00
9.915003e-01 -1.293959e-01 1.356085e-02 3.125638e+02 1.288136e-01 9.909620e-01 3.743443e-02 3.382886e+01 -1.828215e-02 -3.536943e-02 9.992071e-01 -7.593666e+00
9.914601e-01 -1.295684e-01 1.479757e-02 3.143638e+02 1.289727e-01 9.909990e-01 3.587577e-02 3.404612e+01 -1.931274e-02 -3.366091e-02 9.992467e-01 -7.685257e+00
9.913634e-01 -1.302751e-01 1.506701e-02 3.161319e+02 1.296531e-01 9.908786e-01 3.673619e-02 3.426043e+01 -1.971539e-02 -3.446543e-02 9.992114e-01 -7.779532e+00
9.914061e-01 -1.301511e-01 1.321054e-02 3.179147e+02 1.295895e-01 9.908791e-01 3.694989e-02 3.447091e+01 -1.789912e-02 -3.492041e-02 9.992298e-01 -7.873650e+00
9.914042e-01 -1.301472e-01 1.338992e-02 3.196886e+02 1.295860e-01 9.908931e-01 3.658606e-02 3.468441e+01 -1.802955e-02 -3.453643e-02 9.992408e-01 -7.974837e+00
9.913471e-01 -1.304308e-01 1.478602e-02 3.214647e+02 1.298221e-01 9.908634e-01 3.654786e-02 3.489798e+01 -1.941790e-02 -3.431207e-02 9.992225e-01 -8.046756e+00
9.913442e-01 -1.303613e-01 1.558013e-02 3.232412e+02 1.296919e-01 9.908184e-01 3.819600e-02 3.510739e+01 -2.041637e-02 -3.584476e-02 9.991488e-01 -8.157470e+00
9.912968e-01 -1.308937e-01 1.405448e-02 3.250156e+02 1.302425e-01 9.906708e-01 4.010488e-02 3.531920e+01 -1.917284e-02 -3.792534e-02 9.990966e-01 -8.245808e+00
9.911960e-01 -1.316986e-01 1.363844e-02 3.267926e+02 1.310368e-01 9.905096e-01 4.146874e-02 3.554139e+01 -1.897038e-02 -3.931651e-02 9.990467e-01 -8.349232e+00
9.910910e-01 -1.323632e-01 1.478246e-02 3.285660e+02 1.316654e-01 9.904457e-01 4.100650e-02 3.575574e+01 -2.006897e-02 -3.869484e-02 9.990495e-01 -8.431793e+00
9.909486e-01 -1.333090e-01 1.579994e-02 3.303210e+02 1.325157e-01 9.902209e-01 4.361492e-02 3.596448e+01 -2.145969e-02 -4.112641e-02 9.989235e-01 -8.540812e+00
9.905932e-01 -1.356283e-01 1.816753e-02 3.320782e+02 1.347177e-01 9.898893e-01 4.439176e-02 3.618077e+01 -2.400461e-02 -4.152669e-02 9.988490e-01 -8.612243e+00
9.899979e-01 -1.385216e-01 2.675718e-02 3.338419e+02 1.371162e-01 9.893577e-01 4.868549e-02 3.639507e+01 -3.321642e-02 -4.452969e-02 9.984557e-01 -8.825131e+00
9.898251e-01 -1.401022e-01 2.485142e-02 3.356258e+02 1.388911e-01 9.892777e-01 4.515318e-02 3.662741e+01 -3.091102e-02 -4.124211e-02 9.986709e-01 -8.806998e+00
9.895783e-01 -1.420006e-01 2.388682e-02 3.373899e+02 1.408573e-01 9.890435e-01 4.418295e-02 3.685462e+01 -2.989910e-02 -4.035786e-02 9.987379e-01 -9.010988e+00
9.894484e-01 -1.433407e-01 2.110122e-02 3.391675e+02 1.422931e-01 9.888108e-01 4.478949e-02 3.710135e+01 -2.728527e-02 -4.131433e-02 9.987736e-01 -9.031700e+00
9.893257e-01 -1.444310e-01 1.934795e-02 3.409323e+02 1.434065e-01 9.885620e-01 4.668719e-02 3.733151e+01 -2.586973e-02 -4.341421e-02 9.987221e-01 -9.156648e+00
9.888855e-01 -1.469421e-01 2.265862e-02 3.427188e+02 1.458114e-01 9.882716e-01 4.536687e-02 3.757516e+01 -2.905918e-02 -4.155876e-02 9.987134e-01 -9.233472e+00
9.885825e-01 -1.483848e-01 2.620382e-02 3.445023e+02 1.471055e-01 9.880780e-01 4.540807e-02 3.780794e+01 -3.262929e-02 -4.103490e-02 9.986248e-01 -9.353477e+00
9.883948e-01 -1.488189e-01 3.047419e-02 3.462686e+02 1.473135e-01 9.879816e-01 4.680875e-02 3.804937e+01 -3.707397e-02 -4.177626e-02 9.984389e-01 -9.464860e+00
9.885024e-01 -1.481886e-01 3.005271e-02 3.480802e+02 1.465573e-01 9.879022e-01 5.069650e-02 3.828004e+01 -3.720178e-02 -4.570917e-02 9.982618e-01 -9.584105e+00
9.884574e-01 -1.485610e-01 2.969194e-02 3.498597e+02 1.468868e-01 9.877701e-01 5.229419e-02 3.853605e+01 -3.709768e-02 -4.732922e-02 9.981902e-01 -9.690883e+00
9.884185e-01 -1.490956e-01 2.827374e-02 3.516541e+02 1.475003e-01 9.876962e-01 5.196171e-02 3.878652e+01 -3.567313e-02 -4.718953e-02 9.982488e-01 -9.801759e+00
9.884895e-01 -1.488106e-01 2.727374e-02 3.534644e+02 1.473907e-01 9.879007e-01 4.824909e-02 3.903778e+01 -3.412373e-02 -4.367382e-02 9.984629e-01 -9.909441e+00
9.885107e-01 -1.487343e-01 2.692001e-02 3.552385e+02 1.472247e-01 9.877701e-01 5.133673e-02 3.926904e+01 -3.422631e-02 -4.678361e-02 9.983185e-01 -1.005443e+01
9.884190e-01 -1.495416e-01 2.579133e-02 3.570757e+02 1.480900e-01 9.876493e-01 5.116773e-02 3.954276e+01 -3.312449e-02 -4.675572e-02 9.983570e-01 -1.012234e+01
9.882028e-01 -1.511778e-01 2.450610e-02 3.588808e+02 1.497131e-01 9.872860e-01 5.340654e-02 3.977821e+01 -3.226841e-02 -4.910761e-02 9.982721e-01 -1.029312e+01
9.879884e-01 -1.532422e-01 1.989689e-02 3.606926e+02 1.521411e-01 9.871733e-01 4.839600e-02 4.005634e+01 -2.705799e-02 -4.478755e-02 9.986300e-01 -1.033883e+01
9.879015e-01 -1.537054e-01 2.062028e-02 3.625048e+02 1.525569e-01 9.870830e-01 4.892374e-02 4.029815e+01 -2.787377e-02 -4.518608e-02 9.985896e-01 -1.048675e+01
9.876089e-01 -1.548912e-01 2.524611e-02 3.643405e+02 1.537239e-01 9.871770e-01 4.301471e-02 4.057655e+01 -3.158498e-02 -3.860078e-02 9.987554e-01 -1.055139e+01
9.872665e-01 -1.558640e-01 3.179855e-02 3.661571e+02 1.541894e-01 9.867921e-01 4.966652e-02 4.082674e+01 -3.911978e-02 -4.413109e-02 9.982595e-01 -1.068272e+01
9.871069e-01 -1.572656e-01 2.979084e-02 3.679878e+02 1.554534e-01 9.862742e-01 5.565261e-02 4.108896e+01 -3.813418e-02 -5.030398e-02 9.980056e-01 -1.081709e+01
9.871214e-01 -1.579177e-01 2.556047e-02 3.698123e+02 1.562525e-01 9.860361e-01 5.760426e-02 4.136020e+01 -3.430028e-02 -5.286850e-02 9.980122e-01 -1.095086e+01
9.869941e-01 -1.591560e-01 2.262599e-02 3.716457e+02 1.577258e-01 9.859483e-01 5.503118e-02 4.163035e+01 -3.106660e-02 -5.074675e-02 9.982283e-01 -1.105542e+01
9.867292e-01 -1.602904e-01 2.593175e-02 3.734960e+02 1.587332e-01 9.858526e-01 5.383559e-02 4.190803e+01 -3.419421e-02 -4.900492e-02 9.982131e-01 -1.117381e+01
9.863722e-01 -1.621907e-01 2.764073e-02 3.753270e+02 1.604962e-01 9.854876e-01 5.527430e-02 4.218546e+01 -3.620457e-02 -5.008480e-02 9.980885e-01 -1.131990e+01
9.861009e-01 -1.635771e-01 2.911312e-02 3.771605e+02 1.617393e-01 9.851812e-01 5.708267e-02 4.245909e+01 -3.801912e-02 -5.158053e-02 9.979449e-01 -1.142757e+01
9.859519e-01 -1.649292e-01 2.640457e-02 3.790016e+02 1.631884e-01 9.848731e-01 5.826351e-02 4.274891e+01 -3.561451e-02 -5.313610e-02 9.979520e-01 -1.158975e+01
9.858416e-01 -1.664166e-01 2.053745e-02 3.808536e+02 1.650450e-01 9.846736e-01 5.637410e-02 4.304082e+01 -2.960427e-02 -5.218633e-02 9.981984e-01 -1.168804e+01
9.856339e-01 -1.677221e-01 1.987934e-02 3.827172e+02 1.664189e-01 9.845117e-01 5.514868e-02 4.332721e+01 -2.882110e-02 -5.104811e-02 9.982802e-01 -1.183888e+01
9.853854e-01 -1.693828e-01 1.803354e-02 3.845637e+02 1.681919e-01 9.842511e-01 5.441828e-02 4.363068e+01 -2.696705e-02 -5.058988e-02 9.983554e-01 -1.194970e+01
9.852344e-01 -1.704492e-01 1.613376e-02 3.864137e+02 1.692892e-01 9.839199e-01 5.694669e-02 4.393105e+01 -2.558084e-02 -5.337457e-02 9.982468e-01 -1.208848e+01
9.851429e-01 -1.712353e-01 1.310975e-02 3.882810e+02 1.702330e-01 9.837482e-01 5.710056e-02 4.423723e+01 -2.267432e-02 -5.402051e-02 9.982824e-01 -1.221148e+01
9.849402e-01 -1.721054e-01 1.650586e-02 3.901346e+02 1.709831e-01 9.837576e-01 5.464029e-02 4.453119e+01 -2.564166e-02 -5.099520e-02 9.983697e-01 -1.230705e+01
9.846227e-01 -1.737944e-01 1.770991e-02 3.920093e+02 1.726479e-01 9.835467e-01 5.318505e-02 4.483195e+01 -2.666179e-02 -4.930963e-02 9.984276e-01 -1.244501e+01
9.842130e-01 -1.750517e-01 2.610974e-02 3.938768e+02 1.735192e-01 9.834293e-01 5.251632e-02 4.514706e+01 -3.487016e-02 -4.715670e-02 9.982787e-01 -1.256844e+01
9.841337e-01 -1.760156e-01 2.234606e-02 3.957516e+02 1.746663e-01 9.832351e-01 5.234718e-02 4.545182e+01 -3.118536e-02 -4.761352e-02 9.983789e-01 -1.267578e+01
9.838549e-01 -1.768555e-01 2.741730e-02 3.976309e+02 1.751824e-01 9.830183e-01 5.464238e-02 4.575719e+01 -3.661552e-02 -4.895714e-02 9.981295e-01 -1.282872e+01
9.836693e-01 -1.782477e-01 2.494871e-02 3.995075e+02 1.767193e-01 9.827830e-01 5.392628e-02 4.607510e+01 -3.413140e-02 -4.863671e-02 9.982332e-01 -1.291329e+01
9.834085e-01 -1.794758e-01 2.638305e-02 4.013909e+02 1.777999e-01 9.824679e-01 5.607184e-02 4.638384e+01 -3.598404e-02 -5.045062e-02 9.980781e-01 -1.308872e+01
9.831965e-01 -1.811749e-01 2.236689e-02 4.032700e+02 1.797707e-01 9.822307e-01 5.390330e-02 4.671227e+01 -3.173537e-02 -4.897663e-02 9.982956e-01 -1.318398e+01
9.828518e-01 -1.827584e-01 2.452829e-02 4.051642e+02 1.812076e-01 9.819021e-01 5.506602e-02 4.703702e+01 -3.414816e-02 -4.967703e-02 9.981814e-01 -1.332753e+01
9.825839e-01 -1.845228e-01 2.191144e-02 4.070394e+02 1.831143e-01 9.815722e-01 5.463849e-02 4.736331e+01 -3.158971e-02 -4.967461e-02 9.982657e-01 -1.344059e+01
9.820753e-01 -1.865726e-01 2.680773e-02 4.089158e+02 1.848556e-01 9.811445e-01 5.642510e-02 4.769152e+01 -3.682964e-02 -5.045814e-02 9.980469e-01 -1.358785e+01
9.818479e-01 -1.882587e-01 2.309280e-02 4.108159e+02 1.867195e-01 9.807756e-01 5.669982e-02 4.803842e+01 -3.332309e-02 -5.135872e-02 9.981242e-01 -1.370266e+01
9.815422e-01 -1.895712e-01 2.525142e-02 4.126989e+02 1.879040e-01 9.805229e-01 5.715515e-02 4.836587e+01 -3.559458e-02 -5.135535e-02 9.980459e-01 -1.384488e+01
9.813551e-01 -1.908073e-01 2.312385e-02 4.145977e+02 1.892909e-01 9.803292e-01 5.588978e-02 4.871976e+01 -3.333316e-02 -5.047059e-02 9.981691e-01 -1.396093e+01
9.810017e-01 -1.923103e-01 2.554054e-02 4.165066e+02 1.906586e-01 9.800446e-01 5.623106e-02 4.906516e+01 -3.584468e-02 -5.029325e-02 9.980910e-01 -1.411227e+01
9.808584e-01 -1.933235e-01 2.330035e-02 4.184200e+02 1.917150e-01 9.797195e-01 5.826414e-02 4.942093e+01 -3.409164e-02 -5.268185e-02 9.980292e-01 -1.423871e+01
9.808256e-01 -1.937793e-01 2.075455e-02 4.203380e+02 1.923072e-01 9.796076e-01 5.819562e-02 4.977062e+01 -3.160843e-02 -5.308850e-02 9.980894e-01 -1.437193e+01
9.807835e-01 -1.941219e-01 1.950347e-02 4.222754e+02 1.927879e-01 9.796515e-01 5.581778e-02 5.013530e+01 -2.994205e-02 -5.098512e-02 9.982505e-01 -1.449230e+01
