1.000000e+00 0.000000e+00 0.000000e+00 0.000000e+00 0.000000e+00 1.000000e+00 0.000000e+00 0.000000e+00 0.000000e+00 0.000000e+00 1.000000e+00 0.000000e+00
9.999919e-01 -4.017923e-03 2.399372e-04 3.706557e-01 4.018004e-03 9.999919e-01 -3.336793e-04 4.742084e-02 -2.385945e-04 3.346406e-04 9.999999e-01 4.977644e-03
9.999846e-01 -4.808750e-03 -2.769338e-03 5.345338e-01 4.809541e-03 9.999883e-01 2.792838e-04 1.016984e-01 2.767963e-03 -2.925988e-04 9.999961e-01 5.782044e-03
9.999902e-01 -3.137156e-03 -3.106709e-03 7.441553e-01 3.143654e-03 9.999928e-01 2.089067e-03 1.778221e-01 3.100133e-03 -2.098813e-03 9.999930e-01 -1.316844e-02
9.999835e-01 -3.746064e-03 -4.345016e-03 1.056645e+00 3.758319e-03 9.999889e-01 2.815847e-03 2.389844e-01 4.334420e-03 -2.832131e-03 9.999866e-01 2.344680e-02
9.999834e-01 -4.909066e-03 -3.015712e-03 1.706840e+00 4.918192e-03 9.999833e-01 3.025931e-03 2.841738e-01 3.000807e-03 -3.040713e-03 9.999909e-01 -8.718523e-03
9.999682e-01 -7.134637e-03 -3.552060e-03 2.439298e+00 7.147169e-03 9.999682e-01 3.527832e-03 3.109341e-01 3.526778e-03 -3.553107e-03 9.999875e-01 -1.052274e-02
9.999530e-01 -8.271175e-03 -5.050910e-03 3.684780e+00 8.293564e-03 9.999559e-01 4.427886e-03 3.399929e-01 5.014063e-03 -4.469568e-03 9.999775e-01 -3.175818e-02
9.999562e-01 -7.846583e-03 -5.109120e-03 4.792292e+00 7.862223e-03 9.999644e-01 3.048337e-03 3.549609e-01 5.085019e-03 -3.088373e-03 9.999823e-01 -7.622980e-02
9.999360e-01 -9.093858e-03 -6.730109e-03 6.630802e+00 9.108391e-03 9.999563e-01 2.131756e-03 3.851761e-01 6.710429e-03 -2.192920e-03 9.999751e-01 -6.850225e-02
9.999429e-01 -9.159029e-03 -5.507450e-03 8.491779e+00 9.168536e-03 9.999565e-01 1.703329e-03 3.791419e-01 5.491610e-03 -1.753727e-03 9.999834e-01 -1.470573e-01
9.999590e-01 -7.891629e-03 -4.439895e-03 1.043114e+01 7.899513e-03 9.999671e-01 1.761009e-03 4.036525e-01 4.425852e-03 -1.796009e-03 9.999886e-01 -1.384094e-01
9.999657e-01 -7.558134e-03 -3.388172e-03 1.302786e+01 7.567292e-03 9.999678e-01 2.698108e-03 4.179228e-01 3.367670e-03 -2.723654e-03 9.999906e-01 -1.876206e-01
9.999751e-01 -7.053633e-03 -1.133669e-05 1.587072e+01 7.053636e-03 9.999707e-01 2.948198e-03 3.721295e-01 -9.459153e-06 -2.948205e-03 9.999956e-01 -2.493928e-01
9.999667e-01 -7.346078e-03 -3.562526e-03 1.870647e+01 7.364538e-03 9.999593e-01 5.196636e-03 3.846110e-01 3.524206e-03 -5.222699e-03 9.999802e-01 -2.808163e-01
9.999737e-01 -6.506706e-03 -3.220479e-03 2.146770e+01 6.521157e-03 9.999686e-01 4.497285e-03 3.444271e-01 3.191115e-03 -4.518168e-03 9.999847e-01 -3.849599e-01
9.999624e-01 -7.460929e-03 -4.419445e-03 2.423860e+01 7.479630e-03 9.999629e-01 4.230523e-03 3.572630e-01 4.387718e-03 -4.263420e-03 9.999813e-01 -3.799409e-01
9.999592e-01 -8.219926e-03 -3.746664e-03 2.700771e+01 8.230207e-03 9.999624e-01 2.737364e-03 3.503263e-01 3.724022e-03 -2.768088e-03 9.999892e-01 -4.790173e-01
9.999594e-01 -8.818498e-03 -1.845398e-03 2.978835e+01 8.823080e-03 9.999580e-01 2.490140e-03 3.404633e-01 1.823361e-03 -2.506321e-03 9.999952e-01 -5.161901e-01
9.999472e-01 -9.595044e-03 -3.662148e-03 3.257378e+01 9.613007e-03 9.999418e-01 4.919449e-03 3.455563e-01 3.614733e-03 -4.954394e-03 9.999812e-01 -5.593188e-01
9.999448e-01 -1.000521e-02 -3.214495e-03 3.535772e+01 1.001001e-02 9.999489e-01 1.478911e-03 3.366182e-01 3.199533e-03 -1.511007e-03 9.999937e-01 -6.632564e-01
9.999368e-01 -1.073437e-02 -3.335034e-03 3.813802e+01 1.074101e-02 9.999404e-01 1.978060e-03 3.462775e-01 3.313602e-03 -2.013757e-03 9.999925e-01 -6.447182e-01
9.999303e-01 -1.100218e-02 -4.295196e-03 4.091393e+01 1.099831e-02 9.999392e-01 -9.230562e-04 3.497762e-01 4.305091e-03 8.757519e-04 9.999903e-01 -7.343814e-01
9.999302e-01 -1.128467e-02 -3.507107e-03 4.367178e+01 1.127988e-02 9.999354e-01 -1.383901e-03 3.453018e-01 3.522498e-03 1.344244e-03 9.999929e-01 -7.561062e-01
9.999282e-01 -1.139644e-02 -3.713769e-03 4.643953e+01 1.139919e-02 9.999349e-01 7.194990e-04 3.581626e-01 3.705327e-03 -7.617812e-04 9.999928e-01 -7.970514e-01
9.999332e-01 -1.091650e-02 -3.783835e-03 4.919182e+01 1.092573e-02 9.999373e-01 2.426873e-03 3.419972e-01 3.757105e-03 -2.468053e-03 9.999899e-01 -8.507041e-01
9.999374e-01 -1.004779e-02 -4.926336e-03 5.189915e+01 1.006868e-02 9.999403e-01 4.234558e-03 3.389131e-01 4.883495e-03 -4.283895e-03 9.999789e-01 -8.746557e-01
9.999394e-01 -9.810168e-03 -4.987253e-03 5.462975e+01 9.824896e-03 9.999475e-01 2.937336e-03 3.297977e-01 4.958176e-03 -2.986157e-03 9.999833e-01 -9.677600e-01
9.999444e-01 -9.215191e-03 -5.123061e-03 5.735111e+01 9.231802e-03 9.999522e-01 3.228363e-03 3.193767e-01 5.093066e-03 -3.275479e-03 9.999816e-01 -9.721612e-01
9.999487e-01 -8.577475e-03 -5.384890e-03 6.015718e+01 8.593062e-03 9.999589e-01 2.878068e-03 3.116433e-01 5.359983e-03 -2.924193e-03 9.999813e-01 -1.060317e+00
9.999579e-01 -7.861431e-03 -4.744715e-03 6.295198e+01 7.874520e-03 9.999652e-01 2.746162e-03 3.004281e-01 4.722961e-03 -2.783408e-03 9.999850e-01 -1.091374e+00
9.999598e-01 -6.643192e-03 -6.030942e-03 6.572188e+01 6.674234e-03 9.999645e-01 5.141619e-03 2.939589e-01 5.996571e-03 -5.181664e-03 9.999686e-01 -1.138029e+00
9.999743e-01 -5.478259e-03 -4.617796e-03 6.851346e+01 5.502034e-03 9.999715e-01 5.151649e-03 2.734157e-01 4.589443e-03 -5.176924e-03 9.999760e-01 -1.208735e+00
9.999692e-01 -4.618765e-03 -6.336472e-03 7.130875e+01 4.661746e-03 9.999661e-01 6.785327e-03 2.632719e-01 6.304918e-03 -6.814657e-03 9.999569e-01 -1.229416e+00
9.999846e-01 -4.303137e-03 -3.507824e-03 7.407278e+01 4.324690e-03 9.999717e-01 6.160274e-03 2.623794e-01 3.481216e-03 -6.175349e-03 9.999748e-01 -1.335207e+00
9.999819e-01 -3.594777e-03 -4.813925e-03 7.686335e+01 3.621747e-03 9.999777e-01 5.605398e-03 2.348639e-01 4.793668e-03 -5.622732e-03 9.999727e-01 -1.354600e+00
9.999757e-01 -2.691678e-03 -6.421529e-03 7.962473e+01 2.728842e-03 9.999796e-01 5.785621e-03 2.105524e-01 6.405825e-03 -5.803004e-03 9.999626e-01 -1.431007e+00
9.999889e-01 -1.485298e-03 -4.462466e-03 8.231888e+01 1.512874e-03 9.999796e-01 6.182696e-03 1.764635e-01 4.453193e-03 -6.189379e-03 9.999709e-01 -1.495004e+00
9.999782e-01 -8.471799e-04 -6.537642e-03 8.508765e+01 8.960512e-04 9.999717e-01 7.476063e-03 1.637280e-01 6.531123e-03 -7.481759e-03 9.999507e-01 -1.521362e+00
9.999911e-01 7.602100e-05 -4.213574e-03 8.786820e+01 -4.510427e-05 9.999731e-01 7.337020e-03 1.178436e-01 4.214019e-03 -7.336765e-03 9.999642e-01 -1.626883e+00
9.999854e-01 6.902582e-04 -5.357971e-03 9.063686e+01 -6.498893e-04 9.999715e-01 7.532441e-03 9.642192e-02 5.363017e-03 -7.528849e-03 9.999573e-01 -1.637055e+00
9.999905e-01 6.887179e-04 -4.300395e-03 9.341747e+01 -6.624735e-04 9.999812e-01 6.101245e-03 6.898614e-02 4.304517e-03 -6.098338e-03 9.999722e-01 -1.736393e+00
9.999921e-01 8.244940e-04 -3.894679e-03 9.617625e+01 -8.055695e-04 9.999878e-01 4.858138e-03 3.586356e-02 3.898637e-03 -4.854962e-03 9.999806e-01 -1.770376e+00
9.999914e-01 1.276536e-03 -3.940453e-03 9.893645e+01 -1.256130e-03 9.999858e-01 5.176971e-03 3.665467e-03 3.947006e-03 -5.171977e-03 9.999788e-01 -1.822961e+00
9.999962e-01 1.265380e-03 -2.431722e-03 1.017184e+02 -1.255568e-03 9.999911e-01 4.032320e-03 -2.454961e-02 2.436803e-03 -4.029251e-03 9.999889e-01 -1.904907e+00
9.999895e-01 1.695916e-03 -4.257127e-03 1.045135e+02 -1.671122e-03 9.999816e-01 5.820943e-03 -6.099688e-02 4.266920e-03 -5.813768e-03 9.999740e-01 -1.900800e+00
9.999858e-01 2.647731e-03 -4.630136e-03 1.072477e+02 -2.620059e-03 9.999788e-01 5.972293e-03 -1.145346e-01 4.645850e-03 -5.960077e-03 9.999714e-01 -2.005394e+00
9.999911e-01 2.238314e-03 -3.581778e-03 1.100176e+02 -2.213573e-03 9.999738e-01 6.896602e-03 -1.386742e-01 3.597121e-03 -6.888613e-03 9.999698e-01 -2.021510e+00
9.999926e-01 2.605646e-03 -2.828897e-03 1.127881e+02 -2.583873e-03 9.999673e-01 7.673164e-03 -1.692794e-01 2.848798e-03 -7.665798e-03 9.999666e-01 -2.113766e+00
9.999944e-01 3.270257e-03 -7.233700e-04 1.155466e+02 -3.263482e-03 9.999526e-01 9.176538e-03 -2.120128e-01 7.533453e-04 -9.174126e-03 9.999576e-01 -2.183939e+00
9.999862e-01 3.339532e-03 -4.048954e-03 1.183469e+02 -3.294872e-03 9.999341e-01 1.098709e-02 -2.467998e-01 4.085379e-03 -1.097360e-02 9.999315e-01 -2.233190e+00
9.999912e-01 3.559362e-03 -2.225394e-03 1.211305e+02 -3.539048e-03 9.999527e-01 9.066294e-03 -2.827976e-01 2.257559e-03 -9.058339e-03 9.999564e-01 -2.337086e+00
9.999859e-01 3.426417e-03 -4.041482e-03 1.239204e+02 -3.398990e-03 9.999713e-01 6.773869e-03 -3.133549e-01 4.064576e-03 -6.760037e-03 9.999689e-01 -2.350736e+00
9.999914e-01 3.596487e-03 -2.074809e-03 1.266878e+02 -3.585982e-03 9.999809e-01 5.045016e-03 -3.612514e-01 2.092913e-03 -5.037532e-03 9.999851e-01 -2.451420e+00
9.999943e-01 3.225854e-03 -1.011191e-03 1.294647e+02 -3.217713e-03 9.999630e-01 7.952144e-03 -3.978776e-01 1.036806e-03 -7.948846e-03 9.999679e-01 -2.480142e+00
9.999917e-01 3.246594e-03 -2.461942e-03 1.322551e+02 -3.222910e-03 9.999492e-01 9.563666e-03 -4.377427e-01 2.492866e-03 -9.555653e-03 9.999512e-01 -2.548319e+00
9.999955e-01 2.863091e-03 8.901109e-04 1.350359e+02 -2.872329e-03 9.999400e-01 1.055581e-02 -4.766336e-01 -8.598354e-04 -1.055832e-02 9.999439e-01 -2.644551e+00
9.999909e-01 2.743233e-03 -3.245875e-03 1.378154e+02 -2.707633e-03 9.999367e-01 1.092180e-02 -5.156029e-01 3.275631e-03 -1.091291e-02 9.999351e-01 -2.674005e+00
9.999937e-01 2.682193e-03 -2.331278e-03 1.405995e+02 -2.657056e-03 9.999391e-01 1.071945e-02 -5.607221e-01 2.359887e-03 -1.071319e-02 9.999398e-01 -2.799824e+00
9.999920e-01 2.673003e-03 -2.979135e-03 1.433865e+02 -2.641341e-03 9.999406e-01 1.058159e-02 -5.974749e-01 3.007242e-03 -1.057363e-02 9.999396e-01 -2.811326e+00
9.999943e-01 2.136519e-03 -2.598719e-03 1.461513e+02 -2.112168e-03 9.999543e-01 9.336991e-03 -6.353216e-01 2.618548e-03 -9.331450e-03 9.999530e-01 -2.928599e+00
9.999984e-01 1.777739e-03 -2.897769e-04 1.489401e+02 -1.774244e-03 9.999306e-01 1.164490e-02 -6.684865e-01 3.104584e-04 -1.164436e-02 9.999322e-01 -2.960467e+00
9.999945e-01 1.515257e-03 -2.946115e-03 1.517504e+02 -1.473131e-03 9.998974e-01 1.424896e-02 -6.986696e-01 2.967404e-03 -1.424454e-02 9.998941e-01 -3.064992e+00
9.999996e-01 8.736213e-04 -2.100796e-05 1.545199e+02 -8.732750e-04 9.999154e-01 1.297747e-02 -7.361268e-01 3.234357e-05 -1.297745e-02 9.999158e-01 -3.134818e+00
9.999977e-01 2.754494e-04 -2.143200e-03 1.572981e+02 -2.499660e-04 9.999293e-01 1.188154e-02 -7.660275e-01 2.146321e-03 -1.188098e-02 9.999271e-01 -3.212549e+00
9.999999e-01 -2.999761e-04 1.788344e-04 1.600606e+02 2.983284e-04 9.999580e-01 9.143477e-03 -8.030822e-01 -1.815698e-04 -9.143423e-03 9.999582e-01 -3.317717e+00
9.999994e-01 -8.049575e-04 -7.180739e-04 1.628641e+02 8.112641e-04 9.999607e-01 8.826007e-03 -8.204553e-01 7.109411e-04 -8.826585e-03 9.999608e-01 -3.341573e+00
9.999967e-01 -1.038119e-03 -2.340864e-03 1.656012e+02 1.056337e-03 9.999691e-01 7.794838e-03 -8.558828e-01 2.332699e-03 -7.797285e-03 9.999669e-01 -3.453916e+00
9.999990e-01 -1.363978e-03 -3.973179e-04 1.683431e+02 1.367780e-03 9.999517e-01 9.732442e-03 -8.866541e-01 3.840239e-04 -9.732975e-03 9.999526e-01 -3.486995e+00
9.999919e-01 -1.095040e-03 -3.877683e-03 1.711111e+02 1.137515e-03 9.999393e-01 1.096849e-02 -9.104785e-01 3.865436e-03 -1.097281e-02 9.999323e-01 -3.590002e+00
9.999968e-01 -1.793859e-04 -2.525356e-03 1.738352e+02 2.060999e-04 9.999441e-01 1.058205e-02 -9.578698e-01 2.523317e-03 -1.058253e-02 9.999408e-01 -3.667660e+00
9.999769e-01 1.387241e-03 -6.647941e-03 1.766007e+02 -1.317476e-03 9.999442e-01 1.048718e-02 -9.856969e-01 6.662118e-03 -1.047818e-02 9.999229e-01 -3.707814e+00
9.999647e-01 3.334765e-03 -7.714678e-03 1.793197e+02 -3.258117e-03 9.999455e-01 9.926684e-03 -1.029871e+00 7.747360e-03 -9.901198e-03 9.999210e-01 -3.844389e+00
9.999567e-01 5.758496e-03 -7.303944e-03 1.820366e+02 -5.689743e-03 9.999396e-01 9.399149e-03 -1.067454e+00 7.357629e-03 -9.357185e-03 9.999291e-01 -3.859743e+00
9.999351e-01 7.855141e-03 -8.251532e-03 1.847681e+02 -7.777319e-03 9.999254e-01 9.421371e-03 -1.111988e+00 8.324922e-03 -9.356584e-03 9.999216e-01 -3.975444e+00
9.999459e-01 9.053501e-03 -5.109313e-03 1.874975e+02 -9.011553e-03 9.999260e-01 8.174460e-03 -1.162183e+00 5.182942e-03 -8.127976e-03 9.999535e-01 -4.032941e+00
9.999242e-01 1.037898e-02 -6.616530e-03 1.902119e+02 -1.032702e-02 9.999161e-01 7.839327e-03 -1.209160e+00 6.697338e-03 -7.770404e-03 9.999474e-01 -4.068021e+00
9.999211e-01 1.161238e-02 -4.777033e-03 1.928916e+02 -1.158411e-02 9.999155e-01 5.904372e-03 -1.284398e+00 4.845193e-03 -5.848569e-03 9.999712e-01 -4.198853e+00
9.998993e-01 1.354245e-02 -4.238792e-03 1.956202e+02 -1.351754e-02 9.998916e-01 5.851517e-03 -1.338089e+00 4.317576e-03 -5.793630e-03 9.999739e-01 -4.194578e+00
9.998657e-01 1.482737e-02 -6.982640e-03 1.982808e+02 -1.477162e-02 9.998591e-01 7.970282e-03 -1.404277e+00 7.099835e-03 -7.866067e-03 9.999439e-01 -4.289560e+00
9.998576e-01 1.625671e-02 -4.531108e-03 2.009624e+02 -1.622324e-02 9.998415e-01 7.327481e-03 -1.472452e+00 4.649511e-03 -7.252929e-03 9.999629e-01 -4.373205e+00
9.998329e-01 1.757818e-02 -5.023614e-03 2.036851e+02 -1.753394e-02 9.998082e-01 8.719286e-03 -1.542114e+00 5.175920e-03 -8.629745e-03 9.999494e-01 -4.398659e+00
9.998350e-01 1.797379e-02 -2.613053e-03 2.063512e+02 -1.794967e-02 9.997985e-01 8.978321e-03 -1.624591e+00 2.773901e-03 -8.929937e-03 9.999563e-01 -4.516188e+00
9.998452e-01 1.759520e-02 -5.906223e-05 2.090164e+02 -1.759375e-02 9.997957e-01 9.942195e-03 -1.708867e+00 2.339851e-04 -9.939617e-03 9.999506e-01 -4.547897e+00
9.998616e-01 1.637813e-02 -2.914044e-03 2.116868e+02 -1.635031e-02 9.998229e-01 9.330467e-03 -1.762521e+00 3.066343e-03 -9.281530e-03 9.999522e-01 -4.631616e+00
9.998832e-01 1.527022e-02 5.352072e-04 2.143496e+02 -1.527364e-02 9.998580e-01 7.104380e-03 -1.839764e+00 -4.266458e-04 -7.111725e-03 9.999746e-01 -4.727619e+00
9.999015e-01 1.403715e-02 -2.202411e-04 2.170252e+02 -1.403421e-02 9.998505e-01 1.009479e-02 -1.897358e+00 3.619102e-04 -1.009070e-02 9.999490e-01 -4.745823e+00
9.999117e-01 1.328384e-02 -1.799398e-04 2.196623e+02 -1.328055e-02 9.998338e-01 1.248594e-02 -1.970960e+00 3.457711e-04 -1.248244e-02 9.999220e-01 -4.860931e+00
9.999194e-01 1.268071e-02 6.298016e-04 2.223310e+02 -1.268674e-02 9.998618e-01 1.072580e-02 -2.039076e+00 -4.937039e-04 -1.073293e-02 9.999423e-01 -4.917568e+00
9.999285e-01 1.190550e-02 -1.148867e-03 2.249769e+02 -1.189638e-02 9.999001e-01 7.640888e-03 -2.088800e+00 1.239721e-03 -7.626674e-03 9.999701e-01 -4.975219e+00
9.999254e-01 1.218927e-02 -8.041161e-04 2.276103e+02 -1.218301e-02 9.998986e-01 7.378022e-03 -2.168617e+00 8.939672e-04 -7.367675e-03 9.999725e-01 -5.071239e+00
9.999227e-01 1.226971e-02 -2.023307e-03 2.302283e+02 -1.224830e-02 9.998722e-01 1.027351e-02 -2.222837e+00 2.149101e-03 -1.024794e-02 9.999452e-01 -5.110065e+00
9.999130e-01 1.244143e-02 -4.391039e-03 2.328802e+02 -1.238450e-02 9.998419e-01 1.276170e-02 -2.277854e+00 4.549118e-03 -1.270621e-02 9.999089e-01 -5.184433e+00
9.999153e-01 1.272075e-02 -2.748767e-03 2.355019e+02 -1.269370e-02 9.998728e-01 9.645266e-03 -2.347872e+00 2.871113e-03 -9.609558e-03 9.999497e-01 -5.268773e+00
9.999149e-01 1.265728e-02 -3.141975e-03 2.381362e+02 -1.262998e-02 9.998835e-01 8.559703e-03 -2.413620e+00 3.249952e-03 -8.519291e-03 9.999585e-01 -5.318295e+00
9.999113e-01 1.288678e-02 -3.357885e-03 2.407412e+02 -1.286000e-02 9.998864e-01 7.877472e-03 -2.473242e+00 3.459019e-03 -7.833592e-03 9.999633e-01 -5.404387e+00
9.999102e-01 1.324445e-02 -2.064237e-03 2.433705e+02 -1.322682e-02 9.998778e-01 8.330044e-03 -2.536885e+00 2.174312e-03 -8.301993e-03 9.999632e-01 -5.469970e+00
9.999024e-01 1.336460e-02 -4.079892e-03 2.459882e+02 -1.332044e-02 9.998543e-01 1.066425e-02 -2.597939e+00 4.221822e-03 -1.060886e-02 9.999348e-01 -5.503816e+00
9.999021e-01 1.327352e-02 -4.438931e-03 2.485886e+02 -1.322083e-02 9.998443e-01 1.169481e-02 -2.654550e+00 4.593471e-03 -1.163497e-02 9.999217e-01 -5.608736e+00
9.999069e-01 1.322139e-02 -3.382856e-03 2.512150e+02 -1.319082e-02 9.998734e-01 8.906070e-03 -2.722699e+00 3.500178e-03 -8.860618e-03 9.999546e-01 -5.680804e+00
9.999024e-01 1.336356e-02 -4.064343e-03 2.538199e+02 -1.333640e-02 9.998890e-01 6.636974e-03 -2.782983e+00 4.152586e-03 -6.582123e-03 9.999697e-01 -5.730552e+00
9.998977e-01 1.323888e-02 -5.420647e-03 2.564179e+02 -1.321630e-02 9.999039e-01 4.179429e-03 -2.841385e+00 5.475457e-03 -4.107360e-03 9.999766e-01 -5.800067e+00
9.999011e-01 1.354059e-02 -3.810317e-03 2.590179e+02 -1.352065e-02 9.998951e-01 5.211511e-03 -2.912541e+00 3.880484e-03 -5.159477e-03 9.999791e-01 -5.868504e+00
9.998956e-01 1.386274e-02 -4.068979e-03 2.616157e+02 -1.382378e-02 9.998598e-01 9.453322e-03 -2.979729e+00 4.199457e-03 -9.396086e-03 9.999470e-01 -5.908885e+00
9.998816e-01 1.430627e-02 -5.672708e-03 2.641631e+02 -1.425282e-02 9.998546e-01 9.353943e-03 -3.040123e+00 5.805703e-03 -9.271983e-03 9.999402e-01 -5.982714e+00
9.998884e-01 1.443380e-02 -3.857954e-03 2.667606e+02 -1.441479e-02 9.998841e-01 4.910634e-03 -3.114484e+00 3.928386e-03 -4.854474e-03 9.999805e-01 -6.060211e+00
9.998899e-01 1.441223e-02 -3.539242e-03 2.693724e+02 -1.440417e-02 9.998935e-01 2.293833e-03 -3.171237e+00 3.571925e-03 -2.242600e-03 9.999911e-01 -6.086096e+00
9.998868e-01 1.446955e-02 -4.131398e-03 2.719380e+02 -1.446978e-02 9.998953e-01 -2.430444e-05 -3.233920e+00 4.130614e-03 8.408209e-05 9.999915e-01 -6.157854e+00
9.998904e-01 1.479244e-02 -5.348315e-04 2.744956e+02 -1.479230e-02 9.998904e-01 2.590080e-04 -3.305431e+00 5.386043e-04 -2.510683e-04 9.999998e-01 -6.199041e+00
9.998884e-01 1.477966e-02 -2.162041e-03 2.770417e+02 -1.476797e-02 9.998767e-01 5.326424e-03 -3.370862e+00 2.240497e-03 -5.293901e-03 9.999835e-01 -6.221254e+00
9.998900e-01 1.481939e-02 -5.128047e-04 2.796103e+02 -1.481250e-02 9.998238e-01 1.153718e-02 -3.440933e+00 6.836883e-04 -1.152832e-02 9.999333e-01 -6.308150e+00
9.998957e-01 1.439202e-02 1.237189e-03 2.821335e+02 -1.440372e-02 9.998460e-01 1.003739e-02 -3.491669e+00 -1.092540e-03 -1.005416e-02 9.999489e-01 -6.376664e+00
9.999001e-01 1.339139e-02 4.523661e-03 2.847284e+02 -1.341149e-02 9.999002e-01 4.441767e-03 -3.566181e+00 -4.463729e-03 -4.501992e-03 9.999799e-01 -6.465503e+00
9.999171e-01 1.174794e-02 5.260241e-03 2.872635e+02 -1.176907e-02 9.999226e-01 4.004673e-03 -3.628423e+00 -5.212788e-03 -4.066249e-03 9.999781e-01 -6.465307e+00
9.999349e-01 1.075278e-02 3.821850e-03 2.897942e+02 -1.078688e-02 9.999013e-01 9.015569e-03 -3.690904e+00 -3.724530e-03 -9.056209e-03 9.999521e-01 -6.570530e+00
9.999349e-01 9.458061e-03 6.392195e-03 2.923224e+02 -9.529442e-03 9.998916e-01 1.123009e-02 -3.740820e+00 -6.285287e-03 -1.129027e-02 9.999165e-01 -6.627226e+00
9.999632e-01 8.416843e-03 1.646518e-03 2.948665e+02 -8.432034e-03 9.999198e-01 9.447772e-03 -3.785114e+00 -1.566865e-03 -9.461308e-03 9.999540e-01 -6.644931e+00
9.999748e-01 7.081768e-03 5.087467e-04 2.974116e+02 -7.084679e-03 9.999572e-01 5.967375e-03 -3.830588e+00 -4.664653e-04 -5.970830e-03 9.999821e-01 -6.770855e+00
9.999795e-01 6.102739e-03 1.934457e-03 2.999488e+02 -6.111443e-03 9.999710e-01 4.525769e-03 -3.891426e+00 -1.906781e-03 -4.537499e-03 9.999879e-01 -6.811679e+00
9.999893e-01 4.623572e-03 2.070863e-04 3.024825e+02 -4.624533e-03 9.999774e-01 4.903283e-03 -3.925844e+00 -1.844109e-04 -4.904188e-03 9.999880e-01 -6.842978e+00
9.999954e-01 2.982527e-03 6.486921e-04 3.049940e+02 -2.986475e-03 9.999766e-01 6.173651e-03 -3.959048e+00 -6.302638e-04 -6.175559e-03 9.999807e-01 -6.922684e+00
9.999959e-01 2.833826e-03 3.397897e-04 3.075180e+02 -2.836617e-03 9.999597e-01 8.513984e-03 -4.005347e+00 -3.156489e-04 -8.514914e-03 9.999637e-01 -6.975924e+00
9.999979e-01 2.068907e-03 7.158460e-05 3.100561e+02 -2.069404e-03 9.999671e-01 7.835719e-03 -4.034929e+00 -5.537088e-05 -7.835851e-03 9.999693e-01 -7.046737e+00
9.999962e-01 2.010482e-03 -1.885156e-03 3.125927e+02 -2.002969e-03 9.999901e-01 3.978858e-03 -4.074649e+00 1.893137e-03 -3.975066e-03 9.999903e-01 -7.107000e+00
9.999948e-01 1.730511e-03 -2.710777e-03 3.150905e+02 -1.725649e-03 9.999970e-01 1.794921e-03 -4.113975e+00 2.713875e-03 -1.790234e-03 9.999947e-01 -7.162470e+00
9.999936e-01 1.259147e-03 -3.345974e-03 3.176048e+02 -1.247325e-03 9.999930e-01 3.533127e-03 -4.133760e+00 3.350399e-03 -3.528931e-03 9.999881e-01 -7.207108e+00
9.999889e-01 9.656910e-04 -4.603253e-03 3.201445e+02 -9.457011e-04 9.999901e-01 4.342773e-03 -4.173563e+00 4.607401e-03 -4.338371e-03 9.999800e-01 -7.245926e+00
9.999921e-01 1.416182e-04 -3.984138e-03 3.226304e+02 -1.238500e-04 9.999901e-01 4.459645e-03 -4.179307e+00 3.984731e-03 -4.459116e-03 9.999821e-01 -7.331153e+00
9.999863e-01 1.708314e-04 -5.229988e-03 3.251451e+02 -1.529494e-04 9.999942e-01 3.419339e-03 -4.224680e+00 5.230541e-03 -3.418492e-03 9.999804e-01 -7.371636e+00
9.999802e-01 -6.166651e-04 -6.259855e-03 3.276673e+02 6.436031e-04 9.999905e-01 4.302202e-03 -4.239588e+00 6.257143e-03 -4.306146e-03 9.999712e-01 -7.403443e+00
9.999656e-01 -2.389950e-04 -8.287210e-03 3.301601e+02 2.750834e-04 9.999905e-01 4.353842e-03 -4.284240e+00 8.286091e-03 -4.355972e-03 9.999562e-01 -7.478047e+00
9.999701e-01 -1.134324e-04 -7.727934e-03 3.326365e+02 1.306674e-04 9.999974e-01 2.229753e-03 -4.296048e+00 7.727662e-03 -2.230696e-03 9.999676e-01 -7.524786e+00
9.999474e-01 1.435771e-03 -1.015016e-02 3.351129e+02 -1.433223e-03 9.999988e-01 2.583834e-04 -4.337253e+00 1.015052e-02 -2.438224e-04 9.999484e-01 -7.564143e+00
9.999248e-01 3.709745e-03 -1.168588e-02 3.376451e+02 -3.707183e-03 9.999932e-01 2.408900e-04 -4.360919e+00 1.168669e-02 -1.975503e-04 9.999317e-01 -7.595711e+00
9.998888e-01 6.349249e-03 -1.348930e-02 3.401552e+02 -6.327308e-03 9.999785e-01 1.668598e-03 -4.402400e+00 1.349961e-02 -1.583061e-03 9.999076e-01 -7.651105e+00
9.998936e-01 8.251543e-03 -1.203020e-02 3.426897e+02 -8.214016e-03 9.999611e-01 3.165423e-03 -4.434919e+00 1.205585e-02 -3.066270e-03 9.999226e-01 -7.703937e+00
9.998966e-01 1.005842e-02 -1.027543e-02 3.451678e+02 -1.000783e-02 9.999377e-01 4.962800e-03 -4.501527e+00 1.032471e-02 -4.859452e-03 9.999349e-01 -7.728004e+00
9.999120e-01 1.014418e-02 -8.547468e-03 3.476501e+02 -1.011117e-02 9.999413e-01 3.896314e-03 -4.530968e+00 8.586491e-03 -3.809547e-03 9.999559e-01 -7.793514e+00
9.999054e-01 1.079740e-02 -8.522384e-03 3.501476e+02 -1.077153e-02 9.999373e-01 3.075061e-03 -4.580788e+00 8.555051e-03 -2.982971e-03 9.999589e-01 -7.884268e+00
9.998918e-01 1.194292e-02 -8.582574e-03 3.526636e+02 -1.193071e-02 9.999278e-01 1.471660e-03 -4.638016e+00 8.599530e-03 -1.369104e-03 9.999621e-01 -7.903750e+00
9.998638e-01 1.297173e-02 -1.020426e-02 3.551326e+02 -1.296991e-02 9.999160e-01 2.449726e-04 -4.701781e+00 1.020658e-02 -1.125909e-04 9.999479e-01 -7.950466e+00
9.998611e-01 1.324516e-02 -1.012000e-02 3.576081e+02 -1.324301e-02 9.999123e-01 2.798934e-04 -4.751832e+00 1.012282e-02 -1.458352e-04 9.999487e-01 -7.980059e+00
9.998575e-01 1.392081e-02 -9.552076e-03 3.600920e+02 -1.391022e-02 9.999026e-01 1.173692e-03 -4.813456e+00 9.567484e-03 -1.040654e-03 9.999537e-01 -8.041229e+00
9.998617e-01 1.451787e-02 -8.120119e-03 3.625586e+02 -1.451279e-02 9.998945e-01 6.846733e-04 -4.879947e+00 8.129201e-03 -5.667331e-04 9.999668e-01 -8.077247e+00
9.998657e-01 1.453320e-02 -7.578734e-03 3.650784e+02 -1.453516e-02 9.998943e-01 -2.032874e-04 -4.937877e+00 7.574979e-03 3.134182e-04 9.999713e-01 -8.100936e+00
9.998727e-01 1.428017e-02 -7.113584e-03 3.675183e+02 -1.427996e-02 9.998980e-01 7.995975e-05 -4.995312e+00 7.114001e-03 2.163214e-05 9.999747e-01 -8.162881e+00
9.998972e-01 1.305218e-02 -5.941305e-03 3.700012e+02 -1.304314e-02 9.999138e-01 1.557537e-03 -5.056803e+00 5.961122e-03 -1.479884e-03 9.999812e-01 -8.202819e+00
9.999095e-01 1.161830e-02 -6.777025e-03 3.724680e+02 -1.160418e-02 9.999305e-01 2.118715e-03 -5.101504e+00 6.801170e-03 -2.039881e-03 9.999748e-01 -8.229947e+00
9.999264e-01 1.067629e-02 -5.751077e-03 3.749629e+02 -1.066067e-02 9.999393e-01 2.740304e-03 -5.163891e+00 5.779985e-03 -2.678792e-03 9.999797e-01 -8.284760e+00
9.999275e-01 9.919585e-03 -6.830927e-03 3.774174e+02 -9.914205e-03 9.999504e-01 8.209649e-04 -5.212648e+00 6.838732e-03 -7.531821e-04 9.999763e-01 -8.340977e+00
9.999391e-01 8.913256e-03 -6.514599e-03 3.799030e+02 -8.915102e-03 9.999602e-01 -2.542668e-04 -5.248423e+00 6.512073e-03 3.123296e-04 9.999787e-01 -8.384515e+00
9.999098e-01 8.430393e-03 -1.046017e-02 3.823967e+02 -8.427268e-03 9.999644e-01 3.429072e-04 -5.304253e+00 1.046269e-02 -2.547255e-04 9.999452e-01 -8.410164e+00
9.999186e-01 7.606774e-03 -1.024168e-02 3.848854e+02 -7.596373e-03 9.999704e-01 1.054083e-03 -5.347769e+00 1.024940e-02 -9.761979e-04 9.999470e-01 -8.456791e+00
9.999335e-01 6.631726e-03 -9.430814e-03 3.873630e+02 -6.615858e-03 9.999765e-01 1.712835e-03 -5.395836e+00 9.441952e-03 -1.650328e-03 9.999540e-01 -8.501238e+00
9.999499e-01 5.667293e-03 -8.250630e-03 3.898367e+02 -5.659414e-03 9.999835e-01 9.779419e-04 -5.437753e+00 8.256036e-03 -9.311992e-04 9.999655e-01 -8.522737e+00
9.999377e-01 5.632451e-03 -9.634165e-03 3.923220e+02 -5.623202e-03 9.999838e-01 9.868771e-04 -5.490593e+00 9.639567e-03 -9.326408e-04 9.999531e-01 -8.566499e+00
9.999512e-01 5.381112e-03 -8.282718e-03 3.947918e+02 -5.368221e-03 9.999843e-01 1.577910e-03 -5.527255e+00 8.291080e-03 -1.533369e-03 9.999645e-01 -8.635032e+00
9.999515e-01 4.952999e-03 -8.508601e-03 3.972837e+02 -4.935171e-03 9.999857e-01 2.114978e-03 -5.561202e+00 8.518954e-03 -2.072884e-03 9.999616e-01 -8.671589e+00
9.999384e-01 4.668458e-03 -1.007077e-02 3.997808e+02 -4.650195e-03 9.999876e-01 1.836138e-03 -5.599399e+00 1.007922e-02 -1.789194e-03 9.999476e-01 -8.703721e+00
9.999293e-01 4.689164e-03 -1.092914e-02 4.022634e+02 -4.667439e-03 9.999870e-01 2.012390e-03 -5.644097e+00 1.093843e-02 -1.961237e-03 9.999382e-01 -8.766026e+00
9.999250e-01 4.376747e-03 -1.144422e-02 4.047296e+02 -4.352055e-03 9.999881e-01 2.181550e-03 -5.671821e+00 1.145363e-02 -2.131581e-03 9.999321e-01 -8.805923e+00
9.999175e-01 5.058479e-03 -1.180394e-02 4.072098e+02 -5.017245e-03 9.999813e-01 3.520231e-03 -5.720720e+00 1.182152e-02 -3.460717e-03 9.999241e-01 -8.864364e+00
9.999200e-01 5.340626e-03 -1.146930e-02 4.096982e+02 -5.310226e-03 9.999824e-01 2.679399e-03 -5.762387e+00 1.148341e-02 -2.618280e-03 9.999306e-01 -8.889819e+00
9.999165e-01 5.240713e-03 -1.181328e-02 4.121887e+02 -5.234032e-03 9.999862e-01 5.964379e-04 -5.793314e+00 1.181624e-02 -5.345570e-04 9.999300e-01 -8.947744e+00
9.999390e-01 5.775816e-03 -9.413468e-03 4.146253e+02 -5.783997e-03 9.999830e-01 -8.421426e-04 -5.842086e+00 9.408442e-03 8.965387e-04 9.999554e-01 -8.998147e+00
9.999435e-01 6.167500e-03 -8.658641e-03 4.171049e+02 -6.158010e-03 9.999803e-01 1.122223e-03 -5.886249e+00 8.665393e-03 -1.068840e-03 9.999619e-01 -9.027002e+00
9.999475e-01 6.303810e-03 -8.077273e-03 4.195699e+02 -6.282445e-03 9.999766e-01 2.667769e-03 -5.924597e+00 8.093903e-03 -2.616884e-03 9.999638e-01 -9.073326e+00
9.999508e-01 6.641524e-03 -7.368497e-03 4.220138e+02 -6.600336e-03 9.999624e-01 5.600180e-03 -5.960180e+00 7.405414e-03 -5.551270e-03 9.999571e-01 -9.135262e+00
9.999467e-01 6.877395e-03 -7.703695e-03 4.244939e+02 -6.827075e-03 9.999552e-01 6.539371e-03 -6.006382e+00 7.748325e-03 -6.486429e-03 9.999489e-01 -9.188894e+00
9.999517e-01 7.292530e-03 -6.597868e-03 4.269523e+02 -7.248573e-03 9.999516e-01 6.661803e-03 -6.055235e+00 6.646130e-03 -6.613655e-03 9.999561e-01 -9.258659e+00
9.999411e-01 7.025310e-03 -8.281291e-03 4.294241e+02 -6.983280e-03 9.999627e-01 5.093283e-03 -6.097123e+00 8.316763e-03 -5.035152e-03 9.999527e-01 -9.294837e+00
9.999471e-01 7.330537e-03 -7.211874e-03 4.318564e+02 -7.300915e-03 9.999648e-01 4.125307e-03 -6.143761e+00 7.241861e-03 -4.072436e-03 9.999655e-01 -9.372984e+00
9.999492e-01 7.336878e-03 -6.917986e-03 4.343103e+02 -7.309382e-03 9.999654e-01 3.991615e-03 -6.182856e+00 6.947032e-03 -3.940846e-03 9.999681e-01 -9.437416e+00
9.999453e-01 7.760919e-03 -7.011693e-03 4.367415e+02 -7.725526e-03 9.999572e-01 5.060714e-03 -6.231561e+00 7.050670e-03 -5.006268e-03 9.999626e-01 -9.459069e+00
9.999347e-01 7.662948e-03 -8.479246e-03 4.391712e+02 -7.622466e-03 9.999593e-01 4.796231e-03 -6.268868e+00 8.515655e-03 -4.731285e-03 9.999526e-01 -9.521009e+00
9.999335e-01 8.208349e-03 -8.105200e-03 4.416173e+02 -8.183995e-03 9.999619e-01 3.033315e-03 -6.328415e+00 8.129790e-03 -2.966780e-03 9.999626e-01 -9.575468e+00
9.999412e-01 8.101390e-03 -7.211284e-03 4.440475e+02 -8.078593e-03 9.999622e-01 3.184811e-03 -6.366582e+00 7.236814e-03 -3.126367e-03 9.999689e-01 -9.632935e+00
9.999431e-01 8.163654e-03 -6.873325e-03 4.464945e+02 -8.146898e-03 9.999639e-01 2.462355e-03 -6.415324e+00 6.893178e-03 -2.406219e-03 9.999734e-01 -9.662695e+00
9.999407e-01 8.293215e-03 -7.058914e-03 4.489472e+02 -8.266948e-03 9.999588e-01 3.742117e-03 -6.461061e+00 7.089658e-03 -3.683539e-03 9.999681e-01 -9.711493e+00
9.999436e-01 8.606439e-03 -6.231117e-03 4.513599e+02 -8.571763e-03 9.999478e-01 5.570542e-03 -6.513778e+00 6.278734e-03 -5.516816e-03 9.999651e-01 -9.782130e+00
9.999507e-01 8.284408e-03 -5.469138e-03 4.538110e+02 -8.255926e-03 9.999523e-01 5.210039e-03 -6.551081e+00 5.512039e-03 -5.164629e-03 9.999714e-01 -9.812592e+00
9.999422e-01 8.226162e-03 -6.929439e-03 4.562336e+02 -8.200061e-03 9.999592e-01 3.786839e-03 -6.595891e+00 6.960308e-03 -3.729798e-03 9.999688e-01 -9.882710e+00
9.999440e-01 8.216160e-03 -6.673242e-03 4.586870e+02 -8.191747e-03 9.999597e-01 3.677710e-03 -6.640008e+00 6.703190e-03 -3.622839e-03 9.999710e-01 -9.913043e+00
9.999381e-01 8.258536e-03 -7.458129e-03 4.610815e+02 -8.224437e-03 9.999557e-01 4.591240e-03 -6.690817e+00 7.495715e-03 -4.529617e-03 9.999617e-01 -9.984488e+00
9.999501e-01 8.037852e-03 -5.938507e-03 4.635124e+02 -8.007091e-03 9.999546e-01 5.185911e-03 -6.724362e+00 5.979920e-03 -5.138101e-03 9.999689e-01 -1.002912e+01
9.999505e-01 8.098653e-03 -5.775959e-03 4.659274e+02 -8.066520e-03 9.999520e-01 5.564994e-03 -6.778187e+00 5.820751e-03 -5.518127e-03 9.999678e-01 -1.006886e+01
9.999477e-01 8.272931e-03 -6.004417e-03 4.683519e+02 -8.241450e-03 9.999523e-01 5.248868e-03 -6.830310e+00 6.047554e-03 -5.199108e-03 9.999682e-01 -1.013627e+01
9.999513e-01 8.258364e-03 -5.400274e-03 4.707667e+02 -8.229704e-03 9.999520e-01 5.308229e-03 -6.874977e+00 5.443853e-03 -5.263528e-03 9.999713e-01 -1.018889e+01
9.999500e-01 8.220006e-03 -5.698395e-03 4.731945e+02 -8.192202e-03 9.999546e-01 4.885615e-03 -6.917494e+00 5.738296e-03 -4.838689e-03 9.999718e-01 -1.026174e+01
9.999445e-01 8.347973e-03 -6.423484e-03 4.756303e+02 -8.320553e-03 9.999561e-01 4.283531e-03 -6.972942e+00 6.458961e-03 -4.229847e-03 9.999702e-01 -1.028578e+01
9.999350e-01 8.401197e-03 -7.709572e-03 4.780259e+02 -8.358802e-03 9.999498e-01 5.514912e-03 -7.005730e+00 7.755517e-03 -5.450111e-03 9.999551e-01 -1.034017e+01
9.999222e-01 8.483593e-03 -9.143069e-03 4.804403e+02 -8.432579e-03 9.999487e-01 5.603755e-03 -7.053306e+00 9.190140e-03 -5.526220e-03 9.999425e-01 -1.042995e+01
9.999278e-01 9.273282e-03 -7.637433e-03 4.828306e+02 -9.226291e-03 9.999385e-01 6.165235e-03 -7.106419e+00 7.694134e-03 -6.094325e-03 9.999518e-01 -1.047311e+01
9.999336e-01 9.144802e-03 -7.009478e-03 4.852393e+02 -9.111980e-03 9.999474e-01 4.700238e-03 -7.154927e+00 7.052092e-03 -4.636056e-03 9.999644e-01 -1.050373e+01
9.999344e-01 9.558698e-03 -6.311773e-03 4.876400e+02 -9.544376e-03 9.999518e-01 2.295268e-03 -7.207843e+00 6.333408e-03 -2.234876e-03 9.999775e-01 -1.056213e+01
9.999299e-01 9.737429e-03 -6.732556e-03 4.900196e+02 -9.720542e-03 9.999496e-01 2.536300e-03 -7.246792e+00 6.756912e-03 -2.470678e-03 9.999741e-01 -1.060910e+01
9.999234e-01 1.039576e-02 -6.713793e-03 4.924205e+02 -1.036843e-02 9.999378e-01 4.093180e-03 -7.305246e+00 6.755928e-03 -4.023256e-03 9.999691e-01 -1.066857e+01
9.999296e-01 1.069328e-02 -5.146109e-03 4.948018e+02 -1.066931e-02 9.999323e-01 4.662475e-03 -7.358496e+00 5.195618e-03 -4.607241e-03 9.999759e-01 -1.071372e+01
9.999230e-01 1.087385e-02 -5.980929e-03 4.971981e+02 -1.085256e-02 9.999348e-01 3.581082e-03 -7.410241e+00 6.019478e-03 -3.515898e-03 9.999757e-01 -1.076108e+01
9.999304e-01 1.114028e-02 -3.891411e-03 4.996125e+02 -1.112951e-02 9.999342e-01 2.780396e-03 -7.459428e+00 3.922130e-03 -2.736893e-03 9.999886e-01 -1.081583e+01
9.999200e-01 1.153399e-02 -5.193225e-03 5.019812e+02 -1.151447e-02 9.999266e-01 3.771273e-03 -7.517753e+00 5.236342e-03 -3.711174e-03 9.999794e-01 -1.086672e+01
9.999095e-01 1.232576e-02 -5.389085e-03 5.043622e+02 -1.230560e-02 9.999171e-01 3.758594e-03 -7.574968e+00 5.434966e-03 -3.691938e-03 9.999784e-01 -1.091130e+01
9.999081e-01 1.263285e-02 -4.926709e-03 5.067453e+02 -1.260185e-02 9.999009e-01 6.273391e-03 -7.624524e+00 5.005472e-03 -6.210729e-03 9.999682e-01 -1.098040e+01
9.999024e-01 1.300492e-02 -5.103462e-03 5.091270e+02 -1.297153e-02 9.998945e-01 6.523838e-03 -7.678924e+00 5.187766e-03 -6.457001e-03 9.999657e-01 -1.101209e+01
9.999020e-01 1.292075e-02 -5.400861e-03 5.114678e+02 -1.286964e-02 9.998730e-01 9.393279e-03 -7.727396e+00 5.521544e-03 -9.322850e-03 9.999413e-01 -1.109453e+01
9.998898e-01 1.379197e-02 -5.495189e-03 5.138296e+02 -1.375287e-02 9.998802e-01 7.091153e-03 -7.792044e+00 5.592332e-03 -7.014797e-03 9.999598e-01 -1.114171e+01
9.998904e-01 1.394290e-02 -4.980005e-03 5.162043e+02 -1.391606e-02 9.998887e-01 5.384284e-03 -7.844827e+00 5.054523e-03 -5.314392e-03 9.999731e-01 -1.120564e+01
9.998860e-01 1.431033e-02 -4.806491e-03 5.185446e+02 -1.429050e-02 9.998894e-01 4.136425e-03 -7.900423e+00 4.865153e-03 -4.067267e-03 9.999799e-01 -1.125058e+01
9.998723e-01 1.495926e-02 -5.632494e-03 5.209086e+02 -1.493033e-02 9.998754e-01 5.143954e-03 -7.966989e+00 5.708741e-03 -5.059202e-03 9.999709e-01 -1.130445e+01
9.998752e-01 1.446436e-02 -6.355278e-03 5.232389e+02 -1.444151e-02 9.998893e-01 3.626333e-03 -8.012166e+00 6.407026e-03 -3.534100e-03 9.999732e-01 -1.135388e+01
9.998614e-01 1.522113e-02 -6.755510e-03 5.255729e+02 -1.520302e-02 9.998807e-01 2.724349e-03 -8.084702e+00 6.796171e-03 -2.621267e-03 9.999735e-01 -1.141137e+01
9.998570e-01 1.541302e-02 -6.960078e-03 5.279244e+02 -1.541132e-02 9.998811e-01 2.981732e-04 -8.156414e+00 6.963847e-03 -1.908666e-04 9.999757e-01 -1.145029e+01
9.998689e-01 1.514026e-02 -5.738211e-03 5.302437e+02 -1.513739e-02 9.998853e-01 5.432590e-04 -8.211716e+00 5.745778e-03 -4.563262e-04 9.999834e-01 -1.148174e+01
9.998630e-01 1.485266e-02 -7.303172e-03 5.326035e+02 -1.484057e-02 9.998884e-01 1.707447e-03 -8.279595e+00 7.327717e-03 -1.598829e-03 9.999719e-01 -1.153028e+01
9.998854e-01 1.347088e-02 -6.912148e-03 5.349506e+02 -1.344625e-02 9.999032e-01 3.596281e-03 -8.322052e+00 6.959924e-03 -3.502927e-03 9.999697e-01 -1.158050e+01
9.999027e-01 1.188323e-02 -7.313062e-03 5.372873e+02 -1.185231e-02 9.999206e-01 4.257040e-03 -8.374117e+00 7.363069e-03 -4.169949e-03 9.999642e-01 -1.163024e+01
9.999342e-01 9.761495e-03 -6.026172e-03 5.396166e+02 -9.724782e-03 9.999342e-01 6.091868e-03 -8.416110e+00 6.085241e-03 -6.032864e-03 9.999633e-01 -1.168362e+01
9.999377e-01 7.481523e-03 -8.288566e-03 5.419464e+02 -7.421062e-03 9.999459e-01 7.301334e-03 -8.451122e+00 8.342741e-03 -7.239369e-03 9.999390e-01 -1.173518e+01
9.999316e-01 6.697063e-03 -9.589204e-03 5.442470e+02 -6.644708e-03 9.999629e-01 5.481290e-03 -8.506315e+00 9.625557e-03 -5.417197e-03 9.999390e-01 -1.180797e+01
9.999400e-01 5.849553e-03 -9.257523e-03 5.466027e+02 -5.814099e-03 9.999757e-01 3.852136e-03 -8.545137e+00 9.279832e-03 -3.798081e-03 9.999498e-01 -1.179887e+01
9.999081e-01 6.501796e-03 -1.189289e-02 5.488936e+02 -6.453547e-03 9.999708e-01 4.090877e-03 -8.594686e+00 1.191914e-02 -4.013750e-03 9.999209e-01 -1.192181e+01
9.999178e-01 6.866243e-03 -1.082490e-02 5.512245e+02 -6.829132e-03 9.999708e-01 3.461532e-03 -8.631029e+00 1.084836e-02 -3.387323e-03 9.999354e-01 -1.201460e+01
9.998801e-01 7.157038e-03 -1.372879e-02 5.535501e+02 -7.120193e-03 9.999709e-01 2.730702e-03 -8.664020e+00 1.374794e-02 -2.632623e-03 9.999020e-01 -1.198544e+01
9.998454e-01 7.481144e-03 -1.591210e-02 5.558783e+02 -7.506670e-03 9.999706e-01 -1.545056e-03 -8.698122e+00 1.590008e-02 1.664264e-03 9.998722e-01 -1.203069e+01
9.998865e-01 7.766278e-03 -1.290756e-02 5.581983e+02 -7.763419e-03 9.999698e-01 2.715888e-04 -8.730244e+00 1.290928e-02 -1.713512e-04 9.999167e-01 -1.209349e+01
9.998418e-01 8.304163e-03 -1.572740e-02 5.605128e+02 -8.307443e-03 9.999653e-01 -1.432071e-04 -8.766356e+00 1.572567e-02 2.738390e-04 9.998763e-01 -1.210844e+01
9.998272e-01 8.784886e-03 -1.638154e-02 5.628054e+02 -8.756758e-03 9.999601e-01 1.787944e-03 -8.812226e+00 1.639660e-02 -1.644186e-03 9.998642e-01 -1.218324e+01
9.998280e-01 8.848699e-03 -1.629738e-02 5.651481e+02 -8.803865e-03 9.999573e-01 2.820665e-03 -8.845453e+00 1.632164e-02 -2.676700e-03 9.998632e-01 -1.217138e+01
9.998946e-01 9.934341e-03 -1.058471e-02 5.674576e+02 -9.876915e-03 9.999363e-01 5.463891e-03 -8.896944e+00 1.063831e-02 -5.358770e-03 9.999291e-01 -1.227518e+01
9.998977e-01 1.002473e-02 -1.020626e-02 5.697542e+02 -9.962650e-03 9.999318e-01 6.114989e-03 -8.944925e+00 1.026686e-02 -6.012681e-03 9.999292e-01 -1.230579e+01
9.998058e-01 1.105327e-02 -1.631433e-02 5.720363e+02 -1.096187e-02 9.999238e-01 5.681522e-03 -8.980124e+00 1.637589e-02 -5.501583e-03 9.998507e-01 -1.236279e+01
9.997505e-01 1.155111e-02 -1.911725e-02 5.743251e+02 -1.144033e-02 9.999170e-01 5.893688e-03 -9.022518e+00 1.918375e-02 -5.673510e-03 9.997999e-01 -1.242503e+01
9.996605e-01 1.191873e-02 -2.317077e-02 5.766309e+02 -1.174060e-02 9.999005e-01 7.808700e-03 -9.055616e+00 2.326154e-02 -7.534010e-03 9.997010e-01 -1.248864e+01
9.996716e-01 1.143472e-02 -2.293311e-02 5.789244e+02 -1.124683e-02 9.999021e-01 8.305402e-03 -9.099110e+00 2.302583e-02 -8.044749e-03 9.997025e-01 -1.252477e+01
9.997347e-01 1.088795e-02 -2.029649e-02 5.812404e+02 -1.072018e-02 9.999077e-01 8.356717e-03 -9.149414e+00 2.038560e-02 -8.136918e-03 9.997591e-01 -1.256763e+01
9.998201e-01 8.967161e-03 -1.671471e-02 5.835423e+02 -8.878417e-03 9.999460e-01 5.376014e-03 -9.179832e+00 1.676202e-02 -5.226647e-03 9.998459e-01 -1.261917e+01
9.998757e-01 5.591360e-03 -1.473888e-02 5.858414e+02 -5.502634e-03 9.999665e-01 6.053558e-03 -9.205379e+00 1.477224e-02 -5.971703e-03 9.998730e-01 -1.268472e+01
9.998406e-01 3.073640e-03 -1.758744e-02 5.881381e+02 -2.961567e-03 9.999751e-01 6.394823e-03 -9.246704e+00 1.760666e-02 -6.341717e-03 9.998249e-01 -1.273382e+01
9.998234e-01 1.166777e-03 -1.875742e-02 5.904464e+02 -1.030653e-03 9.999732e-01 7.265092e-03 -9.277806e+00 1.876539e-02 -7.244477e-03 9.997976e-01 -1.278841e+01
9.997585e-01 -1.015815e-03 -2.195276e-02 5.927424e+02 1.123372e-03 9.999875e-01 4.887708e-03 -9.291529e+00 2.194751e-02 -4.911189e-03 9.997470e-01 -1.283192e+01
9.997170e-01 -2.957814e-03 -2.360583e-02 5.950543e+02 3.061902e-03 9.999857e-01 4.374480e-03 -9.301766e+00 2.359256e-02 -4.445520e-03 9.997118e-01 -1.287635e+01
9.996760e-01 -5.197287e-03 -2.491529e-02 5.973960e+02 5.360382e-03 9.999646e-01 6.483675e-03 -9.319618e+00 2.488071e-02 -6.615130e-03 9.996685e-01 -1.291836e+01
9.996166e-01 -6.366538e-03 -2.694644e-02 5.997034e+02 6.581175e-03 9.999473e-01 7.884153e-03 -9.324347e+00 2.689482e-02 -8.058469e-03 9.996058e-01 -1.297915e+01
9.995865e-01 -7.603223e-03 -2.773253e-02 6.020331e+02 7.833275e-03 9.999357e-01 8.196197e-03 -9.335069e+00 2.766843e-02 -8.410043e-03 9.995818e-01 -1.301652e+01
9.995196e-01 -8.045888e-03 -2.992796e-02 6.043030e+02 8.281065e-03 9.999356e-01 7.742487e-03 -9.323215e+00 2.986374e-02 -7.986603e-03 9.995221e-01 -1.306590e+01
9.994506e-01 -7.712645e-03 -3.223468e-02 6.066119e+02 7.878957e-03 9.999561e-01 5.035598e-03 -9.333995e+00 3.219443e-02 -5.286807e-03 9.994677e-01 -1.312502e+01
9.994497e-01 -7.097132e-03 -3.240238e-02 6.089384e+02 7.246567e-03 9.999635e-01 4.496774e-03 -9.343268e+00 3.236929e-02 -4.729106e-03 9.994648e-01 -1.317406e+01
9.993986e-01 -7.306301e-03 -3.389882e-02 6.112729e+02 7.514815e-03 9.999536e-01 6.027744e-03 -9.341870e+00 3.385320e-02 -6.278862e-03 9.994071e-01 -1.322018e+01
