1.000000e+00 0.000000e+00 0.000000e+00 0.000000e+00 0.000000e+00 1.000000e+00 0.000000e+00 0.000000e+00 0.000000e+00 0.000000e+00 1.000000e+00 0.000000e+00
9.979890e-01 2.507898e-03 -6.333730e-02 9.473717e-01 -2.489645e-03 9.999968e-01 3.671027e-04 1.619589e-02 6.333801e-02 -2.086771e-04 9.979921e-01 1.505006e-02
9.978514e-01 -1.542236e-03 -6.550021e-02 1.354533e+00 1.475196e-03 9.999983e-01 -1.071860e-03 -7.573094e-03 6.550176e-02 9.729311e-04 9.978520e-01 5.858508e-02
9.977665e-01 -2.531056e-03 -6.675006e-02 4.119802e+00 2.479063e-03 9.999964e-01 -8.617465e-04 3.482860e-02 6.675202e-02 6.943442e-04 9.977694e-01 -3.447011e-03
9.979558e-01 -3.285541e-03 -6.382345e-02 6.958120e+00 3.329198e-03 9.999943e-01 5.777020e-04 4.502656e-02 6.382119e-02 -7.890019e-04 9.979610e-01 -2.844235e-02
9.978403e-01 -4.630446e-03 -6.552340e-02 9.760169e+00 4.683272e-03 9.999889e-01 6.526299e-04 5.296557e-02 6.551965e-02 -9.580844e-04 9.978508e-01 -9.035884e-02
9.980857e-01 -5.292851e-03 -6.161902e-02 1.257127e+01 5.202394e-03 9.999851e-01 -1.628343e-03 5.983865e-02 6.162672e-02 1.304659e-03 9.980984e-01 -1.508360e-01
9.978951e-01 -7.113002e-03 -6.445821e-02 1.541814e+01 6.829991e-03 9.999661e-01 -4.609890e-03 9.039448e-02 6.448882e-02 4.159938e-03 9.979098e-01 -1.390021e-01
9.947745e-01 -4.727565e-03 -1.019870e-01 1.827648e+01 3.995632e-03 9.999647e-01 -7.379822e-03 6.846701e-02 1.020183e-01 6.933756e-03 9.947584e-01 3.010803e-02
9.945241e-01 -2.392887e-03 -1.044804e-01 2.106875e+01 2.255428e-03 9.999964e-01 -1.433766e-03 2.801907e-02 1.044834e-01 1.190267e-03 9.945259e-01 1.056821e-02
9.942616e-01 -2.691114e-03 -1.069423e-01 2.386756e+01 2.405269e-03 9.999932e-01 -2.801790e-03 4.015425e-03 1.069491e-01 2.528487e-03 9.942613e-01 -3.919957e-02
9.944367e-01 -2.879287e-03 -1.052966e-01 2.664700e+01 2.637354e-03 9.999937e-01 -2.436804e-03 -2.169423e-02 1.053029e-01 2.145543e-03 9.944379e-01 -8.409817e-02
9.943811e-01 -3.956825e-03 -1.057855e-01 2.944724e+01 3.252304e-03 9.999713e-01 -6.831570e-03 -4.058250e-02 1.058095e-01 6.449137e-03 9.943655e-01 -1.107061e-01
9.946522e-01 -4.393470e-03 -1.031873e-01 3.225156e+01 3.526347e-03 9.999568e-01 -8.584302e-03 -4.923517e-02 1.032206e-01 8.174520e-03 9.946249e-01 -1.377136e-01
9.945816e-01 -4.044522e-03 -1.038797e-01 3.503793e+01 3.301622e-03 9.999677e-01 -7.322491e-03 -7.626531e-02 1.039060e-01 6.939843e-03 9.945629e-01 -1.799713e-01
9.946125e-01 -3.938609e-03 -1.035880e-01 3.783942e+01 3.473489e-03 9.999832e-01 -4.670109e-03 -9.076818e-02 1.036046e-01 4.285137e-03 9.946094e-01 -2.187934e-01
9.944916e-01 -4.635628e-03 -1.047141e-01 4.062734e+01 4.438440e-03 9.999881e-01 -2.116059e-03 -1.012577e-01 1.047226e-01 1.639636e-03 9.945001e-01 -1.906981e-01
9.945796e-01 -5.622886e-03 -1.038258e-01 4.342315e+01 5.439359e-03 9.999831e-01 -2.050691e-03 -1.135891e-01 1.038356e-01 1.474830e-03 9.945934e-01 -2.819768e-01
9.948221e-01 -6.598128e-03 -1.014167e-01 4.620295e+01 6.213964e-03 9.999721e-01 -4.103427e-03 -1.363693e-01 1.014410e-01 3.451980e-03 9.948356e-01 -2.806676e-01
9.948251e-01 -7.584173e-03 -1.013185e-01 4.896250e+01 6.983546e-03 9.999558e-01 -6.281490e-03 -1.409956e-01 1.013617e-01 5.541421e-03 9.948342e-01 -3.259825e-01
9.947559e-01 -7.756129e-03 -1.019829e-01 5.174030e+01 7.000982e-03 9.999455e-01 -7.760495e-03 -1.549504e-01 1.020375e-01 7.005818e-03 9.947559e-01 -3.837547e-01
9.946179e-01 -7.658450e-03 -1.033275e-01 5.452197e+01 7.025532e-03 9.999543e-01 -6.487906e-03 -1.522740e-01 1.033725e-01 5.727056e-03 9.946262e-01 -4.067550e-01
9.943457e-01 -7.622267e-03 -1.059179e-01 5.731266e+01 7.152641e-03 9.999628e-01 -4.813030e-03 -1.648512e-01 1.059507e-01 4.028222e-03 9.943632e-01 -4.246612e-01
9.946159e-01 -7.747816e-03 -1.033403e-01 6.006876e+01 7.615787e-03 9.999696e-01 -1.672120e-03 -1.708473e-01 1.033502e-01 8.760991e-04 9.946446e-01 -4.610865e-01
9.944624e-01 -8.115845e-03 -1.047786e-01 6.283746e+01 8.082720e-03 9.999671e-01 -7.407712e-04 -1.727997e-01 1.047812e-01 -1.102270e-04 9.944953e-01 -5.257186e-01
9.946032e-01 -7.754076e-03 -1.034620e-01 6.562851e+01 7.781062e-03 9.999698e-01 -1.427742e-04 -1.839382e-01 1.034600e-01 -6.630407e-04 9.946334e-01 -5.656044e-01
9.941977e-01 -7.771690e-03 -1.072874e-01 6.837705e+01 7.715592e-03 9.999697e-01 -9.379626e-04 -1.869089e-01 1.072914e-01 1.047347e-04 9.942276e-01 -6.094019e-01
9.944133e-01 -7.579949e-03 -1.052841e-01 7.115841e+01 7.632280e-03 9.999709e-01 9.414993e-05 -1.858778e-01 1.052803e-01 -8.971817e-04 9.944422e-01 -6.654024e-01
9.942384e-01 -7.223566e-03 -1.069477e-01 7.390115e+01 7.363423e-03 9.999725e-01 9.128816e-04 -2.041803e-01 1.069382e-01 -1.695123e-03 9.942642e-01 -6.598151e-01
9.943590e-01 -7.204825e-03 -1.058220e-01 7.668064e+01 7.166145e-03 9.999740e-01 -7.457507e-04 -2.005845e-01 1.058246e-01 -1.679148e-05 9.943848e-01 -7.572737e-01
9.944941e-01 -6.952133e-03 -1.045611e-01 7.944297e+01 6.962155e-03 9.999758e-01 -2.691290e-04 -2.046625e-01 1.045605e-01 -4.603237e-04 9.945184e-01 -7.993658e-01
9.944143e-01 -5.341365e-03 -1.054125e-01 8.221507e+01 5.200840e-03 9.999853e-01 -1.607927e-03 -2.227260e-01 1.054195e-01 1.050712e-03 9.944273e-01 -8.077646e-01
9.944583e-01 -4.454370e-03 -1.050369e-01 8.497013e+01 4.349154e-03 9.999896e-01 -1.230733e-03 -2.263351e-01 1.050413e-01 7.670912e-04 9.944676e-01 -8.886433e-01
9.943942e-01 -3.798381e-03 -1.056685e-01 8.774226e+01 3.773294e-03 9.999928e-01 -4.373246e-04 -2.399799e-01 1.056694e-01 3.615482e-05 9.944013e-01 -9.090693e-01
9.943224e-01 -3.266075e-03 -1.063596e-01 9.049773e+01 3.343967e-03 9.999942e-01 5.540145e-04 -2.493286e-01 1.063571e-01 -9.065320e-04 9.943276e-01 -9.763648e-01
9.944729e-01 -3.451830e-03 -1.049372e-01 9.326620e+01 3.536650e-03 9.999936e-01 6.222323e-04 -2.820818e-01 1.049344e-01 -9.899195e-04 9.944786e-01 -9.795814e-01
9.946414e-01 -4.281607e-03 -1.032960e-01 9.603285e+01 4.448180e-03 9.999892e-01 1.382273e-03 -2.856831e-01 1.032890e-01 -1.834345e-03 9.946497e-01 -1.037807e+00
9.947523e-01 -4.272211e-03 -1.022226e-01 9.879418e+01 4.371024e-03 9.999901e-01 7.426662e-04 -3.000145e-01 1.022184e-01 -1.185586e-03 9.947613e-01 -1.087908e+00
9.947684e-01 -4.603895e-03 -1.020515e-01 1.015501e+02 4.802288e-03 9.999870e-01 1.698454e-03 -3.090790e-01 1.020424e-01 -2.179650e-03 9.947777e-01 -1.138778e+00
9.946996e-01 -5.283718e-03 -1.026881e-01 1.043231e+02 5.394275e-03 9.999851e-01 7.989508e-04 -3.218320e-01 1.026823e-01 -1.348644e-03 9.947133e-01 -1.200673e+00
9.948034e-01 -6.324003e-03 -1.016183e-01 1.070900e+02 6.226350e-03 9.999799e-01 -1.278127e-03 -3.339909e-01 1.016243e-01 6.387741e-04 9.948226e-01 -1.237635e+00
9.949480e-01 -7.168644e-03 -1.001351e-01 1.098662e+02 7.167142e-03 9.999743e-01 -3.747391e-04 -3.483182e-01 1.001352e-01 -3.448368e-04 9.949738e-01 -1.281936e+00
9.950289e-01 -7.653296e-03 -9.929267e-02 1.126030e+02 7.606101e-03 9.999707e-01 -8.538658e-04 -3.566646e-01 9.929629e-02 9.439106e-05 9.950579e-01 -1.353675e+00
9.948937e-01 -8.167014e-03 -1.005977e-01 1.153697e+02 8.018739e-03 9.999660e-01 -1.878231e-03 -3.556809e-01 1.006097e-01 1.061974e-03 9.949254e-01 -1.398790e+00
9.947851e-01 -8.180990e-03 -1.016640e-01 1.181117e+02 7.732508e-03 9.999585e-01 -4.804719e-03 -3.590006e-01 1.016991e-01 3.993546e-03 9.948072e-01 -1.433744e+00
9.949533e-01 -8.013024e-03 -1.000190e-01 1.208482e+02 7.394205e-03 9.999512e-01 -6.556203e-03 -3.626092e-01 1.000667e-01 5.783555e-03 9.949639e-01 -1.481628e+00
9.949359e-01 -7.999338e-03 -1.001924e-01 1.235940e+02 7.741159e-03 9.999655e-01 -2.965357e-03 -3.866589e-01 1.002127e-01 2.174735e-03 9.949636e-01 -1.466926e+00
9.951370e-01 -8.219975e-03 -9.815720e-02 1.263241e+02 8.424143e-03 9.999633e-01 1.665749e-03 -3.722566e-01 9.813988e-02 -2.484539e-03 9.951695e-01 -1.549779e+00
9.947185e-01 -8.423288e-03 -1.022944e-01 1.290630e+02 8.640294e-03 9.999613e-01 1.678471e-03 -3.742604e-01 1.022763e-01 -2.553459e-03 9.947528e-01 -1.594976e+00
9.951078e-01 -8.745577e-03 -9.840734e-02 1.317814e+02 8.954657e-03 9.999586e-01 1.683152e-03 -3.782097e-01 9.838853e-02 -2.556122e-03 9.951448e-01 -1.643421e+00
9.948154e-01 -9.080923e-03 -1.012907e-01 1.345312e+02 9.193263e-03 9.999576e-01 6.423318e-04 -3.801949e-01 1.012805e-01 -1.570193e-03 9.948567e-01 -1.725997e+00
9.949551e-01 -9.643698e-03 -9.985664e-02 1.372460e+02 9.806154e-03 9.999512e-01 1.136181e-03 -3.818434e-01 9.984081e-02 -2.109659e-03 9.950012e-01 -1.758050e+00
9.946642e-01 -9.945097e-03 -1.026853e-01 1.399776e+02 9.695950e-03 9.999489e-01 -2.925190e-03 -3.831478e-01 1.027091e-01 1.913951e-03 9.947096e-01 -1.812925e+00
9.947429e-01 -1.026552e-02 -1.018875e-01 1.427025e+02 9.982602e-03 9.999448e-01 -3.286295e-03 -3.753652e-01 1.019156e-01 2.251916e-03 9.947905e-01 -1.857174e+00
9.944670e-01 -1.009690e-02 -1.045636e-01 1.454304e+02 9.613113e-03 9.999406e-01 -5.129700e-03 -3.625717e-01 1.046091e-01 4.096136e-03 9.945050e-01 -1.895344e+00
9.946872e-01 -9.925850e-03 -1.024639e-01 1.481593e+02 9.586606e-03 9.999470e-01 -3.802778e-03 -3.803737e-01 1.024962e-01 2.800294e-03 9.947295e-01 -1.917505e+00
9.949828e-01 -1.001086e-02 -9.954375e-02 1.508650e+02 1.011571e-02 9.999486e-01 5.485910e-04 -3.814186e-01 9.953316e-02 -1.552795e-03 9.950330e-01 -1.917698e+00
9.948955e-01 -9.846536e-03 -1.004286e-01 1.535865e+02 9.756729e-03 9.999514e-01 -1.385386e-03 -3.708195e-01 1.004373e-01 3.984598e-04 9.949433e-01 -2.044347e+00
9.950157e-01 -9.888520e-03 -9.922670e-02 1.562817e+02 9.988481e-03 9.999499e-01 5.106429e-04 -3.844546e-01 9.921668e-02 -1.499222e-03 9.950647e-01 -2.027404e+00
9.953316e-01 -1.009787e-02 -9.598393e-02 1.589854e+02 1.083631e-02 9.999155e-01 7.175189e-03 -3.775478e-01 9.590337e-02 -8.181805e-03 9.953570e-01 -2.062520e+00
9.954088e-01 -1.020476e-02 -9.516980e-02 1.617117e+02 1.022602e-02 9.999478e-01 -2.642677e-04 -3.576885e-01 9.516752e-02 -7.101543e-04 9.954610e-01 -2.249889e+00
9.954070e-01 -1.019624e-02 -9.518893e-02 1.644081e+02 1.012792e-02 9.999479e-01 -1.200914e-03 -3.829031e-01 9.519622e-02 2.313332e-04 9.954585e-01 -2.231116e+00
9.952741e-01 -9.758581e-03 -9.661447e-02 1.670997e+02 9.878932e-03 9.999509e-01 7.673993e-04 -3.680633e-01 9.660224e-02 -1.718220e-03 9.953216e-01 -2.254339e+00
9.950445e-01 -9.716360e-03 -9.895419e-02 1.697951e+02 9.588080e-03 9.999526e-01 -1.771847e-03 -3.532306e-01 9.896670e-02 8.142861e-04 9.950904e-01 -2.376235e+00
9.949709e-01 -1.010312e-02 -9.965371e-02 1.724938e+02 1.074826e-02 9.999245e-01 5.939064e-03 -3.505716e-01 9.958620e-02 -6.980300e-03 9.950045e-01 -2.360233e+00
9.946188e-01 -1.035487e-02 -1.030834e-01 1.751581e+02 1.071014e-02 9.999385e-01 2.893500e-03 -3.496265e-01 1.030471e-01 -3.981967e-03 9.946685e-01 -2.445873e+00
9.949131e-01 -1.078552e-02 -1.001579e-01 1.778441e+02 1.090162e-02 9.999405e-01 6.119128e-04 -3.402538e-01 1.001453e-01 -1.700684e-03 9.949714e-01 -2.517789e+00
9.947283e-01 -1.127025e-02 -1.019240e-01 1.805437e+02 1.178198e-02 9.999208e-01 4.420033e-03 -3.376963e-01 1.018661e-01 -5.597599e-03 9.947824e-01 -2.514340e+00
9.944817e-01 -1.136430e-02 -1.042932e-01 1.832316e+02 1.163862e-02 9.999303e-01 2.022088e-03 -3.279365e-01 1.042629e-01 -3.224758e-03 9.945446e-01 -2.625379e+00
9.942440e-01 -1.199312e-02 -1.064661e-01 1.858950e+02 1.252823e-02 9.999120e-01 4.358682e-03 -3.148994e-01 1.064045e-01 -5.667426e-03 9.943068e-01 -2.693725e+00
9.936101e-01 -1.226533e-02 -1.121981e-01 1.885685e+02 1.282121e-02 9.999088e-01 4.234203e-03 -2.954740e-01 1.121359e-01 -5.645662e-03 9.936768e-01 -2.730032e+00
9.927146e-01 -1.251881e-02 -1.198371e-01 1.912378e+02 1.267126e-02 9.999197e-01 5.102688e-04 -2.755372e-01 1.198211e-01 -2.025039e-03 9.927934e-01 -2.806086e+00
9.925156e-01 -1.346630e-02 -1.213727e-01 1.939191e+02 1.378003e-02 9.999036e-01 1.745793e-03 -2.637110e-01 1.213375e-01 -3.405247e-03 9.926054e-01 -2.843111e+00
9.921973e-01 -1.546655e-02 -1.237146e-01 1.965711e+02 1.567727e-02 9.998769e-01 7.299726e-04 -2.471065e-01 1.236881e-01 -2.663785e-03 9.923176e-01 -2.860155e+00
9.925497e-01 -1.786016e-02 -1.205245e-01 1.992314e+02 1.844438e-02 9.998230e-01 3.733413e-03 -2.124253e-01 1.204365e-01 -5.928598e-03 9.927033e-01 -2.933483e+00
9.922020e-01 -2.018382e-02 -1.229952e-01 2.019056e+02 2.114404e-02 9.997551e-01 6.506576e-03 -1.817738e-01 1.228338e-01 -9.056454e-03 9.923859e-01 -2.983146e+00
9.915681e-01 -2.187497e-02 -1.277264e-01 2.045754e+02 2.256241e-02 9.997376e-01 3.937577e-03 -1.479758e-01 1.276068e-01 -6.786192e-03 9.918016e-01 -3.048496e+00
9.913554e-01 -2.325532e-02 -1.291269e-01 2.072210e+02 2.377614e-02 9.997141e-01 2.493083e-03 -1.086727e-01 1.290320e-01 -5.541671e-03 9.916250e-01 -3.115057e+00
9.911715e-01 -2.479005e-02 -1.302479e-01 2.098965e+02 2.540121e-02 9.996727e-01 3.032797e-03 -6.153293e-02 1.301301e-01 -6.314477e-03 9.914768e-01 -3.161659e+00
9.909101e-01 -2.562751e-02 -1.320623e-01 2.125706e+02 2.631222e-02 9.996477e-01 3.442029e-03 -9.735296e-03 1.319275e-01 -6.885593e-03 9.912354e-01 -3.205523e+00
9.910691e-01 -2.598220e-02 -1.307933e-01 2.152081e+02 2.695483e-02 9.996204e-01 5.671197e-03 2.513551e-02 1.305963e-01 -9.146059e-03 9.913934e-01 -3.252580e+00
9.912303e-01 -2.713380e-02 -1.293298e-01 2.178929e+02 2.807319e-02 9.995909e-01 5.445725e-03 8.540514e-02 1.291292e-01 -9.028669e-03 9.915867e-01 -3.352252e+00
9.907854e-01 -2.739265e-02 -1.326425e-01 2.205302e+02 2.831572e-02 9.995862e-01 5.077419e-03 1.445365e-01 1.324486e-01 -8.786500e-03 9.911509e-01 -3.421513e+00
9.903192e-01 -2.818081e-02 -1.359183e-01 2.232038e+02 2.880867e-02 9.995816e-01 2.654276e-03 2.008832e-01 1.357866e-01 -6.544206e-03 9.907165e-01 -3.430517e+00
9.903092e-01 -2.926582e-02 -1.357614e-01 2.258798e+02 2.963500e-02 9.995606e-01 6.986884e-04 2.699969e-01 1.356813e-01 -4.715208e-03 9.907413e-01 -3.508357e+00
9.902366e-01 -2.954714e-02 -1.362292e-01 2.285203e+02 3.049472e-02 9.995230e-01 4.873723e-03 3.192193e-01 1.360202e-01 -8.980410e-03 9.906654e-01 -3.550954e+00
9.899685e-01 -3.097675e-02 -1.378508e-01 2.311818e+02 3.197771e-02 9.994757e-01 5.051963e-03 3.970030e-01 1.376220e-01 -9.409437e-03 9.904401e-01 -3.607638e+00
9.896266e-01 -3.203140e-02 -1.400468e-01 2.338315e+02 3.267387e-02 9.994633e-01 2.290098e-03 4.506669e-01 1.398983e-01 -6.842212e-03 9.901422e-01 -3.677688e+00
9.895745e-01 -3.291959e-02 -1.402093e-01 2.364844e+02 3.358566e-02 9.994330e-01 2.386382e-03 5.141928e-01 1.400512e-01 -7.070525e-03 9.901190e-01 -3.694718e+00
9.892671e-01 -3.411821e-02 -1.420793e-01 2.391429e+02 3.472495e-02 9.993953e-01 1.792459e-03 5.910351e-01 1.419322e-01 -6.706915e-03 9.898537e-01 -3.773711e+00
9.893486e-01 -3.480953e-02 -1.413419e-01 2.418051e+02 3.588438e-02 9.993430e-01 5.062209e-03 6.594528e-01 1.410728e-01 -1.008025e-02 9.899479e-01 -3.803027e+00
9.890280e-01 -3.649476e-02 -1.431491e-01 2.444493e+02 3.814679e-02 9.992334e-01 8.812223e-03 7.436475e-01 1.427177e-01 -1.417621e-02 9.896619e-01 -3.868884e+00
9.885676e-01 -3.754453e-02 -1.460292e-01 2.470996e+02 3.927741e-02 9.991878e-01 9.000505e-03 8.271704e-01 1.455727e-01 -1.463326e-02 9.892393e-01 -3.992145e+00
9.882492e-01 -3.849722e-02 -1.479242e-01 2.497604e+02 4.012921e-02 9.991621e-01 8.062921e-03 8.911378e-01 1.474898e-01 -1.390425e-02 9.889659e-01 -4.016264e+00
9.884576e-01 -3.988485e-02 -1.461537e-01 2.524268e+02 4.102260e-02 9.991467e-01 4.777677e-03 9.891058e-01 1.458384e-01 -1.071814e-02 9.892504e-01 -4.063126e+00
9.887619e-01 -4.077211e-02 -1.438316e-01 2.550620e+02 4.170460e-02 9.991241e-01 3.473034e-03 1.073938e+00 1.435640e-01 -9.432442e-03 9.895961e-01 -4.154845e+00
9.886990e-01 -4.103388e-02 -1.441892e-01 2.577311e+02 4.210130e-02 9.991038e-01 4.358225e-03 1.163140e+00 1.438812e-01 -1.037953e-02 9.895405e-01 -4.186360e+00
9.883771e-01 -4.115457e-02 -1.463454e-01 2.603888e+02 4.246562e-02 9.990809e-01 5.844428e-03 1.250301e+00 1.459703e-01 -1.199115e-02 9.892163e-01 -4.254429e+00
9.882057e-01 -4.156569e-02 -1.473832e-01 2.630311e+02 4.315237e-02 9.990398e-01 7.583266e-03 1.342301e+00 1.469265e-01 -1.385376e-02 9.890504e-01 -4.321558e+00
9.881079e-01 -4.279139e-02 -1.476877e-01 2.656879e+02 4.450505e-02 9.989744e-01 8.316791e-03 1.438447e+00 1.471804e-01 -1.479074e-02 9.889991e-01 -4.364902e+00
9.880217e-01 -4.372363e-02 -1.479911e-01 2.683395e+02 4.538942e-02 9.989382e-01 7.895969e-03 1.538110e+00 1.474887e-01 -1.451862e-02 9.889572e-01 -4.451636e+00
9.878983e-01 -4.503370e-02 -1.484216e-01 2.710028e+02 4.708553e-02 9.988372e-01 1.033788e-02 1.645641e+00 1.477835e-01 -1.720129e-02 9.888701e-01 -4.510748e+00
9.876238e-01 -4.585864e-02 -1.499873e-01 2.736574e+02 4.798124e-02 9.987923e-01 1.056192e-02 1.738511e+00 1.493218e-01 -1.762778e-02 9.886315e-01 -4.579087e+00
9.877633e-01 -4.686885e-02 -1.487514e-01 2.763333e+02 4.843671e-02 9.988023e-01 6.933045e-03 1.856571e+00 1.482483e-01 -1.405323e-02 9.888503e-01 -4.649083e+00
9.877461e-01 -4.762920e-02 -1.486237e-01 2.790138e+02 4.938644e-02 9.987464e-01 8.153297e-03 1.957750e+00 1.480491e-01 -1.539338e-02 9.888602e-01 -4.706164e+00
9.877273e-01 -4.908084e-02 -1.482764e-01 2.816823e+02 5.107922e-02 9.986476e-01 9.697335e-03 2.081760e+00 1.475999e-01 -1.715217e-02 9.888984e-01 -4.779325e+00
9.875631e-01 -5.022734e-02 -1.489847e-01 2.843656e+02 5.250885e-02 9.985551e-01 1.141747e-02 2.192579e+00 1.481959e-01 -1.909848e-02 9.887736e-01 -4.830176e+00
9.874647e-01 -5.174617e-02 -1.491170e-01 2.870471e+02 5.414053e-02 9.984608e-01 1.203980e-02 2.307889e+00 1.482645e-01 -1.996215e-02 9.887462e-01 -4.911952e+00
9.875287e-01 -5.355134e-02 -1.480518e-01 2.897298e+02 5.552656e-02 9.984145e-01 9.237560e-03 2.442218e+00 1.473224e-01 -1.734316e-02 9.889365e-01 -4.996251e+00
9.874981e-01 -5.559941e-02 -1.475000e-01 2.924033e+02 5.785495e-02 9.982638e-01 1.104252e-02 2.572501e+00 1.466300e-01 -1.943808e-02 9.890004e-01 -5.051302e+00
9.872502e-01 -5.732526e-02 -1.484952e-01 2.951040e+02 5.959578e-02 9.981632e-01 1.088233e-02 2.717436e+00 1.475986e-01 -1.959327e-02 9.888533e-01 -5.134002e+00
9.870313e-01 -5.942530e-02 -1.491232e-01 2.977475e+02 6.165277e-02 9.980440e-01 1.035489e-02 2.848792e+00 1.482162e-01 -1.941446e-02 9.887644e-01 -5.201596e+00
9.869388e-01 -6.127913e-02 -1.489854e-01 3.004748e+02 6.359314e-02 9.979173e-01 1.081338e-02 3.007395e+00 1.480125e-01 -2.014660e-02 9.887803e-01 -5.267065e+00
9.867478e-01 -6.243299e-02 -1.497695e-01 3.031514e+02 6.472490e-02 9.978482e-01 1.047279e-02 3.149360e+00 1.487934e-01 -2.002782e-02 9.886655e-01 -5.343450e+00
9.865400e-01 -6.466551e-02 -1.501904e-01 3.058596e+02 6.719442e-02 9.976698e-01 1.181933e-02 3.310641e+00 1.490761e-01 -2.175220e-02 9.885864e-01 -5.404353e+00
9.864082e-01 -6.708968e-02 -1.499924e-01 3.085755e+02 6.958141e-02 9.975109e-01 1.142051e-02 3.492352e+00 1.488529e-01 -2.170197e-02 9.886212e-01 -5.478253e+00
9.865129e-01 -6.989612e-02 -1.480097e-01 3.112719e+02 7.207545e-02 9.973547e-01 9.405609e-03 3.655143e+00 1.469608e-01 -1.994662e-02 9.889412e-01 -5.560164e+00
9.864848e-01 -7.233112e-02 -1.470238e-01 3.139720e+02 7.477390e-02 9.971381e-01 1.114909e-02 3.831325e+00 1.457966e-01 -2.199196e-02 9.890701e-01 -5.627625e+00
9.861186e-01 -7.504401e-02 -1.481165e-01 3.167012e+02 7.753076e-02 9.969285e-01 1.107929e-02 4.015730e+00 1.468302e-01 -2.240908e-02 9.889079e-01 -5.704539e+00
9.859313e-01 -7.713071e-02 -1.482913e-01 3.194005e+02 7.978116e-02 9.967402e-01 1.199979e-02 4.213077e+00 1.468823e-01 -2.366183e-02 9.888709e-01 -5.784680e+00
9.855126e-01 -8.015869e-02 -1.494638e-01 3.221121e+02 8.283120e-02 9.964947e-01 1.173186e-02 4.414554e+00 1.479995e-01 -2.394216e-02 9.886976e-01 -5.848354e+00
9.852441e-01 -8.273722e-02 -1.498285e-01 3.248216e+02 8.535203e-02 9.962890e-01 1.109537e-02 4.617291e+00 1.483545e-01 -2.371981e-02 9.886497e-01 -5.940352e+00
9.849603e-01 -8.472036e-02 -1.505841e-01 3.275236e+02 8.735359e-02 9.961172e-01 1.094675e-02 4.834933e+00 1.490720e-01 -2.393617e-02 9.885366e-01 -5.994795e+00
9.845325e-01 -8.713450e-02 -1.519977e-01 3.302222e+02 8.951635e-02 9.959457e-01 8.885138e-03 5.052236e+00 1.506072e-01 -2.235398e-02 9.883409e-01 -6.075432e+00
9.845230e-01 -8.890191e-02 -1.510326e-01 3.329626e+02 9.133705e-02 9.957769e-01 9.249382e-03 5.283057e+00 1.495726e-01 -2.290111e-02 9.884855e-01 -6.142766e+00
9.843418e-01 -9.042583e-02 -1.513089e-01 3.356846e+02 9.328252e-02 9.955690e-01 1.187469e-02 5.516912e+00 1.495646e-01 -2.580323e-02 9.884152e-01 -6.187618e+00
9.840685e-01 -9.238441e-02 -1.519023e-01 3.383873e+02 9.549439e-02 9.953412e-01 1.329152e-02 5.753514e+00 1.499667e-01 -2.758558e-02 9.883061e-01 -6.305807e+00
9.838212e-01 -9.366659e-02 -1.527167e-01 3.411129e+02 9.698253e-02 9.951819e-01 1.439371e-02 6.004059e+00 1.506327e-01 -2.897169e-02 9.881652e-01 -6.368630e+00
9.835734e-01 -9.497514e-02 -1.535024e-01 3.438449e+02 9.794243e-02 9.951214e-01 1.186810e-02 6.245881e+00 1.516263e-01 -2.670755e-02 9.880770e-01 -6.427023e+00
9.835362e-01 -9.696475e-02 -1.524940e-01 3.465612e+02 9.977752e-02 9.949502e-01 1.088371e-02 6.501107e+00 1.506686e-01 -2.591999e-02 9.882445e-01 -6.541615e+00
9.835673e-01 -9.806885e-02 -1.515846e-01 3.493042e+02 1.009039e-01 9.948341e-01 1.110633e-02 6.731793e+00 1.497123e-01 -2.621930e-02 9.883819e-01 -6.582820e+00
9.833692e-01 -1.002336e-01 -1.514538e-01 3.520206e+02 1.032702e-01 9.945773e-01 1.229864e-02 7.001390e+00 1.493997e-01 -2.773476e-02 9.883878e-01 -6.670961e+00
9.833241e-01 -1.022793e-01 -1.503755e-01 3.547424e+02 1.057638e-01 9.942729e-01 1.533861e-02 7.263022e+00 1.479455e-01 -3.098711e-02 9.885100e-01 -6.742912e+00
9.828129e-01 -1.050441e-01 -1.518040e-01 3.574887e+02 1.082925e-01 9.940305e-01 1.326843e-02 7.537047e+00 1.495041e-01 -2.947962e-02 9.883215e-01 -6.798621e+00
9.827300e-01 -1.084115e-01 -1.499625e-01 3.602139e+02 1.116534e-01 9.936577e-01 1.334487e-02 7.824683e+00 1.475646e-01 -2.985823e-02 9.886016e-01 -6.920555e+00
9.824012e-01 -1.109005e-01 -1.502963e-01 3.629557e+02 1.140204e-01 9.934025e-01 1.227579e-02 8.106860e+00 1.479433e-01 -2.919660e-02 9.885648e-01 -6.966639e+00
9.819848e-01 -1.139340e-01 -1.507477e-01 3.656866e+02 1.169533e-01 9.930732e-01 1.128795e-02 8.400335e+00 1.484175e-01 -2.871504e-02 9.885078e-01 -7.059862e+00
9.818142e-01 -1.168049e-01 -1.496579e-01 3.684334e+02 1.199357e-01 9.927087e-01 1.203608e-02 8.699587e+00 1.471609e-01 -2.976653e-02 9.886646e-01 -7.115648e+00
9.813267e-01 -1.195805e-01 -1.506601e-01 3.711500e+02 1.231292e-01 9.922858e-01 1.441632e-02 9.012000e+00 1.477740e-01 -3.269778e-02 9.884805e-01 -7.204459e+00
9.812294e-01 -1.223363e-01 -1.490726e-01 3.738752e+02 1.259131e-01 9.919316e-01 1.476050e-02 9.331604e+00 1.460640e-01 -3.325363e-02 9.887161e-01 -7.298871e+00
9.809718e-01 -1.249356e-01 -1.486118e-01 3.766443e+02 1.284061e-01 9.916236e-01 1.395367e-02 9.660800e+00 1.456236e-01 -3.277082e-02 9.887972e-01 -7.360901e+00
9.803968e-01 -1.282712e-01 -1.495615e-01 3.793572e+02 1.315914e-01 9.912255e-01 1.247725e-02 9.996927e+00 1.466487e-01 -3.191366e-02 9.886737e-01 -7.457651e+00
9.802391e-01 -1.311108e-01 -1.481258e-01 3.820958e+02 1.348024e-01 9.907571e-01 1.511956e-02 1.033710e+01 1.447743e-01 -3.478849e-02 9.888530e-01 -7.543077e+00
9.795064e-01 -1.331876e-01 -1.510906e-01 3.848419e+02 1.367543e-01 9.905140e-01 1.341902e-02 1.068394e+01 1.478701e-01 -3.380631e-02 9.884288e-01 -7.609703e+00
9.792987e-01 -1.362063e-01 -1.497399e-01 3.875956e+02 1.397549e-01 9.900955e-01 1.338707e-02 1.104186e+01 1.464334e-01 -3.403683e-02 9.886348e-01 -7.708066e+00
9.791024e-01 -1.380505e-01 -1.493338e-01 3.903536e+02 1.413419e-01 9.898927e-01 1.160525e-02 1.141057e+01 1.462224e-01 -3.246986e-02 9.887187e-01 -7.759123e+00
9.786516e-01 -1.415683e-01 -1.489946e-01 3.931065e+02 1.449771e-01 9.893596e-01 1.221593e-02 1.178602e+01 1.456798e-01 -3.355595e-02 9.887626e-01 -7.865910e+00
9.783536e-01 -1.444482e-01 -1.481857e-01 3.958242e+02 1.479471e-01 9.889123e-01 1.280815e-02 1.216255e+01 1.446925e-01 -3.445455e-02 9.888766e-01 -7.938121e+00
9.775751e-01 -1.471337e-01 -1.506607e-01 3.985874e+02 1.506682e-01 9.885085e-01 1.225609e-02 1.254475e+01 1.471261e-01 -3.468101e-02 9.885095e-01 -8.001740e+00
9.772657e-01 -1.502701e-01 -1.495680e-01 4.013149e+02 1.538094e-01 9.880239e-01 1.231688e-02 1.295121e+01 1.459259e-01 -3.504184e-02 9.886747e-01 -8.086240e+00
9.767233e-01 -1.535187e-01 -1.498117e-01 4.040820e+02 1.568651e-01 9.875619e-01 1.071057e-02 1.336364e+01 1.463041e-01 -3.396150e-02 9.886565e-01 -8.171151e+00
9.763805e-01 -1.564397e-01 -1.490230e-01 4.068313e+02 1.598118e-01 9.870877e-01 1.085357e-02 1.377252e+01 1.454008e-01 -3.441285e-02 9.887742e-01 -8.241280e+00
9.756616e-01 -1.592448e-01 -1.507498e-01 4.095686e+02 1.625853e-01 9.866437e-01 1.001930e-02 1.420278e+01 1.471408e-01 -3.428514e-02 9.885212e-01 -8.316516e+00
9.748651e-01 -1.626182e-01 -1.522938e-01 4.123087e+02 1.659191e-01 9.860971e-01 9.136406e-03 1.462864e+01 1.486908e-01 -3.417522e-02 9.882931e-01 -8.379564e+00
9.747287e-01 -1.649819e-01 -1.506152e-01 4.150544e+02 1.685982e-01 9.856180e-01 1.147554e-02 1.508171e+01 1.465558e-01 -3.657899e-02 9.885259e-01 -8.473717e+00
9.738910e-01 -1.671198e-01 -1.536466e-01 4.178341e+02 1.705613e-01 9.853023e-01 9.401770e-03 1.552187e+01 1.498171e-01 -3.536245e-02 9.880812e-01 -8.485874e+00
9.736300e-01 -1.688723e-01 -1.533844e-01 4.205556e+02 1.725675e-01 9.849364e-01 1.100758e-02 1.599360e+01 1.492150e-01 -3.718647e-02 9.881053e-01 -8.640385e+00
9.731953e-01 -1.710490e-01 -1.537311e-01 4.233186e+02 1.746042e-01 9.845898e-01 9.827947e-03 1.644365e+01 1.496810e-01 -3.640661e-02 9.880638e-01 -8.656245e+00
9.726123e-01 -1.736627e-01 -1.544881e-01 4.260712e+02 1.775182e-01 9.840513e-01 1.141422e-02 1.692439e+01 1.500421e-01 -3.852606e-02 9.879287e-01 -8.741611e+00
9.724998e-01 -1.756203e-01 -1.529755e-01 4.288145e+02 1.792587e-01 9.837488e-01 1.021554e-02 1.738475e+01 1.486954e-01 -3.735680e-02 9.881772e-01 -8.814692e+00
9.719704e-01 -1.775337e-01 -1.541273e-01 4.315800e+02 1.812115e-01 9.833930e-01 1.003580e-02 1.786436e+01 1.497860e-01 -3.768414e-02 9.880000e-01 -8.878430e+00
9.718838e-01 -1.795935e-01 -1.522763e-01 4.343006e+02 1.830185e-01 9.830712e-01 8.664738e-03 1.835600e+01 1.481423e-01 -3.629049e-02 9.883000e-01 -8.954471e+00
9.713587e-01 -1.818221e-01 -1.529802e-01 4.370627e+02 1.853210e-01 9.826387e-01 8.810263e-03 1.884470e+01 1.487223e-01 -3.690836e-02 9.881900e-01 -9.032202e+00
9.711282e-01 -1.836377e-01 -1.522736e-01 4.398144e+02 1.871120e-01 9.823003e-01 8.684194e-03 1.934927e+01 1.479837e-01 -3.692568e-02 9.883002e-01 -9.092196e+00
9.708735e-01 -1.853317e-01 -1.518450e-01 4.425971e+02 1.883268e-01 9.820912e-01 5.458797e-03 1.984999e+01 1.481139e-01 -3.389628e-02 9.883893e-01 -9.161655e+00
9.703141e-01 -1.879931e-01 -1.521486e-01 4.453348e+02 1.911866e-01 9.815321e-01 6.505611e-03 2.036475e+01 1.481157e-01 -3.540126e-02 9.883362e-01 -9.220152e+00
9.698129e-01 -1.896784e-01 -1.532486e-01 4.481056e+02 1.932778e-01 9.811045e-01 8.802403e-03 2.089474e+01 1.486833e-01 -3.815624e-02 9.881485e-01 -9.285591e+00
9.694347e-01 -1.912370e-01 -1.537032e-01 4.508379e+02 1.953010e-01 9.806740e-01 1.164807e-02 2.141049e+01 1.485052e-01 -4.131041e-02 9.880484e-01 -9.372923e+00
9.693595e-01 -1.934737e-01 -1.513610e-01 4.536124e+02 1.979655e-01 9.800936e-01 1.504642e-02 2.193185e+01 1.454369e-01 -4.454966e-02 9.883640e-01 -9.408869e+00
9.684617e-01 -1.950167e-01 -1.550822e-01 4.563808e+02 1.995702e-01 9.797806e-01 1.420244e-02 2.246804e+01 1.491768e-01 -4.470431e-02 9.877995e-01 -9.509868e+00
9.683589e-01 -1.967492e-01 -1.535278e-01 4.591319e+02 2.009850e-01 9.795156e-01 1.241953e-02 2.300894e+01 1.479393e-01 -4.288334e-02 9.880663e-01 -9.609538e+00
9.675174e-01 -1.990143e-01 -1.558955e-01 4.619017e+02 2.026636e-01 9.792181e-01 7.711256e-03 2.355262e+01 1.511210e-01 -3.905512e-02 9.877434e-01 -9.670903e+00
9.675362e-01 -2.013834e-01 -1.527036e-01 4.646514e+02 2.049202e-01 9.787489e-01 7.621530e-03 2.409758e+01 1.479236e-01 -3.866615e-02 9.882426e-01 -9.748549e+00
9.666469e-01 -2.038359e-01 -1.550634e-01 4.674113e+02 2.075978e-01 9.781792e-01 8.292181e-03 2.465969e+01 1.499896e-01 -4.020645e-02 9.878697e-01 -9.808893e+00
9.664890e-01 -2.059295e-01 -1.532710e-01 4.701720e+02 2.104787e-01 9.774998e-01 1.389230e-02 2.523040e+01 1.469616e-01 -4.568705e-02 9.880865e-01 -9.899011e+00
9.661254e-01 -2.080173e-01 -1.527436e-01 4.729370e+02 2.125492e-01 9.770532e-01 1.378228e-02 2.580090e+01 1.463717e-01 -4.578094e-02 9.881697e-01 -9.921528e+00
9.657655e-01 -2.107202e-01 -1.513074e-01 4.756895e+02 2.151561e-01 9.764880e-01 1.338111e-02 2.638791e+01 1.449302e-01 -4.547773e-02 9.883962e-01 -1.007574e+01
9.655612e-01 -2.122843e-01 -1.504227e-01 4.784478e+02 2.169693e-01 9.760592e-01 1.525730e-02 2.696627e+01 1.435825e-01 -4.736895e-02 9.885041e-01 -1.013480e+01
9.643397e-01 -2.147426e-01 -1.547082e-01 4.812255e+02 2.204703e-01 9.751748e-01 2.066321e-02 2.755394e+01 1.464303e-01 -5.403492e-02 9.877441e-01 -1.020729e+01
9.639937e-01 -2.172504e-01 -1.533575e-01 4.839992e+02 2.236512e-01 9.743332e-01 2.558804e-02 2.817096e+01 1.438623e-01 -5.896530e-02 9.878394e-01 -1.034380e+01
9.634782e-01 -2.200867e-01 -1.525503e-01 4.867761e+02 2.257648e-01 9.739611e-01 2.073789e-02 2.878199e+01 1.440139e-01 -5.442099e-02 9.880781e-01 -1.043269e+01
9.630181e-01 -2.237727e-01 -1.500728e-01 4.895452e+02 2.287226e-01 9.733542e-01 1.635101e-02 2.941068e+01 1.424151e-01 -5.007136e-02 9.885398e-01 -1.053680e+01
9.624083e-01 -2.264136e-01 -1.500237e-01 4.923417e+02 2.313962e-01 9.727213e-01 1.639950e-02 3.003146e+01 1.422181e-01 -5.049793e-02 9.885464e-01 -1.062371e+01
9.618347e-01 -2.288629e-01 -1.499857e-01 4.950995e+02 2.348785e-01 9.717414e-01 2.345952e-02 3.067698e+01 1.403784e-01 -5.779260e-02 9.884098e-01 -1.073242e+01
9.608105e-01 -2.318488e-01 -1.519520e-01 4.978814e+02 2.383095e-01 9.708537e-01 2.552810e-02 3.132720e+01 1.416045e-01 -6.073926e-02 9.880581e-01 -1.081251e+01
9.600416e-01 -2.348504e-01 -1.522020e-01 5.006370e+02 2.413239e-01 9.701152e-01 2.528904e-02 3.197349e+01 1.417144e-01 -6.100852e-02 9.880258e-01 -1.094227e+01
9.595274e-01 -2.385595e-01 -1.496543e-01 5.034250e+02 2.447038e-01 9.693054e-01 2.380791e-02 3.265007e+01 1.393812e-01 -5.946533e-02 9.884517e-01 -1.103942e+01
9.584380e-01 -2.424292e-01 -1.504150e-01 5.062051e+02 2.488566e-01 9.682124e-01 2.520123e-02 3.333830e+01 1.395242e-01 -6.158559e-02 9.883017e-01 -1.119000e+01
9.581586e-01 -2.447163e-01 -1.484791e-01 5.089687e+02 2.512301e-01 9.675636e-01 2.653300e-02 3.401586e+01 1.371699e-01 -6.272522e-02 9.885595e-01 -1.127560e+01
9.570029e-01 -2.463766e-01 -1.531147e-01 5.117332e+02 2.537772e-01 9.667810e-01 3.052116e-02 3.472248e+01 1.405087e-01 -6.806584e-02 9.877370e-01 -1.142048e+01
9.573191e-01 -2.481719e-01 -1.481581e-01 5.145100e+02 2.553500e-01 9.663430e-01 3.126609e-02 3.541371e+01 1.354122e-01 -6.776381e-02 9.884693e-01 -1.153058e+01
9.565626e-01 -2.499740e-01 -1.500036e-01 5.172702e+02 2.571253e-01 9.659116e-01 3.002369e-02 3.611337e+01 1.373851e-01 -6.728926e-02 9.882295e-01 -1.165811e+01
9.564839e-01 -2.533051e-01 -1.448278e-01 5.200240e+02 2.611220e-01 9.645785e-01 3.746741e-02 3.683900e+01 1.302070e-01 -7.365468e-02 9.887472e-01 -1.183142e+01
9.558653e-01 -2.538230e-01 -1.479713e-01 5.227848e+02 2.624890e-01 9.640208e-01 4.199091e-02 3.756131e+01 1.319891e-01 -7.897848e-02 9.880998e-01 -1.200819e+01
9.553316e-01 -2.554127e-01 -1.486809e-01 5.255687e+02 2.636499e-01 9.638586e-01 3.827880e-02 3.829486e+01 1.335305e-01 -7.576864e-02 9.881441e-01 -1.211717e+01
9.548147e-01 -2.564969e-01 -1.501274e-01 5.283494e+02 2.639023e-01 9.640404e-01 3.133637e-02 3.902289e+01 1.366912e-01 -6.953940e-02 9.881699e-01 -1.229136e+01
9.547626e-01 -2.583230e-01 -1.473013e-01 5.310927e+02 2.654287e-01 9.636488e-01 3.047303e-02 3.976633e+01 1.340748e-01 -6.819248e-02 9.886221e-01 -1.243359e+01
9.539207e-01 -2.589605e-01 -1.515743e-01 5.338543e+02 2.661434e-01 9.635020e-01 2.883517e-02 4.050118e+01 1.385749e-01 -6.784694e-02 9.880252e-01 -1.253317e+01
9.538812e-01 -2.619244e-01 -1.466501e-01 5.366094e+02 2.695781e-01 9.623549e-01 3.464907e-02 4.124593e+01 1.320540e-01 -7.258475e-02 9.885814e-01 -1.267371e+01
9.530763e-01 -2.662534e-01 -1.440648e-01 5.393638e+02 2.736645e-01 9.612252e-01 3.396830e-02 4.200155e+01 1.294345e-01 -7.179980e-02 9.889851e-01 -1.279161e+01
9.522127e-01 -2.700925e-01 -1.426221e-01 5.420949e+02 2.776198e-01 9.600371e-01 3.543836e-02 4.276053e+01 1.273509e-01 -7.333958e-02 9.891426e-01 -1.300183e+01
9.514710e-01 -2.731239e-01 -1.417968e-01 5.448304e+02 2.806923e-01 9.591206e-01 3.605006e-02 4.352256e+01 1.261541e-01 -7.410184e-02 9.892392e-01 -1.311609e+01
9.504608e-01 -2.765350e-01 -1.419600e-01 5.475223e+02 2.842423e-01 9.580448e-01 3.682931e-02 4.429461e+01 1.258194e-01 -7.535585e-02 9.891870e-01 -1.328710e+01
9.496056e-01 -2.798729e-01 -1.411394e-01 5.502387e+02 2.872755e-01 9.572190e-01 3.470862e-02 4.508187e+01 1.253873e-01 -7.350540e-02 9.893811e-01 -1.344811e+01
9.482370e-01 -2.826986e-01 -1.446656e-01 5.529316e+02 2.905676e-01 9.561745e-01 3.606758e-02 4.587000e+01 1.281293e-01 -7.623573e-02 9.888231e-01 -1.359185e+01
9.474413e-01 -2.854395e-01 -1.444970e-01 5.556384e+02 2.935290e-01 9.552063e-01 3.770262e-02 4.666808e+01 1.272626e-01 -7.813507e-02 9.887867e-01 -1.373369e+01
9.461637e-01 -2.877240e-01 -1.482874e-01 5.583224e+02 2.958769e-01 9.545574e-01 3.573408e-02 4.746576e+01 1.312672e-01 -7.768509e-02 9.882985e-01 -1.388327e+01
9.455414e-01 -2.905878e-01 -1.466634e-01 5.609729e+02 2.986214e-01 9.537070e-01 3.561468e-02 4.827409e+01 1.295247e-01 -7.747200e-02 9.885451e-01 -1.404378e+01
9.447544e-01 -2.928543e-01 -1.472260e-01 5.636417e+02 3.009062e-01 9.530015e-01 3.526483e-02 4.908031e+01 1.299791e-01 -7.761782e-02 9.884740e-01 -1.416843e+01
9.442507e-01 -2.953910e-01 -1.453780e-01 5.663120e+02 3.033191e-01 9.522361e-01 3.526855e-02 4.990326e+01 1.280162e-01 -7.739827e-02 9.887474e-01 -1.432660e+01
9.433928e-01 -2.978450e-01 -1.459402e-01 5.689727e+02 3.056807e-01 9.515250e-01 3.405564e-02 5.073055e+01 1.287224e-01 -7.673896e-02 9.887071e-01 -1.446176e+01
9.424652e-01 -2.995522e-01 -1.484174e-01 5.715935e+02 3.077112e-01 9.508390e-01 3.490964e-02 5.154299e+01 1.306638e-01 -7.857084e-02 9.883084e-01 -1.462472e+01
9.421422e-01 -3.013955e-01 -1.467272e-01 5.742534e+02 3.092776e-01 9.503745e-01 3.370140e-02 5.237431e+01 1.292884e-01 -7.713096e-02 9.886027e-01 -1.472791e+01
9.411265e-01 -3.035836e-01 -1.487213e-01 5.769046e+02 3.118531e-01 9.494748e-01 3.528888e-02 5.322720e+01 1.304940e-01 -7.959048e-02 9.882493e-01 -1.490191e+01
9.404036e-01 -3.055325e-01 -1.493018e-01 5.795341e+02 3.137371e-01 9.488897e-01 3.431206e-02 5.406804e+01 1.311875e-01 -7.910870e-02 9.881961e-01 -1.502236e+01
9.393618e-01 -3.079361e-01 -1.509133e-01 5.821567e+02 3.163592e-01 9.480009e-01 3.480171e-02 5.491969e+01 1.323492e-01 -8.043420e-02 9.879342e-01 -1.515707e+01
9.389931e-01 -3.102267e-01 -1.484971e-01 5.847938e+02 3.185258e-01 9.472603e-01 3.520667e-02 5.577470e+01 1.297433e-01 -8.035896e-02 9.882860e-01 -1.530559e+01
9.378526e-01 -3.129247e-01 -1.500356e-01 5.873931e+02 3.212887e-01 9.463506e-01 3.455870e-02 5.663327e+01 1.311720e-01 -8.061570e-02 9.880764e-01 -1.542804e+01
9.372702e-01 -3.147742e-01 -1.498059e-01 5.900242e+02 3.231415e-01 9.457178e-01 3.460014e-02 5.750266e+01 1.307829e-01 -8.083817e-02 9.881098e-01 -1.561742e+01
9.365709e-01 -3.168366e-01 -1.498314e-01 5.926118e+02 3.251795e-01 9.450315e-01 3.425878e-02 5.836108e+01 1.307410e-01 -8.080788e-02 9.881179e-01 -1.572754e+01
9.355332e-01 -3.184343e-01 -1.528964e-01 5.952033e+02 3.269207e-01 9.444638e-01 3.332560e-02 5.922705e+01 1.337931e-01 -8.116220e-02 9.876801e-01 -1.588947e+01
9.352043e-01 -3.207279e-01 -1.500888e-01 5.978182e+02 3.287978e-01 9.438657e-01 3.177539e-02 6.011730e+01 1.314724e-01 -7.906536e-02 9.881617e-01 -1.601488e+01
9.341857e-01 -3.228123e-01 -1.519519e-01 6.003969e+02 3.306880e-01 9.432921e-01 2.907277e-02 6.099713e+01 1.339500e-01 -7.740803e-02 9.879602e-01 -1.614340e+01
9.339955e-01 -3.249034e-01 -1.486272e-01 6.029634e+02 3.327194e-01 9.425340e-01 3.045119e-02 6.187444e+01 1.301925e-01 -7.789242e-02 9.884244e-01 -1.629263e+01
9.339084e-01 -3.260540e-01 -1.466418e-01 6.055366e+02 3.341252e-01 9.419309e-01 3.356460e-02 6.275343e+01 1.271825e-01 -8.034298e-02 9.886200e-01 -1.640016e+01
9.336083e-01 -3.269470e-01 -1.465648e-01 6.080978e+02 3.353436e-01 9.414041e-01 3.609565e-02 6.363053e+01 1.261753e-01 -8.284874e-02 9.885423e-01 -1.657200e+01
9.331312e-01 -3.291969e-01 -1.445531e-01 6.106445e+02 3.375826e-01 9.405600e-01 3.721433e-02 6.453393e+01 1.237100e-01 -8.352445e-02 9.887970e-01 -1.668472e+01
9.324566e-01 -3.304977e-01 -1.459313e-01 6.131961e+02 3.388614e-01 9.401463e-01 3.602586e-02 6.541894e+01 1.252903e-01 -8.304304e-02 9.886386e-01 -1.685038e+01
9.319054e-01 -3.317787e-01 -1.465446e-01 6.157161e+02 3.401641e-01 9.396880e-01 3.570449e-02 6.630009e+01 1.258602e-01 -8.312240e-02 9.885595e-01 -1.700666e+01
9.319557e-01 -3.317902e-01 -1.461977e-01 6.182648e+02 3.401144e-01 9.397155e-01 3.545263e-02 6.720555e+01 1.256214e-01 -8.276422e-02 9.886199e-01 -1.711727e+01
9.320634e-01 -3.317845e-01 -1.455226e-01 6.207782e+02 3.400342e-01 9.397497e-01 3.531424e-02 6.808408e+01 1.250381e-01 -8.239779e-02 9.887245e-01 -1.727905e+01
9.319280e-01 -3.326362e-01 -1.444418e-01 6.233173e+02 3.408386e-01 9.394474e-01 3.560463e-02 6.898455e+01 1.238521e-01 -8.241227e-02 9.888725e-01 -1.737604e+01
9.314403e-01 -3.336897e-01 -1.451557e-01 6.258596e+02 3.417622e-01 9.391701e-01 3.403073e-02 6.988408e+01 1.249702e-01 -8.130632e-02 9.888234e-01 -1.751900e+01
9.314899e-01 -3.356124e-01 -1.403244e-01 6.284058e+02 3.434527e-01 9.385078e-01 3.526046e-02 7.078366e+01 1.198617e-01 -8.103956e-02 9.894775e-01 -1.766817e+01
9.307562e-01 -3.374394e-01 -1.408103e-01 6.309105e+02 3.456397e-01 9.376062e-01 3.778903e-02 7.169183e+01 1.192731e-01 -8.384199e-02 9.893152e-01 -1.779527e+01
9.299845e-01 -3.393884e-01 -1.412249e-01 6.334033e+02 3.473825e-01 9.370447e-01 3.567551e-02 7.259368e+01 1.202262e-01 -8.223674e-02 9.893345e-01 -1.794347e+01
9.296639e-01 -3.416494e-01 -1.378434e-01 6.359415e+02 3.494008e-01 9.362867e-01 3.586336e-02 7.350435e+01 1.168082e-01 -8.150345e-02 9.898046e-01 -1.808834e+01
9.289959e-01 -3.438133e-01 -1.369637e-01 6.384584e+02 3.514418e-01 9.355438e-01 3.530592e-02 7.441632e+01 1.159969e-01 -8.093382e-02 9.899467e-01 -1.820198e+01
9.282380e-01 -3.464645e-01 -1.354127e-01 6.409656e+02 3.539760e-01 9.345906e-01 3.523716e-02 7.533300e+01 1.143470e-01 -8.064132e-02 9.901625e-01 -1.835662e+01
9.272301e-01 -3.492366e-01 -1.351967e-01 6.434616e+02 3.567562e-01 9.335304e-01 3.529754e-02 7.626669e+01 1.138831e-01 -8.096121e-02 9.901899e-01 -1.848673e+01
9.261913e-01 -3.515630e-01 -1.362835e-01 6.459415e+02 3.591781e-01 9.326046e-01 3.520856e-02 7.718604e+01 1.147206e-01 -8.155992e-02 9.900440e-01 -1.861252e+01
9.254290e-01 -3.540534e-01 -1.350088e-01 6.484400e+02 3.618330e-01 9.314911e-01 3.742797e-02 7.812772e+01 1.125080e-01 -8.348757e-02 9.901372e-01 -1.874061e+01
9.242488e-01 -3.573250e-01 -1.344727e-01 6.509590e+02 3.649840e-01 9.302950e-01 3.657472e-02 7.910034e+01 1.120302e-01 -8.288451e-02 9.902421e-01 -1.888169e+01
9.228535e-01 -3.607327e-01 -1.349569e-01 6.534540e+02 3.682399e-01 9.290837e-01 3.468203e-02 8.005318e+01 1.128753e-01 -8.170296e-02 9.902443e-01 -1.904135e+01
9.218038e-01 -3.640082e-01 -1.333257e-01 6.559495e+02 3.713332e-01 9.278743e-01 3.406998e-02 8.102295e+01 1.113077e-01 -8.091408e-02 9.904865e-01 -1.916689e+01
9.205443e-01 -3.674085e-01 -1.326998e-01 6.584299e+02 3.747293e-01 9.264997e-01 3.429532e-02 8.198743e+01 1.103460e-01 -8.129686e-02 9.905627e-01 -1.930068e+01
9.194180e-01 -3.704656e-01 -1.320067e-01 6.609011e+02 3.778626e-01 9.251875e-01 3.532832e-02 8.295710e+01 1.090430e-01 -8.236188e-02 9.906191e-01 -1.942071e+01
9.179515e-01 -3.738890e-01 -1.325595e-01 6.633729e+02 3.811432e-01 9.239116e-01 3.342378e-02 8.395374e+01 1.099765e-01 -8.120556e-02 9.906113e-01 -1.955587e+01
9.167858e-01 -3.772068e-01 -1.312201e-01 6.658383e+02 3.842928e-01 9.226317e-01 3.270244e-02 8.494768e+01 1.087323e-01 -8.040809e-02 9.908137e-01 -1.971425e+01
