1.000000e+00 0.000000e+00 0.000000e+00 0.000000e+00 0.000000e+00 1.000000e+00 0.000000e+00 0.000000e+00 0.000000e+00 0.000000e+00 1.000000e+00 0.000000e+00
9.999986e-01 1.447889e-04 -1.655702e-03 4.325466e-01 -1.456748e-04 9.999999e-01 -5.349240e-04 5.154238e-03 1.655624e-03 5.351644e-04 9.999985e-01 4.010958e-03
9.999998e-01 -3.168314e-04 -4.588994e-04 1.134293e+00 3.162813e-04 9.999992e-01 -1.198358e-03 -7.846506e-03 4.592788e-04 1.198212e-03 9.999992e-01 -4.116199e-03
9.999964e-01 2.072603e-04 -2.660920e-03 2.400448e+00 -2.062927e-04 1.000000e+00 3.638980e-04 -2.830774e-02 2.660995e-03 -3.633478e-04 9.999964e-01 -2.536926e-02
9.999954e-01 8.121852e-04 -2.935056e-03 4.321130e+00 -8.191970e-04 9.999969e-01 -2.388559e-03 -5.884896e-02 2.933107e-03 2.390952e-03 9.999928e-01 -4.706085e-02
9.999854e-01 -5.026680e-05 -5.406321e-03 6.227565e+00 3.772984e-05 9.999973e-01 -2.319022e-03 -6.393297e-02 5.406424e-03 2.318784e-03 9.999827e-01 -8.847813e-02
9.999883e-01 -3.005448e-04 -4.829727e-03 8.127970e+00 2.803678e-04 9.999912e-01 -4.177816e-03 -7.613298e-02 4.830941e-03 4.176414e-03 9.999796e-01 -1.033477e-01
9.999896e-01 -4.783919e-04 -4.527960e-03 9.992753e+00 4.554430e-04 9.999871e-01 -5.067936e-03 -8.879191e-02 4.530326e-03 5.065821e-03 9.999769e-01 -1.308739e-01
9.999772e-01 -2.580706e-04 -6.754868e-03 1.182243e+01 2.346396e-04 9.999939e-01 -3.469321e-03 -1.065097e-01 6.755723e-03 3.467657e-03 9.999712e-01 -1.575712e-01
9.999429e-01 -7.883920e-04 -1.065929e-02 1.362511e+01 7.816021e-04 9.999996e-01 -6.411427e-04 -1.197223e-01 1.065979e-02 6.327747e-04 9.999430e-01 -1.843120e-01
9.999418e-01 -7.351524e-04 -1.076488e-02 1.544223e+01 6.988000e-04 9.999940e-01 -3.380323e-03 -1.358640e-01 1.076731e-02 3.372604e-03 9.999363e-01 -2.122521e-01
9.999430e-01 -1.684764e-04 -1.068003e-02 1.723179e+01 1.318266e-04 9.999940e-01 -3.432225e-03 -1.659617e-01 1.068055e-02 3.430621e-03 9.999371e-01 -2.306445e-01
9.999613e-01 -3.570905e-04 -8.795192e-03 1.901283e+01 3.339788e-04 9.999964e-01 -2.629094e-03 -1.786734e-01 8.796099e-03 2.626055e-03 9.999579e-01 -2.456344e-01
9.999626e-01 -2.854350e-04 -8.638490e-03 2.080212e+01 2.756939e-04 9.999994e-01 -1.128803e-03 -2.031831e-01 8.638807e-03 1.126379e-03 9.999620e-01 -2.844088e-01
9.999724e-01 4.147196e-04 -7.421448e-03 2.256678e+01 -4.252391e-04 9.999989e-01 -1.415922e-03 -2.321406e-01 7.420853e-03 1.419039e-03 9.999714e-01 -2.995740e-01
9.999726e-01 -5.489813e-05 -7.393078e-03 2.435385e+01 4.715903e-05 9.999994e-01 -1.046974e-03 -2.365193e-01 7.393131e-03 1.046597e-03 9.999721e-01 -3.261346e-01
9.999766e-01 4.670534e-04 -6.821178e-03 2.614337e+01 -4.706049e-04 9.999996e-01 -5.190636e-04 -2.617321e-01 6.820934e-03 5.222615e-04 9.999766e-01 -3.693810e-01
9.999849e-01 6.426268e-04 -5.465678e-03 2.791325e+01 -6.447880e-04 9.999996e-01 -3.936464e-04 -2.857019e-01 5.465424e-03 3.971647e-04 9.999850e-01 -3.847453e-01
9.999804e-01 7.766385e-04 -6.213854e-03 2.970227e+01 -7.775050e-04 9.999998e-01 -1.370236e-04 -3.009103e-01 6.213746e-03 1.418522e-04 9.999807e-01 -4.486991e-01
9.999862e-01 1.904455e-03 -4.885650e-03 3.146821e+01 -1.911502e-03 9.999971e-01 -1.438297e-03 -3.232119e-01 4.882897e-03 1.447616e-03 9.999870e-01 -4.292880e-01
9.999757e-01 2.730208e-03 -6.418108e-03 3.323750e+01 -2.728919e-03 9.999963e-01 2.096350e-04 -3.457686e-01 6.418657e-03 -1.921154e-04 9.999794e-01 -4.929467e-01
9.999707e-01 3.976717e-03 -6.533435e-03 3.500137e+01 -3.981414e-03 9.999918e-01 -7.062120e-04 -3.729719e-01 6.530573e-03 7.322037e-04 9.999784e-01 -5.090913e-01
9.999478e-01 5.715169e-03 -8.472020e-03 3.675624e+01 -5.715998e-03 9.999837e-01 -7.363500e-05 -4.110624e-01 8.471461e-03 1.220572e-04 9.999641e-01 -5.534292e-01
9.999226e-01 7.695501e-03 -9.772159e-03 3.851498e+01 -7.707124e-03 9.999697e-01 -1.152282e-03 -4.349473e-01 9.762995e-03 1.227508e-03 9.999516e-01 -5.823574e-01
9.998930e-01 9.816724e-03 -1.085241e-02 4.025491e+01 -9.829641e-03 9.999510e-01 -1.137503e-03 -4.713259e-01 1.084071e-02 1.244057e-03 9.999405e-01 -6.111495e-01
9.998222e-01 1.304446e-02 -1.361744e-02 4.199653e+01 -1.305763e-02 9.999143e-01 -8.785782e-04 -5.101935e-01 1.360481e-02 1.056233e-03 9.999069e-01 -6.389189e-01
9.997670e-01 1.605180e-02 -1.443287e-02 4.373286e+01 -1.606701e-02 9.998704e-01 -9.388396e-04 -5.514147e-01 1.441593e-02 1.170514e-03 9.998954e-01 -6.635896e-01
9.997150e-01 1.960042e-02 -1.362502e-02 4.548835e+01 -1.961891e-02 9.998068e-01 -1.224398e-03 -6.042007e-01 1.359839e-02 1.491358e-03 9.999064e-01 -6.928341e-01
9.996458e-01 2.303335e-02 -1.333433e-02 4.722549e+01 -2.305912e-02 9.997324e-01 -1.781938e-03 -6.568007e-01 1.328972e-02 2.088785e-03 9.999095e-01 -6.924278e-01
9.995447e-01 2.639891e-02 -1.461214e-02 4.895105e+01 -2.642506e-02 9.996494e-01 -1.599546e-03 -7.209252e-01 1.456480e-02 1.984945e-03 9.998919e-01 -7.668121e-01
9.994035e-01 3.008076e-02 -1.696475e-02 5.068239e+01 -3.014368e-02 9.995396e-01 -3.465290e-03 -7.867582e-01 1.685270e-02 3.974603e-03 9.998501e-01 -7.835808e-01
9.992869e-01 3.359949e-02 -1.722260e-02 5.240482e+01 -3.372646e-02 9.994056e-01 -7.135083e-03 -8.689140e-01 1.697263e-02 7.710853e-03 9.998262e-01 -8.060907e-01
9.991110e-01 3.711826e-02 -1.998543e-02 5.410641e+01 -3.733280e-02 9.992479e-01 -1.047059e-02 -9.462280e-01 1.958175e-02 1.120739e-02 9.997454e-01 -8.231737e-01
9.989489e-01 3.968098e-02 -2.294619e-02 5.582384e+01 -3.993380e-02 9.991453e-01 -1.066678e-02 -1.018956e+00 2.250331e-02 1.157189e-02 9.996798e-01 -8.455397e-01
9.987234e-01 4.298893e-02 -2.652165e-02 5.752722e+01 -4.318438e-02 9.990438e-01 -6.840881e-03 -1.108516e+00 2.620220e-02 7.977469e-03 9.996248e-01 -8.824804e-01
9.986936e-01 4.545719e-02 -2.333968e-02 5.923955e+01 -4.546972e-02 9.989657e-01 -6.327173e-06 -1.207821e+00 2.331525e-02 1.067568e-03 9.997276e-01 -8.505365e-01
9.985927e-01 4.810992e-02 -2.231778e-02 6.090790e+01 -4.802710e-02 9.988371e-01 4.232553e-03 -1.296787e+00 2.249546e-02 -3.154738e-03 9.997420e-01 -9.069877e-01
9.985360e-01 5.131625e-02 -1.710212e-02 6.259749e+01 -5.121470e-02 9.986676e-01 6.324213e-03 -1.418809e+00 1.740387e-02 -5.439075e-03 9.998338e-01 -9.674597e-01
9.983672e-01 5.531083e-02 -1.427007e-02 6.428910e+01 -5.529980e-02 9.984691e-01 1.166328e-03 -1.530463e+00 1.431274e-02 -3.752917e-04 9.998975e-01 -9.351010e-01
9.981077e-01 5.946498e-02 -1.565328e-02 6.594189e+01 -5.943818e-02 9.982296e-01 2.171901e-03 -1.649872e+00 1.575472e-02 -1.237388e-03 9.998751e-01 -1.052833e+00
9.978538e-01 6.337425e-02 -1.647584e-02 6.761452e+01 -6.331071e-02 9.979844e-01 4.350414e-03 -1.763416e+00 1.671834e-02 -3.297980e-03 9.998548e-01 -1.068012e+00
9.975572e-01 6.769817e-02 -1.721983e-02 6.927837e+01 -6.755736e-02 9.976779e-01 8.631507e-03 -1.898658e+00 1.776419e-02 -7.447096e-03 9.998145e-01 -1.127732e+00
9.972147e-01 7.237609e-02 -1.801355e-02 7.092397e+01 -7.219443e-02 9.973350e-01 1.053936e-02 -2.026383e+00 1.872834e-02 -9.209532e-03 9.997822e-01 -1.137122e+00
9.967796e-01 7.744324e-02 -2.081067e-02 7.259330e+01 -7.730819e-02 9.969811e-01 7.218300e-03 -2.182621e+00 2.130686e-02 -5.586218e-03 9.997573e-01 -1.176234e+00
9.964136e-01 8.257815e-02 -1.846021e-02 7.423388e+01 -8.250996e-02 9.965805e-01 4.426975e-03 -2.330604e+00 1.876266e-02 -2.887947e-03 9.998198e-01 -1.262200e+00
9.958597e-01 8.827063e-02 -2.171744e-02 7.587960e+01 -8.817350e-02 9.960904e-01 5.392048e-03 -2.482776e+00 2.210849e-02 -3.454820e-03 9.997496e-01 -1.244607e+00
9.952593e-01 9.419468e-02 -2.421298e-02 7.749819e+01 -9.406452e-02 9.955451e-01 6.462034e-03 -2.646225e+00 2.471380e-02 -4.153817e-03 9.996859e-01 -1.336316e+00
9.947390e-01 9.969084e-02 -2.358063e-02 7.914598e+01 -9.960593e-02 9.950157e-01 4.751489e-03 -2.821095e+00 2.393677e-02 -2.377721e-03 9.997106e-01 -1.359091e+00
9.941748e-01 1.050050e-01 -2.429820e-02 8.076409e+01 -1.048567e-01 9.944607e-01 7.302631e-03 -3.007985e+00 2.493042e-02 -4.712262e-03 9.996781e-01 -1.374070e+00
9.936171e-01 1.105143e-01 -2.261817e-02 8.239089e+01 -1.103977e-01 9.938673e-01 6.342141e-03 -3.201756e+00 2.318035e-02 -3.804667e-03 9.997240e-01 -1.427883e+00
9.930522e-01 1.157352e-01 -2.127382e-02 8.402374e+01 -1.156305e-01 9.932736e-01 6.093528e-03 -3.412814e+00 2.183596e-02 -3.591289e-03 9.997551e-01 -1.454137e+00
9.924772e-01 1.207479e-01 -2.022292e-02 8.563487e+01 -1.206427e-01 9.926757e-01 6.346125e-03 -3.618337e+00 2.084109e-02 -3.858636e-03 9.997754e-01 -1.505662e+00
9.918296e-01 1.263331e-01 -1.772265e-02 8.724400e+01 -1.262211e-01 9.919751e-01 7.309482e-03 -3.848830e+00 1.850386e-02 -5.012788e-03 9.998162e-01 -1.543546e+00
9.912845e-01 1.307306e-01 -1.626250e-02 8.886842e+01 -1.305759e-01 9.913856e-01 1.023872e-02 -4.073073e+00 1.746092e-02 -8.025995e-03 9.998153e-01 -1.568758e+00
9.905550e-01 1.362957e-01 -1.497606e-02 9.048019e+01 -1.361590e-01 9.906386e-01 9.797612e-03 -4.315568e+00 1.617123e-02 -7.665948e-03 9.998398e-01 -1.636222e+00
9.898888e-01 1.410259e-01 -1.522617e-02 9.208652e+01 -1.409103e-01 9.899865e-01 8.420336e-03 -4.564747e+00 1.626119e-02 -6.189671e-03 9.998486e-01 -1.663703e+00
9.891833e-01 1.457306e-01 -1.670415e-02 9.369980e+01 -1.456358e-01 9.893152e-01 6.767706e-03 -4.813762e+00 1.751193e-02 -4.261781e-03 9.998376e-01 -1.710351e+00
9.885618e-01 1.499186e-01 -1.642990e-02 9.530422e+01 -1.497818e-01 9.886756e-01 9.268249e-03 -5.064551e+00 1.763333e-02 -6.701336e-03 9.998221e-01 -1.749504e+00
9.879960e-01 1.534526e-01 -1.778211e-02 9.691901e+01 -1.532567e-01 9.881145e-01 1.191244e-02 -5.338220e+00 1.939875e-02 -9.044219e-03 9.997709e-01 -1.797888e+00
9.875512e-01 1.565947e-01 -1.485796e-02 9.851470e+01 -1.564128e-01 9.876100e-01 1.270836e-02 -5.604774e+00 1.666393e-02 -1.022618e-02 9.998088e-01 -1.829709e+00
9.871295e-01 1.591537e-01 -1.566439e-02 1.001388e+02 -1.589304e-01 9.871819e-01 1.460262e-02 -5.889019e+00 1.778766e-02 -1.192513e-02 9.997706e-01 -1.876803e+00
9.866957e-01 1.621686e-01 -1.152859e-02 1.017460e+02 -1.620469e-01 9.867239e-01 1.080687e-02 -6.168528e+00 1.312807e-02 -8.794915e-03 9.998751e-01 -1.933085e+00
9.863018e-01 1.646353e-01 -1.019449e-02 1.033467e+02 -1.645472e-01 9.863286e-01 8.952387e-03 -6.454467e+00 1.152900e-02 -7.152280e-03 9.999080e-01 -1.952077e+00
9.859350e-01 1.669886e-01 -6.858817e-03 1.049386e+02 -1.669546e-01 9.859505e-01 5.271017e-03 -6.745203e+00 7.642654e-03 -4.051768e-03 9.999626e-01 -2.008124e+00
9.856835e-01 1.685015e-01 -5.935217e-03 1.065469e+02 -1.684802e-01 9.856973e-01 3.925530e-03 -7.029325e+00 6.511785e-03 -2.869364e-03 9.999747e-01 -2.030208e+00
9.852881e-01 1.708459e-01 -4.370516e-03 1.081247e+02 -1.708304e-01 9.852936e-01 3.707801e-03 -7.335610e+00 4.939703e-03 -2.906635e-03 9.999835e-01 -2.112226e+00
9.849200e-01 1.728812e-01 -6.688145e-03 1.097045e+02 -1.728234e-01 9.849166e-01 8.436331e-03 -7.616113e+00 8.045749e-03 -7.153242e-03 9.999421e-01 -2.097360e+00
9.845275e-01 1.748362e-01 -1.174666e-02 1.112851e+02 -1.746993e-01 9.845508e-01 1.182720e-02 -7.906386e+00 1.363301e-02 -9.592069e-03 9.998611e-01 -2.195263e+00
9.840269e-01 1.776278e-01 -1.180882e-02 1.128533e+02 -1.775021e-01 9.840595e-01 1.096250e-02 -8.220799e+00 1.356782e-02 -8.691305e-03 9.998702e-01 -2.219508e+00
9.836338e-01 1.795485e-01 -1.506554e-02 1.144317e+02 -1.794104e-01 9.837226e-01 1.008037e-02 -8.506171e+00 1.663023e-02 -7.212477e-03 9.998357e-01 -2.250138e+00
9.831072e-01 1.823757e-01 -1.546960e-02 1.160033e+02 -1.822548e-01 9.832109e-01 8.905291e-03 -8.819010e+00 1.683399e-02 -5.935447e-03 9.998407e-01 -2.320283e+00
9.826062e-01 1.848816e-01 -1.743124e-02 1.175656e+02 -1.846998e-01 9.827273e-01 1.153517e-02 -9.125909e+00 1.926280e-02 -8.114981e-03 9.997815e-01 -2.324151e+00
9.819127e-01 1.884352e-01 -1.842794e-02 1.191045e+02 -1.882022e-01 9.820353e-01 1.366608e-02 -9.439614e+00 2.067205e-02 -9.950715e-03 9.997368e-01 -2.423629e+00
9.813084e-01 1.915290e-01 -1.872024e-02 1.206661e+02 -1.913053e-01 9.814430e-01 1.310758e-02 -9.753006e+00 2.088333e-02 -9.281300e-03 9.997388e-01 -2.409464e+00
9.805560e-01 1.953263e-01 -1.890886e-02 1.222174e+02 -1.951273e-01 9.807061e-01 1.186892e-02 -1.008575e+01 2.086234e-02 -7.948504e-03 9.997507e-01 -2.524680e+00
9.798256e-01 1.991114e-01 -1.722064e-02 1.237646e+02 -1.989539e-01 9.799532e-01 1.043815e-02 -1.042048e+01 1.895378e-02 -6.801450e-03 9.997972e-01 -2.508009e+00
9.790596e-01 2.028731e-01 -1.687839e-02 1.253039e+02 -2.026751e-01 9.791634e-01 1.273487e-02 -1.075288e+01 1.911026e-02 -9.047363e-03 9.997764e-01 -2.582197e+00
9.782879e-01 2.067513e-01 -1.437439e-02 1.268350e+02 -2.065756e-01 9.783468e-01 1.280509e-02 -1.109047e+01 1.671061e-02 -9.557667e-03 9.998147e-01 -2.646143e+00
9.776222e-01 2.100436e-01 -1.168512e-02 1.283831e+02 -2.098774e-01 9.776275e-01 1.399986e-02 -1.143629e+01 1.436428e-02 -1.123413e-02 9.998337e-01 -2.653327e+00
9.767818e-01 2.139578e-01 -1.092152e-02 1.299071e+02 -2.138060e-01 9.767817e-01 1.357938e-02 -1.179361e+01 1.357336e-02 -1.092900e-02 9.998481e-01 -2.734126e+00
9.758608e-01 2.181713e-01 -9.850046e-03 1.314319e+02 -2.180076e-01 9.758252e-01 1.542924e-02 -1.215528e+01 1.297814e-02 -1.290940e-02 9.998325e-01 -2.777171e+00
9.749765e-01 2.219146e-01 -1.321345e-02 1.329589e+02 -2.217107e-01 9.749923e-01 1.531415e-02 -1.250446e+01 1.628145e-02 -1.200137e-02 9.997954e-01 -2.804777e+00
9.740409e-01 2.261759e-01 -9.423453e-03 1.344680e+02 -2.260423e-01 9.740248e-01 1.342578e-02 -1.287056e+01 1.221527e-02 -1.094716e-02 9.998655e-01 -2.900689e+00
9.731609e-01 2.298878e-01 -1.046562e-02 1.360074e+02 -2.297445e-01 9.731600e-01 1.330417e-02 -1.324092e+01 1.324319e-02 -1.054268e-02 9.998567e-01 -2.903756e+00
9.722318e-01 2.339392e-01 -6.150700e-03 1.375178e+02 -2.338640e-01 9.722077e-01 1.096092e-02 -1.363075e+01 8.543945e-03 -9.218127e-03 9.999210e-01 -2.948004e+00
9.712598e-01 2.379049e-01 -7.468341e-03 1.390339e+02 -2.377920e-01 9.712223e-01 1.349511e-02 -1.402018e+01 1.046397e-02 -1.133135e-02 9.998810e-01 -3.009987e+00
9.702395e-01 2.420243e-01 -7.715723e-03 1.405363e+02 -2.418932e-01 9.701886e-01 1.488385e-02 -1.441084e+01 1.108796e-02 -1.257452e-02 9.998595e-01 -3.045164e+00
9.691744e-01 2.462950e-01 -6.299661e-03 1.420285e+02 -2.461224e-01 9.690208e-01 2.055056e-02 -1.480691e+01 1.116600e-02 -1.836659e-02 9.997690e-01 -3.147834e+00
9.679942e-01 2.507551e-01 -1.044793e-02 1.435373e+02 -2.504829e-01 9.678669e-01 2.217617e-02 -1.521330e+01 1.567300e-02 -1.884937e-02 9.996995e-01 -3.147167e+00
9.671639e-01 2.539961e-01 -8.941741e-03 1.450341e+02 -2.537395e-01 9.669979e-01 2.304788e-02 -1.562102e+01 1.450072e-02 -2.002220e-02 9.996943e-01 -3.237621e+00
9.659392e-01 2.585756e-01 -1.000637e-02 1.465246e+02 -2.582702e-01 9.657559e-01 2.474414e-02 -1.603928e+01 1.606194e-02 -2.131699e-02 9.996437e-01 -3.302768e+00
9.648570e-01 2.626212e-01 -9.008970e-03 1.480309e+02 -2.623505e-01 9.646789e-01 2.380519e-02 -1.646008e+01 1.494251e-02 -2.060510e-02 9.996760e-01 -3.331712e+00
9.638731e-01 2.662836e-01 -6.450865e-03 1.495210e+02 -2.661057e-01 9.637257e-01 2.050634e-02 -1.688407e+01 1.167737e-02 -1.804890e-02 9.997689e-01 -3.407937e+00
9.628937e-01 2.698584e-01 -3.489141e-03 1.510195e+02 -2.697865e-01 9.628180e-01 1.401637e-02 -1.732225e+01 7.141844e-03 -1.255495e-02 9.998957e-01 -3.456674e+00
9.618497e-01 2.735638e-01 -2.841642e-03 1.524843e+02 -2.735088e-01 9.617872e-01 1.258525e-02 -1.775882e+01 6.175923e-03 -1.132790e-02 9.999168e-01 -3.502088e+00
9.606086e-01 2.779005e-01 -1.552833e-03 1.539549e+02 -2.778301e-01 9.604647e-01 1.782455e-02 -1.820020e+01 6.444894e-03 -1.669100e-02 9.998399e-01 -3.595774e+00
9.593828e-01 2.820894e-01 -3.202441e-03 1.554389e+02 -2.819689e-01 9.592052e-01 2.047164e-02 -1.864946e+01 8.846631e-03 -1.873715e-02 9.997853e-01 -3.589854e+00
9.582730e-01 2.858537e-01 -7.290985e-04 1.569272e+02 -2.857904e-01 9.581085e-01 1.875419e-02 -1.911650e+01 6.059510e-03 -1.776327e-02 9.998239e-01 -3.647184e+00
9.571783e-01 2.894988e-01 -3.396336e-04 1.583704e+02 -2.894481e-01 9.570311e-01 1.763841e-02 -1.956669e+01 5.431338e-03 -1.678480e-02 9.998444e-01 -3.737407e+00
9.559780e-01 2.933750e-01 6.095289e-03 1.598537e+02 -2.934378e-01 9.558072e-01 1.808091e-02 -2.004573e+01 -5.214352e-04 -1.907354e-02 9.998180e-01 -3.760859e+00
9.548503e-01 2.970670e-01 3.477051e-03 1.613020e+02 -2.970754e-01 9.546412e-01 2.016130e-02 -2.052502e+01 2.669922e-03 -2.028397e-02 9.997907e-01 -3.837190e+00
9.536492e-01 3.008402e-01 6.956991e-03 1.627665e+02 -3.009171e-01 9.534944e-01 1.723894e-02 -2.099512e+01 -1.447286e-03 -1.853338e-02 9.998272e-01 -3.884532e+00
9.525227e-01 3.044150e-01 5.660780e-03 1.642232e+02 -3.044647e-01 9.522672e-01 2.209558e-02 -2.147935e+01 1.335651e-03 -2.277005e-02 9.997398e-01 -3.941100e+00
9.511650e-01 3.086455e-01 4.814156e-03 1.656898e+02 -3.086784e-01 9.509505e-01 2.026651e-02 -2.197021e+01 1.677141e-03 -2.076282e-02 9.997830e-01 -3.961899e+00
9.501686e-01 3.116834e-01 5.761579e-03 1.671274e+02 -3.117360e-01 9.499637e-01 1.974641e-02 -2.246601e+01 6.813379e-04 -2.055851e-02 9.997884e-01 -4.078330e+00
9.488981e-01 3.155138e-01 6.597344e-03 1.685856e+02 -3.155803e-01 9.487652e-01 1.592135e-02 -2.295855e+01 -1.235926e-03 -1.718973e-02 9.998515e-01 -4.079118e+00
9.478874e-01 3.185290e-01 6.988157e-03 1.700298e+02 -3.186023e-01 9.477497e-01 1.622122e-02 -2.346644e+01 -1.456095e-03 -1.760233e-02 9.998440e-01 -4.169800e+00
9.470136e-01 3.211290e-01 6.437005e-03 1.714789e+02 -3.211933e-01 9.468012e-01 2.005832e-02 -2.395898e+01 3.467423e-04 -2.106302e-02 9.997781e-01 -4.179555e+00
9.461905e-01 3.235418e-01 6.648322e-03 1.729237e+02 -3.236070e-01 9.458914e-01 2.382853e-02 -2.448674e+01 1.420933e-03 -2.469777e-02 9.996939e-01 -4.258411e+00
9.456043e-01 3.252771e-01 5.234054e-03 1.743692e+02 -3.253054e-01 9.452935e-01 2.441952e-02 -2.499677e+01 2.995391e-03 -2.479387e-02 9.996881e-01 -4.304655e+00
9.448870e-01 3.272841e-01 8.577961e-03 1.758201e+02 -3.273962e-01 9.446000e-01 2.329623e-02 -2.551230e+01 -4.782579e-04 -2.482069e-02 9.996918e-01 -4.365492e+00
9.443594e-01 3.286953e-01 1.203095e-02 1.772656e+02 -3.288918e-01 9.440978e-01 2.256771e-02 -2.603472e+01 -3.940497e-03 -2.526891e-02 9.996729e-01 -4.431818e+00
9.437631e-01 3.303921e-01 1.234436e-02 1.787217e+02 -3.305917e-01 9.435272e-01 2.158352e-02 -2.655898e+01 -4.516216e-03 -2.445067e-02 9.996908e-01 -4.498095e+00
9.429930e-01 3.324895e-01 1.466248e-02 1.801596e+02 -3.327430e-01 9.427814e-01 2.110349e-02 -2.708714e+01 -6.806829e-03 -2.477928e-02 9.996698e-01 -4.527512e+00
9.424151e-01 3.342236e-01 1.218477e-02 1.816061e+02 -3.344237e-01 9.421450e-01 2.288693e-02 -2.761905e+01 -3.830463e-03 -2.564386e-02 9.996638e-01 -4.612718e+00
9.416822e-01 3.363300e-01 1.080355e-02 1.830560e+02 -3.364947e-01 9.414041e-01 2.301673e-02 -2.815830e+01 -2.429286e-03 -2.530979e-02 9.996767e-01 -4.670034e+00
9.411074e-01 3.379782e-01 9.359444e-03 1.844994e+02 -3.381077e-01 9.407697e-01 2.521082e-02 -2.869487e+01 -2.843738e-04 -2.689059e-02 9.996383e-01 -4.731818e+00
9.405495e-01 3.396041e-01 5.969513e-03 1.859583e+02 -3.396446e-01 9.402236e-01 2.492489e-02 -2.923656e+01 2.851918e-03 -2.547060e-02 9.996715e-01 -4.778043e+00
9.399580e-01 3.412527e-01 5.049334e-03 1.874067e+02 -3.412744e-01 9.396708e-01 2.346133e-02 -2.976907e+01 3.261529e-03 -2.377588e-02 9.997120e-01 -4.841324e+00
9.392307e-01 3.432588e-01 4.367758e-03 1.888650e+02 -3.432709e-01 9.389900e-01 2.151757e-02 -3.031905e+01 3.284815e-03 -2.170929e-02 9.997590e-01 -4.899132e+00
9.385253e-01 3.451767e-01 4.835606e-03 1.903090e+02 -3.451959e-01 9.382639e-01 2.237480e-02 -3.087168e+01 3.186184e-03 -2.266854e-02 9.997380e-01 -4.969693e+00
9.376788e-01 3.474726e-01 4.617292e-03 1.917564e+02 -3.474849e-01 9.374096e-01 2.274685e-02 -3.142428e+01 3.575614e-03 -2.293368e-02 9.997306e-01 -5.016805e+00
9.371890e-01 3.487965e-01 4.204877e-03 1.932015e+02 -3.487788e-01 9.368160e-01 2.700341e-02 -3.198846e+01 5.479500e-03 -2.677387e-02 9.996265e-01 -5.099090e+00
9.364141e-01 3.508783e-01 3.628314e-03 1.946600e+02 -3.508277e-01 9.359733e-01 2.956109e-02 -3.255232e+01 6.976340e-03 -2.895433e-02 9.995564e-01 -5.135961e+00
9.359191e-01 3.522143e-01 7.030834e-04 1.961179e+02 -3.520674e-01 9.354670e-01 3.081953e-02 -3.311038e+01 1.019737e-02 -2.909212e-02 9.995247e-01 -5.230335e+00
9.351382e-01 3.542689e-01 -3.161896e-03 1.975719e+02 -3.540227e-01 9.347562e-01 2.998415e-02 -3.367678e+01 1.357805e-02 -2.691994e-02 9.995454e-01 -5.329237e+00
9.343565e-01 3.562436e-01 -8.274956e-03 1.990232e+02 -3.558283e-01 9.340075e-01 3.187726e-02 -3.423507e+01 1.908494e-02 -2.684027e-02 9.994575e-01 -5.393559e+00
9.337696e-01 3.576459e-01 -1.279482e-02 2.004887e+02 -3.571624e-01 9.335698e-01 2.970401e-02 -3.479582e+01 2.256837e-02 -2.316688e-02 9.994769e-01 -5.401278e+00
9.332702e-01 3.588347e-01 -1.563438e-02 2.019312e+02 -3.582952e-01 9.331465e-01 2.936528e-02 -3.537844e+01 2.512644e-02 -2.180402e-02 9.994465e-01 -5.524672e+00
9.327829e-01 3.599218e-01 -1.929400e-02 2.033982e+02 -3.592897e-01 9.327471e-01 2.989198e-02 -3.594116e+01 2.875520e-02 -2.095060e-02 9.993669e-01 -5.584978e+00
9.322281e-01 3.611942e-01 -2.212400e-02 2.048673e+02 -3.604870e-01 9.322673e-01 3.043874e-02 -3.653611e+01 3.161978e-02 -2.040043e-02 9.992918e-01 -5.645729e+00
9.318069e-01 3.621595e-01 -2.400675e-02 2.063147e+02 -3.615458e-01 9.319797e-01 2.642666e-02 -3.709624e+01 3.194448e-02 -1.594500e-02 9.993625e-01 -5.721889e+00
9.317064e-01 3.624479e-01 -2.355001e-02 2.077798e+02 -3.618608e-01 9.318746e-01 2.581411e-02 -3.768523e+01 3.130193e-02 -1.552934e-02 9.993894e-01 -5.761662e+00
9.316024e-01 3.627180e-01 -2.350691e-02 2.092310e+02 -3.620807e-01 9.317433e-01 2.742764e-02 -3.825515e+01 3.185090e-02 -1.704025e-02 9.993474e-01 -5.837561e+00
9.315498e-01 3.630351e-01 -2.050575e-02 2.106718e+02 -3.624476e-01 9.315976e-01 2.752804e-02 -3.883993e+01 2.909675e-02 -1.821148e-02 9.994107e-01 -5.904159e+00
9.312510e-01 3.638234e-01 -2.010210e-02 2.121314e+02 -3.633040e-01 9.313246e-01 2.539296e-02 -3.943220e+01 2.796013e-02 -1.634405e-02 9.994754e-01 -5.957151e+00
9.310375e-01 3.645540e-01 -1.641637e-02 2.135847e+02 -3.641318e-01 9.310389e-01 2.397227e-02 -4.002519e+01 2.402346e-02 -1.634136e-02 9.995778e-01 -6.032007e+00
9.310956e-01 3.644650e-01 -1.504421e-02 2.150364e+02 -3.640449e-01 9.310492e-01 2.487680e-02 -4.060459e+01 2.307362e-02 -1.768591e-02 9.995773e-01 -6.102380e+00
9.311871e-01 3.642947e-01 -1.341261e-02 2.164767e+02 -3.638957e-01 9.310973e-01 2.525791e-02 -4.118848e+01 2.168977e-02 -1.863905e-02 9.995910e-01 -6.155653e+00
9.313570e-01 3.638633e-01 -1.332947e-02 2.179398e+02 -3.634160e-01 9.312202e-01 2.752611e-02 -4.177701e+01 2.242842e-02 -2.079249e-02 9.995322e-01 -6.213497e+00
9.314442e-01 3.635933e-01 -1.454643e-02 2.193898e+02 -3.631490e-01 9.313592e-01 2.632500e-02 -4.236162e+01 2.311955e-02 -1.923775e-02 9.995476e-01 -6.314384e+00
9.316826e-01 3.629581e-01 -1.513002e-02 2.208554e+02 -3.625121e-01 9.316182e-01 2.592834e-02 -4.294421e+01 2.350631e-02 -1.867216e-02 9.995493e-01 -6.363502e+00
9.318036e-01 3.626691e-01 -1.459758e-02 2.223081e+02 -3.622701e-01 9.317565e-01 2.430000e-02 -4.352414e+01 2.241424e-02 -1.735456e-02 9.995981e-01 -6.432392e+00
9.320608e-01 3.620898e-01 -1.239003e-02 2.237781e+02 -3.616972e-01 9.319360e-01 2.588947e-02 -4.411577e+01 2.092103e-02 -1.964912e-02 9.995880e-01 -6.481310e+00
9.321276e-01 3.619356e-01 -1.186160e-02 2.252376e+02 -3.615337e-01 9.319724e-01 2.684851e-02 -4.470186e+01 2.077212e-02 -2.073787e-02 9.995691e-01 -6.544070e+00
9.322643e-01 3.616456e-01 -9.777011e-03 2.267061e+02 -3.613183e-01 9.321020e-01 2.519940e-02 -4.529819e+01 1.822643e-02 -1.995989e-02 9.996346e-01 -6.629957e+00
9.323589e-01 3.614327e-01 -8.564288e-03 2.281750e+02 -3.611373e-01 9.321835e-01 2.477175e-02 -4.588051e+01 1.693681e-02 -2.000328e-02 9.996564e-01 -6.664491e+00
9.322394e-01 3.617474e-01 -8.282941e-03 2.296441e+02 -3.614455e-01 9.320449e-01 2.548550e-02 -4.647654e+01 1.693938e-02 -2.076475e-02 9.996409e-01 -6.750637e+00
9.322374e-01 3.617975e-01 -5.997862e-03 2.310999e+02 -3.615292e-01 9.319851e-01 2.646679e-02 -4.705947e+01 1.516553e-02 -2.250493e-02 9.996317e-01 -6.806407e+00
9.321148e-01 3.621369e-01 -4.339012e-03 2.325792e+02 -3.619062e-01 9.318385e-01 2.648192e-02 -4.765157e+01 1.363334e-02 -2.311387e-02 9.996399e-01 -6.875909e+00
9.320765e-01 3.622190e-01 -5.549609e-03 2.340466e+02 -3.619370e-01 9.317806e-01 2.804468e-02 -4.823840e+01 1.532933e-02 -2.413118e-02 9.995913e-01 -6.933470e+00
9.318660e-01 3.627571e-01 -5.739254e-03 2.355070e+02 -3.624519e-01 9.315445e-01 2.921954e-02 -4.882950e+01 1.594596e-02 -2.514849e-02 9.995565e-01 -7.019557e+00
9.315748e-01 3.634897e-01 -6.607743e-03 2.369736e+02 -3.631513e-01 9.312508e-01 2.988845e-02 -4.941732e+01 1.701761e-02 -2.544372e-02 9.995314e-01 -7.083924e+00
9.313001e-01 3.641977e-01 -6.333753e-03 2.384565e+02 -3.638842e-01 9.309989e-01 2.879583e-02 -5.001142e+01 1.638409e-02 -2.451281e-02 9.995652e-01 -7.133650e+00
9.312618e-01 3.643396e-01 -2.846758e-03 2.399212e+02 -3.641212e-01 9.309239e-01 2.821703e-02 -5.061240e+01 1.293070e-02 -2.524088e-02 9.995978e-01 -7.227819e+00
9.311894e-01 3.645350e-01 -7.830979e-04 2.413866e+02 -3.643620e-01 9.308093e-01 2.888308e-02 -5.120952e+01 1.125781e-02 -2.661028e-02 9.995825e-01 -7.294434e+00
9.311063e-01 3.647362e-01 -2.922948e-03 2.428618e+02 -3.645183e-01 9.307747e-01 2.801785e-02 -5.179808e+01 1.293973e-02 -2.502213e-02 9.996032e-01 -7.372948e+00
9.308226e-01 3.654676e-01 -1.640147e-03 2.443215e+02 -3.653000e-01 9.305145e-01 2.643361e-02 -5.240461e+01 1.118681e-02 -2.400586e-02 9.996492e-01 -7.438368e+00
9.307165e-01 3.657147e-01 -4.424442e-03 2.457886e+02 -3.654616e-01 9.304094e-01 2.785648e-02 -5.298402e+01 1.430407e-02 -2.430952e-02 9.996021e-01 -7.505868e+00
9.306988e-01 3.657315e-01 -6.341985e-03 2.472579e+02 -3.654021e-01 9.303756e-01 2.970572e-02 -5.356455e+01 1.676475e-02 -2.532971e-02 9.995385e-01 -7.581667e+00
9.310057e-01 3.649374e-01 -7.001732e-03 2.487232e+02 -3.645599e-01 9.306470e-01 3.150228e-02 -5.416172e+01 1.801250e-02 -2.677626e-02 9.994792e-01 -7.633913e+00
9.311298e-01 3.646458e-01 -5.537168e-03 2.501710e+02 -3.643102e-01 9.307491e-01 3.137167e-02 -5.473797e+01 1.659326e-02 -2.719385e-02 9.994925e-01 -7.713785e+00
9.312785e-01 3.642798e-01 -4.546679e-03 2.516340e+02 -3.639745e-01 9.308869e-01 3.117659e-02 -5.532694e+01 1.558945e-02 -2.737921e-02 9.995036e-01 -7.799317e+00
9.314013e-01 3.639681e-01 -4.333351e-03 2.530903e+02 -3.636996e-01 9.310611e-01 2.911978e-02 -5.591875e+01 1.463329e-02 -2.554617e-02 9.995666e-01 -7.885054e+00
9.316857e-01 3.632250e-01 -5.406386e-03 2.545357e+02 -3.629484e-01 9.313915e-01 2.790273e-02 -5.650225e+01 1.517043e-02 -2.403434e-02 9.995960e-01 -7.941935e+00
9.314319e-01 3.638511e-01 -6.861903e-03 2.559776e+02 -3.635722e-01 9.312062e-01 2.588682e-02 -5.708137e+01 1.580880e-02 -2.161701e-02 9.996413e-01 -8.035064e+00
9.317144e-01 3.631464e-01 -5.749292e-03 2.574162e+02 -3.628885e-01 9.314662e-01 2.612276e-02 -5.766256e+01 1.484166e-02 -2.225260e-02 9.996422e-01 -8.085670e+00
9.316795e-01 3.632369e-01 -5.679276e-03 2.588529e+02 -3.629894e-01 9.314436e-01 2.552499e-02 -5.823685e+01 1.456154e-02 -2.171959e-02 9.996580e-01 -8.146215e+00
9.318703e-01 3.627473e-01 -5.666429e-03 2.602954e+02 -3.624988e-01 9.316320e-01 2.561790e-02 -5.881197e+01 1.457185e-02 -2.181849e-02 9.996557e-01 -8.201572e+00
9.318621e-01 3.627946e-01 -3.632857e-03 2.617125e+02 -3.625736e-01 9.315647e-01 2.697913e-02 -5.938263e+01 1.317212e-02 -2.382365e-02 9.996294e-01 -8.285131e+00
9.321458e-01 3.620639e-01 -3.730007e-03 2.631466e+02 -3.618670e-01 9.318959e-01 2.494424e-02 -5.996160e+01 1.250739e-02 -2.190191e-02 9.996819e-01 -8.324968e+00
9.320879e-01 3.622285e-01 -1.651620e-03 2.645737e+02 -3.620763e-01 9.318105e-01 2.509557e-02 -6.053631e+01 1.062933e-02 -2.279326e-02 9.996837e-01 -8.410701e+00
9.322467e-01 3.618017e-01 -3.938372e-03 2.659844e+02 -3.615576e-01 9.319243e-01 2.816289e-02 -6.110795e+01 1.385965e-02 -2.483082e-02 9.995956e-01 -8.501765e+00
9.323950e-01 3.614284e-01 -3.028085e-03 2.673895e+02 -3.611882e-01 9.320233e-01 2.959217e-02 -6.166434e+01 1.351770e-02 -2.649788e-02 9.995575e-01 -8.544006e+00
9.325569e-01 3.610071e-01 -3.399006e-03 2.687916e+02 -3.607329e-01 9.321433e-01 3.131365e-02 -6.222572e+01 1.447281e-02 -2.797562e-02 9.995039e-01 -8.630816e+00
9.328358e-01 3.602826e-01 -3.714113e-03 2.702041e+02 -3.599862e-01 9.324005e-01 3.223456e-02 -6.278615e+01 1.507659e-02 -2.873252e-02 9.994735e-01 -8.691054e+00
9.331101e-01 3.595808e-01 -2.682499e-03 2.716079e+02 -3.593328e-01 9.326971e-01 3.091920e-02 -6.335490e+01 1.361991e-02 -2.788711e-02 9.995183e-01 -8.783631e+00
9.331809e-01 3.594053e-01 -1.056204e-03 2.730018e+02 -3.592135e-01 9.327713e-01 3.005772e-02 -6.390894e+01 1.178810e-02 -2.766989e-02 9.995476e-01 -8.855217e+00
9.336132e-01 3.582798e-01 -1.440984e-03 2.744115e+02 -3.580757e-01 9.332029e-01 3.023521e-02 -6.446932e+01 1.217739e-02 -2.771200e-02 9.995418e-01 -8.919949e+00
9.340965e-01 3.570157e-01 -1.878299e-03 2.758064e+02 -3.567996e-01 9.336901e-01 3.027452e-02 -6.501216e+01 1.256223e-02 -2.760915e-02 9.995399e-01 -9.006952e+00
9.346517e-01 3.555533e-01 -2.862128e-03 2.772156e+02 -3.553123e-01 9.342612e-01 3.015441e-02 -6.556055e+01 1.339547e-02 -2.716692e-02 9.995412e-01 -9.068111e+00
9.348996e-01 3.548842e-01 -4.471624e-03 2.786131e+02 -3.545663e-01 9.344701e-01 3.237567e-02 -6.610622e+01 1.566821e-02 -2.868252e-02 9.994658e-01 -9.125187e+00
9.352226e-01 3.540272e-01 -4.848182e-03 2.800036e+02 -3.537091e-01 9.348171e-01 3.173613e-02 -6.664822e+01 1.576761e-02 -2.796550e-02 9.994845e-01 -9.212317e+00
9.357918e-01 3.525318e-01 -3.883617e-03 2.814188e+02 -3.522583e-01 9.354028e-01 3.058809e-02 -6.720702e+01 1.441602e-02 -2.725605e-02 9.995245e-01 -9.278214e+00
9.364070e-01 3.509155e-01 -4.039248e-04 2.828108e+02 -3.507641e-01 9.360356e-01 2.831468e-02 -6.774850e+01 1.031415e-02 -2.637238e-02 9.995990e-01 -9.330928e+00
9.373433e-01 3.484071e-01 -8.862140e-05 2.842058e+02 -3.482501e-01 9.369285e-01 2.977848e-02 -6.828353e+01 1.045807e-02 -2.788180e-02 9.995565e-01 -9.416539e+00
9.380967e-01 3.463732e-01 4.181140e-04 2.855958e+02 -3.462156e-01 9.376318e-01 3.132442e-02 -6.882063e+01 1.045790e-02 -2.953009e-02 9.995092e-01 -9.489517e+00
9.390718e-01 3.437127e-01 -2.404182e-03 2.869850e+02 -3.434122e-01 9.385015e-01 3.581949e-02 -6.933955e+01 1.456794e-02 -3.281144e-02 9.993554e-01 -9.559391e+00
9.398937e-01 3.414605e-01 -2.151689e-03 2.883869e+02 -3.411826e-01 9.393488e-01 3.490339e-02 -6.986623e+01 1.393931e-02 -3.207136e-02 9.993884e-01 -9.641934e+00
9.409837e-01 3.384505e-01 -9.428980e-04 2.897932e+02 -3.382116e-01 9.404172e-01 3.504876e-02 -7.038540e+01 1.274899e-02 -3.266141e-02 9.993852e-01 -9.689000e+00
9.420231e-01 3.355463e-01 -1.105530e-03 2.912019e+02 -3.353321e-01 9.415298e-01 3.277760e-02 -7.089964e+01 1.203929e-02 -3.050653e-02 9.994621e-01 -9.779441e+00
9.431762e-01 3.322902e-01 1.339205e-03 2.926074e+02 -3.321387e-01 9.426080e-01 3.426533e-02 -7.140979e+01 1.012369e-02 -3.276305e-02 9.994119e-01 -9.883215e+00
9.441851e-01 3.294147e-01 -5.956045e-04 2.940176e+02 -3.291820e-01 9.435830e-01 3.591970e-02 -7.192120e+01 1.239448e-02 -3.371879e-02 9.993545e-01 -9.904230e+00
9.447328e-01 3.278399e-01 9.222869e-04 2.954231e+02 -3.276674e-01 9.441367e-01 3.521207e-02 -7.243585e+01 1.067316e-02 -3.356821e-02 9.993795e-01 -1.001911e+01
9.456716e-01 3.251235e-01 -1.691286e-04 2.968469e+02 -3.249156e-01 9.450853e-01 3.526527e-02 -7.293894e+01 1.162541e-02 -3.329442e-02 9.993780e-01 -1.007498e+01
9.465129e-01 3.226655e-01 4.594475e-04 2.982679e+02 -3.224766e-01 9.459082e-01 3.558965e-02 -7.344469e+01 1.104896e-02 -3.383422e-02 9.993664e-01 -1.015597e+01
9.473276e-01 3.202662e-01 2.124244e-04 2.996985e+02 -3.200713e-01 9.467276e-01 3.550996e-02 -7.395288e+01 1.117153e-02 -3.370755e-02 9.993693e-01 -1.024067e+01
9.478407e-01 3.187362e-01 2.285375e-03 3.011289e+02 -3.186164e-01 9.472324e-01 3.513677e-02 -7.446078e+01 9.034580e-03 -3.403222e-02 9.993799e-01 -1.029938e+01
9.485264e-01 3.166954e-01 1.268515e-03 3.025599e+02 -3.165269e-01 9.478750e-01 3.665825e-02 -7.495969e+01 1.040711e-02 -3.517283e-02 9.993271e-01 -1.039320e+01
9.491335e-01 3.148623e-01 2.711794e-03 3.040084e+02 -3.147589e-01 9.485188e-01 3.520087e-02 -7.545259e+01 8.511238e-03 -3.426388e-02 9.993766e-01 -1.047160e+01
9.496258e-01 3.133821e-01 1.590440e-03 3.054379e+02 -3.132537e-01 9.490646e-01 3.388862e-02 -7.594705e+01 9.110657e-03 -3.267972e-02 9.994243e-01 -1.053637e+01
9.501324e-01 3.118427e-01 1.616837e-03 3.068936e+02 -3.117201e-01 9.495856e-01 3.343755e-02 -7.644198e+01 8.891929e-03 -3.227409e-02 9.994395e-01 -1.063305e+01
9.504660e-01 3.108269e-01 -1.006417e-03 3.083433e+02 -3.105928e-01 9.498663e-01 3.586278e-02 -7.692700e+01 1.210308e-02 -3.377377e-02 9.993562e-01 -1.069559e+01
9.507558e-01 3.098988e-01 -5.122425e-03 3.097917e+02 -3.095365e-01 9.502292e-01 3.538061e-02 -7.741801e+01 1.583188e-02 -3.205274e-02 9.993608e-01 -1.076636e+01
9.507787e-01 3.098120e-01 -6.033733e-03 3.112526e+02 -3.094101e-01 9.502465e-01 3.601495e-02 -7.790594e+01 1.689140e-02 -3.237535e-02 9.993330e-01 -1.085255e+01
9.505783e-01 3.103469e-01 -9.254041e-03 3.126997e+02 -3.098256e-01 9.500798e-01 3.683416e-02 -7.840362e+01 2.022345e-02 -3.214661e-02 9.992785e-01 -1.092857e+01
9.506451e-01 3.100937e-01 -1.076272e-02 3.141635e+02 -3.095270e-01 9.501821e-01 3.670605e-02 -7.889070e+01 2.160886e-02 -3.156307e-02 9.992682e-01 -1.100374e+01
9.505935e-01 3.101933e-01 -1.233013e-02 3.156190e+02 -3.096233e-01 9.502261e-01 3.469442e-02 -7.937859e+01 2.247838e-02 -2.916259e-02 9.993219e-01 -1.107265e+01
9.503560e-01 3.108468e-01 -1.406238e-02 3.170967e+02 -3.102560e-01 9.500638e-01 3.346827e-02 -7.988343e+01 2.376366e-02 -2.744383e-02 9.993408e-01 -1.117084e+01
9.501386e-01 3.115312e-01 -1.359898e-02 3.185680e+02 -3.109556e-01 9.498389e-01 3.335688e-02 -8.037067e+01 2.330855e-02 -2.746497e-02 9.993510e-01 -1.123254e+01
9.498575e-01 3.123337e-01 -1.478002e-02 3.200261e+02 -3.116991e-01 9.495568e-01 3.443156e-02 -8.086845e+01 2.478861e-02 -2.809816e-02 9.992977e-01 -1.131650e+01
9.493442e-01 3.137788e-01 -1.698309e-02 3.214947e+02 -3.130813e-01 9.491001e-01 3.448094e-02 -8.135843e+01 2.693804e-02 -2.741720e-02 9.992610e-01 -1.137189e+01
9.485191e-01 3.161314e-01 -1.929992e-02 3.229666e+02 -3.153705e-01 9.483417e-01 3.448983e-02 -8.187255e+01 2.920623e-02 -2.662764e-02 9.992187e-01 -1.146210e+01
9.479651e-01 3.177279e-01 -2.027407e-02 3.244345e+02 -3.169699e-01 9.478428e-01 3.352704e-02 -8.237623e+01 2.986911e-02 -2.535619e-02 9.992322e-01 -1.153401e+01
9.474667e-01 3.191698e-01 -2.091545e-02 3.258907e+02 -3.184145e-01 9.473804e-01 3.290023e-02 -8.288259e+01 3.031565e-02 -2.451209e-02 9.992397e-01 -1.162131e+01
9.467604e-01 3.211111e-01 -2.307438e-02 3.273494e+02 -3.202820e-01 9.467275e-01 3.356045e-02 -8.339137e+01 3.262179e-02 -2.438339e-02 9.991703e-01 -1.169690e+01
9.462305e-01 3.226572e-01 -2.324310e-02 3.288129e+02 -3.218627e-01 9.462327e-01 3.237575e-02 -8.390917e+01 3.243965e-02 -2.315383e-02 9.992055e-01 -1.175998e+01
9.458350e-01 3.237453e-01 -2.419110e-02 3.302610e+02 -3.229701e-01 9.458967e-01 3.113510e-02 -8.441169e+01 3.296212e-02 -2.163566e-02 9.992224e-01 -1.184227e+01
9.453326e-01 3.252049e-01 -2.424941e-02 3.317247e+02 -3.243998e-01 9.453787e-01 3.200116e-02 -8.491678e+01 3.333181e-02 -2.238523e-02 9.991936e-01 -1.192728e+01
9.449404e-01 3.263248e-01 -2.449115e-02 3.331686e+02 -3.254894e-01 9.449786e-01 3.274152e-02 -8.543348e+01 3.382798e-02 -2.296717e-02 9.991637e-01 -1.199862e+01
9.445303e-01 3.275252e-01 -2.428537e-02 3.346031e+02 -3.267477e-01 9.445980e-01 3.115407e-02 -8.595278e+01 3.314365e-02 -2.149078e-02 9.992195e-01 -1.206202e+01
9.441023e-01 3.289113e-01 -2.209722e-02 3.360408e+02 -3.281884e-01 9.441056e-01 3.093342e-02 -8.646392e+01 3.103646e-02 -2.195226e-02 9.992772e-01 -1.214614e+01
9.435901e-01 3.303657e-01 -2.227538e-02 3.374824e+02 -3.295630e-01 9.435450e-01 3.333041e-02 -8.698895e+01 3.202905e-02 -2.410910e-02 9.991961e-01 -1.221456e+01
9.429795e-01 3.321447e-01 -2.166966e-02 3.389203e+02 -3.313127e-01 9.428822e-01 3.471458e-02 -8.750830e+01 3.196220e-02 -2.555570e-02 9.991623e-01 -1.229233e+01
9.425302e-01 3.334481e-01 -2.119585e-02 3.403572e+02 -3.326696e-01 9.424521e-01 3.339029e-02 -8.803378e+01 3.111000e-02 -2.442014e-02 9.992176e-01 -1.236974e+01
9.423124e-01 3.342159e-01 -1.862907e-02 3.417918e+02 -3.335598e-01 9.422083e-01 3.132578e-02 -8.855362e+01 2.802204e-02 -2.330477e-02 9.993356e-01 -1.243402e+01
9.419809e-01 3.352420e-01 -1.687469e-02 3.432217e+02 -3.346252e-01 9.418281e-01 3.139474e-02 -8.908274e+01 2.641789e-02 -2.392655e-02 9.993646e-01 -1.251399e+01
9.415318e-01 3.365658e-01 -1.553635e-02 3.446476e+02 -3.359858e-01 9.413501e-01 3.120776e-02 -8.961251e+01 2.512860e-02 -2.416311e-02 9.993922e-01 -1.259025e+01
9.411003e-01 3.378189e-01 -1.444410e-02 3.460609e+02 -3.372208e-01 9.408462e-01 3.302652e-02 -9.013434e+01 2.474665e-02 -2.621042e-02 9.993501e-01 -1.266359e+01
9.406114e-01 3.391548e-01 -1.497524e-02 3.474717e+02 -3.385056e-01 9.403329e-01 3.446840e-02 -9.066379e+01 2.577184e-02 -2.735217e-02 9.992936e-01 -1.273944e+01
9.399779e-01 3.409016e-01 -1.508882e-02 3.488903e+02 -3.402534e-01 9.397082e-01 3.429129e-02 -9.119557e+01 2.586904e-02 -2.709903e-02 9.992980e-01 -1.282579e+01
9.395111e-01 3.422154e-01 -1.440457e-02 3.503053e+02 -3.416240e-01 9.392660e-01 3.275010e-02 -9.171954e+01 2.473731e-02 -2.584813e-02 9.993598e-01 -1.290037e+01
9.387864e-01 3.441861e-01 -1.469631e-02 3.517183e+02 -3.436188e-01 9.385822e-01 3.145839e-02 -9.225454e+01 2.462123e-02 -2.448278e-02 9.993970e-01 -1.296650e+01
9.379644e-01 3.464436e-01 -1.412885e-02 3.531114e+02 -3.459546e-01 9.378116e-01 2.871815e-02 -9.278634e+01 2.319942e-02 -2.204866e-02 9.994877e-01 -1.305198e+01
9.370412e-01 3.490939e-01 -9.346522e-03 3.545111e+02 -3.487775e-01 9.368666e-01 2.520237e-02 -9.333077e+01 1.755444e-02 -2.035580e-02 9.996387e-01 -1.310919e+01
9.361949e-01 3.513306e-01 -1.029119e-02 3.559057e+02 -3.510527e-01 9.360977e-01 2.197291e-02 -9.386860e+01 1.735332e-02 -1.695818e-02 9.997056e-01 -1.317719e+01
9.356512e-01 3.527307e-01 -1.174543e-02 3.572980e+02 -3.523851e-01 9.355414e-01 2.423256e-02 -9.439874e+01 1.953590e-02 -1.853431e-02 9.996374e-01 -1.323216e+01
9.348133e-01 3.547604e-01 -1.640577e-02 3.586884e+02 -3.541114e-01 9.346244e-01 3.289682e-02 -9.493736e+01 2.700372e-02 -2.494291e-02 9.993241e-01 -1.333798e+01
9.342139e-01 3.561954e-01 -1.921237e-02 3.600659e+02 -3.554963e-01 9.341207e-01 3.226615e-02 -9.548097e+01 2.943973e-02 -2.331356e-02 9.992946e-01 -1.338112e+01
9.338977e-01 3.569819e-01 -1.997659e-02 3.614421e+02 -3.562791e-01 9.338384e-01 3.179735e-02 -9.601329e+01 3.000598e-02 -2.257823e-02 9.992947e-01 -1.342920e+01
9.337293e-01 3.573870e-01 -2.059486e-02 3.628127e+02 -3.566462e-01 9.336711e-01 3.258083e-02 -9.655059e+01 3.087279e-02 -2.307660e-02 9.992569e-01 -1.353630e+01
9.335383e-01 3.581366e-01 -1.563796e-02 3.641848e+02 -3.574155e-01 9.332416e-01 3.625169e-02 -9.709311e+01 2.757706e-02 -2.825309e-02 9.992203e-01 -1.358391e+01
9.331650e-01 3.588895e-01 -2.003396e-02 3.655283e+02 -3.579403e-01 9.329059e-01 3.956842e-02 -9.762634e+01 3.289048e-02 -2.975290e-02 9.990160e-01 -1.367060e+01
9.329612e-01 3.596873e-01 -1.443647e-02 3.668965e+02 -3.588838e-01 9.325029e-01 4.050840e-02 -9.816668e+01 2.803241e-02 -3.261175e-02 9.990749e-01 -1.376683e+01
9.325961e-01 3.605486e-01 -1.640263e-02 3.682365e+02 -3.597135e-01 9.322294e-01 3.942602e-02 -9.871045e+01 2.950601e-02 -3.086831e-02 9.990879e-01 -1.385365e+01
9.324957e-01 3.606552e-01 -1.948463e-02 3.695938e+02 -3.597299e-01 9.322276e-01 3.932013e-02 -9.924408e+01 3.234512e-02 -2.965665e-02 9.990367e-01 -1.392244e+01
9.325716e-01 3.603792e-01 -2.090767e-02 3.709203e+02 -3.594361e-01 9.323707e-01 3.860511e-02 -9.976383e+01 3.340618e-02 -2.848706e-02 9.990358e-01 -1.403402e+01
9.322735e-01 3.609543e-01 -2.404296e-02 3.722670e+02 -3.598980e-01 9.321634e-01 3.930337e-02 -1.002921e+02 3.659869e-02 -2.798848e-02 9.989380e-01 -1.408954e+01
