1.000000e+00 0.000000e+00 0.000000e+00 0.000000e+00 0.000000e+00 1.000000e+00 0.000000e+00 0.000000e+00 0.000000e+00 0.000000e+00 1.000000e+00 0.000000e+00
9.999976e-01 -2.186895e-03 -1.181206e-04 2.233794e+00 2.186748e-03 9.999969e-01 -1.228143e-03 7.828530e-02 1.208061e-04 1.227882e-03 9.999992e-01 -5.917750e-02
9.999985e-01 3.766729e-04 -1.692533e-03 4.133136e+00 -3.785992e-04 9.999993e-01 -1.137872e-03 6.915006e-02 1.692103e-03 1.138511e-03 9.999979e-01 -1.027260e-01
9.999875e-01 3.692042e-03 -3.352845e-03 6.027500e+00 -3.692876e-03 9.999932e-01 -2.424887e-04 4.039735e-02 3.351927e-03 2.548673e-04 9.999943e-01 -1.458138e-01
9.999728e-01 6.868768e-03 -2.670339e-03 7.897764e+00 -6.877693e-03 9.999707e-01 -3.347416e-03 1.784709e-02 2.647268e-03 3.365691e-03 9.999908e-01 -1.917917e-01
9.999411e-01 1.074456e-02 -1.508778e-03 9.735179e+00 -1.074827e-02 9.999391e-01 -2.473408e-03 -1.157012e-02 1.482110e-03 2.489480e-03 9.999958e-01 -2.102647e-01
9.999012e-01 1.377524e-02 -2.777105e-03 1.157693e+01 -1.378893e-02 9.998927e-01 -4.969715e-03 -3.907062e-02 2.708348e-03 5.007517e-03 9.999838e-01 -2.727106e-01
9.998262e-01 1.863206e-02 -6.196310e-04 1.338090e+01 -1.863435e-02 9.998187e-01 -3.928995e-03 -9.023511e-02 5.463134e-04 3.939859e-03 9.999921e-01 -3.134545e-01
9.997708e-01 2.140542e-02 3.818907e-04 1.513745e+01 -2.140304e-02 9.997562e-01 -5.413727e-03 -1.508107e-01 -4.976807e-04 5.404313e-03 9.999853e-01 -3.152028e-01
9.997510e-01 2.225154e-02 1.659364e-03 1.686320e+01 -2.223964e-02 9.997290e-01 -6.873997e-03 -2.042773e-01 -1.811871e-03 6.835382e-03 9.999750e-01 -3.696114e-01
9.997493e-01 2.227229e-02 2.295249e-03 1.857945e+01 -2.225530e-02 9.997265e-01 -7.177731e-03 -2.571766e-01 -2.454486e-03 7.124851e-03 9.999716e-01 -3.893569e-01
9.997266e-01 2.337287e-02 6.449946e-04 2.026131e+01 -2.336875e-02 9.997101e-01 -5.790874e-03 -3.157452e-01 -7.801569e-04 5.774219e-03 9.999830e-01 -4.441573e-01
9.996717e-01 2.557755e-02 -1.522140e-03 2.195499e+01 -2.558393e-02 9.996632e-01 -4.330033e-03 -3.751056e-01 1.410875e-03 4.367554e-03 9.999894e-01 -4.531021e-01
9.995577e-01 2.936867e-02 -4.665244e-03 2.361408e+01 -2.938307e-02 9.995637e-01 -3.048062e-03 -4.257299e-01 4.573691e-03 3.183793e-03 9.999844e-01 -4.919370e-01
9.993609e-01 3.519003e-02 -6.285973e-03 2.526804e+01 -3.521669e-02 9.993708e-01 -4.181328e-03 -5.052029e-01 6.134878e-03 4.400027e-03 9.999715e-01 -5.249718e-01
9.991073e-01 4.139367e-02 -8.437892e-03 2.693658e+01 -4.142666e-02 9.991345e-01 -3.773290e-03 -5.788940e-01 8.274399e-03 4.119475e-03 9.999573e-01 -5.323825e-01
9.988428e-01 4.721835e-02 -9.134531e-03 2.857335e+01 -4.725453e-02 9.988756e-01 -3.786418e-03 -6.623043e-01 8.945473e-03 4.213685e-03 9.999511e-01 -5.726734e-01
9.985088e-01 5.398593e-02 -8.114461e-03 3.020560e+01 -5.400893e-02 9.985369e-01 -2.642605e-03 -7.683394e-01 7.959925e-03 3.076917e-03 9.999636e-01 -5.806926e-01
9.981937e-01 5.981393e-02 -5.615463e-03 3.185299e+01 -5.983917e-02 9.981982e-01 -4.440178e-03 -8.777807e-01 5.339760e-03 4.768183e-03 9.999744e-01 -6.245980e-01
9.977987e-01 6.613035e-02 -4.944272e-03 3.346927e+01 -6.614149e-02 9.978081e-01 -2.125475e-03 -1.005521e+00 4.792876e-03 2.447817e-03 9.999855e-01 -6.445895e-01
9.973556e-01 7.253258e-02 -4.569781e-03 3.508147e+01 -7.253936e-02 9.973646e-01 -1.337244e-03 -1.135350e+00 4.460744e-03 1.665196e-03 9.999887e-01 -6.683407e-01
9.968751e-01 7.896493e-02 -2.148615e-03 3.669890e+01 -7.896622e-02 9.968771e-01 -5.202000e-04 -1.274131e+00 2.100828e-03 6.882424e-04 9.999976e-01 -6.969217e-01
9.962837e-01 8.610871e-02 -2.027256e-03 3.830077e+01 -8.610816e-02 9.962856e-01 3.579406e-04 -1.426089e+00 2.050548e-03 -1.820472e-04 9.999979e-01 -7.278177e-01
9.957391e-01 9.221280e-02 -6.526401e-04 3.990091e+01 -9.221230e-02 9.957391e-01 7.573554e-04 -1.593638e+00 7.196970e-04 -6.939470e-04 9.999995e-01 -7.692502e-01
9.951839e-01 9.800838e-02 1.814561e-03 4.149607e+01 -9.801038e-02 9.951848e-01 1.043230e-03 -1.759316e+00 -1.703578e-03 -1.216052e-03 9.999978e-01 -7.829039e-01
9.946612e-01 1.031469e-01 3.138087e-03 4.307931e+01 -1.031535e-01 9.946636e-01 2.003252e-03 -1.937613e+00 -2.914711e-03 -2.316262e-03 9.999931e-01 -8.271887e-01
9.940546e-01 1.088273e-01 3.484210e-03 4.467582e+01 -1.088371e-01 9.940556e-01 2.753542e-03 -2.129660e+00 -3.163838e-03 -3.116382e-03 9.999902e-01 -8.577743e-01
9.934431e-01 1.142550e-01 4.074253e-03 4.625237e+01 -1.142695e-01 9.934435e-01 3.509321e-03 -2.318895e+00 -3.646583e-03 -3.951874e-03 9.999855e-01 -8.927655e-01
9.927748e-01 1.199563e-01 2.931963e-03 4.782198e+01 -1.199640e-01 9.927748e-01 2.595804e-03 -2.529959e+00 -2.599396e-03 -2.928779e-03 9.999923e-01 -9.442947e-01
9.921139e-01 1.253048e-01 2.953626e-03 4.938960e+01 -1.253089e-01 9.921169e-01 1.251688e-03 -2.739377e+00 -2.773500e-03 -1.611933e-03 9.999949e-01 -9.739682e-01
9.913880e-01 1.309499e-01 1.389598e-03 5.093364e+01 -1.309505e-01 9.913888e-01 3.443810e-04 -2.947319e+00 -1.332536e-03 -5.233837e-04 9.999990e-01 -1.016874e+00
9.907112e-01 1.359753e-01 1.472816e-03 5.246417e+01 -1.359718e-01 9.907100e-01 -2.293927e-03 -3.173409e+00 -1.771051e-03 2.072358e-03 9.999963e-01 -1.035721e+00
9.902244e-01 1.394442e-01 3.329248e-03 5.398130e+01 -1.394290e-01 9.902222e-01 -4.423261e-03 -3.403058e+00 -3.913493e-03 3.915827e-03 9.999847e-01 -1.035439e+00
9.899635e-01 1.411648e-01 6.692314e-03 5.549755e+01 -1.411272e-01 9.899746e-01 -5.798056e-03 -3.626915e+00 -7.443701e-03 4.795397e-03 9.999608e-01 -1.091828e+00
9.897905e-01 1.422867e-01 8.322920e-03 5.695985e+01 -1.422502e-01 9.898190e-01 -4.822857e-03 -3.851323e+00 -8.924413e-03 3.589680e-03 9.999537e-01 -1.112719e+00
9.894807e-01 1.443635e-01 9.338516e-03 5.841599e+01 -1.443170e-01 9.895164e-01 -5.478927e-03 -4.078895e+00 -1.003157e-02 4.073586e-03 9.999414e-01 -1.140136e+00
9.892285e-01 1.460177e-01 1.027910e-02 5.984940e+01 -1.459792e-01 9.892777e-01 -4.408573e-03 -4.312668e+00 -1.081262e-02 2.860551e-03 9.999375e-01 -1.177356e+00
9.890890e-01 1.469806e-01 9.987909e-03 6.127198e+01 -1.469425e-01 9.891349e-01 -4.444544e-03 -4.525500e+00 -1.053265e-02 2.928401e-03 9.999402e-01 -1.177537e+00
9.888734e-01 1.483215e-01 1.140475e-02 6.267379e+01 -1.483069e-01 9.889390e-01 -2.126544e-03 -4.755298e+00 -1.159402e-02 4.114801e-04 9.999327e-01 -1.222239e+00
9.886684e-01 1.496411e-01 1.193222e-02 6.406561e+01 -1.496432e-01 9.887397e-01 -7.192823e-04 -4.977742e+00 -1.190550e-02 -1.074445e-03 9.999285e-01 -1.237319e+00
9.884866e-01 1.507193e-01 1.334177e-02 6.545682e+01 -1.507361e-01 9.885739e-01 2.563110e-04 -5.211051e+00 -1.315069e-02 -2.264446e-03 9.999110e-01 -1.275164e+00
9.883024e-01 1.520162e-01 1.222424e-02 6.682516e+01 -1.520147e-01 9.883777e-01 -1.056640e-03 -5.431159e+00 -1.224279e-02 -8.139840e-04 9.999247e-01 -1.302847e+00
9.881548e-01 1.529467e-01 1.254342e-02 6.820061e+01 -1.529256e-01 9.882342e-01 -2.636437e-03 -5.654565e+00 -1.279907e-02 6.869987e-04 9.999179e-01 -1.339674e+00
9.878954e-01 1.546148e-01 1.252686e-02 6.955452e+01 -1.545642e-01 9.879705e-01 -4.917496e-03 -5.884943e+00 -1.313649e-02 2.921768e-03 9.999095e-01 -1.353075e+00
9.877077e-01 1.558518e-01 1.198921e-02 7.087212e+01 -1.558007e-01 9.877754e-01 -5.090341e-03 -6.103168e+00 -1.263598e-02 3.159842e-03 9.999152e-01 -1.384414e+00
9.874946e-01 1.572351e-01 1.146555e-02 7.218349e+01 -1.571915e-01 9.875574e-01 -4.612111e-03 -6.320996e+00 -1.204807e-02 2.752148e-03 9.999236e-01 -1.416832e+00
9.872779e-01 1.587152e-01 9.589016e-03 7.347588e+01 -1.586939e-01 9.873233e-01 -2.948290e-03 -6.541444e+00 -9.935399e-03 1.389063e-03 9.999497e-01 -1.431435e+00
9.870508e-01 1.601531e-01 9.040092e-03 7.473500e+01 -1.601184e-01 9.870878e-01 -4.449734e-03 -6.762814e+00 -9.636003e-03 2.944629e-03 9.999492e-01 -1.463338e+00
9.867025e-01 1.623163e-01 8.460604e-03 7.598002e+01 -1.622799e-01 9.867328e-01 -4.829022e-03 -6.985278e+00 -9.132186e-03 3.391823e-03 9.999526e-01 -1.484165e+00
9.863829e-01 1.642887e-01 7.618641e-03 7.721585e+01 -1.642400e-01 9.863982e-01 -6.631183e-03 -7.206470e+00 -8.604443e-03 5.289600e-03 9.999490e-01 -1.506731e+00
9.859490e-01 1.668792e-01 7.477068e-03 7.839603e+01 -1.668330e-01 9.859643e-01 -6.429504e-03 -7.413599e+00 -8.445072e-03 5.091741e-03 9.999514e-01 -1.534995e+00
9.854895e-01 1.695821e-01 7.228892e-03 7.956522e+01 -1.695293e-01 9.854974e-01 -7.392751e-03 -7.623758e+00 -8.377734e-03 6.059969e-03 9.999465e-01 -1.544556e+00
9.850807e-01 1.719034e-01 8.074573e-03 8.070370e+01 -1.718457e-01 9.850963e-01 -7.367755e-03 -7.829739e+00 -9.220774e-03 5.870253e-03 9.999403e-01 -1.568245e+00
9.845768e-01 1.747257e-01 8.911435e-03 8.181783e+01 -1.746636e-01 9.846009e-01 -7.325909e-03 -8.044436e+00 -1.005423e-02 5.656416e-03 9.999335e-01 -1.588444e+00
9.841173e-01 1.772393e-01 9.963605e-03 8.290907e+01 -1.771719e-01 9.841529e-01 -7.289441e-03 -8.245464e+00 -1.109769e-02 5.408395e-03 9.999238e-01 -1.612938e+00
9.837697e-01 1.791235e-01 1.058441e-02 8.399048e+01 -1.790745e-01 9.838207e-01 -5.422278e-03 -8.453105e+00 -1.138442e-02 3.438875e-03 9.999293e-01 -1.628984e+00
9.834636e-01 1.806833e-01 1.236748e-02 8.506049e+01 -1.806260e-01 9.835358e-01 -5.608970e-03 -8.658213e+00 -1.317730e-02 3.282330e-03 9.999078e-01 -1.654152e+00
9.832551e-01 1.817786e-01 1.288160e-02 8.612607e+01 -1.817360e-01 9.833373e-01 -4.409519e-03 -8.865096e+00 -1.346851e-02 1.994633e-03 9.999073e-01 -1.667901e+00
9.830468e-01 1.829409e-01 1.231192e-02 8.717191e+01 -1.828807e-01 9.831176e-01 -5.857934e-03 -9.075017e+00 -1.317573e-02 3.507011e-03 9.999070e-01 -1.690434e+00
9.828222e-01 1.840754e-01 1.329600e-02 8.821879e+01 -1.840177e-01 9.829077e-01 -5.457422e-03 -9.282993e+00 -1.407332e-02 2.916977e-03 9.998967e-01 -1.702710e+00
9.826621e-01 1.849506e-01 1.297810e-02 8.925417e+01 -1.848846e-01 9.827411e-01 -6.126101e-03 -9.484824e+00 -1.388714e-02 3.620436e-03 9.998970e-01 -1.722002e+00
9.824480e-01 1.860057e-01 1.406166e-02 9.028140e+01 -1.859424e-01 9.825441e-01 -5.696113e-03 -9.691553e+00 -1.487571e-02 2.981476e-03 9.998849e-01 -1.738625e+00
9.822399e-01 1.871158e-01 1.387433e-02 9.130475e+01 -1.870586e-01 9.823344e-01 -5.321459e-03 -9.898490e+00 -1.462496e-02 2.631637e-03 9.998896e-01 -1.740811e+00
9.820443e-01 1.880586e-01 1.493490e-02 9.231036e+01 -1.879825e-01 9.821517e-01 -6.355130e-03 -1.009687e+01 -1.586348e-02 3.433519e-03 9.998683e-01 -1.774769e+00
9.818972e-01 1.888630e-01 1.444421e-02 9.331288e+01 -1.888296e-01 9.820031e-01 -3.654756e-03 -1.029885e+01 -1.487450e-02 8.611006e-04 9.998890e-01 -1.785660e+00
9.817164e-01 1.898065e-01 1.436597e-02 9.431686e+01 -1.897623e-01 9.818202e-01 -4.392472e-03 -1.049724e+01 -1.493852e-02 1.586042e-03 9.998872e-01 -1.797445e+00
9.815521e-01 1.905431e-01 1.577600e-02 9.529874e+01 -1.904968e-01 9.816780e-01 -4.400394e-03 -1.070807e+01 -1.632542e-02 1.313937e-03 9.998659e-01 -1.826970e+00
9.814052e-01 1.913814e-01 1.473171e-02 9.629090e+01 -1.913039e-01 9.815092e-01 -6.515468e-03 -1.090381e+01 -1.570625e-02 3.576080e-03 9.998702e-01 -1.823280e+00
9.812009e-01 1.926271e-01 1.181596e-02 9.726030e+01 -1.925962e-01 9.812710e-01 -3.710429e-03 -1.109698e+01 -1.230939e-02 1.364966e-03 9.999233e-01 -1.860403e+00
9.811403e-01 1.930119e-01 1.049818e-02 9.822590e+01 -1.929737e-01 9.811933e-01 -4.542858e-03 -1.129938e+01 -1.117757e-02 2.431309e-03 9.999346e-01 -1.864213e+00
9.810169e-01 1.936625e-01 1.003349e-02 9.917566e+01 -1.936641e-01 9.810675e-01 -8.226295e-04 -1.149208e+01 -1.000284e-02 -1.136113e-03 9.999493e-01 -1.897795e+00
9.807757e-01 1.949109e-01 9.419249e-03 1.001283e+02 -1.948917e-01 9.808202e-01 -2.924775e-03 -1.168741e+01 -9.808663e-03 1.032815e-03 9.999514e-01 -1.895337e+00
9.804700e-01 1.965069e-01 7.975101e-03 1.010639e+02 -1.965129e-01 9.805012e-01 -3.730657e-05 -1.189194e+01 -7.826928e-03 -1.530632e-03 9.999682e-01 -1.940038e+00
9.800675e-01 1.985596e-01 6.468124e-03 1.020124e+02 -1.985393e-01 9.800862e-01 -3.637691e-03 -1.209051e+01 -7.061617e-03 2.281005e-03 9.999725e-01 -1.925249e+00
9.794291e-01 2.016736e-01 6.806959e-03 1.029307e+02 -2.016566e-01 9.794513e-01 -3.108834e-03 -1.229355e+01 -7.294055e-03 1.672215e-03 9.999720e-01 -1.952397e+00
9.787961e-01 2.047484e-01 6.026660e-03 1.038598e+02 -2.047176e-01 9.788065e-01 -5.356358e-03 -1.249148e+01 -6.995640e-03 4.009020e-03 9.999675e-01 -1.953615e+00
9.781529e-01 2.077864e-01 6.461251e-03 1.047577e+02 -2.077608e-01 9.781698e-01 -4.420768e-03 -1.269824e+01 -7.238775e-03 2.981792e-03 9.999694e-01 -1.987220e+00
9.774887e-01 2.109328e-01 4.809770e-03 1.056560e+02 -2.109136e-01 9.774957e-01 -4.215719e-03 -1.290566e+01 -5.590763e-03 3.106372e-03 9.999796e-01 -2.004210e+00
9.768479e-01 2.138962e-01 4.062938e-03 1.065510e+02 -2.138794e-01 9.768511e-01 -4.208371e-03 -1.310474e+01 -4.869040e-03 3.241960e-03 9.999829e-01 -2.004475e+00
9.763582e-01 2.161323e-01 3.399130e-03 1.074259e+02 -2.161161e-01 9.763569e-01 -4.579201e-03 -1.330718e+01 -4.308478e-03 3.736334e-03 9.999837e-01 -2.036524e+00
9.756516e-01 2.192865e-01 4.186569e-03 1.082850e+02 -2.192608e-01 9.756488e-01 -5.845684e-03 -1.351273e+01 -5.366500e-03 4.785400e-03 9.999741e-01 -2.039214e+00
9.749667e-01 2.223374e-01 2.444047e-03 1.091253e+02 -2.223230e-01 9.749599e-01 -5.093984e-03 -1.372002e+01 -3.515430e-03 4.423098e-03 9.999840e-01 -2.078184e+00
9.743577e-01 2.249781e-01 3.442378e-03 1.099583e+02 -2.249606e-01 9.743559e-01 -4.832932e-03 -1.391647e+01 -4.441405e-03 3.934606e-03 9.999824e-01 -2.062540e+00
9.738358e-01 2.272323e-01 3.053179e-03 1.107740e+02 -2.272219e-01 9.738371e-01 -3.399766e-03 -1.411967e+01 -3.745835e-03 2.617065e-03 9.999896e-01 -2.094241e+00
9.731826e-01 2.300072e-01 3.511250e-03 1.115762e+02 -2.299935e-01 9.731842e-01 -3.927084e-03 -1.432006e+01 -4.320351e-03 3.014205e-03 9.999861e-01 -2.107196e+00
9.726552e-01 2.322064e-01 4.687405e-03 1.123695e+02 -2.321964e-01 9.726654e-01 -2.588186e-03 -1.452107e+01 -5.160270e-03 1.429015e-03 9.999856e-01 -2.118347e+00
9.721349e-01 2.343787e-01 4.498379e-03 1.131505e+02 -2.343666e-01 9.721437e-01 -3.046382e-03 -1.471236e+01 -5.087078e-03 1.907225e-03 9.999852e-01 -2.127109e+00
9.714067e-01 2.373614e-01 5.347404e-03 1.139258e+02 -2.373540e-01 9.714211e-01 -1.991098e-03 -1.490903e+01 -5.667191e-03 6.649375e-04 9.999837e-01 -2.153776e+00
9.707261e-01 2.401264e-01 5.492387e-03 1.146845e+02 -2.401221e-01 9.707415e-01 -1.443265e-03 -1.511243e+01 -5.678255e-03 8.217117e-05 9.999838e-01 -2.162438e+00
9.700891e-01 2.426645e-01 6.409924e-03 1.154305e+02 -2.426566e-01 9.701102e-01 -1.999086e-03 -1.530957e+01 -6.703440e-03 3.838806e-04 9.999775e-01 -2.175351e+00
9.695929e-01 2.446169e-01 7.222762e-03 1.161709e+02 -2.446100e-01 9.696198e-01 -1.840717e-03 -1.550544e+01 -7.453604e-03 1.798617e-05 9.999722e-01 -2.193254e+00
9.693276e-01 2.456338e-01 8.253828e-03 1.168867e+02 -2.456120e-01 9.693617e-01 -3.573053e-03 -1.569516e+01 -8.878607e-03 1.436219e-03 9.999595e-01 -2.206500e+00
9.691222e-01 2.464640e-01 7.589323e-03 1.175801e+02 -2.464437e-01 9.691508e-01 -3.510014e-03 -1.587939e+01 -8.220290e-03 1.531292e-03 9.999650e-01 -2.233641e+00
9.689780e-01 2.470159e-01 8.045483e-03 1.182462e+02 -2.469863e-01 9.690086e-01 -4.502717e-03 -1.605260e+01 -8.908385e-03 2.375911e-03 9.999575e-01 -2.245749e+00
9.687347e-01 2.479841e-01 7.546077e-03 1.188944e+02 -2.479583e-01 9.687614e-01 -4.198116e-03 -1.622883e+01 -8.351416e-03 2.195747e-03 9.999627e-01 -2.262893e+00
9.685806e-01 2.485917e-01 7.330230e-03 1.195178e+02 -2.485620e-01 9.686044e-01 -4.733749e-03 -1.639764e+01 -8.276864e-03 2.763002e-03 9.999619e-01 -2.271909e+00
9.684211e-01 2.492098e-01 7.418184e-03 1.201223e+02 -2.491829e-01 9.684465e-01 -4.365517e-03 -1.656258e+01 -8.272044e-03 2.379174e-03 9.999630e-01 -2.287396e+00
9.682702e-01 2.498156e-01 6.712776e-03 1.207104e+02 -2.497938e-01 9.682912e-01 -3.923087e-03 -1.671622e+01 -7.479969e-03 2.121798e-03 9.999698e-01 -2.292478e+00
9.681492e-01 2.502853e-01 6.661235e-03 1.212761e+02 -2.502669e-01 9.681708e-01 -3.470409e-03 -1.686273e+01 -7.317805e-03 1.692787e-03 9.999718e-01 -2.301927e+00
9.680263e-01 2.507625e-01 6.574212e-03 1.218176e+02 -2.507427e-01 9.680467e-01 -3.696699e-03 -1.701546e+01 -7.291138e-03 1.930066e-03 9.999716e-01 -2.310382e+00
9.678842e-01 2.513157e-01 6.372141e-03 1.223428e+02 -2.512976e-01 9.679035e-01 -3.511359e-03 -1.715203e+01 -7.050077e-03 1.797285e-03 9.999735e-01 -2.330598e+00
9.677584e-01 2.518044e-01 6.192047e-03 1.228341e+02 -2.517897e-01 9.677770e-01 -3.065470e-03 -1.729422e+01 -6.764420e-03 1.407540e-03 9.999762e-01 -2.346349e+00
9.677520e-01 2.518303e-01 6.129874e-03 1.233086e+02 -2.518101e-01 9.677688e-01 -3.882972e-03 -1.741158e+01 -6.910151e-03 2.214189e-03 9.999737e-01 -2.344113e+00
9.675867e-01 2.524456e-01 6.872571e-03 1.237664e+02 -2.524284e-01 9.676100e-01 -3.288304e-03 -1.754124e+01 -7.480087e-03 1.446887e-03 9.999710e-01 -2.359154e+00
9.674853e-01 2.528393e-01 6.667279e-03 1.241961e+02 -2.528205e-01 9.675068e-01 -3.536524e-03 -1.765925e+01 -7.344810e-03 1.735910e-03 9.999715e-01 -2.365156e+00
9.669608e-01 2.548545e-01 6.001569e-03 1.245955e+02 -2.548375e-01 9.669776e-01 -3.454299e-03 -1.777225e+01 -6.683727e-03 1.810747e-03 9.999760e-01 -2.387259e+00
9.666020e-01 2.562115e-01 6.027075e-03 1.249841e+02 -2.561883e-01 9.666170e-01 -4.359073e-03 -1.787710e+01 -6.942718e-03 2.669423e-03 9.999723e-01 -2.384460e+00
9.662728e-01 2.574705e-01 5.079183e-03 1.253515e+02 -2.574512e-01 9.662822e-01 -4.149015e-03 -1.797428e+01 -5.976174e-03 2.701439e-03 9.999785e-01 -2.404050e+00
9.658643e-01 2.590017e-01 4.926463e-03 1.256928e+02 -2.589790e-01 9.658711e-01 -4.798432e-03 -1.807542e+01 -6.001130e-03 3.358784e-03 9.999763e-01 -2.398691e+00
9.654490e-01 2.605350e-01 5.461063e-03 1.260076e+02 -2.605135e-01 9.654604e-01 -4.348764e-03 -1.816231e+01 -6.405445e-03 2.775830e-03 9.999756e-01 -2.414583e+00
9.651542e-01 2.616366e-01 4.870764e-03 1.263149e+02 -2.616167e-01 9.651619e-01 -4.351980e-03 -1.824598e+01 -5.839714e-03 2.926058e-03 9.999787e-01 -2.417272e+00
9.648595e-01 2.627130e-01 5.299367e-03 1.265974e+02 -2.626927e-01 9.648703e-01 -4.215879e-03 -1.832881e+01 -6.220768e-03 2.675625e-03 9.999771e-01 -2.415576e+00
9.646208e-01 2.635981e-01 4.783326e-03 1.268612e+02 -2.635831e-01 9.646302e-01 -3.544727e-03 -1.839718e+01 -5.548524e-03 2.158513e-03 9.999823e-01 -2.430468e+00
9.645233e-01 2.639457e-01 5.251850e-03 1.271119e+02 -2.639309e-01 9.645360e-01 -3.332665e-03 -1.847202e+01 -5.945240e-03 1.828308e-03 9.999806e-01 -2.424426e+00
9.644013e-01 2.644008e-01 4.726314e-03 1.273472e+02 -2.643906e-01 9.644120e-01 -2.686884e-03 -1.853968e+01 -5.268528e-03 1.341641e-03 9.999852e-01 -2.442884e+00
9.643432e-01 2.646133e-01 4.672769e-03 1.275702e+02 -2.646023e-01 9.643533e-01 -2.849204e-03 -1.859936e+01 -5.260138e-03 1.511185e-03 9.999850e-01 -2.429887e+00
9.642833e-01 2.648392e-01 4.234164e-03 1.277712e+02 -2.648322e-01 9.642920e-01 -2.138750e-03 -1.865639e+01 -4.649397e-03 9.410180e-04 9.999887e-01 -2.444395e+00
9.641935e-01 2.651713e-01 3.895118e-03 1.279657e+02 -2.651645e-01 9.642009e-01 -2.180849e-03 -1.871630e+01 -4.333974e-03 1.069913e-03 9.999900e-01 -2.441911e+00
9.641165e-01 2.654443e-01 4.313018e-03 1.281517e+02 -2.654378e-01 9.641259e-01 -2.043640e-03 -1.876697e+01 -4.700765e-03 8.254691e-04 9.999886e-01 -2.451791e+00
9.640399e-01 2.657241e-01 4.231615e-03 1.283214e+02 -2.657159e-01 9.640483e-01 -2.393147e-03 -1.881623e+01 -4.715397e-03 1.182681e-03 9.999882e-01 -2.444524e+00
9.640272e-01 2.657546e-01 5.110000e-03 1.284810e+02 -2.657476e-01 9.640405e-01 -2.011340e-03 -1.885970e+01 -5.460769e-03 5.810161e-04 9.999849e-01 -2.459709e+00
9.638600e-01 2.663685e-01 4.654860e-03 1.286356e+02 -2.663620e-01 9.638710e-01 -1.984516e-03 -1.890520e+01 -5.015297e-03 6.729183e-04 9.999872e-01 -2.455909e+00
9.637020e-01 2.669384e-01 4.727077e-03 1.287789e+02 -2.669300e-01 9.637130e-01 -2.348541e-03 -1.895107e+01 -5.182462e-03 1.001495e-03 9.999861e-01 -2.457585e+00
9.637269e-01 2.668540e-01 4.407102e-03 1.289177e+02 -2.668496e-01 9.637368e-01 -1.575352e-03 -1.898699e+01 -4.667676e-03 3.421753e-04 9.999890e-01 -2.462775e+00
9.637104e-01 2.669071e-01 4.786317e-03 1.290367e+02 -2.669013e-01 9.637222e-01 -1.813338e-03 -1.902750e+01 -5.096673e-03 4.700585e-04 9.999869e-01 -2.463012e+00
9.636363e-01 2.671779e-01 4.599798e-03 1.291611e+02 -2.671737e-01 9.636471e-01 -1.507156e-03 -1.905990e+01 -4.835261e-03 2.234050e-04 9.999883e-01 -2.469274e+00
9.636404e-01 2.671507e-01 5.261593e-03 1.292809e+02 -2.671463e-01 9.636548e-01 -1.552020e-03 -1.909351e+01 -5.484982e-03 8.997408e-05 9.999850e-01 -2.462411e+00
9.636376e-01 2.671618e-01 5.215918e-03 1.293933e+02 -2.671585e-01 9.636518e-01 -1.325411e-03 -1.912503e+01 -5.380427e-03 -1.162605e-04 9.999855e-01 -2.471114e+00
9.635270e-01 2.675643e-01 5.019858e-03 1.295040e+02 -2.675605e-01 9.635401e-01 -1.426746e-03 -1.915690e+01 -5.218581e-03 3.159291e-05 9.999864e-01 -2.468213e+00
9.634608e-01 2.677968e-01 5.306080e-03 1.296037e+02 -2.677946e-01 9.634755e-01 -1.133200e-03 -1.918373e+01 -5.415745e-03 -3.291462e-04 9.999853e-01 -2.473992e+00
9.635212e-01 2.675819e-01 5.184052e-03 1.296975e+02 -2.675792e-01 9.635351e-01 -1.209309e-03 -1.921050e+01 -5.318604e-03 -2.219498e-04 9.999858e-01 -2.470970e+00
9.634838e-01 2.677127e-01 5.366888e-03 1.297904e+02 -2.677114e-01 9.634986e-01 -9.760356e-04 -1.923659e+01 -5.432287e-03 -4.963825e-04 9.999851e-01 -2.478613e+00
9.634133e-01 2.679715e-01 5.106563e-03 1.298870e+02 -2.679702e-01 9.634268e-01 -9.432880e-04 -1.926724e+01 -5.172573e-03 -4.596304e-04 9.999865e-01 -2.477096e+00
9.633927e-01 2.680405e-01 5.356955e-03 1.299748e+02 -2.680389e-01 9.634075e-01 -1.032087e-03 -1.929304e+01 -5.437572e-03 -4.415671e-04 9.999851e-01 -2.479613e+00
9.633567e-01 2.681749e-01 5.118351e-03 1.300556e+02 -2.681721e-01 9.633703e-01 -1.232567e-03 -1.931447e+01 -5.261410e-03 -1.851974e-04 9.999861e-01 -2.481003e+00
9.633210e-01 2.682990e-01 5.325344e-03 1.301402e+02 -2.682955e-01 9.633356e-01 -1.362260e-03 -1.933889e+01 -5.495587e-03 -1.164721e-04 9.999849e-01 -2.480190e+00
9.632499e-01 2.685564e-01 5.197627e-03 1.302176e+02 -2.685553e-01 9.632638e-01 -9.271983e-04 -1.935936e+01 -5.255692e-03 -5.027269e-04 9.999861e-01 -2.482610e+00
9.632132e-01 2.686826e-01 5.478472e-03 1.302902e+02 -2.686818e-01 9.632286e-01 -8.915539e-04 -1.938564e+01 -5.516566e-03 -6.132095e-04 9.999846e-01 -2.486949e+00
9.632038e-01 2.687195e-01 5.313262e-03 1.303530e+02 -2.687190e-01 9.632182e-01 -8.209024e-04 -1.940220e+01 -5.338423e-03 -6.370782e-04 9.999856e-01 -2.489431e+00
9.631832e-01 2.687947e-01 5.243680e-03 1.304212e+02 -2.687934e-01 9.631975e-01 -9.499593e-04 -1.942531e+01 -5.306044e-03 -4.944822e-04 9.999858e-01 -2.488636e+00
9.632057e-01 2.687149e-01 5.206260e-03 1.304844e+02 -2.687148e-01 9.632195e-01 -7.247875e-04 -1.943996e+01 -5.209533e-03 -7.008798e-04 9.999862e-01 -2.491845e+00
9.631493e-01 2.689233e-01 4.862246e-03 1.305544e+02 -2.689232e-01 9.631612e-01 -7.066884e-04 -1.945963e+01 -4.873172e-03 -6.269241e-04 9.999879e-01 -2.485154e+00
9.631650e-01 2.688677e-01 4.827462e-03 1.306176e+02 -2.688680e-01 9.631768e-01 -6.007144e-04 -1.947920e+01 -4.811212e-03 -7.193627e-04 9.999881e-01 -2.494269e+00
9.631505e-01 2.689156e-01 5.048352e-03 1.306761e+02 -2.689166e-01 9.631633e-01 -4.902376e-04 -1.949477e+01 -4.994220e-03 -8.854134e-04 9.999871e-01 -2.494049e+00
9.630644e-01 2.692198e-01 5.249988e-03 1.307426e+02 -2.692220e-01 9.630781e-01 -3.040725e-04 -1.951186e+01 -5.138010e-03 -1.120570e-03 9.999862e-01 -2.492896e+00
9.629877e-01 2.694946e-01 5.232944e-03 1.308041e+02 -2.694966e-01 9.630014e-01 -3.285434e-04 -1.952992e+01 -5.127872e-03 -1.093877e-03 9.999862e-01 -2.496498e+00
9.630973e-01 2.691014e-01 5.304343e-03 1.308558e+02 -2.691055e-01 9.631107e-01 6.556429e-05 -1.954954e+01 -5.091026e-03 -1.490573e-03 9.999859e-01 -2.498064e+00
9.630075e-01 2.694220e-01 5.331032e-03 1.309091e+02 -2.694270e-01 9.630208e-01 2.313510e-04 -1.956417e+01 -5.071563e-03 -1.659116e-03 9.999858e-01 -2.501085e+00
9.630725e-01 2.691874e-01 5.422249e-03 1.309574e+02 -2.691926e-01 9.630862e-01 2.478178e-04 -1.957637e+01 -5.155384e-03 -1.698296e-03 9.999853e-01 -2.503765e+00
9.629573e-01 2.695953e-01 5.630082e-03 1.310232e+02 -2.696016e-01 9.629719e-01 3.748735e-04 -1.959672e+01 -5.320547e-03 -1.878866e-03 9.999841e-01 -2.502770e+00
9.629211e-01 2.697231e-01 5.687997e-03 1.310901e+02 -2.697294e-01 9.629362e-01 3.616139e-04 -1.961352e+01 -5.379642e-03 -1.882426e-03 9.999838e-01 -2.505550e+00
9.629359e-01 2.696691e-01 5.744510e-03 1.311373e+02 -2.696769e-01 9.629507e-01 6.245796e-04 -1.963191e+01 -5.363250e-03 -2.150592e-03 9.999833e-01 -2.508810e+00
9.629798e-01 2.695074e-01 5.970859e-03 1.311972e+02 -2.695154e-01 9.629960e-01 5.738949e-04 -1.964600e+01 -5.595244e-03 -2.161888e-03 9.999820e-01 -2.504711e+00
9.629413e-01 2.696455e-01 5.943477e-03 1.312451e+02 -2.696526e-01 9.629577e-01 4.006551e-04 -1.966556e+01 -5.615281e-03 -1.988481e-03 9.999822e-01 -2.505470e+00
9.628599e-01 2.699359e-01 5.948631e-03 1.313043e+02 -2.699420e-01 9.628766e-01 2.393910e-04 -1.967318e+01 -5.663177e-03 -1.836285e-03 9.999823e-01 -2.506767e+00
9.628886e-01 2.698349e-01 5.890551e-03 1.313505e+02 -2.698423e-01 9.629045e-01 4.830772e-04 -1.969387e+01 -5.541686e-03 -2.054669e-03 9.999825e-01 -2.507988e+00
9.628975e-01 2.698038e-01 5.849091e-03 1.313971e+02 -2.698115e-01 9.629130e-01 5.542448e-04 -1.970762e+01 -5.482629e-03 -2.111833e-03 9.999827e-01 -2.508891e+00
9.628116e-01 2.701067e-01 6.013496e-03 1.314507e+02 -2.701140e-01 9.628284e-01 4.148305e-04 -1.972915e+01 -5.677915e-03 -2.023733e-03 9.999818e-01 -2.507842e+00
9.627810e-01 2.702158e-01 6.007637e-03 1.315068e+02 -2.702242e-01 9.627972e-01 6.054506e-04 -1.974196e+01 -5.620534e-03 -2.206325e-03 9.999818e-01 -2.509347e+00
9.628831e-01 2.698446e-01 6.334085e-03 1.315566e+02 -2.698535e-01 9.629012e-01 5.746437e-04 -1.975235e+01 -5.944035e-03 -2.262590e-03 9.999798e-01 -2.505765e+00
9.628317e-01 2.700220e-01 6.571325e-03 1.316087e+02 -2.700308e-01 9.628515e-01 4.798307e-04 -1.976589e+01 -6.197646e-03 -2.236457e-03 9.999783e-01 -2.507621e+00
9.628221e-01 2.700539e-01 6.664841e-03 1.316542e+02 -2.700644e-01 9.628421e-01 7.008736e-04 -1.978066e+01 -6.227916e-03 -2.474752e-03 9.999775e-01 -2.516237e+00
9.627692e-01 2.702395e-01 6.784454e-03 1.316932e+02 -2.702493e-01 9.627903e-01 5.533386e-04 -1.978900e+01 -6.382472e-03 -2.366231e-03 9.999768e-01 -2.509911e+00
9.627950e-01 2.701507e-01 6.656262e-03 1.317297e+02 -2.701594e-01 9.628155e-01 4.331271e-04 -1.980303e+01 -6.291742e-03 -2.215264e-03 9.999778e-01 -2.516232e+00
9.628402e-01 2.699894e-01 6.665741e-03 1.317607e+02 -2.699987e-01 9.628605e-01 5.189324e-04 -1.980863e+01 -6.278072e-03 -2.299391e-03 9.999776e-01 -2.512179e+00
9.627749e-01 2.702215e-01 6.687803e-03 1.317971e+02 -2.702320e-01 9.627950e-01 6.873570e-04 -1.982398e+01 -6.253245e-03 -2.469028e-03 9.999774e-01 -2.514895e+00
9.627884e-01 2.701766e-01 6.569024e-03 1.318280e+02 -2.701858e-01 9.628081e-01 5.494313e-04 -1.983037e+01 -6.176265e-03 -2.303843e-03 9.999782e-01 -2.516516e+00
9.627928e-01 2.701630e-01 6.478138e-03 1.318552e+02 -2.701727e-01 9.628116e-01 6.612660e-04 -1.983899e+01 -6.058577e-03 -2.386879e-03 9.999788e-01 -2.514028e+00
9.627643e-01 2.702633e-01 6.531589e-03 1.318807e+02 -2.702738e-01 9.627833e-01 7.609848e-04 -1.984676e+01 -6.082838e-03 -2.497966e-03 9.999784e-01 -2.519642e+00
9.626790e-01 2.705615e-01 6.747954e-03 1.319079e+02 -2.705732e-01 9.626991e-01 8.776553e-04 -1.984970e+01 -6.258789e-03 -2.670716e-03 9.999769e-01 -2.516578e+00
9.627289e-01 2.703860e-01 6.679960e-03 1.319258e+02 -2.703956e-01 9.627491e-01 5.646193e-04 -1.985752e+01 -6.278460e-03 -2.349807e-03 9.999775e-01 -2.512777e+00
9.626561e-01 2.706436e-01 6.730370e-03 1.319432e+02 -2.706552e-01 9.626760e-01 8.525922e-04 -1.986164e+01 -6.248417e-03 -2.642362e-03 9.999770e-01 -2.516136e+00
9.627154e-01 2.704310e-01 6.788518e-03 1.319642e+02 -2.704430e-01 9.627358e-01 8.933081e-04 -1.986628e+01 -6.293970e-03 -2.695908e-03 9.999766e-01 -2.517773e+00
9.626883e-01 2.705312e-01 6.640520e-03 1.319744e+02 -2.705416e-01 9.627080e-01 7.016130e-04 -1.987373e+01 -6.203074e-03 -2.471972e-03 9.999777e-01 -2.517431e+00
9.626783e-01 2.705656e-01 6.700433e-03 1.319889e+02 -2.705769e-01 9.626981e-01 8.255100e-04 -1.987913e+01 -6.227139e-03 -2.607683e-03 9.999772e-01 -2.520201e+00
9.627361e-01 2.703551e-01 6.874530e-03 1.319942e+02 -2.703669e-01 9.627571e-01 8.328994e-04 -1.988270e+01 -6.393323e-03 -2.660508e-03 9.999760e-01 -2.519953e+00
9.627470e-01 2.703206e-01 6.706146e-03 1.320064e+02 -2.703323e-01 9.627665e-01 8.803821e-04 -1.987772e+01 -6.218468e-03 -2.660473e-03 9.999771e-01 -2.519138e+00
9.626994e-01 2.704873e-01 6.817573e-03 1.320167e+02 -2.704980e-01 9.627203e-01 6.789580e-04 -1.988170e+01 -6.379766e-03 -2.497772e-03 9.999765e-01 -2.516917e+00
9.627066e-01 2.704619e-01 6.804938e-03 1.320237e+02 -2.704740e-01 9.627268e-01 9.105086e-04 -1.988388e+01 -6.305038e-03 -2.717112e-03 9.999765e-01 -2.520340e+00
9.626415e-01 2.706910e-01 6.900375e-03 1.320209e+02 -2.707021e-01 9.626628e-01 7.132554e-04 -1.988513e+01 -6.449664e-03 -2.554555e-03 9.999759e-01 -2.519053e+00
9.625891e-01 2.708807e-01 6.776474e-03 1.320287e+02 -2.708932e-01 9.626089e-01 9.861235e-04 -1.989338e+01 -6.255973e-03 -2.784932e-03 9.999766e-01 -2.523027e+00
9.625802e-01 2.709141e-01 6.700915e-03 1.320345e+02 -2.709264e-01 9.625994e-01 9.826396e-04 -1.989503e+01 -6.184087e-03 -2.761324e-03 9.999771e-01 -2.521461e+00
9.625778e-01 2.709211e-01 6.767666e-03 1.320395e+02 -2.709347e-01 9.625973e-01 1.150315e-03 -1.989558e+01 -6.202891e-03 -2.940862e-03 9.999765e-01 -2.518183e+00
9.626808e-01 2.705531e-01 6.841373e-03 1.320364e+02 -2.705711e-01 9.626983e-01 1.832499e-03 -1.988632e+01 -6.090390e-03 -3.615189e-03 9.999749e-01 -2.521941e+00
9.626883e-01 2.705314e-01 6.629054e-03 1.320516e+02 -2.705514e-01 9.627028e-01 2.316548e-03 -1.989814e+01 -5.755109e-03 -4.023613e-03 9.999753e-01 -2.524130e+00
9.627752e-01 2.702215e-01 6.662249e-03 1.320593e+02 -2.702420e-01 9.627895e-01 2.385102e-03 -1.989350e+01 -5.769838e-03 -4.096736e-03 9.999750e-01 -2.523189e+00
9.626992e-01 2.704913e-01 6.685032e-03 1.320774e+02 -2.705111e-01 9.627142e-01 2.232216e-03 -1.989784e+01 -5.831980e-03 -3.957327e-03 9.999751e-01 -2.526054e+00
9.626666e-01 2.706063e-01 6.728992e-03 1.321017e+02 -2.706279e-01 9.626808e-01 2.521807e-03 -1.991457e+01 -5.795454e-03 -4.248713e-03 9.999742e-01 -2.521708e+00
9.626467e-01 2.706803e-01 6.601267e-03 1.321272e+02 -2.707018e-01 9.626597e-01 2.593012e-03 -1.991898e+01 -5.652896e-03 -4.283129e-03 9.999748e-01 -2.522664e+00
9.627180e-01 2.704244e-01 6.686893e-03 1.321470e+02 -2.704470e-01 9.627309e-01 2.738127e-03 -1.992071e+01 -5.697222e-03 -4.444494e-03 9.999739e-01 -2.528602e+00
9.627450e-01 2.703293e-01 6.647070e-03 1.321823e+02 -2.703545e-01 9.627554e-01 3.214095e-03 -1.992867e+01 -5.530639e-03 -4.891419e-03 9.999728e-01 -2.528448e+00
9.627251e-01 2.703939e-01 6.893337e-03 1.322500e+02 -2.704240e-01 9.627336e-01 3.861852e-03 -1.995832e+01 -5.592225e-03 -5.582026e-03 9.999688e-01 -2.530457e+00
9.626237e-01 2.707542e-01 6.918719e-03 1.323137e+02 -2.707869e-01 9.626297e-01 4.318580e-03 -1.997284e+01 -5.490891e-03 -6.030666e-03 9.999667e-01 -2.528252e+00
9.625502e-01 2.710184e-01 6.799416e-03 1.323820e+02 -2.710559e-01 9.625486e-01 5.372248e-03 -1.999447e+01 -5.088791e-03 -7.014080e-03 9.999624e-01 -2.529109e+00
9.626501e-01 2.706619e-01 6.856009e-03 1.324627e+02 -2.706999e-01 9.626486e-01 5.383514e-03 -2.001758e+01 -5.142816e-03 -7.038360e-03 9.999620e-01 -2.524367e+00
9.626570e-01 2.706374e-01 6.855731e-03 1.325375e+02 -2.706768e-01 9.626536e-01 5.662149e-03 -2.003832e+01 -5.067306e-03 -7.306394e-03 9.999605e-01 -2.524748e+00
9.626454e-01 2.706766e-01 6.936589e-03 1.326386e+02 -2.707190e-01 9.626389e-01 6.138733e-03 -2.006692e+01 -5.015818e-03 -7.787290e-03 9.999571e-01 -2.530958e+00
9.625767e-01 2.709134e-01 7.215517e-03 1.327654e+02 -2.709587e-01 9.625705e-01 6.269736e-03 -2.010744e+01 -5.246889e-03 -7.990208e-03 9.999543e-01 -2.534233e+00
9.626134e-01 2.707854e-01 7.119309e-03 1.328856e+02 -2.708313e-01 9.626046e-01 6.550129e-03 -2.013956e+01 -5.079399e-03 -8.233374e-03 9.999532e-01 -2.538450e+00
9.625409e-01 2.710379e-01 7.308452e-03 1.330371e+02 -2.710871e-01 9.625304e-01 6.869285e-03 -2.018495e+01 -5.172770e-03 -8.593195e-03 9.999497e-01 -2.537140e+00
9.626010e-01 2.708338e-01 6.951668e-03 1.331894e+02 -2.708823e-01 9.625843e-01 7.357163e-03 -2.022328e+01 -4.698998e-03 -8.965096e-03 9.999488e-01 -2.537158e+00
9.627611e-01 2.702560e-01 7.259685e-03 1.333447e+02 -2.703092e-01 9.627424e-01 7.744266e-03 -2.026411e+01 -4.896272e-03 -9.418238e-03 9.999437e-01 -2.534235e+00
9.629504e-01 2.695799e-01 7.296672e-03 1.335420e+02 -2.696384e-01 9.629214e-01 8.809820e-03 -2.032749e+01 -4.651171e-03 -1.045088e-02 9.999346e-01 -2.545183e+00
9.631593e-01 2.688297e-01 7.399564e-03 1.337602e+02 -2.688898e-01 9.631296e-01 8.900911e-03 -2.039536e+01 -4.733912e-03 -1.056266e-02 9.999330e-01 -2.552520e+00
9.634064e-01 2.679424e-01 7.418524e-03 1.339715e+02 -2.680048e-01 9.633722e-01 9.350130e-03 -2.045438e+01 -4.641504e-03 -1.099618e-02 9.999288e-01 -2.560480e+00
9.637128e-01 2.668197e-01 8.058046e-03 1.342059e+02 -2.668881e-01 9.636841e-01 9.133581e-03 -2.052277e+01 -5.328393e-03 -1.095275e-02 9.999258e-01 -2.559115e+00
9.641259e-01 2.653146e-01 8.327762e-03 1.344654e+02 -2.653850e-01 9.641011e-01 8.945130e-03 -2.059156e+01 -5.655530e-03 -1.083430e-02 9.999253e-01 -2.561308e+00
9.646158e-01 2.635338e-01 8.148362e-03 1.347233e+02 -2.636027e-01 9.645891e-01 9.005287e-03 -2.066908e+01 -5.486625e-03 -1.083457e-02 9.999263e-01 -2.574585e+00
9.649577e-01 2.622663e-01 8.553433e-03 1.350210e+02 -2.623389e-01 9.649349e-01 8.885707e-03 -2.075297e+01 -5.923085e-03 -1.081823e-02 9.999239e-01 -2.580977e+00
9.654906e-01 2.603168e-01 7.943770e-03 1.353068e+02 -2.603821e-01 9.654661e-01 8.730188e-03 -2.083255e+01 -5.396826e-03 -1.049733e-02 9.999303e-01 -2.591414e+00
9.659843e-01 2.584550e-01 8.673016e-03 1.356396e+02 -2.585275e-01 9.659652e-01 8.644651e-03 -2.091404e+01 -6.143579e-03 -1.059281e-02 9.999250e-01 -2.591226e+00
9.665435e-01 2.563626e-01 8.479759e-03 1.359599e+02 -2.564319e-01 9.665256e-01 8.440097e-03 -2.100693e+01 -6.032178e-03 -1.033220e-02 9.999284e-01 -2.593573e+00
9.669651e-01 2.547328e-01 9.465103e-03 1.362774e+02 -2.548144e-01 9.669507e-01 8.731558e-03 -2.109119e+01 -6.928073e-03 -1.085496e-02 9.999171e-01 -2.614805e+00
9.674759e-01 2.528278e-01 8.277112e-03 1.366255e+02 -2.528936e-01 9.674592e-01 8.197771e-03 -2.118374e+01 -5.935145e-03 -1.002437e-02 9.999322e-01 -2.619439e+00
9.677854e-01 2.516148e-01 9.023255e-03 1.369991e+02 -2.516903e-01 9.677703e-01 8.514251e-03 -2.128268e+01 -6.590127e-03 -1.051103e-02 9.999231e-01 -2.625699e+00
9.680853e-01 2.504850e-01 8.253474e-03 1.373608e+02 -2.505502e-01 9.680696e-01 8.115674e-03 -2.138264e+01 -5.957082e-03 -9.924575e-03 9.999330e-01 -2.630735e+00
9.683822e-01 2.492928e-01 9.430395e-03 1.377166e+02 -2.493685e-01 9.683762e-01 7.938573e-03 -2.148076e+01 -7.153140e-03 -1.003922e-02 9.999240e-01 -2.639431e+00
9.685730e-01 2.485994e-01 8.046802e-03 1.381197e+02 -2.486609e-01 9.685588e-01 7.837951e-03 -2.157966e+01 -5.845292e-03 -9.592552e-03 9.999369e-01 -2.655319e+00
9.686882e-01 2.481354e-01 8.479165e-03 1.385013e+02 -2.481982e-01 9.686811e-01 7.386693e-03 -2.168408e+01 -6.380707e-03 -9.259916e-03 9.999368e-01 -2.652663e+00
9.688097e-01 2.476714e-01 8.171835e-03 1.389180e+02 -2.477359e-01 9.687934e-01 8.140329e-03 -2.178925e+01 -5.900694e-03 -9.910887e-03 9.999335e-01 -2.676781e+00
9.688600e-01 2.474658e-01 8.428174e-03 1.393311e+02 -2.475299e-01 9.688500e-01 7.663113e-03 -2.190323e+01 -6.269278e-03 -9.510708e-03 9.999351e-01 -2.672813e+00
9.689887e-01 2.469770e-01 7.958709e-03 1.397292e+02 -2.470419e-01 9.689668e-01 8.579521e-03 -2.200483e+01 -5.592781e-03 -1.027959e-02 9.999315e-01 -2.690233e+00
9.689283e-01 2.472305e-01 7.415470e-03 1.401672e+02 -2.472877e-01 9.689078e-01 8.144351e-03 -2.211749e+01 -5.171374e-03 -9.725045e-03 9.999393e-01 -2.689968e+00
9.685892e-01 2.485775e-01 6.639330e-03 1.406200e+02 -2.486300e-01 9.685583e-01 8.822303e-03 -2.224528e+01 -4.237552e-03 -1.019592e-02 9.999390e-01 -2.705451e+00
9.683938e-01 2.493525e-01 6.065339e-03 1.410945e+02 -2.493987e-01 9.683620e-01 8.690512e-03 -2.237066e+01 -3.706443e-03 -9.928526e-03 9.999439e-01 -2.709872e+00
9.682128e-01 2.500377e-01 6.720937e-03 1.415541e+02 -2.500927e-01 9.681780e-01 9.220010e-03 -2.249547e+01 -4.201713e-03 -1.060779e-02 9.999349e-01 -2.723615e+00
9.679279e-01 2.511575e-01 5.963253e-03 1.420520e+02 -2.512031e-01 9.678942e-01 8.822687e-03 -2.263686e+01 -3.555914e-03 -1.003771e-02 9.999433e-01 -2.728249e+00
9.674793e-01 2.528711e-01 6.318281e-03 1.425443e+02 -2.529237e-01 9.674370e-01 9.752925e-03 -2.277278e+01 -3.646306e-03 -1.103380e-02 9.999325e-01 -2.745982e+00
9.672856e-01 2.536452e-01 4.773873e-03 1.430802e+02 -2.536807e-01 9.672402e-01 9.614043e-03 -2.291762e+01 -2.178927e-03 -1.051056e-02 9.999424e-01 -2.753530e+00
9.671783e-01 2.540306e-01 5.885202e-03 1.436127e+02 -2.540769e-01 9.671396e-01 9.276620e-03 -2.304901e+01 -3.335266e-03 -1.046744e-02 9.999397e-01 -2.766329e+00
9.671678e-01 2.540809e-01 5.420403e-03 1.441663e+02 -2.541225e-01 9.671268e-01 9.346202e-03 -2.321030e+01 -2.867526e-03 -1.041679e-02 9.999416e-01 -2.784151e+00
9.670534e-01 2.544964e-01 6.268608e-03 1.447183e+02 -2.545478e-01 9.670125e-01 9.590607e-03 -2.335619e+01 -3.621048e-03 -1.087029e-02 9.999344e-01 -2.793765e+00
9.670272e-01 2.546193e-01 5.225393e-03 1.453034e+02 -2.546588e-01 9.669862e-01 9.316625e-03 -2.352237e+01 -2.680690e-03 -1.034012e-02 9.999430e-01 -2.807153e+00
9.669427e-01 2.549171e-01 6.246170e-03 1.458770e+02 -2.549676e-01 9.669040e-01 9.379749e-03 -2.368064e+01 -3.648388e-03 -1.066225e-02 9.999365e-01 -2.814214e+00
9.669043e-01 2.550664e-01 6.094351e-03 1.464892e+02 -2.551159e-01 9.668628e-01 9.601263e-03 -2.384536e+01 -3.443442e-03 -1.083827e-02 9.999353e-01 -2.827779e+00
9.668489e-01 2.552507e-01 7.095228e-03 1.471029e+02 -2.553123e-01 9.668086e-01 9.845437e-03 -2.401737e+01 -4.346672e-03 -1.133055e-02 9.999264e-01 -2.834947e+00
9.669551e-01 2.548546e-01 6.853810e-03 1.477436e+02 -2.549142e-01 9.669118e-01 1.002403e-02 -2.419386e+01 -4.072360e-03 -1.143992e-02 9.999263e-01 -2.848990e+00
9.671959e-01 2.538944e-01 8.354989e-03 1.484020e+02 -2.539715e-01 9.671597e-01 1.002983e-02 -2.437379e+01 -5.534090e-03 -1.182274e-02 9.999148e-01 -2.872244e+00
9.676365e-01 2.522559e-01 6.816421e-03 1.490462e+02 -2.523171e-01 9.675879e-01 1.048093e-02 -2.454086e+01 -3.951608e-03 -1.186163e-02 9.999219e-01 -2.898984e+00
9.679078e-01 2.511939e-01 7.484687e-03 1.497117e+02 -2.512595e-01 9.678711e-01 9.713533e-03 -2.473081e+01 -4.804231e-03 -1.128240e-02 9.999248e-01 -2.897756e+00
9.681339e-01 2.503544e-01 6.273475e-03 1.504023e+02 -2.504079e-01 9.680877e-01 1.010158e-02 -2.491062e+01 -3.544298e-03 -1.135061e-02 9.999293e-01 -2.944599e+00
9.683497e-01 2.495282e-01 5.882770e-03 1.510907e+02 -2.495733e-01 9.683150e-01 8.892075e-03 -2.509619e+01 -3.477552e-03 -1.007882e-02 9.999431e-01 -2.927223e+00
9.683889e-01 2.493926e-01 5.133235e-03 1.517822e+02 -2.494315e-01 9.683472e-01 9.354732e-03 -2.528266e+01 -2.637753e-03 -1.033941e-02 9.999431e-01 -2.958860e+00
9.682610e-01 2.499060e-01 4.197623e-03 1.525054e+02 -2.499329e-01 9.682293e-01 8.095297e-03 -2.548320e+01 -2.041199e-03 -8.887484e-03 9.999584e-01 -2.962136e+00
9.680998e-01 2.505397e-01 3.544466e-03 1.532203e+02 -2.505610e-01 9.680660e-01 8.214128e-03 -2.566738e+01 -1.373312e-03 -8.840200e-03 9.999600e-01 -2.991939e+00
9.677178e-01 2.520264e-01 2.242491e-03 1.539598e+02 -2.520364e-01 9.676831e-01 8.202825e-03 -2.586767e+01 -1.026919e-04 -8.503208e-03 9.999638e-01 -3.003622e+00
9.673952e-01 2.532649e-01 1.823244e-03 1.547069e+02 -2.532711e-01 9.673566e-01 8.658676e-03 -2.607093e+01 4.292109e-04 -8.838137e-03 9.999608e-01 -3.029326e+00
9.671711e-01 2.541222e-01 1.395297e-03 1.554730e+02 -2.541251e-01 9.671386e-01 7.975530e-03 -2.627918e+01 6.773144e-04 -8.068282e-03 9.999672e-01 -3.032847e+00
