1.000000e+00 0.000000e+00 0.000000e+00 0.000000e+00 0.000000e+00 1.000000e+00 0.000000e+00 0.000000e+00 0.000000e+00 0.000000e+00 1.000000e+00 0.000000e+00
9.999985e-01 1.697113e-03 -4.358536e-04 8.402536e-01 -1.696888e-03 9.999985e-01 5.160224e-04 -2.579211e-02 4.367287e-04 -5.152820e-04 9.999998e-01 -1.426360e-02
9.999958e-01 2.868728e-03 4.550896e-04 1.344521e+00 -2.869098e-03 9.999956e-01 8.144294e-04 -3.538617e-02 -4.527512e-04 -8.157316e-04 9.999996e-01 -2.272630e-02
9.999931e-01 3.680304e-03 5.532181e-04 1.843266e+00 -3.681126e-03 9.999920e-01 1.491075e-03 -4.200706e-02 -5.477261e-04 -1.493101e-03 9.999987e-01 -4.643844e-02
9.999892e-01 4.420687e-03 -1.453048e-03 2.351590e+00 -4.418988e-03 9.999896e-01 1.169964e-03 -3.924777e-02 1.458205e-03 -1.163531e-03 9.999983e-01 -4.472632e-02
9.999882e-01 4.641043e-03 -1.441238e-03 2.854407e+00 -4.640779e-03 9.999892e-01 1.862579e-04 -4.517424e-02 1.442087e-03 -1.795672e-04 9.999989e-01 -6.191593e-02
9.999843e-01 4.745695e-03 -2.993675e-03 3.365294e+00 -4.749468e-03 9.999881e-01 -1.254360e-03 -4.901345e-02 2.987686e-03 1.268559e-03 9.999948e-01 -6.458996e-02
9.999800e-01 5.713419e-03 -2.696035e-03 3.885079e+00 -5.717816e-03 9.999824e-01 -1.625921e-03 -5.472919e-02 2.686698e-03 1.641304e-03 9.999951e-01 -7.369489e-02
9.999614e-01 6.235404e-03 -6.184864e-03 4.394985e+00 -6.248371e-03 9.999783e-01 -2.079509e-03 -6.188720e-02 6.171763e-03 2.118075e-03 9.999787e-01 -8.210453e-02
9.999418e-01 6.930657e-03 -8.275272e-03 4.919857e+00 -6.949439e-03 9.999734e-01 -2.243015e-03 -6.643847e-02 8.259507e-03 2.300393e-03 9.999632e-01 -9.357437e-02
9.999201e-01 7.291602e-03 -1.032190e-02 5.440911e+00 -7.313505e-03 9.999712e-01 -2.085904e-03 -7.766288e-02 1.030639e-02 2.161226e-03 9.999446e-01 -1.043030e-01
9.999129e-01 7.863185e-03 -1.059716e-02 5.971629e+00 -7.894662e-03 9.999645e-01 -2.931824e-03 -8.296411e-02 1.057373e-02 3.015230e-03 9.999396e-01 -1.152353e-01
9.998989e-01 8.037226e-03 -1.172758e-02 6.488621e+00 -8.075351e-03 9.999623e-01 -3.207091e-03 -9.045805e-02 1.170136e-02 3.301471e-03 9.999261e-01 -1.182309e-01
9.998705e-01 8.825450e-03 -1.345630e-02 7.010167e+00 -8.874197e-03 9.999542e-01 -3.567260e-03 -9.527912e-02 1.342420e-02 3.686212e-03 9.999031e-01 -1.297982e-01
9.998340e-01 9.706205e-03 -1.542040e-02 7.536381e+00 -9.744370e-03 9.999497e-01 -2.401776e-03 -1.065592e-01 1.539631e-02 2.551639e-03 9.998782e-01 -1.288337e-01
9.997894e-01 1.055258e-02 -1.760205e-02 8.073809e+00 -1.057797e-02 9.999431e-01 -1.350106e-03 -1.174193e-01 1.758680e-02 1.536016e-03 9.998441e-01 -1.469459e-01
9.998240e-01 1.099927e-02 -1.519455e-02 8.599609e+00 -1.098858e-02 9.999393e-01 7.871082e-04 -1.209710e-01 1.520228e-02 -6.200032e-04 9.998842e-01 -1.184360e-01
9.998180e-01 1.146892e-02 -1.524592e-02 9.124750e+00 -1.148461e-02 9.999335e-01 -9.420601e-04 -1.376048e-01 1.523410e-02 1.116982e-03 9.998834e-01 -1.533106e-01
9.997969e-01 1.329905e-02 -1.513962e-02 9.667863e+00 -1.334857e-02 9.999059e-01 -3.174949e-03 -1.486301e-01 1.509597e-02 3.376396e-03 9.998804e-01 -1.566542e-01
9.997931e-01 1.434551e-02 -1.442339e-02 1.020554e+01 -1.445270e-02 9.998684e-01 -7.355323e-03 -1.662710e-01 1.431598e-02 7.562258e-03 9.998689e-01 -1.245568e-01
9.998209e-01 1.527393e-02 -1.116784e-02 1.073786e+01 -1.537550e-02 9.998406e-01 -9.066912e-03 -1.790127e-01 1.102757e-02 9.237000e-03 9.998965e-01 -1.636907e-01
9.998570e-01 1.653354e-02 -3.551497e-03 1.125684e+01 -1.655011e-02 9.998522e-01 -4.690200e-03 -2.024660e-01 3.473426e-03 4.748307e-03 9.999827e-01 -1.168071e-01
9.998387e-01 1.717260e-02 -5.264279e-03 1.179121e+01 -1.716600e-02 9.998518e-01 1.295361e-03 -2.172158e-01 5.285744e-03 -1.204786e-03 9.999853e-01 -2.080501e-01
9.998114e-01 1.818779e-02 -6.817507e-03 1.231402e+01 -1.811208e-02 9.997755e-01 1.100632e-02 -2.271323e-01 7.016156e-03 -1.088077e-02 9.999162e-01 -2.300484e-01
9.997725e-01 1.805859e-02 -1.134813e-02 1.284719e+01 -1.787703e-02 9.997137e-01 1.590199e-02 -2.322101e-01 1.163205e-02 -1.569550e-02 9.998091e-01 -2.103055e-01
9.997811e-01 1.834912e-02 -1.005238e-02 1.337948e+01 -1.817151e-02 9.996818e-01 1.748391e-02 -2.561065e-01 1.036999e-02 -1.729741e-02 9.997966e-01 -2.376243e-01
9.998192e-01 1.843347e-02 -4.667126e-03 1.391323e+01 -1.835117e-02 9.996853e-01 1.710203e-02 -2.779787e-01 4.980907e-03 -1.701329e-02 9.998429e-01 -1.901282e-01
9.998195e-01 1.876444e-02 -2.962644e-03 1.443266e+01 -1.872727e-02 9.997513e-01 1.210975e-02 -3.008484e-01 3.189140e-03 -1.205208e-02 9.999223e-01 -2.814008e-01
9.997817e-01 2.048487e-02 -4.124791e-03 1.495953e+01 -2.044049e-02 9.997357e-01 1.052823e-02 -3.094873e-01 4.339369e-03 -1.044161e-02 9.999360e-01 -2.833165e-01
9.997150e-01 2.277499e-02 -7.153465e-03 1.548802e+01 -2.270553e-02 9.996957e-01 9.645896e-03 -3.200333e-01 7.370974e-03 -9.480724e-03 9.999279e-01 -3.119109e-01
9.996170e-01 2.621696e-02 -8.856439e-03 1.599523e+01 -2.609049e-02 9.995600e-01 1.410525e-02 -3.387408e-01 9.222339e-03 -1.386878e-02 9.998613e-01 -3.376918e-01
9.995495e-01 2.884526e-02 -8.292288e-03 1.651407e+01 -2.871083e-02 9.994613e-01 1.589780e-02 -3.633945e-01 8.746397e-03 -1.565256e-02 9.998392e-01 -3.127605e-01
9.994982e-01 3.118960e-02 -5.525699e-03 1.703799e+01 -3.110415e-02 9.994045e-01 1.492726e-02 -3.936820e-01 5.987985e-03 -1.474790e-02 9.998733e-01 -3.489044e-01
9.994501e-01 3.284137e-02 -4.559497e-03 1.756101e+01 -3.278013e-02 9.993790e-01 1.291287e-02 -4.154384e-01 4.980742e-03 -1.275631e-02 9.999062e-01 -3.442230e-01
9.994062e-01 3.428830e-02 -3.390634e-03 1.807558e+01 -3.424212e-02 9.993309e-01 1.285050e-02 -4.337399e-01 3.828988e-03 -1.272677e-02 9.999117e-01 -3.841642e-01
9.993425e-01 3.604588e-02 -3.910988e-03 1.859267e+01 -3.599956e-02 9.992876e-01 1.133033e-02 -4.650022e-01 4.316614e-03 -1.118209e-02 9.999282e-01 -3.904707e-01
9.992458e-01 3.862536e-02 -3.979767e-03 1.911033e+01 -3.858469e-02 9.992070e-01 9.834724e-03 -4.917731e-01 4.356481e-03 -9.673748e-03 9.999437e-01 -4.138457e-01
9.991649e-01 4.053443e-02 -5.148225e-03 1.963086e+01 -4.047557e-02 9.991193e-01 1.106535e-02 -5.139906e-01 5.592219e-03 -1.084773e-02 9.999256e-01 -4.424925e-01
9.990811e-01 4.249270e-02 -5.592360e-03 2.014184e+01 -4.241606e-02 9.990132e-01 1.317468e-02 -5.392455e-01 6.146669e-03 -1.292537e-02 9.998976e-01 -4.447734e-01
9.990094e-01 4.408477e-02 -6.070106e-03 2.066010e+01 -4.398922e-02 9.989184e-01 1.506518e-02 -5.694669e-01 6.727686e-03 -1.478323e-02 9.998681e-01 -4.628959e-01
9.989513e-01 4.562717e-02 -3.806314e-03 2.117912e+01 -4.556488e-02 9.988471e-01 1.510164e-02 -5.992137e-01 4.490971e-03 -1.491237e-02 9.998787e-01 -4.659051e-01
9.989129e-01 4.645769e-02 -3.822099e-03 2.168809e+01 -4.639152e-02 9.987972e-01 1.588421e-02 -6.269494e-01 4.555445e-03 -1.568963e-02 9.998665e-01 -4.924540e-01
9.989150e-01 4.648590e-02 -2.800233e-03 2.220868e+01 -4.643870e-02 9.988077e-01 1.505533e-02 -6.563759e-01 3.496755e-03 -1.490895e-02 9.998828e-01 -5.042080e-01
9.988948e-01 4.688504e-02 -3.332269e-03 2.272938e+01 -4.683077e-02 9.987928e-01 1.483187e-02 -6.920099e-01 4.023639e-03 -1.465943e-02 9.998844e-01 -5.427511e-01
9.989442e-01 4.576661e-02 -3.982901e-03 2.324447e+01 -4.570747e-02 9.988588e-01 1.385202e-02 -7.114006e-01 4.612316e-03 -1.365534e-02 9.998961e-01 -5.343776e-01
9.990240e-01 4.410870e-02 -2.321749e-03 2.375994e+01 -4.407381e-02 9.989386e-01 1.339131e-02 -7.376825e-01 2.909957e-03 -1.327591e-02 9.999076e-01 -5.639636e-01
9.991506e-01 4.114317e-02 -2.295566e-03 2.428246e+01 -4.111343e-02 9.990852e-01 1.177061e-02 -7.602744e-01 2.777746e-03 -1.166623e-02 9.999281e-01 -5.726352e-01
9.993014e-01 3.736942e-02 -5.043991e-04 2.480337e+01 -3.736147e-02 9.992393e-01 1.117026e-02 -7.855793e-01 9.214415e-04 -1.114361e-02 9.999375e-01 -5.959928e-01
9.994726e-01 3.244830e-02 -1.249486e-03 2.531278e+01 -3.243120e-02 9.994034e-01 1.187986e-02 -8.060706e-01 1.634222e-03 -1.183308e-02 9.999287e-01 -6.171703e-01
9.996304e-01 2.710744e-02 -2.057812e-03 2.581917e+01 -2.708027e-02 9.995583e-01 1.224786e-02 -8.068437e-01 2.388911e-03 -1.218761e-02 9.999229e-01 -6.239068e-01
9.997546e-01 2.191849e-02 -3.205858e-03 2.632462e+01 -2.187742e-02 9.996847e-01 1.232921e-02 -8.183767e-01 3.475085e-03 -1.225605e-02 9.999189e-01 -6.555514e-01
9.998411e-01 1.688543e-02 -5.712251e-03 2.682662e+01 -1.681384e-02 9.997823e-01 1.235741e-02 -8.295656e-01 5.919668e-03 -1.225940e-02 9.999073e-01 -6.668326e-01
9.999132e-01 1.183894e-02 -5.785596e-03 2.732720e+01 -1.176569e-02 9.998522e-01 1.253544e-02 -8.293503e-01 5.933147e-03 -1.246628e-02 9.999047e-01 -6.780550e-01
9.999598e-01 6.313731e-03 -6.373581e-03 2.781894e+01 -6.234430e-03 9.999037e-01 1.238633e-02 -8.369752e-01 6.451172e-03 -1.234609e-02 9.999030e-01 -6.815388e-01
9.999788e-01 1.037372e-03 -6.423619e-03 2.831489e+01 -9.693793e-04 9.999436e-01 1.057887e-02 -8.344324e-01 6.434230e-03 -1.057242e-02 9.999234e-01 -7.178127e-01
9.999529e-01 -3.336141e-03 -9.117019e-03 2.879457e+01 3.420342e-03 9.999515e-01 9.235568e-03 -8.296284e-01 9.085766e-03 -9.266317e-03 9.999158e-01 -7.393491e-01
9.998956e-01 -6.780255e-03 -1.276038e-02 2.927548e+01 6.873176e-03 9.999499e-01 7.252243e-03 -8.215550e-01 1.271057e-02 -7.339191e-03 9.998923e-01 -7.571006e-01
9.998305e-01 -1.015748e-02 -1.535477e-02 2.974658e+01 1.027047e-02 9.999206e-01 7.297196e-03 -8.114209e-01 1.527943e-02 -7.453660e-03 9.998555e-01 -7.599415e-01
9.998040e-01 -1.325212e-02 -1.471305e-02 3.020533e+01 1.337190e-02 9.998780e-01 8.072672e-03 -8.187922e-01 1.460427e-02 -8.267831e-03 9.998592e-01 -7.333821e-01
9.998291e-01 -1.681322e-02 -7.696088e-03 3.064859e+01 1.688436e-02 9.998144e-01 9.274892e-03 -8.249121e-01 7.538719e-03 -9.403250e-03 9.999273e-01 -7.383153e-01
9.997870e-01 -1.980650e-02 -5.800491e-03 3.108721e+01 1.986022e-02 9.997591e-01 9.355161e-03 -8.169036e-01 5.613800e-03 -9.468367e-03 9.999394e-01 -7.806743e-01
9.997083e-01 -2.232458e-02 -9.219152e-03 3.152176e+01 2.238164e-02 9.997307e-01 6.133278e-03 -8.067684e-01 9.079746e-03 -6.337828e-03 9.999387e-01 -8.369926e-01
9.996296e-01 -2.540329e-02 -9.764377e-03 3.194634e+01 2.547367e-02 9.996498e-01 7.152039e-03 -7.968872e-01 9.579273e-03 -7.398124e-03 9.999267e-01 -8.037750e-01
9.995306e-01 -2.835045e-02 -1.160935e-02 3.234385e+01 2.846592e-02 9.995458e-01 9.905549e-03 -7.805692e-01 1.132325e-02 -1.023137e-02 9.998835e-01 -8.481393e-01
9.994047e-01 -3.107369e-02 -1.499055e-02 3.273896e+01 3.126872e-02 9.994270e-01 1.295568e-02 -7.706249e-01 1.457938e-02 -1.341671e-02 9.998037e-01 -8.556267e-01
9.992973e-01 -3.501782e-02 -1.336945e-02 3.312780e+01 3.522393e-02 9.992592e-01 1.550530e-02 -7.573821e-01 1.281658e-02 -1.596533e-02 9.997904e-01 -8.295190e-01
9.991693e-01 -4.000053e-02 -7.779368e-03 3.350270e+01 4.011910e-02 9.990710e-01 1.573491e-02 -7.478052e-01 7.142736e-03 -1.603394e-02 9.998459e-01 -8.563624e-01
9.989876e-01 -4.481385e-02 -3.950594e-03 3.386018e+01 4.488090e-02 9.988128e-01 1.893854e-02 -7.412797e-01 3.097196e-03 -1.909667e-02 9.998128e-01 -8.680754e-01
9.987375e-01 -5.020166e-02 -1.774917e-03 3.421517e+01 5.022890e-02 9.984846e-01 2.247809e-02 -7.210224e-01 6.437901e-04 -2.253886e-02 9.997458e-01 -8.785663e-01
9.983920e-01 -5.653308e-02 -4.162284e-03 3.456010e+01 5.661409e-02 9.981320e-01 2.296281e-02 -6.931705e-01 2.856350e-03 -2.316153e-02 9.997277e-01 -9.196705e-01
9.980382e-01 -6.239494e-02 -5.155317e-03 3.488190e+01 6.248800e-02 9.978359e-01 2.046470e-02 -6.705021e-01 3.867266e-03 -2.074670e-02 9.997773e-01 -9.130747e-01
9.977370e-01 -6.695397e-02 -6.169039e-03 3.519851e+01 6.705429e-02 9.975903e-01 1.781734e-02 -6.482114e-01 4.961232e-03 -1.819068e-02 9.998222e-01 -9.420202e-01
9.974368e-01 -7.127390e-02 -6.309425e-03 3.551129e+01 7.136840e-02 9.973170e-01 1.629510e-02 -6.241907e-01 5.131081e-03 -1.670363e-02 9.998473e-01 -9.381602e-01
9.970577e-01 -7.637528e-02 -6.534804e-03 3.580694e+01 7.646646e-02 9.969581e-01 1.507605e-02 -5.995837e-01 5.363489e-03 -1.553138e-02 9.998650e-01 -9.612904e-01
9.966796e-01 -8.121116e-02 -5.875358e-03 3.609483e+01 8.129004e-02 9.965814e-01 1.473722e-02 -5.792490e-01 4.658447e-03 -1.516590e-02 9.998741e-01 -9.575782e-01
9.962969e-01 -8.585183e-02 -4.683566e-03 3.637428e+01 8.590980e-02 9.962040e-01 1.403114e-02 -5.563895e-01 3.461188e-03 -1.438155e-02 9.998906e-01 -9.750957e-01
9.959090e-01 -9.026051e-02 -4.281034e-03 3.664841e+01 9.030987e-02 9.958256e-01 1.323894e-02 -5.294800e-01 3.068210e-03 -1.357140e-02 9.999032e-01 -9.805697e-01
9.954814e-01 -9.487634e-02 -3.912174e-03 3.692212e+01 9.491978e-02 9.953996e-01 1.303499e-02 -5.025197e-01 2.657464e-03 -1.334743e-02 9.999074e-01 -9.983503e-01
9.950456e-01 -9.929395e-02 -4.993384e-03 3.717281e+01 9.935365e-02 9.949590e-01 1.361983e-02 -4.747199e-01 3.615845e-03 -1.404847e-02 9.998948e-01 -1.013429e+00
9.946583e-01 -1.030360e-01 -6.202530e-03 3.742059e+01 1.031202e-01 9.945517e-01 1.527121e-02 -4.421667e-01 4.595252e-03 -1.582924e-02 9.998642e-01 -1.021525e+00
9.942835e-01 -1.064724e-01 -7.999909e-03 3.766806e+01 1.065865e-01 9.941822e-01 1.552896e-02 -4.197292e-01 6.299962e-03 -1.629287e-02 9.998474e-01 -1.033420e+00
9.939989e-01 -1.090481e-01 -8.635541e-03 3.790773e+01 1.091780e-01 9.938875e-01 1.636978e-02 -3.962214e-01 6.797663e-03 -1.721436e-02 9.998287e-01 -1.033001e+00
9.937534e-01 -1.112830e-01 -8.381128e-03 3.814865e+01 1.114097e-01 9.936363e-01 1.657525e-02 -3.632135e-01 6.483249e-03 -1.740545e-02 9.998275e-01 -1.036489e+00
9.935132e-01 -1.135172e-01 -6.744470e-03 3.838157e+01 1.136194e-01 9.933710e-01 1.745061e-02 -3.451827e-01 4.718818e-03 -1.810371e-02 9.998250e-01 -1.054216e+00
9.932705e-01 -1.156035e-01 -7.045309e-03 3.862001e+01 1.157127e-01 9.931227e-01 1.783171e-02 -3.181074e-01 4.935449e-03 -1.852694e-02 9.998162e-01 -1.062790e+00
9.930702e-01 -1.173050e-01 -7.153628e-03 3.884340e+01 1.174158e-01 9.929236e-01 1.778874e-02 -2.939742e-01 5.016298e-03 -1.850541e-02 9.998162e-01 -1.065156e+00
9.928864e-01 -1.187976e-01 -7.977056e-03 3.906189e+01 1.189244e-01 9.927412e-01 1.793875e-02 -2.650953e-01 5.788072e-03 -1.875981e-02 9.998072e-01 -1.078682e+00
9.928347e-01 -1.192324e-01 -7.932803e-03 3.927308e+01 1.193598e-01 9.926842e-01 1.820445e-02 -2.407880e-01 5.704206e-03 -1.902087e-02 9.998028e-01 -1.082106e+00
9.929188e-01 -1.185056e-01 -8.279004e-03 3.949400e+01 1.186388e-01 9.927733e-01 1.805504e-02 -2.231720e-01 6.079551e-03 -1.890940e-02 9.998027e-01 -1.092274e+00
9.930414e-01 -1.174137e-01 -9.097104e-03 3.969788e+01 1.175576e-01 9.929147e-01 1.734498e-02 -2.059205e-01 6.996109e-03 -1.829371e-02 9.998082e-01 -1.100820e+00
9.932714e-01 -1.153203e-01 -1.064258e-02 3.990835e+01 1.154932e-01 9.931560e-01 1.738769e-02 -1.829468e-01 8.564586e-03 -1.849984e-02 9.997922e-01 -1.121040e+00
9.935707e-01 -1.125966e-01 -1.179803e-02 4.010724e+01 1.127899e-01 9.934690e-01 1.725636e-02 -1.630625e-01 9.777968e-03 -1.847611e-02 9.997815e-01 -1.116271e+00
9.939501e-01 -1.092761e-01 -1.104392e-02 4.031433e+01 1.094543e-01 9.938451e-01 1.707607e-02 -1.457716e-01 9.109938e-03 -1.818156e-02 9.997932e-01 -1.120856e+00
9.943826e-01 -1.054640e-01 -8.981585e-03 4.050950e+01 1.056027e-01 9.942683e-01 1.669596e-02 -1.404352e-01 7.169281e-03 -1.755065e-02 9.998203e-01 -1.123441e+00
9.948167e-01 -1.014252e-01 -7.265917e-03 4.070448e+01 1.015334e-01 9.946951e-01 1.651571e-02 -1.240159e-01 5.552263e-03 -1.716783e-02 9.998372e-01 -1.129715e+00
9.952105e-01 -9.756111e-02 -6.155995e-03 4.090771e+01 9.765019e-02 9.950861e-01 1.637194e-02 -1.132468e-01 4.528480e-03 -1.689467e-02 9.998470e-01 -1.152416e+00
9.955854e-01 -9.362347e-02 -6.653127e-03 4.109958e+01 9.372229e-02 9.954611e-01 1.654017e-02 -9.666486e-02 5.074380e-03 -1.709070e-02 9.998411e-01 -1.161246e+00
9.959916e-01 -8.915913e-02 -7.170023e-03 4.128898e+01 8.927013e-02 9.958618e-01 1.703337e-02 -8.015070e-02 5.621671e-03 -1.760517e-02 9.998292e-01 -1.163576e+00
9.964300e-01 -8.411338e-02 -7.230530e-03 4.147868e+01 8.423158e-02 9.962838e-01 1.798848e-02 -6.872554e-02 5.690588e-03 -1.853330e-02 9.998121e-01 -1.168315e+00
9.968983e-01 -7.839064e-02 -6.975040e-03 4.166874e+01 7.851027e-02 9.967332e-01 1.895314e-02 -7.054523e-02 5.466505e-03 -1.944196e-02 9.997960e-01 -1.173749e+00
9.973351e-01 -7.266095e-02 -6.567965e-03 4.185973e+01 7.277635e-02 9.971582e-01 1.948015e-02 -6.533813e-02 5.133853e-03 -1.990623e-02 9.997886e-01 -1.180720e+00
9.977773e-01 -6.642518e-02 -5.298122e-03 4.205163e+01 6.651723e-02 9.975915e-01 1.966398e-02 -6.098640e-02 3.979178e-03 -1.997269e-02 9.997926e-01 -1.186818e+00
9.981952e-01 -5.987193e-02 -4.648577e-03 4.225173e+01 5.995360e-02 9.979998e-01 2.005391e-02 -5.705335e-02 3.438612e-03 -2.029642e-02 9.997881e-01 -1.191444e+00
9.985882e-01 -5.299965e-02 -3.554355e-03 4.245114e+01 5.306012e-02 9.983929e-01 1.989978e-02 -4.979031e-02 2.493962e-03 -2.006028e-02 9.997957e-01 -1.201925e+00
9.989249e-01 -4.622328e-02 -3.544713e-03 4.265980e+01 4.628451e-02 9.987328e-01 1.976100e-02 -5.089028e-02 2.626803e-03 -1.990382e-02 9.997985e-01 -1.208400e+00
9.992098e-01 -3.969963e-02 -1.929860e-03 4.287211e+01 3.973046e-02 9.990081e-01 2.011556e-02 -5.217500e-02 1.129366e-03 -2.017633e-02 9.997958e-01 -1.210784e+00
9.994576e-01 -3.292358e-02 -7.090329e-04 4.307837e+01 3.293120e-02 9.992459e-01 2.057186e-02 -6.353213e-02 3.119875e-05 -2.058405e-02 9.997881e-01 -1.223259e+00
9.996567e-01 -2.617674e-02 1.163822e-03 4.329779e+01 2.614699e-02 9.994429e-01 2.074370e-02 -6.288464e-02 -1.706176e-03 -2.070615e-02 9.997842e-01 -1.222690e+00
9.997957e-01 -2.004078e-02 2.610056e-03 4.352655e+01 1.998271e-02 9.995872e-01 2.064302e-02 -7.585537e-02 -3.022681e-03 -2.058665e-02 9.997835e-01 -1.235207e+00
9.998826e-01 -1.484722e-02 3.774967e-03 4.376051e+01 1.476740e-02 9.996837e-01 2.036065e-02 -7.478171e-02 -4.076072e-03 -2.030251e-02 9.997856e-01 -1.246727e+00
9.999308e-01 -1.078781e-02 4.688179e-03 4.398908e+01 1.069054e-02 9.997369e-01 2.030055e-02 -7.659584e-02 -4.905944e-03 -2.024902e-02 9.997829e-01 -1.256079e+00
9.999613e-01 -7.297743e-03 4.912828e-03 4.422458e+01 7.199417e-03 9.997792e-01 1.974265e-02 -7.731894e-02 -5.055819e-03 -1.970652e-02 9.997931e-01 -1.272474e+00
9.999743e-01 -4.775340e-03 5.345752e-03 4.445940e+01 4.669424e-03 9.997959e-01 1.965325e-02 -7.811882e-02 -5.438511e-03 -1.962778e-02 9.997926e-01 -1.277994e+00
9.999772e-01 -2.916684e-03 6.085558e-03 4.468849e+01 2.798618e-03 9.998094e-01 1.932009e-02 -8.224231e-02 -6.140749e-03 -1.930261e-02 9.997948e-01 -1.286735e+00
9.999760e-01 -1.466337e-03 6.773845e-03 4.491850e+01 1.333034e-03 9.998060e-01 1.964178e-02 -7.478756e-02 -6.801334e-03 -1.963228e-02 9.997841e-01 -1.295560e+00
9.999762e-01 -7.691585e-04 6.854787e-03 4.514669e+01 6.339739e-04 9.998057e-01 1.970160e-02 -8.225194e-02 -6.868609e-03 -1.969679e-02 9.997824e-01 -1.302878e+00
9.999745e-01 -1.353288e-04 7.135711e-03 4.536440e+01 -9.365292e-06 9.997945e-01 2.027352e-02 -8.366570e-02 -7.136988e-03 -2.027307e-02 9.997690e-01 -1.306580e+00
9.999731e-01 1.195243e-03 7.233333e-03 4.558025e+01 -1.346275e-03 9.997805e-01 2.091120e-02 -8.498907e-02 -7.206751e-03 -2.092038e-02 9.997551e-01 -1.319577e+00
9.999660e-01 3.335625e-03 7.540596e-03 4.579566e+01 -3.496824e-03 9.997635e-01 2.146633e-02 -8.683989e-02 -7.467209e-03 -2.149196e-02 9.997411e-01 -1.327595e+00
9.999621e-01 5.557190e-03 6.700217e-03 4.601231e+01 -5.702050e-03 9.997462e-01 2.179847e-02 -9.093531e-02 -6.577377e-03 -2.183585e-02 9.997399e-01 -1.337428e+00
9.999431e-01 7.911380e-03 7.151594e-03 4.622175e+01 -8.068325e-03 9.997212e-01 2.218964e-02 -1.033903e-01 -6.974050e-03 -2.224608e-02 9.997282e-01 -1.341259e+00
9.999126e-01 1.109578e-02 7.185750e-03 4.642280e+01 -1.125567e-02 9.996811e-01 2.260612e-02 -1.104032e-01 -6.932626e-03 -2.268502e-02 9.997186e-01 -1.348672e+00
9.998581e-01 1.487337e-02 7.909872e-03 4.663411e+01 -1.504516e-02 9.996421e-01 2.212102e-02 -1.197605e-01 -7.578026e-03 -2.223688e-02 9.997240e-01 -1.359481e+00
9.997894e-01 1.906912e-02 7.581368e-03 4.683722e+01 -1.923127e-02 9.995747e-01 2.192366e-02 -1.382856e-01 -7.160078e-03 -2.206484e-02 9.997309e-01 -1.364593e+00
9.996978e-01 2.328616e-02 7.878393e-03 4.704292e+01 -2.344868e-02 9.995000e-01 2.120777e-02 -1.375485e-01 -7.380607e-03 -2.138610e-02 9.997441e-01 -1.375797e+00
9.995775e-01 2.780142e-02 8.473543e-03 4.724061e+01 -2.797407e-02 9.993883e-01 2.098772e-02 -1.586047e-01 -7.884870e-03 -2.121590e-02 9.997438e-01 -1.381674e+00
9.994241e-01 3.274806e-02 8.889550e-03 4.743616e+01 -3.292860e-02 9.992374e-01 2.098544e-02 -1.764338e-01 -8.195538e-03 -2.126607e-02 9.997402e-01 -1.389802e+00
9.992471e-01 3.766453e-02 9.309866e-03 4.762317e+01 -3.785352e-02 9.990618e-01 2.103355e-02 -1.916118e-01 -8.508914e-03 -2.137012e-02 9.997354e-01 -1.399792e+00
9.990248e-01 4.312376e-02 9.472017e-03 4.781828e+01 -4.331594e-02 9.988383e-01 2.111832e-02 -2.105670e-01 -8.550311e-03 -2.150802e-02 9.997321e-01 -1.406263e+00
9.988070e-01 4.780884e-02 9.941681e-03 4.800972e+01 -4.801249e-02 9.986182e-01 2.136826e-02 -2.189895e-01 -8.906352e-03 -2.182009e-02 9.997222e-01 -1.414810e+00
9.985203e-01 5.331666e-02 1.070542e-02 4.819450e+01 -5.353785e-02 9.983329e-01 2.156425e-02 -2.408544e-01 -9.537840e-03 -2.210548e-02 9.997101e-01 -1.422954e+00
9.981930e-01 5.896971e-02 1.154577e-02 4.837875e+01 -5.920626e-02 9.980174e-01 2.134711e-02 -2.627442e-01 -1.026404e-02 -2.199212e-02 9.997054e-01 -1.428267e+00
9.978182e-01 6.486343e-02 1.231515e-02 4.855935e+01 -6.512365e-02 9.976335e-01 2.205667e-02 -2.869665e-01 -1.085534e-02 -2.281055e-02 9.996809e-01 -1.440599e+00
9.974355e-01 7.052711e-02 1.217849e-02 4.874109e+01 -7.078121e-02 9.972521e-01 2.187283e-02 -3.036711e-01 -1.060239e-02 -2.267874e-02 9.996866e-01 -1.450345e+00
9.970018e-01 7.645421e-02 1.191891e-02 4.892002e+01 -7.669688e-02 9.968239e-01 2.143980e-02 -3.203391e-01 -1.024189e-02 -2.228966e-02 9.996991e-01 -1.455459e+00
9.965333e-01 8.229831e-02 1.218103e-02 4.908550e+01 -8.254726e-02 9.963534e-01 2.158233e-02 -3.435943e-01 -1.036042e-02 -2.251302e-02 9.996929e-01 -1.455662e+00
9.960087e-01 8.838764e-02 1.242207e-02 4.925917e+01 -8.864531e-02 9.958203e-01 2.200086e-02 -3.698855e-01 -1.042554e-02 -2.301421e-02 9.996808e-01 -1.465405e+00
9.953872e-01 9.510187e-02 1.264969e-02 4.942422e+01 -9.537054e-02 9.951836e-01 2.267126e-02 -3.918772e-01 -1.043268e-02 -2.377309e-02 9.996629e-01 -1.475868e+00
9.946478e-01 1.026546e-01 1.173877e-02 4.958241e+01 -1.029047e-01 9.944212e-01 2.317409e-02 -4.151872e-01 -9.294352e-03 -2.425804e-02 9.996625e-01 -1.482324e+00
9.936763e-01 1.116631e-01 1.177819e-02 4.973616e+01 -1.119115e-01 9.934497e-01 2.310510e-02 -4.409755e-01 -9.121048e-03 -2.427711e-02 9.996637e-01 -1.490305e+00
9.924113e-01 1.225105e-01 1.054094e-02 4.988654e+01 -1.227323e-01 9.921521e-01 2.389768e-02 -4.803258e-01 -7.530504e-03 -2.501004e-02 9.996588e-01 -1.489263e+00
9.908465e-01 1.344543e-01 1.204900e-02 5.004529e+01 -1.347089e-01 9.906027e-01 2.365990e-02 -5.111629e-01 -8.754598e-03 -2.506644e-02 9.996474e-01 -1.491124e+00
9.891381e-01 1.463268e-01 1.394036e-02 5.018995e+01 -1.466310e-01 9.888971e-01 2.411451e-02 -5.531164e-01 -1.025698e-02 -2.589667e-02 9.996120e-01 -1.497868e+00
9.871306e-01 1.591585e-01 1.555008e-02 5.034138e+01 -1.594966e-01 9.869146e-01 2.367450e-02 -5.985630e-01 -1.157860e-02 -2.585001e-02 9.995988e-01 -1.505875e+00
9.848357e-01 1.726844e-01 1.669818e-02 5.049517e+01 -1.730511e-01 9.846249e-01 2.381041e-02 -6.419486e-01 -1.232976e-02 -2.633898e-02 9.995770e-01 -1.516199e+00
9.824958e-01 1.854530e-01 1.758563e-02 5.065272e+01 -1.858403e-01 9.822922e-01 2.378354e-02 -6.936059e-01 -1.286350e-02 -2.663534e-02 9.995624e-01 -1.516995e+00
9.798662e-01 1.987114e-01 1.939056e-02 5.080684e+01 -1.991515e-01 9.796681e-01 2.426917e-02 -7.310063e-01 -1.417375e-02 -2.764220e-02 9.995174e-01 -1.519864e+00
9.769784e-01 2.123853e-01 2.013916e-02 5.096529e+01 -2.128503e-01 9.767716e-01 2.474060e-02 -7.829540e-01 -1.441681e-02 -2.845766e-02 9.994910e-01 -1.528992e+00
9.738206e-01 2.262029e-01 2.248681e-02 5.110877e+01 -2.267330e-01 9.736426e-01 2.474623e-02 -8.384698e-01 -1.629645e-02 -2.919689e-02 9.994408e-01 -1.541309e+00
9.703634e-01 2.406296e-01 2.218862e-02 5.127102e+01 -2.411564e-01 9.701569e-01 2.527737e-02 -8.894475e-01 -1.544396e-02 -2.987917e-02 9.994342e-01 -1.546710e+00
9.666149e-01 2.552439e-01 2.249982e-02 5.144194e+01 -2.557794e-01 9.664005e-01 2.543864e-02 -9.543461e-01 -1.525078e-02 -3.034436e-02 9.994231e-01 -1.551659e+00
9.625219e-01 2.702985e-01 2.214108e-02 5.161632e+01 -2.708253e-01 9.622821e-01 2.582687e-02 -1.016782e+00 -1.432500e-02 -3.085529e-02 9.994212e-01 -1.560110e+00
9.579167e-01 2.860405e-01 2.400716e-02 5.179105e+01 -2.866113e-01 9.577165e-01 2.515935e-02 -1.091961e+00 -1.579546e-02 -3.098129e-02 9.993951e-01 -1.562697e+00
9.527254e-01 3.027766e-01 2.531311e-02 5.198259e+01 -3.033796e-01 9.525458e-01 2.484374e-02 -1.174380e+00 -1.658979e-02 -3.134875e-02 9.993708e-01 -1.565473e+00
9.468419e-01 3.206496e-01 2.596681e-02 5.218273e+01 -3.212359e-01 9.467238e-01 2.283960e-02 -1.268550e+00 -1.725988e-02 -2.996696e-02 9.994019e-01 -1.580334e+00
9.408055e-01 3.379733e-01 2.567212e-02 5.240421e+01 -3.385058e-01 9.407449e-01 2.031535e-02 -1.370471e+00 -1.728487e-02 -2.780296e-02 9.994640e-01 -1.582852e+00
9.341694e-01 3.559091e-01 2.561909e-02 5.261559e+01 -3.563991e-01 9.341606e-01 1.799012e-02 -1.459929e+00 -1.752950e-02 -2.593644e-02 9.995099e-01 -1.597310e+00
9.267843e-01 3.746394e-01 2.676145e-02 5.282895e+01 -3.751297e-01 9.268278e-01 1.636839e-02 -1.566148e+00 -1.867101e-02 -2.520898e-02 9.995078e-01 -1.601041e+00
9.186973e-01 3.940214e-01 2.724824e-02 5.303083e+01 -3.944934e-01 9.187813e-01 1.470108e-02 -1.690583e+00 -1.924263e-02 -2.425510e-02 9.995206e-01 -1.602938e+00
9.092193e-01 4.153869e-01 2.781940e-02 5.323300e+01 -4.158122e-01 9.093772e-01 1.154151e-02 -1.820073e+00 -2.050414e-02 -2.206141e-02 9.995463e-01 -1.620142e+00
8.982122e-01 4.386961e-01 2.757932e-02 5.343531e+01 -4.390856e-01 8.983914e-01 9.834896e-03 -1.944482e+00 -2.046249e-02 -2.094350e-02 9.995713e-01 -1.624660e+00
8.854871e-01 4.638056e-01 2.823059e-02 5.361977e+01 -4.641650e-01 8.857170e-01 7.496907e-03 -2.083254e+00 -2.152721e-02 -1.974207e-02 9.995733e-01 -1.632700e+00
8.711190e-01 4.901063e-01 3.078061e-02 5.380789e+01 -4.904719e-01 8.714414e-01 5.214563e-03 -2.232911e+00 -2.426781e-02 -1.963953e-02 9.995126e-01 -1.629847e+00
8.549296e-01 5.176395e-01 3.383272e-02 5.399065e+01 -5.180129e-01 8.553684e-01 2.718880e-03 -2.387987e+00 -2.753204e-02 -1.985024e-02 9.994238e-01 -1.640206e+00
8.374044e-01 5.455127e-01 3.420185e-02 5.416016e+01 -5.458486e-01 8.378836e-01 5.800026e-04 -2.527635e+00 -2.834077e-02 -1.915473e-02 9.994148e-01 -1.649117e+00
8.182520e-01 5.739283e-01 3.271073e-02 5.431624e+01 -5.742257e-01 8.186970e-01 -3.668917e-04 -2.670723e+00 -2.699074e-02 -1.848313e-02 9.994648e-01 -1.669836e+00
7.967185e-01 6.035665e-01 3.077628e-02 5.445259e+01 -6.038203e-01 7.971194e-01 -1.293907e-03 -2.817875e+00 -2.531333e-02 -1.755246e-02 9.995255e-01 -1.657556e+00
7.733859e-01 6.330948e-01 3.263843e-02 5.457298e+01 -6.333516e-01 7.738581e-01 -3.074566e-03 -2.962258e+00 -2.720401e-02 -1.829378e-02 9.994625e-01 -1.658172e+00
7.487649e-01 6.618825e-01 3.553331e-02 5.468655e+01 -6.621536e-01 7.493503e-01 -5.190262e-03 -3.127309e+00 -3.006224e-02 -1.964222e-02 9.993550e-01 -1.665214e+00
7.201211e-01 6.928334e-01 3.751775e-02 5.480676e+01 -6.931521e-01 7.207679e-01 -5.823893e-03 -3.269376e+00 -3.107658e-02 -2.181160e-02 9.992790e-01 -1.652079e+00
6.911473e-01 7.216679e-01 3.886983e-02 5.488453e+01 -7.219710e-01 6.918756e-01 -8.131925e-03 -3.437409e+00 -3.276163e-02 -2.244253e-02 9.992112e-01 -1.660149e+00
6.598594e-01 7.503954e-01 3.862918e-02 5.496087e+01 -7.506064e-01 6.606462e-01 -1.168228e-02 -3.583865e+00 -3.428655e-02 -2.128664e-02 9.991853e-01 -1.667853e+00
6.260508e-01 7.787532e-01 4.004700e-02 5.504932e+01 -7.789337e-01 6.269395e-01 -1.446118e-02 -3.736449e+00 -3.636874e-02 -2.214052e-02 9.990931e-01 -1.663818e+00
5.921421e-01 8.046225e-01 4.416284e-02 5.511091e+01 -8.048624e-01 5.932293e-01 -1.659386e-02 -3.893950e+00 -3.955049e-02 -2.571908e-02 9.988865e-01 -1.651081e+00
5.591774e-01 8.277108e-01 4.706938e-02 5.517006e+01 -8.279867e-01 5.604328e-01 -1.879688e-02 -4.052627e+00 -4.193760e-02 -2.846203e-02 9.987147e-01 -1.654967e+00
5.233662e-01 8.507596e-01 4.791681e-02 5.522919e+01 -8.509834e-01 5.247365e-01 -2.188286e-02 -4.218154e+00 -4.376075e-02 -2.932366e-02 9.986116e-01 -1.657345e+00
4.886556e-01 8.711856e-01 4.744874e-02 5.528562e+01 -8.713176e-01 4.900866e-01 -2.491605e-02 -4.384928e+00 -4.496050e-02 -2.916756e-02 9.985629e-01 -1.657094e+00
4.525243e-01 8.905294e-01 4.668158e-02 5.533478e+01 -8.905749e-01 4.539962e-01 -2.763700e-02 -4.539396e+00 -4.580481e-02 -2.906703e-02 9.985274e-01 -1.658432e+00
4.162923e-01 9.081123e-01 4.508558e-02 5.536739e+01 -9.080114e-01 4.177899e-01 -3.109551e-02 -4.700353e+00 -4.707451e-02 -2.799340e-02 9.984990e-01 -1.651017e+00
3.789330e-01 9.243609e-01 4.434775e-02 5.537684e+01 -9.241692e-01 3.804791e-01 -3.386523e-02 -4.856409e+00 -4.817709e-02 -2.815218e-02 9.984420e-01 -1.646016e+00
3.405604e-01 9.391905e-01 4.404404e-02 5.540324e+01 -9.388660e-01 3.422114e-01 -3.771055e-02 -5.016058e+00 -5.048975e-02 -2.850873e-02 9.983176e-01 -1.646855e+00
3.014036e-01 9.525151e-01 4.325342e-02 5.541557e+01 -9.521019e-01 3.031055e-01 -4.036107e-02 -5.191853e+00 -5.155488e-02 -2.901669e-02 9.982485e-01 -1.642896e+00
2.617615e-01 9.641806e-01 4.285571e-02 5.541627e+01 -9.636773e-01 2.635466e-01 -4.323517e-02 -5.365094e+00 -5.298099e-02 -2.998177e-02 9.981453e-01 -1.629817e+00
2.218382e-01 9.741417e-01 4.284627e-02 5.541323e+01 -9.735250e-01 2.237531e-01 -4.672920e-02 -5.523790e+00 -5.510784e-02 -3.134560e-02 9.979883e-01 -1.622978e+00
1.824478e-01 9.822773e-01 4.294274e-02 5.539547e+01 -9.815034e-01 1.845326e-01 -5.097840e-02 -5.694566e+00 -5.799926e-02 -3.284755e-02 9.977761e-01 -1.614635e+00
1.426136e-01 9.888579e-01 4.267664e-02 5.538548e+01 -9.879619e-01 1.448305e-01 -5.436237e-02 -5.865024e+00 -5.993754e-02 -3.441009e-02 9.976088e-01 -1.605295e+00
1.028813e-01 9.938569e-01 4.079035e-02 5.536259e+01 -9.928167e-01 1.051186e-01 -5.714040e-02 -6.022151e+00 -6.107721e-02 -3.461867e-02 9.975325e-01 -1.608832e+00
6.298333e-02 9.972549e-01 3.893168e-02 5.534617e+01 -9.961184e-01 6.521928e-02 -5.911555e-02 -6.198541e+00 -6.149238e-02 -3.505727e-02 9.974917e-01 -1.598082e+00
2.419966e-02 9.990640e-01 3.585579e-02 5.531467e+01 -9.978384e-01 2.633095e-02 -6.021071e-02 -6.354701e+00 -6.109847e-02 -3.432120e-02 9.975415e-01 -1.588402e+00
-1.390123e-02 9.993443e-01 3.343135e-02 5.528117e+01 -9.980522e-01 -1.183420e-02 -6.125039e-02 -6.507167e+00 -6.081460e-02 -3.421769e-02 9.975624e-01 -1.580783e+00
-5.100024e-02 9.981580e-01 3.285472e-02 5.524349e+01 -9.968786e-01 -4.889464e-02 -6.198652e-02 -6.660157e+00 -6.026593e-02 -3.591350e-02 9.975361e-01 -1.564443e+00
-8.803546e-02 9.955683e-01 3.307094e-02 5.518740e+01 -9.943577e-01 -8.585894e-02 -6.229811e-02 -6.814015e+00 -5.918258e-02 -3.836878e-02 9.975095e-01 -1.562006e+00
-1.243528e-01 9.917336e-01 3.163610e-02 5.513405e+01 -9.905052e-01 -1.221890e-01 -6.300284e-02 -6.962063e+00 -5.861644e-02 -3.917031e-02 9.975118e-01 -1.553517e+00
-1.601901e-01 9.866483e-01 2.940382e-02 5.507747e+01 -9.852965e-01 -1.580355e-01 -6.492738e-02 -7.100930e+00 -5.941363e-02 -3.937219e-02 9.974567e-01 -1.543436e+00
-1.930319e-01 9.808391e-01 2.632883e-02 5.502863e+01 -9.792785e-01 -1.909109e-01 -6.757651e-02 -7.246985e+00 -6.125522e-02 -3.882768e-02 9.973667e-01 -1.538560e+00
-2.265979e-01 9.736983e-01 2.377122e-02 5.496906e+01 -9.720187e-01 -2.245209e-01 -6.906596e-02 -7.378142e+00 -6.191227e-02 -3.875627e-02 9.973288e-01 -1.526226e+00
-2.583600e-01 9.658148e-01 2.125637e-02 5.490478e+01 -9.640288e-01 -2.563353e-01 -7.029024e-02 -7.513977e+00 -6.243859e-02 -3.865194e-02 9.973001e-01 -1.523487e+00
-2.894200e-01 9.570160e-01 1.887753e-02 5.483615e+01 -9.551420e-01 -2.874477e-01 -7.125656e-02 -7.633822e+00 -6.276736e-02 -3.865379e-02 9.972793e-01 -1.509002e+00
-3.195188e-01 9.474245e-01 1.715925e-02 5.476452e+01 -9.455331e-01 -3.175868e-01 -7.145441e-02 -7.754760e+00 -6.224811e-02 -3.905568e-02 9.972963e-01 -1.501651e+00
-3.491614e-01 9.369340e-01 1.552528e-02 5.469168e+01 -9.350471e-01 -3.472766e-01 -7.131459e-02 -7.865613e+00 -6.142550e-02 -3.941717e-02 9.973330e-01 -1.496565e+00
-3.786634e-01 9.254358e-01 1.351205e-02 5.461733e+01 -9.235973e-01 -3.768865e-01 -7.017490e-02 -7.970019e+00 -5.984987e-02 -3.905236e-02 9.974432e-01 -1.492476e+00
-4.070368e-01 9.133387e-01 1.155207e-02 5.453842e+01 -9.115673e-01 -4.053791e-01 -6.864914e-02 -8.081041e+00 -5.801695e-02 -3.847322e-02 9.975740e-01 -1.485098e+00
-4.351200e-01 9.003277e-01 8.977080e-03 5.445871e+01 -8.985304e-01 -4.335707e-01 -6.826055e-02 -8.185594e+00 -5.756467e-02 -3.776771e-02 9.976271e-01 -1.477117e+00
-4.623612e-01 8.866630e-01 7.135626e-03 5.436645e+01 -8.849260e-01 -4.609179e-01 -6.678788e-02 -8.288040e+00 -5.592940e-02 -3.719462e-02 9.977417e-01 -1.469495e+00
-4.900409e-01 8.716793e-01 5.933648e-03 5.428642e+01 -8.699937e-01 -4.886449e-01 -6.585667e-02 -8.385122e+00 -5.450644e-02 -3.743470e-02 9.978114e-01 -1.463354e+00
-5.173434e-01 8.557603e-01 5.469637e-03 5.419790e+01 -8.541478e-01 -5.159533e-01 -6.498951e-02 -8.476205e+00 -5.279337e-02 -3.829378e-02 9.978710e-01 -1.459185e+00
-5.437711e-01 8.392194e-01 4.875153e-03 5.410347e+01 -8.377110e-01 -5.424258e-01 -6.335992e-02 -8.571578e+00 -5.052847e-02 -3.853727e-02 9.979788e-01 -1.448325e+00
-5.690153e-01 8.223165e-01 4.163126e-03 5.401426e+01 -8.208051e-01 -5.676470e-01 -6.368597e-02 -8.663995e+00 -5.000683e-02 -3.965540e-02 9.979613e-01 -1.447150e+00
-5.931792e-01 8.050674e-01 2.214028e-03 5.391576e+01 -8.035380e-01 -5.918783e-01 -6.329875e-02 -8.743345e+00 -4.964933e-02 -3.932656e-02 9.979922e-01 -1.451553e+00
-6.174892e-01 7.865791e-01 -5.786754e-04 5.381122e+01 -7.850083e-01 -6.163024e-01 -6.271720e-02 -8.823962e+00 -4.968868e-02 -3.827294e-02 9.980312e-01 -1.440337e+00
-6.413050e-01 7.672799e-01 -3.107907e-03 5.371054e+01 -7.657177e-01 -6.402476e-01 -6.131463e-02 -8.900796e+00 -4.903531e-02 -3.694160e-02 9.981136e-01 -1.439262e+00
-6.637489e-01 7.479354e-01 -5.498564e-03 5.361133e+01 -7.463957e-01 -6.628211e-01 -5.967999e-02 -8.974433e+00 -4.828133e-02 -3.550841e-02 9.982024e-01 -1.433426e+00
-6.859639e-01 7.275943e-01 -7.761365e-03 5.350148e+01 -7.260946e-01 -6.851659e-01 -5.774371e-02 -9.041448e+00 -4.733181e-02 -3.397461e-02 9.983013e-01 -1.423227e+00
-7.077084e-01 7.064515e-01 -8.662790e-03 5.339133e+01 -7.050197e-01 -7.069624e-01 -5.613793e-02 -9.095954e+00 -4.578299e-02 -3.362185e-02 9.983854e-01 -1.412960e+00
-7.284384e-01 6.850526e-01 -8.963566e-03 5.327317e+01 -6.837038e-01 -7.277179e-01 -5.455093e-02 -9.162776e+00 -4.389320e-02 -3.360857e-02 9.984708e-01 -1.409657e+00
-7.488019e-01 6.627330e-01 -8.974245e-03 5.316851e+01 -6.614755e-01 -7.480978e-01 -5.291456e-02 -9.227612e+00 -4.178184e-02 -3.368629e-02 9.985587e-01 -1.394751e+00
-7.688066e-01 6.394150e-01 -9.213665e-03 5.304461e+01 -6.382318e-01 -7.681248e-01 -5.142428e-02 -9.277929e+00 -3.995870e-02 -3.365487e-02 9.986344e-01 -1.393905e+00
-7.880058e-01 6.155980e-01 -9.267706e-03 5.292816e+01 -6.144627e-01 -7.873156e-01 -5.069255e-02 -9.331172e+00 -3.850285e-02 -3.425137e-02 9.986713e-01 -1.385769e+00
-8.070134e-01 5.904377e-01 -1.061901e-02 5.280686e+01 -5.892874e-01 -8.063482e-01 -5.042783e-02 -9.380728e+00 -3.833711e-02 -3.443828e-02 9.986712e-01 -1.381648e+00
-8.250723e-01 5.649425e-01 -9.786457e-03 5.266984e+01 -5.638465e-01 -8.243436e-01 -5.034638e-02 -9.422997e+00 -3.651021e-02 -3.602134e-02 9.986839e-01 -1.369907e+00
-8.425016e-01 5.385846e-01 -1.083479e-02 5.254470e+01 -5.374752e-01 -8.417783e-01 -5.029528e-02 -9.467463e+00 -3.620876e-02 -3.655043e-02 9.986756e-01 -1.362850e+00
-8.592905e-01 5.113506e-01 -1.184198e-02 5.241566e+01 -5.102110e-01 -8.585508e-01 -5.074754e-02 -9.511354e+00 -3.611673e-02 -3.756497e-02 9.986413e-01 -1.360795e+00
-8.755023e-01 4.830484e-01 -1.264842e-02 5.227686e+01 -4.819056e-01 -8.747575e-01 -5.065815e-02 -9.542001e+00 -3.553464e-02 -3.825598e-02 9.986359e-01 -1.353509e+00
-8.907567e-01 4.542841e-01 -1.336474e-02 5.214690e+01 -4.531174e-01 -8.899767e-01 -5.124518e-02 -9.580888e+00 -3.517417e-02 -3.959119e-02 9.985967e-01 -1.350719e+00
-9.052163e-01 4.247497e-01 -1.308523e-02 5.199836e+01 -4.235849e-01 -9.043453e-01 -5.230132e-02 -9.601765e+00 -3.404854e-02 -4.180130e-02 9.985456e-01 -1.338477e+00
-9.182677e-01 3.957406e-01 -1.318464e-02 5.184012e+01 -3.945348e-01 -9.172775e-01 -5.426095e-02 -9.615254e+00 -3.356724e-02 -4.462428e-02 9.984397e-01 -1.333994e+00
-9.309484e-01 3.649318e-01 -1.264515e-02 5.170174e+01 -3.637329e-01 -9.298260e-01 -5.587381e-02 -9.630260e+00 -3.214792e-02 -4.741617e-02 9.983578e-01 -1.326764e+00
-9.425730e-01 3.337602e-01 -1.266557e-02 5.155360e+01 -3.325603e-01 -9.413514e-01 -5.710698e-02 -9.647316e+00 -3.098279e-02 -4.961543e-02 9.982877e-01 -1.319735e+00
-9.529822e-01 3.027712e-01 -1.244302e-02 5.140437e+01 -3.015813e-01 -9.516422e-01 -5.853101e-02 -9.671043e+00 -2.956280e-02 -5.202642e-02 9.982080e-01 -1.319994e+00
-9.625306e-01 2.708378e-01 -1.346908e-02 5.125963e+01 -2.695845e-01 -9.610804e-01 -6.040481e-02 -9.677507e+00 -2.930478e-02 -5.451043e-02 9.980831e-01 -1.313870e+00
-9.708807e-01 2.392049e-01 -1.309612e-02 5.111360e+01 -2.379583e-01 -9.692520e-01 -6.266145e-02 -9.677009e+00 -2.768236e-02 -5.772047e-02 9.979489e-01 -1.307618e+00
-9.780737e-01 2.078259e-01 -1.342912e-02 5.097152e+01 -2.065612e-01 -9.762971e-01 -6.462486e-02 -9.671026e+00 -2.654154e-02 -6.043394e-02 9.978192e-01 -1.308748e+00
-9.841145e-01 1.770467e-01 -1.316290e-02 5.082270e+01 -1.758161e-01 -9.821953e-01 -6.619001e-02 -9.656115e+00 -2.464726e-02 -6.282430e-02 9.977202e-01 -1.300899e+00
-9.895225e-01 1.438601e-01 -1.222750e-02 5.070875e+01 -1.427343e-01 -9.874832e-01 -6.711048e-02 -9.625731e+00 -2.172897e-02 -6.466204e-02 9.976707e-01 -1.301802e+00
-9.936715e-01 1.115002e-01 -1.358194e-02 5.057658e+01 -1.103459e-01 -9.916015e-01 -6.745581e-02 -9.594609e+00 -2.098921e-02 -6.553021e-02 9.976298e-01 -1.292684e+00
-9.967197e-01 7.952174e-02 -1.503986e-02 5.043959e+01 -7.833052e-02 -9.946173e-01 -6.782795e-02 -9.574131e+00 -2.035270e-02 -6.642738e-02 9.975837e-01 -1.284205e+00
-9.985814e-01 4.978560e-02 -1.888473e-02 5.030320e+01 -4.838791e-02 -9.964852e-01 -6.838015e-02 -9.566723e+00 -2.222270e-02 -6.736934e-02 9.974806e-01 -1.285464e+00
-9.994874e-01 2.022913e-02 -2.481266e-02 5.016898e+01 -1.851032e-02 -9.975376e-01 -6.764637e-02 -9.558388e+00 -2.612000e-02 -6.715241e-02 9.974008e-01 -1.288679e+00
-9.995122e-01 -9.071547e-03 -2.988318e-02 5.005168e+01 1.104724e-02 -9.977168e-01 -6.662677e-02 -9.538756e+00 -2.921054e-02 -6.692439e-02 9.973304e-01 -1.277847e+00
-9.988304e-01 -3.712824e-02 -3.096989e-02 4.993246e+01 3.910396e-02 -9.970638e-01 -6.583836e-02 -9.512863e+00 -2.843449e-02 -6.697241e-02 9.973496e-01 -1.267477e+00
-9.974097e-01 -6.493703e-02 -3.093872e-02 4.982382e+01 6.682910e-02 -9.956675e-01 -6.465358e-02 -9.485767e+00 -2.660626e-02 -6.655372e-02 9.974281e-01 -1.268656e+00
-9.952086e-01 -9.279097e-02 -3.081767e-02 4.970518e+01 9.458839e-02 -9.935111e-01 -6.315597e-02 -9.451244e+00 -2.475739e-02 -6.576835e-02 9.975277e-01 -1.255131e+00
-9.924343e-01 -1.188446e-01 -3.082003e-02 4.960386e+01 1.205606e-01 -9.907939e-01 -6.158388e-02 -9.389121e+00 -2.321739e-02 -6.483364e-02 9.976259e-01 -1.257226e+00
-9.890256e-01 -1.442855e-01 -3.178266e-02 4.950041e+01 1.460036e-01 -9.874156e-01 -6.077429e-02 -9.346564e+00 -2.261384e-02 -6.474771e-02 9.976454e-01 -1.253381e+00
-9.851452e-01 -1.685802e-01 -3.270459e-02 4.941370e+01 1.702991e-01 -9.835703e-01 -5.989622e-02 -9.309046e+00 -2.206995e-02 -6.457604e-02 9.976687e-01 -1.246865e+00
-9.808249e-01 -1.920611e-01 -3.308852e-02 4.932513e+01 1.937498e-01 -9.792702e-01 -5.908388e-02 -9.268050e+00 -2.105488e-02 -6.436184e-02 9.977045e-01 -1.237594e+00
-9.760368e-01 -2.150815e-01 -3.305078e-02 4.922736e+01 2.167081e-01 -9.745163e-01 -5.792695e-02 -9.224273e+00 -1.974951e-02 -6.370120e-02 9.977736e-01 -1.238046e+00
