1.000000e+00 0.000000e+00 0.000000e+00 0.000000e+00 0.000000e+00 1.000000e+00 0.000000e+00 0.000000e+00 0.000000e+00 0.000000e+00 1.000000e+00 0.000000e+00
9.999961e-01 -1.641438e-03 2.262005e-03 2.023857e+00 1.640187e-03 9.999985e-01 5.549174e-04 -2.404160e-02 -2.262913e-03 -5.512052e-04 9.999973e-01 -3.472187e-02
9.999957e-01 -2.679333e-03 1.164057e-03 4.012299e+00 2.679816e-03 9.999964e-01 -4.129135e-04 -4.341269e-02 -1.162947e-03 4.160312e-04 9.999992e-01 -6.166938e-02
9.999878e-01 -3.899742e-03 3.021659e-03 5.948646e+00 3.899716e-03 9.999924e-01 1.454886e-05 -5.518904e-02 -3.021692e-03 -2.765073e-06 9.999954e-01 -1.188742e-01
9.999859e-01 -4.904329e-03 2.050644e-03 7.924095e+00 4.905201e-03 9.999878e-01 -4.208609e-04 -7.166614e-02 -2.048555e-03 4.309138e-04 9.999978e-01 -1.019875e-01
9.999778e-01 -5.683817e-03 3.462744e-03 9.844267e+00 5.677595e-03 9.999821e-01 1.803941e-03 -7.918268e-02 -3.472936e-03 -1.784241e-03 9.999924e-01 -1.815480e-01
9.999796e-01 -6.339846e-03 7.618986e-04 1.183067e+01 6.341565e-03 9.999774e-01 -2.275130e-03 -9.937512e-02 -7.474573e-04 2.279915e-03 9.999971e-01 -1.698286e-01
9.999641e-01 -7.165900e-03 4.511947e-03 1.374240e+01 7.165512e-03 9.999744e-01 1.022500e-04 -1.044538e-01 -4.512563e-03 -6.991594e-05 9.999898e-01 -2.389295e-01
9.999698e-01 -7.745781e-03 6.548948e-04 1.575227e+01 7.747316e-03 9.999671e-01 -2.374717e-03 -1.182499e-01 -6.364793e-04 2.379719e-03 9.999970e-01 -1.902576e-01
9.999513e-01 -8.242353e-03 5.429823e-03 1.765690e+01 8.228681e-03 9.999628e-01 2.535466e-03 -1.088140e-01 -5.450520e-03 -2.490663e-03 9.999821e-01 -3.007620e-01
9.999583e-01 -8.827484e-03 2.316546e-03 1.963807e+01 8.831111e-03 9.999597e-01 -1.559970e-03 -1.238242e-01 -2.302682e-03 1.580363e-03 9.999961e-01 -2.475977e-01
9.999375e-01 -9.580930e-03 5.753693e-03 2.158468e+01 9.580427e-03 9.999541e-01 1.148808e-04 -1.127955e-01 -5.754529e-03 -5.975083e-05 9.999834e-01 -3.482706e-01
9.999456e-01 -9.890884e-03 3.307200e-03 2.354558e+01 9.897972e-03 9.999487e-01 -2.133287e-03 -1.283038e-01 -3.285930e-03 2.165906e-03 9.999923e-01 -3.284091e-01
9.999415e-01 -9.720871e-03 4.733726e-03 2.552431e+01 9.731863e-03 9.999499e-01 -2.304431e-03 -1.195527e-01 -4.711089e-03 2.350364e-03 9.999861e-01 -3.741685e-01
9.999420e-01 -1.014101e-02 3.620721e-03 2.748979e+01 1.014744e-02 9.999470e-01 -1.762183e-03 -1.317300e-01 -3.602659e-03 1.798821e-03 9.999919e-01 -4.225180e-01
9.999347e-01 -1.024805e-02 5.053342e-03 2.947481e+01 1.026325e-02 9.999428e-01 -2.989890e-03 -1.271935e-01 -5.022413e-03 3.041559e-03 9.999828e-01 -3.921069e-01
9.999436e-01 -1.023479e-02 2.852701e-03 3.144728e+01 1.023834e-02 9.999468e-01 -1.231017e-03 -1.302187e-01 -2.839950e-03 1.260155e-03 9.999952e-01 -4.890805e-01
9.999382e-01 -1.028672e-02 4.205101e-03 3.344400e+01 1.029483e-02 9.999452e-01 -1.912419e-03 -1.200592e-01 -4.185198e-03 1.955592e-03 9.999893e-01 -4.479999e-01
9.999433e-01 -1.060450e-02 1.027942e-03 3.542267e+01 1.060472e-02 9.999437e-01 -2.104803e-04 -1.172852e-01 -1.025652e-03 2.213694e-04 9.999995e-01 -5.068384e-01
9.999437e-01 -1.050207e-02 1.482301e-03 3.740519e+01 1.050502e-02 9.999429e-01 -1.992278e-03 -1.162467e-01 -1.461293e-03 2.007737e-03 9.999969e-01 -5.271210e-01
9.999495e-01 -1.004538e-02 -4.714508e-05 3.941033e+01 1.004535e-02 9.999492e-01 -6.769598e-04 -1.127994e-01 5.394301e-05 6.764519e-04 9.999998e-01 -5.625909e-01
9.999512e-01 -9.879324e-03 7.702647e-05 4.141032e+01 9.879372e-03 9.999509e-01 -6.640106e-04 -1.175713e-01 -7.046272e-05 6.647391e-04 9.999998e-01 -5.717647e-01
9.999515e-01 -9.736336e-03 1.478851e-03 4.338395e+01 9.737176e-03 9.999524e-01 -5.618082e-04 -1.257508e-01 -1.473310e-03 5.761809e-04 9.999987e-01 -5.880427e-01
9.999640e-01 -8.479959e-03 2.844981e-04 4.541575e+01 8.482617e-03 9.999011e-01 -1.121741e-02 -1.242867e-01 -1.893467e-04 1.121942e-02 9.999371e-01 -6.234105e-01
9.999527e-01 -9.694745e-03 7.383418e-04 4.743587e+01 9.706440e-03 9.997919e-01 -1.795267e-02 -1.252425e-01 -5.641415e-04 1.795899e-02 9.998386e-01 -5.967701e-01
9.999496e-01 -8.874913e-03 -4.687643e-03 4.944109e+01 8.801132e-03 9.998406e-01 -1.553235e-02 -1.210271e-01 4.824744e-03 1.549031e-02 9.998684e-01 -6.385404e-01
9.998614e-01 -8.945609e-03 -1.404413e-02 5.145707e+01 8.855164e-03 9.999398e-01 -6.489044e-03 -1.098894e-01 1.410133e-02 6.363781e-03 9.998803e-01 -6.580024e-01
9.998155e-01 -9.265275e-03 -1.682799e-02 5.348828e+01 9.226852e-03 9.999546e-01 -2.359514e-03 -1.063422e-01 1.684909e-02 2.203810e-03 9.998556e-01 -6.609273e-01
9.997401e-01 -1.042205e-02 -2.027874e-02 5.555256e+01 1.042811e-02 9.999455e-01 1.931609e-04 -1.036026e-01 2.027562e-02 -4.045797e-04 9.997944e-01 -6.870016e-01
9.996570e-01 -1.190894e-02 -2.332720e-02 5.757074e+01 1.184066e-02 9.999251e-01 -3.062988e-03 -9.593483e-02 2.336193e-02 2.785728e-03 9.997232e-01 -7.142729e-01
9.996406e-01 -1.188105e-02 -2.403013e-02 5.962105e+01 1.178645e-02 9.999222e-01 -4.074682e-03 -8.473124e-02 2.407668e-02 3.789988e-03 9.997029e-01 -7.693573e-01
9.996637e-01 -1.043310e-02 -2.374246e-02 6.165881e+01 1.035332e-02 9.999404e-01 -3.480670e-03 -8.764818e-02 2.377736e-02 3.233686e-03 9.997120e-01 -7.409954e-01
9.997389e-01 -8.495464e-03 -2.121324e-02 6.369757e+01 8.450472e-03 9.999617e-01 -2.209695e-03 -9.194108e-02 2.123120e-02 2.029856e-03 9.997725e-01 -7.718711e-01
9.997107e-01 -7.459903e-03 -2.286738e-02 6.573164e+01 7.292927e-03 9.999462e-01 -7.376641e-03 -9.079812e-02 2.292118e-02 7.207736e-03 9.997113e-01 -7.916009e-01
9.996727e-01 -5.242398e-03 -2.504216e-02 6.774385e+01 4.957594e-03 9.999224e-01 -1.142161e-02 -8.985426e-02 2.510010e-02 1.129373e-02 9.996212e-01 -8.231622e-01
9.995496e-01 -1.569397e-03 -2.996962e-02 6.979523e+01 1.207926e-03 9.999263e-01 -1.207555e-02 -1.031264e-01 2.998636e-02 1.203391e-02 9.994779e-01 -8.154931e-01
9.996626e-01 2.399232e-03 -2.586361e-02 7.179268e+01 -2.647259e-03 9.999509e-01 -9.559846e-03 -1.195025e-01 2.583940e-02 9.625088e-03 9.996198e-01 -8.477249e-01
9.996890e-01 4.352827e-03 -2.455448e-02 7.384309e+01 -4.537936e-03 9.999616e-01 -7.488044e-03 -1.453555e-01 2.452094e-02 7.597142e-03 9.996704e-01 -8.236248e-01
9.998022e-01 6.251513e-03 -1.888341e-02 7.585322e+01 -6.411761e-03 9.999440e-01 -8.437593e-03 -1.737046e-01 1.882960e-02 8.557000e-03 9.997861e-01 -8.599108e-01
9.997986e-01 6.183689e-03 -1.909386e-02 7.787203e+01 -6.356738e-03 9.999391e-01 -9.015688e-03 -2.033110e-01 1.903694e-02 9.135247e-03 9.997770e-01 -8.847360e-01
9.998230e-01 6.450709e-03 -1.767104e-02 7.989223e+01 -6.615255e-03 9.999350e-01 -9.269024e-03 -2.284241e-01 1.761010e-02 9.384283e-03 9.998009e-01 -9.160517e-01
9.997903e-01 6.679795e-03 -1.935807e-02 8.191936e+01 -6.840968e-03 9.999424e-01 -8.271627e-03 -2.610372e-01 1.930170e-02 8.402320e-03 9.997784e-01 -9.228751e-01
9.998113e-01 6.970690e-03 -1.813417e-02 8.395349e+01 -7.137130e-03 9.999329e-01 -9.129785e-03 -3.019472e-01 1.806931e-02 9.257488e-03 9.997939e-01 -9.307329e-01
9.998009e-01 6.690179e-03 -1.880116e-02 8.599540e+01 -6.852326e-03 9.999397e-01 -8.573161e-03 -3.249970e-01 1.874267e-02 8.700284e-03 9.997865e-01 -9.363966e-01
9.998215e-01 7.128537e-03 -1.749531e-02 8.799166e+01 -7.275867e-03 9.999385e-01 -8.371980e-03 -3.683721e-01 1.743456e-02 8.497779e-03 9.998119e-01 -9.685944e-01
9.998262e-01 7.136147e-03 -1.722335e-02 9.003682e+01 -7.275825e-03 9.999411e-01 -8.060823e-03 -3.986727e-01 1.716481e-02 8.184736e-03 9.998192e-01 -9.805214e-01
9.998148e-01 7.228213e-03 -1.783483e-02 9.207186e+01 -7.380123e-03 9.999371e-01 -8.466509e-03 -4.316396e-01 1.777251e-02 8.596565e-03 9.998051e-01 -1.003174e+00
9.998065e-01 7.298974e-03 -1.826470e-02 9.409137e+01 -7.461304e-03 9.999330e-01 -8.835363e-03 -4.514100e-01 1.819899e-02 8.969932e-03 9.997941e-01 -1.017510e+00
9.997697e-01 7.572850e-03 -2.008075e-02 9.615281e+01 -7.747055e-03 9.999330e-01 -8.611715e-03 -4.900265e-01 2.001419e-02 8.765298e-03 9.997613e-01 -1.030970e+00
9.997678e-01 7.819266e-03 -2.008188e-02 9.818396e+01 -7.989119e-03 9.999328e-01 -8.391790e-03 -5.236661e-01 2.001492e-02 8.550277e-03 9.997631e-01 -1.038411e+00
9.997622e-01 7.562895e-03 -2.045533e-02 1.002319e+02 -7.745627e-03 9.999307e-01 -8.868780e-03 -5.623747e-01 2.038684e-02 9.025110e-03 9.997514e-01 -1.040528e+00
9.998112e-01 6.616592e-03 -1.827083e-02 1.022742e+02 -6.813337e-03 9.999193e-01 -1.072709e-02 -5.948286e-01 1.819838e-02 1.084955e-02 9.997755e-01 -1.056145e+00
9.998753e-01 4.557151e-03 -1.511808e-02 1.043360e+02 -4.719676e-03 9.999313e-01 -1.073216e-02 -6.211263e-01 1.506814e-02 1.080218e-02 9.998281e-01 -1.062321e+00
9.999166e-01 2.193175e-03 -1.273118e-02 1.063926e+02 -2.327444e-03 9.999417e-01 -1.054125e-02 -6.477066e-01 1.270732e-02 1.057000e-02 9.998634e-01 -1.084920e+00
9.999327e-01 1.784987e-04 -1.159919e-02 1.084355e+02 -2.847124e-04 9.999580e-01 -9.155998e-03 -6.753892e-01 1.159707e-02 9.158684e-03 9.998908e-01 -1.097126e+00
9.999450e-01 -2.096002e-03 -1.027314e-02 1.104753e+02 2.014357e-03 9.999663e-01 -7.951377e-03 -6.906540e-01 1.028946e-02 7.930245e-03 9.999156e-01 -1.127013e+00
9.999235e-01 -4.785256e-03 -1.140660e-02 1.125442e+02 4.700277e-03 9.999610e-01 -7.465125e-03 -6.989163e-01 1.144188e-02 7.410940e-03 9.999071e-01 -1.149384e+00
9.999158e-01 -6.366564e-03 -1.130664e-02 1.145903e+02 6.274146e-03 9.999467e-01 -8.190541e-03 -7.113450e-01 1.135818e-02 8.118911e-03 9.999025e-01 -1.177845e+00
9.999017e-01 -6.854399e-03 -1.223604e-02 1.166202e+02 6.762578e-03 9.999489e-01 -7.529775e-03 -7.161393e-01 1.228702e-02 7.446288e-03 9.998968e-01 -1.205152e+00
9.998978e-01 -7.923187e-03 -1.190264e-02 1.186747e+02 7.844211e-03 9.999470e-01 -6.667207e-03 -7.151465e-01 1.195483e-02 6.573158e-03 9.999070e-01 -1.208465e+00
9.998811e-01 -8.432728e-03 -1.290545e-02 1.207255e+02 8.362005e-03 9.999498e-01 -5.524252e-03 -7.263457e-01 1.295138e-02 5.415680e-03 9.999015e-01 -1.242632e+00
9.998935e-01 -8.835236e-03 -1.161376e-02 1.227582e+02 8.767718e-03 9.999444e-01 -5.851694e-03 -7.264205e-01 1.166481e-02 5.749245e-03 9.999154e-01 -1.268340e+00
9.998812e-01 -8.098830e-03 -1.311507e-02 1.248148e+02 8.028944e-03 9.999533e-01 -5.372559e-03 -7.338551e-01 1.315797e-02 5.266620e-03 9.998996e-01 -1.278535e+00
9.998956e-01 -7.094026e-03 -1.258339e-02 1.268417e+02 7.046994e-03 9.999681e-01 -3.778003e-03 -7.260470e-01 1.260979e-02 3.688934e-03 9.999137e-01 -1.340792e+00
9.998939e-01 -6.068626e-03 -1.324340e-02 1.288573e+02 6.014522e-03 9.999734e-01 -4.121386e-03 -7.329843e-01 1.326806e-02 4.041296e-03 9.999038e-01 -1.329672e+00
9.998880e-01 -5.633232e-03 -1.386685e-02 1.308783e+02 5.616852e-03 9.999834e-01 -1.219877e-03 -7.375341e-01 1.387349e-02 1.141852e-03 9.999031e-01 -1.395628e+00
9.998823e-01 -4.301648e-03 -1.472329e-02 1.329236e+02 4.283286e-03 9.999900e-01 -1.278440e-03 -7.521960e-01 1.472864e-02 1.215225e-03 9.998908e-01 -1.400677e+00
9.998798e-01 -4.717913e-03 -1.476619e-02 1.349450e+02 4.749618e-03 9.999864e-01 2.112875e-03 -7.526702e-01 1.475603e-02 -2.182755e-03 9.998887e-01 -1.463413e+00
9.998800e-01 -4.980179e-03 -1.466630e-02 1.369959e+02 5.010616e-03 9.999855e-01 2.039260e-03 -7.573938e-01 1.465593e-02 -2.112502e-03 9.998904e-01 -1.456913e+00
9.998708e-01 -5.852134e-03 -1.496776e-02 1.390166e+02 5.905825e-03 9.999762e-01 3.545494e-03 -7.564461e-01 1.494666e-02 -3.633433e-03 9.998817e-01 -1.557609e+00
9.998258e-01 -5.856048e-03 -1.772356e-02 1.410600e+02 5.924634e-03 9.999752e-01 3.819756e-03 -7.684285e-01 1.770075e-02 -3.924096e-03 9.998356e-01 -1.563683e+00
9.997861e-01 -5.838706e-03 -1.984235e-02 1.430650e+02 5.945274e-03 9.999682e-01 5.315968e-03 -7.670196e-01 1.981068e-02 -5.432799e-03 9.997890e-01 -1.633284e+00
9.997219e-01 -5.167212e-03 -2.300834e-02 1.450997e+02 5.320476e-03 9.999639e-01 6.605024e-03 -7.713371e-01 2.297339e-02 -6.725602e-03 9.997135e-01 -1.697695e+00
9.996774e-01 -4.211426e-03 -2.504726e-02 1.471382e+02 4.391472e-03 9.999648e-01 7.137615e-03 -7.725751e-01 2.501632e-02 -7.245306e-03 9.996608e-01 -1.716251e+00
9.995742e-01 -3.756362e-03 -2.893705e-02 1.491656e+02 3.981145e-03 9.999622e-01 7.714309e-03 -7.767547e-01 2.890699e-02 -7.826227e-03 9.995515e-01 -1.785189e+00
9.995548e-01 -3.741879e-03 -2.960085e-02 1.512010e+02 3.953563e-03 9.999670e-01 7.095987e-03 -7.905509e-01 2.957332e-02 -7.209857e-03 9.995366e-01 -1.796196e+00
9.995368e-01 -4.016688e-03 -3.016832e-02 1.532403e+02 4.272659e-03 9.999554e-01 8.425107e-03 -7.910013e-01 3.013314e-02 -8.550104e-03 9.995093e-01 -1.870414e+00
9.994990e-01 -4.846850e-03 -3.127601e-02 1.552707e+02 5.095005e-03 9.999560e-01 7.859523e-03 -7.993629e-01 3.123654e-02 -8.014937e-03 9.994799e-01 -1.910771e+00
9.994939e-01 -5.680686e-03 -3.129944e-02 1.572794e+02 5.968056e-03 9.999408e-01 9.095563e-03 -8.072152e-01 3.124592e-02 -9.277755e-03 9.994687e-01 -1.968849e+00
9.994290e-01 -7.163843e-03 -3.302069e-02 1.592952e+02 7.460357e-03 9.999328e-01 8.865225e-03 -8.070787e-01 3.295496e-02 -9.106508e-03 9.994153e-01 -2.029663e+00
9.993938e-01 -7.796986e-03 -3.393124e-02 1.612991e+02 8.110350e-03 9.999256e-01 9.107441e-03 -8.101363e-01 3.385771e-02 -9.377114e-03 9.993827e-01 -2.078565e+00
9.993805e-01 -8.784507e-03 -3.408169e-02 1.633088e+02 9.083045e-03 9.999216e-01 8.614547e-03 -8.049073e-01 3.400334e-02 -8.918774e-03 9.993819e-01 -2.128794e+00
9.993303e-01 -1.047136e-02 -3.505960e-02 1.653139e+02 1.084890e-02 9.998851e-01 1.059578e-02 -7.983918e-01 3.494461e-02 -1.096905e-02 9.993290e-01 -2.189400e+00
9.992535e-01 -1.184005e-02 -3.677466e-02 1.673185e+02 1.230893e-02 9.998455e-01 1.255001e-02 -7.889491e-01 3.662039e-02 -1.299330e-02 9.992447e-01 -2.254523e+00
9.991848e-01 -1.368098e-02 -3.798208e-02 1.693339e+02 1.423860e-02 9.997942e-01 1.444950e-02 -7.740229e-01 3.777657e-02 -1.497853e-02 9.991739e-01 -2.320907e+00
9.991064e-01 -1.540817e-02 -3.935696e-02 1.713322e+02 1.598639e-02 9.997681e-01 1.441949e-02 -7.579315e-01 3.912566e-02 -1.503578e-02 9.991212e-01 -2.359776e+00
9.989829e-01 -1.666587e-02 -4.189708e-02 1.733183e+02 1.732426e-02 9.997312e-01 1.540073e-02 -7.340347e-01 4.162916e-02 -1.611090e-02 9.990032e-01 -2.462168e+00
9.988932e-01 -1.751767e-02 -4.365187e-02 1.753439e+02 1.821190e-02 9.997131e-01 1.555735e-02 -7.133396e-01 4.336682e-02 -1.633512e-02 9.989257e-01 -2.492530e+00
9.987634e-01 -1.906804e-02 -4.591419e-02 1.773507e+02 1.981796e-02 9.996766e-01 1.593348e-02 -6.825919e-01 4.559552e-02 -1.682370e-02 9.988183e-01 -2.594971e+00
9.986253e-01 -2.090224e-02 -4.806925e-02 1.793635e+02 2.168852e-02 9.996383e-01 1.589422e-02 -6.559594e-01 4.771965e-02 -1.691492e-02 9.987175e-01 -2.634547e+00
9.984260e-01 -2.354251e-02 -5.090547e-02 1.813595e+02 2.435724e-02 9.995841e-01 1.544395e-02 -6.203519e-01 5.052071e-02 -1.665956e-02 9.985840e-01 -2.710310e+00
9.983200e-01 -2.535990e-02 -5.209635e-02 1.833708e+02 2.618199e-02 9.995422e-01 1.515868e-02 -5.820270e-01 5.168808e-02 -1.649720e-02 9.985270e-01 -2.771778e+00
9.981779e-01 -2.777878e-02 -5.356411e-02 1.853663e+02 2.856511e-02 9.994943e-01 1.397075e-02 -5.392113e-01 5.314893e-02 -1.547536e-02 9.984667e-01 -2.807548e+00
9.980666e-01 -3.043389e-02 -5.419262e-02 1.873515e+02 3.135199e-02 9.993775e-01 1.617239e-02 -4.886109e-01 5.366670e-02 -1.784017e-02 9.983995e-01 -2.906788e+00
9.978632e-01 -3.342360e-02 -5.614167e-02 1.893584e+02 3.445412e-02 9.992533e-01 1.748906e-02 -4.384223e-01 5.551519e-02 -1.938600e-02 9.982696e-01 -2.943290e+00
9.977580e-01 -3.616074e-02 -5.631573e-02 1.913674e+02 3.727371e-02 9.991274e-01 1.883920e-02 -3.776402e-01 5.558536e-02 -2.089606e-02 9.982352e-01 -3.015569e+00
9.974164e-01 -3.956299e-02 -5.996121e-02 1.933505e+02 4.076899e-02 9.989876e-01 1.902443e-02 -3.182250e-01 5.914784e-02 -2.141983e-02 9.980194e-01 -3.106939e+00
9.971266e-01 -4.279685e-02 -6.250510e-02 1.953566e+02 4.409111e-02 9.988376e-01 1.947544e-02 -2.331501e-01 6.159896e-02 -2.217540e-02 9.978546e-01 -3.193567e+00
9.968210e-01 -4.531442e-02 -6.553262e-02 1.973581e+02 4.671108e-02 9.987094e-01 1.993893e-02 -1.527350e-01 6.454452e-02 -2.293664e-02 9.976512e-01 -3.240659e+00
9.966953e-01 -4.712919e-02 -6.616201e-02 1.993585e+02 4.861525e-02 9.985962e-01 2.103268e-02 -7.415996e-02 6.507788e-02 -2.417966e-02 9.975872e-01 -3.322710e+00
9.965584e-01 -4.934179e-02 -6.660911e-02 2.013788e+02 5.083377e-02 9.984884e-01 2.089207e-02 1.078098e-02 6.547759e-02 -2.420616e-02 9.975604e-01 -3.365359e+00
9.964462e-01 -5.230250e-02 -6.602584e-02 2.033898e+02 5.393843e-02 9.982737e-01 2.324135e-02 1.088947e-01 6.469628e-02 -2.672009e-02 9.975472e-01 -3.453408e+00
9.962226e-01 -5.522254e-02 -6.701523e-02 2.054229e+02 5.697374e-02 9.980749e-01 2.450642e-02 2.103678e-01 6.553291e-02 -2.823196e-02 9.974509e-01 -3.503130e+00
9.960346e-01 -5.920088e-02 -6.640960e-02 2.074472e+02 6.099531e-02 9.978168e-01 2.532492e-02 3.222519e-01 6.476535e-02 -2.927517e-02 9.974710e-01 -3.614584e+00
9.957108e-01 -6.318756e-02 -6.758176e-02 2.094846e+02 6.504264e-02 9.975539e-01 2.560850e-02 4.354737e-01 6.579830e-02 -2.989436e-02 9.973850e-01 -3.686827e+00
9.953912e-01 -6.692725e-02 -6.868018e-02 2.115206e+02 6.885634e-02 9.972848e-01 2.611347e-02 5.626644e-01 6.674600e-02 -3.072219e-02 9.972969e-01 -3.771750e+00
9.949798e-01 -7.031555e-02 -7.121038e-02 2.135578e+02 7.233544e-02 9.970365e-01 2.619197e-02 6.985030e-01 6.915764e-02 -3.121152e-02 9.971174e-01 -3.858744e+00
9.947075e-01 -7.266593e-02 -7.264002e-02 2.155980e+02 7.477441e-02 9.968419e-01 2.673760e-02 8.274972e-01 7.046772e-02 -3.202771e-02 9.969997e-01 -3.949453e+00
9.943397e-01 -7.485271e-02 -7.540344e-02 2.176544e+02 7.706093e-02 9.966657e-01 2.681049e-02 9.808648e-01 7.314520e-02 -3.246940e-02 9.967926e-01 -4.022437e+00
9.941969e-01 -7.672995e-02 -7.539931e-02 2.197093e+02 7.905075e-02 9.964691e-01 2.828903e-02 1.125436e+00 7.296246e-02 -3.408523e-02 9.967521e-01 -4.109008e+00
9.938602e-01 -7.903465e-02 -7.742949e-02 2.217672e+02 8.148032e-02 9.962544e-01 2.894798e-02 1.281927e+00 7.485159e-02 -3.507923e-02 9.965775e-01 -4.194976e+00
9.937530e-01 -8.144544e-02 -7.629903e-02 2.238382e+02 8.385909e-02 9.960562e-01 2.897782e-02 1.440120e+00 7.363801e-02 -3.519517e-02 9.966638e-01 -4.279402e+00
9.934881e-01 -8.398274e-02 -7.699550e-02 2.259075e+02 8.651426e-02 9.957944e-01 3.014903e-02 1.603590e+00 7.413968e-02 -3.661390e-02 9.965755e-01 -4.366122e+00
9.932553e-01 -8.732577e-02 -7.627718e-02 2.279769e+02 8.995493e-02 9.954401e-01 3.173472e-02 1.771317e+00 7.315810e-02 -3.838219e-02 9.965815e-01 -4.477218e+00
9.927712e-01 -9.150001e-02 -7.767292e-02 2.300565e+02 9.427989e-02 9.950018e-01 3.290327e-02 1.962654e+00 7.427406e-02 -3.998841e-02 9.964358e-01 -4.583315e+00
9.921036e-01 -9.524805e-02 -8.159820e-02 2.321641e+02 9.821483e-02 9.946132e-01 3.314172e-02 2.151558e+00 7.800197e-02 -4.089417e-02 9.961141e-01 -4.690073e+00
9.913819e-01 -9.875888e-02 -8.607256e-02 2.342538e+02 1.018845e-01 9.942586e-01 3.270077e-02 2.351649e+00 8.234890e-02 -4.118842e-02 9.957520e-01 -4.772399e+00
9.907510e-01 -1.020662e-01 -8.941460e-02 2.363323e+02 1.054298e-01 9.938546e-01 3.372742e-02 2.564064e+00 8.542268e-02 -4.284244e-02 9.954233e-01 -4.900053e+00
9.900917e-01 -1.056558e-01 -9.249425e-02 2.384452e+02 1.092216e-01 9.934233e-01 3.436376e-02 2.777595e+00 8.825521e-02 -4.412564e-02 9.951200e-01 -4.971054e+00
9.895084e-01 -1.099251e-01 -9.375281e-02 2.405423e+02 1.136101e-01 9.929122e-01 3.490321e-02 3.003695e+00 8.925157e-02 -4.518829e-02 9.949835e-01 -5.096529e+00
9.885689e-01 -1.146789e-01 -9.787916e-02 2.426543e+02 1.184160e-01 9.924072e-01 3.324729e-02 3.243774e+00 9.332324e-02 -4.445770e-02 9.946428e-01 -5.148252e+00
9.881169e-01 -1.195644e-01 -9.658881e-02 2.447636e+02 1.233052e-01 9.917959e-01 3.371563e-02 3.490439e+00 9.176520e-02 -4.522489e-02 9.947532e-01 -5.278349e+00
9.874457e-01 -1.241426e-01 -9.767060e-02 2.468802e+02 1.279235e-01 9.912206e-01 3.342687e-02 3.743896e+00 9.266341e-02 -4.550159e-02 9.946573e-01 -5.351417e+00
9.870842e-01 -1.289792e-01 -9.502248e-02 2.489818e+02 1.328171e-01 9.905149e-01 3.521112e-02 3.996988e+00 8.957968e-02 -4.737696e-02 9.948522e-01 -5.466167e+00
9.863145e-01 -1.343411e-01 -9.558281e-02 2.511104e+02 1.381592e-01 9.898094e-01 3.448591e-02 4.284674e+00 8.997589e-02 -4.721960e-02 9.948239e-01 -5.556870e+00
9.859072e-01 -1.387743e-01 -9.342714e-02 2.532363e+02 1.425293e-01 9.891797e-01 3.476425e-02 4.563168e+00 8.759186e-02 -4.759043e-02 9.950190e-01 -5.675121e+00
9.852871e-01 -1.440443e-01 -9.198152e-02 2.553696e+02 1.477514e-01 9.884114e-01 3.481651e-02 4.870871e+00 8.590048e-02 -4.789466e-02 9.951519e-01 -5.762825e+00
9.847292e-01 -1.491201e-01 -8.984178e-02 2.575011e+02 1.529116e-01 9.875518e-01 3.687261e-02 5.181553e+00 8.322497e-02 -5.004739e-02 9.952732e-01 -5.889637e+00
9.840050e-01 -1.540862e-01 -8.939542e-02 2.596298e+02 1.579754e-01 9.867058e-01 3.815419e-02 5.495931e+00 8.232793e-02 -5.166619e-02 9.952651e-01 -5.977113e+00
9.832867e-01 -1.592916e-01 -8.816732e-02 2.617678e+02 1.631791e-01 9.858351e-01 3.875058e-02 5.828412e+00 8.074579e-02 -5.248998e-02 9.953517e-01 -6.118469e+00
9.823613e-01 -1.657338e-01 -8.659416e-02 2.639114e+02 1.694906e-01 9.848009e-01 3.795009e-02 6.174001e+00 7.898840e-02 -5.195760e-02 9.955206e-01 -6.204896e+00
9.810439e-01 -1.730395e-01 -8.723613e-02 2.660534e+02 1.769164e-01 9.834605e-01 3.880618e-02 6.547414e+00 7.907829e-02 -5.350407e-02 9.954315e-01 -6.347186e+00
9.795370e-01 -1.799857e-01 -9.006897e-02 2.681864e+02 1.840182e-01 9.821645e-01 3.860529e-02 6.922918e+00 8.151414e-02 -5.438964e-02 9.951870e-01 -6.465806e+00
9.781497e-01 -1.863190e-01 -9.224109e-02 2.703170e+02 1.905376e-01 9.808977e-01 3.918486e-02 7.319516e+00 8.317818e-02 -5.590405e-02 9.949654e-01 -6.590216e+00
9.766315e-01 -1.927667e-01 -9.503684e-02 2.724683e+02 1.970103e-01 9.796875e-01 3.741054e-02 7.734134e+00 8.589489e-02 -5.525955e-02 9.947705e-01 -6.674124e+00
9.755425e-01 -1.979355e-01 -9.559514e-02 2.746129e+02 2.021860e-01 9.786500e-01 3.694157e-02 8.151304e+00 8.624214e-02 -5.536607e-02 9.947346e-01 -6.799450e+00
9.745970e-01 -2.027266e-01 -9.519713e-02 2.767681e+02 2.068419e-01 9.777318e-01 3.545543e-02 8.589307e+00 8.588949e-02 -5.424551e-02 9.948269e-01 -6.898674e+00
9.739819e-01 -2.066993e-01 -9.292283e-02 2.789162e+02 2.106217e-01 9.769590e-01 3.449168e-02 9.020555e+00 8.365238e-02 -5.316583e-02 9.950757e-01 -7.007947e+00
9.732875e-01 -2.109181e-01 -9.069129e-02 2.810694e+02 2.146354e-01 9.761268e-01 3.328950e-02 9.470476e+00 8.150484e-02 -5.186582e-02 9.953225e-01 -7.104984e+00
9.726298e-01 -2.139572e-01 -9.062816e-02 2.832080e+02 2.178769e-01 9.753228e-01 3.570899e-02 9.924565e+00 8.075151e-02 -5.447741e-02 9.952444e-01 -7.220380e+00
9.719660e-01 -2.174786e-01 -8.935954e-02 2.853633e+02 2.215692e-01 9.743798e-01 3.861961e-02 1.039369e+01 7.867117e-02 -5.733627e-02 9.952504e-01 -7.330124e+00
9.712095e-01 -2.211328e-01 -8.861344e-02 2.874980e+02 2.253473e-01 9.734300e-01 4.064981e-02 1.086617e+01 7.726999e-02 -5.944828e-02 9.952363e-01 -7.451543e+00
9.703339e-01 -2.248643e-01 -8.881521e-02 2.896557e+02 2.290653e-01 9.725802e-01 4.020973e-02 1.136142e+01 7.733819e-02 -5.936135e-02 9.952362e-01 -7.580710e+00
9.696355e-01 -2.276961e-01 -8.922673e-02 2.918032e+02 2.320085e-01 9.718392e-01 4.123965e-02 1.184874e+01 7.732392e-02 -6.068878e-02 9.951572e-01 -7.719766e+00
9.686327e-01 -2.305045e-01 -9.283481e-02 2.939247e+02 2.350979e-01 9.710690e-01 4.187770e-02 1.235092e+01 8.049602e-02 -6.238938e-02 9.948004e-01 -7.838838e+00
9.679174e-01 -2.329208e-01 -9.425393e-02 2.960685e+02 2.375553e-01 9.704995e-01 4.121204e-02 1.286075e+01 8.187424e-02 -6.228037e-02 9.946948e-01 -7.960048e+00
9.671482e-01 -2.354970e-01 -9.573710e-02 2.982046e+02 2.401679e-01 9.698883e-01 4.044577e-02 1.337122e+01 8.332944e-02 -6.211003e-02 9.945846e-01 -8.085520e+00
9.668149e-01 -2.377903e-01 -9.340572e-02 3.003468e+02 2.422704e-01 9.693916e-01 3.981200e-02 1.388152e+01 8.107981e-02 -6.112028e-02 9.948319e-01 -8.190952e+00
9.660783e-01 -2.409622e-01 -9.289732e-02 3.024711e+02 2.453768e-01 9.686313e-01 3.928666e-02 1.440922e+01 8.051666e-02 -6.074884e-02 9.949003e-01 -8.323720e+00
9.653908e-01 -2.443438e-01 -9.119619e-02 3.045956e+02 2.485984e-01 9.678426e-01 3.846930e-02 1.493129e+01 7.886381e-02 -5.980913e-02 9.950897e-01 -8.446030e+00
9.642726e-01 -2.488661e-01 -9.079659e-02 3.067198e+02 2.531702e-01 9.666246e-01 3.926306e-02 1.547264e+01 7.799497e-02 -6.084728e-02 9.950952e-01 -8.571847e+00
9.627357e-01 -2.546775e-01 -9.099133e-02 3.088150e+02 2.588751e-01 9.651799e-01 3.757162e-02 1.602157e+01 7.825436e-02 -5.972692e-02 9.951427e-01 -8.685002e+00
9.612105e-01 -2.608147e-01 -8.972135e-02 3.109152e+02 2.648797e-01 9.635847e-01 3.664842e-02 1.657696e+01 7.689568e-02 -5.899222e-02 9.952924e-01 -8.813508e+00
9.594027e-01 -2.675512e-01 -8.923402e-02 3.130066e+02 2.714146e-01 9.618553e-01 3.418408e-02 1.715725e+01 7.668421e-02 -5.701571e-02 9.954239e-01 -8.919583e+00
9.577205e-01 -2.739712e-01 -8.781433e-02 3.150822e+02 2.777435e-01 9.600589e-01 3.384715e-02 1.773054e+01 7.503378e-02 -5.680597e-02 9.955617e-01 -9.037571e+00
9.557832e-01 -2.802823e-01 -8.899639e-02 3.171475e+02 2.840756e-01 9.582330e-01 3.302341e-02 1.832888e+01 7.602339e-02 -5.684493e-02 9.954844e-01 -9.139185e+00
9.539678e-01 -2.865086e-01 -8.864693e-02 3.191989e+02 2.903379e-01 9.563357e-01 3.355686e-02 1.893200e+01 7.516189e-02 -5.774973e-02 9.954977e-01 -9.246143e+00
9.520535e-01 -2.924562e-01 -8.979644e-02 3.212673e+02 2.963042e-01 9.545327e-01 3.272296e-02 1.955118e+01 7.614362e-02 -5.776107e-02 9.954224e-01 -9.353028e+00
9.501219e-01 -2.990538e-01 -8.851656e-02 3.233188e+02 3.028565e-01 9.524684e-01 3.288956e-02 2.019061e+01 7.447349e-02 -5.805690e-02 9.955316e-01 -9.474129e+00
9.477956e-01 -3.050728e-01 -9.281257e-02 3.253703e+02 3.088030e-01 9.506973e-01 2.855521e-02 2.082684e+01 7.952523e-02 -5.572531e-02 9.952741e-01 -9.565520e+00
9.458167e-01 -3.103972e-01 -9.531177e-02 3.274111e+02 3.141875e-01 9.489669e-01 2.735411e-02 2.148938e+01 8.195706e-02 -5.581775e-02 9.950716e-01 -9.695469e+00
9.438862e-01 -3.153941e-01 -9.800759e-02 3.294606e+02 3.191825e-01 9.473549e-01 2.532320e-02 2.215344e+01 8.486117e-02 -5.518453e-02 9.948635e-01 -9.713256e+00
9.423037e-01 -3.199847e-01 -9.835403e-02 3.314624e+02 3.240612e-01 9.456131e-01 2.828868e-02 2.282835e+01 8.395291e-02 -5.852925e-02 9.947493e-01 -9.856656e+00
9.413565e-01 -3.236488e-01 -9.539114e-02 3.334880e+02 3.276271e-01 9.443598e-01 2.907012e-02 2.350446e+01 8.067505e-02 -5.861808e-02 9.950153e-01 -9.927115e+00
9.401625e-01 -3.273586e-01 -9.450316e-02 3.355106e+02 3.313716e-01 9.430228e-01 3.001518e-02 2.418693e+01 7.929290e-02 -5.953481e-02 9.950720e-01 -1.004551e+01
9.388397e-01 -3.312403e-01 -9.412646e-02 3.375256e+02 3.349057e-01 9.418986e-01 2.579569e-02 2.487444e+01 8.011299e-02 -5.574151e-02 9.952260e-01 -1.013116e+01
9.378578e-01 -3.347554e-01 -9.144172e-02 3.395496e+02 3.383453e-01 9.406456e-01 2.661371e-02 2.558467e+01 7.710516e-02 -5.589875e-02 9.954547e-01 -1.023254e+01
9.371859e-01 -3.370347e-01 -8.994538e-02 3.415557e+02 3.404760e-01 9.399027e-01 2.567652e-02 2.628042e+01 7.588602e-02 -5.468791e-02 9.956157e-01 -1.030528e+01
9.367337e-01 -3.399612e-01 -8.340480e-02 3.435688e+02 3.434372e-01 9.386573e-01 3.119813e-02 2.698818e+01 6.768238e-02 -5.786865e-02 9.960273e-01 -1.040709e+01
9.361066e-01 -3.433553e-01 -7.623331e-02 3.455660e+02 3.465670e-01 9.374272e-01 3.349046e-02 2.770411e+01 5.996404e-02 -5.777059e-02 9.965274e-01 -1.048627e+01
9.351411e-01 -3.473799e-01 -6.955741e-02 3.475432e+02 3.504870e-01 9.357708e-01 3.862854e-02 2.841889e+01 5.167101e-02 -6.050210e-02 9.968297e-01 -1.064821e+01
9.338040e-01 -3.504625e-01 -7.201467e-02 3.495310e+02 3.534572e-01 9.348403e-01 3.378807e-02 2.914740e+01 5.548077e-02 -5.700554e-02 9.968311e-01 -1.074265e+01
9.325896e-01 -3.535422e-01 -7.269472e-02 3.515268e+02 3.563843e-01 9.338465e-01 3.034812e-02 2.988976e+01 5.715637e-02 -5.420960e-02 9.968924e-01 -1.085736e+01
9.314221e-01 -3.568647e-01 -7.141851e-02 3.535015e+02 3.595331e-01 9.326997e-01 2.841679e-02 3.063282e+01 5.647106e-02 -5.214534e-02 9.970416e-01 -1.093656e+01
9.299509e-01 -3.610082e-01 -6.974522e-02 3.554793e+02 3.637218e-01 9.309999e-01 3.075199e-02 3.138996e+01 5.383107e-02 -5.396570e-02 9.970908e-01 -1.103356e+01
9.283386e-01 -3.657502e-01 -6.643976e-02 3.574476e+02 3.683208e-01 9.291704e-01 3.133949e-02 3.214047e+01 5.027144e-02 -5.356481e-02 9.972981e-01 -1.111563e+01
9.263371e-01 -3.718140e-01 -6.044830e-02 3.593994e+02 3.740367e-01 9.269114e-01 3.052905e-02 3.291270e+01 4.467908e-02 -5.089007e-02 9.977043e-01 -1.121581e+01
9.240538e-01 -3.778359e-01 -5.800501e-02 3.613569e+02 3.798563e-01 9.246030e-01 2.860761e-02 3.367065e+01 4.282263e-02 -4.846855e-02 9.979063e-01 -1.133020e+01
9.218729e-01 -3.836019e-01 -5.477231e-02 3.633101e+02 3.854138e-01 9.223427e-01 2.720617e-02 3.446381e+01 4.008250e-02 -4.619063e-02 9.981282e-01 -1.144119e+01
9.193748e-01 -3.896564e-01 -5.401808e-02 3.652504e+02 3.914334e-01 9.198065e-01 2.712831e-02 3.526984e+01 3.911546e-02 -4.608556e-02 9.981714e-01 -1.151552e+01
9.169639e-01 -3.954873e-01 -5.260238e-02 3.671690e+02 3.972056e-01 9.173254e-01 2.723524e-02 3.606070e+01 3.748231e-02 -4.586769e-02 9.982440e-01 -1.161657e+01
9.144233e-01 -4.018193e-01 -4.869418e-02 3.690940e+02 4.033778e-01 9.146143e-01 2.768907e-02 3.688499e+01 3.341040e-02 -4.496169e-02 9.984298e-01 -1.170727e+01
9.113910e-01 -4.090391e-01 -4.531503e-02 3.709995e+02 4.104010e-01 9.115306e-01 2.613010e-02 3.772128e+01 3.061781e-02 -4.241207e-02 9.986309e-01 -1.180094e+01
9.081591e-01 -4.168087e-01 -3.895700e-02 3.729008e+02 4.178486e-01 9.082066e-01 2.373425e-02 3.855737e+01 2.548836e-02 -3.783260e-02 9.989590e-01 -1.188513e+01
9.046918e-01 -4.243700e-01 -3.798622e-02 3.747903e+02 4.253778e-01 9.046999e-01 2.391018e-02 3.940924e+01 2.421937e-02 -3.778984e-02 9.989921e-01 -1.197247e+01
9.011480e-01 -4.318261e-01 -3.818927e-02 3.766540e+02 4.327624e-01 9.012699e-01 2.071667e-02 4.027863e+01 2.547284e-02 -3.519567e-02 9.990557e-01 -1.208743e+01
8.977137e-01 -4.387924e-01 -3.963990e-02 3.785011e+02 4.396625e-01 8.980136e-01 1.638303e-02 4.115589e+01 2.840842e-02 -3.213545e-02 9.990797e-01 -1.215759e+01
8.944365e-01 -4.451616e-01 -4.259809e-02 3.803481e+02 4.460756e-01 8.948764e-01 1.459411e-02 4.204470e+01 3.162329e-02 -3.205547e-02 9.989857e-01 -1.222872e+01
8.912768e-01 -4.514464e-01 -4.268216e-02 3.821718e+02 4.524299e-01 8.916447e-01 1.664630e-02 4.293567e+01 3.054240e-02 -3.414714e-02 9.989500e-01 -1.230890e+01
8.878688e-01 -4.575047e-01 -4.876902e-02 3.840057e+02 4.587222e-01 8.884166e-01 1.702573e-02 4.386086e+01 3.553786e-02 -3.748805e-02 9.986650e-01 -1.235670e+01
8.848242e-01 -4.631839e-01 -5.046704e-02 3.858055e+02 4.645017e-01 8.853914e-01 1.790047e-02 4.478259e+01 3.639187e-02 -3.928079e-02 9.985653e-01 -1.246710e+01
8.814769e-01 -4.691550e-01 -5.377866e-02 3.875953e+02 4.705868e-01 8.821840e-01 1.729858e-02 4.570891e+01 3.932697e-02 -4.055582e-02 9.984030e-01 -1.252054e+01
8.780517e-01 -4.753375e-01 -5.549225e-02 3.893792e+02 4.767326e-01 8.789276e-01 1.457104e-02 4.666041e+01 4.184750e-02 -3.924909e-02 9.983528e-01 -1.257891e+01
8.746915e-01 -4.813718e-01 -5.653222e-02 3.911490e+02 4.828949e-01 8.755233e-01 1.648416e-02 4.760036e+01 4.156026e-02 -4.171768e-02 9.982647e-01 -1.266996e+01
8.711183e-01 -4.874383e-01 -5.963976e-02 3.929066e+02 4.890859e-01 8.720859e-01 1.615585e-02 4.856940e+01 4.413602e-02 -4.324262e-02 9.980892e-01 -1.273195e+01
8.677658e-01 -4.931671e-01 -6.139060e-02 3.946494e+02 4.949275e-01 8.687717e-01 1.680236e-02 4.954482e+01 4.504805e-02 -4.496441e-02 9.979724e-01 -1.280989e+01
8.640552e-01 -4.987825e-01 -6.800403e-02 3.963727e+02 5.007428e-01 8.654747e-01 1.449546e-02 5.052001e+01 5.162570e-02 -4.657741e-02 9.975798e-01 -1.287069e+01
8.604141e-01 -5.049092e-01 -6.895183e-02 3.980927e+02 5.068226e-01 8.619589e-01 1.256503e-02 5.151376e+01 5.308944e-02 -4.575747e-02 9.975408e-01 -1.294277e+01
8.565461e-01 -5.109938e-01 -7.220894e-02 3.998041e+02 5.128483e-01 8.584359e-01 8.625926e-03 5.250820e+01 5.757895e-02 -4.442074e-02 9.973522e-01 -1.297271e+01
8.531013e-01 -5.169272e-01 -7.074220e-02 4.015028e+02 5.185881e-01 8.550022e-01 6.138388e-03 5.352301e+01 5.731163e-02 -4.192272e-02 9.974757e-01 -1.305628e+01
8.495420e-01 -5.230345e-01 -6.865394e-02 4.031753e+02 5.245109e-01 8.513937e-01 4.162377e-03 5.451935e+01 5.627446e-02 -3.954585e-02 9.976318e-01 -1.305674e+01
8.459374e-01 -5.285133e-01 -7.115930e-02 4.048328e+02 5.306045e-01 8.475180e-01 1.311946e-02 5.552354e+01 5.337498e-02 -4.885569e-02 9.973787e-01 -1.314992e+01
8.425471e-01 -5.341170e-01 -6.952300e-02 4.064980e+02 5.363746e-01 8.437926e-01 1.779144e-02 5.656541e+01 4.916027e-02 -5.228049e-02 9.974217e-01 -1.320167e+01
8.389910e-01 -5.386719e-01 -7.698486e-02 4.081416e+02 5.414065e-01 8.405484e-01 1.890688e-02 5.759983e+01 5.452489e-02 -5.754281e-02 9.968530e-01 -1.327404e+01
8.367805e-01 -5.429273e-01 -7.091139e-02 4.097850e+02 5.450910e-01 8.382560e-01 1.423599e-02 5.863955e+01 5.171279e-02 -5.056556e-02 9.973810e-01 -1.334680e+01
8.345925e-01 -5.458813e-01 -7.395269e-02 4.114126e+02 5.481719e-01 8.362556e-01 1.357470e-02 5.968717e+01 5.443317e-02 -5.186813e-02 9.971694e-01 -1.342319e+01
8.330036e-01 -5.485371e-01 -7.219408e-02 4.130398e+02 5.506985e-01 8.346069e-01 1.275912e-02 6.074192e+01 5.325482e-02 -5.038556e-02 9.973090e-01 -1.347646e+01
8.314058e-01 -5.505015e-01 -7.558160e-02 4.146617e+02 5.529588e-01 8.330760e-01 1.486502e-02 6.179240e+01 5.478200e-02 -5.415237e-02 9.970288e-01 -1.352609e+01
8.298323e-01 -5.528351e-01 -7.584004e-02 4.162737e+02 5.551900e-01 8.316269e-01 1.268461e-02 6.285664e+01 5.605812e-02 -5.263173e-02 9.970393e-01 -1.359196e+01
8.279244e-01 -5.553978e-01 -7.793872e-02 4.178946e+02 5.576801e-01 8.300023e-01 9.436402e-03 6.393030e+01 5.944836e-02 -5.127750e-02 9.969135e-01 -1.365522e+01
8.265162e-01 -5.575411e-01 -7.758173e-02 4.195172e+02 5.593958e-01 8.288965e-01 2.652122e-03 6.499722e+01 6.282855e-02 -4.559091e-02 9.969825e-01 -1.369138e+01
8.248177e-01 -5.602379e-01 -7.621803e-02 4.211357e+02 5.618982e-01 8.272063e-01 4.101843e-04 6.608874e+01 6.281824e-02 -4.316510e-02 9.970911e-01 -1.372542e+01
8.232486e-01 -5.626785e-01 -7.519630e-02 4.227262e+02 5.643235e-01 8.255533e-01 7.624812e-04 6.716120e+01 6.164953e-02 -4.306275e-02 9.971685e-01 -1.375726e+01
8.215348e-01 -5.651676e-01 -7.527407e-02 4.243336e+02 5.670429e-01 8.236767e-01 4.384823e-03 6.825160e+01 5.952334e-02 -4.628591e-02 9.971532e-01 -1.378827e+01
8.192010e-01 -5.684763e-01 -7.579167e-02 4.259294e+02 5.705379e-01 8.212415e-01 6.978387e-03 6.935057e+01 5.827622e-02 -4.895873e-02 9.970993e-01 -1.382419e+01
8.171104e-01 -5.718253e-01 -7.312024e-02 4.275218e+02 5.738717e-01 8.188968e-01 8.898314e-03 7.043792e+01 5.478965e-02 -4.923255e-02 9.972835e-01 -1.385985e+01
8.140956e-01 -5.758770e-01 -7.492714e-02 4.291158e+02 5.779443e-01 8.160418e-01 7.503390e-03 7.154646e+01 5.682265e-02 -4.941219e-02 9.971608e-01 -1.394418e+01
8.117270e-01 -5.794535e-01 -7.302575e-02 4.307011e+02 5.814173e-01 8.135738e-01 7.173324e-03 7.265903e+01 5.525523e-02 -4.828122e-02 9.973043e-01 -1.400413e+01
8.091431e-01 -5.826911e-01 -7.588547e-02 4.322744e+02 5.847598e-01 8.111812e-01 6.409040e-03 7.376793e+01 5.782237e-02 -4.956061e-02 9.970959e-01 -1.401482e+01
8.072760e-01 -5.854555e-01 -7.448031e-02 4.338497e+02 5.876253e-01 8.090791e-01 9.345204e-03 7.488641e+01 5.478926e-02 -5.131068e-02 9.971787e-01 -1.406505e+01
8.055992e-01 -5.876609e-01 -7.526378e-02 4.354117e+02 5.898825e-01 8.074337e-01 9.453923e-03 7.601274e+01 5.521481e-02 -5.201286e-02 9.971188e-01 -1.413600e+01
8.036122e-01 -5.905289e-01 -7.404795e-02 4.369983e+02 5.924013e-01 8.056321e-01 4.213188e-03 7.716059e+01 5.716739e-02 -4.725188e-02 9.972458e-01 -1.412720e+01
8.015572e-01 -5.930543e-01 -7.610953e-02 4.385701e+02 5.950627e-01 8.036654e-01 4.725372e-03 7.829716e+01 5.836419e-02 -4.907760e-02 9.970883e-01 -1.420638e+01
7.997180e-01 -5.960218e-01 -7.217417e-02 4.401255e+02 5.977604e-01 8.016685e-01 3.157092e-03 7.943740e+01 5.597807e-02 -4.566765e-02 9.973871e-01 -1.421717e+01
7.978712e-01 -5.988153e-01 -6.943915e-02 4.416960e+02 6.006544e-01 7.994754e-01 7.297823e-03 8.059589e+01 5.114485e-02 -4.753166e-02 9.975595e-01 -1.429461e+01
7.953575e-01 -6.022957e-01 -6.816404e-02 4.432643e+02 6.039818e-01 7.969803e-01 5.335608e-03 8.176269e+01 5.111177e-02 -4.541355e-02 9.976599e-01 -1.429718e+01
7.929652e-01 -6.051064e-01 -7.108077e-02 4.448199e+02 6.070750e-01 7.946041e-01 8.009950e-03 8.293272e+01 5.163420e-02 -4.950297e-02 9.974384e-01 -1.439513e+01
7.911890e-01 -6.076784e-01 -6.889796e-02 4.463613e+02 6.096616e-01 7.925937e-01 1.038565e-02 8.409626e+01 4.829697e-02 -5.022145e-02 9.975697e-01 -1.438108e+01
7.894217e-01 -6.103268e-01 -6.568531e-02 4.479332e+02 6.124025e-01 7.903842e-01 1.600453e-02 8.527513e+01 4.214863e-02 -5.286018e-02 9.977120e-01 -1.446322e+01
7.870412e-01 -6.141729e-01 -5.794573e-02 4.495012e+02 6.157213e-01 7.878687e-01 1.226131e-02 8.647412e+01 3.812306e-02 -4.532857e-02 9.982445e-01 -1.447104e+01
7.846308e-01 -6.178039e-01 -5.169856e-02 4.510565e+02 6.190590e-01 7.852600e-01 1.152987e-02 8.765818e+01 3.347360e-02 -4.105114e-02 9.985962e-01 -1.456060e+01
7.822476e-01 -6.217051e-01 -3.964083e-02 4.525990e+02 6.224751e-01 7.825749e-01 1.005932e-02 8.885137e+01 2.476800e-02 -3.254431e-02 9.991633e-01 -1.459234e+01
7.795839e-01 -6.255244e-01 -3.111454e-02 4.541574e+02 6.260523e-01 7.797068e-01 1.075383e-02 9.004343e+01 1.753344e-02 -2.786284e-02 9.994580e-01 -1.466261e+01
7.765981e-01 -6.293640e-01 -2.822027e-02 4.556894e+02 6.297633e-01 7.767498e-01 7.603599e-03 9.125846e+01 1.713466e-02 -2.367703e-02 9.995728e-01 -1.471153e+01
7.735528e-01 -6.331367e-01 -2.745774e-02 4.572008e+02 6.334715e-01 7.737508e-01 4.865628e-03 9.247137e+01 1.816484e-02 -2.115751e-02 9.996111e-01 -1.477355e+01
7.702036e-01 -6.371877e-01 -2.789582e-02 4.587140e+02 6.374400e-01 7.705001e-01 1.968015e-04 9.369167e+01 2.136832e-02 -1.793348e-02 9.996108e-01 -1.481739e+01
7.673638e-01 -6.405821e-01 -2.841170e-02 4.602187e+02 6.408103e-01 7.676980e-01 -1.373370e-03 9.492030e+01 2.269136e-02 -1.715264e-02 9.995953e-01 -1.485695e+01
7.639835e-01 -6.445410e-01 -2.993623e-02 4.617082e+02 6.447378e-01 7.643942e-01 -3.819835e-03 9.615175e+01 2.534512e-02 -1.638273e-02 9.995445e-01 -1.487921e+01
7.607208e-01 -6.483518e-01 -3.071961e-02 4.631938e+02 6.486226e-01 7.611088e-01 -1.484197e-03 9.738822e+01 2.434325e-02 -1.879637e-02 9.995269e-01 -1.491096e+01
7.573265e-01 -6.523702e-01 -2.949077e-02 4.646667e+02 6.526424e-01 7.576660e-01 -5.172919e-04 9.863259e+01 2.268162e-02 -1.885517e-02 9.995649e-01 -1.493374e+01
7.537081e-01 -6.566078e-01 -2.811391e-02 4.661402e+02 6.568980e-01 7.539780e-01 1.474673e-03 9.987784e+01 2.022899e-02 -1.957944e-02 9.996036e-01 -1.495972e+01
7.498565e-01 -6.611357e-01 -2.479763e-02 4.676161e+02 6.613275e-01 7.500972e-01 -6.172047e-04 1.011415e+02 1.900868e-02 -1.593654e-02 9.996923e-01 -1.500142e+01
7.459590e-01 -6.656469e-01 -2.143212e-02 4.690833e+02 6.657863e-01 7.461420e-01 -8.361968e-04 1.024164e+02 1.654802e-02 -1.364544e-02 9.997700e-01 -1.502793e+01
7.425750e-01 -6.694969e-01 -1.887405e-02 4.705336e+02 6.695993e-01 7.427217e-01 -1.171191e-03 1.036858e+02 1.480228e-02 -1.176835e-02 9.998212e-01 -1.505712e+01
7.391453e-01 -6.732752e-01 -1.910109e-02 4.719792e+02 6.733605e-01 7.393103e-01 -2.507058e-03 1.049571e+02 1.580957e-02 -1.100884e-02 9.998144e-01 -1.508399e+01
7.360200e-01 -6.767339e-01 -1.748551e-02 4.734364e+02 6.767918e-01 7.361672e-01 -3.260674e-03 1.062722e+02 1.507887e-02 -9.434129e-03 9.998418e-01 -1.510252e+01
7.326254e-01 -6.804172e-01 -1.710435e-02 4.748762e+02 6.804712e-01 7.327673e-01 -3.333716e-03 1.075743e+02 1.480183e-02 -9.196654e-03 9.998481e-01 -1.512960e+01
7.302827e-01 -6.829578e-01 -1.599505e-02 4.763281e+02 6.829935e-01 7.304137e-01 -3.968809e-03 1.088878e+02 1.439353e-02 -8.026158e-03 9.998642e-01 -1.515450e+01
7.284363e-01 -6.850394e-01 -1.007861e-02 4.777568e+02 6.850034e-01 7.285042e-01 -7.212541e-03 1.101910e+02 1.228319e-02 -1.650007e-03 9.999232e-01 -1.517517e+01
