1.000000e+00 0.000000e+00 0.000000e+00 0.000000e+00 0.000000e+00 1.000000e+00 0.000000e+00 0.000000e+00 0.000000e+00 0.000000e+00 1.000000e+00 0.000000e+00
9.999995e-01 -5.986752e-04 -7.724897e-04 6.933780e-01 5.987115e-04 9.999999e-01 4.673068e-05 -1.189584e-03 7.724615e-04 -4.719316e-05 9.999997e-01 2.701929e-03
9.999994e-01 -9.616403e-04 5.534924e-04 1.142970e+00 9.608602e-04 9.999985e-01 1.407879e-03 -5.211280e-03 -5.548455e-04 -1.407347e-03 9.999989e-01 -1.384853e-02
9.999981e-01 -1.617853e-03 1.098384e-03 1.586309e+00 1.615863e-03 9.999970e-01 1.810223e-03 1.234927e-05 -1.101310e-03 -1.808444e-03 9.999977e-01 -1.742343e-02
9.999962e-01 -2.277971e-03 1.525852e-03 2.044737e+00 2.274303e-03 9.999945e-01 2.401142e-03 -8.416293e-03 -1.531313e-03 -2.397663e-03 9.999959e-01 -2.031929e-02
9.999946e-01 -2.662061e-03 1.935207e-03 2.519502e+00 2.655816e-03 9.999914e-01 3.222926e-03 -1.080928e-02 -1.943770e-03 -3.217769e-03 9.999929e-01 -2.552594e-02
9.999948e-01 -3.079725e-03 9.280143e-04 2.994994e+00 3.076072e-03 9.999876e-01 3.912186e-03 -1.837016e-02 -9.400513e-04 -3.909311e-03 9.999919e-01 -2.892949e-02
9.999923e-01 -3.694324e-03 1.340936e-03 3.488052e+00 3.688327e-03 9.999833e-01 4.447572e-03 -1.555724e-02 -1.357344e-03 -4.442593e-03 9.999892e-01 -3.764271e-02
9.999946e-01 -3.128439e-03 9.637898e-04 3.985754e+00 3.124051e-03 9.999850e-01 4.520903e-03 -2.470307e-02 -9.779186e-04 -4.517868e-03 9.999893e-01 -3.766805e-02
9.999977e-01 -2.118115e-03 4.417435e-04 4.500713e+00 2.115569e-03 9.999815e-01 5.687832e-03 -3.133659e-02 -4.537828e-04 -5.686884e-03 9.999837e-01 -4.519549e-02
9.999996e-01 -8.590718e-04 -1.262746e-04 5.023842e+00 8.597882e-04 9.999828e-01 5.786445e-03 -3.514900e-02 1.213015e-04 -5.786551e-03 9.999833e-01 -5.324339e-02
9.999995e-01 3.062356e-04 9.286127e-04 5.547610e+00 -3.108567e-04 9.999876e-01 4.980212e-03 -4.639316e-02 -9.270760e-04 -4.980498e-03 9.999872e-01 -5.891063e-02
9.999957e-01 1.338494e-03 2.609459e-03 6.086999e+00 -1.354145e-03 9.999809e-01 6.005132e-03 -5.283365e-02 -2.601372e-03 -6.008639e-03 9.999785e-01 -7.905021e-02
9.999936e-01 2.948160e-03 2.008396e-03 6.634965e+00 -2.960632e-03 9.999763e-01 6.235230e-03 -5.646303e-02 -1.989966e-03 -6.241137e-03 9.999785e-01 -7.776221e-02
9.999874e-01 4.600832e-03 1.988148e-03 7.189219e+00 -4.613991e-03 9.999671e-01 6.666128e-03 -6.900076e-02 -1.957413e-03 -6.675218e-03 9.999758e-01 -9.091233e-02
9.999812e-01 5.993211e-03 1.262028e-03 7.741408e+00 -6.001173e-03 9.999614e-01 6.402238e-03 -8.566057e-02 -1.223610e-03 -6.409691e-03 9.999787e-01 -1.070336e-01
9.999661e-01 7.211882e-03 3.956713e-03 8.300776e+00 -7.239508e-03 9.999493e-01 7.012799e-03 -9.765491e-02 -3.905936e-03 -7.041207e-03 9.999676e-01 -1.208701e-01
9.999572e-01 8.451408e-03 3.768650e-03 8.863782e+00 -8.476753e-03 9.999412e-01 6.760585e-03 -1.091537e-01 -3.711292e-03 -6.792241e-03 9.999700e-01 -1.226540e-01
9.999342e-01 1.015714e-02 5.334815e-03 9.426188e+00 -1.019469e-02 9.999232e-01 7.059575e-03 -1.260420e-01 -5.262700e-03 -7.113497e-03 9.999608e-01 -1.320040e-01
9.999216e-01 1.123553e-02 5.532029e-03 9.995880e+00 -1.127166e-02 9.999150e-01 6.543349e-03 -1.396232e-01 -5.458041e-03 -6.605191e-03 9.999633e-01 -1.441168e-01
9.999220e-01 1.185086e-02 3.937059e-03 1.057374e+01 -1.187775e-02 9.999058e-01 6.878820e-03 -1.483168e-01 -3.855168e-03 -6.925047e-03 9.999686e-01 -1.451939e-01
9.999180e-01 1.257054e-02 2.441295e-03 1.115832e+01 -1.258658e-02 9.998984e-01 6.670721e-03 -1.644485e-01 -2.357193e-03 -6.700901e-03 9.999748e-01 -1.687611e-01
9.999065e-01 1.325018e-02 3.381024e-03 1.173891e+01 -1.327245e-02 9.998897e-01 6.651523e-03 -1.796222e-01 -3.292518e-03 -6.695776e-03 9.999722e-01 -1.697211e-01
9.998940e-01 1.404396e-02 3.850620e-03 1.232635e+01 -1.407208e-02 9.998738e-01 7.377151e-03 -1.964566e-01 -3.746529e-03 -7.430555e-03 9.999654e-01 -1.803622e-01
9.998872e-01 1.469961e-02 3.084448e-03 1.292420e+01 -1.472153e-02 9.998657e-01 7.208252e-03 -2.094764e-01 -2.978075e-03 -7.252846e-03 9.999692e-01 -1.946891e-01
9.998768e-01 1.541282e-02 2.973436e-03 1.352052e+01 -1.543569e-02 9.998503e-01 7.829079e-03 -2.250500e-01 -2.852322e-03 -7.874012e-03 9.999650e-01 -2.103866e-01
9.998634e-01 1.642316e-02 1.832220e-03 1.412300e+01 -1.643724e-02 9.998332e-01 7.953488e-03 -2.488831e-01 -1.701294e-03 -7.982519e-03 9.999667e-01 -2.161056e-01
9.998533e-01 1.699709e-02 2.103784e-03 1.472760e+01 -1.701274e-02 9.998258e-01 7.661100e-03 -2.691492e-01 -1.973201e-03 -7.695767e-03 9.999685e-01 -2.251808e-01
9.998363e-01 1.784231e-02 3.007431e-03 1.533358e+01 -1.786563e-02 9.998090e-01 7.912951e-03 -2.812153e-01 -2.865672e-03 -7.965384e-03 9.999642e-01 -2.347163e-01
9.998312e-01 1.814349e-02 2.888189e-03 1.594432e+01 -1.816642e-02 9.998020e-01 8.121278e-03 -3.023568e-01 -2.740269e-03 -8.172376e-03 9.999629e-01 -2.465000e-01
9.998303e-01 1.831663e-02 1.951950e-03 1.656154e+01 -1.833349e-02 9.997915e-01 9.001490e-03 -3.197330e-01 -1.786666e-03 -9.035749e-03 9.999576e-01 -2.684882e-01
9.998161e-01 1.899400e-02 2.641372e-03 1.718034e+01 -1.901713e-02 9.997784e-01 9.024200e-03 -3.391660e-01 -2.469381e-03 -9.072772e-03 9.999558e-01 -2.774246e-01
9.998216e-01 1.882720e-02 1.531813e-03 1.780893e+01 -1.884100e-02 9.997770e-01 9.555566e-03 -3.579628e-01 -1.351567e-03 -9.582722e-03 9.999532e-01 -2.877243e-01
9.998136e-01 1.880573e-02 4.379603e-03 1.843340e+01 -1.884772e-02 9.997748e-01 9.750572e-03 -3.747469e-01 -4.195250e-03 -9.831299e-03 9.999429e-01 -3.057868e-01
9.998132e-01 1.899424e-02 3.573386e-03 1.906018e+01 -1.902625e-02 9.997772e-01 9.148645e-03 -3.990743e-01 -3.398818e-03 -9.214924e-03 9.999518e-01 -3.135421e-01
9.998110e-01 1.885648e-02 4.739105e-03 1.969183e+01 -1.889925e-02 9.997796e-01 9.146254e-03 -4.212390e-01 -4.565594e-03 -9.234090e-03 9.999470e-01 -3.323566e-01
9.998136e-01 1.889569e-02 3.979037e-03 2.031486e+01 -1.893376e-02 9.997731e-01 9.757106e-03 -4.381477e-01 -3.793766e-03 -9.830625e-03 9.999445e-01 -3.460250e-01
9.998077e-01 1.884946e-02 5.416154e-03 2.094406e+01 -1.890591e-02 9.997655e-01 1.056713e-02 -4.647376e-01 -5.215699e-03 -1.066750e-02 9.999295e-01 -3.600850e-01
9.998016e-01 1.881351e-02 6.535732e-03 2.157219e+01 -1.888527e-02 9.997600e-01 1.109589e-02 -4.810191e-01 -6.325411e-03 -1.121712e-02 9.999171e-01 -3.713062e-01
9.998006e-01 1.938568e-02 4.794703e-03 2.220736e+01 -1.943917e-02 9.997463e-01 1.137297e-02 -5.049669e-01 -4.573014e-03 -1.146391e-02 9.999238e-01 -3.945510e-01
9.997854e-01 1.994407e-02 5.611429e-03 2.283105e+01 -2.000481e-02 9.997395e-01 1.098630e-02 -5.172023e-01 -5.390855e-03 -1.109620e-02 9.999239e-01 -4.110240e-01
9.997814e-01 2.050887e-02 4.063915e-03 2.347046e+01 -2.054788e-02 9.997408e-01 9.800339e-03 -5.387742e-01 -3.861868e-03 -9.881701e-03 9.999437e-01 -4.144563e-01
9.997672e-01 2.062882e-02 6.318586e-03 2.410307e+01 -2.068705e-02 9.997427e-01 9.292808e-03 -5.619789e-01 -6.125262e-03 -9.421359e-03 9.999369e-01 -4.446876e-01
9.997718e-01 2.067683e-02 5.363700e-03 2.471666e+01 -2.072383e-02 9.997460e-01 8.860844e-03 -5.827390e-01 -5.179123e-03 -8.969978e-03 9.999464e-01 -4.517341e-01
9.997671e-01 2.084494e-02 5.596674e-03 2.533834e+01 -2.089695e-02 9.997374e-01 9.400993e-03 -5.985484e-01 -5.399241e-03 -9.515756e-03 9.999402e-01 -4.669734e-01
9.997776e-01 2.094260e-02 2.469409e-03 2.596052e+01 -2.096437e-02 9.997385e-01 9.151062e-03 -6.139418e-01 -2.277116e-03 -9.200796e-03 9.999551e-01 -4.855157e-01
9.997836e-01 2.073017e-02 1.701804e-03 2.657816e+01 -2.074604e-02 9.997357e-01 9.903274e-03 -6.286156e-01 -1.496058e-03 -9.936437e-03 9.999495e-01 -5.005557e-01
9.997766e-01 2.108261e-02 1.524101e-03 2.719517e+01 -2.109616e-02 9.997324e-01 9.499016e-03 -6.535108e-01 -1.323429e-03 -9.529046e-03 9.999537e-01 -5.123408e-01
9.997736e-01 2.120366e-02 -1.800147e-03 2.781550e+01 -2.118439e-02 9.997243e-01 1.012299e-02 -6.716297e-01 2.014295e-03 -1.008256e-02 9.999471e-01 -5.328740e-01
9.997712e-01 2.117887e-02 -3.004600e-03 2.843014e+01 -2.114558e-02 9.997190e-01 1.070788e-02 -6.861949e-01 3.230536e-03 -1.064190e-02 9.999381e-01 -5.497366e-01
9.997778e-01 2.064042e-02 -4.287716e-03 2.903914e+01 -2.059428e-02 9.997324e-01 1.053946e-02 -7.006570e-01 4.504108e-03 -1.044882e-02 9.999353e-01 -5.695661e-01
9.997695e-01 2.100636e-02 -4.434708e-03 2.964974e+01 -2.095183e-02 9.997083e-01 1.200410e-02 -7.234405e-01 4.685577e-03 -1.190842e-02 9.999181e-01 -5.947896e-01
9.997790e-01 2.024740e-02 -5.663719e-03 3.026727e+01 -2.017405e-02 9.997157e-01 1.272137e-02 -7.337382e-01 5.919683e-03 -1.260430e-02 9.999030e-01 -6.041814e-01
9.997783e-01 2.029632e-02 -5.604425e-03 3.087128e+01 -2.022017e-02 9.997067e-01 1.332569e-02 -7.628989e-01 5.873244e-03 -1.320941e-02 9.998955e-01 -6.224970e-01
9.998012e-01 1.908395e-02 -5.774673e-03 3.148294e+01 -1.899316e-02 9.997011e-01 1.538754e-02 -7.764956e-01 6.066603e-03 -1.527480e-02 9.998649e-01 -6.416049e-01
9.998152e-01 1.828140e-02 -5.947888e-03 3.209899e+01 -1.818923e-02 9.997190e-01 1.519669e-02 -7.971482e-01 6.224033e-03 -1.508570e-02 9.998668e-01 -6.634653e-01
9.998257e-01 1.725262e-02 -7.137842e-03 3.271506e+01 -1.715234e-02 9.997565e-01 1.388083e-02 -8.079813e-01 7.375586e-03 -1.375598e-02 9.998782e-01 -6.635280e-01
9.998497e-01 1.598305e-02 -6.711802e-03 3.333970e+01 -1.589890e-02 9.997967e-01 1.240913e-02 -8.236641e-01 6.908772e-03 -1.230055e-02 9.999005e-01 -6.840767e-01
9.998865e-01 1.454020e-02 -3.953157e-03 3.394891e+01 -1.450757e-02 9.998615e-01 8.159663e-03 -8.364702e-01 4.071252e-03 -8.101386e-03 9.999589e-01 -7.038370e-01
9.999042e-01 1.374999e-02 -1.626629e-03 3.456021e+01 -1.373959e-02 9.998863e-01 6.238712e-03 -8.622397e-01 1.712226e-03 -6.215765e-03 9.999792e-01 -7.139094e-01
9.999099e-01 1.334859e-02 1.413574e-03 3.517078e+01 -1.335568e-02 9.998977e-01 5.132946e-03 -8.779743e-01 -1.344912e-03 -5.151363e-03 9.999858e-01 -7.368560e-01
9.999076e-01 1.352900e-02 1.340680e-03 3.577489e+01 -1.353602e-02 9.998940e-01 5.372287e-03 -8.963091e-01 -1.267856e-03 -5.389939e-03 9.999847e-01 -7.541808e-01
9.999048e-01 1.367349e-02 1.883890e-03 3.637933e+01 -1.368635e-02 9.998820e-01 6.992584e-03 -9.052513e-01 -1.788055e-03 -7.017701e-03 9.999738e-01 -7.667630e-01
9.999012e-01 1.401886e-02 1.047520e-03 3.698497e+01 -1.402615e-02 9.998751e-01 7.301006e-03 -9.265381e-01 -9.450375e-04 -7.314977e-03 9.999728e-01 -7.752670e-01
9.998832e-01 1.460758e-02 4.483550e-03 3.759926e+01 -1.463657e-02 9.998719e-01 6.503593e-03 -9.425847e-01 -4.387973e-03 -6.568457e-03 9.999688e-01 -7.907927e-01
9.998664e-01 1.510447e-02 6.251068e-03 3.820539e+01 -1.514837e-02 9.998604e-01 7.036701e-03 -9.658341e-01 -6.143910e-03 -7.130455e-03 9.999557e-01 -8.040507e-01
9.998527e-01 1.586990e-02 6.540679e-03 3.881319e+01 -1.591739e-02 9.998469e-01 7.272942e-03 -9.863617e-01 -6.424257e-03 -7.375981e-03 9.999521e-01 -8.249016e-01
9.998464e-01 1.667332e-02 5.403241e-03 3.941943e+01 -1.671476e-02 9.998305e-01 7.716573e-03 -1.005226e+00 -5.273664e-03 -7.805701e-03 9.999557e-01 -8.423712e-01
9.998386e-01 1.718979e-02 5.228342e-03 4.003417e+01 -1.723564e-02 9.998122e-01 8.853334e-03 -1.021089e+00 -5.075174e-03 -8.942018e-03 9.999471e-01 -8.545686e-01
9.998283e-01 1.778762e-02 5.185260e-03 4.064851e+01 -1.783765e-02 9.997932e-01 9.768484e-03 -1.041072e+00 -5.010429e-03 -9.859299e-03 9.999388e-01 -8.696042e-01
9.998137e-01 1.850830e-02 5.469932e-03 4.125280e+01 -1.855964e-02 9.997827e-01 9.489530e-03 -1.060437e+00 -5.293108e-03 -9.589282e-03 9.999400e-01 -8.847604e-01
9.998071e-01 1.896035e-02 5.136309e-03 4.186074e+01 -1.901104e-02 9.997693e-01 1.000643e-02 -1.079121e+00 -4.945398e-03 -1.010214e-02 9.999368e-01 -9.030682e-01
9.997869e-01 1.942075e-02 7.007520e-03 4.246244e+01 -1.949702e-02 9.997497e-01 1.098587e-02 -1.095828e+00 -6.792412e-03 -1.112016e-02 9.999151e-01 -9.250143e-01
9.997833e-01 1.961926e-02 6.964975e-03 4.306861e+01 -1.970987e-02 9.997187e-01 1.318944e-02 -1.115421e+00 -6.704249e-03 -1.332386e-02 9.998888e-01 -9.429004e-01
9.997877e-01 1.959855e-02 6.348642e-03 4.366629e+01 -1.969258e-02 9.996918e-01 1.510315e-02 -1.135405e+00 -6.050686e-03 -1.522497e-02 9.998658e-01 -9.561587e-01
9.997919e-01 1.947051e-02 6.086472e-03 4.427604e+01 -1.957024e-02 9.996678e-01 1.677849e-02 -1.155765e+00 -5.757764e-03 -1.689411e-02 9.998407e-01 -9.794973e-01
9.997957e-01 1.940853e-02 5.653945e-03 4.488535e+01 -1.950323e-02 9.996617e-01 1.720682e-02 -1.172954e+00 -5.318073e-03 -1.731358e-02 9.998360e-01 -9.944730e-01
9.997899e-01 1.905460e-02 7.559666e-03 4.550147e+01 -1.918179e-02 9.996692e-01 1.712406e-02 -1.192183e+00 -7.230875e-03 -1.726547e-02 9.998248e-01 -1.018661e+00
9.998115e-01 1.858976e-02 5.595116e-03 4.612468e+01 -1.868009e-02 9.996884e-01 1.654955e-02 -1.211691e+00 -5.285722e-03 -1.665095e-02 9.998474e-01 -1.023183e+00
9.998180e-01 1.829958e-02 5.394005e-03 4.675336e+01 -1.838939e-02 9.996847e-01 1.710036e-02 -1.230266e+00 -5.079374e-03 -1.719644e-02 9.998392e-01 -1.055097e+00
9.998298e-01 1.758448e-02 5.586283e-03 4.738211e+01 -1.767183e-02 9.997158e-01 1.599347e-02 -1.251492e+00 -5.303459e-03 -1.608947e-02 9.998565e-01 -1.062919e+00
9.998493e-01 1.660486e-02 5.077402e-03 4.802062e+01 -1.668434e-02 9.997324e-01 1.603298e-02 -1.264335e+00 -4.809817e-03 -1.611527e-02 9.998586e-01 -1.092290e+00
9.998694e-01 1.544987e-02 4.743974e-03 4.865934e+01 -1.552380e-02 9.997520e-01 1.596539e-02 -1.278260e+00 -4.496134e-03 -1.603695e-02 9.998613e-01 -1.094934e+00
9.998905e-01 1.441251e-02 3.350439e-03 4.930194e+01 -1.446478e-02 9.997652e-01 1.613911e-02 -1.297238e+00 -3.117047e-03 -1.618581e-02 9.998642e-01 -1.129117e+00
9.999131e-01 1.295127e-02 2.473982e-03 4.994566e+01 -1.299107e-02 9.997743e-01 1.681032e-02 -1.309033e+00 -2.255709e-03 -1.684099e-02 9.998556e-01 -1.143622e+00
9.999281e-01 1.177866e-02 2.230471e-03 5.059359e+01 -1.181591e-02 9.997770e-01 1.749972e-02 -1.325768e+00 -2.023851e-03 -1.752482e-02 9.998444e-01 -1.168741e+00
9.999415e-01 1.047917e-02 2.686147e-03 5.124704e+01 -1.052477e-02 9.997902e-01 1.756626e-02 -1.333099e+00 -2.501504e-03 -1.759350e-02 9.998421e-01 -1.190385e+00
9.999577e-01 9.056293e-03 1.636065e-03 5.189859e+01 -9.082898e-03 9.998131e-01 1.705997e-02 -1.342214e+00 -1.481259e-03 -1.707411e-02 9.998531e-01 -1.203897e+00
9.999583e-01 8.919076e-03 1.930184e-03 5.255350e+01 -8.951099e-03 9.998107e-01 1.727208e-02 -1.360352e+00 -1.775768e-03 -1.728863e-02 9.998490e-01 -1.235149e+00
9.999595e-01 8.953465e-03 9.638359e-04 5.322062e+01 -8.969219e-03 9.998010e-01 1.781565e-02 -1.365052e+00 -8.041323e-04 -1.782358e-02 9.998408e-01 -1.259582e+00
9.999555e-01 9.428854e-03 -4.115132e-04 5.388285e+01 -9.419465e-03 9.997793e-01 1.877925e-02 -1.385435e+00 5.884892e-04 -1.877454e-02 9.998236e-01 -1.275197e+00
9.999557e-01 9.371113e-03 9.370853e-04 5.454778e+01 -9.387497e-03 9.997686e-01 1.935392e-02 -1.401615e+00 -7.555007e-04 -1.936186e-02 9.998122e-01 -1.298440e+00
9.999548e-01 9.505711e-03 -1.875994e-04 5.521207e+01 -9.500191e-03 9.997618e-01 1.964739e-02 -1.412201e+00 3.743172e-04 -1.964472e-02 9.998069e-01 -1.327271e+00
9.999474e-01 1.023314e-02 6.674958e-04 5.588253e+01 -1.024444e-02 9.997479e-01 1.997379e-02 -1.428258e+00 -4.629330e-04 -1.997958e-02 9.998003e-01 -1.342677e+00
9.999428e-01 1.068736e-02 -4.368830e-04 5.655473e+01 -1.067618e-02 9.997336e-01 2.045977e-02 -1.444615e+00 6.554276e-04 -2.045394e-02 9.997906e-01 -1.370200e+00
9.999391e-01 1.100323e-02 -8.143626e-04 5.722488e+01 -1.098380e-02 9.997211e-01 2.091463e-02 -1.456581e+00 1.044264e-03 -2.090442e-02 9.997810e-01 -1.386033e+00
9.999338e-01 1.129417e-02 -2.213088e-03 5.789622e+01 -1.124437e-02 9.997088e-01 2.135346e-02 -1.472112e+00 2.453613e-03 -2.132716e-02 9.997696e-01 -1.411999e+00
9.999261e-01 1.202072e-02 -1.795858e-03 5.857260e+01 -1.197947e-02 9.996984e-01 2.144291e-02 -1.494765e+00 2.053076e-03 -2.141982e-02 9.997684e-01 -1.433800e+00
9.999171e-01 1.284636e-02 -8.746277e-04 5.925107e+01 -1.282383e-02 9.996722e-01 2.215477e-02 -1.509163e+00 1.158949e-03 -2.214172e-02 9.997542e-01 -1.466729e+00
9.999086e-01 1.344748e-02 -1.420227e-03 5.993995e+01 -1.341193e-02 9.996543e-01 2.261609e-02 -1.527419e+00 1.723865e-03 -2.259497e-02 9.997432e-01 -1.492703e+00
9.999027e-01 1.390690e-02 -1.144479e-03 6.062600e+01 -1.387599e-02 9.996246e-01 2.362529e-02 -1.550114e+00 1.472604e-03 -2.360711e-02 9.997202e-01 -1.537578e+00
9.998944e-01 1.448276e-02 -1.197250e-03 6.131752e+01 -1.445179e-02 9.996367e-01 2.275072e-02 -1.563542e+00 1.526308e-03 -2.273102e-02 9.997405e-01 -1.540948e+00
9.998828e-01 1.529198e-02 -8.265148e-04 6.200869e+01 -1.527064e-02 9.996514e-01 2.153848e-02 -1.582191e+00 1.155593e-03 -2.152333e-02 9.997677e-01 -1.568017e+00
9.998831e-01 1.525168e-02 1.107251e-03 6.271264e+01 -1.527220e-02 9.996457e-01 2.179531e-02 -1.604688e+00 -7.744436e-04 -2.180967e-02 9.997618e-01 -1.598082e+00
9.998902e-01 1.476736e-02 1.200908e-03 6.342269e+01 -1.478999e-02 9.996542e-01 2.174452e-02 -1.623572e+00 -8.793831e-04 -2.175990e-02 9.997628e-01 -1.615025e+00
9.998911e-01 1.474399e-02 -6.322050e-04 6.412832e+01 -1.472655e-02 9.996501e-01 2.196821e-02 -1.641362e+00 9.558831e-04 -2.195651e-02 9.997585e-01 -1.662916e+00
9.998906e-01 1.470944e-02 -1.588092e-03 6.484305e+01 -1.467140e-02 9.996554e-01 2.176973e-02 -1.653152e+00 1.907765e-03 -2.174405e-02 9.997618e-01 -1.678141e+00
9.998916e-01 1.422024e-02 -3.819438e-03 6.556093e+01 -1.413901e-02 9.996896e-01 2.051388e-02 -1.670176e+00 4.109965e-03 -2.045765e-02 9.997823e-01 -1.699299e+00
9.998998e-01 1.381624e-02 -3.089539e-03 6.628488e+01 -1.375228e-02 9.997084e-01 1.984456e-02 -1.688018e+00 3.362816e-03 -1.980008e-02 9.997983e-01 -1.722423e+00
9.999011e-01 1.364880e-02 -3.403565e-03 6.701511e+01 -1.358076e-02 9.997220e-01 1.927000e-02 -1.707632e+00 3.665631e-03 -1.922187e-02 9.998085e-01 -1.744445e+00
9.999016e-01 1.368322e-02 -3.090842e-03 6.774094e+01 -1.362286e-02 9.997309e-01 1.877177e-02 -1.728276e+00 3.346869e-03 -1.872782e-02 9.998190e-01 -1.777186e+00
9.998860e-01 1.421714e-02 -5.090757e-03 6.846938e+01 -1.411794e-02 9.997195e-01 1.901857e-02 -1.743591e+00 5.359718e-03 -1.894453e-02 9.998062e-01 -1.802827e+00
9.998744e-01 1.491196e-02 -5.372726e-03 6.920412e+01 -1.481344e-02 9.997295e-01 1.793317e-02 -1.761726e+00 5.638691e-03 -1.785133e-02 9.998248e-01 -1.823091e+00
9.998737e-01 1.538172e-02 -3.999777e-03 6.993278e+01 -1.530382e-02 9.997056e-01 1.882722e-02 -1.787253e+00 4.288195e-03 -1.876363e-02 9.998147e-01 -1.843242e+00
9.998723e-01 1.568008e-02 -3.099672e-03 7.066019e+01 -1.562282e-02 9.997213e-01 1.770540e-02 -1.800949e+00 3.376429e-03 -1.765471e-02 9.998385e-01 -1.864071e+00
9.998705e-01 1.601235e-02 -1.607110e-03 7.138548e+01 -1.597994e-02 9.997016e-01 1.847761e-02 -1.823432e+00 1.902500e-03 -1.844954e-02 9.998280e-01 -1.902514e+00
9.998459e-01 1.731480e-02 -2.876095e-03 7.211407e+01 -1.726200e-02 9.996984e-01 1.746807e-02 -1.843761e+00 3.177684e-03 -1.741574e-02 9.998433e-01 -1.919793e+00
9.998106e-01 1.944357e-02 -7.876835e-04 7.282697e+01 -1.942677e-02 9.996574e-01 1.754343e-02 -1.871085e+00 1.128521e-03 -1.752481e-02 9.998458e-01 -1.953563e+00
9.997637e-01 2.174014e-02 1.542422e-04 7.354491e+01 -2.173955e-02 9.996138e-01 1.730649e-02 -1.902398e+00 2.220628e-04 -1.730575e-02 9.998502e-01 -1.961970e+00
9.997104e-01 2.395113e-02 2.317844e-03 7.425757e+01 -2.398718e-02 9.995672e-01 1.702905e-02 -1.929351e+00 -1.908976e-03 -1.707972e-02 9.998523e-01 -1.986843e+00
9.996391e-01 2.663087e-02 3.525550e-03 7.495421e+01 -2.668626e-02 9.995039e-01 1.672599e-02 -1.953876e+00 -3.078374e-03 -1.681403e-02 9.998539e-01 -2.027527e+00
9.995167e-01 3.060723e-02 5.437860e-03 7.565302e+01 -3.069117e-02 9.993993e-01 1.608932e-02 -1.998599e+00 -4.942145e-03 -1.624844e-02 9.998558e-01 -2.039087e+00
9.994287e-01 3.324287e-02 6.098581e-03 7.633539e+01 -3.333773e-02 9.993132e-01 1.617523e-02 -2.033858e+00 -5.556681e-03 -1.636930e-02 9.998506e-01 -2.071580e+00
9.993197e-01 3.594584e-02 8.244706e-03 7.702057e+01 -3.607955e-02 9.992096e-01 1.668672e-02 -2.070616e+00 -7.638371e-03 -1.697283e-02 9.998268e-01 -2.093514e+00
9.992173e-01 3.862199e-02 8.547704e-03 7.769315e+01 -3.876271e-02 9.991045e-01 1.695946e-02 -2.105389e+00 -7.885042e-03 -1.727752e-02 9.998196e-01 -2.115377e+00
9.991174e-01 4.077893e-02 1.007750e-02 7.835427e+01 -4.094632e-02 9.990168e-01 1.700231e-02 -2.140212e+00 -9.374253e-03 -1.739994e-02 9.998047e-01 -2.137131e+00
9.990051e-01 4.307093e-02 1.155945e-02 7.899910e+01 -4.327466e-02 9.989011e-01 1.799453e-02 -2.179160e+00 -1.077171e-02 -1.847686e-02 9.997712e-01 -2.169830e+00
9.989040e-01 4.514949e-02 1.234439e-02 7.962870e+01 -4.536645e-02 9.988101e-01 1.790012e-02 -2.223250e+00 -1.152152e-02 -1.844053e-02 9.997635e-01 -2.184897e+00
9.988313e-01 4.647861e-02 1.325626e-02 8.025731e+01 -4.670804e-02 9.987543e-01 1.755768e-02 -2.254109e+00 -1.242369e-02 -1.815633e-02 9.997579e-01 -2.208938e+00
9.987805e-01 4.761663e-02 1.304663e-02 8.087617e+01 -4.785119e-02 9.986869e-01 1.829853e-02 -2.287824e+00 -1.215818e-02 -1.890051e-02 9.997475e-01 -2.237736e+00
9.986961e-01 4.872448e-02 1.523287e-02 8.148181e+01 -4.900166e-02 9.986293e-01 1.838551e-02 -2.328295e+00 -1.431616e-02 -1.910798e-02 9.997149e-01 -2.261827e+00
9.986152e-01 4.997202e-02 1.644561e-02 8.206686e+01 -5.027926e-02 9.985577e-01 1.883120e-02 -2.376240e+00 -1.548085e-02 -1.963199e-02 9.996874e-01 -2.284219e+00
9.985324e-01 5.121630e-02 1.760846e-02 8.265446e+01 -5.155223e-02 9.984859e-01 1.918455e-02 -2.410533e+00 -1.659924e-02 -2.006415e-02 9.996609e-01 -2.304233e+00
9.984705e-01 5.229060e-02 1.795079e-02 8.321429e+01 -5.264151e-02 9.984196e-01 1.966645e-02 -2.449471e+00 -1.689405e-02 -2.058133e-02 9.996454e-01 -2.331581e+00
9.984139e-01 5.340838e-02 1.781248e-02 8.376905e+01 -5.375000e-02 9.983681e-01 1.928570e-02 -2.485309e+00 -1.675340e-02 -2.021253e-02 9.996553e-01 -2.360997e+00
9.983125e-01 5.444314e-02 2.020219e-02 8.431430e+01 -5.486998e-02 9.982681e-01 2.121218e-02 -2.526769e+00 -1.901235e-02 -2.228488e-02 9.995708e-01 -2.370162e+00
9.982582e-01 5.528989e-02 2.057951e-02 8.484366e+01 -5.573896e-02 9.982045e-01 2.192682e-02 -2.567784e+00 -1.933023e-02 -2.303571e-02 9.995477e-01 -2.399304e+00
9.981994e-01 5.615228e-02 2.109068e-02 8.537274e+01 -5.663497e-02 9.981291e-01 2.303220e-02 -2.598521e+00 -1.975791e-02 -2.418520e-02 9.995123e-01 -2.403953e+00
9.981649e-01 5.749639e-02 1.900008e-02 8.587585e+01 -5.791929e-02 9.980674e-01 2.251188e-02 -2.632846e+00 -1.766901e-02 -2.357104e-02 9.995660e-01 -2.445052e+00
9.981468e-01 5.825579e-02 1.758651e-02 8.637135e+01 -5.865318e-02 9.980135e-01 2.299582e-02 -2.671482e+00 -1.621193e-02 -2.398471e-02 9.995809e-01 -2.464250e+00
9.980557e-01 5.959911e-02 1.824189e-02 8.685879e+01 -5.999186e-02 9.979608e-01 2.179817e-02 -2.707688e+00 -1.690554e-02 -2.285016e-02 9.995959e-01 -2.475788e+00
9.979766e-01 6.097279e-02 1.802842e-02 8.733150e+01 -6.134285e-02 9.979013e-01 2.073945e-02 -2.745973e+00 -1.672604e-02 -2.180340e-02 9.996223e-01 -2.485885e+00
9.979326e-01 6.187578e-02 1.737412e-02 8.779725e+01 -6.222326e-02 9.978571e-01 2.022627e-02 -2.779332e+00 -1.608538e-02 -2.126553e-02 9.996445e-01 -2.512274e+00
9.978358e-01 6.335955e-02 1.759003e-02 8.825315e+01 -6.369022e-02 9.977902e-01 1.892135e-02 -2.812563e+00 -1.635231e-02 -2.000071e-02 9.996662e-01 -2.521277e+00
9.977137e-01 6.589390e-02 1.501349e-02 8.868827e+01 -6.616352e-02 9.976420e-01 1.823127e-02 -2.851035e+00 -1.377676e-02 -1.918293e-02 9.997211e-01 -2.544920e+00
9.974549e-01 6.966619e-02 1.517352e-02 8.911548e+01 -6.992725e-02 9.974002e-01 1.741213e-02 -2.888126e+00 -1.392103e-02 -1.842886e-02 9.997333e-01 -2.551378e+00
9.972070e-01 7.349180e-02 1.331288e-02 8.953873e+01 -7.371753e-02 9.971282e-01 1.734281e-02 -2.930998e+00 -1.200010e-02 -1.827576e-02 9.997610e-01 -2.579726e+00
9.968410e-01 7.823471e-02 1.368557e-02 8.994723e+01 -7.844975e-02 9.967903e-01 1.595200e-02 -2.971176e+00 -1.239365e-02 -1.697524e-02 9.997791e-01 -2.584186e+00
9.963923e-01 8.387500e-02 1.294251e-02 9.035338e+01 -8.406273e-02 9.963518e-01 1.471426e-02 -3.016920e+00 -1.166114e-02 -1.574915e-02 9.998080e-01 -2.597588e+00
9.958978e-01 8.941109e-02 1.389949e-02 9.075532e+01 -8.962470e-02 9.958537e-01 1.558995e-02 -3.063157e+00 -1.244795e-02 -1.677174e-02 9.997818e-01 -2.615319e+00
9.953274e-01 9.523631e-02 1.591719e-02 9.115062e+01 -9.548955e-02 9.953021e-01 1.598775e-02 -3.117180e+00 -1.431980e-02 -1.743297e-02 9.997455e-01 -2.620687e+00
9.947079e-01 1.010018e-01 1.883860e-02 9.153613e+01 -1.013186e-01 9.947139e-01 1.669694e-02 -3.166329e+00 -1.705260e-02 -1.851728e-02 9.996831e-01 -2.641456e+00
9.939615e-01 1.079479e-01 1.969561e-02 9.191560e+01 -1.083004e-01 9.939587e-01 1.780558e-02 -3.219716e+00 -1.765455e-02 -1.983110e-02 9.996474e-01 -2.647579e+00
9.930800e-01 1.158384e-01 1.933105e-02 9.228963e+01 -1.161867e-01 9.930645e-01 1.798715e-02 -3.270168e+00 -1.711337e-02 -2.010869e-02 9.996513e-01 -2.669912e+00
9.921327e-01 1.240004e-01 1.722376e-02 9.266744e+01 -1.243037e-01 9.920841e-01 1.781966e-02 -3.327056e+00 -1.487778e-02 -1.982045e-02 9.996929e-01 -2.678273e+00
9.910092e-01 1.328128e-01 1.616827e-02 9.302979e+01 -1.330953e-01 9.909420e-01 1.787297e-02 -3.390301e+00 -1.364806e-02 -1.986421e-02 9.997095e-01 -2.690030e+00
9.896607e-01 1.422328e-01 1.847953e-02 9.339442e+01 -1.425546e-01 9.896332e-01 1.744690e-02 -3.456130e+00 -1.580643e-02 -1.990086e-02 9.996770e-01 -2.691823e+00
9.881523e-01 1.522144e-01 1.964001e-02 9.374236e+01 -1.525561e-01 9.881440e-01 1.725779e-02 -3.528107e+00 -1.678027e-02 -2.004953e-02 9.996582e-01 -2.715635e+00
9.863519e-01 1.633026e-01 2.102859e-02 9.408540e+01 -1.636618e-01 9.863759e-01 1.665978e-02 -3.612488e+00 -1.802151e-02 -1.987398e-02 9.996400e-01 -2.721080e+00
9.843258e-01 1.750249e-01 2.165670e-02 9.442757e+01 -1.753901e-01 9.843643e-01 1.628782e-02 -3.693473e+00 -1.846731e-02 -1.983090e-02 9.996328e-01 -2.736964e+00
9.819095e-01 1.879823e-01 2.272621e-02 9.477000e+01 -1.883750e-01 9.819573e-01 1.656943e-02 -3.780823e+00 -1.920141e-02 -2.055073e-02 9.996044e-01 -2.745884e+00
9.791210e-01 2.019338e-01 2.334170e-02 9.510897e+01 -2.023497e-01 9.791647e-01 1.706818e-02 -3.870217e+00 -1.940873e-02 -2.143500e-02 9.995818e-01 -2.758495e+00
9.760143e-01 2.164647e-01 2.321997e-02 9.544156e+01 -2.168847e-01 9.760423e-01 1.739751e-02 -3.962263e+00 -1.889773e-02 -2.201627e-02 9.995790e-01 -2.768621e+00
9.723566e-01 2.322755e-01 2.388957e-02 9.577139e+01 -2.327161e-01 9.723843e-01 1.766070e-02 -4.055240e+00 -1.912769e-02 -2.273199e-02 9.995586e-01 -2.773742e+00
9.681914e-01 2.490419e-01 2.415356e-02 9.609975e+01 -2.494887e-01 9.682169e-01 1.764823e-02 -4.167043e+00 -1.899073e-02 -2.311291e-02 9.995525e-01 -2.790722e+00
9.633126e-01 2.672263e-01 2.487720e-02 9.642094e+01 -2.676745e-01 9.633626e-01 1.682068e-02 -4.284996e+00 -1.947083e-02 -2.286256e-02 9.995490e-01 -2.793788e+00
9.580676e-01 2.852882e-01 2.677900e-02 9.674664e+01 -2.857893e-01 9.581387e-01 1.717060e-02 -4.400539e+00 -2.075942e-02 -2.410375e-02 9.994939e-01 -2.816836e+00
9.520810e-01 3.045248e-01 2.839669e-02 9.706982e+01 -3.050903e-01 9.521489e-01 1.823377e-02 -4.529424e+00 -2.148524e-02 -2.602358e-02 9.994304e-01 -2.816620e+00
9.453387e-01 3.247840e-01 2.915537e-02 9.738203e+01 -3.253669e-01 9.454160e-01 1.803755e-02 -4.663589e+00 -2.170564e-02 -2.653779e-02 9.994121e-01 -2.848737e+00
9.375643e-01 3.467399e-01 2.729031e-02 9.769434e+01 -3.472700e-01 9.375962e-01 1.780579e-02 -4.796504e+00 -1.941331e-02 -2.617118e-02 9.994690e-01 -2.851733e+00
9.290112e-01 3.691971e-01 2.513379e-02 9.800912e+01 -3.696480e-01 9.290264e-01 1.643994e-02 -4.947848e+00 -1.728038e-02 -2.456355e-02 9.995489e-01 -2.863329e+00
9.190189e-01 3.934351e-01 2.475975e-02 9.831801e+01 -3.938864e-01 9.190015e-01 1.702807e-02 -5.108750e+00 -1.605481e-02 -2.540165e-02 9.995484e-01 -2.860756e+00
9.078357e-01 4.185694e-01 2.517745e-02 9.861588e+01 -4.189941e-01 9.078691e-01 1.476231e-02 -5.281681e+00 -1.667877e-02 -2.395095e-02 9.995740e-01 -2.867214e+00
8.953570e-01 4.443250e-01 3.018617e-02 9.891083e+01 -4.448047e-01 8.955564e-01 1.129259e-02 -5.476129e+00 -2.201584e-02 -2.353785e-02 9.994805e-01 -2.862285e+00
8.819885e-01 4.698978e-01 3.594834e-02 9.921433e+01 -4.704666e-01 8.823725e-01 8.936980e-03 -5.663287e+00 -2.752036e-02 -2.479481e-02 9.993137e-01 -2.869833e+00
8.678719e-01 4.954814e-01 3.600724e-02 9.950702e+01 -4.960113e-01 8.682874e-01 7.052177e-03 -5.866175e+00 -2.777041e-02 -2.398038e-02 9.993266e-01 -2.895793e+00
8.526386e-01 5.211981e-01 3.687830e-02 9.979289e+01 -5.217840e-01 8.530414e-01 7.852208e-03 -6.084528e+00 -2.736617e-02 -2.593760e-02 9.992889e-01 -2.904139e+00
8.364979e-01 5.469550e-01 3.333889e-02 1.000809e+02 -5.474032e-01 8.368512e-01 5.446972e-03 -6.304698e+00 -2.492044e-02 -2.280620e-02 9.994293e-01 -2.924540e+00
8.204197e-01 5.708778e-01 3.178225e-02 1.003714e+02 -5.711950e-01 8.208135e-01 1.113104e-03 -6.534455e+00 -2.545186e-02 -1.906708e-02 9.994942e-01 -2.918665e+00
8.032644e-01 5.948816e-01 2.970019e-02 1.006503e+02 -5.950932e-01 8.036540e-01 -2.080375e-03 -6.771325e+00 -2.510625e-02 -1.600329e-02 9.995567e-01 -2.905129e+00
7.847255e-01 6.191100e-01 3.014297e-02 1.009115e+02 -6.193230e-01 7.851313e-01 -2.789324e-03 -7.019038e+00 -2.539309e-02 -1.647938e-02 9.995417e-01 -2.921030e+00
7.656171e-01 6.425053e-01 3.189658e-02 1.011924e+02 -6.427547e-01 7.660660e-01 -3.056844e-03 -7.282182e+00 -2.639892e-02 -1.816130e-02 9.994865e-01 -2.920235e+00
7.450081e-01 6.664039e-01 2.947545e-02 1.014530e+02 -6.665998e-01 7.454051e-01 -4.023444e-03 -7.559239e+00 -2.465238e-02 -1.665083e-02 9.995574e-01 -2.932469e+00
7.237334e-01 6.895018e-01 2.823533e-02 1.017205e+02 -6.896415e-01 7.241261e-01 -6.005058e-03 -7.851687e+00 -2.458643e-02 -1.512619e-02 9.995832e-01 -2.929937e+00
7.016438e-01 7.119367e-01 2.901934e-02 1.019832e+02 -7.120537e-01 7.020807e-01 -7.887796e-03 -8.148890e+00 -2.598953e-02 -1.512891e-02 9.995477e-01 -2.937709e+00
6.778846e-01 7.346518e-01 2.755606e-02 1.022362e+02 -7.347893e-01 6.782625e-01 -6.693380e-03 -8.467516e+00 -2.360754e-02 -1.571056e-02 9.995978e-01 -2.934705e+00
6.530114e-01 7.568766e-01 2.671840e-02 1.024824e+02 -7.570817e-01 6.533109e-01 -3.466829e-03 -8.798841e+00 -2.007939e-02 -1.796414e-02 9.996370e-01 -2.936242e+00
6.280539e-01 7.777056e-01 2.687762e-02 1.027246e+02 -7.779534e-01 6.283194e-01 -1.886934e-03 -9.149125e+00 -1.835520e-02 -1.972444e-02 9.996369e-01 -2.934824e+00
6.023986e-01 7.977517e-01 2.661317e-02 1.029640e+02 -7.979978e-01 6.026565e-01 -2.155835e-03 -9.506298e+00 -1.775842e-02 -1.993858e-02 9.996435e-01 -2.937179e+00
5.756249e-01 8.174071e-01 2.239726e-02 1.031966e+02 -8.175562e-01 5.758359e-01 -3.867101e-03 -9.889423e+00 -1.605814e-02 -1.608502e-02 9.997417e-01 -2.948148e+00
5.486597e-01 8.358796e-01 1.666934e-02 1.034369e+02 -8.359486e-01 5.487909e-01 -4.308634e-03 -1.027902e+01 -1.274948e-02 -1.157074e-02 9.998518e-01 -2.954429e+00
5.214057e-01 8.532237e-01 1.206145e-02 1.036624e+02 -8.532472e-01 5.214858e-01 -4.664650e-03 -1.068463e+01 -1.026987e-02 -7.859221e-03 9.999164e-01 -2.959599e+00
4.940438e-01 8.693724e-01 1.059504e-02 1.038688e+02 -8.693822e-01 4.941128e-01 -5.203123e-03 -1.111196e+01 -9.758595e-03 -6.640567e-03 9.999303e-01 -2.935958e+00
4.670351e-01 8.841418e-01 1.309734e-02 1.040748e+02 -8.841544e-01 4.671439e-01 -6.898478e-03 -1.156686e+01 -1.221758e-02 -8.358243e-03 9.998904e-01 -2.931384e+00
4.410229e-01 8.973309e-01 1.720536e-02 1.042716e+02 -8.973747e-01 4.411973e-01 -7.969721e-03 -1.202901e+01 -1.474244e-02 -1.192482e-02 9.998202e-01 -2.948159e+00
4.161938e-01 9.091355e-01 1.597415e-02 1.044767e+02 -9.091703e-01 4.163491e-01 -7.924881e-03 -1.250664e+01 -1.385561e-02 -1.122494e-02 9.998410e-01 -2.955927e+00
3.923783e-01 9.196780e-01 1.522034e-02 1.046627e+02 -9.196866e-01 3.925390e-01 -9.482726e-03 -1.300374e+01 -1.469563e-02 -1.027712e-02 9.998392e-01 -2.954942e+00
3.696601e-01 9.290864e-01 1.223750e-02 1.048477e+02 -9.290261e-01 3.698014e-01 -1.254737e-02 -1.350179e+01 -1.618304e-02 -6.730697e-03 9.998464e-01 -2.946964e+00
3.460860e-01 9.381415e-01 1.071787e-02 1.050194e+02 -9.380594e-01 3.462102e-01 -1.352607e-02 -1.401785e+01 -1.640000e-02 -5.372820e-03 9.998510e-01 -2.951940e+00
3.228150e-01 9.464315e-01 7.608993e-03 1.051733e+02 -9.463064e-01 3.228972e-01 -1.553872e-02 -1.454091e+01 -1.716326e-02 -2.184308e-03 9.998503e-01 -2.953722e+00
3.001212e-01 9.538609e-01 8.757299e-03 1.053206e+02 -9.536982e-01 3.002341e-01 -1.787279e-02 -1.508175e+01 -1.967740e-02 -2.987816e-03 9.998019e-01 -2.947177e+00
2.785147e-01 9.603489e-01 1.263122e-02 1.054490e+02 -9.601545e-01 2.787265e-01 -2.037461e-02 -1.562471e+01 -2.308738e-02 -6.453291e-03 9.997126e-01 -2.937545e+00
2.599460e-01 9.654917e-01 1.592883e-02 1.055825e+02 -9.653649e-01 2.602227e-01 -1.883684e-02 -1.619103e+01 -2.233186e-02 -1.048057e-02 9.996957e-01 -2.950664e+00
2.440438e-01 9.695846e-01 1.866315e-02 1.057051e+02 -9.694920e-01 2.443861e-01 -1.899260e-02 -1.674815e+01 -2.297594e-02 -1.345874e-02 9.996454e-01 -2.946016e+00
2.302493e-01 9.729567e-01 1.845172e-02 1.058316e+02 -9.728287e-01 2.306094e-01 -2.058360e-02 -1.730540e+01 -2.428209e-02 -1.321100e-02 9.996179e-01 -2.962656e+00
2.168221e-01 9.760966e-01 1.495496e-02 1.059466e+02 -9.759573e-01 2.170895e-01 -1.947729e-02 -1.786226e+01 -2.225828e-02 -1.037230e-02 9.996985e-01 -2.962591e+00
2.044798e-01 9.788344e-01 8.450687e-03 1.060614e+02 -9.786770e-01 2.046036e-01 -1.813122e-02 -1.842216e+01 -1.947650e-02 -4.563027e-03 9.997999e-01 -2.964778e+00
1.914023e-01 9.814904e-01 6.451554e-03 1.061606e+02 -9.813370e-01 1.914880e-01 -1.760747e-02 -1.898482e+01 -1.851696e-02 -2.961039e-03 9.998242e-01 -2.956806e+00
1.795398e-01 9.837210e-01 7.640786e-03 1.062459e+02 -9.835781e-01 1.796483e-01 -1.733396e-02 -1.955786e+01 -1.842444e-02 -4.403174e-03 9.998205e-01 -2.934198e+00
1.685207e-01 9.856488e-01 9.858267e-03 1.063283e+02 -9.855327e-01 1.686672e-01 -1.663349e-02 -2.011927e+01 -1.805755e-02 -6.912559e-03 9.998131e-01 -2.949718e+00
1.582521e-01 9.873573e-01 9.043241e-03 1.064033e+02 -9.872284e-01 1.583881e-01 -1.711776e-02 -2.068276e+01 -1.833369e-02 -6.218825e-03 9.998126e-01 -2.954652e+00
1.470836e-01 9.891078e-01 5.674869e-03 1.064799e+02 -9.889247e-01 1.471668e-01 -1.923373e-02 -2.125437e+01 -1.985938e-02 -2.783050e-03 9.997989e-01 -2.955456e+00
1.355920e-01 9.907629e-01 1.881148e-03 1.065513e+02 -9.905595e-01 1.356022e-01 -2.010015e-02 -2.181700e+01 -2.016957e-02 8.620294e-04 9.997962e-01 -2.960461e+00
1.249488e-01 9.921632e-01 3.376836e-04 1.066115e+02 -9.919645e-01 1.249306e-01 -1.997104e-02 -2.238940e+01 -1.985671e-02 2.160387e-03 9.998005e-01 -2.956499e+00
1.147607e-01 9.933926e-01 -1.034332e-03 1.066704e+02 -9.931940e-01 1.147168e-01 -2.014445e-02 -2.295470e+01 -1.989270e-02 3.339083e-03 9.997966e-01 -2.958579e+00
1.051782e-01 9.944522e-01 -1.541837e-03 1.067175e+02 -9.942554e-01 1.051263e-01 -2.011591e-02 -2.352887e+01 -1.984223e-02 3.648736e-03 9.997965e-01 -2.953398e+00
9.585673e-02 9.953945e-01 -1.162046e-03 1.067605e+02 -9.952015e-01 9.581494e-02 -1.983830e-02 -2.409086e+01 -1.963560e-02 3.058105e-03 9.998025e-01 -2.951860e+00
8.563626e-02 9.963211e-01 -3.277766e-03 1.067857e+02 -9.961233e-01 8.555198e-02 -2.047706e-02 -2.466072e+01 -2.012131e-02 5.018638e-03 9.997849e-01 -2.959063e+00
7.550550e-02 9.971403e-01 -3.168211e-03 1.068183e+02 -9.969143e-01 7.541931e-02 -2.176501e-02 -2.522811e+01 -2.146382e-02 4.801814e-03 9.997581e-01 -2.956069e+00
6.539112e-02 9.978419e-01 -5.958593e-03 1.068475e+02 -9.976158e-01 6.524193e-02 -2.249870e-02 -2.579334e+01 -2.206139e-02 7.415602e-03 9.997291e-01 -2.956526e+00
5.419606e-02 9.984963e-01 -8.244852e-03 1.068658e+02 -9.982880e-01 5.399919e-02 -2.247638e-02 -2.635545e+01 -2.199737e-02 9.448869e-03 9.997134e-01 -2.956031e+00
4.335248e-02 9.990113e-01 -9.856304e-03 1.068766e+02 -9.988182e-01 4.312289e-02 -2.242422e-02 -2.691749e+01 -2.197702e-02 1.081680e-02 9.997000e-01 -2.942498e+00
3.301686e-02 9.994128e-01 -9.163749e-03 1.068772e+02 -9.992082e-01 3.280377e-02 -2.251571e-02 -2.747715e+01 -2.220188e-02 9.899892e-03 9.997045e-01 -2.936245e+00
2.430880e-02 9.996867e-01 -5.981033e-03 1.068742e+02 -9.994498e-01 2.416718e-02 -2.271701e-02 -2.804729e+01 -2.256535e-02 6.529965e-03 9.997240e-01 -2.929978e+00
1.753193e-02 9.998414e-01 -3.152407e-03 1.068663e+02 -9.995700e-01 1.745284e-02 -2.356744e-02 -2.860605e+01 -2.350868e-02 3.564234e-03 9.997173e-01 -2.933200e+00
1.263565e-02 9.999088e-01 -4.742025e-03 1.068731e+02 -9.996071e-01 1.251280e-02 -2.507905e-02 -2.917557e+01 -2.501743e-02 5.057049e-03 9.996742e-01 -2.946247e+00
9.037673e-03 9.999169e-01 -9.192600e-03 1.068810e+02 -9.996200e-01 8.794785e-03 -2.612684e-02 -2.973858e+01 -2.604382e-02 9.425232e-03 9.996164e-01 -2.949100e+00
4.370153e-03 9.999404e-01 -1.000285e-02 1.068821e+02 -9.996866e-01 4.122019e-03 -2.468990e-02 -3.030430e+01 -2.464719e-02 1.010761e-02 9.996451e-01 -2.924585e+00
-1.096845e-03 9.999363e-01 -1.123859e-02 1.068704e+02 -9.997217e-01 -1.361310e-03 -2.355390e-02 -3.086503e+01 -2.356770e-02 1.120963e-02 9.996594e-01 -2.921653e+00
-5.612493e-03 9.999486e-01 -8.453721e-03 1.068505e+02 -9.997250e-01 -5.803227e-03 -2.271979e-02 -3.142527e+01 -2.276768e-02 8.323883e-03 9.997061e-01 -2.907780e+00
-9.934187e-03 9.999316e-01 -6.171232e-03 1.068306e+02 -9.996787e-01 -1.007515e-02 -2.325774e-02 -3.198458e+01 -2.331832e-02 5.938204e-03 9.997104e-01 -2.910641e+00
-1.284599e-02 9.998988e-01 -6.112050e-03 1.068175e+02 -9.996681e-01 -1.297903e-02 -2.225318e-02 -3.255083e+01 -2.233026e-02 5.824158e-03 9.997337e-01 -2.921836e+00
-1.396835e-02 9.998801e-01 -6.682969e-03 1.068051e+02 -9.996250e-01 -1.412159e-02 -2.346008e-02 -3.311818e+01 -2.355164e-02 6.352765e-03 9.997025e-01 -2.910580e+00
-1.335716e-02 9.998908e-01 -6.324530e-03 1.067973e+02 -9.996185e-01 -1.350594e-02 -2.409065e-02 -3.368194e+01 -2.417344e-02 6.000333e-03 9.996898e-01 -2.912537e+00
-1.328003e-02 9.998947e-01 -5.840883e-03 1.067751e+02 -9.996437e-01 -1.341146e-02 -2.307883e-02 -3.424397e+01 -2.315474e-02 5.532314e-03 9.997166e-01 -2.902646e+00
-1.281309e-02 9.998848e-01 -8.133844e-03 1.067697e+02 -9.996589e-01 -1.299453e-02 -2.265089e-02 -3.480663e+01 -2.275397e-02 7.840841e-03 9.997103e-01 -2.909956e+00
-1.312065e-02 9.998757e-01 -8.739211e-03 1.067612e+02 -9.996480e-01 -1.331812e-02 -2.294304e-02 -3.537613e+01 -2.305658e-02 8.435110e-03 9.996986e-01 -2.905144e+00
-1.253295e-02 9.998662e-01 -1.050740e-02 1.067449e+02 -9.996330e-01 -1.278102e-02 -2.388500e-02 -3.595874e+01 -2.401610e-02 1.020419e-02 9.996595e-01 -2.900904e+00
-1.271284e-02 9.998537e-01 -1.145283e-02 1.067349e+02 -9.996116e-01 -1.299214e-02 -2.465748e-02 -3.653311e+01 -2.480266e-02 1.113492e-02 9.996303e-01 -2.902518e+00
-1.399660e-02 9.998409e-01 -1.105808e-02 1.067235e+02 -9.995474e-01 -1.428521e-02 -2.647370e-02 -3.712680e+01 -2.662745e-02 1.068253e-02 9.995884e-01 -2.887862e+00
-1.536548e-02 9.997908e-01 -1.349959e-02 1.067066e+02 -9.995095e-01 -1.572680e-02 -2.708119e-02 -3.770974e+01 -2.728783e-02 1.307685e-02 9.995421e-01 -2.889238e+00
-1.680052e-02 9.997556e-01 -1.437185e-02 1.066953e+02 -9.995049e-01 -1.717520e-02 -2.636306e-02 -3.831340e+01 -2.660346e-02 1.392182e-02 9.995491e-01 -2.884143e+00
-1.942265e-02 9.996734e-01 -1.661228e-02 1.066752e+02 -9.994601e-01 -1.985359e-02 -2.617952e-02 -3.891945e+01 -2.650078e-02 1.609483e-02 9.995192e-01 -2.873528e+00
-2.258205e-02 9.996397e-01 -1.450515e-02 1.066436e+02 -9.993864e-01 -2.296013e-02 -2.645097e-02 -3.953082e+01 -2.677448e-02 1.389894e-02 9.995449e-01 -2.860154e+00
-2.516806e-02 9.995857e-01 -1.396525e-02 1.066206e+02 -9.993117e-01 -2.553701e-02 -2.690466e-02 -4.014718e+01 -2.725015e-02 1.327850e-02 9.995404e-01 -2.850726e+00
-2.707398e-02 9.995155e-01 -1.535718e-02 1.065951e+02 -9.992464e-01 -2.748770e-02 -2.740708e-02 -4.077258e+01 -2.781593e-02 1.460359e-02 9.995064e-01 -2.859191e+00
-2.961624e-02 9.994544e-01 -1.462404e-02 1.065656e+02 -9.991928e-01 -2.999926e-02 -2.671704e-02 -4.141051e+01 -2.714117e-02 1.382098e-02 9.995360e-01 -2.841986e+00
