1.000000e+00 0.000000e+00 0.000000e+00 0.000000e+00 0.000000e+00 1.000000e+00 0.000000e+00 0.000000e+00 0.000000e+00 0.000000e+00 1.000000e+00 0.000000e+00
9.999995e-01 -3.042263e-04 -9.074729e-04 2.059503e+00 3.027432e-04 9.999985e-01 -1.634000e-03 -1.008193e-02 9.079687e-04 1.633724e-03 9.999983e-01 -6.614274e-02
9.999933e-01 -1.554172e-03 -3.328242e-03 3.952600e+00 1.528247e-03 9.999686e-01 -7.777792e-03 -2.710533e-02 3.340225e-03 7.772653e-03 9.999642e-01 -5.371689e-02
9.999795e-01 -1.384090e-03 6.247938e-03 5.822236e+00 1.370284e-03 9.999967e-01 2.213453e-03 -5.443306e-02 -6.250980e-03 -2.204846e-03 9.999780e-01 -6.780878e-02
9.999807e-01 -2.434011e-03 5.702868e-03 7.727830e+00 2.465771e-03 9.999814e-01 -5.568715e-03 -6.970853e-02 -5.689208e-03 5.582670e-03 9.999682e-01 -1.013179e-01
9.999152e-01 -2.768309e-03 1.272841e-02 9.615962e+00 2.817994e-03 9.999884e-01 -3.887206e-03 -8.736730e-02 -1.271751e-02 3.922745e-03 9.999114e-01 -1.503865e-01
9.999653e-01 -4.739353e-03 6.858085e-03 1.151969e+01 4.796951e-03 9.999530e-01 -8.406507e-03 -1.016038e-01 -6.817923e-03 8.439112e-03 9.999412e-01 -1.501468e-01
9.999758e-01 -4.404027e-03 5.380324e-03 1.344272e+01 4.408650e-03 9.999899e-01 -8.477556e-04 -9.950425e-02 -5.376536e-03 8.714551e-04 9.999852e-01 -2.088692e-01
9.999719e-01 -4.011581e-03 -6.329115e-03 1.534925e+01 3.972804e-03 9.999734e-01 -6.127419e-03 -1.007707e-01 6.353527e-03 6.102103e-03 9.999612e-01 -2.265649e-01
9.999846e-01 -4.361339e-03 -3.439933e-03 1.723315e+01 4.329672e-03 9.999487e-01 -9.160111e-03 -1.071812e-01 3.479707e-03 9.145075e-03 9.999521e-01 -2.476426e-01
9.999704e-01 -6.691052e-03 -3.812052e-03 1.911649e+01 6.671845e-03 9.999651e-01 -5.029174e-03 -1.195716e-01 3.845569e-03 5.003591e-03 9.999801e-01 -2.123006e-01
9.999632e-01 -7.843636e-03 -3.488843e-03 2.100875e+01 7.841894e-03 9.999691e-01 -5.124483e-04 -1.267841e-01 3.492755e-03 4.850703e-04 9.999938e-01 -2.726962e-01
9.999544e-01 -9.271614e-03 -2.284680e-03 2.288539e+01 9.261951e-03 9.999483e-01 -4.204198e-03 -1.292770e-01 2.323541e-03 4.182845e-03 9.999886e-01 -2.394198e-01
9.999337e-01 -1.146046e-02 -1.114852e-03 2.474944e+01 1.146082e-02 9.999343e-01 3.243107e-04 -1.218905e-01 1.111062e-03 -3.370663e-04 9.999993e-01 -3.267102e-01
9.999152e-01 -1.290988e-02 -1.705510e-03 2.661493e+01 1.292448e-02 9.998773e-01 8.848510e-03 -1.235217e-01 1.591068e-03 -8.869802e-03 9.999594e-01 -3.673093e-01
9.998807e-01 -1.457505e-02 -5.107693e-03 2.848130e+01 1.466628e-02 9.997249e-01 1.830378e-02 -1.043116e-01 4.839509e-03 -1.837651e-02 9.998194e-01 -3.992525e-01
9.998649e-01 -1.544165e-02 -5.623607e-03 3.039030e+01 1.552650e-02 9.997612e-01 1.536943e-02 -9.106421e-02 5.384935e-03 -1.545467e-02 9.998661e-01 -4.559354e-01
9.998322e-01 -1.699560e-02 -6.839298e-03 3.229145e+01 1.700019e-02 9.998553e-01 6.139327e-04 -8.793244e-02 6.827874e-03 -7.300990e-04 9.999764e-01 -4.885502e-01
9.998037e-01 -1.871052e-02 -6.514993e-03 3.419442e+01 1.867919e-02 9.998138e-01 -4.837594e-03 -5.645546e-02 6.604294e-03 4.714950e-03 9.999671e-01 -5.446343e-01
9.997919e-01 -1.924991e-02 -6.756297e-03 3.605980e+01 1.924705e-02 9.998147e-01 -4.889393e-04 -3.759969e-02 6.764456e-03 3.587988e-04 9.999771e-01 -5.559383e-01
9.998070e-01 -1.857943e-02 -6.389073e-03 3.795374e+01 1.864735e-02 9.997685e-01 1.073990e-02 -2.029821e-02 6.188052e-03 -1.085696e-02 9.999219e-01 -5.836081e-01
9.998049e-01 -1.905730e-02 -5.190141e-03 3.986524e+01 1.912485e-02 9.997287e-01 1.329258e-02 -1.378116e-02 4.935413e-03 -1.338925e-02 9.998982e-01 -6.006826e-01
9.998117e-01 -1.930916e-02 1.917146e-03 4.175631e+01 1.928635e-02 9.997503e-01 1.127761e-02 -6.286575e-03 -2.134429e-03 -1.123851e-02 9.999346e-01 -6.602468e-01
9.997713e-01 -1.996841e-02 7.658727e-03 4.367487e+01 1.992240e-02 9.997833e-01 6.037117e-03 2.975217e-03 -7.777619e-03 -5.883157e-03 9.999524e-01 -6.975355e-01
9.996350e-01 -2.039535e-02 1.771878e-02 4.557459e+01 2.032082e-02 9.997839e-01 4.376360e-03 2.848138e-02 -1.780421e-02 -4.014703e-03 9.998334e-01 -7.466618e-01
9.995946e-01 -1.938105e-02 2.085850e-02 4.748532e+01 1.932215e-02 9.998088e-01 3.021684e-03 2.600417e-02 -2.091308e-02 -2.617428e-03 9.997779e-01 -7.786964e-01
9.994447e-01 -1.767723e-02 2.824427e-02 4.938684e+01 1.756386e-02 9.998366e-01 4.257071e-03 2.952974e-02 -2.831491e-02 -3.758629e-03 9.995920e-01 -8.182266e-01
9.995043e-01 -1.733219e-02 2.628426e-02 5.129513e+01 1.724152e-02 9.998447e-01 3.672329e-03 3.735679e-02 -2.634382e-02 -3.217328e-03 9.996477e-01 -8.589928e-01
9.993327e-01 -1.594010e-02 3.286349e-02 5.321059e+01 1.588880e-02 9.998721e-01 1.821748e-03 4.053264e-02 -3.288833e-02 -1.298371e-03 9.994582e-01 -8.912856e-01
9.993843e-01 -1.524747e-02 3.159916e-02 5.510726e+01 1.521671e-02 9.998833e-01 1.213723e-03 6.642282e-02 -3.161399e-02 -7.321404e-04 9.994999e-01 -9.407659e-01
9.993728e-01 -1.407701e-02 3.249231e-02 5.700546e+01 1.410423e-02 9.999003e-01 -6.087145e-04 7.687739e-02 -3.248050e-02 1.066612e-03 9.994718e-01 -9.846641e-01
9.995105e-01 -1.272072e-02 2.858442e-02 5.890158e+01 1.256396e-02 9.999051e-01 5.656894e-03 9.919593e-02 -2.865366e-02 -5.294992e-03 9.995754e-01 -1.013867e+00
9.996548e-01 -1.237424e-02 2.317896e-02 6.078673e+01 1.225692e-02 9.999113e-01 5.196449e-03 1.134486e-01 -2.324121e-02 -4.910552e-03 9.997178e-01 -1.049422e+00
9.997200e-01 -1.116362e-02 2.086584e-02 6.266349e+01 1.093068e-02 9.998771e-01 1.124497e-02 1.281846e-01 -2.098881e-02 -1.101374e-02 9.997190e-01 -1.100332e+00
9.997899e-01 -1.017855e-02 1.779358e-02 6.455525e+01 1.004191e-02 9.999197e-01 7.751376e-03 1.169544e-01 -1.787105e-02 -7.571066e-03 9.998116e-01 -1.129410e+00
9.998087e-01 -8.665578e-03 1.753359e-02 6.644443e+01 8.540052e-03 9.999375e-01 7.221384e-03 1.267106e-01 -1.759507e-02 -7.070264e-03 9.998202e-01 -1.197509e+00
9.999171e-01 -5.293771e-03 1.173082e-02 6.830297e+01 5.200955e-03 9.999551e-01 7.928600e-03 1.168692e-01 -1.177226e-02 -7.866931e-03 9.998997e-01 -1.249395e+00
9.999573e-01 -1.350975e-03 9.138747e-03 7.017815e+01 1.283090e-03 9.999715e-01 7.430140e-03 1.147992e-01 -9.148526e-03 -7.418097e-03 9.999306e-01 -1.297801e+00
9.999873e-01 3.751562e-03 3.363075e-03 7.205626e+01 -3.777461e-03 9.999629e-01 7.727956e-03 9.263032e-02 -3.333959e-03 -7.740562e-03 9.999645e-01 -1.347373e+00
9.999631e-01 7.807521e-03 3.583926e-03 7.389647e+01 -7.831814e-03 9.999460e-01 6.814945e-03 8.880772e-02 -3.530525e-03 -6.842762e-03 9.999704e-01 -1.399732e+00
9.999384e-01 1.070374e-02 2.951897e-03 7.576315e+01 -1.072379e-02 9.999189e-01 6.862928e-03 4.053510e-02 -2.878199e-03 -6.894161e-03 9.999721e-01 -1.435139e+00
9.998693e-01 1.511902e-02 5.718845e-03 7.760701e+01 -1.516030e-02 9.998590e-01 7.244600e-03 -1.531021e-03 -5.608507e-03 -7.330353e-03 9.999574e-01 -1.484544e+00
9.998151e-01 1.847904e-02 5.313355e-03 7.944457e+01 -1.850818e-02 9.998136e-01 5.488057e-03 -4.579363e-02 -5.210950e-03 -5.585383e-03 9.999709e-01 -1.520978e+00
9.997246e-01 2.231927e-02 7.256707e-03 8.126067e+01 -2.233578e-02 9.997481e-01 2.201661e-03 -1.056734e-01 -7.205740e-03 -2.363139e-03 9.999713e-01 -1.562676e+00
9.996060e-01 2.634382e-02 9.684300e-03 8.308985e+01 -2.636889e-02 9.996492e-01 2.469814e-03 -1.637754e-01 -9.615839e-03 -2.724205e-03 9.999501e-01 -1.600279e+00
9.994787e-01 3.082736e-02 9.589041e-03 8.490942e+01 -3.085548e-02 9.995198e-01 2.799093e-03 -2.372545e-01 -9.498149e-03 -3.093508e-03 9.999501e-01 -1.638838e+00
9.993780e-01 3.421290e-02 8.554423e-03 8.673529e+01 -3.423635e-02 9.994104e-01 2.609956e-03 -3.125969e-01 -8.460086e-03 -2.901205e-03 9.999600e-01 -1.687496e+00
9.992590e-01 3.807641e-02 5.623489e-03 8.854380e+01 -3.808904e-02 9.992721e-01 2.156949e-03 -3.839774e-01 -5.537266e-03 -2.369544e-03 9.999819e-01 -1.724365e+00
9.990876e-01 4.227691e-02 6.048655e-03 9.036684e+01 -4.228968e-02 9.991033e-01 1.998956e-03 -4.828294e-01 -5.958722e-03 -2.252928e-03 9.999797e-01 -1.761425e+00
9.989830e-01 4.481231e-02 4.981657e-03 9.219614e+01 -4.482201e-02 9.989933e-01 1.853205e-03 -5.588540e-01 -4.893595e-03 -2.074608e-03 9.999859e-01 -1.783443e+00
9.988021e-01 4.844361e-02 6.899221e-03 9.399463e+01 -4.845506e-02 9.988242e-01 1.501760e-03 -6.648282e-01 -6.818358e-03 -1.834263e-03 9.999751e-01 -1.829648e+00
9.986520e-01 5.164578e-02 5.181346e-03 9.579456e+01 -5.165451e-02 9.986638e-01 1.566266e-03 -7.656227e-01 -5.093531e-03 -1.831795e-03 9.999853e-01 -1.854105e+00
9.984232e-01 5.585993e-02 5.550703e-03 9.760872e+01 -5.586742e-02 9.984375e-01 1.202797e-03 -8.775175e-01 -5.474842e-03 -1.511003e-03 9.999838e-01 -1.888462e+00
9.982154e-01 5.942677e-02 5.874485e-03 9.939321e+01 -5.944005e-02 9.982296e-01 2.113386e-03 -9.961780e-01 -5.738494e-03 -2.458794e-03 9.999805e-01 -1.928198e+00
9.979553e-01 6.366320e-02 5.686501e-03 1.011962e+02 -6.367780e-02 9.979675e-01 2.425996e-03 -1.125575e+00 -5.520496e-03 -2.783139e-03 9.999809e-01 -1.963817e+00
9.976448e-01 6.827216e-02 6.610132e-03 1.029754e+02 -6.828673e-02 9.976636e-01 2.003824e-03 -1.256259e+00 -6.457883e-03 -2.450489e-03 9.999762e-01 -2.002917e+00
9.974529e-01 7.071970e-02 9.296563e-03 1.047564e+02 -7.075398e-02 9.974880e-01 3.410617e-03 -1.389778e+00 -9.032012e-03 -4.059699e-03 9.999509e-01 -2.041315e+00
9.971448e-01 7.453503e-02 1.211330e-02 1.065423e+02 -7.457170e-02 9.972124e-01 2.604327e-03 -1.547764e+00 -1.188542e-02 -3.500200e-03 9.999232e-01 -2.070543e+00
9.969096e-01 7.713447e-02 1.488268e-02 1.083076e+02 -7.716636e-02 9.970169e-01 1.579530e-03 -1.682150e+00 -1.471645e-02 -2.723090e-03 9.998880e-01 -2.104820e+00
9.966059e-01 8.087897e-02 1.533812e-02 1.100719e+02 -8.089326e-02 9.967227e-01 3.126639e-04 -1.853303e+00 -1.526257e-02 -1.552353e-03 9.998823e-01 -2.147645e+00
9.962456e-01 8.493362e-02 1.676440e-02 1.118271e+02 -8.494549e-02 9.963856e-01 -3.295252e-06 -2.017905e+00 -1.670409e-02 -1.420777e-03 9.998595e-01 -2.181299e+00
9.959236e-01 8.897030e-02 1.484808e-02 1.135890e+02 -8.896904e-02 9.960341e-01 -7.466244e-04 -2.170744e+00 -1.485563e-02 -5.774389e-04 9.998895e-01 -2.192665e+00
9.954934e-01 9.389243e-02 1.331076e-02 1.153381e+02 -9.387008e-02 9.955817e-01 -2.295509e-03 -2.354110e+00 -1.346748e-02 1.035681e-03 9.999087e-01 -2.227109e+00
9.951919e-01 9.726667e-02 1.150120e-02 1.170904e+02 -9.725817e-02 9.952583e-01 -1.298769e-03 -2.531542e+00 -1.157299e-02 1.739393e-04 9.999330e-01 -2.256634e+00
9.948365e-01 1.008929e-01 1.099898e-02 1.188235e+02 -1.008801e-01 9.948971e-01 -1.715398e-03 -2.722164e+00 -1.111593e-02 5.969629e-04 9.999380e-01 -2.287302e+00
9.944352e-01 1.047282e-01 1.142986e-02 1.205728e+02 -1.046999e-01 9.944993e-01 -3.052065e-03 -2.930784e+00 -1.168663e-02 1.838376e-03 9.999300e-01 -2.314893e+00
9.939104e-01 1.096984e-01 1.040513e-02 1.222928e+02 -1.096619e-01 9.939607e-01 -4.017383e-03 -3.122885e+00 -1.078299e-02 2.851873e-03 9.999378e-01 -2.346997e+00
9.936628e-01 1.120267e-01 9.184461e-03 1.240212e+02 -1.119770e-01 9.936941e-01 -5.753228e-03 -3.338047e+00 -9.771060e-03 4.688320e-03 9.999413e-01 -2.358821e+00
9.931041e-01 1.165859e-01 1.232949e-02 1.257278e+02 -1.165193e-01 9.931703e-01 -5.984670e-03 -3.532628e+00 -1.294301e-02 4.506777e-03 9.999061e-01 -2.369804e+00
9.926341e-01 1.206658e-01 1.083035e-02 1.274406e+02 -1.206220e-01 9.926878e-01 -4.611937e-03 -3.777155e+00 -1.130767e-02 3.271587e-03 9.999307e-01 -2.395416e+00
9.922242e-01 1.236817e-01 1.393158e-02 1.291419e+02 -1.236445e-01 9.923204e-01 -3.504610e-03 -3.978690e+00 -1.425805e-02 1.754795e-03 9.998968e-01 -2.427194e+00
9.919964e-01 1.254884e-01 1.399393e-02 1.308260e+02 -1.254867e-01 9.920949e-01 -1.003791e-03 -4.201946e+00 -1.400927e-02 -7.602954e-04 9.999016e-01 -2.435036e+00
9.919531e-01 1.258122e-01 1.415479e-02 1.325341e+02 -1.258381e-01 9.920504e-01 9.510840e-04 -4.426275e+00 -1.392260e-02 -2.724643e-03 9.998994e-01 -2.470494e+00
9.918862e-01 1.261263e-01 1.593470e-02 1.342342e+02 -1.261942e-01 9.919999e-01 3.326511e-03 -4.659587e+00 -1.538766e-02 -5.310386e-03 9.998675e-01 -2.509446e+00
9.919152e-01 1.260066e-01 1.505099e-02 1.359319e+02 -1.260922e-01 9.920064e-01 4.881009e-03 -4.880798e+00 -1.431564e-02 -6.739359e-03 9.998748e-01 -2.537940e+00
9.918694e-01 1.266719e-01 1.221401e-02 1.376254e+02 -1.267254e-01 9.919308e-01 3.709467e-03 -5.118485e+00 -1.164557e-02 -5.227132e-03 9.999185e-01 -2.576832e+00
9.918204e-01 1.273084e-01 9.209133e-03 1.393616e+02 -1.273446e-01 9.918525e-01 3.445333e-03 -5.338022e+00 -8.695482e-03 -4.589885e-03 9.999517e-01 -2.620405e+00
9.917122e-01 1.282805e-01 7.136886e-03 1.410499e+02 -1.282970e-01 9.917340e-01 1.902323e-03 -5.557755e+00 -6.833862e-03 -2.802199e-03 9.999727e-01 -2.646340e+00
9.916050e-01 1.292738e-01 2.785705e-03 1.427647e+02 -1.292813e-01 9.916041e-01 2.720959e-03 -5.792353e+00 -2.410568e-03 -3.058256e-03 9.999924e-01 -2.684822e+00
9.911703e-01 1.325862e-01 1.532931e-03 1.444757e+02 -1.325904e-01 9.911660e-01 3.071177e-03 -6.048309e+00 -1.112194e-03 -3.247312e-03 9.999941e-01 -2.726823e+00
9.909139e-01 1.344893e-01 -1.474027e-03 1.461775e+02 -1.344808e-01 9.909042e-01 4.877438e-03 -6.265139e+00 2.116583e-03 -4.634893e-03 9.999870e-01 -2.745127e+00
9.903378e-01 1.386647e-01 -1.731410e-03 1.478828e+02 -1.386536e-01 9.903260e-01 5.420169e-03 -6.514309e+00 2.466247e-03 -5.127733e-03 9.999838e-01 -2.794892e+00
9.897504e-01 1.427426e-01 -4.324903e-03 1.495902e+02 -1.427231e-01 9.897524e-01 4.525260e-03 -6.776478e+00 4.926530e-03 -3.861614e-03 9.999804e-01 -2.831868e+00
9.890441e-01 1.474428e-01 -7.240571e-03 1.513002e+02 -1.474293e-01 9.890696e-01 2.364274e-03 -7.034959e+00 7.510025e-03 -1.270899e-03 9.999710e-01 -2.881596e+00
9.879304e-01 1.545913e-01 -9.751252e-03 1.530012e+02 -1.545801e-01 9.879783e-01 1.888248e-03 -7.292303e+00 9.925933e-03 -3.581073e-04 9.999506e-01 -2.899333e+00
9.867153e-01 1.622244e-01 -8.725701e-03 1.547021e+02 -1.622120e-01 9.867537e-01 2.120810e-03 -7.578025e+00 8.954164e-03 -6.772224e-04 9.999597e-01 -2.941813e+00
9.853996e-01 1.701104e-01 -7.076760e-03 1.563980e+02 -1.700914e-01 9.854230e-01 3.218972e-03 -7.864666e+00 7.521184e-03 -1.968278e-03 9.999698e-01 -2.956706e+00
9.838661e-01 1.787750e-01 -6.852656e-03 1.580862e+02 -1.787654e-01 9.838898e-01 1.982851e-03 -8.177625e+00 7.096741e-03 -7.258417e-04 9.999745e-01 -2.995718e+00
9.824348e-01 1.865406e-01 -4.944639e-03 1.597792e+02 -1.865336e-01 9.824469e-01 1.843821e-03 -8.514850e+00 5.201792e-03 -8.890923e-04 9.999861e-01 -3.039326e+00
9.810508e-01 1.937004e-01 -4.411697e-03 1.614501e+02 -1.937011e-01 9.810605e-01 2.705987e-04 -8.862272e+00 4.380557e-03 5.890795e-04 9.999902e-01 -3.062290e+00
9.796255e-01 2.008321e-01 5.821243e-04 1.631275e+02 -2.008329e-01 9.796242e-01 1.654896e-03 -9.202647e+00 -2.379067e-04 -1.738088e-03 9.999985e-01 -3.096434e+00
9.778747e-01 2.091909e-01 -4.885909e-04 1.647828e+02 -2.091910e-01 9.778749e-01 -5.617136e-05 -9.573569e+00 4.660301e-04 1.571374e-04 9.999999e-01 -3.114545e+00
9.765263e-01 2.153403e-01 4.998164e-03 1.664588e+02 -2.153446e-01 9.765381e-01 3.492088e-04 -9.942445e+00 -4.805699e-03 -1.417339e-03 9.999874e-01 -3.160292e+00
9.749663e-01 2.222390e-01 7.099629e-03 1.681355e+02 -2.222430e-01 9.749912e-01 -2.379613e-04 -1.034116e+01 -6.974960e-03 -1.345838e-03 9.999748e-01 -3.182927e+00
9.737681e-01 2.272254e-01 1.201112e-02 1.698081e+02 -2.272549e-01 9.738345e-01 1.134891e-03 -1.073316e+01 -1.143897e-02 -3.834706e-03 9.999272e-01 -3.220444e+00
9.724185e-01 2.328766e-01 1.306561e-02 1.714560e+02 -2.329206e-01 9.724939e-01 1.925602e-03 -1.114587e+01 -1.225779e-02 -4.915739e-03 9.999128e-01 -3.250002e+00
9.718786e-01 2.349792e-01 1.538848e-02 1.731290e+02 -2.350425e-01 9.719821e-01 2.417330e-03 -1.157132e+01 -1.438931e-02 -5.966300e-03 9.998786e-01 -3.271699e+00
9.713435e-01 2.372111e-01 1.492727e-02 1.747835e+02 -2.372806e-01 9.714364e-01 3.048524e-03 -1.198914e+01 -1.377775e-02 -6.503117e-03 9.998839e-01 -3.294664e+00
9.709140e-01 2.387896e-01 1.747808e-02 1.764329e+02 -2.389096e-01 9.710283e-01 5.100605e-03 -1.240207e+01 -1.575374e-02 -9.127929e-03 9.998342e-01 -3.346580e+00
9.710572e-01 2.382899e-01 1.630493e-02 1.781021e+02 -2.384006e-01 9.711530e-01 5.192279e-03 -1.281692e+01 -1.459731e-02 -8.929105e-03 9.998536e-01 -3.369220e+00
9.712798e-01 2.374348e-01 1.550128e-02 1.797835e+02 -2.375514e-01 9.713557e-01 6.139485e-03 -1.323477e+01 -1.359953e-02 -9.645509e-03 9.998610e-01 -3.419857e+00
9.712693e-01 2.377621e-01 1.025372e-02 1.814526e+02 -2.378245e-01 9.712933e-01 5.347504e-03 -1.365821e+01 -8.687938e-03 -7.632453e-03 9.999331e-01 -3.457186e+00
9.708010e-01 2.397768e-01 7.247171e-03 1.831264e+02 -2.398131e-01 9.708081e-01 4.622471e-03 -1.408042e+01 -5.927251e-03 -6.225465e-03 9.999630e-01 -3.486214e+00
9.706564e-01 2.404499e-01 3.161192e-03 1.848060e+02 -2.404616e-01 9.706501e-01 4.083501e-03 -1.451202e+01 -2.086534e-03 -4.723822e-03 9.999866e-01 -3.528581e+00
9.704866e-01 2.411414e-01 2.573584e-03 1.864911e+02 -2.411513e-01 9.704758e-01 4.785194e-03 -1.493875e+01 -1.343693e-03 -5.264590e-03 9.999852e-01 -3.558902e+00
9.704245e-01 2.414043e-01 -5.641972e-04 1.881789e+02 -2.414007e-01 9.704185e-01 3.681516e-03 -1.537250e+01 1.436241e-03 -3.436436e-03 9.999931e-01 -3.593761e+00
9.700670e-01 2.428182e-01 3.056188e-03 1.898571e+02 -2.428280e-01 9.700634e-01 3.408995e-03 -1.580968e+01 -2.136930e-03 -4.049082e-03 9.999895e-01 -3.632372e+00
9.703496e-01 2.416915e-01 2.629515e-03 1.915756e+02 -2.416978e-01 9.703485e-01 2.433874e-03 -1.623856e+01 -1.963300e-03 -2.997257e-03 9.999936e-01 -3.642487e+00
9.700342e-01 2.428668e-01 7.032319e-03 1.932573e+02 -2.428949e-01 9.700464e-01 3.455084e-03 -1.668219e+01 -5.982550e-03 -5.059664e-03 9.999693e-01 -3.695382e+00
9.700717e-01 2.427793e-01 4.370239e-03 1.949490e+02 -2.427942e-01 9.700723e-01 3.285485e-03 -1.712240e+01 -3.441799e-03 -4.248225e-03 9.999850e-01 -3.708492e+00
9.701948e-01 2.423026e-01 3.403074e-03 1.966595e+02 -2.423066e-01 9.701993e-01 8.174748e-04 -1.756592e+01 -3.103584e-03 -1.617697e-03 9.999939e-01 -3.744334e+00
9.698639e-01 2.436097e-01 4.290306e-03 1.983321e+02 -2.436180e-01 9.698700e-01 1.538942e-03 -1.801443e+01 -3.786138e-03 -2.537760e-03 9.999896e-01 -3.785400e+00
9.697558e-01 2.440662e-01 2.342197e-03 2.000339e+02 -2.440695e-01 9.697570e-01 1.240271e-03 -1.846571e+01 -1.968654e-03 -1.774419e-03 9.999965e-01 -3.825812e+00
9.699229e-01 2.433791e-01 4.018398e-03 2.017348e+02 -2.433923e-01 9.699225e-01 3.220706e-03 -1.889380e+01 -3.113682e-03 -4.101883e-03 9.999868e-01 -3.857936e+00
9.699357e-01 2.433485e-01 2.519543e-03 2.034214e+02 -2.433573e-01 9.699279e-01 4.160480e-03 -1.934309e+01 -1.431328e-03 -4.648547e-03 9.999882e-01 -3.884196e+00
9.699029e-01 2.434739e-01 2.966776e-03 2.051074e+02 -2.434872e-01 9.698881e-01 5.566773e-03 -1.977465e+01 -1.522077e-03 -6.121601e-03 9.999801e-01 -3.915447e+00
9.699025e-01 2.434696e-01 3.441867e-03 2.067949e+02 -2.434871e-01 9.698840e-01 6.239325e-03 -2.019705e+01 -1.819126e-03 -6.889586e-03 9.999746e-01 -3.946125e+00
9.695057e-01 2.450457e-01 3.359330e-03 2.084806e+02 -2.450632e-01 9.694849e-01 6.571750e-03 -2.063318e+01 -1.646441e-03 -7.194597e-03 9.999728e-01 -3.997579e+00
9.695815e-01 2.447537e-01 2.691146e-03 2.101666e+02 -2.447663e-01 9.695604e-01 6.497073e-03 -2.106563e+01 -1.019046e-03 -6.958143e-03 9.999753e-01 -4.035331e+00
9.694873e-01 2.451393e-01 -1.047433e-03 2.118535e+02 -2.451264e-01 9.694662e-01 6.949859e-03 -2.151093e+01 2.719134e-03 -6.481047e-03 9.999753e-01 -4.078984e+00
9.695587e-01 2.448339e-01 -3.514235e-03 2.135377e+02 -2.448071e-01 9.695487e-01 6.690857e-03 -2.194372e+01 5.045371e-03 -5.626868e-03 9.999714e-01 -4.128432e+00
9.693246e-01 2.457717e-01 -2.471640e-03 2.152191e+02 -2.457523e-01 9.693118e-01 6.332743e-03 -2.238995e+01 3.952199e-03 -5.531073e-03 9.999769e-01 -4.152034e+00
9.694085e-01 2.454271e-01 -3.580228e-03 2.168885e+02 -2.453924e-01 9.693899e-01 8.112337e-03 -2.281590e+01 5.461624e-03 -6.985608e-03 9.999607e-01 -4.210608e+00
9.694952e-01 2.451080e-01 -1.058126e-03 2.185599e+02 -2.450896e-01 9.694604e-01 8.802757e-03 -2.324249e+01 3.183438e-03 -8.274894e-03 9.999607e-01 -4.250058e+00
9.693485e-01 2.456701e-01 -3.093211e-03 2.202349e+02 -2.456381e-01 9.693264e-01 8.256948e-03 -2.367681e+01 5.026816e-03 -7.244050e-03 9.999611e-01 -4.283363e+00
9.692417e-01 2.460914e-01 -3.095701e-03 2.219055e+02 -2.460742e-01 9.692377e-01 5.075511e-03 -2.411764e+01 4.249510e-03 -4.157625e-03 9.999824e-01 -4.320951e+00
9.691520e-01 2.464636e-01 6.710633e-05 2.235934e+02 -2.464615e-01 9.691426e-01 4.381544e-03 -2.456415e+01 1.014856e-03 -4.262922e-03 9.999904e-01 -4.375115e+00
9.687835e-01 2.479052e-01 1.232743e-03 2.252638e+02 -2.479080e-01 9.687778e-01 3.375887e-03 -2.499711e+01 -3.573541e-04 -3.576111e-03 9.999936e-01 -4.417863e+00
9.681750e-01 2.502626e-01 2.410353e-03 2.269110e+02 -2.502695e-01 9.681711e-01 3.163922e-03 -2.544301e+01 -1.541822e-03 -3.666468e-03 9.999921e-01 -4.457623e+00
9.678194e-01 2.515822e-01 5.660545e-03 2.285898e+02 -2.516082e-01 9.678189e-01 4.467020e-03 -2.590553e+01 -4.354560e-03 -5.747509e-03 9.999740e-01 -4.492048e+00
9.672447e-01 2.537592e-01 6.621628e-03 2.302240e+02 -2.537817e-01 9.672576e-01 2.808685e-03 -2.635259e+01 -5.692090e-03 -4.397134e-03 9.999741e-01 -4.530797e+00
9.669060e-01 2.549928e-01 8.452460e-03 2.318920e+02 -2.550330e-01 9.669237e-01 4.064524e-03 -2.679180e+01 -7.136461e-03 -6.085669e-03 9.999560e-01 -4.565393e+00
9.664836e-01 2.565730e-01 8.929606e-03 2.335334e+02 -2.566161e-01 9.665051e-01 4.049860e-03 -2.725082e+01 -7.591424e-03 -6.205603e-03 9.999520e-01 -4.599303e+00
9.656261e-01 2.597501e-01 9.806997e-03 2.351655e+02 -2.598041e-01 9.656500e-01 4.675041e-03 -2.772727e+01 -8.255784e-03 -7.062240e-03 9.999410e-01 -4.661901e+00
9.646277e-01 2.634070e-01 1.049420e-02 2.367982e+02 -2.634761e-01 9.646484e-01 5.839920e-03 -2.817012e+01 -8.584932e-03 -8.398319e-03 9.999279e-01 -4.687846e+00
9.638599e-01 2.662483e-01 9.269474e-03 2.384160e+02 -2.663235e-01 9.638495e-01 8.111617e-03 -2.863129e+01 -6.774675e-03 -1.028714e-02 9.999241e-01 -4.739193e+00
9.628767e-01 2.698616e-01 6.563042e-03 2.400522e+02 -2.699078e-01 9.628558e-01 7.639705e-03 -2.909200e+01 -4.257601e-03 -9.127511e-03 9.999493e-01 -4.786014e+00
9.619488e-01 2.732148e-01 2.888035e-03 2.416854e+02 -2.732295e-01 9.619133e-01 8.275197e-03 -2.956051e+01 -5.171332e-04 -8.749411e-03 9.999616e-01 -4.823242e+00
9.608280e-01 2.771393e-01 1.816222e-03 2.433029e+02 -2.771448e-01 9.607933e-01 8.184963e-03 -3.004510e+01 5.233610e-04 -8.367698e-03 9.999648e-01 -4.872467e+00
9.593704e-01 2.821437e-01 1.850805e-03 2.449123e+02 -2.821483e-01 9.593236e-01 9.524621e-03 -3.051357e+01 9.117908e-04 -9.659840e-03 9.999529e-01 -4.922714e+00
9.586405e-01 2.846049e-01 2.910600e-03 2.465042e+02 -2.846198e-01 9.585900e-01 9.835482e-03 -3.099312e+01 9.154202e-06 -1.025710e-02 9.999474e-01 -4.968332e+00
9.574051e-01 2.887324e-01 3.001256e-03 2.481181e+02 -2.887479e-01 9.573501e-01 1.027244e-02 -3.149451e+01 9.273295e-05 -1.070149e-02 9.999427e-01 -5.001647e+00
9.562781e-01 2.924126e-01 5.200936e-03 2.497074e+02 -2.924570e-01 9.561837e-01 1.348005e-02 -3.199401e+01 -1.031314e-03 -1.441173e-02 9.998956e-01 -5.057887e+00
9.550552e-01 2.962939e-01 8.911017e-03 2.512929e+02 -2.964041e-01 9.549273e-01 1.607293e-02 -3.250639e+01 -3.747063e-03 -1.799180e-02 9.998311e-01 -5.108898e+00
9.533392e-01 3.017271e-01 1.025266e-02 2.528718e+02 -3.018634e-01 9.532073e-01 1.656214e-02 -3.302941e+01 -4.775667e-03 -1.888424e-02 9.998103e-01 -5.165326e+00
9.520957e-01 3.055930e-01 1.125037e-02 2.544445e+02 -3.057495e-01 9.519628e-01 1.685922e-02 -3.354790e+01 -5.557876e-03 -1.949138e-02 9.997946e-01 -5.224227e+00
9.499395e-01 3.121762e-01 1.268718e-02 2.560309e+02 -3.123618e-01 9.498092e-01 1.710456e-02 -3.408506e+01 -6.710766e-03 -2.021129e-02 9.997732e-01 -5.281379e+00
9.483194e-01 3.169596e-01 1.506616e-02 2.575858e+02 -3.171970e-01 9.481982e-01 1.749452e-02 -3.462770e+01 -8.740653e-03 -2.136933e-02 9.997334e-01 -5.338079e+00
9.464132e-01 3.225040e-01 1.712611e-02 2.591631e+02 -3.227608e-01 9.463580e-01 1.522794e-02 -3.517178e+01 -1.129636e-02 -1.993956e-02 9.997374e-01 -5.384013e+00
9.448032e-01 3.270972e-01 1.882204e-02 2.607148e+02 -3.274049e-01 9.447390e-01 1.655975e-02 -3.573409e+01 -1.236527e-02 -2.180813e-02 9.996857e-01 -5.448660e+00
9.422494e-01 3.339778e-01 2.500012e-02 2.622659e+02 -3.344526e-01 9.422404e-01 1.801263e-02 -3.630208e+01 -1.754030e-02 -2.533374e-02 9.995251e-01 -5.501704e+00
9.404575e-01 3.387954e-01 2.752214e-02 2.638166e+02 -3.393781e-01 9.404328e-01 2.021892e-02 -3.689298e+01 -1.903265e-02 -2.835545e-02 9.994167e-01 -5.568214e+00
9.390179e-01 3.423304e-01 3.248634e-02 2.653713e+02 -3.430986e-01 9.390432e-01 2.194019e-02 -3.746055e+01 -2.299528e-02 -3.174825e-02 9.992313e-01 -5.629387e+00
9.375576e-01 3.462035e-01 3.359812e-02 2.669176e+02 -3.470435e-01 9.375553e-01 2.346292e-02 -3.805636e+01 -2.337716e-02 -3.365785e-02 9.991600e-01 -5.690821e+00
9.358397e-01 3.506052e-01 3.577890e-02 2.684664e+02 -3.515584e-01 9.358319e-01 2.500835e-02 -3.865034e+01 -2.471497e-02 -3.598218e-02 9.990467e-01 -5.764546e+00
9.341676e-01 3.552416e-01 3.368006e-02 2.700071e+02 -3.561469e-01 9.340619e-01 2.622245e-02 -3.925250e+01 -2.214396e-02 -3.649121e-02 9.990886e-01 -5.833317e+00
9.322646e-01 3.604769e-01 3.064371e-02 2.715486e+02 -3.612917e-01 9.320543e-01 2.726117e-02 -3.985986e+01 -1.873457e-02 -3.648594e-02 9.991586e-01 -5.920218e+00
9.302912e-01 3.658485e-01 2.670306e-02 2.730758e+02 -3.665195e-01 9.300129e-01 2.718998e-02 -4.046720e+01 -1.488677e-02 -3.508180e-02 9.992735e-01 -6.008761e+00
9.285756e-01 3.703946e-01 2.356092e-02 2.746245e+02 -3.709478e-01 9.282746e-01 2.653070e-02 -4.108369e+01 -1.204417e-02 -3.337564e-02 9.993703e-01 -6.071161e+00
9.264889e-01 3.759159e-01 1.748143e-02 2.761512e+02 -3.762661e-01 9.261525e-01 2.579314e-02 -4.170573e+01 -6.494422e-03 -3.047473e-02 9.995145e-01 -6.137266e+00
9.246466e-01 3.805935e-01 1.331071e-02 2.776876e+02 -3.808190e-01 9.242796e-01 2.615897e-02 -4.235002e+01 -2.346880e-03 -2.925677e-02 9.995692e-01 -6.209710e+00
9.226187e-01 3.855877e-01 9.841556e-03 2.792028e+02 -3.857123e-01 9.222583e-01 2.579951e-02 -4.299409e+01 8.715149e-04 -2.759911e-02 9.996187e-01 -6.273040e+00
9.205803e-01 3.905070e-01 6.022875e-03 2.807239e+02 -3.905110e-01 9.201436e-01 2.893308e-02 -4.363906e+01 5.756661e-03 -2.898722e-02 9.995632e-01 -6.354121e+00
9.182613e-01 3.959600e-01 3.435613e-03 2.822508e+02 -3.958561e-01 9.177386e-01 3.245914e-02 -4.430809e+01 9.699526e-03 -3.116598e-02 9.994671e-01 -6.435513e+00
9.162689e-01 4.005622e-01 -1.044422e-03 2.837665e+02 -4.002950e-01 9.157469e-01 3.422718e-02 -4.497663e+01 1.466654e-02 -3.094323e-02 9.994135e-01 -6.523702e+00
9.144202e-01 4.047587e-01 -2.447944e-03 2.852796e+02 -4.044412e-01 9.139121e-01 3.453150e-02 -4.565248e+01 1.621413e-02 -3.058626e-02 9.994006e-01 -6.624641e+00
9.126929e-01 4.086121e-01 -5.274301e-03 2.867851e+02 -4.082098e-01 9.122387e-01 3.442529e-02 -4.632143e+01 1.887801e-02 -2.926669e-02 9.993933e-01 -6.684285e+00
9.103488e-01 4.137850e-01 -6.862326e-03 2.882864e+02 -4.133138e-01 9.098995e-01 3.541888e-02 -4.701747e+01 2.089983e-02 -2.940724e-02 9.993490e-01 -6.769541e+00
9.082289e-01 4.184352e-01 -5.682825e-03 2.897852e+02 -4.179817e-01 9.077355e-01 3.615696e-02 -4.772634e+01 2.028785e-02 -3.046348e-02 9.993300e-01 -6.868343e+00
9.066863e-01 4.217736e-01 -5.199349e-03 2.912825e+02 -4.213316e-01 9.061829e-01 3.622375e-02 -4.842803e+01 1.998978e-02 -3.065293e-02 9.993302e-01 -6.945138e+00
9.054990e-01 4.243384e-01 -2.931781e-03 2.927637e+02 -4.239480e-01 9.049227e-01 3.718718e-02 -4.912852e+01 1.843298e-02 -3.243003e-02 9.993040e-01 -7.035913e+00
9.045475e-01 4.263638e-01 -2.785834e-03 2.942608e+02 -4.259179e-01 9.038649e-01 4.027852e-02 -4.984581e+01 1.969132e-02 -3.524730e-02 9.991846e-01 -7.129483e+00
9.051622e-01 4.250414e-01 -4.607056e-03 2.957450e+02 -4.245045e-01 9.044696e-01 4.160063e-02 -5.055482e+01 2.184893e-02 -3.569959e-02 9.991237e-01 -7.222668e+00
9.049373e-01 4.255173e-01 -4.845797e-03 2.972406e+02 -4.248905e-01 9.041184e-01 4.514142e-02 -5.127132e+01 2.358963e-02 -3.879122e-02 9.989688e-01 -7.321321e+00
9.047502e-01 4.258707e-01 -7.825238e-03 2.987253e+02 -4.250956e-01 9.039565e-01 4.643400e-02 -5.199009e+01 2.684856e-02 -3.868470e-02 9.988907e-01 -7.436101e+00
9.048266e-01 4.257061e-01 -7.940702e-03 3.002360e+02 -4.249305e-01 9.040416e-01 4.629128e-02 -5.270837e+01 2.688521e-02 -3.851134e-02 9.988964e-01 -7.523489e+00
9.049979e-01 4.253045e-01 -9.740368e-03 3.017318e+02 -4.244946e-01 9.043070e-01 4.508918e-02 -5.341483e+01 2.798492e-02 -3.667088e-02 9.989355e-01 -7.634083e+00
9.055132e-01 4.242511e-01 -7.534052e-03 3.032315e+02 -4.235272e-01 9.047666e-01 4.496875e-02 -5.412500e+01 2.589460e-02 -3.752892e-02 9.989600e-01 -7.735037e+00
9.056093e-01 4.238935e-01 -1.364342e-02 3.047153e+02 -4.228812e-01 9.049616e-01 4.707430e-02 -5.483689e+01 3.230126e-02 -3.686138e-02 9.987982e-01 -7.830884e+00
9.066011e-01 4.217922e-01 -1.287515e-02 3.062246e+02 -4.207974e-01 9.059119e-01 4.746724e-02 -5.555589e+01 3.168507e-02 -3.761603e-02 9.987898e-01 -7.949080e+00
9.072236e-01 4.203050e-01 -1.700268e-02 3.077210e+02 -4.190532e-01 9.065611e-01 5.041460e-02 -5.624902e+01 3.660347e-02 -3.861228e-02 9.985836e-01 -8.055414e+00
9.080919e-01 4.183576e-01 -1.860178e-02 3.092255e+02 -4.170169e-01 9.074572e-01 5.117110e-02 -5.695378e+01 3.828814e-02 -3.871081e-02 9.985166e-01 -8.173122e+00
9.098400e-01 4.144617e-01 -2.031227e-02 3.107385e+02 -4.130046e-01 9.092143e-01 5.250126e-02 -5.764920e+01 4.022798e-02 -3.937869e-02 9.984143e-01 -8.271679e+00
9.114456e-01 4.107938e-01 -2.270357e-02 3.122531e+02 -4.092870e-01 9.109498e-01 5.152309e-02 -5.833526e+01 4.184718e-02 -3.766822e-02 9.984137e-01 -8.391214e+00
9.134328e-01 4.063418e-01 -2.295240e-02 3.137700e+02 -4.047630e-01 9.128810e-01 5.305929e-02 -5.903072e+01 4.251302e-02 -3.917582e-02 9.983276e-01 -8.510616e+00
9.154052e-01 4.016028e-01 -2.736102e-02 3.152764e+02 -3.998037e-01 9.149970e-01 5.420002e-02 -5.970296e+01 4.680213e-02 -3.867594e-02 9.981552e-01 -8.619438e+00
9.174317e-01 3.968161e-01 -2.925747e-02 3.168072e+02 -3.948869e-01 9.170572e-01 5.541368e-02 -6.037154e+01 4.881981e-02 -3.928488e-02 9.980347e-01 -8.736576e+00
9.188901e-01 3.931844e-01 -3.235618e-02 3.183284e+02 -3.911022e-01 9.186379e-01 5.606791e-02 -6.103823e+01 5.176863e-02 -3.886568e-02 9.979025e-01 -8.843740e+00
9.205930e-01 3.892899e-01 -3.101550e-02 3.198440e+02 -3.871814e-01 9.201998e-01 5.764785e-02 -6.168693e+01 5.098217e-02 -4.106158e-02 9.978551e-01 -8.992123e+00
9.227589e-01 3.838458e-01 -3.432634e-02 3.213826e+02 -3.815413e-01 9.224788e-01 5.881578e-02 -6.233664e+01 5.424152e-02 -4.117587e-02 9.976785e-01 -9.103851e+00
9.242465e-01 3.801064e-01 -3.588083e-02 3.229068e+02 -3.777054e-01 9.240175e-01 5.941707e-02 -6.297801e+01 5.573931e-02 -4.136365e-02 9.975882e-01 -9.236073e+00
9.261268e-01 3.752747e-01 -3.818482e-02 3.244169e+02 -3.727068e-01 9.259634e-01 6.067553e-02 -6.359221e+01 5.812773e-02 -4.196150e-02 9.974269e-01 -9.348527e+00
9.283533e-01 3.696650e-01 -3.883218e-02 3.259537e+02 -3.668931e-01 9.280814e-01 6.367590e-02 -6.420404e+01 5.957816e-02 -4.486647e-02 9.972149e-01 -9.487248e+00
9.307131e-01 3.634668e-01 -4.080524e-02 3.274903e+02 -3.604302e-01 9.304091e-01 6.655185e-02 -6.481450e+01 6.215494e-02 -4.723324e-02 9.969482e-01 -9.615499e+00
9.330236e-01 3.575783e-01 -4.005947e-02 3.290272e+02 -3.544462e-01 9.325484e-01 6.871125e-02 -6.542271e+01 6.192705e-02 -4.991029e-02 9.968320e-01 -9.740200e+00
9.359999e-01 3.496270e-01 -4.080718e-02 3.305686e+02 -3.464620e-01 9.355450e-01 6.869934e-02 -6.600402e+01 6.219610e-02 -5.016444e-02 9.968024e-01 -9.906715e+00
9.390015e-01 3.415811e-01 -3.998183e-02 3.321009e+02 -3.384168e-01 9.384308e-01 6.943900e-02 -6.658041e+01 6.123922e-02 -5.167281e-02 9.967847e-01 -1.003797e+01
9.417568e-01 3.335994e-01 -4.249132e-02 3.336398e+02 -3.303440e-01 9.413425e-01 6.890015e-02 -6.714724e+01 6.298395e-02 -5.085044e-02 9.967182e-01 -1.018471e+01
9.447042e-01 3.251935e-01 -4.222637e-02 3.351855e+02 -3.220913e-01 9.443551e-01 6.671365e-02 -6.769550e+01 6.157153e-02 -4.942393e-02 9.968783e-01 -1.031380e+01
9.470864e-01 3.178426e-01 -4.475916e-02 3.367476e+02 -3.148160e-01 9.470210e-01 6.357734e-02 -6.822451e+01 6.259546e-02 -4.612233e-02 9.969727e-01 -1.045489e+01
9.497124e-01 3.100697e-01 -4.362548e-02 3.382877e+02 -3.072421e-01 9.496617e-01 6.119557e-02 -6.873833e+01 6.040435e-02 -4.471461e-02 9.971719e-01 -1.058064e+01
9.517421e-01 3.041239e-01 -4.117856e-02 3.398244e+02 -3.012476e-01 9.513993e-01 6.394747e-02 -6.924518e+01 5.862521e-02 -4.845655e-02 9.971033e-01 -1.073217e+01
9.538410e-01 2.975206e-01 -4.085055e-02 3.413711e+02 -2.946105e-01 9.534148e-01 6.484448e-02 -6.974091e+01 5.824008e-02 -4.981633e-02 9.970589e-01 -1.085880e+01
9.556857e-01 2.910908e-01 -4.394386e-02 3.429120e+02 -2.880649e-01 9.554523e-01 6.426193e-02 -7.022138e+01 6.069232e-02 -4.875552e-02 9.969651e-01 -1.099675e+01
9.579719e-01 2.835855e-01 -4.323244e-02 3.444573e+02 -2.808293e-01 9.578594e-01 6.033397e-02 -7.069009e+01 5.852043e-02 -4.565731e-02 9.972416e-01 -1.111244e+01
9.602614e-01 2.758012e-01 -4.279849e-02 3.460066e+02 -2.729468e-01 9.600042e-01 6.238627e-02 -7.114748e+01 5.829294e-02 -4.822542e-02 9.971340e-01 -1.123896e+01
9.631857e-01 2.661213e-01 -3.811381e-02 3.475598e+02 -2.633204e-01 9.624652e-01 6.575188e-02 -7.158876e+01 5.418119e-02 -5.329513e-02 9.971078e-01 -1.138210e+01
9.658552e-01 2.558340e-01 -4.089955e-02 3.491017e+02 -2.528147e-01 9.651846e-01 6.710752e-02 -7.202219e+01 5.664400e-02 -5.447614e-02 9.969071e-01 -1.148304e+01
9.686466e-01 2.446341e-01 -4.333474e-02 3.506624e+02 -2.416880e-01 9.682621e-01 6.368198e-02 -7.242335e+01 5.753817e-02 -5.121184e-02 9.970289e-01 -1.163645e+01
9.715429e-01 2.331071e-01 -4.201777e-02 3.522343e+02 -2.306353e-01 9.714049e-01 5.638886e-02 -7.282404e+01 5.396092e-02 -4.509341e-02 9.975243e-01 -1.173990e+01
9.739775e-01 2.227708e-01 -4.172461e-02 3.537994e+02 -2.203291e-01 9.738107e-01 5.610596e-02 -7.319337e+01 5.313065e-02 -4.545280e-02 9.975526e-01 -1.185513e+01
9.761037e-01 2.133054e-01 -4.150233e-02 3.553480e+02 -2.106535e-01 9.756997e-01 6.029457e-02 -7.354415e+01 5.335497e-02 -5.011114e-02 9.973174e-01 -1.199690e+01
9.777213e-01 2.055450e-01 -4.257169e-02 3.569065e+02 -2.026543e-01 9.771734e-01 6.374414e-02 -7.389188e+01 5.470221e-02 -5.369666e-02 9.970579e-01 -1.211093e+01
9.790406e-01 1.983118e-01 -4.638830e-02 3.584784e+02 -1.951533e-01 9.786243e-01 6.488086e-02 -7.421620e+01 5.826337e-02 -5.446817e-02 9.968143e-01 -1.222661e+01
9.805074e-01 1.913826e-01 -4.447491e-02 3.600432e+02 -1.884247e-01 9.800494e-01 6.323913e-02 -7.452267e+01 5.569048e-02 -5.362627e-02 9.970069e-01 -1.238776e+01
9.817311e-01 1.842145e-01 -4.763498e-02 3.616013e+02 -1.809432e-01 9.812944e-01 6.573126e-02 -7.483321e+01 5.885260e-02 -5.591119e-02 9.966997e-01 -1.247783e+01
9.829242e-01 1.773784e-01 -4.895884e-02 3.631708e+02 -1.741833e-01 9.826792e-01 6.325849e-02 -7.512771e+01 5.933153e-02 -5.365049e-02 9.967955e-01 -1.264291e+01
9.843557e-01 1.691566e-01 -4.929275e-02 3.647472e+02 -1.662486e-01 9.843696e-01 5.811899e-02 -7.540823e+01 5.835349e-02 -4.901491e-02 9.970919e-01 -1.273915e+01
9.857980e-01 1.610588e-01 -4.756480e-02 3.663241e+02 -1.582025e-01 9.856586e-01 5.872668e-02 -7.567200e+01 5.634110e-02 -5.036777e-02 9.971403e-01 -1.285931e+01
9.871125e-01 1.536564e-01 -4.470577e-02 3.678930e+02 -1.508003e-01 9.866509e-01 6.147693e-02 -7.592503e+01 5.355531e-02 -5.394301e-02 9.971068e-01 -1.298280e+01
9.879985e-01 1.460031e-01 -5.041761e-02 3.694567e+02 -1.425705e-01 9.875783e-01 6.605010e-02 -7.616235e+01 5.943486e-02 -5.806934e-02 9.965417e-01 -1.311623e+01
9.887890e-01 1.391444e-01 -5.417654e-02 3.710353e+02 -1.354819e-01 9.885615e-01 6.626128e-02 -7.639230e+01 6.277674e-02 -5.817848e-02 9.963304e-01 -1.322646e+01
9.896253e-01 1.306496e-01 -5.977066e-02 3.726327e+02 -1.267392e-01 9.897965e-01 6.511804e-02 -7.661410e+01 6.766842e-02 -5.686718e-02 9.960859e-01 -1.335725e+01
9.908193e-01 1.214548e-01 -5.937880e-02 3.742127e+02 -1.178023e-01 9.911262e-01 6.157560e-02 -7.680647e+01 6.633053e-02 -5.401534e-02 9.963346e-01 -1.349091e+01
9.918975e-01 1.127908e-01 -5.845996e-02 3.757985e+02 -1.091398e-01 9.920731e-01 6.228625e-02 -7.700550e+01 6.502187e-02 -5.540127e-02 9.963447e-01 -1.359498e+01
9.929488e-01 1.043797e-01 -5.619143e-02 3.773844e+02 -1.008072e-01 9.929061e-01 6.304920e-02 -7.718779e+01 6.237387e-02 -5.694013e-02 9.964273e-01 -1.372344e+01
9.940769e-01 9.571853e-02 -5.146921e-02 3.789731e+02 -9.253230e-02 9.938339e-01 6.108709e-02 -7.736683e+01 5.699902e-02 -5.596270e-02 9.968045e-01 -1.384208e+01
9.949877e-01 8.737846e-02 -4.862651e-02 3.805784e+02 -8.448484e-02 9.946952e-01 5.868330e-02 -7.752644e+01 5.349622e-02 -5.428096e-02 9.970917e-01 -1.396079e+01
9.959958e-01 7.794823e-02 -4.377744e-02 3.821638e+02 -7.543943e-02 9.955596e-01 5.630212e-02 -7.766726e+01 4.797170e-02 -5.277412e-02 9.974536e-01 -1.410309e+01
9.966917e-01 6.886163e-02 -4.317135e-02 3.837601e+02 -6.635206e-02 9.961617e-01 5.709245e-02 -7.778600e+01 4.693712e-02 -5.403906e-02 9.974350e-01 -1.421667e+01
9.971879e-01 6.080850e-02 -4.380285e-02 3.853442e+02 -5.819101e-02 9.965760e-01 5.873866e-02 -7.789545e+01 4.722468e-02 -5.602454e-02 9.973119e-01 -1.433622e+01
9.975316e-01 5.337230e-02 -4.563062e-02 3.869233e+02 -5.068272e-02 9.970179e-01 5.819616e-02 -7.799454e+01 4.860060e-02 -5.573983e-02 9.972618e-01 -1.445933e+01
9.980124e-01 4.559088e-02 -4.350486e-02 3.884917e+02 -4.309893e-02 9.974664e-01 5.659419e-02 -7.807570e+01 4.597482e-02 -5.460669e-02 9.974490e-01 -1.458298e+01
9.982381e-01 3.860758e-02 -4.505741e-02 3.900788e+02 -3.599970e-02 9.977067e-01 5.732169e-02 -7.814294e+01 4.716713e-02 -5.559864e-02 9.973385e-01 -1.469540e+01
9.983697e-01 3.367366e-02 -4.608750e-02 3.916411e+02 -3.102502e-02 9.978906e-01 5.702586e-02 -7.821475e+01 4.791055e-02 -5.550302e-02 9.973084e-01 -1.481827e+01
9.984814e-01 2.895649e-02 -4.686548e-02 3.931874e+02 -2.629720e-02 9.980620e-01 5.639764e-02 -7.826961e+01 4.840774e-02 -5.507956e-02 9.973078e-01 -1.493186e+01
9.986650e-01 2.432346e-02 -4.556840e-02 3.947427e+02 -2.172370e-02 9.981548e-01 5.670328e-02 -7.831458e+01 4.686353e-02 -5.563767e-02 9.973506e-01 -1.506985e+01
9.986388e-01 2.032714e-02 -4.803470e-02 3.962794e+02 -1.752639e-02 9.981613e-01 5.802536e-02 -7.836208e+01 4.912587e-02 -5.710450e-02 9.971588e-01 -1.516004e+01
9.987887e-01 1.641015e-02 -4.638719e-02 3.977968e+02 -1.376939e-02 9.982970e-01 5.668580e-02 -7.839398e+01 4.723842e-02 -5.597841e-02 9.973139e-01 -1.530076e+01
9.988790e-01 1.268890e-02 -4.560531e-02 3.993250e+02 -1.016721e-02 9.984287e-01 5.510640e-02 -7.842078e+01 4.623289e-02 -5.458094e-02 9.974384e-01 -1.539979e+01
9.989364e-01 9.247552e-03 -4.517405e-02 4.008481e+02 -6.799229e-03 9.985148e-01 5.405363e-02 -7.844598e+01 4.560683e-02 -5.368898e-02 9.975157e-01 -1.552811e+01
9.991035e-01 6.032810e-03 -4.190212e-02 4.023489e+02 -3.818981e-03 9.986023e-01 5.271382e-02 -7.846955e+01 4.216157e-02 -5.250654e-02 9.977301e-01 -1.563281e+01
9.991751e-01 2.411309e-03 -4.053713e-02 4.038387e+02 -2.968513e-04 9.986426e-01 5.208632e-02 -7.848144e+01 4.060770e-02 -5.203132e-02 9.978195e-01 -1.572035e+01
9.993480e-01 -1.197223e-03 -3.608497e-02 4.053243e+02 3.042477e-03 9.986875e-01 5.112492e-02 -7.849764e+01 3.597641e-02 -5.120138e-02 9.980401e-01 -1.584715e+01
9.994991e-01 -4.138906e-03 -3.137523e-02 4.068118e+02 5.715958e-03 9.987155e-01 5.034243e-02 -7.850977e+01 3.112657e-02 -5.049656e-02 9.982390e-01 -1.592950e+01
9.995338e-01 -7.663453e-03 -2.955405e-02 4.082590e+02 9.165901e-03 9.986544e-01 5.104160e-02 -7.850708e+01 2.912313e-02 -5.128869e-02 9.982591e-01 -1.603983e+01
9.995878e-01 -1.070371e-02 -2.664095e-02 4.097174e+02 1.203378e-02 9.986628e-01 5.027687e-02 -7.850454e+01 2.606717e-02 -5.057673e-02 9.983799e-01 -1.615175e+01
9.995748e-01 -1.322245e-02 -2.598917e-02 4.111636e+02 1.452477e-02 9.986145e-01 5.057755e-02 -7.848893e+01 2.528441e-02 -5.093353e-02 9.983819e-01 -1.626004e+01
