1.000000e+00 0.000000e+00 0.000000e+00 0.000000e+00 0.000000e+00 1.000000e+00 0.000000e+00 0.000000e+00 0.000000e+00 0.000000e+00 1.000000e+00 0.000000e+00
9.999928e-01 3.776237e-03 -3.206266e-04 2.155101e+00 -3.776510e-03 9.999924e-01 -8.565566e-04 -4.202851e-02 3.173896e-04 8.577613e-04 9.999996e-01 -2.394636e-02
9.999862e-01 5.249325e-03 -1.145100e-04 4.045029e+00 -5.249085e-03 9.999843e-01 1.998850e-03 -6.522028e-02 1.250008e-04 -1.998222e-03 9.999980e-01 -5.063699e-02
9.999838e-01 5.635998e-03 -7.521886e-04 5.919151e+00 -5.633252e-03 9.999776e-01 3.604305e-03 -8.303585e-02 7.724856e-04 -3.600009e-03 9.999932e-01 -8.339889e-02
9.999866e-01 5.164830e-03 2.836263e-04 7.838323e+00 -5.166525e-03 9.999664e-01 6.347203e-03 -9.673158e-02 -2.508346e-04 -6.348583e-03 9.999798e-01 -1.363334e-01
9.999875e-01 4.806700e-03 -1.342480e-03 9.769967e+00 -4.794752e-03 9.999502e-01 8.765450e-03 -9.843995e-02 1.384546e-03 -8.758904e-03 9.999607e-01 -1.736540e-01
9.999883e-01 4.717306e-03 -1.133938e-03 1.169643e+01 -4.706142e-03 9.999423e-01 9.654057e-03 -1.056413e-01 1.179414e-03 -9.648607e-03 9.999527e-01 -2.212148e-01
9.999859e-01 4.570884e-03 -2.721369e-03 1.356889e+01 -4.544689e-03 9.999440e-01 9.555358e-03 -1.309305e-01 2.764893e-03 -9.542855e-03 9.999506e-01 -2.670564e-01
9.999900e-01 4.349514e-03 -1.005936e-03 1.543898e+01 -4.339015e-03 9.999385e-01 1.021392e-02 -1.513543e-01 1.050300e-03 -1.020945e-02 9.999473e-01 -3.110633e-01
9.999887e-01 4.563702e-03 -1.355196e-03 1.728137e+01 -4.549004e-03 9.999328e-01 1.065755e-02 -1.812866e-01 1.403743e-03 -1.065127e-02 9.999423e-01 -3.623548e-01
9.999879e-01 4.766082e-03 -1.233327e-03 1.915034e+01 -4.754942e-03 9.999493e-01 8.883607e-03 -2.095999e-01 1.275604e-03 -8.877635e-03 9.999598e-01 -4.009148e-01
9.999766e-01 6.143331e-03 -3.003123e-03 2.099696e+01 -6.120268e-03 9.999521e-01 7.629549e-03 -2.463828e-01 3.049851e-03 -7.610991e-03 9.999664e-01 -4.782861e-01
9.999660e-01 6.821256e-03 -4.635715e-03 2.289617e+01 -6.794428e-03 9.999603e-01 5.778517e-03 -2.669495e-01 4.674947e-03 -5.746823e-03 9.999726e-01 -4.727923e-01
9.999475e-01 8.165138e-03 -6.182845e-03 2.476006e+01 -8.132694e-03 9.999532e-01 5.254323e-03 -2.932135e-01 6.225457e-03 -5.203764e-03 9.999671e-01 -5.373385e-01
9.999338e-01 9.244785e-03 -6.842104e-03 2.662997e+01 -9.212902e-03 9.999466e-01 4.676848e-03 -3.311931e-01 6.884975e-03 -4.613503e-03 9.999657e-01 -5.606300e-01
9.999257e-01 1.015436e-02 -6.750303e-03 2.850335e+01 -1.010875e-02 9.999260e-01 6.758154e-03 -3.626102e-01 6.818429e-03 -6.689415e-03 9.999544e-01 -5.978776e-01
9.999148e-01 1.086902e-02 -7.222847e-03 3.039788e+01 -1.081592e-02 9.999145e-01 7.350415e-03 -4.027872e-01 7.302121e-03 -7.271667e-03 9.999469e-01 -6.348605e-01
9.999062e-01 1.179532e-02 -6.957487e-03 3.229308e+01 -1.174167e-02 9.999015e-01 7.701504e-03 -4.474705e-01 7.047642e-03 -7.619089e-03 9.999461e-01 -6.793067e-01
9.998967e-01 1.229855e-02 -7.438736e-03 3.418738e+01 -1.225567e-02 9.999082e-01 5.782648e-03 -4.813084e-01 7.509171e-03 -5.690884e-03 9.999556e-01 -7.310433e-01
9.999071e-01 1.292019e-02 -4.353065e-03 3.609682e+01 -1.289816e-02 9.999040e-01 5.049922e-03 -5.256255e-01 4.417893e-03 -4.993306e-03 9.999778e-01 -7.593655e-01
9.999002e-01 1.353393e-02 -4.062646e-03 3.800094e+01 -1.350284e-02 9.998800e-01 7.587158e-03 -5.706013e-01 4.164843e-03 -7.531543e-03 9.999630e-01 -7.989988e-01
9.999057e-01 1.367691e-02 -1.244099e-03 3.990502e+01 -1.366404e-02 9.998585e-01 9.820026e-03 -6.139098e-01 1.378230e-03 -9.802100e-03 9.999510e-01 -8.435429e-01
9.999100e-01 1.311992e-02 -2.800803e-03 4.181125e+01 -1.309297e-02 9.998698e-01 9.432670e-03 -6.583934e-01 2.924195e-03 -9.395150e-03 9.999516e-01 -8.893488e-01
9.999216e-01 1.252513e-02 2.146245e-04 4.375105e+01 -1.252640e-02 9.998927e-01 7.592428e-03 -6.994103e-01 -1.195053e-04 -7.594521e-03 9.999712e-01 -9.266368e-01
9.999253e-01 1.218172e-02 -9.952113e-04 4.565419e+01 -1.217409e-02 9.998990e-01 7.347908e-03 -7.423331e-01 1.084621e-03 -7.335243e-03 9.999725e-01 -9.758388e-01
9.999325e-01 1.161239e-02 -2.102006e-04 4.759525e+01 -1.160968e-02 9.998817e-01 1.008982e-02 -7.749650e-01 3.273426e-04 -1.008669e-02 9.999491e-01 -1.032578e+00
9.999301e-01 1.171804e-02 -1.530535e-03 4.952328e+01 -1.170475e-02 9.998960e-01 8.424787e-03 -8.285124e-01 1.629097e-03 -8.406283e-03 9.999633e-01 -1.060631e+00
9.999321e-01 1.164331e-02 4.928182e-04 5.145074e+01 -1.164625e-02 9.999114e-01 6.454020e-03 -8.766882e-01 -4.176284e-04 -6.459321e-03 9.999791e-01 -1.119459e+00
9.999299e-01 1.183875e-02 -2.826095e-04 5.340560e+01 -1.183731e-02 9.999189e-01 4.657476e-03 -9.096121e-01 3.377253e-04 -4.653804e-03 9.999891e-01 -1.145608e+00
9.999199e-01 1.265404e-02 -2.671499e-04 5.535642e+01 -1.265275e-02 9.999104e-01 4.395421e-03 -9.523452e-01 3.227458e-04 -4.391689e-03 9.999903e-01 -1.193814e+00
9.999149e-01 1.303222e-02 -5.497193e-04 5.731761e+01 -1.302949e-02 9.999040e-01 4.712239e-03 -9.928166e-01 6.110775e-04 -4.704676e-03 9.999887e-01 -1.226691e+00
9.999098e-01 1.342954e-02 -2.754396e-04 5.926973e+01 -1.342746e-02 9.998884e-01 6.533726e-03 -1.029445e+00 3.631538e-04 -6.529438e-03 9.999786e-01 -1.264056e+00
9.998935e-01 1.444778e-02 -2.031756e-03 6.124720e+01 -1.443360e-02 9.998724e-01 6.828274e-03 -1.084460e+00 2.130151e-03 -6.798222e-03 9.999746e-01 -1.318060e+00
9.998894e-01 1.472429e-02 -2.079960e-03 6.322655e+01 -1.471285e-02 9.998771e-01 5.412826e-03 -1.126789e+00 2.159405e-03 -5.381626e-03 9.999832e-01 -1.349378e+00
9.998913e-01 1.461838e-02 -1.919885e-03 6.520742e+01 -1.460584e-02 9.998729e-01 6.391843e-03 -1.171511e+00 2.013079e-03 -6.363107e-03 9.999777e-01 -1.386238e+00
9.998897e-01 1.479726e-02 -1.318297e-03 6.716485e+01 -1.478488e-02 9.998505e-01 8.953612e-03 -1.229720e+00 1.450589e-03 -8.933133e-03 9.999591e-01 -1.420301e+00
9.999034e-01 1.377533e-02 -1.850638e-03 6.917196e+01 -1.375160e-02 9.998300e-01 1.227612e-02 -1.261107e+00 2.019431e-03 -1.224948e-02 9.999229e-01 -1.489608e+00
9.999041e-01 1.373143e-02 -1.810638e-03 7.115311e+01 -1.371051e-02 9.998444e-01 1.109899e-02 -1.318408e+00 1.962761e-03 -1.107310e-02 9.999368e-01 -1.531363e+00
9.999145e-01 1.295745e-02 -1.779655e-03 7.317298e+01 -1.294046e-02 9.998734e-01 9.251349e-03 -1.353452e+00 1.899304e-03 -9.227527e-03 9.999556e-01 -1.602541e+00
9.999133e-01 1.307473e-02 -1.547631e-03 7.517089e+01 -1.306281e-02 9.998869e-01 7.475436e-03 -1.402351e+00 1.645195e-03 -7.454572e-03 9.999709e-01 -1.633618e+00
9.999079e-01 1.328584e-02 -2.766364e-03 7.718353e+01 -1.326458e-02 9.998833e-01 7.566100e-03 -1.448221e+00 2.866564e-03 -7.528708e-03 9.999676e-01 -1.684909e+00
9.998870e-01 1.467775e-02 -3.250986e-03 7.918139e+01 -1.464809e-02 9.998524e-01 8.967780e-03 -1.502238e+00 3.382134e-03 -8.919146e-03 9.999545e-01 -1.718504e+00
9.998579e-01 1.627973e-02 -4.372398e-03 8.120394e+01 -1.623325e-02 9.998134e-01 1.046254e-02 -1.549134e+00 4.541910e-03 -1.039008e-02 9.999357e-01 -1.781252e+00
9.998150e-01 1.834396e-02 -5.790477e-03 8.322167e+01 -1.830056e-02 9.998047e-01 7.459789e-03 -1.612661e+00 5.926189e-03 -7.352440e-03 9.999554e-01 -1.821957e+00
9.997987e-01 1.965476e-02 -4.030825e-03 8.526881e+01 -1.962794e-02 9.997857e-01 6.588259e-03 -1.662407e+00 4.159452e-03 -6.507816e-03 9.999702e-01 -1.877028e+00
9.997583e-01 2.142831e-02 -4.915202e-03 8.728317e+01 -2.139585e-02 9.997494e-01 6.563801e-03 -1.726098e+00 5.054621e-03 -6.457050e-03 9.999664e-01 -1.915275e+00
9.997179e-01 2.374404e-02 5.878962e-04 8.928508e+01 -2.374915e-02 9.996547e-01 1.124542e-02 -1.797369e+00 -3.206816e-04 -1.125621e-02 9.999366e-01 -2.030529e+00
9.996790e-01 2.455018e-02 -6.252022e-03 9.131599e+01 -2.449439e-02 9.996607e-01 8.849766e-03 -1.870811e+00 6.467165e-03 -8.693786e-03 9.999413e-01 -2.023443e+00
9.996938e-01 2.474246e-02 -4.727550e-04 9.336036e+01 -2.473747e-02 9.996568e-01 8.613479e-03 -1.918041e+00 6.857114e-04 -8.599146e-03 9.999628e-01 -2.105976e+00
9.996911e-01 2.357968e-02 -7.854063e-03 9.539633e+01 -2.357090e-02 9.997215e-01 1.208635e-03 -1.981895e+00 7.880375e-03 -1.023135e-03 9.999684e-01 -2.086327e+00
9.997236e-01 2.348755e-02 1.016386e-03 9.742317e+01 -2.349271e-02 9.997094e-01 5.409274e-03 -2.048900e+00 -8.890404e-04 -5.431656e-03 9.999849e-01 -2.178296e+00
9.997346e-01 2.249949e-02 -4.950025e-03 9.944806e+01 -2.246534e-02 9.997241e-01 6.849616e-03 -2.121287e+00 5.102772e-03 -6.736595e-03 9.999643e-01 -2.179180e+00
9.997453e-01 2.256927e-02 1.935421e-05 1.014703e+02 -2.256862e-02 9.997094e-01 8.479027e-03 -2.182960e+00 1.720169e-04 -8.477304e-03 9.999641e-01 -2.282434e+00
9.997373e-01 2.164114e-02 -7.542533e-03 1.035013e+02 -2.159157e-02 9.997450e-01 6.592852e-03 -2.245478e+00 7.683287e-03 -6.428265e-03 9.999498e-01 -2.292651e+00
9.997573e-01 2.185198e-02 -2.783404e-03 1.055423e+02 -2.183640e-02 9.997463e-01 5.512104e-03 -2.300506e+00 2.903149e-03 -5.449987e-03 9.999809e-01 -2.357640e+00
9.997523e-01 2.156007e-02 -5.511554e-03 1.075818e+02 -2.152382e-02 9.997469e-01 6.554153e-03 -2.363496e+00 5.651467e-03 -6.433900e-03 9.999633e-01 -2.372348e+00
9.997579e-01 2.184078e-02 -2.668181e-03 1.096086e+02 -2.181378e-02 9.997144e-01 9.760486e-03 -2.429938e+00 2.880595e-03 -9.699920e-03 9.999488e-01 -2.438577e+00
9.997435e-01 2.177706e-02 -6.218343e-03 1.116518e+02 -2.171020e-02 9.997077e-01 1.062477e-02 -2.499151e+00 6.447903e-03 -1.048704e-02 9.999242e-01 -2.507009e+00
9.997401e-01 2.246241e-02 -3.904958e-03 1.136918e+02 -2.242860e-02 9.997123e-01 8.495011e-03 -2.560709e+00 4.094654e-03 -8.405221e-03 9.999563e-01 -2.556036e+00
9.997312e-01 2.248148e-02 -5.659257e-03 1.157480e+02 -2.245082e-02 9.997331e-01 5.424625e-03 -2.616446e+00 5.779701e-03 -5.296112e-03 9.999692e-01 -2.591356e+00
9.997225e-01 2.335937e-02 -3.047500e-03 1.178085e+02 -2.333571e-02 9.996990e-01 7.579761e-03 -2.687000e+00 3.223641e-03 -7.506542e-03 9.999666e-01 -2.633008e+00
9.996847e-01 2.454792e-02 -5.281733e-03 1.198331e+02 -2.448978e-02 9.996418e-01 1.080399e-02 -2.760405e+00 5.545056e-03 -1.067124e-02 9.999277e-01 -2.695663e+00
9.996546e-01 2.595239e-02 -4.143099e-03 1.218852e+02 -2.590979e-02 9.996141e-01 1.002439e-02 -2.828169e+00 4.401657e-03 -9.913585e-03 9.999412e-01 -2.727938e+00
9.996252e-01 2.720417e-02 -3.064754e-03 1.239570e+02 -2.717431e-02 9.995865e-01 9.394662e-03 -2.901861e+00 3.319061e-03 -9.307859e-03 9.999512e-01 -2.792624e+00
9.996095e-01 2.787786e-02 -1.908807e-03 1.260292e+02 -2.785986e-02 9.995724e-01 8.880258e-03 -2.975028e+00 2.155554e-03 -8.823611e-03 9.999588e-01 -2.846236e+00
9.995938e-01 2.847712e-02 -1.148742e-03 1.280823e+02 -2.846567e-02 9.995543e-01 8.985315e-03 -3.045933e+00 1.404106e-03 -8.948966e-03 9.999590e-01 -2.907586e+00
9.995881e-01 2.863124e-02 -1.982886e-03 1.301494e+02 -2.861480e-02 9.995594e-01 7.876289e-03 -3.129655e+00 2.207521e-03 -7.816304e-03 9.999670e-01 -2.937693e+00
9.995967e-01 2.839743e-02 3.063124e-04 1.322173e+02 -2.839897e-02 9.995649e-01 7.953555e-03 -3.207285e+00 -8.031863e-05 -7.959046e-03 9.999683e-01 -2.986214e+00
9.996102e-01 2.785261e-02 1.899197e-03 1.342790e+02 -2.786628e-02 9.995826e-01 7.597321e-03 -3.294539e+00 -1.686800e-03 -7.647284e-03 9.999694e-01 -3.014427e+00
9.996234e-01 2.690751e-02 5.388792e-03 1.363557e+02 -2.695924e-02 9.995887e-01 9.768992e-03 -3.370858e+00 -5.123717e-03 -9.910590e-03 9.999378e-01 -3.097098e+00
9.996458e-01 2.605694e-02 5.405113e-03 1.384300e+02 -2.610648e-02 9.996158e-01 9.308295e-03 -3.449331e+00 -5.160491e-03 -9.446107e-03 9.999421e-01 -3.121895e+00
9.996600e-01 2.521675e-02 6.631511e-03 1.405085e+02 -2.527980e-02 9.996343e-01 9.601211e-03 -3.531324e+00 -6.386975e-03 -9.765590e-03 9.999319e-01 -3.208001e+00
9.996828e-01 2.457901e-02 5.494991e-03 1.425761e+02 -2.462816e-02 9.996557e-01 9.063977e-03 -3.613420e+00 -5.270315e-03 -9.196433e-03 9.999439e-01 -3.252614e+00
9.997048e-01 2.370764e-02 5.315072e-03 1.446567e+02 -2.375176e-02 9.996827e-01 8.397568e-03 -3.684144e+00 -5.114299e-03 -8.521331e-03 9.999506e-01 -3.317310e+00
9.997212e-01 2.329890e-02 3.838941e-03 1.467446e+02 -2.332962e-02 9.996945e-01 8.161286e-03 -3.760521e+00 -3.647619e-03 -8.248571e-03 9.999593e-01 -3.349701e+00
9.997280e-01 2.280647e-02 4.885823e-03 1.488331e+02 -2.285414e-02 9.996896e-01 9.933379e-03 -3.829330e+00 -4.657761e-03 -1.004234e-02 9.999387e-01 -3.400684e+00
9.997323e-01 2.301123e-02 2.427620e-03 1.509162e+02 -2.303450e-02 9.996841e-01 1.004007e-02 -3.904375e+00 -2.195819e-03 -1.009330e-02 9.999467e-01 -3.459538e+00
9.997360e-01 2.287646e-02 2.125653e-03 1.530083e+02 -2.289753e-02 9.996828e-01 1.048598e-02 -3.970854e+00 -1.885097e-03 -1.053189e-02 9.999428e-01 -3.516585e+00
9.997495e-01 2.237910e-02 -4.464451e-04 1.551223e+02 -2.237391e-02 9.997052e-01 9.420172e-03 -4.033068e+00 6.571286e-04 -9.407823e-03 9.999555e-01 -3.550999e+00
9.997467e-01 2.246915e-02 1.268589e-03 1.572064e+02 -2.248166e-02 9.996879e-01 1.089862e-02 -4.107459e+00 -1.023310e-03 -1.092438e-02 9.999398e-01 -3.622992e+00
9.997435e-01 2.261823e-02 1.160776e-03 1.593079e+02 -2.262811e-02 9.997002e-01 9.354275e-03 -4.180107e+00 -9.488509e-04 -9.378141e-03 9.999556e-01 -3.626387e+00
9.997481e-01 2.202474e-02 4.327100e-03 1.614118e+02 -2.207778e-02 9.996767e-01 1.261746e-02 -4.249613e+00 -4.047805e-03 -1.270981e-02 9.999110e-01 -3.743377e+00
9.997602e-01 2.187388e-02 1.104139e-03 1.635149e+02 -2.188264e-02 9.997230e-01 8.663879e-03 -4.316397e+00 -9.143202e-04 -8.685962e-03 9.999619e-01 -3.764715e+00
9.997366e-01 2.240210e-02 4.984548e-03 1.656161e+02 -2.245095e-02 9.996982e-01 9.972080e-03 -4.386107e+00 -4.759649e-03 -1.008136e-02 9.999378e-01 -3.822943e+00
9.997366e-01 2.291616e-02 -1.273648e-03 1.677314e+02 -2.290572e-02 9.997082e-01 7.680392e-03 -4.455538e+00 1.449282e-03 -7.649194e-03 9.999697e-01 -3.877905e+00
9.997211e-01 2.311204e-02 4.869612e-03 1.698435e+02 -2.316419e-02 9.996717e-01 1.094109e-02 -4.504798e+00 -4.615143e-03 -1.105083e-02 9.999283e-01 -3.952877e+00
9.997125e-01 2.370112e-02 -3.615836e-03 1.719361e+02 -2.365806e-02 9.996537e-01 1.152045e-02 -4.589674e+00 3.887632e-03 -1.143160e-02 9.999271e-01 -3.976790e+00
9.997061e-01 2.408373e-02 2.776153e-03 1.740643e+02 -2.411582e-02 9.996351e-01 1.216893e-02 -4.657118e+00 -2.482066e-03 -1.223230e-02 9.999221e-01 -4.048330e+00
9.997110e-01 2.384791e-02 -3.035249e-03 1.761987e+02 -2.381289e-02 9.996548e-01 1.109424e-02 -4.730656e+00 3.298776e-03 -1.101876e-02 9.999338e-01 -4.121200e+00
9.997136e-01 2.374524e-02 2.987131e-03 1.783164e+02 -2.377829e-02 9.996505e-01 1.156184e-02 -4.789403e+00 -2.711548e-03 -1.162956e-02 9.999287e-01 -4.186645e+00
9.997098e-01 2.385695e-02 -3.324986e-03 1.804285e+02 -2.382179e-02 9.996638e-01 1.024174e-02 -4.873799e+00 3.568205e-03 -1.015956e-02 9.999420e-01 -4.228295e+00
9.997074e-01 2.418748e-02 2.961003e-04 1.825536e+02 -2.418924e-02 9.996552e-01 1.019956e-02 -4.932354e+00 -4.929665e-05 -1.020374e-02 9.999480e-01 -4.284327e+00
9.996790e-01 2.454946e-02 -6.263402e-03 1.846479e+02 -2.448067e-02 9.996417e-01 1.083283e-02 -5.015995e+00 6.527097e-03 -1.067602e-02 9.999217e-01 -4.361384e+00
9.996928e-01 2.467157e-02 -2.359474e-03 1.867908e+02 -2.465067e-02 9.996599e-01 8.511537e-03 -5.078761e+00 2.568664e-03 -8.450761e-03 9.999610e-01 -4.403753e+00
9.996995e-01 2.370415e-02 -6.244270e-03 1.889304e+02 -2.362235e-02 9.996383e-01 1.286317e-02 -5.156666e+00 6.546921e-03 -1.271180e-02 9.998978e-01 -4.459403e+00
9.997215e-01 2.349043e-02 -2.276319e-03 1.910893e+02 -2.346888e-02 9.996834e-01 9.070552e-03 -5.225324e+00 2.488669e-03 -9.014604e-03 9.999563e-01 -4.481085e+00
9.997668e-01 2.154326e-02 -1.481018e-03 1.932085e+02 -2.152651e-02 9.997128e-01 1.052438e-02 -5.284867e+00 1.707323e-03 -1.049004e-02 9.999435e-01 -4.569107e+00
9.998009e-01 1.979270e-02 -2.527139e-03 1.953542e+02 -1.977346e-02 9.997768e-01 7.426751e-03 -5.346192e+00 2.673571e-03 -7.375302e-03 9.999692e-01 -4.592944e+00
9.998308e-01 1.819896e-02 -2.664836e-03 1.974808e+02 -1.817735e-02 9.998034e-01 7.922729e-03 -5.412352e+00 2.808498e-03 -7.872950e-03 9.999651e-01 -4.670439e+00
9.998500e-01 1.715512e-02 -2.395797e-03 1.996208e+02 -1.714187e-02 9.998382e-01 5.447368e-03 -5.459653e+00 2.488860e-03 -5.405483e-03 9.999823e-01 -4.697379e+00
9.998689e-01 1.613747e-02 -1.321384e-03 2.017448e+02 -1.612848e-02 9.998484e-01 6.551388e-03 -5.529525e+00 1.426907e-03 -6.529217e-03 9.999776e-01 -4.763022e+00
9.998824e-01 1.525926e-02 -1.542889e-03 2.038825e+02 -1.525147e-02 9.998715e-01 4.940608e-03 -5.589077e+00 1.618080e-03 -4.916495e-03 9.999866e-01 -4.799804e+00
9.998922e-01 1.463751e-02 -1.175616e-03 2.060227e+02 -1.463314e-02 9.998863e-01 3.647233e-03 -5.631633e+00 1.228869e-03 -3.629636e-03 9.999927e-01 -4.871412e+00
9.998643e-01 1.598015e-02 -4.009444e-03 2.081363e+02 -1.597137e-02 9.998701e-01 2.211539e-03 -5.701972e+00 4.044263e-03 -2.147203e-03 9.999895e-01 -4.911607e+00
9.998382e-01 1.757101e-02 -3.863665e-03 2.102731e+02 -1.754514e-02 9.998242e-01 6.630000e-03 -5.757525e+00 3.979481e-03 -6.561138e-03 9.999706e-01 -4.949671e+00
9.997821e-01 2.039501e-02 -4.441312e-03 2.124050e+02 -2.034291e-02 9.997271e-01 1.147723e-02 -5.822077e+00 4.674179e-03 -1.138438e-02 9.999242e-01 -4.999290e+00
9.997293e-01 2.256626e-02 -5.657015e-03 2.145494e+02 -2.251229e-02 9.997021e-01 9.430083e-03 -5.874011e+00 5.868132e-03 -9.300179e-03 9.999396e-01 -5.049435e+00
9.996797e-01 2.458855e-02 -5.984571e-03 2.166765e+02 -2.453766e-02 9.996632e-01 8.433371e-03 -5.952030e+00 6.189920e-03 -8.283823e-03 9.999465e-01 -5.118785e+00
9.996676e-01 2.529437e-02 -4.996234e-03 2.188170e+02 -2.525100e-02 9.996444e-01 8.559570e-03 -6.026084e+00 5.210967e-03 -8.430565e-03 9.999509e-01 -5.150999e+00
9.996651e-01 2.575990e-02 -2.486129e-03 2.209628e+02 -2.573784e-02 9.996324e-01 8.530752e-03 -6.089085e+00 2.704966e-03 -8.463907e-03 9.999605e-01 -5.207723e+00
9.996336e-01 2.631326e-02 -6.350429e-03 2.230984e+02 -2.626302e-02 9.996241e-01 7.869127e-03 -6.173853e+00 6.555104e-03 -7.699463e-03 9.999489e-01 -5.278659e+00
9.996284e-01 2.675306e-02 -5.236131e-03 2.252854e+02 -2.673057e-02 9.996333e-01 4.318097e-03 -6.242801e+00 5.349733e-03 -4.176528e-03 9.999770e-01 -5.296276e+00
9.995860e-01 2.766150e-02 -7.910243e-03 2.274160e+02 -2.761644e-02 9.996021e-01 5.749550e-03 -6.332629e+00 8.066137e-03 -5.528717e-03 9.999522e-01 -5.365804e+00
9.996067e-01 2.792293e-02 -2.604910e-03 2.295815e+02 -2.790250e-02 9.995819e-01 7.576690e-03 -6.404281e+00 2.815385e-03 -7.501027e-03 9.999679e-01 -5.374861e+00
9.995830e-01 2.876447e-02 -2.530988e-03 2.316965e+02 -2.872873e-02 9.995004e-01 1.317414e-02 -6.500792e+00 2.908671e-03 -1.309593e-02 9.999100e-01 -5.470333e+00
9.995716e-01 2.926658e-02 -8.199298e-05 2.338443e+02 -2.926398e-02 9.995131e-01 1.080923e-02 -6.580637e+00 3.983023e-04 -1.080220e-02 9.999416e-01 -5.507437e+00
9.995247e-01 3.078461e-02 -1.675355e-03 2.359805e+02 -3.076419e-02 9.994650e-01 1.109104e-02 -6.677881e+00 2.015892e-03 -1.103423e-02 9.999371e-01 -5.612033e+00
9.994767e-01 3.230882e-02 -1.545410e-03 2.381418e+02 -3.229277e-02 9.994335e-01 9.476370e-03 -6.750451e+00 1.850705e-03 -9.421506e-03 9.999539e-01 -5.632316e+00
9.993728e-01 3.512331e-02 -4.512967e-03 2.402716e+02 -3.506647e-02 9.993116e-01 1.211245e-02 -6.847093e+00 4.935290e-03 -1.194660e-02 9.999164e-01 -5.748714e+00
9.992756e-01 3.781653e-02 -4.252887e-03 2.424277e+02 -3.776397e-02 9.992167e-01 1.182535e-02 -6.938308e+00 4.696750e-03 -1.165618e-02 9.999210e-01 -5.768436e+00
9.991888e-01 3.991356e-02 -5.352529e-03 2.445620e+02 -3.983990e-02 9.991184e-01 1.322759e-02 -7.045182e+00 5.875771e-03 -1.300361e-02 9.998982e-01 -5.851004e+00
9.991297e-01 4.150672e-02 -4.121482e-03 2.467403e+02 -4.146089e-02 9.990835e-01 1.064153e-02 -7.132208e+00 4.559399e-03 -1.046139e-02 9.999349e-01 -5.887593e+00
9.990775e-01 4.285058e-02 -2.832270e-03 2.488720e+02 -4.281025e-02 9.989984e-01 1.302865e-02 -7.266229e+00 3.387719e-03 -1.289538e-02 9.999111e-01 -5.947446e+00
9.990184e-01 4.408966e-02 -4.270129e-03 2.510447e+02 -4.403086e-02 9.989455e-01 1.300412e-02 -7.352916e+00 4.838973e-03 -1.280334e-02 9.999063e-01 -5.990767e+00
9.989372e-01 4.600289e-02 -2.841832e-03 2.531805e+02 -4.596780e-02 9.988781e-01 1.137838e-02 -7.484383e+00 3.362082e-03 -1.123566e-02 9.999312e-01 -6.100004e+00
9.988726e-01 4.735855e-02 -3.277103e-03 2.553489e+02 -4.732380e-02 9.988297e-01 9.973539e-03 -7.574571e+00 3.745601e-03 -9.807210e-03 9.999449e-01 -6.121524e+00
9.988186e-01 4.847881e-02 -3.330229e-03 2.574915e+02 -4.842202e-02 9.987080e-01 1.542109e-02 -7.706258e+00 4.073522e-03 -1.524162e-02 9.998755e-01 -6.175584e+00
9.987433e-01 5.005820e-02 -2.449697e-03 2.596618e+02 -5.002140e-02 9.986596e-01 1.329645e-02 -7.840177e+00 3.112010e-03 -1.315720e-02 9.999086e-01 -6.236080e+00
9.986135e-01 5.259635e-02 -2.159681e-03 2.618235e+02 -5.256454e-02 9.985354e-01 1.280884e-02 -7.977025e+00 2.830217e-03 -1.267756e-02 9.999157e-01 -6.333084e+00
9.984615e-01 5.544732e-02 -4.740168e-04 2.639965e+02 -5.543934e-02 9.984072e-01 1.045967e-02 -8.120929e+00 1.053222e-03 -1.041730e-02 9.999452e-01 -6.345666e+00
9.982721e-01 5.872727e-02 2.003926e-03 2.661584e+02 -5.874227e-02 9.982369e-01 8.504335e-03 -8.269407e+00 -1.500957e-03 -8.607356e-03 9.999619e-01 -6.444236e+00
9.981192e-01 6.101799e-02 5.901796e-03 2.683370e+02 -6.105880e-02 9.981096e-01 7.001725e-03 -8.406742e+00 -5.463408e-03 -7.348913e-03 9.999581e-01 -6.451869e+00
9.979570e-01 6.378787e-02 3.600920e-03 2.704898e+02 -6.380916e-02 9.979433e-01 6.143354e-03 -8.578615e+00 -3.201642e-03 -6.360575e-03 9.999747e-01 -6.573783e+00
9.976870e-01 6.775604e-02 5.444296e-03 2.726525e+02 -6.778869e-02 9.976813e-01 6.054471e-03 -8.741126e+00 -5.021446e-03 -6.409529e-03 9.999669e-01 -6.578956e+00
9.974336e-01 7.132993e-02 6.184724e-03 2.747903e+02 -7.138643e-02 9.974039e-01 9.453879e-03 -8.908104e+00 -5.494324e-03 -9.871122e-03 9.999362e-01 -6.645440e+00
9.971513e-01 7.477269e-02 9.922826e-03 2.769598e+02 -7.487989e-02 9.971328e-01 1.091032e-02 -9.084662e+00 -9.078582e-03 -1.162226e-02 9.998912e-01 -6.714965e+00
9.969118e-01 7.814887e-02 7.719481e-03 2.791119e+02 -7.820642e-02 9.969093e-01 7.457265e-03 -9.272028e+00 -7.112845e-03 -8.037948e-03 9.999424e-01 -6.752496e+00
9.966263e-01 8.147499e-02 9.897543e-03 2.812724e+02 -8.154564e-02 9.966453e-01 6.956896e-03 -9.456239e+00 -9.297527e-03 -7.740527e-03 9.999268e-01 -6.825186e+00
9.963102e-01 8.535478e-02 8.979469e-03 2.834122e+02 -8.542404e-02 9.963155e-01 7.634516e-03 -9.662948e+00 -8.294742e-03 -8.373409e-03 9.999306e-01 -6.860184e+00
9.959661e-01 8.913393e-02 1.032748e-02 2.855512e+02 -8.923407e-02 9.959638e-01 9.678785e-03 -9.873284e+00 -9.423092e-03 -1.056130e-02 9.998998e-01 -6.942616e+00
9.956403e-01 9.223166e-02 1.391997e-02 2.876980e+02 -9.238566e-02 9.956642e-01 1.085753e-02 -1.007844e+01 -1.285821e-02 -1.209620e-02 9.998441e-01 -6.939857e+00
9.954093e-01 9.508980e-02 1.087400e-02 2.898481e+02 -9.517745e-02 9.954294e-01 7.847353e-03 -1.029576e+01 -1.007809e-02 -8.846288e-03 9.999101e-01 -7.027710e+00
9.948825e-01 9.910164e-02 1.969058e-02 2.919963e+02 -9.935654e-02 9.949744e-01 1.241633e-02 -1.052413e+01 -1.836115e-02 -1.430917e-02 9.997290e-01 -7.133620e+00
9.947037e-01 1.019944e-01 1.271500e-02 2.941127e+02 -1.021737e-01 9.946629e-01 1.435633e-02 -1.075357e+01 -1.118288e-02 -1.557943e-02 9.998161e-01 -7.113541e+00
9.941810e-01 1.063320e-01 1.725204e-02 2.962339e+02 -1.067047e-01 9.940395e-01 2.235109e-02 -1.101707e+01 -1.477257e-02 -2.406190e-02 9.996013e-01 -7.332705e+00
9.939489e-01 1.092285e-01 1.161099e-02 2.983651e+02 -1.094350e-01 9.938133e-01 1.894608e-02 -1.124561e+01 -9.469707e-03 -2.010208e-02 9.997531e-01 -7.262451e+00
9.934118e-01 1.129413e-01 1.942446e-02 3.005137e+02 -1.133800e-01 9.932808e-01 2.319968e-02 -1.150162e+01 -1.667375e-02 -2.524918e-02 9.995421e-01 -7.388227e+00
9.929429e-01 1.170419e-01 1.911745e-02 3.026009e+02 -1.174599e-01 9.928241e-01 2.243791e-02 -1.181022e+01 -1.635409e-02 -2.452509e-02 9.995654e-01 -7.573164e+00
9.923427e-01 1.209161e-01 2.520716e-02 3.047188e+02 -1.213774e-01 9.924498e-01 1.764429e-02 -1.204865e+01 -2.288335e-02 -2.056876e-02 9.995265e-01 -7.483003e+00
9.918914e-01 1.246737e-01 2.465566e-02 3.068355e+02 -1.252483e-01 9.918513e-01 2.331676e-02 -1.233775e+01 -2.154777e-02 -2.621577e-02 9.994240e-01 -7.628660e+00
9.917210e-01 1.275599e-01 1.476074e-02 3.089364e+02 -1.277297e-01 9.917458e-01 1.119406e-02 -1.262489e+01 -1.321099e-02 -1.298677e-02 9.998284e-01 -7.704784e+00
9.909729e-01 1.321678e-01 2.245998e-02 3.110297e+02 -1.325166e-01 9.910700e-01 1.481756e-02 -1.293534e+01 -2.030101e-02 -1.766012e-02 9.996379e-01 -7.876381e+00
9.906600e-01 1.351821e-01 1.785068e-02 3.131120e+02 -1.354167e-01 9.907080e-01 1.265424e-02 -1.321490e+01 -1.597418e-02 -1.495333e-02 9.997606e-01 -7.777518e+00
9.899682e-01 1.388514e-01 2.613886e-02 3.151877e+02 -1.393748e-01 9.900497e-01 1.939183e-02 -1.353776e+01 -2.318619e-02 -2.284040e-02 9.994702e-01 -7.990172e+00
9.896816e-01 1.414658e-01 2.275425e-02 3.172604e+02 -1.418398e-01 9.897642e-01 1.575493e-02 -1.385270e+01 -2.029256e-02 -1.881982e-02 9.996169e-01 -7.952540e+00
9.890622e-01 1.451996e-01 2.594301e-02 3.193376e+02 -1.456599e-01 9.891917e-01 1.682440e-02 -1.417433e+01 -2.321971e-02 -2.041923e-02 9.995219e-01 -8.104598e+00
9.884592e-01 1.491914e-01 2.627376e-02 3.214143e+02 -1.494838e-01 9.887184e-01 9.530603e-03 -1.451550e+01 -2.455546e-02 -1.334811e-02 9.996094e-01 -8.091852e+00
9.877346e-01 1.537011e-01 2.750128e-02 3.234658e+02 -1.540587e-01 9.879961e-01 1.138014e-02 -1.486950e+01 -2.542202e-02 -1.547737e-02 9.995570e-01 -8.227656e+00
9.868140e-01 1.585115e-01 3.274585e-02 3.255177e+02 -1.590928e-01 9.871346e-01 1.596544e-02 -1.522141e+01 -2.979385e-02 -2.096455e-02 9.993362e-01 -8.273470e+00
9.863251e-01 1.618538e-01 3.108059e-02 3.275594e+02 -1.625930e-01 9.864268e-01 2.292858e-02 -1.555884e+01 -2.694765e-02 -2.766852e-02 9.992539e-01 -8.344574e+00
9.858921e-01 1.643955e-01 3.147731e-02 3.296189e+02 -1.649539e-01 9.861710e-01 1.603374e-02 -1.590969e+01 -2.840613e-02 -2.099984e-02 9.993759e-01 -8.394031e+00
9.857473e-01 1.657273e-01 2.892709e-02 3.316924e+02 -1.661493e-01 9.860169e-01 1.283659e-02 -1.626785e+01 -2.639523e-02 -1.745985e-02 9.994991e-01 -8.497081e+00
9.851954e-01 1.685932e-01 3.108636e-02 3.337362e+02 -1.691912e-01 9.854243e-01 1.770979e-02 -1.663808e+01 -2.764750e-02 -2.270714e-02 9.993598e-01 -8.560351e+00
9.847940e-01 1.711233e-01 2.996151e-02 3.357808e+02 -1.718239e-01 9.848684e-01 2.260282e-02 -1.702291e+01 -2.564028e-02 -2.740723e-02 9.992955e-01 -8.591375e+00
9.842317e-01 1.734136e-01 3.486697e-02 3.378451e+02 -1.741892e-01 9.844972e-01 2.057248e-02 -1.740053e+01 -3.075889e-02 -2.632154e-02 9.991802e-01 -8.668743e+00
9.838313e-01 1.761112e-01 3.256970e-02 3.398942e+02 -1.767932e-01 9.840573e-01 1.937893e-02 -1.780597e+01 -2.863760e-02 -2.482370e-02 9.992816e-01 -8.797029e+00
9.831308e-01 1.800970e-01 3.192080e-02 3.419485e+02 -1.807516e-01 9.833463e-01 1.894398e-02 -1.820542e+01 -2.797745e-02 -2.439414e-02 9.993109e-01 -8.863561e+00
9.823579e-01 1.846956e-01 2.933425e-02 3.440026e+02 -1.852683e-01 9.825203e-01 1.815449e-02 -1.862453e+01 -2.546844e-02 -2.326891e-02 9.994048e-01 -8.913938e+00
9.815557e-01 1.889153e-01 2.931592e-02 3.460676e+02 -1.895516e-01 9.816529e-01 2.068035e-02 -1.902044e+01 -2.487122e-02 -2.585580e-02 9.993563e-01 -9.012832e+00
9.807061e-01 1.933704e-01 2.869627e-02 3.481215e+02 -1.939769e-01 9.808005e-01 2.009109e-02 -1.944490e+01 -2.426029e-02 -2.526987e-02 9.993863e-01 -9.084278e+00
9.799401e-01 1.976573e-01 2.547805e-02 3.501642e+02 -1.981531e-01 9.799936e-01 1.865701e-02 -1.988541e+01 -2.128063e-02 -2.333131e-02 9.995013e-01 -9.167004e+00
9.789677e-01 2.018717e-01 2.949617e-02 3.522375e+02 -2.024145e-01 9.791571e-01 1.671959e-02 -2.032487e+01 -2.550618e-02 -2.233840e-02 9.994251e-01 -9.246067e+00
9.781781e-01 2.061891e-01 2.556454e-02 3.542775e+02 -2.066204e-01 9.782978e-01 1.553633e-02 -2.078182e+01 -2.180631e-02 -2.047946e-02 9.995524e-01 -9.281530e+00
9.772295e-01 2.101945e-01 2.899460e-02 3.563258e+02 -2.107370e-01 9.773932e-01 1.709869e-02 -2.123160e+01 -2.474507e-02 -2.281958e-02 9.994333e-01 -9.374595e+00
9.765596e-01 2.137938e-01 2.497260e-02 3.583773e+02 -2.142238e-01 9.766532e-01 1.601178e-02 -2.170635e+01 -2.096635e-02 -2.098618e-02 9.995599e-01 -9.392564e+00
9.757820e-01 2.171581e-01 2.630148e-02 3.604205e+02 -2.176892e-01 9.758264e-01 1.933763e-02 -2.218610e+01 -2.146636e-02 -2.459486e-02 9.994670e-01 -9.531748e+00
9.751803e-01 2.202579e-01 2.257918e-02 3.624680e+02 -2.206533e-01 9.752076e-01 1.680848e-02 -2.266045e+01 -1.831719e-02 -2.137347e-02 9.996037e-01 -9.577631e+00
9.745220e-01 2.229607e-01 2.440104e-02 3.645072e+02 -2.234162e-01 9.745597e-01 1.784767e-02 -2.315167e+01 -1.980094e-02 -2.284454e-02 9.995429e-01 -9.634513e+00
9.740217e-01 2.253044e-01 2.279721e-02 3.665356e+02 -2.257687e-01 9.739680e-01 2.036849e-02 -2.364072e+01 -1.761464e-02 -2.498625e-02 9.995326e-01 -9.711617e+00
9.736189e-01 2.267705e-01 2.532659e-02 3.686019e+02 -2.273086e-01 9.735992e-01 2.086353e-02 -2.413874e+01 -1.992672e-02 -2.607008e-02 9.994615e-01 -9.800834e+00
9.734725e-01 2.274573e-01 2.478915e-02 3.706215e+02 -2.279563e-01 9.734746e-01 1.957397e-02 -2.462902e+01 -1.967937e-02 -2.470557e-02 9.995010e-01 -9.875917e+00
9.735390e-01 2.270731e-01 2.568300e-02 3.726662e+02 -2.275472e-01 9.736133e-01 1.731351e-02 -2.511363e+01 -2.107388e-02 -2.269947e-02 9.995202e-01 -9.974687e+00
9.735676e-01 2.270099e-01 2.515177e-02 3.746975e+02 -2.274664e-01 9.736367e-01 1.704702e-02 -2.561453e+01 -2.061884e-02 -2.231761e-02 9.995383e-01 -1.002576e+01
9.738523e-01 2.262126e-01 2.096647e-02 3.767090e+02 -2.266183e-01 9.737877e-01 1.953997e-02 -2.610481e+01 -1.599670e-02 -2.378043e-02 9.995892e-01 -1.014444e+01
9.738134e-01 2.263854e-01 2.090863e-02 3.787231e+02 -2.267875e-01 9.737508e-01 1.940831e-02 -2.659067e+01 -1.596604e-02 -2.364189e-02 9.995930e-01 -1.018811e+01
9.737813e-01 2.266621e-01 1.934475e-02 3.807335e+02 -2.270521e-01 9.736533e-01 2.113329e-02 -2.708080e+01 -1.404496e-02 -2.497147e-02 9.995895e-01 -1.029090e+01
9.733936e-01 2.282983e-01 1.961507e-02 3.827374e+02 -2.286472e-01 9.733452e-01 1.787770e-02 -2.758331e+01 -1.501078e-02 -2.188697e-02 9.996477e-01 -1.034820e+01
9.727720e-01 2.311264e-01 1.718131e-02 3.847345e+02 -2.314645e-01 9.726095e-01 2.133150e-02 -2.808121e+01 -1.178044e-02 -2.472755e-02 9.996248e-01 -1.045319e+01
9.720940e-01 2.340278e-01 1.625588e-02 3.867445e+02 -2.343429e-01 9.719194e-01 2.135878e-02 -2.858621e+01 -1.080085e-02 -2.457219e-02 9.996397e-01 -1.051739e+01
9.713668e-01 2.370004e-01 1.665122e-02 3.887273e+02 -2.373360e-01 9.711697e-01 2.238289e-02 -2.908479e+01 -1.086641e-02 -2.569393e-02 9.996108e-01 -1.063167e+01
9.706957e-01 2.398582e-01 1.476424e-02 3.907224e+02 -2.401096e-01 9.705675e-01 1.860857e-02 -2.960757e+01 -9.866272e-03 -2.160829e-02 9.997178e-01 -1.069151e+01
9.701033e-01 2.421959e-01 1.551541e-02 3.927209e+02 -2.424946e-01 9.699104e-01 2.168696e-02 -3.011284e+01 -9.796062e-03 -2.480100e-02 9.996444e-01 -1.081096e+01
9.694566e-01 2.449196e-01 1.297288e-02 3.947142e+02 -2.451421e-01 9.692826e-01 1.991107e-02 -3.063375e+01 -7.697777e-03 -2.248311e-02 9.997176e-01 -1.082879e+01
9.688303e-01 2.474453e-01 1.177662e-02 3.966819e+02 -2.476786e-01 9.684761e-01 2.663409e-02 -3.115610e+01 -4.814900e-03 -2.872073e-02 9.995759e-01 -1.097037e+01
9.680722e-01 2.505014e-01 9.233301e-03 3.986837e+02 -2.506616e-01 9.677043e-01 2.678111e-02 -3.168444e+01 -2.226399e-03 -2.824048e-02 9.995987e-01 -1.099960e+01
9.672834e-01 2.536013e-01 7.019441e-03 4.006678e+02 -2.536984e-01 9.669046e-01 2.706873e-02 -3.221821e+01 7.753680e-05 -2.796396e-02 9.996089e-01 -1.113405e+01
9.664675e-01 2.567112e-01 6.316113e-03 4.026746e+02 -2.567869e-01 9.662646e-01 1.982352e-02 -3.276757e+01 -1.014116e-03 -2.078069e-02 9.997835e-01 -1.117797e+01
9.656600e-01 2.597710e-01 4.459831e-03 4.046437e+02 -2.598067e-01 9.654317e-01 2.103270e-02 -3.331918e+01 1.158022e-03 -2.146913e-02 9.997689e-01 -1.129493e+01
9.647208e-01 2.632561e-01 3.140888e-03 4.066322e+02 -2.632643e-01 9.645069e-01 2.045589e-02 -3.387093e+01 2.355730e-03 -2.056111e-02 9.997858e-01 -1.132519e+01
9.637249e-01 2.668790e-01 3.170548e-03 4.086123e+02 -2.668830e-01 9.634783e-01 2.197705e-02 -3.445193e+01 2.810458e-03 -2.202599e-02 9.997535e-01 -1.142673e+01
9.628950e-01 2.698481e-01 3.893615e-03 4.106193e+02 -2.698700e-01 9.626744e-01 2.069457e-02 -3.501587e+01 1.836106e-03 -2.097746e-02 9.997783e-01 -1.149974e+01
9.618448e-01 2.735609e-01 4.352262e-03 4.126035e+02 -2.735945e-01 9.616750e-01 1.808141e-02 -3.561469e+01 7.609057e-04 -1.858227e-02 9.998270e-01 -1.156386e+01
9.606904e-01 2.775635e-01 5.699933e-03 4.145902e+02 -2.776217e-01 9.605203e-01 1.808677e-02 -3.621406e+01 -4.546714e-04 -1.895821e-02 9.998202e-01 -1.165038e+01
9.595235e-01 2.815477e-01 6.751258e-03 4.165786e+02 -2.816232e-01 9.593771e-01 1.685277e-02 -3.681554e+01 -1.732145e-03 -1.807194e-02 9.998352e-01 -1.169561e+01
9.585803e-01 2.846932e-01 8.575902e-03 4.185647e+02 -2.848172e-01 9.583094e-01 2.284809e-02 -3.743452e+01 -1.713672e-03 -2.434430e-02 9.997022e-01 -1.177905e+01
9.579118e-01 2.868914e-01 9.918362e-03 4.205554e+02 -2.870514e-01 9.576098e-01 2.419114e-02 -3.805125e+01 -2.557688e-03 -2.602006e-02 9.996582e-01 -1.185361e+01
9.572542e-01 2.890442e-01 1.085349e-02 4.225430e+02 -2.892264e-01 9.569665e-01 2.373262e-02 -3.868149e+01 -3.526649e-03 -2.585726e-02 9.996594e-01 -1.195405e+01
9.567143e-01 2.909197e-01 7.971344e-03 4.245372e+02 -2.910259e-01 9.564704e-01 2.164331e-02 -3.931507e+01 -1.327888e-03 -2.302633e-02 9.997340e-01 -1.203678e+01
9.560130e-01 2.932004e-01 8.520884e-03 4.265307e+02 -2.933143e-01 9.558161e-01 1.954501e-02 -3.995378e+01 -2.413795e-03 -2.118458e-02 9.997727e-01 -1.208824e+01
9.552281e-01 2.958443e-01 3.931041e-03 4.285143e+02 -2.958521e-01 9.549370e-01 2.380616e-02 -4.059035e+01 3.289021e-03 -2.390332e-02 9.997089e-01 -1.220599e+01
9.541552e-01 2.992556e-01 5.825841e-03 4.305080e+02 -2.993092e-01 9.538758e-01 2.312318e-02 -4.124217e+01 1.362612e-03 -2.380683e-02 9.997156e-01 -1.226191e+01
9.532833e-01 3.020577e-01 3.467802e-03 4.325052e+02 -3.020471e-01 9.529611e-01 2.515308e-02 -4.187896e+01 4.293002e-03 -2.502545e-02 9.996776e-01 -1.234409e+01
9.524355e-01 3.047002e-01 4.941969e-03 4.345078e+02 -3.047322e-01 9.521670e-01 2.271687e-02 -4.254358e+01 2.216256e-03 -2.314233e-02 9.997298e-01 -1.241249e+01
9.517107e-01 3.069929e-01 1.464310e-03 4.365051e+02 -3.069491e-01 9.514698e-01 2.208591e-02 -4.320415e+01 5.386969e-03 -2.146886e-02 9.997550e-01 -1.252306e+01
9.509765e-01 3.092467e-01 3.189461e-03 4.385121e+02 -3.092522e-01 9.508060e-01 1.819342e-02 -4.387338e+01 2.593696e-03 -1.828787e-02 9.998294e-01 -1.258088e+01
9.504030e-01 3.110079e-01 2.857757e-03 4.405021e+02 -3.110027e-01 9.502074e-01 1.958053e-02 -4.453708e+01 3.374237e-03 -1.949816e-02 9.998042e-01 -1.266011e+01
9.496608e-01 3.132521e-01 4.179582e-03 4.424991e+02 -3.132696e-01 9.494359e-01 2.082137e-02 -4.521845e+01 2.554092e-03 -2.108258e-02 9.997745e-01 -1.273343e+01
9.489421e-01 3.154182e-01 4.487759e-03 4.444944e+02 -3.154352e-01 9.486625e-01 2.324510e-02 -4.588992e+01 3.074561e-03 -2.347385e-02 9.997197e-01 -1.281854e+01
9.483364e-01 3.172444e-01 3.751869e-03 4.465005e+02 -3.172467e-01 9.480782e-01 2.240768e-02 -4.658326e+01 3.551645e-03 -2.244028e-02 9.997419e-01 -1.288686e+01
9.475586e-01 3.195762e-01 1.916711e-03 4.485010e+02 -3.195435e-01 9.473346e-01 2.119298e-02 -4.728396e+01 4.957005e-03 -2.069406e-02 9.997736e-01 -1.298037e+01
9.468561e-01 3.216575e-01 -2.632963e-04 4.504962e+02 -3.215884e-01 9.466690e-01 1.996852e-02 -4.797652e+01 6.672278e-03 -1.882264e-02 9.998006e-01 -1.303701e+01
9.461938e-01 3.235907e-01 -2.529534e-03 4.524890e+02 -3.234643e-01 9.459934e-01 2.162294e-02 -4.866969e+01 9.389902e-03 -1.964128e-02 9.997630e-01 -1.318177e+01
9.455644e-01 3.253952e-01 -5.094130e-03 4.544920e+02 -3.252085e-01 9.453744e-01 2.250685e-02 -4.935972e+01 1.213948e-02 -1.962502e-02 9.997337e-01 -1.322544e+01
9.453248e-01 3.260940e-01 -4.878568e-03 4.564845e+02 -3.258378e-01 9.450042e-01 2.822374e-02 -5.006634e+01 1.381386e-02 -2.509098e-02 9.995897e-01 -1.330025e+01
9.452643e-01 3.263031e-01 -1.286704e-03 4.584740e+02 -3.261720e-01 9.449825e-01 2.489433e-02 -5.077065e+01 9.339008e-03 -2.311203e-02 9.996893e-01 -1.339003e+01
9.451585e-01 3.266065e-01 1.874351e-03 4.604806e+02 -3.265590e-01 9.448863e-01 2.343230e-02 -5.149696e+01 5.882093e-03 -2.275932e-02 9.997237e-01 -1.353305e+01
9.450009e-01 3.270668e-01 7.274218e-04 4.625024e+02 -3.270240e-01 9.448363e-01 1.842668e-02 -5.222256e+01 5.339460e-03 -1.765111e-02 9.998299e-01 -1.354274e+01
9.449410e-01 3.272406e-01 -1.816559e-04 4.645046e+02 -3.272021e-01 9.448379e-01 1.483186e-02 -5.292558e+01 5.025224e-03 -1.395580e-02 9.998900e-01 -1.367116e+01
9.446064e-01 3.282053e-01 -1.770100e-04 4.665128e+02 -3.281699e-01 9.445122e-01 1.417422e-02 -5.364372e+01 4.819241e-03 -1.333097e-02 9.998995e-01 -1.369760e+01
9.444426e-01 3.286764e-01 1.925735e-04 4.685161e+02 -3.286389e-01 9.443259e-01 1.565460e-02 -5.435376e+01 4.963446e-03 -1.484816e-02 9.998775e-01 -1.378117e+01
9.445328e-01 3.284023e-01 3.132584e-03 4.705363e+02 -3.284058e-01 9.443779e-01 1.731709e-02 -5.508052e+01 2.728628e-03 -1.738532e-02 9.998451e-01 -1.380571e+01
9.447005e-01 3.278942e-01 5.139724e-03 4.725456e+02 -3.279311e-01 9.445027e-01 1.938437e-02 -5.581367e+01 1.501538e-03 -1.999790e-02 9.997989e-01 -1.389476e+01
9.448387e-01 3.274183e-01 8.780031e-03 4.745555e+02 -3.275316e-01 9.446254e-01 2.014018e-02 -5.653090e+01 -1.699578e-03 -2.190496e-02 9.997586e-01 -1.397453e+01
9.451084e-01 3.267085e-01 5.637092e-03 4.765638e+02 -3.267423e-01 9.447598e-01 2.585302e-02 -5.725233e+01 3.120705e-03 -2.627578e-02 9.996499e-01 -1.409121e+01
9.449997e-01 3.270361e-01 4.792837e-03 4.785941e+02 -3.270566e-01 9.447170e-01 2.331601e-02 -5.797146e+01 3.097299e-03 -2.360115e-02 9.997166e-01 -1.415907e+01
9.451544e-01 3.266180e-01 1.954963e-03 4.806180e+02 -3.265795e-01 9.449108e-01 2.213069e-02 -5.869955e+01 5.381014e-03 -2.155537e-02 9.997532e-01 -1.427241e+01
9.450933e-01 3.267930e-01 2.216549e-03 4.826519e+02 -3.267597e-01 9.448464e-01 2.221098e-02 -5.942200e+01 5.164094e-03 -2.171573e-02 9.997509e-01 -1.433325e+01
9.450882e-01 3.268152e-01 3.514171e-04 4.846700e+02 -3.267435e-01 9.448571e-01 2.199352e-02 -6.014658e+01 6.855778e-03 -2.090064e-02 9.997581e-01 -1.439313e+01
9.451541e-01 3.266030e-01 3.762477e-03 4.867126e+02 -3.266036e-01 9.448996e-01 2.225112e-02 -6.087043e+01 3.712120e-03 -2.225958e-02 9.997453e-01 -1.449348e+01
9.450609e-01 3.268827e-01 2.753687e-03 4.887302e+02 -3.268527e-01 9.447727e-01 2.391028e-02 -6.159838e+01 5.214247e-03 -2.349672e-02 9.997103e-01 -1.456976e+01
9.450594e-01 3.268790e-01 3.588432e-03 4.907938e+02 -3.268678e-01 9.447623e-01 2.411394e-02 -6.232013e+01 4.492126e-03 -2.396205e-02 9.997028e-01 -1.467021e+01
9.448287e-01 3.275616e-01 1.431372e-03 4.928154e+02 -3.275034e-01 9.445583e-01 2.348049e-02 -6.305316e+01 6.339294e-03 -2.265382e-02 9.997233e-01 -1.476040e+01
9.444262e-01 3.287226e-01 7.366834e-04 4.948548e+02 -3.286599e-01 9.441971e-01 2.178103e-02 -6.377807e+01 6.464342e-03 -2.081269e-02 9.997625e-01 -1.483219e+01
9.440918e-01 3.296823e-01 5.154416e-04 4.968940e+02 -3.296061e-01 9.438374e-01 2.303624e-02 -6.451365e+01 7.108149e-03 -2.191822e-02 9.997345e-01 -1.492830e+01
9.439859e-01 3.299750e-01 2.641350e-03 4.989357e+02 -3.299388e-01 9.436872e-01 2.438455e-02 -6.524839e+01 5.553684e-03 -2.389016e-02 9.996992e-01 -1.498196e+01
9.438313e-01 3.304149e-01 2.893873e-03 5.009729e+02 -3.303709e-01 9.434712e-01 2.678100e-02 -6.598653e+01 6.118556e-03 -2.623280e-02 9.996371e-01 -1.508794e+01
9.436108e-01 3.310472e-01 2.509935e-03 5.030134e+02 -3.309988e-01 9.432769e-01 2.585438e-02 -6.673325e+01 6.191457e-03 -2.522726e-02 9.996626e-01 -1.519833e+01
9.434143e-01 3.315840e-01 4.644635e-03 5.050539e+02 -3.315922e-01 9.430830e-01 2.531828e-02 -6.747536e+01 4.014859e-03 -2.542575e-02 9.996687e-01 -1.526029e+01
