1.000000e+00 0.000000e+00 0.000000e+00 0.000000e+00 0.000000e+00 1.000000e+00 0.000000e+00 0.000000e+00 0.000000e+00 0.000000e+00 1.000000e+00 0.000000e+00
9.999874e-01 -5.009833e-03 3.189529e-04 1.584087e+00 5.009132e-03 9.999850e-01 2.163121e-03 -4.300190e-02 -3.297850e-04 -2.161496e-03 9.999976e-01 -2.315073e-02
9.999905e-01 -2.851221e-03 3.302428e-03 3.004495e+00 2.847995e-03 9.999955e-01 9.809870e-04 -6.018660e-02 -3.305210e-03 -9.715723e-04 9.999940e-01 -5.519945e-02
9.999888e-01 -4.051197e-04 4.710661e-03 4.401414e+00 3.874021e-04 9.999927e-01 3.761459e-03 -7.599612e-02 -4.712151e-03 -3.759593e-03 9.999818e-01 -9.757403e-02
9.999617e-01 2.771024e-03 8.300397e-03 5.778726e+00 -2.784865e-03 9.999949e-01 1.656462e-03 -9.257663e-02 -8.295762e-03 -1.679514e-03 9.999642e-01 -1.141288e-01
9.999381e-01 5.243015e-03 9.814209e-03 7.157812e+00 -5.279539e-03 9.999791e-01 3.699380e-03 -1.057424e-01 -9.794609e-03 -3.750965e-03 9.999450e-01 -1.479952e-01
9.999075e-01 8.567366e-03 1.056501e-02 8.538400e+00 -8.600653e-03 9.999582e-01 3.109307e-03 -1.353381e-01 -1.053793e-02 -3.199885e-03 9.999394e-01 -1.861207e-01
9.998569e-01 1.116062e-02 1.271096e-02 9.925502e+00 -1.122651e-02 9.999238e-01 5.124139e-03 -1.498822e-01 -1.265280e-02 -5.266105e-03 9.999061e-01 -2.106962e-01
9.998201e-01 1.422785e-02 1.254345e-02 1.125340e+01 -1.430986e-02 9.998766e-01 6.472686e-03 -1.842625e-01 -1.244981e-02 -6.651016e-03 9.999004e-01 -2.473776e-01
9.997065e-01 1.775515e-02 1.648303e-02 1.258095e+01 -1.787118e-02 9.998163e-01 6.918883e-03 -2.152330e-01 -1.635716e-02 -7.211424e-03 9.998402e-01 -2.719182e-01
9.996731e-01 2.072465e-02 1.497081e-02 1.389746e+01 -2.087210e-02 9.997345e-01 9.760680e-03 -2.662437e-01 -1.476455e-02 -1.006996e-02 9.998403e-01 -3.266506e-01
9.995638e-01 2.384548e-02 1.742530e-02 1.519995e+01 -2.397562e-02 9.996859e-01 7.298039e-03 -2.967419e-01 -1.724580e-02 -7.712638e-03 9.998215e-01 -3.519565e-01
9.995151e-01 2.694547e-02 1.560316e-02 1.649007e+01 -2.708001e-02 9.995973e-01 8.476553e-03 -3.588412e-01 -1.536848e-02 -8.894977e-03 9.998423e-01 -4.048266e-01
9.993848e-01 3.014962e-02 1.791458e-02 1.779439e+01 -3.027306e-02 9.995195e-01 6.659429e-03 -4.134436e-01 -1.770519e-02 -7.197661e-03 9.998174e-01 -4.330625e-01
9.992833e-01 3.410379e-02 1.642655e-02 1.908400e+01 -3.424193e-02 9.993800e-01 8.203064e-03 -4.639798e-01 -1.613661e-02 -8.759662e-03 9.998314e-01 -4.571128e-01
9.991268e-01 3.767813e-02 1.805424e-02 2.033303e+01 -3.782514e-02 9.992534e-01 7.871495e-03 -5.222388e-01 -1.774417e-02 -8.547525e-03 9.998060e-01 -4.918834e-01
9.990306e-01 4.129159e-02 1.525491e-02 2.159418e+01 -4.145200e-02 9.990869e-01 1.035282e-02 -5.982695e-01 -1.481350e-02 -1.097513e-02 9.998301e-01 -5.354261e-01
9.988624e-01 4.491618e-02 1.601431e-02 2.287524e+01 -4.508187e-02 9.989319e-01 1.013984e-02 -6.676965e-01 -1.554176e-02 -1.085026e-02 9.998204e-01 -5.625439e-01
9.988115e-01 4.636691e-02 1.502052e-02 2.411523e+01 -4.648492e-02 9.988902e-01 7.604765e-03 -7.314586e-01 -1.465124e-02 -8.293955e-03 9.998583e-01 -5.963125e-01
9.987239e-01 4.778355e-02 1.634775e-02 2.536380e+01 -4.783476e-02 9.988514e-01 2.755784e-03 -8.044276e-01 -1.619730e-02 -3.534259e-03 9.998626e-01 -6.332245e-01
9.986883e-01 4.907256e-02 1.461014e-02 2.658809e+01 -4.909323e-02 9.987936e-01 1.059850e-03 -8.918183e-01 -1.454050e-02 -1.775719e-03 9.998927e-01 -6.587867e-01
9.987305e-01 4.865840e-02 1.302945e-02 2.782833e+01 -4.866442e-02 9.988152e-01 1.454534e-04 -9.616685e-01 -1.300694e-02 -7.793394e-04 9.999151e-01 -7.021750e-01
9.986953e-01 4.954770e-02 1.235872e-02 2.904329e+01 -4.956710e-02 9.987701e-01 1.268330e-03 -1.054303e+00 -1.228068e-02 -1.879261e-03 9.999228e-01 -7.147043e-01
9.986606e-01 4.982592e-02 1.394308e-02 3.025081e+01 -4.987717e-02 9.987496e-01 3.352233e-03 -1.112076e+00 -1.375861e-02 -4.043184e-03 9.998972e-01 -7.482706e-01
9.986833e-01 4.959932e-02 1.309976e-02 3.144481e+01 -4.968772e-02 9.987435e-01 6.510624e-03 -1.192788e+00 -1.276038e-02 -7.152949e-03 9.998930e-01 -7.732409e-01
9.986754e-01 4.993550e-02 1.240514e-02 3.264336e+01 -5.003968e-02 9.987133e-01 8.234587e-03 -1.259875e+00 -1.197798e-02 -8.844428e-03 9.998891e-01 -8.183007e-01
9.986732e-01 4.997582e-02 1.242066e-02 3.382789e+01 -5.006493e-02 9.987217e-01 6.968956e-03 -1.333737e+00 -1.205650e-02 -7.581549e-03 9.998986e-01 -8.433335e-01
9.986349e-01 5.077731e-02 1.225008e-02 3.498292e+01 -5.085519e-02 9.986871e-01 6.131885e-03 -1.405537e+00 -1.192264e-02 -6.746494e-03 9.999062e-01 -8.921083e-01
9.986327e-01 5.127996e-02 1.015609e-02 3.614648e+01 -5.134333e-02 9.986626e-01 6.080359e-03 -1.465976e+00 -9.830710e-03 -6.593492e-03 9.999300e-01 -9.132103e-01
9.985956e-01 5.189492e-02 1.066802e-02 3.731547e+01 -5.198044e-02 9.986168e-01 7.901750e-03 -1.537225e+00 -1.024321e-02 -8.445180e-03 9.999118e-01 -9.489698e-01
9.986076e-01 5.220642e-02 7.576267e-03 3.846925e+01 -5.227399e-02 9.985921e-01 9.013604e-03 -1.614187e+00 -7.095032e-03 -9.397095e-03 9.999307e-01 -9.764172e-01
9.985274e-01 5.366230e-02 7.961323e-03 3.962823e+01 -5.374352e-02 9.985009e-01 1.036412e-02 -1.679594e+00 -7.393227e-03 -1.077673e-02 9.999146e-01 -1.019475e+00
9.985446e-01 5.368035e-02 5.213509e-03 4.078652e+01 -5.373514e-02 9.984945e-01 1.100729e-02 -1.752169e+00 -4.614785e-03 -1.127142e-02 9.999259e-01 -1.039850e+00
9.985045e-01 5.436476e-02 5.757807e-03 4.194608e+01 -5.442886e-02 9.984499e-01 1.163086e-02 -1.830486e+00 -5.116573e-03 -1.192685e-02 9.999158e-01 -1.081246e+00
9.985042e-01 5.447268e-02 4.699980e-03 4.309871e+01 -5.452222e-02 9.984503e-01 1.115149e-02 -1.904440e+00 -4.085245e-03 -1.139106e-02 9.999267e-01 -1.117527e+00
9.985043e-01 5.451700e-02 4.114472e-03 4.423421e+01 -5.455269e-02 9.984692e-01 9.126115e-03 -1.972083e+00 -3.610645e-03 -9.336921e-03 9.999499e-01 -1.143216e+00
9.984930e-01 5.469451e-02 4.502615e-03 4.538562e+01 -5.473287e-02 9.984616e-01 8.889930e-03 -2.050101e+00 -4.009458e-03 -9.122973e-03 9.999503e-01 -1.178314e+00
9.984913e-01 5.477400e-02 3.852923e-03 4.651748e+01 -5.480485e-02 9.984617e-01 8.415634e-03 -2.126384e+00 -3.386038e-03 -8.614097e-03 9.999571e-01 -1.206897e+00
9.985142e-01 5.423966e-02 5.230827e-03 4.766796e+01 -5.428509e-02 9.984851e-01 8.974192e-03 -2.195131e+00 -4.736146e-03 -9.244814e-03 9.999461e-01 -1.234537e+00
9.984718e-01 5.470881e-02 7.814836e-03 4.878174e+01 -5.479251e-02 9.984379e-01 1.093116e-02 -2.271960e+00 -7.204598e-03 -1.134265e-02 9.999097e-01 -1.261551e+00
9.984647e-01 5.469123e-02 8.784054e-03 4.993573e+01 -5.478945e-02 9.984334e-01 1.135948e-02 -2.358458e+00 -8.149028e-03 -1.182331e-02 9.998969e-01 -1.308883e+00
9.984639e-01 5.463955e-02 9.186890e-03 5.104976e+01 -5.474251e-02 9.984359e-01 1.135618e-02 -2.433141e+00 -8.552024e-03 -1.184165e-02 9.998933e-01 -1.336073e+00
9.984561e-01 5.458839e-02 1.027560e-02 5.216575e+01 -5.470449e-02 9.984378e-01 1.137867e-02 -2.492526e+00 -9.638404e-03 -1.192322e-02 9.998825e-01 -1.371156e+00
9.984484e-01 5.451462e-02 1.135849e-02 5.330549e+01 -5.462982e-02 9.984558e-01 1.009159e-02 -2.567209e+00 -1.079081e-02 -1.069644e-02 9.998845e-01 -1.407351e+00
9.984242e-01 5.474167e-02 1.234529e-02 5.442944e+01 -5.486866e-02 9.984416e-01 1.019325e-02 -2.643410e+00 -1.176805e-02 -1.085456e-02 9.998719e-01 -1.442369e+00
9.984063e-01 5.524353e-02 1.153584e-02 5.555058e+01 -5.536842e-02 9.984076e-01 1.080347e-02 -2.719183e+00 -1.092065e-02 -1.142498e-02 9.998751e-01 -1.472950e+00
9.984158e-01 5.457840e-02 1.367729e-02 5.664831e+01 -5.474599e-02 9.984258e-01 1.219409e-02 -2.798203e+00 -1.299022e-02 -1.292355e-02 9.998321e-01 -1.511219e+00
9.983814e-01 5.529825e-02 1.329163e-02 5.775617e+01 -5.547567e-02 9.983705e-01 1.337254e-02 -2.869152e+00 -1.253050e-02 -1.408826e-02 9.998223e-01 -1.537698e+00
9.983585e-01 5.553430e-02 1.400368e-02 5.888029e+01 -5.571936e-02 9.983592e-01 1.318996e-02 -2.937840e+00 -1.324821e-02 -1.394858e-02 9.998149e-01 -1.584084e+00
9.983269e-01 5.595046e-02 1.459172e-02 5.998146e+01 -5.616073e-02 9.983176e-01 1.442198e-02 -3.003216e+00 -1.376026e-02 -1.521733e-02 9.997895e-01 -1.608401e+00
9.983351e-01 5.622127e-02 1.289213e-02 6.109084e+01 -5.641225e-02 9.982954e-01 1.496281e-02 -3.090180e+00 -1.202893e-02 -1.566517e-02 9.998049e-01 -1.657436e+00
9.983291e-01 5.675197e-02 1.087403e-02 6.219051e+01 -5.691405e-02 9.982629e-01 1.522503e-02 -3.159408e+00 -9.991094e-03 -1.581847e-02 9.998249e-01 -1.689375e+00
9.983847e-01 5.602481e-02 9.441074e-03 6.328009e+01 -5.616871e-02 9.982972e-01 1.573513e-02 -3.229449e+00 -8.543441e-03 -1.624001e-02 9.998316e-01 -1.730369e+00
9.983764e-01 5.659203e-02 6.471679e-03 6.437685e+01 -5.670051e-02 9.982283e-01 1.802971e-02 -3.298393e+00 -5.439876e-03 -1.836738e-02 9.998165e-01 -1.760061e+00
9.983521e-01 5.706997e-02 6.015477e-03 6.548837e+01 -5.717025e-02 9.982007e-01 1.807809e-02 -3.381735e+00 -4.972938e-03 -1.839220e-02 9.998185e-01 -1.817712e+00
9.983373e-01 5.757510e-02 2.784323e-03 6.656935e+01 -5.761743e-02 9.981614e-01 1.881401e-02 -3.444681e+00 -1.695985e-03 -1.894315e-02 9.998191e-01 -1.853087e+00
9.983567e-01 5.728330e-02 1.574647e-03 6.766752e+01 -5.730231e-02 9.981973e-01 1.784828e-02 -3.513951e+00 -5.494006e-04 -1.790918e-02 9.998395e-01 -1.889482e+00
9.983368e-01 5.765145e-02 7.571501e-05 6.876241e+01 -5.764306e-02 9.981672e-01 1.843093e-02 -3.583229e+00 9.869938e-04 -1.840464e-02 9.998301e-01 -1.940605e+00
9.983075e-01 5.813761e-02 -1.445316e-03 6.986049e+01 -5.810316e-02 9.981546e-01 1.764479e-02 -3.648646e+00 2.468475e-03 -1.753095e-02 9.998433e-01 -1.966203e+00
9.983127e-01 5.789607e-02 -4.457003e-03 7.094190e+01 -5.780178e-02 9.981476e-01 1.897825e-02 -3.717607e+00 5.547513e-03 -1.868860e-02 9.998100e-01 -2.006193e+00
9.983056e-01 5.758375e-02 -8.367025e-03 7.200467e+01 -5.743086e-02 9.981964e-01 1.748979e-02 -3.799264e+00 9.359061e-03 -1.697963e-02 9.998120e-01 -2.049230e+00
9.982931e-01 5.789293e-02 -7.697626e-03 7.312967e+01 -5.776250e-02 9.981990e-01 1.620599e-02 -3.863870e+00 8.621973e-03 -1.573369e-02 9.998391e-01 -2.086906e+00
9.982397e-01 5.824441e-02 -1.118615e-02 7.420827e+01 -5.807179e-02 9.981970e-01 1.518250e-02 -3.929997e+00 1.205028e-02 -1.450617e-02 9.998221e-01 -2.126897e+00
9.982510e-01 5.778508e-02 -1.248399e-02 7.527704e+01 -5.754975e-02 9.981720e-01 1.845207e-02 -4.003158e+00 1.352743e-02 -1.770134e-02 9.997518e-01 -2.164428e+00
9.982038e-01 5.825277e-02 -1.398937e-02 7.637417e+01 -5.797818e-02 9.981314e-01 1.929182e-02 -4.069566e+00 1.508703e-02 -1.844609e-02 9.997160e-01 -2.207694e+00
9.982265e-01 5.779389e-02 -1.427723e-02 7.745700e+01 -5.751893e-02 9.981641e-01 1.897230e-02 -4.147751e+00 1.534750e-02 -1.811744e-02 9.997181e-01 -2.247542e+00
9.981727e-01 5.856028e-02 -1.489792e-02 7.853580e+01 -5.828176e-02 9.981290e-01 1.848871e-02 -4.217155e+00 1.595275e-02 -1.758665e-02 9.997181e-01 -2.281728e+00
9.982476e-01 5.747210e-02 -1.409801e-02 7.963609e+01 -5.720878e-02 9.981924e-01 1.841977e-02 -4.274066e+00 1.513115e-02 -1.758096e-02 9.997309e-01 -2.323036e+00
9.982510e-01 5.712509e-02 -1.522138e-02 8.073149e+01 -5.680731e-02 9.981736e-01 2.055063e-02 -4.352479e+00 1.636754e-02 -1.965000e-02 9.996729e-01 -2.352532e+00
9.982670e-01 5.683419e-02 -1.526152e-02 8.181578e+01 -5.650939e-02 9.981828e-01 2.093080e-02 -4.415488e+00 1.642337e-02 -2.003211e-02 9.996644e-01 -2.403007e+00
9.982898e-01 5.564539e-02 -1.792096e-02 8.291050e+01 -5.528584e-02 9.982709e-01 1.997006e-02 -4.487731e+00 1.900121e-02 -1.894513e-02 9.996399e-01 -2.438296e+00
9.983364e-01 5.456644e-02 -1.862453e-02 8.401041e+01 -5.422902e-02 9.983631e-01 1.816561e-02 -4.550966e+00 1.958527e-02 -1.712540e-02 9.996615e-01 -2.481620e+00
9.983060e-01 5.429906e-02 -2.090066e-02 8.510186e+01 -5.387865e-02 9.983437e-01 2.017812e-02 -4.624602e+00 2.196169e-02 -1.901784e-02 9.995779e-01 -2.522990e+00
9.983140e-01 5.377030e-02 -2.186023e-02 8.619361e+01 -5.334269e-02 9.983820e-01 1.969506e-02 -4.686108e+00 2.288387e-02 -1.849577e-02 9.995670e-01 -2.553922e+00
9.983588e-01 5.276860e-02 -2.225225e-02 8.728160e+01 -5.225267e-02 9.983653e-01 2.316261e-02 -4.746685e+00 2.343813e-02 -2.196186e-02 9.994841e-01 -2.594920e+00
9.984635e-01 5.024869e-02 -2.336256e-02 8.838411e+01 -4.971983e-02 9.985054e-01 2.269247e-02 -4.811716e+00 2.446791e-02 -2.149602e-02 9.994695e-01 -2.629116e+00
9.986017e-01 4.791727e-02 -2.233007e-02 8.946564e+01 -4.740300e-02 9.986107e-01 2.301744e-02 -4.874250e+00 2.340198e-02 -2.192675e-02 9.994857e-01 -2.683284e+00
9.986910e-01 4.438742e-02 -2.541736e-02 9.055558e+01 -4.379601e-02 9.987670e-01 2.337021e-02 -4.926100e+00 2.642336e-02 -2.222644e-02 9.994037e-01 -2.729450e+00
9.988015e-01 4.166571e-02 -2.568103e-02 9.163599e+01 -4.106022e-02 9.988761e-01 2.367030e-02 -4.989219e+00 2.663841e-02 -2.258746e-02 9.993899e-01 -2.787943e+00
9.988358e-01 3.921622e-02 -2.809196e-02 9.274082e+01 -3.855069e-02 9.989719e-01 2.385362e-02 -5.039770e+00 2.899853e-02 -2.274289e-02 9.993207e-01 -2.830304e+00
9.989337e-01 3.595837e-02 -2.895604e-02 9.386047e+01 -3.529595e-02 9.991106e-01 2.307193e-02 -5.078265e+00 2.975992e-02 -2.202530e-02 9.993144e-01 -2.874727e+00
9.989422e-01 3.417288e-02 -3.076802e-02 9.495207e+01 -3.347096e-02 9.991739e-01 2.304651e-02 -5.121052e+00 3.153017e-02 -2.199230e-02 9.992608e-01 -2.923790e+00
9.989970e-01 3.096632e-02 -3.234204e-02 9.604129e+01 -3.027095e-02 9.993047e-01 2.177340e-02 -5.165333e+00 3.299379e-02 -2.077253e-02 9.992397e-01 -2.972800e+00
9.989973e-01 3.005207e-02 -3.318637e-02 9.713988e+01 -2.926083e-02 9.992819e-01 2.407615e-02 -5.203812e+00 3.388608e-02 -2.308095e-02 9.991592e-01 -3.006516e+00
9.990093e-01 2.785870e-02 -3.470516e-02 9.826720e+01 -2.707055e-02 9.993695e-01 2.297663e-02 -5.242591e+00 3.532337e-02 -2.201438e-02 9.991334e-01 -3.060638e+00
9.990253e-01 2.518058e-02 -3.625296e-02 9.936443e+01 -2.431093e-02 9.994109e-01 2.423253e-02 -5.268726e+00 3.684179e-02 -2.332756e-02 9.990488e-01 -3.093677e+00
9.990066e-01 2.361691e-02 -3.779017e-02 1.004581e+02 -2.270754e-02 9.994464e-01 2.431459e-02 -5.302130e+00 3.834349e-02 -2.343232e-02 9.989898e-01 -3.146386e+00
9.989098e-01 2.154743e-02 -4.141028e-02 1.015833e+02 -2.053603e-02 9.994841e-01 2.469606e-02 -5.316109e+00 4.192106e-02 -2.381873e-02 9.988370e-01 -3.192440e+00
9.988116e-01 1.940007e-02 -4.471039e-02 1.026840e+02 -1.837575e-02 9.995618e-01 2.320856e-02 -5.352771e+00 4.514105e-02 -2.235940e-02 9.987304e-01 -3.243622e+00
9.986799e-01 1.678982e-02 -4.854449e-02 1.038044e+02 -1.571596e-02 9.996252e-01 2.241872e-02 -5.370537e+00 4.890269e-02 -2.162620e-02 9.985694e-01 -3.289593e+00
9.985929e-01 1.558558e-02 -5.068868e-02 1.049220e+02 -1.449425e-02 9.996568e-01 2.182673e-02 -5.393019e+00 5.101147e-02 -2.106132e-02 9.984760e-01 -3.321471e+00
9.985234e-01 1.371823e-02 -5.256237e-02 1.060401e+02 -1.262931e-02 9.997000e-01 2.099323e-02 -5.403866e+00 5.283458e-02 -2.029841e-02 9.983969e-01 -3.373376e+00
9.985059e-01 1.309249e-02 -5.305269e-02 1.071558e+02 -1.200956e-02 9.997140e-01 2.067989e-02 -5.427199e+00 5.330827e-02 -2.001186e-02 9.983776e-01 -3.408815e+00
9.984743e-01 1.069029e-02 -5.417399e-02 1.082658e+02 -9.638349e-03 9.997606e-01 1.964198e-02 -5.437355e+00 5.437100e-02 -1.908986e-02 9.983383e-01 -3.451753e+00
9.984962e-01 9.342176e-03 -5.401879e-02 1.093945e+02 -8.336338e-03 9.997883e-01 1.881560e-02 -5.455056e+00 5.418313e-02 -1.833699e-02 9.983627e-01 -3.489147e+00
9.984316e-01 8.017491e-03 -5.540778e-02 1.105258e+02 -6.997231e-03 9.998027e-01 1.858318e-02 -5.476843e+00 5.554584e-02 -1.816634e-02 9.982908e-01 -3.540523e+00
9.983360e-01 6.935002e-03 -5.724682e-02 1.116142e+02 -5.938775e-03 9.998283e-01 1.755415e-02 -5.492240e+00 5.735872e-02 -1.718496e-02 9.982057e-01 -3.576591e+00
9.981721e-01 7.230610e-03 -6.000188e-02 1.127372e+02 -6.136407e-03 9.998119e-01 1.840042e-02 -5.492225e+00 6.012364e-02 -1.799859e-02 9.980286e-01 -3.621690e+00
9.980637e-01 8.571961e-03 -6.160582e-02 1.138659e+02 -7.486143e-03 9.998130e-01 1.783450e-02 -5.502845e+00 6.174717e-02 -1.733878e-02 9.979412e-01 -3.657347e+00
9.977643e-01 1.111036e-02 -6.590164e-02 1.149924e+02 -1.000498e-02 9.998041e-01 1.707950e-02 -5.517530e+00 6.607849e-02 -1.638197e-02 9.976799e-01 -3.700936e+00
9.977388e-01 1.338240e-02 -6.586397e-02 1.160859e+02 -1.225937e-02 9.997729e-01 1.742554e-02 -5.537164e+00 6.608221e-02 -1.657869e-02 9.976764e-01 -3.749215e+00
9.976004e-01 1.560452e-02 -6.745268e-02 1.171939e+02 -1.441802e-02 9.997334e-01 1.804125e-02 -5.568505e+00 6.771621e-02 -1.702543e-02 9.975594e-01 -3.787696e+00
9.974992e-01 1.809747e-02 -6.832106e-02 1.183193e+02 -1.688169e-02 9.996893e-01 1.833067e-02 -5.592050e+00 6.863158e-02 -1.713145e-02 9.974950e-01 -3.831571e+00
9.974369e-01 1.988722e-02 -6.873143e-02 1.194473e+02 -1.865195e-02 9.996537e-01 1.856774e-02 -5.619137e+00 6.907689e-02 -1.723818e-02 9.974624e-01 -3.869823e+00
9.972021e-01 2.120203e-02 -7.168283e-02 1.205692e+02 -1.990641e-02 9.996263e-01 1.874069e-02 -5.657799e+00 7.205337e-02 -1.726131e-02 9.972514e-01 -3.914943e+00
9.972138e-01 2.307788e-02 -7.093689e-02 1.216591e+02 -2.174029e-02 9.995720e-01 1.957064e-02 -5.691304e+00 7.135819e-02 -1.797392e-02 9.972888e-01 -3.947824e+00
9.969345e-01 2.484991e-02 -7.418962e-02 1.227781e+02 -2.351522e-02 9.995465e-01 1.880988e-02 -5.716394e+00 7.462339e-02 -1.700763e-02 9.970667e-01 -3.981332e+00
9.969576e-01 2.575314e-02 -7.356855e-02 1.239031e+02 -2.449313e-02 9.995383e-01 1.797828e-02 -5.743646e+00 7.399759e-02 -1.612166e-02 9.971281e-01 -4.046061e+00
9.968972e-01 2.520892e-02 -7.456889e-02 1.250380e+02 -2.402404e-02 9.995711e-01 1.674452e-02 -5.786520e+00 7.495902e-02 -1.490112e-02 9.970753e-01 -4.060822e+00
9.970087e-01 2.448362e-02 -7.330896e-02 1.261509e+02 -2.332894e-02 9.995906e-01 1.656598e-02 -5.811074e+00 7.368454e-02 -1.480620e-02 9.971717e-01 -4.114028e+00
9.969431e-01 2.258287e-02 -7.479616e-02 1.272583e+02 -2.137687e-02 9.996289e-01 1.688545e-02 -5.842552e+00 7.514972e-02 -1.523493e-02 9.970559e-01 -4.149084e+00
9.969257e-01 2.140727e-02 -7.537226e-02 1.283844e+02 -2.008701e-02 9.996319e-01 1.823131e-02 -5.863946e+00 7.573480e-02 -1.666125e-02 9.969888e-01 -4.181843e+00
9.968166e-01 1.997088e-02 -7.718708e-02 1.295276e+02 -1.849043e-02 9.996320e-01 1.984731e-02 -5.893273e+00 7.755505e-02 -1.835690e-02 9.968191e-01 -4.233377e+00
9.968037e-01 1.776755e-02 -7.788886e-02 1.306557e+02 -1.634447e-02 9.996884e-01 1.887023e-02 -5.928772e+00 7.819986e-02 -1.753686e-02 9.967834e-01 -4.263136e+00
9.968481e-01 1.613240e-02 -7.767610e-02 1.317987e+02 -1.471080e-02 9.997145e-01 1.883927e-02 -5.945402e+00 7.795783e-02 -1.763721e-02 9.968007e-01 -4.309330e+00
9.970177e-01 1.392183e-02 -7.590764e-02 1.329317e+02 -1.265654e-02 9.997733e-01 1.712452e-02 -5.971828e+00 7.612883e-02 -1.611272e-02 9.969678e-01 -4.337251e+00
9.972227e-01 1.117372e-02 -7.363409e-02 1.340893e+02 -9.757736e-03 9.997609e-01 1.956173e-02 -5.993420e+00 7.383507e-02 -1.878890e-02 9.970934e-01 -4.393158e+00
9.973462e-01 7.399167e-03 -7.242802e-02 1.352273e+02 -5.938535e-03 9.997752e-01 2.036129e-02 -6.018266e+00 7.256238e-02 -1.987714e-02 9.971658e-01 -4.424380e+00
9.976143e-01 2.813886e-03 -6.897607e-02 1.363826e+02 -1.455622e-03 9.998043e-01 1.973418e-02 -6.012538e+00 6.901809e-02 -1.958670e-02 9.974231e-01 -4.468141e+00
9.975464e-01 -2.004071e-03 -6.997953e-02 1.375336e+02 3.244088e-03 9.998395e-01 1.761056e-02 -6.017063e+00 6.993302e-02 -1.779437e-02 9.973930e-01 -4.499207e+00
9.976553e-01 -6.897186e-03 -6.809011e-02 1.386732e+02 8.026665e-03 9.998344e-01 1.632838e-02 -6.009357e+00 6.796622e-02 -1.683664e-02 9.975455e-01 -4.545494e+00
9.975569e-01 -1.145650e-02 -6.891233e-02 1.398458e+02 1.248755e-02 9.998163e-01 1.454962e-02 -6.010442e+00 6.873298e-02 -1.537462e-02 9.975166e-01 -4.587296e+00
9.974768e-01 -1.669160e-02 -6.900407e-02 1.409807e+02 1.780543e-02 9.997203e-01 1.555815e-02 -5.996589e+00 6.872509e-02 -1.674754e-02 9.974951e-01 -4.614004e+00
9.974289e-01 -2.171710e-02 -6.829335e-02 1.421542e+02 2.297135e-02 9.995805e-01 1.763403e-02 -5.974419e+00 6.788175e-02 -1.915748e-02 9.975094e-01 -4.657350e+00
9.972590e-01 -2.718685e-02 -6.881400e-02 1.433209e+02 2.848359e-02 9.994335e-01 1.793331e-02 -5.955994e+00 6.828745e-02 -1.984423e-02 9.974683e-01 -4.697792e+00
9.971125e-01 -3.118017e-02 -6.924225e-02 1.444959e+02 3.257627e-02 9.992863e-01 1.912542e-02 -5.922103e+00 6.859650e-02 -2.132585e-02 9.974166e-01 -4.745995e+00
9.968288e-01 -3.671018e-02 -7.060257e-02 1.456801e+02 3.807622e-02 9.991108e-01 1.810023e-02 -5.885241e+00 6.987533e-02 -2.073111e-02 9.973403e-01 -4.790948e+00
9.965274e-01 -4.139708e-02 -7.224488e-02 1.468757e+02 4.285818e-02 9.989045e-01 1.879195e-02 -5.833968e+00 7.138780e-02 -2.182298e-02 9.972099e-01 -4.835773e+00
9.962848e-01 -4.610643e-02 -7.273689e-02 1.480621e+02 4.764700e-02 9.986722e-01 1.958814e-02 -5.785401e+00 7.173717e-02 -2.298106e-02 9.971588e-01 -4.867222e+00
9.959467e-01 -5.126264e-02 -7.390714e-02 1.492452e+02 5.296683e-02 9.983693e-01 2.128457e-02 -5.717839e+00 7.269553e-02 -2.511293e-02 9.970379e-01 -4.912071e+00
9.955976e-01 -5.576891e-02 -7.533449e-02 1.504360e+02 5.747551e-02 9.981327e-01 2.067724e-02 -5.651088e+00 7.404068e-02 -2.491610e-02 9.969439e-01 -4.949535e+00
9.953573e-01 -6.057115e-02 -7.479881e-02 1.516507e+02 6.214219e-02 9.978893e-01 1.885573e-02 -5.581669e+00 7.349880e-02 -2.341635e-02 9.970204e-01 -4.993831e+00
9.951124e-01 -6.528597e-02 -7.408825e-02 1.528743e+02 6.678551e-02 9.976060e-01 1.794371e-02 -5.512183e+00 7.273941e-02 -2.280403e-02 9.970902e-01 -5.042599e+00
9.950794e-01 -6.761637e-02 -7.242279e-02 1.540742e+02 6.927083e-02 9.973855e-01 2.057885e-02 -5.451066e+00 7.084199e-02 -2.549438e-02 9.971617e-01 -5.086958e+00
9.949343e-01 -7.071906e-02 -7.144586e-02 1.552744e+02 7.259255e-02 9.970735e-01 2.397226e-02 -5.368225e+00 6.954148e-02 -2.903726e-02 9.971564e-01 -5.131730e+00
9.948773e-01 -7.246459e-02 -7.048456e-02 1.564880e+02 7.436956e-02 9.969229e-01 2.478542e-02 -5.292325e+00 6.847159e-02 -2.990036e-02 9.972049e-01 -5.186419e+00
9.944943e-01 -7.644871e-02 -7.167079e-02 1.577211e+02 7.825488e-02 9.966741e-01 2.273713e-02 -5.201775e+00 6.969420e-02 -2.822054e-02 9.971691e-01 -5.234354e+00
9.942824e-01 -7.844876e-02 -7.244495e-02 1.589357e+02 8.015382e-02 9.965627e-01 2.093213e-02 -5.113777e+00 7.055383e-02 -2.661918e-02 9.971527e-01 -5.287406e+00
9.938635e-01 -8.101561e-02 -7.531189e-02 1.601747e+02 8.271819e-02 9.963771e-01 1.976434e-02 -5.003299e+00 7.343782e-02 -2.587272e-02 9.969642e-01 -5.333287e+00
9.936028e-01 -8.242655e-02 -7.719646e-02 1.613968e+02 8.404931e-02 9.962988e-01 1.800809e-02 -4.901447e+00 7.542640e-02 -2.438120e-02 9.968532e-01 -5.383389e+00
9.931520e-01 -8.409985e-02 -8.109474e-02 1.626361e+02 8.576202e-02 9.961667e-01 1.722991e-02 -4.804429e+00 7.933484e-02 -2.406677e-02 9.965575e-01 -5.413992e+00
9.929854e-01 -8.562898e-02 -8.153301e-02 1.638785e+02 8.722269e-02 9.960574e-01 1.618338e-02 -4.685647e+00 7.982579e-02 -2.318139e-02 9.965392e-01 -5.462268e+00
9.926073e-01 -8.757853e-02 -8.402866e-02 1.651121e+02 8.908724e-02 9.959202e-01 1.436911e-02 -4.593439e+00 8.242741e-02 -2.174876e-02 9.963597e-01 -5.493845e+00
9.924321e-01 -8.996461e-02 -8.357530e-02 1.663602e+02 9.142942e-02 9.957150e-01 1.386030e-02 -4.476795e+00 8.197025e-02 -2.139665e-02 9.964051e-01 -5.541721e+00
9.920602e-01 -9.179675e-02 -8.596443e-02 1.676147e+02 9.362748e-02 9.954534e-01 1.750389e-02 -4.358532e+00 8.396678e-02 -2.541354e-02 9.961444e-01 -5.573372e+00
9.918526e-01 -9.350790e-02 -8.651353e-02 1.688646e+02 9.548573e-02 9.952494e-01 1.900397e-02 -4.233142e+00 8.432552e-02 -2.710994e-02 9.960694e-01 -5.621941e+00
9.914235e-01 -9.509775e-02 -8.964235e-02 1.701131e+02 9.716924e-02 9.950860e-01 1.902475e-02 -4.131063e+00 8.739263e-02 -2.757206e-02 9.957923e-01 -5.667577e+00
9.910401e-01 -9.832542e-02 -9.039787e-02 1.713715e+02 1.002023e-01 9.948311e-01 1.645298e-02 -3.992646e+00 8.831286e-02 -2.536364e-02 9.957698e-01 -5.708518e+00
9.909332e-01 -9.948194e-02 -9.030382e-02 1.726105e+02 1.013950e-01 9.947038e-01 1.683849e-02 -3.880871e+00 8.815042e-02 -2.584217e-02 9.957719e-01 -5.756093e+00
9.907178e-01 -1.015735e-01 -9.033887e-02 1.738606e+02 1.035169e-01 9.944811e-01 1.708083e-02 -3.767535e+00 8.810534e-02 -2.627387e-02 9.957646e-01 -5.806823e+00
9.906383e-01 -1.031001e-01 -8.947709e-02 1.751043e+02 1.051056e-01 9.942985e-01 1.798733e-02 -3.645257e+00 8.711243e-02 -2.722348e-02 9.958264e-01 -5.844147e+00
9.906411e-01 -1.051465e-01 -8.703098e-02 1.763619e+02 1.068948e-01 9.941468e-01 1.566510e-02 -3.499690e+00 8.487445e-02 -2.482165e-02 9.960824e-01 -5.881080e+00
9.904584e-01 -1.071010e-01 -8.672687e-02 1.776119e+02 1.086889e-01 9.939802e-01 1.378453e-02 -3.375611e+00 8.472846e-02 -2.307925e-02 9.961368e-01 -5.927986e+00
9.903691e-01 -1.088530e-01 -8.555659e-02 1.788546e+02 1.103751e-01 9.938017e-01 1.325143e-02 -3.238049e+00 8.358382e-02 -2.256712e-02 9.962452e-01 -5.964494e+00
9.901206e-01 -1.118790e-01 -8.452333e-02 1.800977e+02 1.133589e-01 9.934703e-01 1.290156e-02 -3.104942e+00 8.252800e-02 -2.235557e-02 9.963380e-01 -6.009461e+00
9.900268e-01 -1.134320e-01 -8.354706e-02 1.813389e+02 1.150229e-01 9.932574e-01 1.446502e-02 -2.973119e+00 8.134295e-02 -2.393058e-02 9.963989e-01 -6.050053e+00
9.900407e-01 -1.148539e-01 -8.141259e-02 1.825762e+02 1.165025e-01 9.930650e-01 1.578088e-02 -2.826864e+00 7.903550e-02 -2.510849e-02 9.965556e-01 -6.090343e+00
9.898955e-01 -1.163009e-01 -8.112322e-02 1.838153e+02 1.179466e-01 9.928945e-01 1.578131e-02 -2.698011e+00 7.871142e-02 -2.519005e-02 9.965791e-01 -6.128000e+00
9.897748e-01 -1.191319e-01 -7.844373e-02 1.850826e+02 1.205366e-01 9.926183e-01 1.340562e-02 -2.566581e+00 7.626765e-02 -2.272389e-02 9.968284e-01 -6.174595e+00
9.897577e-01 -1.201019e-01 -7.717086e-02 1.863020e+02 1.213814e-01 9.925323e-01 1.209204e-02 -2.419579e+00 7.514229e-02 -2.133530e-02 9.969445e-01 -6.223223e+00
9.897318e-01 -1.221557e-01 -7.422209e-02 1.875393e+02 1.234129e-01 9.922757e-01 1.257774e-02 -2.273976e+00 7.211234e-02 -2.160855e-02 9.971624e-01 -6.256768e+00
9.897125e-01 -1.229900e-01 -7.309274e-02 1.887593e+02 1.243386e-01 9.921386e-01 1.417789e-02 -2.135323e+00 7.077438e-02 -2.312028e-02 9.972244e-01 -6.301401e+00
9.897267e-01 -1.237920e-01 -7.153098e-02 1.899985e+02 1.251126e-01 9.920399e-01 1.426843e-02 -1.976539e+00 6.919527e-02 -2.307127e-02 9.973363e-01 -6.337106e+00
9.897854e-01 -1.233208e-01 -7.153224e-02 1.912221e+02 1.246798e-01 9.920861e-01 1.483825e-02 -1.817318e+00 6.913627e-02 -2.360531e-02 9.973279e-01 -6.377035e+00
9.902445e-01 -1.219880e-01 -6.734020e-02 1.924468e+02 1.233099e-01 9.922420e-01 1.581997e-02 -1.688258e+00 6.488793e-02 -2.396936e-02 9.976047e-01 -6.409473e+00
9.903661e-01 -1.220023e-01 -6.550128e-02 1.936774e+02 1.233882e-01 9.922035e-01 1.753107e-02 -1.545642e+00 6.285178e-02 -2.544426e-02 9.976985e-01 -6.454376e+00
9.905899e-01 -1.219903e-01 -6.204779e-02 1.948942e+02 1.232775e-01 9.922209e-01 1.734364e-02 -1.403771e+00 5.944934e-02 -2.482953e-02 9.979225e-01 -6.500512e+00
9.908254e-01 -1.213051e-01 -5.958249e-02 1.961099e+02 1.225694e-01 9.922960e-01 1.803079e-02 -1.265540e+00 5.693625e-02 -2.516836e-02 9.980605e-01 -6.548984e+00
9.911328e-01 -1.197959e-01 -5.748684e-02 1.973224e+02 1.209830e-01 9.924982e-01 1.762228e-02 -1.139326e+00 5.494450e-02 -2.442094e-02 9.981907e-01 -6.581084e+00
9.914581e-01 -1.187694e-01 -5.389410e-02 1.985332e+02 1.199375e-01 9.926001e-01 1.897236e-02 -1.000271e+00 5.124196e-02 -2.527422e-02 9.983664e-01 -6.636222e+00
9.917607e-01 -1.174243e-01 -5.120868e-02 1.997456e+02 1.184920e-01 9.927858e-01 1.832782e-02 -8.604393e-01 4.868712e-02 -2.424463e-02 9.985198e-01 -6.682277e+00
9.919949e-01 -1.163489e-01 -4.908209e-02 2.009653e+02 1.173169e-01 9.929436e-01 1.731586e-02 -7.419931e-01 4.672106e-02 -2.293541e-02 9.986446e-01 -6.732396e+00
9.921508e-01 -1.156416e-01 -4.757964e-02 2.021516e+02 1.165720e-01 9.930323e-01 1.725828e-02 -6.044393e-01 4.525234e-02 -2.266927e-02 9.987183e-01 -6.780668e+00
9.922745e-01 -1.155341e-01 -4.520303e-02 2.033431e+02 1.164823e-01 9.930124e-01 1.892933e-02 -4.799463e-01 4.270019e-02 -2.404844e-02 9.987985e-01 -6.834307e+00
9.923177e-01 -1.145023e-01 -4.684987e-02 2.045344e+02 1.155255e-01 9.931083e-01 1.973905e-02 -3.434054e-01 4.426682e-02 -2.499976e-02 9.987069e-01 -6.884126e+00
9.923682e-01 -1.142691e-01 -4.634527e-02 2.057154e+02 1.152698e-01 9.931425e-01 1.951889e-02 -2.170411e-01 4.379705e-02 -2.471213e-02 9.987348e-01 -6.922882e+00
9.924011e-01 -1.138751e-01 -4.660987e-02 2.068810e+02 1.148923e-01 9.931815e-01 1.975186e-02 -8.900901e-02 4.404281e-02 -2.495688e-02 9.987178e-01 -6.972764e+00
9.924602e-01 -1.137933e-01 -4.553958e-02 2.080653e+02 1.147492e-01 9.932138e-01 1.895070e-02 3.086585e-02 4.307408e-02 -2.403344e-02 9.987828e-01 -7.017806e+00
9.925495e-01 -1.138118e-01 -4.350170e-02 2.092338e+02 1.147660e-01 9.931893e-01 2.009608e-02 1.606141e-01 4.091825e-02 -2.493886e-02 9.988512e-01 -7.057545e+00
9.926381e-01 -1.137271e-01 -4.166269e-02 2.103947e+02 1.146136e-01 9.932179e-01 1.953637e-02 2.811774e-01 3.915832e-02 -2.416766e-02 9.989407e-01 -7.120715e+00
9.926960e-01 -1.136449e-01 -4.049075e-02 2.115484e+02 1.145477e-01 9.932017e-01 2.071543e-02 3.948289e-01 3.786129e-02 -2.520225e-02 9.989651e-01 -7.153800e+00
9.926241e-01 -1.142886e-01 -4.044145e-02 2.126942e+02 1.151348e-01 9.931636e-01 1.924468e-02 5.276398e-01 3.796553e-02 -2.375895e-02 9.989966e-01 -7.208211e+00
9.925488e-01 -1.153618e-01 -3.922293e-02 2.138274e+02 1.162166e-01 9.930174e-01 2.025334e-02 6.499233e-01 3.661259e-02 -2.466078e-02 9.990252e-01 -7.251362e+00
9.924063e-01 -1.165219e-01 -3.940028e-02 2.149671e+02 1.173503e-01 9.929011e-01 1.940044e-02 7.781095e-01 3.686000e-02 -2.387675e-02 9.990352e-01 -7.303845e+00
9.923520e-01 -1.174678e-01 -3.793135e-02 2.160840e+02 1.182974e-01 9.927684e-01 2.041568e-02 8.984873e-01 3.525886e-02 -2.474672e-02 9.990718e-01 -7.369245e+00
9.921960e-01 -1.188301e-01 -3.776767e-02 2.172138e+02 1.197848e-01 9.925073e-01 2.410125e-02 1.023051e+00 3.462073e-02 -2.843716e-02 9.989958e-01 -7.397175e+00
9.920242e-01 -1.205414e-01 -3.684808e-02 2.183319e+02 1.214478e-01 9.923214e-01 2.342848e-02 1.146148e+00 3.374103e-02 -2.771673e-02 9.990462e-01 -7.460672e+00
9.917454e-01 -1.230779e-01 -3.595892e-02 2.194361e+02 1.239795e-01 9.919943e-01 2.401370e-02 1.278820e+00 3.271548e-02 -2.827364e-02 9.990647e-01 -7.489659e+00
9.913249e-01 -1.266043e-01 -3.530288e-02 2.205330e+02 1.273974e-01 9.916252e-01 2.119534e-02 1.405493e+00 3.232380e-02 -2.550897e-02 9.991519e-01 -7.541277e+00
9.909165e-01 -1.303147e-01 -3.320509e-02 2.216248e+02 1.310540e-01 9.911495e-01 2.114791e-02 1.543797e+00 3.015533e-02 -2.530747e-02 9.992248e-01 -7.591053e+00
9.904376e-01 -1.341011e-01 -3.240921e-02 2.227189e+02 1.348354e-01 9.906316e-01 2.163810e-02 1.682495e+00 2.920389e-02 -2.580110e-02 9.992405e-01 -7.637217e+00
9.897769e-01 -1.388445e-01 -3.261710e-02 2.237986e+02 1.395509e-01 9.900031e-01 2.047295e-02 1.831524e+00 2.944848e-02 -2.481540e-02 9.992582e-01 -7.688011e+00
9.891992e-01 -1.431492e-01 -3.151747e-02 2.248645e+02 1.438839e-01 9.893408e-01 2.241686e-02 1.980695e+00 2.797256e-02 -2.670960e-02 9.992518e-01 -7.736533e+00
9.885882e-01 -1.470634e-01 -3.264692e-02 2.259094e+02 1.478609e-01 9.887285e-01 2.351418e-02 2.124685e+00 2.882087e-02 -2.807304e-02 9.991903e-01 -7.783156e+00
9.881321e-01 -1.500697e-01 -3.277175e-02 2.269614e+02 1.508735e-01 9.882714e-01 2.359928e-02 2.279086e+00 2.884584e-02 -2.826360e-02 9.991842e-01 -7.831884e+00
9.877416e-01 -1.519578e-01 -3.571213e-02 2.280013e+02 1.528556e-01 9.879593e-01 2.390453e-02 2.430576e+00 3.164965e-02 -2.907030e-02 9.990762e-01 -7.882106e+00
9.875593e-01 -1.528469e-01 -3.693916e-02 2.290204e+02 1.537243e-01 9.878645e-01 2.219328e-02 2.586215e+00 3.309872e-02 -2.759563e-02 9.990711e-01 -7.923462e+00
9.874470e-01 -1.532324e-01 -3.831746e-02 2.300507e+02 1.541275e-01 9.878149e-01 2.159529e-02 2.742606e+00 3.454147e-02 -2.722998e-02 9.990323e-01 -7.971243e+00
9.874457e-01 -1.532692e-01 -3.820558e-02 2.310638e+02 1.541155e-01 9.878447e-01 2.027296e-02 2.884251e+00 3.463397e-02 -2.590652e-02 9.990642e-01 -8.008115e+00
9.872827e-01 -1.542814e-01 -3.834259e-02 2.320563e+02 1.551401e-01 9.876795e-01 2.051251e-02 3.040354e+00 3.470549e-02 -2.620012e-02 9.990541e-01 -8.059742e+00
9.871854e-01 -1.544330e-01 -4.019247e-02 2.330535e+02 1.553261e-01 9.876584e-01 2.011975e-02 3.188090e+00 3.658927e-02 -2.610486e-02 9.989893e-01 -8.102221e+00
9.871833e-01 -1.545091e-01 -3.995148e-02 2.340398e+02 1.554072e-01 9.876393e-01 2.042674e-02 3.336597e+00 3.630154e-02 -2.637368e-02 9.989928e-01 -8.140935e+00
9.871966e-01 -1.538047e-01 -4.227296e-02 2.350095e+02 1.546948e-01 9.877865e-01 1.864099e-02 3.477155e+00 3.888959e-02 -2.494173e-02 9.989322e-01 -8.186445e+00
9.872988e-01 -1.527894e-01 -4.354731e-02 2.359881e+02 1.537416e-01 9.879205e-01 1.940489e-02 3.627774e+00 4.005643e-02 -2.585345e-02 9.988629e-01 -8.227799e+00
9.875124e-01 -1.506753e-01 -4.600399e-02 2.369219e+02 1.516550e-01 9.882587e-01 1.858540e-02 3.769942e+00 4.266348e-02 -2.533005e-02 9.987683e-01 -8.258049e+00
9.878667e-01 -1.481009e-01 -4.674990e-02 2.378522e+02 1.491103e-01 9.886403e-01 1.887900e-02 3.898037e+00 4.342284e-02 -2.562083e-02 9.987282e-01 -8.302361e+00
9.882688e-01 -1.454698e-01 -4.651226e-02 2.388070e+02 1.464373e-01 9.890542e-01 1.810027e-02 4.030367e+00 4.337011e-02 -2.469906e-02 9.987537e-01 -8.333747e+00
9.887351e-01 -1.429130e-01 -4.448438e-02 2.397316e+02 1.438371e-01 9.894321e-01 1.829962e-02 4.154609e+00 4.139902e-02 -2.449198e-02 9.988425e-01 -8.389203e+00
9.890434e-01 -1.401028e-01 -4.652228e-02 2.406329e+02 1.411095e-01 9.898099e-01 1.909463e-02 4.273097e+00 4.337300e-02 -2.545016e-02 9.987347e-01 -8.421899e+00
9.896332e-01 -1.365891e-01 -4.437933e-02 2.415345e+02 1.375259e-01 9.903202e-01 1.877679e-02 4.391601e+00 4.138504e-02 -2.468545e-02 9.988383e-01 -8.457162e+00
9.901327e-01 -1.324288e-01 -4.582284e-02 2.424107e+02 1.333484e-01 9.909126e-01 1.761651e-02 4.498094e+00 4.307350e-02 -2.355309e-02 9.987943e-01 -8.493011e+00
9.907368e-01 -1.280953e-01 -4.508001e-02 2.433019e+02 1.289497e-01 9.915127e-01 1.657351e-02 4.612692e+00 4.257441e-02 -2.223304e-02 9.988459e-01 -8.527772e+00
9.912950e-01 -1.246481e-01 -4.239038e-02 2.441518e+02 1.254351e-01 9.919657e-01 1.643263e-02 4.706120e+00 4.000151e-02 -2.160683e-02 9.989660e-01 -8.562348e+00
9.916573e-01 -1.218936e-01 -4.192663e-02 2.450020e+02 1.227419e-01 9.922702e-01 1.827988e-02 4.805865e+00 3.937434e-02 -2.327353e-02 9.989535e-01 -8.603994e+00
9.921295e-01 -1.183682e-01 -4.084062e-02 2.458347e+02 1.191862e-01 9.927051e-01 1.820252e-02 4.886854e+00 3.838809e-02 -2.292689e-02 9.989998e-01 -8.639545e+00
9.924601e-01 -1.152903e-01 -4.160507e-02 2.466616e+02 1.162478e-01 9.929903e-01 2.137190e-02 4.985820e+00 3.884946e-02 -2.604726e-02 9.989055e-01 -8.682774e+00
9.928303e-01 -1.120091e-01 -4.173514e-02 2.474787e+02 1.129888e-01 9.933550e-01 2.189727e-02 5.073102e+00 3.900511e-02 -2.645588e-02 9.988887e-01 -8.710340e+00
9.931096e-01 -1.097423e-01 -4.110748e-02 2.482826e+02 1.107904e-01 9.935504e-01 2.414387e-02 5.149563e+00 3.819275e-02 -2.853183e-02 9.988630e-01 -8.756178e+00
9.933044e-01 -1.082121e-01 -4.045478e-02 2.490620e+02 1.092425e-01 9.937208e-01 2.418436e-02 5.226370e+00 3.758372e-02 -2.844182e-02 9.988887e-01 -8.777742e+00
9.934153e-01 -1.078412e-01 -3.868248e-02 2.498289e+02 1.088264e-01 9.937630e-01 2.433120e-02 5.307354e+00 3.581730e-02 -2.838066e-02 9.989553e-01 -8.819126e+00
9.933659e-01 -1.083345e-01 -3.857039e-02 2.506142e+02 1.092951e-01 9.937260e-01 2.372765e-02 5.388239e+00 3.575788e-02 -2.778580e-02 9.989741e-01 -8.847008e+00
9.934579e-01 -1.076438e-01 -3.813438e-02 2.513639e+02 1.085643e-01 9.938246e-01 2.294509e-02 5.454163e+00 3.542898e-02 -2.693501e-02 9.990091e-01 -8.892266e+00
9.935619e-01 -1.068780e-01 -3.757465e-02 2.521075e+02 1.078010e-01 9.938956e-01 2.345869e-02 5.533659e+00 3.483807e-02 -2.735825e-02 9.990184e-01 -8.916801e+00
9.936960e-01 -1.063546e-01 -3.545174e-02 2.528456e+02 1.072020e-01 9.939731e-01 2.291976e-02 5.597294e+00 3.280045e-02 -2.657577e-02 9.991086e-01 -8.958180e+00
9.937686e-01 -1.058641e-01 -3.488158e-02 2.535795e+02 1.067406e-01 9.939898e-01 2.429964e-02 5.670323e+00 3.209948e-02 -2.787150e-02 9.990960e-01 -8.981838e+00
9.938841e-01 -1.050280e-01 -3.411012e-02 2.542917e+02 1.058868e-01 9.940783e-01 2.442468e-02 5.741446e+00 3.134285e-02 -2.788711e-02 9.991196e-01 -9.023608e+00
9.939582e-01 -1.046634e-01 -3.305451e-02 2.550110e+02 1.055541e-01 9.940617e-01 2.645537e-02 5.803900e+00 3.008931e-02 -2.978457e-02 9.991034e-01 -9.055511e+00
9.940892e-01 -1.033823e-01 -3.314797e-02 2.557163e+02 1.042815e-01 9.941906e-01 2.665016e-02 5.880059e+00 3.020025e-02 -2.994936e-02 9.990951e-01 -9.094957e+00
9.943107e-01 -1.012571e-01 -3.306347e-02 2.564113e+02 1.021923e-01 9.943721e-01 2.793659e-02 5.944355e+00 3.004862e-02 -3.115648e-02 9.990627e-01 -9.139963e+00
9.945505e-01 -9.924158e-02 -3.194487e-02 2.571053e+02 1.001529e-01 9.945691e-01 2.831511e-02 6.003909e+00 2.896135e-02 -3.136018e-02 9.990885e-01 -9.158464e+00
9.946475e-01 -9.822890e-02 -3.205327e-02 2.577882e+02 9.914067e-02 9.946734e-01 2.821415e-02 6.072456e+00 2.911109e-02 -3.124092e-02 9.990879e-01 -9.193088e+00
9.948797e-01 -9.596580e-02 -3.170208e-02 2.584697e+02 9.688123e-02 9.948814e-01 2.872306e-02 6.125150e+00 2.878338e-02 -3.164732e-02 9.990846e-01 -9.230067e+00
9.951499e-01 -9.293844e-02 -3.223460e-02 2.591329e+02 9.387802e-02 9.951620e-01 2.897164e-02 6.180933e+00 2.938608e-02 -3.185725e-02 9.990603e-01 -9.255978e+00
9.953489e-01 -9.072483e-02 -3.239828e-02 2.597949e+02 9.169857e-02 9.953363e-01 2.995072e-02 6.234269e+00 2.952991e-02 -3.278229e-02 9.990262e-01 -9.282613e+00
9.955519e-01 -8.896809e-02 -3.100193e-02 2.604619e+02 8.989511e-02 9.955020e-01 2.991230e-02 6.285001e+00 2.820124e-02 -3.256617e-02 9.990717e-01 -9.321342e+00
9.957296e-01 -8.750782e-02 -2.940951e-02 2.611035e+02 8.840656e-02 9.956086e-01 3.078906e-02 6.327283e+00 2.658608e-02 -3.325757e-02 9.990932e-01 -9.346819e+00
9.957279e-01 -8.778408e-02 -2.863356e-02 2.617538e+02 8.863741e-02 9.956111e-01 3.003269e-02 6.381775e+00 2.587149e-02 -3.244239e-02 9.991387e-01 -9.389938e+00
9.957137e-01 -8.830708e-02 -2.749623e-02 2.623972e+02 8.913380e-02 9.955540e-01 3.045021e-02 6.433407e+00 2.468502e-02 -3.277054e-02 9.991580e-01 -9.422249e+00
9.955829e-01 -8.939395e-02 -2.869544e-02 2.630290e+02 9.024978e-02 9.954655e-01 3.005884e-02 6.488907e+00 2.587824e-02 -3.251582e-02 9.991361e-01 -9.452563e+00
9.955295e-01 -8.999929e-02 -2.865625e-02 2.636639e+02 9.084605e-02 9.954203e-01 2.975993e-02 6.540243e+00 2.584664e-02 -3.223019e-02 9.991462e-01 -9.489076e+00
9.954987e-01 -9.015286e-02 -2.923876e-02 2.642784e+02 9.102775e-02 9.953929e-01 3.011356e-02 6.603773e+00 2.638923e-02 -3.263954e-02 9.991187e-01 -9.520751e+00
9.955364e-01 -8.998775e-02 -2.844877e-02 2.648770e+02 9.083010e-02 9.954190e-01 2.984893e-02 6.646086e+00 2.563240e-02 -3.229970e-02 9.991495e-01 -9.552404e+00
9.956320e-01 -8.910336e-02 -2.788309e-02 2.655020e+02 8.992987e-02 9.954981e-01 2.994077e-02 6.692049e+00 2.508974e-02 -3.231751e-02 9.991627e-01 -9.580672e+00
9.956502e-01 -8.940795e-02 -2.621005e-02 2.661115e+02 9.016219e-02 9.955001e-01 2.916339e-02 6.735026e+00 2.348467e-02 -3.139969e-02 9.992310e-01 -9.606864e+00
9.957037e-01 -8.893105e-02 -2.579552e-02 2.666978e+02 8.967372e-02 9.955424e-01 2.922328e-02 6.785897e+00 2.308168e-02 -3.141091e-02 9.992400e-01 -9.637169e+00
9.957781e-01 -8.848524e-02 -2.441780e-02 2.673036e+02 8.916512e-02 9.956142e-01 2.832066e-02 6.834599e+00 2.180474e-02 -3.037830e-02 9.993006e-01 -9.664761e+00
9.958140e-01 -8.784730e-02 -2.524471e-02 2.678920e+02 8.857990e-02 9.956311e-01 2.953491e-02 6.883499e+00 2.253986e-02 -3.164745e-02 9.992449e-01 -9.700153e+00
9.959242e-01 -8.670260e-02 -2.485171e-02 2.684833e+02 8.743255e-02 9.957196e-01 2.996650e-02 6.923516e+00 2.214716e-02 -3.201721e-02 9.992419e-01 -9.731503e+00
