1.000000e+00 0.000000e+00 0.000000e+00 0.000000e+00 0.000000e+00 1.000000e+00 0.000000e+00 0.000000e+00 0.000000e+00 0.000000e+00 1.000000e+00 0.000000e+00
9.999987e-01 1.556983e-03 -4.030059e-04 8.448035e-01 -1.557015e-03 9.999989e-01 -7.959011e-05 -6.907461e-02 4.028815e-04 8.021748e-05 9.999999e-01 -1.038670e-02
9.999990e-01 8.037005e-04 -1.147115e-03 1.491263e+00 -8.057603e-04 9.999981e-01 -1.796271e-03 -9.845499e-02 1.145669e-03 1.797194e-03 9.999977e-01 -4.660751e-02
9.999971e-01 -1.566110e-03 -1.822891e-03 2.304486e+00 1.565793e-03 9.999988e-01 -1.754293e-04 -1.309472e-01 1.823163e-03 1.725746e-04 9.999983e-01 -4.725663e-02
9.999918e-01 1.026633e-03 -3.904755e-03 2.543933e+00 -1.028608e-03 9.999993e-01 -5.039573e-04 -1.824425e-01 3.904235e-03 5.079696e-04 9.999923e-01 -5.915908e-02
9.999799e-01 5.556884e-03 -3.052521e-03 2.658694e+00 -5.561671e-03 9.999834e-01 -1.561935e-03 -2.592230e-01 3.043791e-03 1.578880e-03 9.999941e-01 -5.218760e-02
9.998836e-01 1.415295e-02 -5.695741e-03 2.467153e+00 -1.416274e-02 9.998983e-01 -1.681984e-03 -3.565353e-01 5.671356e-03 1.762456e-03 9.999824e-01 -5.074874e-02
9.997906e-01 2.033655e-02 -2.278463e-03 2.386720e+00 -2.034122e-02 9.997910e-01 -2.046741e-03 -4.337710e-01 2.236363e-03 2.092659e-03 9.999953e-01 -5.176570e-02
9.997807e-01 2.073365e-02 2.942114e-03 2.757142e+00 -2.072197e-02 9.997774e-01 -3.945410e-03 -5.065514e-01 -3.023262e-03 3.883579e-03 9.999879e-01 -4.851375e-02
9.997306e-01 2.216386e-02 6.891363e-03 3.004081e+00 -2.213437e-02 9.997456e-01 -4.326632e-03 -5.774727e-01 -6.985505e-03 4.172930e-03 9.999669e-01 -3.580684e-02
9.997277e-01 2.092098e-02 1.033873e-02 3.528066e+00 -2.088056e-02 9.997740e-01 -4.001561e-03 -6.361926e-01 -1.042011e-02 3.784593e-03 9.999385e-01 -2.374227e-02
9.996539e-01 2.452688e-02 9.518729e-03 3.776706e+00 -2.450515e-02 9.996967e-01 -2.393144e-03 -7.035863e-01 -9.574539e-03 2.159058e-03 9.999518e-01 -3.136913e-02
9.995776e-01 2.760077e-02 9.105627e-03 3.969011e+00 -2.759624e-02 9.996190e-01 -6.228227e-04 -7.548144e-01 -9.119348e-03 3.712785e-04 9.999583e-01 -2.873635e-02
9.992012e-01 3.995869e-02 4.378900e-04 3.614060e+00 -3.995863e-02 9.992013e-01 -1.525781e-04 -8.641694e-01 -4.436371e-04 1.349588e-04 9.999999e-01 -3.892093e-02
9.990529e-01 4.325717e-02 4.710205e-03 4.119351e+00 -4.324705e-02 9.990618e-01 -2.231369e-03 -9.075226e-01 -4.802309e-03 2.025553e-03 9.999864e-01 -3.407809e-02
9.985854e-01 5.303167e-02 3.856205e-03 4.388227e+00 -5.302279e-02 9.985905e-01 -2.370927e-03 -1.033059e+00 -3.976504e-03 2.163106e-03 9.999897e-01 -4.181664e-02
9.982349e-01 5.924337e-02 4.166854e-03 4.481201e+00 -5.923283e-02 9.982407e-01 -2.610337e-03 -1.122711e+00 -4.314169e-03 2.358915e-03 9.999879e-01 -5.876168e-02
9.976121e-01 6.840288e-02 9.549781e-03 4.789485e+00 -6.839398e-02 9.976578e-01 -1.255595e-03 -1.258909e+00 -9.613297e-03 5.994496e-04 9.999536e-01 -4.642898e-02
9.973567e-01 7.226253e-02 7.603863e-03 4.978987e+00 -7.225366e-02 9.973854e-01 -1.434785e-03 -1.333631e+00 -7.687663e-03 8.815855e-04 9.999701e-01 -6.878461e-02
9.959770e-01 8.960792e-02 -4.805753e-04 4.799396e+00 -8.960830e-02 9.959767e-01 -8.607039e-04 -1.484997e+00 4.015159e-04 9.003048e-04 9.999995e-01 -1.048958e-01
9.945679e-01 1.038822e-01 -6.576876e-03 5.030952e+00 -1.039123e-01 9.945767e-01 -4.402030e-03 -1.670133e+00 6.083915e-03 5.061536e-03 9.999687e-01 -1.232875e-01
9.937074e-01 1.118857e-01 -5.227043e-03 5.194891e+00 -1.119301e-01 9.936739e-01 -9.153911e-03 -1.763543e+00 4.169784e-03 9.681371e-03 9.999444e-01 -1.230597e-01
9.929910e-01 1.179624e-01 -7.328452e-03 5.534992e+00 -1.180344e-01 9.929558e-01 -1.033037e-02 -1.825634e+00 6.058234e-03 1.112297e-02 9.999198e-01 -1.159871e-01
9.927151e-01 1.202512e-01 -7.510015e-03 5.589513e+00 -1.203315e-01 9.926689e-01 -1.135532e-02 -1.892116e+00 6.089467e-03 1.217629e-02 9.999073e-01 -1.153783e-01
9.954748e-01 9.414916e-02 -1.287852e-02 5.321291e+00 -9.430178e-02 9.954735e-01 -1.180530e-02 -1.969428e+00 1.170877e-02 1.296635e-02 9.998474e-01 -1.222454e-01
9.963078e-01 8.502094e-02 -1.192586e-02 5.222596e+00 -8.515994e-02 9.962990e-01 -1.167503e-02 -2.018788e+00 1.088909e-02 1.264753e-02 9.998607e-01 -1.063046e-01
9.961817e-01 8.634187e-02 -1.292918e-02 5.360699e+00 -8.648467e-02 9.961934e-01 -1.092455e-02 -2.046728e+00 1.193671e-02 1.200101e-02 9.998567e-01 -1.022379e-01
9.958998e-01 8.855971e-02 -1.845913e-02 5.510966e+00 -8.873596e-02 9.960148e-01 -8.957133e-03 -2.104107e+00 1.759233e-02 1.055839e-02 9.997895e-01 -1.054426e-01
9.958537e-01 8.870736e-02 -2.016283e-02 5.264208e+00 -8.881478e-02 9.960380e-01 -4.494469e-03 -2.167863e+00 1.968425e-02 6.266591e-03 9.997866e-01 -1.145429e-01
9.960432e-01 8.581030e-02 -2.312086e-02 5.314467e+00 -8.593839e-02 9.962898e-01 -4.602775e-03 -2.213387e+00 2.264011e-02 6.571531e-03 9.997221e-01 -1.182453e-01
9.964899e-01 8.104090e-02 -2.098161e-02 5.356744e+00 -8.115219e-02 9.966916e-01 -4.506913e-03 -2.215078e+00 2.054695e-02 6.193797e-03 9.997697e-01 -1.196856e-01
9.974664e-01 6.812553e-02 -2.048423e-02 5.321102e+00 -6.821938e-02 9.976625e-01 -3.917360e-03 -2.245885e+00 2.016948e-02 5.304857e-03 9.997825e-01 -1.150096e-01
9.972595e-01 7.170242e-02 -1.822648e-02 5.273163e+00 -7.171398e-02 9.974253e-01 1.888315e-05 -2.301351e+00 1.818090e-02 1.288262e-03 9.998339e-01 -1.293572e-01
9.972948e-01 7.062020e-02 -2.038959e-02 5.342008e+00 -7.059848e-02 9.975034e-01 1.784583e-03 -2.367277e+00 2.046471e-02 -3.402816e-04 9.997905e-01 -1.372992e-01
9.978274e-01 6.264458e-02 -2.040267e-02 5.403188e+00 -6.261105e-02 9.980354e-01 2.278903e-03 -2.369674e+00 2.050535e-02 -9.965197e-04 9.997892e-01 -1.376075e-01
9.981136e-01 5.632883e-02 -2.441742e-02 5.446671e+00 -5.626389e-02 9.984102e-01 3.339313e-03 -2.399975e+00 2.456670e-02 -1.959195e-03 9.996963e-01 -1.727678e-01
9.983596e-01 5.341380e-02 -2.061806e-02 5.389637e+00 -5.337727e-02 9.985719e-01 2.318327e-03 -2.405252e+00 2.071245e-02 -1.213988e-03 9.997847e-01 -1.467534e-01
9.985301e-01 5.048903e-02 -1.971071e-02 5.532075e+00 -5.039781e-02 9.987161e-01 5.097799e-03 -2.421311e+00 1.994279e-02 -4.096929e-03 9.997928e-01 -1.602786e-01
9.983665e-01 5.520767e-02 -1.471108e-02 5.386786e+00 -5.514539e-02 9.984677e-01 4.607052e-03 -2.374412e+00 1.494288e-02 -3.788278e-03 9.998811e-01 -1.539933e-01
9.982170e-01 5.661596e-02 -1.890820e-02 5.574102e+00 -5.653268e-02 9.983888e-01 4.910971e-03 -2.411198e+00 1.915577e-02 -3.833284e-03 9.998091e-01 -1.906738e-01
9.978001e-01 6.513721e-02 -1.233370e-02 5.670658e+00 -6.513683e-02 9.978762e-01 4.327223e-04 -2.384632e+00 1.233570e-02 3.716079e-04 9.999238e-01 -1.795866e-01
9.977189e-01 6.612194e-02 -1.359322e-02 5.545994e+00 -6.611070e-02 9.978113e-01 1.274603e-03 -2.347392e+00 1.364775e-02 -3.730382e-04 9.999068e-01 -1.834564e-01
9.977959e-01 6.516037e-02 -1.254732e-02 5.505357e+00 -6.519219e-02 9.978703e-01 -2.143521e-03 -2.388656e+00 1.238092e-02 2.956783e-03 9.999190e-01 -1.692467e-01
9.972401e-01 7.308765e-02 -1.305013e-02 5.633638e+00 -7.310329e-02 9.973240e-01 -7.253654e-04 -2.391087e+00 1.296220e-02 1.677371e-03 9.999146e-01 -1.875804e-01
9.974265e-01 6.990767e-02 -1.591577e-02 5.527707e+00 -6.996046e-02 9.975458e-01 -2.784495e-03 -2.426831e+00 1.568205e-02 3.890804e-03 9.998695e-01 -1.836852e-01
9.975708e-01 6.837656e-02 -1.330807e-02 5.414768e+00 -6.838420e-02 9.976590e-01 -1.202360e-04 -2.421135e+00 1.326869e-02 1.030006e-03 9.999114e-01 -1.825359e-01
9.975593e-01 6.840400e-02 -1.401315e-02 5.446198e+00 -6.845447e-02 9.976492e-01 -3.153415e-03 -2.405184e+00 1.376450e-02 4.104981e-03 9.998968e-01 -1.679094e-01
9.978840e-01 6.372348e-02 -1.292085e-02 5.519123e+00 -6.372011e-02 9.979676e-01 6.727620e-04 -2.468163e+00 1.293746e-02 1.519797e-04 9.999163e-01 -1.696316e-01
9.978289e-01 6.421826e-02 -1.461004e-02 5.575208e+00 -6.418591e-02 9.979343e-01 2.673118e-03 -2.499581e+00 1.475153e-02 -1.729556e-03 9.998897e-01 -1.578172e-01
9.975214e-01 6.891163e-02 -1.422303e-02 5.510942e+00 -6.883854e-02 9.976125e-01 5.566276e-03 -2.494507e+00 1.457265e-02 -4.573387e-03 9.998834e-01 -1.823563e-01
9.980004e-01 6.187612e-02 -1.289990e-02 5.476863e+00 -6.181354e-02 9.980742e-01 5.194948e-03 -2.504571e+00 1.319650e-02 -4.387171e-03 9.999033e-01 -1.791637e-01
9.985633e-01 5.318994e-02 -6.495559e-03 5.601952e+00 -5.314019e-02 9.985580e-01 7.605357e-03 -2.491372e+00 6.890722e-03 -7.249255e-03 9.999500e-01 -1.658869e-01
9.985207e-01 5.380858e-02 -7.809862e-03 5.606874e+00 -5.373708e-02 9.985137e-01 9.092799e-03 -2.513359e+00 8.287525e-03 -8.659669e-03 9.999282e-01 -1.792193e-01
9.985142e-01 5.443443e-02 -2.490292e-03 5.530046e+00 -5.441099e-02 9.984809e-01 8.672666e-03 -2.539958e+00 2.958601e-03 -8.524282e-03 9.999593e-01 -1.783532e-01
9.985509e-01 5.337350e-02 -6.884994e-03 5.560009e+00 -5.333334e-02 9.985595e-01 5.891143e-03 -2.549922e+00 7.189507e-03 -5.515406e-03 9.999589e-01 -2.254443e-01
9.990237e-01 4.417370e-02 5.172525e-04 5.640180e+00 -4.417396e-02 9.990237e-01 5.098315e-04 -2.572281e+00 -4.942264e-04 -5.321829e-04 9.999998e-01 -1.822404e-01
9.992313e-01 3.920244e-02 3.907378e-05 5.723387e+00 -3.920242e-02 9.992284e-01 2.473777e-03 -2.502043e+00 5.793447e-05 -2.473407e-03 9.999970e-01 -1.691191e-01
9.994747e-01 3.239713e-02 8.480878e-04 5.540872e+00 -3.240056e-02 9.994653e-01 4.397420e-03 -2.493673e+00 -7.051706e-04 -4.422589e-03 9.999900e-01 -1.502367e-01
9.996954e-01 2.415421e-02 -5.067643e-03 5.495199e+00 -2.411006e-02 9.996722e-01 8.600464e-03 -2.498409e+00 5.273720e-03 -8.475663e-03 9.999502e-01 -1.525847e-01
9.996755e-01 2.325988e-02 -1.039119e-02 5.584035e+00 -2.319667e-02 9.997119e-01 6.162574e-03 -2.491920e+00 1.053153e-02 -5.919533e-03 9.999270e-01 -1.737604e-01
9.996511e-01 2.464605e-02 -9.495756e-03 5.539136e+00 -2.458491e-02 9.996766e-01 6.502320e-03 -2.455033e+00 9.652941e-03 -6.266599e-03 9.999338e-01 -1.619302e-01
9.997301e-01 2.005466e-02 -1.173105e-02 5.507080e+00 -1.998323e-02 9.997813e-01 6.174762e-03 -2.382375e+00 1.185231e-02 -5.938671e-03 9.999121e-01 -1.623559e-01
9.996428e-01 2.364117e-02 -1.246354e-02 5.486045e+00 -2.356364e-02 9.997023e-01 6.331562e-03 -2.330330e+00 1.260951e-02 -6.035613e-03 9.999023e-01 -1.466348e-01
9.996728e-01 1.550429e-02 -2.034216e-02 5.531109e+00 -1.533696e-02 9.998475e-01 8.356253e-03 -2.268531e+00 2.046861e-02 -8.041533e-03 9.997582e-01 -1.827341e-01
9.994857e-01 2.465262e-02 -2.050702e-02 5.406262e+00 -2.460026e-02 9.996934e-01 2.801656e-03 -2.252791e+00 2.056981e-02 -2.295737e-03 9.997858e-01 -1.522618e-01
9.995459e-01 2.382560e-02 -1.844628e-02 5.418775e+00 -2.381444e-02 9.997162e-01 8.242111e-04 -2.163135e+00 1.846068e-02 -3.845491e-04 9.998295e-01 -1.380283e-01
9.995317e-01 2.479924e-02 -1.792694e-02 5.408878e+00 -2.479202e-02 9.996923e-01 6.244815e-04 -2.093394e+00 1.793691e-02 -1.797439e-04 9.998391e-01 -1.226033e-01
9.991187e-01 3.467254e-02 -2.365482e-02 5.246965e+00 -3.457005e-02 9.993911e-01 4.728230e-03 -2.107774e+00 2.380436e-02 -3.906315e-03 9.997090e-01 -1.525335e-01
9.993352e-01 2.601044e-02 -2.554590e-02 5.137900e+00 -2.596802e-02 9.996608e-01 1.990943e-03 -2.070181e+00 2.558902e-02 -1.326243e-03 9.996717e-01 -1.330365e-01
9.990066e-01 3.736044e-02 -2.428905e-02 5.212037e+00 -3.728160e-02 9.992980e-01 3.690733e-03 -2.055238e+00 2.440989e-02 -2.781532e-03 9.996982e-01 -1.483057e-01
9.988632e-01 4.191208e-02 -2.270832e-02 5.078417e+00 -4.187539e-02 9.991207e-01 2.088747e-03 -2.032395e+00 2.277590e-02 -1.135453e-03 9.997399e-01 -1.351856e-01
9.986914e-01 4.485399e-02 -2.456882e-02 4.959228e+00 -4.476451e-02 9.989889e-01 4.180197e-03 -1.994843e+00 2.473147e-02 -3.074916e-03 9.996894e-01 -1.494868e-01
9.985409e-01 4.718123e-02 -2.626618e-02 4.970043e+00 -4.713454e-02 9.988858e-01 2.394125e-03 -1.970883e+00 2.634987e-02 -1.152587e-03 9.996521e-01 -1.284369e-01
9.979589e-01 5.824586e-02 -2.618160e-02 4.816014e+00 -5.818506e-02 9.983011e-01 3.078681e-03 -2.025474e+00 2.631644e-02 -1.549019e-03 9.996524e-01 -1.353612e-01
9.976820e-01 6.293903e-02 -2.587033e-02 4.722476e+00 -6.282623e-02 9.980111e-01 5.150829e-03 -2.012439e+00 2.614307e-02 -3.513553e-03 9.996520e-01 -1.275690e-01
9.976358e-01 6.421270e-02 -2.448684e-02 4.812442e+00 -6.408084e-02 9.979259e-01 6.132700e-03 -2.002720e+00 2.482985e-02 -4.549063e-03 9.996814e-01 -1.476290e-01
9.976966e-01 6.260286e-02 -2.612105e-02 4.746053e+00 -6.241309e-02 9.980181e-01 8.018812e-03 -2.006215e+00 2.657128e-02 -6.370047e-03 9.996266e-01 -1.646312e-01
9.979998e-01 5.945682e-02 -2.147914e-02 4.493765e+00 -5.936961e-02 9.982251e-01 4.675834e-03 -1.965065e+00 2.171903e-02 -3.391272e-03 9.997584e-01 -1.612152e-01
9.978959e-01 6.000576e-02 -2.455808e-02 4.580616e+00 -5.990107e-02 9.981921e-01 4.977221e-03 -1.960804e+00 2.481234e-02 -3.495693e-03 9.996860e-01 -1.708151e-01
9.980527e-01 5.776476e-02 -2.354043e-02 4.460999e+00 -5.772515e-02 9.983296e-01 2.359360e-03 -1.959305e+00 2.363740e-02 -9.958901e-04 9.997201e-01 -1.616583e-01
9.981822e-01 5.503883e-02 -2.455469e-02 4.243543e+00 -5.503124e-02 9.984841e-01 9.852709e-04 -1.953055e+00 2.457170e-02 3.677951e-04 9.996980e-01 -1.473397e-01
9.987360e-01 4.547639e-02 -2.140606e-02 4.135364e+00 -4.548307e-02 9.989653e-01 1.747581e-04 -1.944967e+00 2.139186e-02 7.990762e-04 9.997708e-01 -1.218221e-01
9.991192e-01 3.532265e-02 -2.265282e-02 4.088281e+00 -3.527775e-02 9.993747e-01 2.378534e-03 -1.899931e+00 2.272268e-02 -1.577298e-03 9.997405e-01 -1.105558e-01
9.989775e-01 3.578515e-02 -2.762944e-02 3.951105e+00 -3.563901e-02 9.993479e-01 5.764032e-03 -1.905726e+00 2.781770e-02 -4.773452e-03 9.996016e-01 -1.336562e-01
9.990403e-01 2.698318e-02 -3.450154e-02 4.024189e+00 -2.676329e-02 9.996186e-01 6.819533e-03 -1.925350e+00 3.467239e-02 -5.889614e-03 9.993814e-01 -1.848381e-01
9.983770e-01 2.830569e-02 -4.941806e-02 4.052390e+00 -2.804741e-02 9.995891e-01 5.912354e-03 -1.981580e+00 4.956510e-02 -4.516710e-03 9.987607e-01 -2.385304e-01
9.979343e-01 4.584036e-02 -4.500850e-02 3.724516e+00 -4.573760e-02 9.989480e-01 3.310811e-03 -2.115824e+00 4.511292e-02 -1.245391e-03 9.989811e-01 -2.096993e-01
9.976549e-01 4.696219e-02 -4.979322e-02 3.690141e+00 -4.675688e-02 9.988923e-01 5.280768e-03 -2.138702e+00 4.998606e-02 -2.940208e-03 9.987456e-01 -2.506823e-01
9.977106e-01 4.378783e-02 -5.153683e-02 3.677143e+00 -4.358956e-02 9.990371e-01 4.965371e-03 -2.069478e+00 5.170463e-02 -2.707535e-03 9.986588e-01 -2.687759e-01
9.971680e-01 4.331266e-02 -6.148119e-02 3.543165e+00 -4.309695e-02 9.990592e-01 4.830929e-03 -2.103353e+00 6.163260e-02 -2.167595e-03 9.980965e-01 -3.018631e-01
9.962558e-01 4.503150e-02 -7.380117e-02 3.486018e+00 -4.467319e-02 9.989805e-01 6.499546e-03 -2.159809e+00 7.401861e-02 -3.178277e-03 9.972518e-01 -3.635409e-01
9.958836e-01 4.467641e-02 -7.886638e-02 3.397073e+00 -4.446138e-02 9.990010e-01 4.481174e-03 -2.181682e+00 7.898779e-02 -9.562199e-04 9.968751e-01 -4.008330e-01
9.948262e-01 3.935268e-02 -9.365993e-02 3.209834e+00 -3.901799e-02 9.992239e-01 5.402709e-03 -2.214340e+00 9.379985e-02 -1.720335e-03 9.955896e-01 -4.749543e-01
9.948990e-01 3.296541e-02 -9.533753e-02 3.012713e+00 -3.252438e-02 9.994516e-01 6.176626e-03 -2.221495e+00 9.548888e-02 -3.044324e-03 9.954258e-01 -4.959390e-01
9.959842e-01 3.403726e-02 -8.280631e-02 3.218099e+00 -3.315758e-02 9.993784e-01 1.197587e-02 -2.084127e+00 8.316246e-02 -9.182118e-03 9.964937e-01 -4.595661e-01
9.954854e-01 3.566707e-02 -8.795898e-02 3.195412e+00 -3.498530e-02 9.993447e-01 9.280997e-03 -2.050157e+00 8.823237e-02 -6.161826e-03 9.960809e-01 -4.702907e-01
9.948563e-01 3.541142e-02 -9.490495e-02 3.216837e+00 -3.510206e-02 9.993716e-01 4.927689e-03 -2.061454e+00 9.501981e-02 -1.570983e-03 9.954742e-01 -4.950217e-01
9.946128e-01 3.289595e-02 -9.830155e-02 3.301774e+00 -3.288060e-02 9.994576e-01 1.776564e-03 -2.009398e+00 9.830669e-02 1.465221e-03 9.951551e-01 -4.863881e-01
9.944276e-01 3.817876e-02 -9.826524e-02 3.892908e+00 -3.828633e-02 9.992665e-01 7.914482e-04 -2.005160e+00 9.822338e-02 2.975178e-03 9.951599e-01 -4.744720e-01
9.936842e-01 4.393543e-02 -1.032536e-01 4.456401e+00 -4.369608e-02 9.990345e-01 4.579916e-03 -2.006562e+00 1.033552e-01 -3.921124e-05 9.946445e-01 -5.172411e-01
9.935114e-01 5.738160e-02 -9.819621e-02 5.193594e+00 -5.708604e-02 9.983523e-01 5.819239e-03 -2.098295e+00 9.836833e-02 -1.758481e-04 9.951501e-01 -4.910117e-01
9.919016e-01 7.591855e-02 -1.018217e-01 5.717226e+00 -7.549364e-02 9.971139e-01 8.025707e-03 -2.217354e+00 1.021372e-01 -2.738175e-04 9.947703e-01 -5.067359e-01
9.907171e-01 8.331300e-02 -1.074184e-01 6.262392e+00 -8.284217e-02 9.965234e-01 8.845895e-03 -2.369335e+00 1.077819e-01 1.349915e-04 9.941745e-01 -5.408534e-01
9.903694e-01 9.410055e-02 -1.015552e-01 6.967213e+00 -9.309846e-02 9.955503e-01 1.457287e-02 -2.431136e+00 1.024746e-01 -4.977893e-03 9.947231e-01 -5.759094e-01
9.895261e-01 1.065978e-01 -9.733983e-02 7.812504e+00 -1.051508e-01 9.942575e-01 1.989032e-02 -2.513197e+00 9.890110e-02 -9.446623e-03 9.950525e-01 -6.108275e-01
9.884757e-01 1.189252e-01 -9.366172e-02 8.980771e+00 -1.176947e-01 9.928762e-01 1.857349e-02 -2.666309e+00 9.520333e-02 -7.335953e-03 9.954308e-01 -6.439861e-01
9.869025e-01 1.327879e-01 -9.160177e-02 1.037295e+01 -1.314977e-01 9.911145e-01 2.000636e-02 -2.870582e+00 9.344445e-02 -7.698906e-03 9.955947e-01 -7.067136e-01
9.850195e-01 1.462455e-01 -9.137170e-02 1.177224e+01 -1.450745e-01 9.892312e-01 1.936535e-02 -3.079066e+00 9.321983e-02 -5.819552e-03 9.956285e-01 -7.688419e-01
9.829619e-01 1.597339e-01 -9.094526e-02 1.312107e+01 -1.582827e-01 9.871260e-01 2.299858e-02 -3.312377e+00 9.344807e-02 -8.211667e-03 9.955903e-01 -8.268702e-01
9.803753e-01 1.737971e-01 -9.305325e-02 1.448685e+01 -1.720314e-01 9.847287e-01 2.673363e-02 -3.550932e+00 9.627843e-02 -1.020091e-02 9.953021e-01 -8.789685e-01
9.782251e-01 1.865248e-01 -9.101770e-02 1.583845e+01 -1.847358e-01 9.823955e-01 2.777392e-02 -3.815007e+00 9.459592e-02 -1.035491e-02 9.954619e-01 -9.322491e-01
9.758548e-01 1.981874e-01 -9.181128e-02 1.720916e+01 -1.962655e-01 9.801039e-01 2.959978e-02 -4.093403e+00 9.585090e-02 -1.086570e-02 9.953364e-01 -1.006052e+00
9.738954e-01 2.086356e-01 -8.943626e-02 1.855403e+01 -2.065565e-01 9.779110e-01 3.200724e-02 -4.385951e+00 9.413856e-02 -1.269807e-02 9.954781e-01 -1.069903e+00
9.715077e-01 2.186442e-01 -9.147470e-02 1.991654e+01 -2.161340e-01 9.756768e-01 3.662383e-02 -4.693582e+00 9.725731e-02 -1.580954e-02 9.951337e-01 -1.137487e+00
9.694636e-01 2.292700e-01 -8.703823e-02 2.126639e+01 -2.268509e-01 9.732312e-01 3.686899e-02 -5.015697e+00 9.316129e-02 -1.599844e-02 9.955225e-01 -1.221512e+00
9.677992e-01 2.363045e-01 -8.674544e-02 2.263420e+01 -2.338628e-01 9.715480e-01 3.745357e-02 -5.353345e+00 9.312780e-02 -1.596100e-02 9.955262e-01 -1.278625e+00
9.663948e-01 2.428062e-01 -8.441661e-02 2.398459e+01 -2.404813e-01 9.699540e-01 3.685305e-02 -5.691430e+00 9.082837e-02 -1.531398e-02 9.957488e-01 -1.363780e+00
9.645157e-01 2.494316e-01 -8.656390e-02 2.534100e+01 -2.470200e-01 9.682764e-01 3.770717e-02 -6.045909e+00 9.322314e-02 -1.498615e-02 9.955325e-01 -1.443126e+00
9.627444e-01 2.556932e-01 -8.800103e-02 2.668859e+01 -2.531662e-01 9.666380e-01 3.895886e-02 -6.402803e+00 9.502666e-02 -1.522854e-02 9.953582e-01 -1.514480e+00
9.611864e-01 2.605898e-01 -9.062909e-02 2.806242e+01 -2.580147e-01 9.653430e-01 3.926269e-02 -6.774781e+00 9.771959e-02 -1.435513e-02 9.951105e-01 -1.582867e+00
9.601663e-01 2.641962e-01 -9.100015e-02 2.942043e+01 -2.616969e-01 9.643779e-01 3.859779e-02 -7.152484e+00 9.795594e-02 -1.324583e-02 9.951026e-01 -1.664288e+00
9.594766e-01 2.660129e-01 -9.296141e-02 3.078732e+01 -2.635067e-01 9.638892e-01 3.849394e-02 -7.526306e+00 9.984439e-02 -1.243808e-02 9.949253e-01 -1.746748e+00
9.589607e-01 2.679427e-01 -9.274238e-02 3.214978e+01 -2.655767e-01 9.633713e-01 3.720842e-02 -7.915438e+00 9.931508e-02 -1.105120e-02 9.949946e-01 -1.819041e+00
9.582469e-01 2.700669e-01 -9.395105e-02 3.352146e+01 -2.676636e-01 9.627806e-01 3.754486e-02 -8.299936e+00 1.005939e-01 -1.082996e-02 9.948686e-01 -1.894657e+00
9.572382e-01 2.723820e-01 -9.748384e-02 3.488430e+01 -2.698449e-01 9.621304e-01 3.858193e-02 -8.691730e+00 1.043012e-01 -1.062657e-02 9.944890e-01 -1.972935e+00
9.565539e-01 2.743661e-01 -9.863009e-02 3.623019e+01 -2.718208e-01 9.615717e-01 3.864371e-02 -9.076892e+00 1.054424e-01 -1.015508e-02 9.943736e-01 -2.059039e+00
9.551532e-01 2.777523e-01 -1.026447e-01 3.758955e+01 -2.749671e-01 9.605944e-01 4.064018e-02 -9.474243e+00 1.098878e-01 -1.059367e-02 9.938875e-01 -2.134432e+00
9.539031e-01 2.817578e-01 -1.033514e-01 3.894227e+01 -2.789125e-01 9.594271e-01 4.132115e-02 -9.882174e+00 1.108007e-01 -1.059037e-02 9.937862e-01 -2.217870e+00
9.528679e-01 2.851570e-01 -1.035768e-01 4.030989e+01 -2.820362e-01 9.583974e-01 4.393342e-02 -1.028310e+01 1.117956e-01 -1.265035e-02 9.936507e-01 -2.306746e+00
9.513102e-01 2.902052e-01 -1.038747e-01 4.166238e+01 -2.869137e-01 9.568672e-01 4.566947e-02 -1.070570e+01 1.126478e-01 -1.364274e-02 9.935413e-01 -2.380532e+00
9.501492e-01 2.931447e-01 -1.062198e-01 4.302002e+01 -2.894814e-01 9.559412e-01 4.875365e-02 -1.112304e+01 1.158318e-01 -1.557459e-02 9.931467e-01 -2.479335e+00
9.486603e-01 2.978169e-01 -1.065304e-01 4.438562e+01 -2.941967e-01 9.545090e-01 4.858835e-02 -1.155689e+01 1.161546e-01 -1.475296e-02 9.931216e-01 -2.551631e+00
9.475150e-01 3.017086e-01 -1.057697e-01 4.576931e+01 -2.980498e-01 9.532803e-01 4.922188e-02 -1.199161e+01 1.156788e-01 -1.511383e-02 9.931717e-01 -2.659146e+00
9.458881e-01 3.070186e-01 -1.050492e-01 4.714087e+01 -3.036666e-01 9.516213e-01 4.693826e-02 -1.244953e+01 1.143780e-01 -1.249839e-02 9.933587e-01 -2.737920e+00
9.446437e-01 3.106174e-01 -1.056652e-01 4.853157e+01 -3.070000e-01 9.504292e-01 4.934677e-02 -1.289771e+01 1.157553e-01 -1.417590e-02 9.931766e-01 -2.837402e+00
9.425601e-01 3.160507e-01 -1.081313e-01 4.992789e+01 -3.123465e-01 9.486470e-01 5.008117e-02 -1.337373e+01 1.184066e-01 -1.343009e-02 9.928744e-01 -2.928186e+00
9.407653e-01 3.208933e-01 -1.094904e-01 5.132558e+01 -3.172728e-01 9.470414e-01 4.950272e-02 -1.385247e+01 1.195771e-01 -1.183211e-02 9.927544e-01 -3.029843e+00
9.384287e-01 3.266910e-01 -1.123589e-01 5.271051e+01 -3.234800e-01 9.451050e-01 4.622967e-02 -1.433471e+01 1.212938e-01 -7.037386e-03 9.925917e-01 -3.125382e+00
9.366957e-01 3.322277e-01 -1.105710e-01 5.411283e+01 -3.288581e-01 9.431602e-01 4.796886e-02 -1.482679e+01 1.202227e-01 -8.570066e-03 9.927099e-01 -3.226022e+00
9.345630e-01 3.382723e-01 -1.102896e-01 5.548931e+01 -3.346718e-01 9.409946e-01 5.023649e-02 -1.532381e+01 1.207755e-01 -1.003836e-02 9.926291e-01 -3.327551e+00
9.327753e-01 3.433698e-01 -1.096696e-01 5.685488e+01 -3.393236e-01 9.391052e-01 5.423208e-02 -1.582919e+01 1.216129e-01 -1.337287e-02 9.924875e-01 -3.427585e+00
9.305964e-01 3.485023e-01 -1.119664e-01 5.824287e+01 -3.444274e-01 9.372289e-01 5.451201e-02 -1.634063e+01 1.239357e-01 -1.216437e-02 9.922157e-01 -3.525743e+00
9.282749e-01 3.550163e-01 -1.107659e-01 5.960744e+01 -3.510490e-01 9.347911e-01 5.413266e-02 -1.687580e+01 1.227610e-01 -1.136573e-02 9.923712e-01 -3.621868e+00
9.260527e-01 3.604996e-01 -1.116536e-01 6.099610e+01 -3.566644e-01 9.327104e-01 5.330554e-02 -1.740857e+01 1.233571e-01 -9.540891e-03 9.923165e-01 -3.735188e+00
9.236873e-01 3.668373e-01 -1.105993e-01 6.236948e+01 -3.627616e-01 9.302161e-01 5.569436e-02 -1.794805e+01 1.233120e-01 -1.132300e-02 9.923034e-01 -3.857976e+00
9.215193e-01 3.718731e-01 -1.118595e-01 6.374104e+01 -3.675326e-01 9.282018e-01 5.797429e-02 -1.849347e+01 1.253873e-01 -1.231241e-02 9.920315e-01 -3.948088e+00
9.191817e-01 3.775306e-01 -1.121412e-01 6.509665e+01 -3.729615e-01 9.259003e-01 6.006981e-02 -1.905708e+01 1.265098e-01 -1.339070e-02 9.918750e-01 -4.064762e+00
9.162743e-01 3.837277e-01 -1.148669e-01 6.646850e+01 -3.791625e-01 9.233741e-01 6.013376e-02 -1.962721e+01 1.291401e-01 -1.154580e-02 9.915591e-01 -4.177290e+00
9.139499e-01 3.898770e-01 -1.126565e-01 6.783123e+01 -3.852302e-01 9.207799e-01 6.133527e-02 -2.020611e+01 1.276451e-01 -1.265867e-02 9.917392e-01 -4.302247e+00
9.111103e-01 3.966669e-01 -1.119525e-01 6.920127e+01 -3.917679e-01 9.178524e-01 6.375836e-02 -2.080305e+01 1.280466e-01 -1.423152e-02 9.916660e-01 -4.414020e+00
9.078972e-01 4.039228e-01 -1.121122e-01 7.053656e+01 -3.988134e-01 9.146699e-01 6.577777e-02 -2.138818e+01 1.291148e-01 -1.500761e-02 9.915161e-01 -4.555690e+00
9.037166e-01 4.125129e-01 -1.145842e-01 7.188721e+01 -4.074752e-01 9.108664e-01 6.547129e-02 -2.200202e+01 1.313786e-01 -1.247728e-02 9.912537e-01 -4.659949e+00
9.001201e-01 4.204170e-01 -1.141637e-01 7.324507e+01 -4.162686e-01 9.073125e-01 5.919559e-02 -2.262870e+01 1.284690e-01 -5.760357e-03 9.916968e-01 -4.783163e+00
8.964139e-01 4.289279e-01 -1.116375e-01 7.457744e+01 -4.248993e-01 9.033228e-01 5.889340e-02 -2.326430e+01 1.261058e-01 -5.358165e-03 9.920023e-01 -4.904529e+00
8.933036e-01 4.363250e-01 -1.078390e-01 7.589401e+01 -4.317324e-01 8.997263e-01 6.402979e-02 -2.389580e+01 1.249633e-01 -1.064046e-02 9.921043e-01 -5.026581e+00
8.887377e-01 4.454912e-01 -1.080869e-01 7.719205e+01 -4.402244e-01 8.951694e-01 6.981495e-02 -2.454960e+01 1.278580e-01 -1.446469e-02 9.916870e-01 -5.142755e+00
8.851083e-01 4.538752e-01 -1.028623e-01 7.848737e+01 -4.483053e-01 8.908670e-01 7.333782e-02 -2.521849e+01 1.249229e-01 -1.879819e-02 9.919884e-01 -5.249079e+00
8.810672e-01 4.623084e-01 -9.995817e-02 7.978367e+01 -4.567187e-01 8.864962e-01 7.437982e-02 -2.589475e+01 1.229990e-01 -1.988085e-02 9.922076e-01 -5.381663e+00
8.764663e-01 4.719653e-01 -9.516048e-02 8.104743e+01 -4.667131e-01 8.814027e-01 7.285728e-02 -2.658484e+01 1.182608e-01 -1.944431e-02 9.927922e-01 -5.547322e+00
8.712170e-01 4.811385e-01 -9.739911e-02 8.232983e+01 -4.761181e-01 8.765074e-01 7.103980e-02 -2.728435e+01 1.195510e-01 -1.551761e-02 9.927068e-01 -5.669244e+00
8.650303e-01 4.910429e-01 -1.029534e-01 8.359937e+01 -4.866149e-01 8.711060e-01 6.618375e-02 -2.799949e+01 1.221824e-01 -7.152302e-03 9.924819e-01 -5.826057e+00
8.592938e-01 5.009256e-01 -1.033810e-01 8.484969e+01 -4.972842e-01 8.654904e-01 6.029132e-02 -2.871282e+01 1.196767e-01 -3.982317e-04 9.928128e-01 -5.941315e+00
8.545200e-01 5.108317e-01 -9.405603e-02 8.608450e+01 -5.060501e-01 8.595821e-01 7.093540e-02 -2.946215e+01 1.170849e-01 -1.301865e-02 9.930366e-01 -6.024553e+00
8.489501e-01 5.195379e-01 -9.676733e-02 8.729182e+01 -5.128344e-01 8.541147e-01 8.653814e-02 -3.019417e+01 1.276102e-01 -2.384094e-02 9.915378e-01 -6.196149e+00
8.453848e-01 5.260389e-01 -9.277681e-02 8.851878e+01 -5.193415e-01 8.500674e-01 8.757688e-02 -3.095004e+01 1.249354e-01 -2.585332e-02 9.918280e-01 -6.341698e+00
8.417544e-01 5.312949e-01 -9.578700e-02 8.973242e+01 -5.248801e-01 8.469193e-01 8.501974e-02 -3.170696e+01 1.262944e-01 -2.128905e-02 9.917643e-01 -6.466341e+00
8.386478e-01 5.370284e-01 -9.094210e-02 9.093282e+01 -5.312627e-01 8.433386e-01 8.086997e-02 -3.247305e+01 1.201245e-01 -1.950728e-02 9.925672e-01 -6.635978e+00
8.351867e-01 5.419677e-01 -9.345677e-02 9.213782e+01 -5.357230e-01 8.401477e-01 8.457556e-02 -3.326141e+01 1.243547e-01 -2.056945e-02 9.920246e-01 -6.770381e+00
8.321224e-01 5.471411e-01 -9.060237e-02 9.333553e+01 -5.407661e-01 8.367279e-01 8.636287e-02 -3.404379e+01 1.230622e-01 -2.286980e-02 9.921354e-01 -6.919840e+00
8.281304e-01 5.535630e-01 -8.813737e-02 9.452689e+01 -5.470078e-01 8.324276e-01 8.858147e-02 -3.484171e+01 1.224034e-01 -2.514518e-02 9.921619e-01 -7.065328e+00
8.247017e-01 5.586168e-01 -8.839870e-02 9.571804e+01 -5.520224e-01 8.290596e-01 8.905995e-02 -3.564074e+01 1.230382e-01 -2.464982e-02 9.920958e-01 -7.206218e+00
8.196915e-01 5.659857e-01 -8.812481e-02 9.689118e+01 -5.593934e-01 8.240658e-01 8.941174e-02 -3.644551e+01 1.232264e-01 -2.399362e-02 9.920885e-01 -7.383735e+00
8.143352e-01 5.736253e-01 -8.838677e-02 9.807443e+01 -5.668129e-01 8.187551e-01 9.145062e-02 -3.726914e+01 1.248255e-01 -2.437270e-02 9.918793e-01 -7.532573e+00
8.079041e-01 5.827551e-01 -8.767766e-02 9.923431e+01 -5.758423e-01 8.122793e-01 9.277885e-02 -3.809726e+01 1.252861e-01 -2.446792e-02 9.918189e-01 -7.705373e+00
8.008561e-01 5.926788e-01 -8.579827e-02 1.003864e+02 -5.858316e-01 8.050737e-01 9.304691e-02 -3.894376e+01 1.242209e-01 -2.425385e-02 9.919581e-01 -7.850934e+00
7.948667e-01 6.006293e-01 -8.620542e-02 1.015327e+02 -5.934294e-01 7.991298e-01 9.608999e-02 -3.980278e+01 1.266038e-01 -2.522191e-02 9.916326e-01 -8.021089e+00
7.878221e-01 6.099536e-01 -8.539888e-02 1.026707e+02 -6.030013e-01 7.921002e-01 9.469231e-02 -4.067860e+01 1.254024e-01 -2.310506e-02 9.918369e-01 -8.167155e+00
7.813610e-01 6.183509e-01 -8.436304e-02 1.037987e+02 -6.111394e-01 7.855215e-01 9.728633e-02 -4.155811e+01 1.264261e-01 -2.445817e-02 9.916745e-01 -8.334023e+00
7.746764e-01 6.266444e-01 -8.481356e-02 1.049281e+02 -6.192834e-01 7.789373e-01 9.871565e-02 -4.245877e+01 1.279240e-01 -2.394905e-02 9.914948e-01 -8.514956e+00
7.673250e-01 6.357201e-01 -8.409725e-02 1.060304e+02 -6.283797e-01 7.715715e-01 9.907719e-02 -4.336073e+01 1.278724e-01 -2.317940e-02 9.915197e-01 -8.675188e+00
7.599785e-01 6.444947e-01 -8.401898e-02 1.071107e+02 -6.367410e-01 7.642158e-01 1.026398e-01 -4.428168e+01 1.303594e-01 -2.450568e-02 9.911639e-01 -8.832603e+00
7.526945e-01 6.529028e-01 -8.466928e-02 1.082035e+02 -6.450441e-01 7.570795e-01 1.036761e-01 -4.520305e+01 1.317918e-01 -2.342099e-02 9.910007e-01 -9.006904e+00
7.453024e-01 6.614119e-01 -8.401535e-02 1.092861e+02 -6.536261e-01 7.496910e-01 1.036166e-01 -4.616759e+01 1.315188e-01 -2.231109e-02 9.910626e-01 -9.170216e+00
7.380197e-01 6.693188e-01 -8.566996e-02 1.103579e+02 -6.614453e-01 7.426965e-01 1.043663e-01 -4.712392e+01 1.334811e-01 -2.035840e-02 9.908422e-01 -9.354390e+00
7.310272e-01 6.768514e-01 -8.643652e-02 1.114245e+02 -6.690097e-01 7.358876e-01 1.043807e-01 -4.810056e+01 1.342578e-01 -1.847824e-02 9.907742e-01 -9.524664e+00
7.224247e-01 6.859635e-01 -8.692865e-02 1.124857e+02 -6.778814e-01 7.274126e-01 1.065254e-01 -4.909609e+01 1.363056e-01 -1.802930e-02 9.905028e-01 -9.709999e+00
7.159194e-01 6.927894e-01 -8.661640e-02 1.135417e+02 -6.847559e-01 7.209402e-01 1.065583e-01 -5.008769e+01 1.362677e-01 -1.697604e-02 9.905266e-01 -9.876884e+00
7.084074e-01 7.005621e-01 -8.585895e-02 1.145723e+02 -6.922203e-01 7.133650e-01 1.092772e-01 -5.108488e+01 1.378042e-01 -1.797944e-02 9.902963e-01 -1.004919e+01
7.003626e-01 7.083862e-01 -8.764235e-02 1.155945e+02 -7.000705e-01 7.056618e-01 1.092834e-01 -5.210675e+01 1.392607e-01 -1.518217e-02 9.901394e-01 -1.024549e+01
6.928552e-01 7.158923e-01 -8.631353e-02 1.166094e+02 -7.074750e-01 6.980382e-01 1.105532e-01 -5.314183e+01 1.393943e-01 -1.553272e-02 9.901151e-01 -1.043187e+01
6.854727e-01 7.227765e-01 -8.787005e-02 1.176262e+02 -7.141793e-01 6.909391e-01 1.120310e-01 -5.418640e+01 1.416862e-01 -1.403921e-02 9.898121e-01 -1.061627e+01
6.782469e-01 7.300188e-01 -8.398683e-02 1.186135e+02 -7.214343e-01 6.832427e-01 1.127482e-01 -5.524214e+01 1.396917e-01 -1.588012e-02 9.900677e-01 -1.079597e+01
6.708466e-01 7.367105e-01 -8.498534e-02 1.195988e+02 -7.277934e-01 6.760303e-01 1.153247e-01 -5.630872e+01 1.424136e-01 -1.551340e-02 9.896857e-01 -1.098302e+01
6.638037e-01 7.434384e-01 -8.163349e-02 1.205799e+02 -7.345243e-01 6.685865e-01 1.160434e-01 -5.739307e+01 1.408502e-01 -1.706829e-02 9.898838e-01 -1.117705e+01
6.563588e-01 7.500395e-01 -8.144759e-02 1.215426e+02 -7.408565e-01 6.611669e-01 1.182796e-01 -5.848196e+01 1.425648e-01 -1.729287e-02 9.896344e-01 -1.136985e+01
6.492318e-01 7.564587e-01 -7.917280e-02 1.225076e+02 -7.474443e-01 6.538142e-01 1.177027e-01 -5.958940e+01 1.408015e-01 -1.723906e-02 9.898877e-01 -1.156265e+01
6.422935e-01 7.628198e-01 -7.459965e-02 1.234542e+02 -7.534724e-01 6.462539e-01 1.209767e-01 -6.070262e+01 1.404938e-01 -2.149378e-02 9.898483e-01 -1.176890e+01
6.345168e-01 7.692907e-01 -7.470001e-02 1.243791e+02 -7.597634e-01 6.385541e-01 1.225070e-01 -6.183323e+01 1.419435e-01 -2.097844e-02 9.896525e-01 -1.197672e+01
6.276653e-01 7.754666e-01 -6.846742e-02 1.253051e+02 -7.658009e-01 6.308581e-01 1.247689e-01 -6.295465e+01 1.399473e-01 -2.588068e-02 9.898207e-01 -1.216613e+01
6.211482e-01 7.805941e-01 -6.962653e-02 1.262338e+02 -7.709079e-01 6.245811e-01 1.248974e-01 -6.409650e+01 1.409816e-01 -2.390413e-02 9.897236e-01 -1.238086e+01
6.141237e-01 7.866405e-01 -6.363074e-02 1.271321e+02 -7.771668e-01 6.168151e-01 1.247046e-01 -6.525336e+01 1.373461e-01 -2.713235e-02 9.901515e-01 -1.259487e+01
6.067951e-01 7.921119e-01 -6.601939e-02 1.280289e+02 -7.826008e-01 6.099037e-01 1.247147e-01 -6.641868e+01 1.390534e-01 -2.400943e-02 9.899938e-01 -1.279362e+01
6.017545e-01 7.962208e-01 -6.264210e-02 1.289280e+02 -7.868530e-01 6.044648e-01 1.244382e-01 -6.759960e+01 1.369452e-01 -2.559111e-02 9.902480e-01 -1.300792e+01
5.963178e-01 8.000557e-01 -6.569657e-02 1.298116e+02 -7.903098e-01 5.994595e-01 1.267224e-01 -6.877097e+01 1.407674e-01 -2.364619e-02 9.897603e-01 -1.321519e+01
5.913208e-01 8.038074e-01 -6.506493e-02 1.306878e+02 -7.941707e-01 5.944469e-01 1.261978e-01 -6.995616e+01 1.401163e-01 -2.295071e-02 9.898690e-01 -1.342579e+01
5.862972e-01 8.072311e-01 -6.806984e-02 1.315549e+02 -7.974733e-01 5.898961e-01 1.267244e-01 -7.114629e+01 1.424500e-01 -2.001429e-02 9.895996e-01 -1.365337e+01
5.808227e-01 8.110974e-01 -6.903607e-02 1.324247e+02 -8.014401e-01 5.846374e-01 1.260671e-01 -7.235406e+01 1.426138e-01 -1.789435e-02 9.896166e-01 -1.384855e+01
5.765603e-01 8.142899e-01 -6.715824e-02 1.332863e+02 -8.043001e-01 5.801060e-01 1.287565e-01 -7.355526e+01 1.438040e-01 -2.022053e-02 9.893996e-01 -1.407254e+01
5.711370e-01 8.181627e-01 -6.642622e-02 1.341382e+02 -8.079723e-01 5.746104e-01 1.303992e-01 -7.476096e+01 1.448569e-01 -2.080525e-02 9.892339e-01 -1.427861e+01
5.673182e-01 8.210147e-01 -6.391303e-02 1.349763e+02 -8.104524e-01 5.704066e-01 1.334284e-01 -7.598312e+01 1.460031e-01 -2.389789e-02 9.889954e-01 -1.450701e+01
5.636188e-01 8.236763e-01 -6.237942e-02 1.358227e+02 -8.132409e-01 5.665443e-01 1.329169e-01 -7.720892e+01 1.448212e-01 -2.418496e-02 9.891622e-01 -1.471207e+01
5.589639e-01 8.271412e-01 -5.828273e-02 1.366532e+02 -8.166578e-01 5.613282e-01 1.340929e-01 -7.845026e+01 1.436294e-01 -2.735601e-02 9.892533e-01 -1.494404e+01
5.551276e-01 8.298239e-01 -5.679484e-02 1.374996e+02 -8.192891e-01 5.573069e-01 1.348119e-01 -7.970010e+01 1.435223e-01 -2.830642e-02 9.892422e-01 -1.517201e+01
5.515187e-01 8.324691e-01 -5.312592e-02 1.383222e+02 -8.220344e-01 5.532173e-01 1.349445e-01 -8.096057e+01 1.417273e-01 -3.075307e-02 9.894279e-01 -1.540859e+01
5.493789e-01 8.338492e-01 -5.365189e-02 1.391527e+02 -8.235294e-01 5.512055e-01 1.340596e-01 -8.222192e+01 1.413587e-01 -2.946563e-02 9.895198e-01 -1.562540e+01
5.467145e-01 8.357503e-01 -5.123191e-02 1.399828e+02 -8.256668e-01 5.482683e-01 1.329514e-01 -8.348833e+01 1.392030e-01 -3.038597e-02 9.897976e-01 -1.583861e+01
5.443740e-01 8.372739e-01 -5.127743e-02 1.408118e+02 -8.272617e-01 5.459769e-01 1.324657e-01 -8.476491e+01 1.389064e-01 -2.969101e-02 9.898604e-01 -1.608367e+01
5.425984e-01 8.384262e-01 -5.126917e-02 1.416375e+02 -8.285177e-01 5.442424e-01 1.317511e-01 -8.605689e+01 1.383664e-01 -2.901051e-02 9.899561e-01 -1.630582e+01
5.413164e-01 8.393253e-01 -5.009619e-02 1.424863e+02 -8.293624e-01 5.427940e-01 1.324116e-01 -8.735159e+01 1.383283e-01 -3.012868e-02 9.899281e-01 -1.653436e+01
5.390798e-01 8.407086e-01 -5.101056e-02 1.433278e+02 -8.306960e-01 5.407051e-01 1.325984e-01 -8.866407e+01 1.390583e-01 -2.910687e-02 9.898564e-01 -1.676124e+01
5.387875e-01 8.408857e-01 -5.117816e-02 1.441592e+02 -8.307288e-01 5.404102e-01 1.335899e-01 -8.995458e+01 1.399910e-01 -2.946139e-02 9.897144e-01 -1.698660e+01
5.366457e-01 8.422136e-01 -5.184381e-02 1.450045e+02 -8.320739e-01 5.383941e-01 1.333604e-01 -9.128834e+01 1.402303e-01 -2.842938e-02 9.897107e-01 -1.722520e+01
5.363759e-01 8.424465e-01 -5.084078e-02 1.458457e+02 -8.323894e-01 5.379983e-01 1.329871e-01 -9.260697e+01 1.393868e-01 -2.901177e-02 9.898129e-01 -1.747619e+01
5.361999e-01 8.424115e-01 -5.322273e-02 1.466861e+02 -8.326196e-01 5.382203e-01 1.306281e-01 -9.392200e+01 1.386881e-01 -2.572847e-02 9.900019e-01 -1.769682e+01
5.351811e-01 8.431125e-01 -5.236830e-02 1.475269e+02 -8.336324e-01 5.371488e-01 1.285620e-01 -9.525542e+01 1.365218e-01 -2.514805e-02 9.903178e-01 -1.793718e+01
5.353900e-01 8.427994e-01 -5.519747e-02 1.483633e+02 -8.334587e-01 5.377773e-01 1.270511e-01 -9.658597e+01 1.367626e-01 -2.201709e-02 9.903591e-01 -1.816512e+01
5.351155e-01 8.429381e-01 -5.573758e-02 1.492105e+02 -8.335133e-01 5.375682e-01 1.275772e-01 -9.790563e+01 1.375024e-01 -2.181049e-02 9.902613e-01 -1.840996e+01
5.333809e-01 8.438801e-01 -5.806250e-02 1.500396e+02 -8.343578e-01 5.361662e-01 1.279567e-01 -9.921143e+01 1.391113e-01 -1.980476e-02 9.900787e-01 -1.861835e+01
5.331829e-01 8.438641e-01 -6.007772e-02 1.508606e+02 -8.341273e-01 5.362285e-01 1.291923e-01 -1.005195e+02 1.412361e-01 -1.877065e-02 9.897979e-01 -1.885576e+01
5.330738e-01 8.438314e-01 -6.148894e-02 1.516999e+02 -8.340513e-01 5.363181e-01 1.293113e-01 -1.018290e+02 1.420946e-01 -1.764754e-02 9.896957e-01 -1.908170e+01
5.337949e-01 8.433734e-01 -6.151617e-02 1.525331e+02 -8.335185e-01 5.370257e-01 1.298086e-01 -1.031498e+02 1.425129e-01 -1.801629e-02 9.896290e-01 -1.931091e+01
5.345098e-01 8.427516e-01 -6.378906e-02 1.533722e+02 -8.328856e-01 5.380610e-01 1.295843e-01 -1.044698e+02 1.435297e-01 -1.613509e-02 9.895145e-01 -1.955063e+01
5.347368e-01 8.424993e-01 -6.520441e-02 1.542129e+02 -8.325840e-01 5.384860e-01 1.297573e-01 -1.057803e+02 1.444320e-01 -1.509782e-02 9.893996e-01 -1.976541e+01
5.345803e-01 8.425831e-01 -6.540365e-02 1.550471e+02 -8.323853e-01 5.383304e-01 1.316631e-01 -1.070996e+02 1.461459e-01 -1.594348e-02 9.891346e-01 -2.000454e+01
5.350415e-01 8.420187e-01 -6.881257e-02 1.558881e+02 -8.313290e-01 5.392456e-01 1.345595e-01 -1.084123e+02 1.504085e-01 -1.478904e-02 9.885133e-01 -2.023067e+01
5.358028e-01 8.415047e-01 -6.917597e-02 1.567372e+02 -8.306655e-01 5.400381e-01 1.354761e-01 -1.097482e+02 1.513614e-01 -1.512638e-02 9.883627e-01 -2.046548e+01
5.369178e-01 8.407251e-01 -7.000447e-02 1.575984e+02 -8.299358e-01 5.412707e-01 1.350278e-01 -1.110683e+02 1.514127e-01 -1.439964e-02 9.883658e-01 -2.072552e+01
5.375959e-01 8.403990e-01 -6.870291e-02 1.584573e+02 -8.293543e-01 5.417149e-01 1.368085e-01 -1.123987e+02 1.521911e-01 -1.656863e-02 9.882122e-01 -2.093595e+01
5.380561e-01 8.398700e-01 -7.151227e-02 1.593198e+02 -8.289617e-01 5.426151e-01 1.356145e-01 -1.137214e+02 1.527022e-01 -1.368729e-02 9.881775e-01 -2.121314e+01
5.381116e-01 8.398049e-01 -7.185823e-02 1.601747e+02 -8.290907e-01 5.427396e-01 1.343213e-01 -1.150627e+02 1.518040e-01 -1.270289e-02 9.883290e-01 -2.142870e+01
5.387213e-01 8.391768e-01 -7.457747e-02 1.610525e+02 -8.282979e-01 5.437471e-01 1.351365e-01 -1.164078e+02 1.539547e-01 -1.102855e-02 9.880164e-01 -2.169002e+01
5.382001e-01 8.392032e-01 -7.796566e-02 1.619187e+02 -8.288699e-01 5.437835e-01 1.314307e-01 -1.177445e+02 1.526935e-01 -6.112605e-03 9.882547e-01 -2.192137e+01
5.376157e-01 8.394412e-01 -7.942259e-02 1.627867e+02 -8.289855e-01 5.434256e-01 1.321811e-01 -1.191069e+02 1.541185e-01 -5.222462e-03 9.880385e-01 -2.215362e+01
5.374371e-01 8.393843e-01 -8.121192e-02 1.636615e+02 -8.293397e-01 5.435338e-01 1.294862e-01 -1.204364e+02 1.528301e-01 -2.238408e-03 9.882500e-01 -2.238593e+01
5.375226e-01 8.395444e-01 -7.896084e-02 1.645328e+02 -8.293563e-01 5.432713e-01 1.304778e-01 -1.217937e+02 1.524390e-01 -4.648097e-03 9.883019e-01 -2.262194e+01
5.371514e-01 8.398621e-01 -7.810199e-02 1.653930e+02 -8.293124e-01 5.427595e-01 1.328640e-01 -1.231321e+02 1.539781e-01 -6.597161e-03 9.880522e-01 -2.284773e+01
5.377971e-01 8.397338e-01 -7.497675e-02 1.662679e+02 -8.289607e-01 5.429032e-01 1.344628e-01 -1.244669e+02 1.536181e-01 -1.016093e-02 9.880781e-01 -2.310538e+01
5.366828e-01 8.403118e-01 -7.647012e-02 1.671306e+02 -8.293118e-01 5.420203e-01 1.358522e-01 -1.258188e+02 1.556066e-01 -9.491958e-03 9.877735e-01 -2.334414e+01
