1.000000e+00 0.000000e+00 0.000000e+00 0.000000e+00 0.000000e+00 1.000000e+00 0.000000e+00 0.000000e+00 0.000000e+00 0.000000e+00 1.000000e+00 0.000000e+00
9.999970e-01 -2.107601e-03 -1.280146e-03 2.224997e+00 2.108679e-03 9.999975e-01 8.410624e-04 -1.787388e-02 1.278370e-03 -8.437593e-04 9.999988e-01 -4.367167e-02
9.999825e-01 -3.151368e-03 -5.012005e-03 4.192142e+00 3.148430e-03 9.999949e-01 -5.939860e-04 -1.107475e-02 5.013851e-03 5.781957e-04 9.999872e-01 -6.474195e-02
9.999827e-01 -4.121197e-03 -4.187591e-03 6.162558e+00 4.108060e-03 9.999866e-01 -3.141044e-03 -9.052439e-03 4.200480e-03 3.123787e-03 9.999863e-01 -8.796529e-02
9.999784e-01 -4.761607e-03 -4.529574e-03 8.146702e+00 4.748295e-03 9.999843e-01 -2.945206e-03 -1.257149e-02 4.543527e-03 2.923635e-03 9.999854e-01 -1.122940e-01
9.999875e-01 -4.297096e-03 -2.535040e-03 1.011372e+01 4.295104e-03 9.999906e-01 -7.907176e-04 -1.483525e-02 2.538414e-03 7.798195e-04 9.999965e-01 -1.340030e-01
9.999933e-01 -2.804466e-03 -2.343083e-03 1.209629e+01 2.799046e-03 9.999934e-01 -2.313689e-03 -4.771154e-02 2.349556e-03 2.307115e-03 9.999946e-01 -1.450232e-01
9.999816e-01 -2.233421e-03 5.640079e-03 1.411813e+01 2.260810e-03 9.999856e-01 -4.854493e-03 -4.740823e-02 -5.629156e-03 4.867156e-03 9.999723e-01 -1.757445e-01
9.999741e-01 -2.859492e-03 6.607785e-03 1.612564e+01 2.908248e-03 9.999686e-01 -7.380865e-03 -4.836756e-02 -6.586472e-03 7.399891e-03 9.999509e-01 -1.788065e-01
9.999480e-01 -3.123649e-03 9.711657e-03 1.813639e+01 3.179428e-03 9.999784e-01 -5.733311e-03 -4.325449e-02 -9.693539e-03 5.763890e-03 9.999364e-01 -2.143276e-01
9.999446e-01 -2.425391e-03 1.024279e-02 2.013995e+01 2.506025e-03 9.999658e-01 -7.866776e-03 -5.247862e-02 -1.022336e-02 7.892009e-03 9.999166e-01 -2.068857e-01
9.999341e-01 -1.653279e-03 1.135974e-02 2.214289e+01 1.732591e-03 9.999741e-01 -6.975553e-03 -6.050166e-02 -1.134791e-02 6.994775e-03 9.999111e-01 -2.355619e-01
9.998571e-01 -4.326482e-04 1.690033e-02 2.414200e+01 6.418735e-04 9.999232e-01 -1.237649e-02 -8.497877e-02 -1.689368e-02 1.238557e-02 9.997806e-01 -2.406820e-01
9.997789e-01 3.845761e-04 2.102426e-02 2.612185e+01 -1.823161e-04 9.999537e-01 -9.621390e-03 -9.555377e-02 -2.102698e-02 9.615430e-03 9.997327e-01 -2.462163e-01
9.997802e-01 9.791335e-04 2.094205e-02 2.813944e+01 -7.812647e-04 9.999549e-01 -9.454489e-03 -1.284205e-01 -2.095037e-02 9.436049e-03 9.997360e-01 -2.752523e-01
9.996570e-01 3.000829e-03 2.601504e-02 3.013766e+01 -2.891000e-03 9.999866e-01 -4.258318e-03 -1.418603e-01 -2.602748e-02 4.181648e-03 9.996525e-01 -2.925227e-01
9.997896e-01 3.771475e-03 2.016161e-02 3.215594e+01 -3.594026e-03 9.999545e-01 -8.830324e-03 -1.742672e-01 -2.019400e-02 8.756004e-03 9.997578e-01 -2.936987e-01
9.995353e-01 4.571076e-03 3.013670e-02 3.418586e+01 -4.220028e-03 9.999226e-01 -1.170183e-02 -2.029356e-01 -3.018786e-02 1.156922e-02 9.994773e-01 -3.323960e-01
9.995966e-01 4.252503e-03 2.808112e-02 3.621570e+01 -3.815570e-03 9.998710e-01 -1.559496e-02 -2.304430e-01 -2.814382e-02 1.548153e-02 9.994840e-01 -3.067582e-01
9.993306e-01 3.859769e-03 3.638006e-02 3.823204e+01 -3.366813e-03 9.999020e-01 -1.360171e-02 -2.655464e-01 -3.642898e-02 1.347012e-02 9.992455e-01 -3.379567e-01
9.995100e-01 2.450537e-03 3.120510e-02 4.025784e+01 -2.004310e-03 9.998953e-01 -1.432307e-02 -2.833714e-01 -3.123694e-02 1.425351e-02 9.994104e-01 -3.206762e-01
9.994863e-01 1.188383e-03 3.202713e-02 4.227962e+01 -8.140607e-04 9.999312e-01 -1.169818e-02 -3.068933e-01 -3.203883e-02 1.166610e-02 9.994186e-01 -3.969747e-01
9.996134e-01 -2.998028e-04 2.780266e-02 4.433757e+01 7.043053e-04 9.998939e-01 -1.454040e-02 -3.215592e-01 -2.779535e-02 1.455436e-02 9.995077e-01 -3.566744e-01
9.996211e-01 -8.195940e-04 2.751402e-02 4.635102e+01 1.048600e-03 9.999648e-01 -8.309840e-03 -3.398254e-01 -2.750625e-02 8.335543e-03 9.995869e-01 -3.902939e-01
9.996578e-01 -1.049134e-03 2.613994e-02 4.839694e+01 1.254801e-03 9.999684e-01 -7.852767e-03 -3.619814e-01 -2.613088e-02 7.882880e-03 9.996275e-01 -4.040579e-01
9.996179e-01 -1.180280e-03 2.761819e-02 5.044997e+01 1.364592e-03 9.999770e-01 -6.655648e-03 -3.808712e-01 -2.760970e-02 6.690792e-03 9.995964e-01 -4.234617e-01
9.996479e-01 -1.499982e-03 2.649449e-02 5.250626e+01 1.721662e-03 9.999636e-01 -8.346174e-03 -3.855738e-01 -2.648101e-02 8.388849e-03 9.996141e-01 -4.564608e-01
9.996539e-01 -9.365820e-04 2.628869e-02 5.454984e+01 1.178614e-03 9.999571e-01 -9.192701e-03 -4.104221e-01 -2.627895e-02 9.220505e-03 9.996122e-01 -4.658731e-01
9.996519e-01 5.442173e-05 2.638357e-02 5.659466e+01 1.560299e-04 9.999681e-01 -7.974491e-03 -4.236350e-01 -2.638317e-02 7.975832e-03 9.996201e-01 -4.936119e-01
9.998344e-01 8.914131e-04 1.817742e-02 5.864170e+01 -7.913705e-04 9.999845e-01 -5.510124e-03 -4.389798e-01 -1.818205e-02 5.494826e-03 9.998196e-01 -5.299083e-01
9.998544e-01 2.366325e-03 1.690049e-02 6.068636e+01 -2.233782e-03 9.999665e-01 -7.857163e-03 -4.616961e-01 -1.691852e-02 7.818268e-03 9.998263e-01 -5.632517e-01
9.998334e-01 2.493005e-03 1.808072e-02 6.274767e+01 -2.315718e-03 9.999491e-01 -9.819608e-03 -4.836314e-01 -1.810428e-02 9.776102e-03 9.997883e-01 -5.506352e-01
9.997094e-01 2.303558e-03 2.399442e-02 6.480224e+01 -2.083252e-03 9.999555e-01 -9.202521e-03 -5.091316e-01 -2.401455e-02 9.149861e-03 9.996697e-01 -5.764421e-01
9.996493e-01 1.953053e-03 2.640885e-02 6.684636e+01 -1.742790e-03 9.999665e-01 -7.982486e-03 -5.333653e-01 -2.642356e-02 7.933662e-03 9.996194e-01 -6.136663e-01
9.995868e-01 2.475915e-03 2.863820e-02 6.890807e+01 -2.157654e-03 9.999356e-01 -1.113874e-02 -5.627218e-01 -2.866393e-02 1.107235e-02 9.995278e-01 -6.178650e-01
9.995630e-01 2.395345e-03 2.946470e-02 7.095160e+01 -2.036079e-03 9.999232e-01 -1.221707e-02 -5.850837e-01 -2.949171e-02 1.215174e-02 9.994912e-01 -6.525264e-01
9.995778e-01 3.618723e-03 2.883039e-02 7.299776e+01 -3.212810e-03 9.998952e-01 -1.411326e-02 -6.152442e-01 -2.887844e-02 1.401468e-02 9.994847e-01 -6.674657e-01
9.995992e-01 4.508339e-03 2.795036e-02 7.504167e+01 -4.180760e-03 9.999219e-01 -1.176741e-02 -6.380764e-01 -2.800123e-02 1.164584e-02 9.995400e-01 -6.844513e-01
9.996485e-01 5.867196e-03 2.585307e-02 7.709460e+01 -5.618181e-03 9.999373e-01 -9.694075e-03 -6.728056e-01 -2.590832e-02 9.545421e-03 9.996188e-01 -7.003415e-01
9.995685e-01 7.167197e-03 2.848705e-02 7.910842e+01 -6.994721e-03 9.999566e-01 -6.149591e-03 -7.068781e-01 -2.852989e-02 5.947678e-03 9.995753e-01 -7.401894e-01
9.995440e-01 8.085329e-03 2.909520e-02 8.114670e+01 -7.951383e-03 9.999573e-01 -4.716469e-03 -7.459633e-01 -2.913209e-02 4.482971e-03 9.995655e-01 -7.456763e-01
9.993870e-01 9.557765e-03 3.367971e-02 8.318552e+01 -9.445213e-03 9.999492e-01 -3.499336e-03 -7.929413e-01 -3.371145e-02 3.179078e-03 9.994265e-01 -8.019627e-01
9.993449e-01 1.041272e-02 3.465927e-02 8.522634e+01 -1.027353e-02 9.999382e-01 -4.191770e-03 -8.404626e-01 -3.470078e-02 3.832951e-03 9.993904e-01 -8.222141e-01
9.992185e-01 1.206550e-02 3.764125e-02 8.727890e+01 -1.194541e-02 9.999228e-01 -3.413838e-03 -8.828473e-01 -3.767953e-02 2.961530e-03 9.992855e-01 -8.896235e-01
9.992893e-01 1.296686e-02 3.539510e-02 8.931895e+01 -1.287583e-02 9.999132e-01 -2.798527e-03 -9.408199e-01 -3.542832e-02 2.340796e-03 9.993695e-01 -9.145187e-01
9.992462e-01 1.449874e-02 3.601115e-02 9.135876e+01 -1.443807e-02 9.998939e-01 -1.944131e-03 -9.705872e-01 -3.603552e-02 1.422734e-03 9.993495e-01 -8.729053e-01
9.992946e-01 1.380858e-02 3.492390e-02 9.339853e+01 -1.374440e-02 9.999034e-01 -2.077155e-03 -1.023495e+00 -3.494921e-02 1.595682e-03 9.993878e-01 -9.815156e-01
9.991263e-01 1.306076e-02 3.969923e-02 9.544611e+01 -1.274870e-02 9.998859e-01 -8.103481e-03 -1.071958e+00 -3.980054e-02 7.590288e-03 9.991788e-01 -9.802563e-01
9.991165e-01 1.159057e-02 4.039751e-02 9.747830e+01 -1.133484e-02 9.999143e-01 -6.553903e-03 -1.121420e+00 -4.047001e-02 6.090214e-03 9.991622e-01 -1.010793e+00
9.991085e-01 1.097644e-02 4.076380e-02 9.950063e+01 -1.054600e-02 9.998864e-01 -1.075955e-02 -1.165988e+00 -4.087728e-02 1.032006e-02 9.991109e-01 -1.047802e+00
9.991150e-01 9.445799e-03 4.098712e-02 1.015316e+02 -8.965951e-03 9.998893e-01 -1.187534e-02 -1.204300e+00 -4.109475e-02 1.149734e-02 9.990891e-01 -1.070490e+00
9.993254e-01 8.379565e-03 3.575692e-02 1.035411e+02 -7.875579e-03 9.998680e-01 -1.421241e-02 -1.236947e+00 -3.587129e-02 1.392121e-02 9.992595e-01 -1.080081e+00
9.993542e-01 6.894385e-03 3.526397e-02 1.055575e+02 -6.578997e-03 9.999374e-01 -9.051863e-03 -1.271975e+00 -3.532417e-02 8.814016e-03 9.993370e-01 -1.101825e+00
9.996130e-01 6.290706e-03 2.709544e-02 1.075697e+02 -6.063190e-03 9.999456e-01 -8.470826e-03 -1.304783e+00 -2.714726e-02 8.303264e-03 9.995970e-01 -1.117614e+00
9.996279e-01 5.596264e-03 2.669457e-02 1.095607e+02 -5.402294e-03 9.999585e-01 -7.332854e-03 -1.337653e+00 -2.673450e-02 7.185914e-03 9.996167e-01 -1.156367e+00
9.997291e-01 4.919000e-03 2.274920e-02 1.115492e+02 -4.674453e-03 9.999309e-01 -1.079038e-02 -1.358559e+00 -2.280070e-02 1.068112e-02 9.996830e-01 -1.146872e+00
9.997252e-01 4.307248e-03 2.304379e-02 1.135290e+02 -4.066473e-03 9.999368e-01 -1.048527e-02 -1.379292e+00 -2.308750e-02 1.038868e-02 9.996794e-01 -1.191965e+00
9.997995e-01 3.410432e-03 1.973139e-02 1.155258e+02 -3.255995e-03 9.999639e-01 -7.853850e-03 -1.405300e+00 -1.975746e-02 7.788029e-03 9.997745e-01 -1.203553e+00
9.997616e-01 3.724026e-03 2.151304e-02 1.174771e+02 -3.617185e-03 9.999810e-01 -5.003101e-03 -1.434057e+00 -2.153127e-02 4.924091e-03 9.997560e-01 -1.228222e+00
9.997760e-01 3.130591e-03 2.093243e-02 1.194504e+02 -3.055638e-03 9.999889e-01 -3.611728e-03 -1.473228e+00 -2.094350e-02 3.546956e-03 9.997744e-01 -1.254843e+00
9.997089e-01 2.452346e-03 2.400179e-02 1.214350e+02 -2.391824e-03 9.999939e-01 -2.549948e-03 -1.490101e+00 -2.400790e-02 2.491798e-03 9.997087e-01 -1.284078e+00
9.997019e-01 1.250692e-03 2.438578e-02 1.234081e+02 -1.231240e-03 9.999989e-01 -8.126592e-04 -1.511041e+00 -2.438677e-02 7.823922e-04 9.997023e-01 -1.322675e+00
9.996600e-01 -5.651598e-04 2.606979e-02 1.253837e+02 5.739736e-04 9.999996e-01 -3.306017e-04 -1.533676e+00 -2.606960e-02 3.454527e-04 9.996601e-01 -1.361041e+00
9.996932e-01 -2.811419e-03 2.460940e-02 1.273569e+02 2.826430e-03 9.999957e-01 -5.752016e-04 -1.544888e+00 -2.460768e-02 6.445819e-04 9.996970e-01 -1.402950e+00
9.996681e-01 -4.363076e-03 2.539000e-02 1.293109e+02 4.442302e-03 9.999853e-01 -3.064790e-03 -1.566908e+00 -2.537626e-02 3.176562e-03 9.996729e-01 -1.430555e+00
9.996557e-01 -6.867307e-03 2.532341e-02 1.312995e+02 6.944798e-03 9.999714e-01 -2.973383e-03 -1.566726e+00 -2.530227e-02 3.148225e-03 9.996749e-01 -1.464948e+00
9.996659e-01 -8.982691e-03 2.423513e-02 1.332745e+02 9.067127e-03 9.999532e-01 -3.376374e-03 -1.569128e+00 -2.420366e-02 3.594989e-03 9.997006e-01 -1.507836e+00
9.996415e-01 -1.078535e-02 2.450522e-02 1.352305e+02 1.091104e-02 9.999279e-01 -5.001104e-03 -1.566613e+00 -2.444952e-02 5.266688e-03 9.996872e-01 -1.521553e+00
9.996125e-01 -1.321919e-02 2.449933e-02 1.372176e+02 1.339929e-02 9.998844e-01 -7.201842e-03 -1.566034e+00 -2.440129e-02 7.527324e-03 9.996739e-01 -1.549117e+00
9.995559e-01 -1.534720e-02 2.554236e-02 1.391928e+02 1.559623e-02 9.998325e-01 -9.579136e-03 -1.563377e+00 -2.539106e-02 9.973248e-03 9.996278e-01 -1.565304e+00
9.994847e-01 -1.723409e-02 2.708153e-02 1.411578e+02 1.750698e-02 9.997979e-01 -9.871954e-03 -1.548417e+00 -2.690593e-02 1.034098e-02 9.995845e-01 -1.598866e+00
9.994348e-01 -1.871185e-02 2.792759e-02 1.431245e+02 1.898778e-02 9.997730e-01 -9.647923e-03 -1.544887e+00 -2.774073e-02 1.017275e-02 9.995634e-01 -1.608320e+00
9.994041e-01 -1.986927e-02 2.822456e-02 1.450963e+02 2.019228e-02 9.997333e-01 -1.120573e-02 -1.522262e+00 -2.799438e-02 1.176897e-02 9.995388e-01 -1.626174e+00
9.993386e-01 -2.088084e-02 2.977094e-02 1.470585e+02 2.121115e-02 9.997166e-01 -1.082276e-02 -1.512236e+00 -2.953651e-02 1.144707e-02 9.994981e-01 -1.650762e+00
9.993291e-01 -2.179602e-02 2.943290e-02 1.490105e+02 2.205336e-02 9.997211e-01 -8.447172e-03 -1.487139e+00 -2.924058e-02 9.090599e-03 9.995311e-01 -1.668559e+00
9.993258e-01 -2.282190e-02 2.875860e-02 1.509686e+02 2.292391e-02 9.997320e-01 -3.222358e-03 -1.463606e+00 -2.867735e-02 3.879446e-03 9.995812e-01 -1.698328e+00
9.993149e-01 -2.379115e-02 2.834952e-02 1.529045e+02 2.384796e-02 9.997141e-01 -1.667675e-03 -1.440803e+00 -2.830174e-02 2.342610e-03 9.995967e-01 -1.726745e+00
9.992407e-01 -2.437551e-02 3.039538e-02 1.548712e+02 2.446726e-02 9.996972e-01 -2.650358e-03 -1.420452e+00 -3.032158e-02 3.392037e-03 9.995344e-01 -1.747332e+00
9.991183e-01 -2.513045e-02 3.363171e-02 1.568059e+02 2.522352e-02 9.996790e-01 -2.345992e-03 -1.398928e+00 -3.356196e-02 3.192233e-03 9.994316e-01 -1.779391e+00
9.990570e-01 -2.597464e-02 3.479077e-02 1.587630e+02 2.603548e-02 9.996603e-01 -1.296668e-03 -1.371839e+00 -3.474527e-02 2.201240e-03 9.993938e-01 -1.823120e+00
9.990196e-01 -2.621753e-02 3.567132e-02 1.606890e+02 2.615084e-02 9.996552e-01 2.334807e-03 -1.347946e+00 -3.572023e-02 -1.399683e-03 9.993609e-01 -1.875643e+00
9.990937e-01 -2.654186e-02 3.327837e-02 1.626352e+02 2.653089e-02 9.996477e-01 7.711448e-04 -1.312637e+00 -3.328712e-02 1.124589e-04 9.994458e-01 -1.890832e+00
9.990748e-01 -2.641435e-02 3.393886e-02 1.645657e+02 2.638780e-02 9.996511e-01 1.230261e-03 -1.281765e+00 -3.395952e-02 -3.335514e-04 9.994231e-01 -1.976497e+00
9.991370e-01 -2.633081e-02 3.212516e-02 1.665053e+02 2.635984e-02 9.996524e-01 -4.805146e-04 -1.250957e+00 -3.210134e-02 1.326914e-03 9.994838e-01 -1.962229e+00
9.991440e-01 -2.615761e-02 3.204672e-02 1.684502e+02 2.613406e-02 9.996578e-01 1.153704e-03 -1.217854e+00 -3.206593e-02 -3.152058e-04 9.994857e-01 -2.036565e+00
9.991450e-01 -2.518291e-02 3.278844e-02 1.703992e+02 2.521327e-02 9.996821e-01 -5.126133e-04 -1.192845e+00 -3.276511e-02 1.338879e-03 9.994622e-01 -2.040947e+00
9.991282e-01 -2.352054e-02 3.449086e-02 1.723431e+02 2.353885e-02 9.997228e-01 -1.248851e-04 -1.167801e+00 -3.447837e-02 9.366515e-04 9.994050e-01 -2.085025e+00
9.991881e-01 -2.063209e-02 3.460484e-02 1.742983e+02 2.078787e-02 9.997754e-01 -4.147667e-03 -1.151627e+00 -3.451149e-02 4.863660e-03 9.993924e-01 -2.116444e+00
9.990886e-01 -1.782612e-02 3.878388e-02 1.762550e+02 1.812215e-02 9.998091e-01 -7.294684e-03 -1.137613e+00 -3.864645e-02 7.990883e-03 9.992210e-01 -2.141863e+00
9.991052e-01 -1.433018e-02 3.979325e-02 1.782092e+02 1.475115e-02 9.998381e-01 -1.030561e-02 -1.140117e+00 -3.963913e-02 1.088339e-02 9.991548e-01 -2.156095e+00
9.988636e-01 -1.063723e-02 4.645884e-02 1.801449e+02 1.104651e-02 9.999024e-01 -8.561612e-03 -1.143566e+00 -4.636323e-02 9.065091e-03 9.988835e-01 -2.170884e+00
9.986728e-01 -6.852669e-03 5.104564e-02 1.821026e+02 7.209612e-03 9.999509e-01 -6.811789e-03 -1.154754e+00 -5.099645e-02 7.170768e-03 9.986731e-01 -2.165108e+00
9.985019e-01 -3.700603e-03 5.459196e-02 1.840456e+02 3.997218e-03 9.999777e-01 -5.325125e-03 -1.166811e+00 -5.457105e-02 5.535364e-03 9.984946e-01 -2.219469e+00
9.983663e-01 -3.141447e-04 5.713721e-02 1.860077e+02 5.534121e-04 9.999913e-01 -4.171820e-03 -1.192288e+00 -5.713539e-02 4.196625e-03 9.983576e-01 -2.242954e+00
9.982346e-01 2.692944e-03 5.933422e-02 1.879753e+02 -2.359643e-03 9.999809e-01 -5.686702e-03 -1.208634e+00 -5.934841e-02 5.536655e-03 9.982220e-01 -2.269307e+00
9.980885e-01 5.643007e-03 6.154251e-02 1.899321e+02 -5.394490e-03 9.999768e-01 -4.203546e-03 -1.243875e+00 -6.156480e-02 3.863521e-03 9.980956e-01 -2.322999e+00
9.981220e-01 8.479160e-03 6.066820e-02 1.919011e+02 -8.196707e-03 9.999545e-01 -4.903053e-03 -1.277740e+00 -6.070701e-02 4.396565e-03 9.981459e-01 -2.321188e+00
9.980944e-01 1.096899e-02 6.072314e-02 1.938511e+02 -1.082548e-02 9.999379e-01 -2.691826e-03 -1.317742e+00 -6.074889e-02 2.029339e-03 9.981510e-01 -2.369400e+00
9.980842e-01 1.323031e-02 6.043862e-02 1.958285e+02 -1.318701e-02 9.999125e-01 -1.115307e-03 -1.361029e+00 -6.044808e-02 3.161654e-04 9.981713e-01 -2.359748e+00
9.979593e-01 1.398877e-02 6.230206e-02 1.977886e+02 -1.417895e-02 9.998960e-01 2.611447e-03 -1.412932e+00 -6.225906e-02 -3.489495e-03 9.980539e-01 -2.452832e+00
9.979389e-01 1.494318e-02 6.240744e-02 1.997624e+02 -1.522567e-02 9.998760e-01 4.053289e-03 -1.455910e+00 -6.233913e-02 -4.995130e-03 9.980425e-01 -2.448328e+00
9.977421e-01 1.544750e-02 6.536067e-02 2.017113e+02 -1.636877e-02 9.997737e-01 1.358325e-02 -1.523143e+00 -6.513605e-02 -1.462246e-02 9.977692e-01 -2.496039e+00
9.975881e-01 1.641264e-02 6.744303e-02 2.036887e+02 -1.750912e-02 9.997236e-01 1.569902e-02 -1.571543e+00 -6.716672e-02 -1.684202e-02 9.975996e-01 -2.557733e+00
9.974610e-01 1.712871e-02 6.912519e-02 2.056722e+02 -1.790765e-02 9.997827e-01 1.066451e-02 -1.648363e+00 -6.892751e-02 -1.187530e-02 9.975510e-01 -2.670918e+00
9.972542e-01 1.773406e-02 7.189962e-02 2.076430e+02 -1.836986e-02 9.997977e-01 8.191142e-03 -1.694448e+00 -7.173982e-02 -9.489436e-03 9.973782e-01 -2.697144e+00
9.972100e-01 1.863925e-02 7.228353e-02 2.096088e+02 -1.952775e-02 9.997420e-01 1.160467e-02 -1.756114e+00 -7.204858e-02 -1.298383e-02 9.973166e-01 -2.750610e+00
9.972379e-01 1.984568e-02 7.157373e-02 2.115837e+02 -2.091714e-02 9.996797e-01 1.425161e-02 -1.831558e+00 -7.126797e-02 -1.570936e-02 9.973335e-01 -2.811846e+00
9.971925e-01 2.075193e-02 7.194757e-02 2.135712e+02 -2.177674e-02 9.996718e-01 1.348867e-02 -1.892398e+00 -7.164405e-02 -1.501759e-02 9.973172e-01 -2.867913e+00
9.972758e-01 2.141334e-02 7.058719e-02 2.155571e+02 -2.228573e-02 9.996843e-01 1.159479e-02 -1.958096e+00 -7.031663e-02 -1.313629e-02 9.974383e-01 -2.942042e+00
9.972376e-01 2.225141e-02 7.086566e-02 2.175386e+02 -2.320131e-02 9.996514e-01 1.260924e-02 -2.018279e+00 -7.056038e-02 -1.421859e-02 9.974062e-01 -2.995036e+00
9.973778e-01 2.388975e-02 6.831504e-02 2.195330e+02 -2.490908e-02 9.995903e-01 1.410805e-02 -2.093899e+00 -6.795000e-02 -1.577272e-02 9.975640e-01 -3.036767e+00
9.971442e-01 2.530923e-02 7.115490e-02 2.215162e+02 -2.666094e-02 9.994805e-01 1.811141e-02 -2.160549e+00 -7.065954e-02 -1.995674e-02 9.973009e-01 -3.115468e+00
9.972794e-01 2.748375e-02 6.839904e-02 2.235110e+02 -2.878078e-02 9.994229e-01 1.804977e-02 -2.247350e+00 -6.786348e-02 -1.996924e-02 9.974948e-01 -3.190293e+00
9.972402e-01 2.966244e-02 6.806000e-02 2.255158e+02 -3.065914e-02 9.994367e-01 1.364664e-02 -2.333605e+00 -6.761687e-02 -1.569564e-02 9.975879e-01 -3.269095e+00
9.972193e-01 3.157638e-02 6.750186e-02 2.275236e+02 -3.212010e-02 9.994596e-01 6.984502e-03 -2.411577e+00 -6.724484e-02 -9.133246e-03 9.976947e-01 -3.342503e+00
9.971298e-01 3.327325e-02 6.800821e-02 2.295140e+02 -3.376168e-02 9.994117e-01 6.044884e-03 -2.486353e+00 -6.776706e-02 -8.323604e-03 9.976665e-01 -3.365476e+00
9.973393e-01 3.477104e-02 6.407233e-02 2.315114e+02 -3.584575e-02 9.992338e-01 1.570054e-02 -2.558056e+00 -6.347733e-02 -1.795549e-02 9.978217e-01 -3.416956e+00
9.978209e-01 3.740995e-02 5.435003e-02 2.335081e+02 -3.849412e-02 9.990774e-01 1.903954e-02 -2.672389e+00 -5.358762e-02 -2.109021e-02 9.983404e-01 -3.492836e+00
9.977123e-01 3.897655e-02 5.523545e-02 2.355397e+02 -3.984519e-02 9.990976e-01 1.471286e-02 -2.776692e+00 -5.461214e-02 -1.688007e-02 9.983649e-01 -3.562665e+00
9.975742e-01 4.026113e-02 5.678697e-02 2.375582e+02 -4.086497e-02 9.991194e-01 9.512140e-03 -2.879447e+00 -5.635400e-02 -1.180966e-02 9.983410e-01 -3.602373e+00
9.971600e-01 4.153876e-02 6.282028e-02 2.395645e+02 -4.252298e-02 9.989915e-01 1.441174e-02 -2.980858e+00 -6.215828e-02 -1.704212e-02 9.979208e-01 -3.679984e+00
9.970872e-01 4.300444e-02 6.298931e-02 2.415746e+02 -4.429328e-02 9.988339e-01 1.920926e-02 -3.097699e+00 -6.208977e-02 -2.194331e-02 9.978293e-01 -3.728169e+00
9.968824e-01 4.431443e-02 6.528240e-02 2.435926e+02 -4.601054e-02 9.986353e-01 2.471010e-02 -3.205478e+00 -6.409830e-02 -2.763674e-02 9.975609e-01 -3.817895e+00
9.969983e-01 4.566571e-02 6.252195e-02 2.456283e+02 -4.731434e-02 9.985634e-01 2.514657e-02 -3.325083e+00 -6.128380e-02 -2.802928e-02 9.977267e-01 -3.885483e+00
9.967920e-01 4.694895e-02 6.481947e-02 2.476504e+02 -4.871612e-02 9.984754e-01 2.595618e-02 -3.452250e+00 -6.350203e-02 -2.903067e-02 9.975594e-01 -3.994123e+00
9.967241e-01 4.849255e-02 6.472758e-02 2.496832e+02 -5.031585e-02 9.983727e-01 2.684140e-02 -3.586688e+00 -6.332063e-02 -3.001030e-02 9.975419e-01 -4.072996e+00
9.965233e-01 4.955769e-02 6.697338e-02 2.517085e+02 -5.154176e-02 9.982717e-01 2.822782e-02 -3.705603e+00 -6.545874e-02 -3.158161e-02 9.973554e-01 -4.178808e+00
9.965209e-01 5.095345e-02 6.595306e-02 2.537388e+02 -5.297959e-02 9.981643e-01 2.934439e-02 -3.837436e+00 -6.433679e-02 -3.273647e-02 9.973912e-01 -4.269102e+00
9.964353e-01 5.246986e-02 6.605823e-02 2.557944e+02 -5.448164e-02 9.980927e-01 2.902958e-02 -3.975582e+00 -6.440905e-02 -3.252506e-02 9.973934e-01 -4.357233e+00
9.963601e-01 5.375991e-02 6.615412e-02 2.578419e+02 -5.587466e-02 9.979706e-01 3.054194e-02 -4.115494e+00 -6.437793e-02 -3.412711e-02 9.973419e-01 -4.453758e+00
9.963215e-01 5.463126e-02 6.602171e-02 2.598954e+02 -5.666377e-02 9.979630e-01 2.931394e-02 -4.257605e+00 -6.428576e-02 -3.294715e-02 9.973875e-01 -4.535974e+00
9.961407e-01 5.546398e-02 6.802556e-02 2.619414e+02 -5.763544e-02 9.978752e-01 3.038389e-02 -4.402889e+00 -6.619582e-02 -3.418731e-02 9.972208e-01 -4.641870e+00
9.962384e-01 5.650736e-02 6.569657e-02 2.640010e+02 -5.873924e-02 9.977427e-01 3.255098e-02 -4.550157e+00 -6.370889e-02 -3.628749e-02 9.973086e-01 -4.739527e+00
9.962372e-01 5.656489e-02 6.566560e-02 2.660487e+02 -5.903861e-02 9.975933e-01 3.636151e-02 -4.691233e+00 -6.345078e-02 -4.010149e-02 9.971790e-01 -4.854575e+00
9.963879e-01 5.674040e-02 6.317969e-02 2.681294e+02 -5.918787e-02 9.975399e-01 3.756393e-02 -4.846110e+00 -6.089286e-02 -4.116772e-02 9.972950e-01 -4.942261e+00
9.960445e-01 5.651289e-02 6.856922e-02 2.702003e+02 -5.906533e-02 9.976126e-01 3.578474e-02 -4.986007e+00 -6.638322e-02 -3.969326e-02 9.970044e-01 -5.047786e+00
9.960925e-01 5.610642e-02 6.820381e-02 2.722616e+02 -5.881411e-02 9.975317e-01 3.836099e-02 -5.144618e+00 -6.588316e-02 -4.222244e-02 9.969336e-01 -5.174817e+00
9.959859e-01 5.646250e-02 6.945554e-02 2.743333e+02 -5.906964e-02 9.976019e-01 3.607244e-02 -5.285203e+00 -6.725224e-02 -4.003035e-02 9.969326e-01 -5.272786e+00
9.960254e-01 5.722269e-02 6.825558e-02 2.764035e+02 -5.986871e-02 9.975064e-01 3.737069e-02 -5.438727e+00 -6.594693e-02 -4.130853e-02 9.969677e-01 -5.396379e+00
9.958549e-01 5.845708e-02 6.968321e-02 2.784781e+02 -6.123035e-02 9.973868e-01 3.834832e-02 -5.584669e+00 -6.725937e-02 -4.245609e-02 9.968318e-01 -5.502337e+00
9.957980e-01 6.049004e-02 6.875588e-02 2.805599e+02 -6.319456e-02 9.972827e-01 3.786357e-02 -5.746551e+00 -6.627868e-02 -4.204946e-02 9.969147e-01 -5.628425e+00
9.956723e-01 6.235177e-02 6.891214e-02 2.826284e+02 -6.502835e-02 9.971858e-01 3.730270e-02 -5.895886e+00 -6.639232e-02 -4.162251e-02 9.969251e-01 -5.736813e+00
9.957752e-01 6.465551e-02 6.520259e-02 2.846999e+02 -6.750051e-02 9.968174e-01 4.241563e-02 -6.059829e+00 -6.225267e-02 -4.663764e-02 9.969702e-01 -5.869419e+00
9.957291e-01 6.697027e-02 6.354952e-02 2.867674e+02 -6.980186e-02 9.966148e-01 4.343343e-02 -6.224921e+00 -6.042565e-02 -4.768381e-02 9.970331e-01 -5.998373e+00
9.957717e-01 6.968189e-02 5.985951e-02 2.888467e+02 -7.253664e-02 9.962616e-01 4.691884e-02 -6.400610e+00 -5.636634e-02 -5.106246e-02 9.971035e-01 -6.116682e+00
9.955946e-01 7.261699e-02 5.931513e-02 2.909155e+02 -7.541040e-02 9.960773e-01 4.629579e-02 -6.574065e+00 -5.572059e-02 -5.056482e-02 9.971652e-01 -6.252659e+00
9.952986e-01 7.648087e-02 5.942494e-02 2.929906e+02 -7.943089e-02 9.956367e-01 4.897469e-02 -6.758042e+00 -5.542001e-02 -5.346462e-02 9.970307e-01 -6.365689e+00
9.951508e-01 7.984447e-02 5.744332e-02 2.950694e+02 -8.266574e-02 9.953947e-01 4.853686e-02 -6.944345e+00 -5.330337e-02 -5.305009e-02 9.971682e-01 -6.513042e+00
9.946842e-01 8.351068e-02 6.024431e-02 2.971301e+02 -8.654156e-02 9.950134e-01 4.958581e-02 -7.140738e+00 -5.580295e-02 -5.453585e-02 9.969513e-01 -6.654597e+00
9.944503e-01 8.800340e-02 5.765406e-02 2.992059e+02 -9.073384e-02 9.947851e-01 4.658530e-02 -7.345059e+00 -5.325373e-02 -5.155794e-02 9.972491e-01 -6.783020e+00
9.939913e-01 9.235261e-02 5.875674e-02 3.012844e+02 -9.523620e-02 9.942809e-01 4.832647e-02 -7.562048e+00 -5.395763e-02 -5.363186e-02 9.971019e-01 -6.945995e+00
9.936852e-01 9.728376e-02 5.590580e-02 3.033672e+02 -9.998956e-02 9.938383e-01 4.782737e-02 -7.780365e+00 -5.090850e-02 -5.311535e-02 9.972899e-01 -7.042894e+00
9.931846e-01 1.019083e-01 5.656105e-02 3.054344e+02 -1.047902e-01 9.932082e-01 5.056265e-02 -8.022733e+00 -5.102414e-02 -5.614509e-02 9.971180e-01 -7.217073e+00
9.928356e-01 1.066263e-01 5.392876e-02 3.075203e+02 -1.093799e-01 9.926919e-01 5.097811e-02 -8.260365e+00 -4.809904e-02 -5.651160e-02 9.972426e-01 -7.318703e+00
9.921840e-01 1.113195e-01 5.638085e-02 3.095851e+02 -1.143694e-01 9.919639e-01 5.410754e-02 -8.522974e+00 -4.990453e-02 -6.013289e-02 9.969421e-01 -7.498132e+00
9.917139e-01 1.153579e-01 5.653419e-02 3.116675e+02 -1.184328e-01 9.914685e-01 5.444020e-02 -8.777569e+00 -4.977177e-02 -6.068461e-02 9.969153e-01 -7.620175e+00
9.910821e-01 1.196984e-01 5.855337e-02 3.137326e+02 -1.230014e-01 9.907975e-01 5.648953e-02 -9.054397e+00 -5.125282e-02 -6.318790e-02 9.966847e-01 -7.795346e+00
9.907518e-01 1.237180e-01 5.571992e-02 3.158064e+02 -1.268810e-01 9.902595e-01 5.733321e-02 -9.333673e+00 -4.808403e-02 -6.387278e-02 9.967990e-01 -7.945873e+00
9.903143e-01 1.275292e-01 5.489933e-02 3.178684e+02 -1.307580e-01 9.896034e-01 5.989513e-02 -9.618052e+00 -4.669020e-02 -6.649353e-02 9.966938e-01 -8.098304e+00
9.898691e-01 1.322289e-01 5.171742e-02 3.199455e+02 -1.352160e-01 9.890407e-01 5.929066e-02 -9.918409e+00 -4.331068e-02 -6.568301e-02 9.969001e-01 -8.238999e+00
9.890956e-01 1.361211e-01 5.622248e-02 3.220286e+02 -1.395909e-01 9.881878e-01 6.323937e-02 -1.023108e+01 -4.695016e-02 -7.039793e-02 9.964135e-01 -8.421846e+00
9.885774e-01 1.399194e-01 5.601178e-02 3.240938e+02 -1.436126e-01 9.872626e-01 6.846699e-02 -1.055066e+01 -4.571848e-02 -7.572892e-02 9.960798e-01 -8.582311e+00
9.879752e-01 1.430966e-01 5.855266e-02 3.261742e+02 -1.469297e-01 9.868455e-01 6.743755e-02 -1.087384e+01 -4.813234e-02 -7.522976e-02 9.960039e-01 -8.761392e+00
9.875295e-01 1.466379e-01 5.729532e-02 3.282556e+02 -1.503477e-01 9.863657e-01 6.692037e-02 -1.121917e+01 -4.670107e-02 -7.470006e-02 9.961119e-01 -8.965076e+00
9.871944e-01 1.505259e-01 5.281362e-02 3.303628e+02 -1.538920e-01 9.858257e-01 6.681946e-02 -1.155801e+01 -4.200697e-02 -7.409139e-02 9.963663e-01 -9.127547e+00
9.867781e-01 1.543068e-01 4.958100e-02 3.324427e+02 -1.574199e-01 9.852824e-01 6.661300e-02 -1.190050e+01 -3.857246e-02 -7.353729e-02 9.965463e-01 -9.291744e+00
9.860576e-01 1.577391e-01 5.299867e-02 3.345336e+02 -1.610122e-01 9.848417e-01 6.451587e-02 -1.226348e+01 -4.201862e-02 -7.214979e-02 9.965083e-01 -9.447468e+00
9.851754e-01 1.605763e-01 6.037188e-02 3.366252e+02 -1.644382e-01 9.842032e-01 6.560612e-02 -1.263662e+01 -4.888341e-02 -7.456097e-02 9.960176e-01 -9.609655e+00
9.844596e-01 1.632992e-01 6.459633e-02 3.387054e+02 -1.675533e-01 9.835795e-01 6.705880e-02 -1.301534e+01 -5.258498e-02 -7.684001e-02 9.956558e-01 -9.793654e+00
9.837707e-01 1.668295e-01 6.605456e-02 3.407952e+02 -1.712245e-01 9.829077e-01 6.763536e-02 -1.340778e+01 -5.364196e-02 -7.784785e-02 9.955211e-01 -9.959764e+00
9.832753e-01 1.703119e-01 6.452589e-02 3.428684e+02 -1.745786e-01 9.823250e-01 6.752671e-02 -1.381179e+01 -5.188479e-02 -7.766218e-02 9.956287e-01 -1.015294e+01
9.826615e-01 1.742277e-01 6.341222e-02 3.449333e+02 -1.784001e-01 9.816432e-01 6.745403e-02 -1.420867e+01 -5.049581e-02 -7.759722e-02 9.957052e-01 -1.032886e+01
9.819006e-01 1.780501e-01 6.457159e-02 3.470308e+02 -1.823464e-01 9.808676e-01 6.817875e-02 -1.460290e+01 -5.119695e-02 -7.871915e-02 9.955813e-01 -1.049627e+01
9.812091e-01 1.807800e-01 6.743387e-02 3.490845e+02 -1.856500e-01 9.797711e-01 7.471789e-02 -1.501217e+01 -5.256226e-02 -8.583297e-02 9.949220e-01 -1.067785e+01
9.807308e-01 1.823262e-01 7.017271e-02 3.511823e+02 -1.874831e-01 9.793494e-01 7.566193e-02 -1.543701e+01 -5.492845e-02 -8.736019e-02 9.946613e-01 -1.086690e+01
9.804771e-01 1.833675e-01 7.100058e-02 3.532442e+02 -1.889219e-01 9.785999e-01 8.155103e-02 -1.586259e+01 -5.452736e-02 -9.337248e-02 9.941370e-01 -1.110185e+01
9.806917e-01 1.851252e-01 6.302787e-02 3.553092e+02 -1.901573e-01 9.779483e-01 8.635621e-02 -1.628494e+01 -4.565129e-02 -9.667403e-02 9.942686e-01 -1.132783e+01
9.805118e-01 1.869467e-01 6.039545e-02 3.573842e+02 -1.916408e-01 9.778162e-01 8.455209e-02 -1.670260e+01 -4.324892e-02 -9.447856e-02 9.945870e-01 -1.152095e+01
9.803391e-01 1.884904e-01 5.836633e-02 3.594493e+02 -1.929931e-01 9.775404e-01 8.466607e-02 -1.712816e+01 -4.109670e-02 -9.426575e-02 9.946985e-01 -1.173358e+01
9.801547e-01 1.882645e-01 6.207504e-02 3.615186e+02 -1.930836e-01 9.775914e-01 8.386632e-02 -1.755558e+01 -4.489499e-02 -9.418764e-02 9.945416e-01 -1.192980e+01
9.802817e-01 1.870488e-01 6.372216e-02 3.635785e+02 -1.922355e-01 9.773630e-01 8.835781e-02 -1.799729e+01 -4.575245e-02 -9.886520e-02 9.940485e-01 -1.216418e+01
9.806313e-01 1.850210e-01 6.426101e-02 3.656287e+02 -1.903978e-01 9.774646e-01 9.116865e-02 -1.841820e+01 -4.594475e-02 -1.016380e-01 9.937599e-01 -1.238995e+01
9.810636e-01 1.843472e-01 5.941673e-02 3.676766e+02 -1.891708e-01 9.778447e-01 8.963236e-02 -1.883901e+01 -4.157687e-02 -9.917496e-02 9.942010e-01 -1.261099e+01
9.812124e-01 1.834720e-01 5.966852e-02 3.697397e+02 -1.880925e-01 9.785340e-01 8.421724e-02 -1.925263e+01 -4.293617e-02 -9.385820e-02 9.946593e-01 -1.282322e+01
9.813958e-01 1.827085e-01 5.898962e-02 3.717853e+02 -1.872634e-01 9.787008e-01 8.412519e-02 -1.967441e+01 -4.236280e-02 -9.360671e-02 9.947076e-01 -1.304612e+01
9.815534e-01 1.821769e-01 5.800409e-02 3.738120e+02 -1.866463e-01 9.788073e-01 8.425654e-02 -2.008517e+01 -4.142524e-02 -9.352855e-02 9.947544e-01 -1.325968e+01
9.815400e-01 1.823216e-01 5.777589e-02 3.758615e+02 -1.868430e-01 9.786141e-01 8.604647e-02 -2.050523e+01 -4.085217e-02 -9.525308e-02 9.946145e-01 -1.347945e+01
9.815952e-01 1.832967e-01 5.360153e-02 3.778993e+02 -1.874199e-01 9.784998e-01 8.609279e-02 -2.090973e+01 -3.666857e-02 -9.455426e-02 9.948441e-01 -1.368755e+01
9.812838e-01 1.850955e-01 5.312013e-02 3.799160e+02 -1.890635e-01 9.784302e-01 8.324341e-02 -2.133065e+01 -3.656635e-02 -9.172849e-02 9.951125e-01 -1.390856e+01
9.811103e-01 1.866020e-01 5.101209e-02 3.819507e+02 -1.902948e-01 9.783783e-01 8.101746e-02 -2.173956e+01 -3.479110e-02 -8.919439e-02 9.954064e-01 -1.409101e+01
9.808682e-01 1.879720e-01 5.063607e-02 3.839789e+02 -1.916432e-01 9.780769e-01 8.147655e-02 -2.215689e+01 -3.421066e-02 -8.962182e-02 9.953882e-01 -1.432055e+01
9.805962e-01 1.896227e-01 4.974189e-02 3.859962e+02 -1.931777e-01 9.778523e-01 8.054250e-02 -2.258058e+01 -3.336754e-02 -8.858869e-02 9.955093e-01 -1.451163e+01
9.803891e-01 1.904947e-01 5.048792e-02 3.880014e+02 -1.941273e-01 9.776310e-01 8.094444e-02 -2.299631e+01 -3.393907e-02 -8.915813e-02 9.954391e-01 -1.471631e+01
9.802423e-01 1.914414e-01 4.975221e-02 3.899929e+02 -1.950274e-01 9.773972e-01 8.160163e-02 -2.341816e+01 -3.300574e-02 -8.969241e-02 9.954225e-01 -1.491914e+01
9.800392e-01 1.926088e-01 4.924504e-02 3.919980e+02 -1.961802e-01 9.770777e-01 8.265908e-02 -2.383757e+01 -3.219537e-02 -9.067003e-02 9.953604e-01 -1.512558e+01
9.799707e-01 1.939459e-01 4.519328e-02 3.940008e+02 -1.971753e-01 9.767911e-01 8.367211e-02 -2.426202e+01 -2.791653e-02 -9.090722e-02 9.954680e-01 -1.533563e+01
9.798172e-01 1.949299e-01 4.428010e-02 3.960070e+02 -1.980215e-01 9.767802e-01 8.178138e-02 -2.468635e+01 -2.731029e-02 -8.889922e-02 9.956661e-01 -1.554425e+01
9.796625e-01 1.957405e-01 4.412630e-02 3.980227e+02 -1.988617e-01 9.764664e-01 8.347087e-02 -2.511098e+01 -2.674922e-02 -9.054831e-02 9.955328e-01 -1.573658e+01
9.795578e-01 1.959815e-01 4.536354e-02 4.000297e+02 -1.991985e-01 9.764454e-01 8.291204e-02 -2.554173e+01 -2.804579e-02 -9.025348e-02 9.955239e-01 -1.594048e+01
9.795742e-01 1.957754e-01 4.589446e-02 4.020412e+02 -1.990808e-01 9.763502e-01 8.430237e-02 -2.597848e+01 -2.830473e-02 -9.171714e-02 9.953827e-01 -1.615662e+01
9.797001e-01 1.952946e-01 4.525200e-02 4.040324e+02 -1.984556e-01 9.767394e-01 8.121338e-02 -2.639986e+01 -2.833888e-02 -8.854528e-02 9.956689e-01 -1.635007e+01
9.797992e-01 1.949965e-01 4.438414e-02 4.060487e+02 -1.980579e-01 9.768908e-01 8.035797e-02 -2.682834e+01 -2.768894e-02 -8.752529e-02 9.957774e-01 -1.655837e+01
9.797916e-01 1.951721e-01 4.377404e-02 4.080286e+02 -1.981511e-01 9.769568e-01 7.931814e-02 -2.725707e+01 -2.728466e-02 -8.638913e-02 9.958878e-01 -1.674588e+01
9.798460e-01 1.949832e-01 4.339714e-02 4.100274e+02 -1.979903e-01 9.768051e-01 8.155767e-02 -2.768149e+01 -2.648816e-02 -8.850617e-02 9.957234e-01 -1.695977e+01
9.798407e-01 1.950340e-01 4.328965e-02 4.120174e+02 -1.980142e-01 9.768541e-01 8.091194e-02 -2.810795e+01 -2.650708e-02 -8.785278e-02 9.957807e-01 -1.714264e+01
9.798000e-01 1.949030e-01 4.477343e-02 4.139987e+02 -1.980390e-01 9.767754e-01 8.179551e-02 -2.853209e+01 -2.779139e-02 -8.901013e-02 9.956429e-01 -1.735227e+01
9.798032e-01 1.948025e-01 4.514043e-02 4.159854e+02 -1.979733e-01 9.767835e-01 8.185640e-02 -2.895466e+01 -2.814660e-02 -8.913976e-02 9.956213e-01 -1.755093e+01
9.795449e-01 1.947314e-01 5.070879e-02 4.179439e+02 -1.984618e-01 9.765351e-01 8.361799e-02 -2.938033e+01 -3.323587e-02 -9.197135e-02 9.952068e-01 -1.776531e+01
9.795139e-01 1.947920e-01 5.107355e-02 4.199374e+02 -1.985011e-01 9.766641e-01 8.200488e-02 -2.980676e+01 -3.390780e-02 -9.046308e-02 9.953224e-01 -1.794349e+01
9.793143e-01 1.949585e-01 5.417169e-02 4.218978e+02 -1.988724e-01 9.767584e-01 7.995418e-02 -3.023445e+01 -3.732491e-02 -8.907353e-02 9.953254e-01 -1.818430e+01
9.792942e-01 1.952360e-01 5.353322e-02 4.238653e+02 -1.990838e-01 9.767342e-01 7.972614e-02 -3.066184e+01 -3.672231e-02 -8.873294e-02 9.953783e-01 -1.835405e+01
9.791414e-01 1.955114e-01 5.529447e-02 4.258140e+02 -1.995917e-01 9.764662e-01 8.171244e-02 -3.107923e+01 -3.801747e-02 -9.104435e-02 9.951209e-01 -1.856591e+01
9.791027e-01 1.957675e-01 5.507181e-02 4.277610e+02 -1.998277e-01 9.764159e-01 8.173615e-02 -3.149888e+01 -3.777172e-02 -9.103295e-02 9.951313e-01 -1.876142e+01
9.791094e-01 1.953160e-01 5.653670e-02 4.297121e+02 -1.995317e-01 9.764330e-01 8.225447e-02 -3.192421e+01 -3.913867e-02 -9.181699e-02 9.950064e-01 -1.896548e+01
9.793934e-01 1.942003e-01 5.545026e-02 4.316401e+02 -1.982766e-01 9.767812e-01 8.114620e-02 -3.233996e+01 -3.840416e-02 -9.046855e-02 9.951586e-01 -1.917133e+01
9.794562e-01 1.926417e-01 5.962033e-02 4.335452e+02 -1.972736e-01 9.766397e-01 8.519425e-02 -3.274379e+01 -4.181561e-02 -9.520557e-02 9.945790e-01 -1.937901e+01
9.802472e-01 1.912947e-01 5.021681e-02 4.354356e+02 -1.949202e-01 9.774257e-01 8.151823e-02 -3.314183e+01 -3.348919e-02 -8.969629e-02 9.954060e-01 -1.957567e+01
9.803364e-01 1.897395e-01 5.421633e-02 4.373107e+02 -1.937491e-01 9.776168e-01 8.201832e-02 -3.353518e+01 -3.744067e-02 -9.090990e-02 9.951550e-01 -1.979801e+01
9.809497e-01 1.879953e-01 4.894376e-02 4.391550e+02 -1.915640e-01 9.779655e-01 8.298805e-02 -3.391706e+01 -3.226393e-02 -9.078296e-02 9.953479e-01 -1.995771e+01
9.810370e-01 1.863114e-01 5.342707e-02 4.410060e+02 -1.902981e-01 9.782044e-01 8.308294e-02 -3.430266e+01 -3.678330e-02 -9.167450e-02 9.951094e-01 -2.017896e+01
9.814504e-01 1.844823e-01 5.216788e-02 4.428227e+02 -1.883023e-01 9.787228e-01 8.151262e-02 -3.468078e+01 -3.602025e-02 -8.982392e-02 9.953061e-01 -2.034259e+01
9.813704e-01 1.834014e-01 5.723676e-02 4.446342e+02 -1.875702e-01 9.790854e-01 7.879791e-02 -3.505922e+01 -4.158803e-02 -8.806585e-02 9.952461e-01 -2.055635e+01
9.814250e-01 1.835661e-01 5.575398e-02 4.464182e+02 -1.875047e-01 9.792914e-01 7.635533e-02 -3.542698e+01 -4.058315e-02 -8.539116e-02 9.955207e-01 -2.073044e+01
9.809743e-01 1.844299e-01 6.062148e-02 4.482107e+02 -1.886700e-01 9.792618e-01 7.382520e-02 -3.579207e+01 -4.574872e-02 -8.385809e-02 9.954270e-01 -2.089342e+01
9.807828e-01 1.850583e-01 6.179437e-02 4.499959e+02 -1.897316e-01 9.784843e-01 8.105669e-02 -3.616788e+01 -4.546461e-02 -9.122335e-02 9.947920e-01 -2.106465e+01
9.803134e-01 1.855598e-01 6.747658e-02 4.517592e+02 -1.910291e-01 9.777696e-01 8.645368e-02 -3.653440e+01 -4.993422e-02 -9.764170e-02 9.939681e-01 -2.125456e+01
9.804137e-01 1.866152e-01 6.295817e-02 4.535305e+02 -1.915828e-01 9.777726e-01 8.518567e-02 -3.690479e+01 -4.566183e-02 -9.557890e-02 9.943740e-01 -2.143482e+01
9.801963e-01 1.878528e-01 6.266239e-02 4.552985e+02 -1.923446e-01 9.784096e-01 7.561769e-02 -3.727107e+01 -4.710450e-02 -8.617295e-02 9.951660e-01 -2.162597e+01
9.802053e-01 1.888743e-01 5.936383e-02 4.570517e+02 -1.928608e-01 9.786764e-01 7.068899e-02 -3.763964e+01 -4.474666e-02 -8.073867e-02 9.957304e-01 -2.180523e+01
9.800295e-01 1.901945e-01 5.803663e-02 4.587972e+02 -1.939299e-01 9.786937e-01 6.745441e-02 -3.799326e+01 -4.397062e-02 -7.736234e-02 9.960330e-01 -2.196748e+01
9.799718e-01 1.912663e-01 5.543042e-02 4.605386e+02 -1.950247e-01 9.780799e-01 7.297415e-02 -3.835892e+01 -4.025787e-02 -8.232290e-02 9.957923e-01 -2.212593e+01
9.798163e-01 1.920240e-01 5.555869e-02 4.622623e+02 -1.959780e-01 9.775306e-01 7.763109e-02 -3.871731e+01 -3.940328e-02 -8.695249e-02 9.954329e-01 -2.227947e+01
9.798299e-01 1.925645e-01 5.340625e-02 4.639830e+02 -1.964398e-01 9.771986e-01 8.058704e-02 -3.908472e+01 -3.667030e-02 -8.945271e-02 9.953158e-01 -2.244748e+01
9.798301e-01 1.923102e-01 5.431186e-02 4.657042e+02 -1.962706e-01 9.772259e-01 8.066959e-02 -3.944138e+01 -3.756137e-02 -8.970232e-02 9.952601e-01 -2.262314e+01
9.798985e-01 1.919265e-01 5.443420e-02 4.673967e+02 -1.960475e-01 9.769355e-01 8.463268e-02 -3.980904e+01 -3.693544e-02 -9.360313e-02 9.949242e-01 -2.281523e+01
9.798962e-01 1.912481e-01 5.681173e-02 4.690923e+02 -1.956493e-01 9.768940e-01 8.601933e-02 -4.017297e+01 -3.904801e-02 -9.540520e-02 9.946724e-01 -2.297241e+01
9.800344e-01 1.903449e-01 5.745902e-02 4.707804e+02 -1.948727e-01 9.769112e-01 8.757319e-02 -4.053009e+01 -3.946325e-02 -9.702193e-02 9.944996e-01 -2.317083e+01
9.801849e-01 1.892528e-01 5.848830e-02 4.724673e+02 -1.938720e-01 9.771370e-01 8.727542e-02 -4.088914e+01 -4.063397e-02 -9.688530e-02 9.944658e-01 -2.334389e+01
9.802926e-01 1.883421e-01 5.961360e-02 4.741286e+02 -1.929925e-01 9.774808e-01 8.535545e-02 -4.123827e+01 -4.219512e-02 -9.517828e-02 9.945655e-01 -2.352228e+01
9.805096e-01 1.872863e-01 5.936902e-02 4.757896e+02 -1.918995e-01 9.777306e-01 8.495569e-02 -4.158990e+01 -4.213587e-02 -9.469277e-02 9.946144e-01 -2.370264e+01
9.807574e-01 1.862744e-01 5.845349e-02 4.774409e+02 -1.908188e-01 9.779103e-01 8.532038e-02 -4.192693e+01 -4.126927e-02 -9.483261e-02 9.946374e-01 -2.389359e+01
9.810388e-01 1.858868e-01 5.485350e-02 4.790983e+02 -1.900495e-01 9.781554e-01 8.422080e-02 -4.227016e+01 -3.799971e-02 -9.304875e-02 9.949362e-01 -2.405386e+01
9.812043e-01 1.851412e-01 5.441278e-02 4.807496e+02 -1.893555e-01 9.780800e-01 8.662409e-02 -4.260392e+01 -3.718238e-02 -9.529929e-02 9.947540e-01 -2.424516e+01
9.813315e-01 1.847940e-01 5.328853e-02 4.823842e+02 -1.890193e-01 9.778514e-01 8.987875e-02 -4.294114e+01 -3.549921e-02 -9.827341e-02 9.945261e-01 -2.441711e+01
9.816079e-01 1.847451e-01 4.811704e-02 4.840124e+02 -1.885225e-01 9.777689e-01 9.180045e-02 -4.327028e+01 -3.008766e-02 -9.918319e-02 9.946142e-01 -2.461043e+01
9.814909e-01 1.852677e-01 4.849178e-02 4.856481e+02 -1.892389e-01 9.771209e-01 9.707530e-02 -4.360549e+01 -2.939741e-02 -1.044551e-01 9.940950e-01 -2.479369e+01
9.819206e-01 1.857673e-01 3.636560e-02 4.872494e+02 -1.884721e-01 9.773251e-01 9.650946e-02 -4.392290e+01 -1.761271e-02 -1.016185e-01 9.946675e-01 -2.500100e+01
9.819344e-01 1.863759e-01 3.269244e-02 4.888823e+02 -1.885666e-01 9.781826e-01 8.718645e-02 -4.424002e+01 -1.572972e-02 -9.177608e-02 9.956554e-01 -2.519176e+01
