1.000000e+00 0.000000e+00 0.000000e+00 0.000000e+00 0.000000e+00 1.000000e+00 0.000000e+00 0.000000e+00 0.000000e+00 0.000000e+00 1.000000e+00 0.000000e+00
9.999982e-01 1.346083e-03 -1.336501e-03 7.402890e-01 -1.333019e-03 9.999518e-01 9.728307e-03 -1.296225e-02 1.349532e-03 -9.726508e-03 9.999518e-01 -3.731934e-02
9.999964e-01 1.338707e-04 -2.691618e-03 1.306659e+00 -8.998295e-05 9.998672e-01 1.629885e-02 -1.269695e-02 2.693443e-03 -1.629855e-02 9.998636e-01 -5.148358e-02
9.999918e-01 3.578296e-04 -4.042811e-03 1.863847e+00 -2.790313e-04 9.998103e-01 1.947476e-02 -1.890779e-02 4.049013e-03 -1.947347e-02 9.998022e-01 -4.221762e-02
9.999951e-01 -3.381621e-04 -3.132925e-03 2.416552e+00 3.880427e-04 9.998730e-01 1.593451e-02 -2.720684e-02 3.127139e-03 -1.593564e-02 9.998682e-01 -4.459686e-02
9.999995e-01 -3.934550e-04 -8.838114e-04 2.966740e+00 4.040500e-04 9.999276e-01 1.201986e-02 -3.501399e-02 8.790182e-04 -1.202021e-02 9.999273e-01 -5.317928e-02
9.999992e-01 -4.623652e-04 1.221976e-03 3.493679e+00 4.519825e-04 9.999640e-01 8.483307e-03 -4.180318e-02 -1.225854e-03 -8.482748e-03 9.999633e-01 -7.469419e-02
9.999993e-01 1.002329e-04 1.153797e-03 4.018107e+00 -1.105534e-04 9.999599e-01 8.948201e-03 -4.649439e-02 -1.152854e-03 -8.948322e-03 9.999593e-01 -1.146106e-01
9.999892e-01 6.454377e-05 -4.643043e-03 4.557097e+00 -1.228339e-05 9.999366e-01 1.125478e-02 -4.399353e-02 4.643475e-03 -1.125460e-02 9.999259e-01 -1.205536e-01
9.999720e-01 -4.851526e-04 -7.461261e-03 5.086488e+00 5.830072e-04 9.999138e-01 1.311843e-02 -4.258374e-02 7.454253e-03 -1.312242e-02 9.998861e-01 -1.430355e-01
9.999746e-01 -1.025095e-03 -7.047941e-03 5.618503e+00 1.112082e-03 9.999232e-01 1.234935e-02 -4.870534e-02 7.034739e-03 -1.235687e-02 9.998989e-01 -1.406860e-01
9.999911e-01 -1.224392e-03 -4.049438e-03 6.142305e+00 1.273394e-03 9.999257e-01 1.212077e-02 -5.647395e-02 4.034296e-03 -1.212581e-02 9.999183e-01 -1.520917e-01
9.999953e-01 -1.029628e-03 -2.891974e-03 6.669319e+00 1.062236e-03 9.999357e-01 1.129656e-02 -6.575534e-02 2.880156e-03 -1.129958e-02 9.999320e-01 -1.781802e-01
9.999685e-01 -6.192086e-04 -7.907867e-03 7.189122e+00 6.935599e-04 9.999557e-01 9.402923e-03 -6.399712e-02 7.901692e-03 -9.408113e-03 9.999245e-01 -1.900273e-01
9.999200e-01 -9.253048e-04 -1.261546e-02 7.710416e+00 1.051767e-03 9.999493e-01 1.002148e-02 -6.113794e-02 1.260554e-02 -1.003395e-02 9.998702e-01 -2.148942e-01
9.999165e-01 -2.547652e-03 -1.267131e-02 8.239654e+00 2.676952e-03 9.999444e-01 1.019769e-02 -6.449519e-02 1.264463e-02 -1.023076e-02 9.998677e-01 -2.078624e-01
9.999079e-01 -3.749062e-03 -1.304576e-02 8.755123e+00 3.896234e-03 9.999290e-01 1.127413e-02 -6.465274e-02 1.300257e-02 -1.132392e-02 9.998513e-01 -2.400309e-01
9.999194e-01 -4.709154e-03 -1.179584e-02 9.274128e+00 4.828720e-03 9.999369e-01 1.012838e-02 -6.744661e-02 1.174740e-02 -1.018452e-02 9.998791e-01 -2.484722e-01
9.999053e-01 -5.348839e-03 -1.267547e-02 9.799040e+00 5.462200e-03 9.999453e-01 8.925711e-03 -7.250673e-02 1.262703e-02 -8.994102e-03 9.998798e-01 -2.536147e-01
9.999744e-01 -6.766987e-03 -2.338113e-03 1.033457e+01 6.775837e-03 9.999698e-01 3.797910e-03 -8.952547e-02 2.312342e-03 -3.813655e-03 9.999900e-01 -2.330552e-01
9.999662e-01 -7.535685e-03 3.279272e-03 1.085106e+01 7.543236e-03 9.999689e-01 -2.296469e-03 -9.638941e-02 -3.261864e-03 2.321128e-03 9.999920e-01 -2.673406e-01
9.999697e-01 -7.092693e-03 3.221290e-03 1.136022e+01 7.107512e-03 9.999641e-01 -4.612111e-03 -9.505604e-02 -3.188462e-03 4.634866e-03 9.999842e-01 -3.120964e-01
9.999714e-01 -7.342040e-03 1.780598e-03 1.187142e+01 7.350724e-03 9.999608e-01 -4.920480e-03 -9.128715e-02 -1.744402e-03 4.933428e-03 9.999863e-01 -2.884389e-01
9.999603e-01 -7.799481e-03 -4.303377e-03 1.236622e+01 7.795095e-03 9.999690e-01 -1.035052e-03 -8.925550e-02 4.311317e-03 1.001466e-03 9.999902e-01 -3.392471e-01
9.999423e-01 -9.168784e-03 -5.597237e-03 1.286989e+01 9.227649e-03 9.999014e-01 1.058312e-02 -8.467384e-02 5.499651e-03 -1.063415e-02 9.999284e-01 -3.466232e-01
9.999261e-01 -1.119858e-02 -4.725115e-03 1.337469e+01 1.128499e-02 9.997621e-01 1.867438e-02 -8.620451e-02 4.514863e-03 -1.872632e-02 9.998145e-01 -3.269394e-01
9.999365e-01 -1.120235e-02 -1.213611e-03 1.388379e+01 1.122112e-02 9.997967e-01 1.675211e-02 -9.446429e-02 1.025701e-03 -1.676467e-02 9.998589e-01 -3.743804e-01
9.999300e-01 -1.164044e-02 -2.105473e-03 1.440938e+01 1.166234e-02 9.998748e-01 1.070731e-02 -9.445302e-02 1.980572e-03 -1.073112e-02 9.999405e-01 -3.211148e-01
9.999242e-01 -1.193934e-02 -2.996307e-03 1.491456e+01 1.196234e-02 9.998982e-01 7.778886e-03 -8.745921e-02 2.903127e-03 -7.814139e-03 9.999653e-01 -3.834159e-01
9.999130e-01 -1.033746e-02 -8.195235e-03 1.542618e+01 1.034139e-02 9.999466e-01 4.368917e-04 -8.152554e-02 8.190281e-03 -5.216038e-04 9.999663e-01 -3.921054e-01
9.998674e-01 -9.713518e-03 -1.306901e-02 1.593824e+01 9.700352e-03 9.999524e-01 -1.070317e-03 -7.139906e-02 1.307878e-02 9.434014e-04 9.999141e-01 -4.120013e-01
9.998621e-01 -1.011557e-02 -1.316916e-02 1.644530e+01 1.014941e-02 9.999454e-01 2.505229e-03 -7.502827e-02 1.314310e-02 -2.638543e-03 9.999101e-01 -4.030049e-01
9.998960e-01 -1.006810e-02 -1.032193e-02 1.694673e+01 1.013992e-02 9.999247e-01 6.929152e-03 -7.895869e-02 1.025139e-02 -7.033095e-03 9.999227e-01 -4.040063e-01
9.999209e-01 -9.624346e-03 -8.097441e-03 1.745892e+01 9.693456e-03 9.999166e-01 8.539191e-03 -8.735627e-02 8.014581e-03 -8.617009e-03 9.999307e-01 -4.352629e-01
9.999307e-01 -9.155191e-03 -7.399384e-03 1.798823e+01 9.201427e-03 9.999382e-01 6.239090e-03 -8.672447e-02 7.341807e-03 -6.306742e-03 9.999532e-01 -4.238226e-01
9.999256e-01 -9.379561e-03 -7.807255e-03 1.850731e+01 9.421731e-03 9.999411e-01 5.382356e-03 -8.730060e-02 7.756312e-03 -5.455513e-03 9.999551e-01 -4.469128e-01
9.999463e-01 -9.393504e-03 -4.375005e-03 1.903896e+01 9.416506e-03 9.999417e-01 5.267089e-03 -8.692110e-02 4.325274e-03 -5.308004e-03 9.999766e-01 -4.505108e-01
9.999249e-01 -9.801337e-03 -7.360528e-03 1.956549e+01 9.847509e-03 9.999319e-01 6.262977e-03 -9.118304e-02 7.298642e-03 -6.334990e-03 9.999533e-01 -4.803598e-01
9.999487e-01 -9.813253e-03 -2.521154e-03 2.010533e+01 9.831352e-03 9.999251e-01 7.269701e-03 -9.277587e-02 2.449626e-03 -7.294114e-03 9.999704e-01 -4.800188e-01
9.999552e-01 -9.131305e-03 -2.471053e-03 2.064915e+01 9.154063e-03 9.999143e-01 9.360648e-03 -8.935902e-02 2.385366e-03 -9.382849e-03 9.999532e-01 -4.678289e-01
9.999607e-01 -8.810816e-03 9.380898e-04 2.121104e+01 8.797526e-03 9.998724e-01 1.333672e-02 -9.656727e-02 -1.055477e-03 -1.332794e-02 9.999106e-01 -5.074911e-01
9.999587e-01 -8.971205e-03 1.475286e-03 2.178278e+01 8.948036e-03 9.998472e-01 1.502602e-02 -9.431722e-02 -1.609862e-03 -1.501220e-02 9.998860e-01 -5.264797e-01
9.999673e-01 -7.766630e-03 -2.273500e-03 2.236790e+01 7.802495e-03 9.998381e-01 1.621622e-02 -9.456572e-02 2.147186e-03 -1.623343e-02 9.998659e-01 -5.209742e-01
9.999683e-01 -7.942996e-03 -4.897739e-04 2.298131e+01 7.950612e-03 9.998020e-01 1.824800e-02 -9.868748e-02 3.447330e-04 -1.825132e-02 9.998333e-01 -5.608080e-01
9.999584e-01 -9.056224e-03 1.108671e-03 2.358540e+01 9.035331e-03 9.998045e-01 1.758739e-02 -1.057158e-01 -1.267730e-03 -1.757664e-02 9.998447e-01 -5.609934e-01
9.999346e-01 -8.155670e-03 8.014347e-03 2.422164e+01 8.034099e-03 9.998541e-01 1.508616e-02 -1.069981e-01 -8.136215e-03 -1.502078e-02 9.998541e-01 -5.467476e-01
9.999478e-01 -7.833755e-03 6.548948e-03 2.486912e+01 7.736664e-03 9.998616e-01 1.472157e-02 -1.147619e-01 -6.663368e-03 -1.467013e-02 9.998702e-01 -6.189430e-01
9.999302e-01 -7.952597e-03 8.739771e-03 2.552172e+01 7.828733e-03 9.998696e-01 1.411645e-02 -1.048138e-01 -8.850895e-03 -1.404704e-02 9.998621e-01 -6.143178e-01
9.999557e-01 -8.434311e-03 4.181152e-03 2.620399e+01 8.376849e-03 9.998728e-01 1.357533e-02 -9.547438e-02 -4.295119e-03 -1.353971e-02 9.998991e-01 -6.305282e-01
9.999236e-01 -8.722984e-03 8.757737e-03 2.688719e+01 8.602920e-03 9.998698e-01 1.365491e-02 -1.025089e-01 -8.875707e-03 -1.357852e-02 9.998684e-01 -6.377933e-01
9.999385e-01 -8.658607e-03 6.934197e-03 2.758284e+01 8.553276e-03 9.998497e-01 1.507821e-02 -1.124621e-01 -7.063712e-03 -1.501797e-02 9.998623e-01 -6.685596e-01
9.999101e-01 -8.658377e-03 1.023721e-02 2.829693e+01 8.469934e-03 9.997964e-01 1.831002e-02 -1.073336e-01 -1.039366e-02 -1.822167e-02 9.997799e-01 -6.757702e-01
9.999426e-01 -9.427386e-03 5.095967e-03 2.903070e+01 9.322087e-03 9.997503e-01 2.030656e-02 -1.083536e-01 -5.286133e-03 -2.025789e-02 9.997808e-01 -7.012161e-01
9.999153e-01 -9.879119e-03 8.470357e-03 2.978201e+01 9.708744e-03 9.997544e-01 1.992472e-02 -1.079019e-01 -8.665116e-03 -1.984080e-02 9.997656e-01 -7.316122e-01
9.999326e-01 -1.034783e-02 5.262794e-03 3.054735e+01 1.026067e-02 9.998140e-01 1.632836e-02 -1.087036e-01 -5.430778e-03 -1.627326e-02 9.998528e-01 -7.444750e-01
9.999273e-01 -1.028835e-02 6.285330e-03 3.131957e+01 1.021054e-02 9.998723e-01 1.228987e-02 -1.119164e-01 -6.410970e-03 -1.222480e-02 9.999048e-01 -7.632836e-01
9.999301e-01 -1.069565e-02 5.027916e-03 3.209457e+01 1.063606e-02 9.998747e-01 1.173283e-02 -1.097005e-01 -5.152776e-03 -1.167853e-02 9.999185e-01 -7.815499e-01
9.999217e-01 -1.123309e-02 5.509043e-03 3.287837e+01 1.116751e-02 9.998682e-01 1.179367e-02 -1.019776e-01 -5.640795e-03 -1.173122e-02 9.999153e-01 -8.057010e-01
9.999129e-01 -1.085576e-02 7.501496e-03 3.366912e+01 1.076071e-02 9.998627e-01 1.259675e-02 -1.049559e-01 -7.637214e-03 -1.251494e-02 9.998925e-01 -8.127156e-01
9.999202e-01 -1.041548e-02 7.143264e-03 3.447563e+01 1.032653e-02 9.998701e-01 1.237777e-02 -1.048671e-01 -7.271257e-03 -1.230302e-02 9.998979e-01 -8.379890e-01
9.999257e-01 -9.812569e-03 7.223994e-03 3.526958e+01 9.724606e-03 9.998794e-01 1.211271e-02 -1.100858e-01 -7.341980e-03 -1.204156e-02 9.999005e-01 -8.705378e-01
9.999275e-01 -9.843051e-03 6.936733e-03 3.606628e+01 9.756214e-03 9.998749e-01 1.244300e-02 -1.111068e-01 -7.058343e-03 -1.237442e-02 9.998985e-01 -8.816675e-01
9.999155e-01 -9.506021e-03 8.872333e-03 3.686345e+01 9.379819e-03 9.998556e-01 1.415897e-02 -1.118245e-01 -9.005648e-03 -1.407455e-02 9.998604e-01 -9.085062e-01
9.999383e-01 -9.036928e-03 6.457673e-03 3.765197e+01 8.932568e-03 9.998320e-01 1.601091e-02 -1.122728e-01 -6.601278e-03 -1.595224e-02 9.998510e-01 -9.437484e-01
9.999389e-01 -8.893803e-03 6.561926e-03 3.844545e+01 8.789502e-03 9.998372e-01 1.575601e-02 -1.114090e-01 -6.700989e-03 -1.569737e-02 9.998543e-01 -9.656632e-01
9.999511e-01 -9.084162e-03 3.923793e-03 3.923055e+01 9.024103e-03 9.998459e-01 1.506204e-02 -1.141706e-01 -4.060014e-03 -1.502590e-02 9.998789e-01 -9.929339e-01
9.999433e-01 -9.385488e-03 5.026928e-03 4.000422e+01 9.314661e-03 9.998597e-01 1.393223e-02 -1.152080e-01 -5.156983e-03 -1.388461e-02 9.998903e-01 -1.020579e+00
9.999397e-01 -9.798088e-03 4.953902e-03 4.077966e+01 9.731232e-03 9.998636e-01 1.334411e-02 -1.186023e-01 -5.083973e-03 -1.329510e-02 9.998987e-01 -1.045133e+00
9.999341e-01 -1.011017e-02 5.427025e-03 4.153735e+01 1.004371e-02 9.998758e-01 1.213623e-02 -1.128546e-01 -5.549051e-03 -1.208092e-02 9.999116e-01 -1.061872e+00
9.999228e-01 -1.180884e-02 3.876490e-03 4.229487e+01 1.176533e-02 9.998695e-01 1.106126e-02 -9.879617e-02 -4.006605e-03 -1.101480e-02 9.999313e-01 -1.090550e+00
9.999051e-01 -1.310797e-02 4.235090e-03 4.303384e+01 1.305893e-02 9.998496e-01 1.140726e-02 -9.783807e-02 -4.383979e-03 -1.135087e-02 9.999260e-01 -1.107283e+00
9.998871e-01 -1.474150e-02 2.910401e-03 4.376862e+01 1.470157e-02 9.998035e-01 1.329685e-02 -9.125270e-02 -3.105845e-03 -1.325256e-02 9.999074e-01 -1.141341e+00
9.998486e-01 -1.705056e-02 3.478004e-03 4.448625e+01 1.699889e-02 9.997520e-01 1.437842e-02 -8.703422e-02 -3.722302e-03 -1.431712e-02 9.998906e-01 -1.160354e+00
9.997972e-01 -2.001647e-02 2.222126e-03 4.519706e+01 1.998787e-02 9.997255e-01 1.222012e-02 -7.754980e-02 -2.466120e-03 -1.217323e-02 9.999229e-01 -1.174861e+00
9.997339e-01 -2.302695e-02 1.375637e-03 4.589954e+01 2.301073e-02 9.996766e-01 1.082990e-02 -6.402194e-02 -1.624572e-03 -1.079536e-02 9.999404e-01 -1.204343e+00
9.996349e-01 -2.701727e-02 5.133165e-04 4.658736e+01 2.701024e-02 9.995780e-01 1.069721e-02 -3.093252e-02 -8.021093e-04 -1.067944e-02 9.999427e-01 -1.212499e+00
9.995209e-01 -3.094441e-02 6.348871e-04 4.726575e+01 3.093362e-02 9.994377e-01 1.293354e-02 -2.416277e-02 -1.034751e-03 -1.290771e-02 9.999161e-01 -1.252362e+00
9.993634e-01 -3.565730e-02 1.180697e-03 4.793338e+01 3.563802e-02 9.992725e-01 1.357749e-02 -8.644834e-04 -1.663974e-03 -1.352676e-02 9.999071e-01 -1.266207e+00
9.991919e-01 -4.015450e-02 -1.773038e-03 4.859135e+01 4.017338e-02 9.991165e-01 1.235168e-02 2.500069e-02 1.275496e-03 -1.241293e-02 9.999222e-01 -1.284229e+00
9.989666e-01 -4.534617e-02 -3.067447e-03 4.923851e+01 4.537265e-02 9.989277e-01 9.199915e-03 5.519569e-02 2.646977e-03 -9.329586e-03 9.999530e-01 -1.301957e+00
9.986762e-01 -5.129395e-02 -3.834304e-03 4.989615e+01 5.131672e-02 9.986638e-01 6.096590e-03 9.117407e-02 3.516463e-03 -6.285284e-03 9.999741e-01 -1.312818e+00
9.983227e-01 -5.774554e-02 -4.147270e-03 5.050821e+01 5.776688e-02 9.983165e-01 5.223928e-03 1.220544e-01 3.838629e-03 -5.454740e-03 9.999778e-01 -1.340047e+00
9.979091e-01 -6.438554e-02 -5.656649e-03 5.112596e+01 6.441269e-02 9.979122e-01 4.755154e-03 1.593837e-01 5.338675e-03 -5.109572e-03 9.999727e-01 -1.345166e+00
9.973068e-01 -7.296225e-02 -7.456725e-03 5.172823e+01 7.301379e-02 9.973072e-01 6.891141e-03 2.076047e-01 6.933852e-03 -7.417025e-03 9.999484e-01 -1.375913e+00
9.965326e-01 -8.274985e-02 -8.668598e-03 5.232456e+01 8.282452e-02 9.965267e-01 8.641629e-03 2.680328e-01 7.923396e-03 -9.329638e-03 9.999251e-01 -1.383648e+00
9.956340e-01 -9.285218e-02 -9.567062e-03 5.291223e+01 9.295449e-02 9.956111e-01 1.087040e-02 3.271526e-01 8.515731e-03 -1.171224e-02 9.998952e-01 -1.403881e+00
9.945661e-01 -1.035817e-01 -1.044065e-02 5.348539e+01 1.037151e-01 9.945199e-01 1.316845e-02 3.950793e-01 9.019420e-03 -1.417975e-02 9.998588e-01 -1.420513e+00
9.934292e-01 -1.136575e-01 -1.342717e-02 5.407144e+01 1.138448e-01 9.933983e-01 1.411691e-02 4.675410e-01 1.173403e-02 -1.555277e-02 9.998102e-01 -1.436033e+00
9.922100e-01 -1.233091e-01 -1.772385e-02 5.465120e+01 1.235684e-01 9.922321e-01 1.436183e-02 5.507256e-01 1.581523e-02 -1.644006e-02 9.997398e-01 -1.461747e+00
9.910366e-01 -1.320907e-01 -1.996334e-02 5.521701e+01 1.323907e-01 9.910910e-01 1.453352e-02 6.283252e-01 1.786575e-02 -1.704621e-02 9.996951e-01 -1.479342e+00
9.897066e-01 -1.408677e-01 -2.524080e-02 5.578783e+01 1.413330e-01 9.898039e-01 1.770195e-02 7.090383e-01 2.248981e-02 -2.108710e-02 9.995247e-01 -1.521435e+00
9.882612e-01 -1.504570e-01 -2.650455e-02 5.635605e+01 1.509594e-01 9.883744e-01 1.809221e-02 8.069515e-01 2.347432e-02 -2.188094e-02 9.994850e-01 -1.509189e+00
9.865886e-01 -1.607496e-01 -2.832820e-02 5.692456e+01 1.613414e-01 9.866959e-01 1.999914e-02 9.050483e-01 2.473647e-02 -2.430143e-02 9.993986e-01 -1.538214e+00
9.848676e-01 -1.707349e-01 -2.975625e-02 5.748276e+01 1.713004e-01 9.850618e-01 1.760043e-02 1.008044e+00 2.630673e-02 -2.243135e-02 9.994022e-01 -1.544017e+00
9.832370e-01 -1.790103e-01 -3.464528e-02 5.804521e+01 1.796066e-01 9.836254e-01 1.491490e-02 1.110774e+00 3.140805e-02 -2.088741e-02 9.992884e-01 -1.548723e+00
9.814147e-01 -1.884475e-01 -3.623221e-02 5.859245e+01 1.889090e-01 9.819462e-01 9.734401e-03 1.213006e+00 3.374366e-02 -1.639807e-02 9.992960e-01 -1.565024e+00
9.795371e-01 -1.979640e-01 -3.629360e-02 5.912589e+01 1.983637e-01 9.800979e-01 7.730230e-03 1.329470e+00 3.404097e-02 -1.477138e-02 9.993113e-01 -1.588821e+00
9.775689e-01 -2.075780e-01 -3.564246e-02 5.965496e+01 2.079574e-01 9.781110e-01 7.251004e-03 1.449468e+00 3.335714e-02 -1.450047e-02 9.993383e-01 -1.583460e+00
9.755722e-01 -2.168762e-01 -3.498130e-02 6.017014e+01 2.173282e-01 9.760509e-01 9.635399e-03 1.562291e+00 3.205385e-02 -1.700245e-02 9.993415e-01 -1.641294e+00
9.736984e-01 -2.254900e-01 -3.264361e-02 6.069309e+01 2.259068e-01 9.741012e-01 9.649983e-03 1.680792e+00 2.962221e-02 -1.677059e-02 9.994205e-01 -1.635625e+00
9.713346e-01 -2.348923e-01 -3.653279e-02 6.120365e+01 2.354027e-01 9.718432e-01 1.029936e-02 1.807881e+00 3.308491e-02 -1.860404e-02 9.992794e-01 -1.655680e+00
9.688470e-01 -2.437326e-01 -4.393163e-02 6.169688e+01 2.445187e-01 9.695516e-01 1.342628e-02 1.944925e+00 3.932156e-02 -2.375012e-02 9.989443e-01 -1.696182e+00
9.666933e-01 -2.522880e-01 -4.306843e-02 6.219249e+01 2.530983e-01 9.673327e-01 1.444171e-02 2.082871e+00 3.801803e-02 -2.486125e-02 9.989678e-01 -1.680910e+00
9.645987e-01 -2.599319e-01 -4.455049e-02 6.267834e+01 2.607738e-01 9.652959e-01 1.416227e-02 2.209078e+00 3.932318e-02 -2.527851e-02 9.989067e-01 -1.700274e+00
9.633150e-01 -2.646654e-01 -4.445672e-02 6.315342e+01 2.655435e-01 9.639812e-01 1.506208e-02 2.337118e+00 3.886903e-02 -2.631472e-02 9.988977e-01 -1.724873e+00
9.620336e-01 -2.681812e-01 -5.069694e-02 6.364212e+01 2.694151e-01 9.628330e-01 1.918505e-02 2.469316e+00 4.366761e-02 -3.211518e-02 9.985298e-01 -1.740451e+00
9.609720e-01 -2.714910e-01 -5.315451e-02 6.411465e+01 2.730081e-01 9.617224e-01 2.359455e-02 2.601669e+00 4.471417e-02 -3.718532e-02 9.983075e-01 -1.779065e+00
9.601878e-01 -2.746422e-01 -5.109870e-02 6.460120e+01 2.761093e-01 9.608226e-01 2.415546e-02 2.729160e+00 4.246268e-02 -3.730261e-02 9.984015e-01 -1.756654e+00
9.590552e-01 -2.786357e-01 -5.074669e-02 6.507875e+01 2.802010e-01 9.595680e-01 2.676641e-02 2.870007e+00 4.123683e-02 -3.988975e-02 9.983528e-01 -1.789209e+00
9.583428e-01 -2.813467e-01 -4.922489e-02 6.555110e+01 2.828118e-01 9.588300e-01 2.573943e-02 3.002635e+00 3.995660e-02 -3.858858e-02 9.984560e-01 -1.812051e+00
9.572943e-01 -2.838985e-01 -5.467340e-02 6.603063e+01 2.855335e-01 9.580504e-01 2.470226e-02 3.151637e+00 4.536693e-02 -3.925842e-02 9.981987e-01 -1.825615e+00
9.558146e-01 -2.886520e-01 -5.566377e-02 6.650986e+01 2.901275e-01 9.567710e-01 2.037511e-02 3.301144e+00 4.737617e-02 -3.562442e-02 9.982417e-01 -1.843423e+00
9.540972e-01 -2.947130e-01 -5.331901e-02 6.697915e+01 2.959629e-01 9.550459e-01 1.712335e-02 3.434512e+00 4.587564e-02 -3.211779e-02 9.984307e-01 -1.860062e+00
9.520897e-01 -3.015180e-01 -5.110850e-02 6.743962e+01 3.026058e-01 9.529992e-01 1.489770e-02 3.585219e+00 4.421444e-02 -2.964967e-02 9.985820e-01 -1.878359e+00
9.500397e-01 -3.079659e-01 -5.080955e-02 6.790701e+01 3.091494e-01 9.508585e-01 1.716706e-02 3.734947e+00 4.302583e-02 -3.201713e-02 9.985608e-01 -1.908348e+00
9.469741e-01 -3.169093e-01 -5.299575e-02 6.836900e+01 3.182742e-01 9.477991e-01 1.945760e-02 3.897961e+00 4.406303e-02 -3.529302e-02 9.984052e-01 -1.923973e+00
9.434710e-01 -3.274003e-01 -5.168667e-02 6.882561e+01 3.288183e-01 9.441460e-01 2.160817e-02 4.063011e+00 4.172524e-02 -3.738220e-02 9.984295e-01 -1.942012e+00
9.393558e-01 -3.393194e-01 -4.972962e-02 6.929172e+01 3.406896e-01 9.399172e-01 2.205276e-02 4.225635e+00 3.925879e-02 -3.765775e-02 9.985192e-01 -1.928377e+00
9.344969e-01 -3.527297e-01 -4.792954e-02 6.974737e+01 3.540722e-01 9.349369e-01 2.293764e-02 4.413715e+00 3.672030e-02 -3.840567e-02 9.985873e-01 -1.986805e+00
9.289412e-01 -3.667405e-01 -5.069132e-02 7.021101e+01 3.681454e-01 9.295179e-01 2.157480e-02 4.601207e+00 3.920614e-02 -3.870350e-02 9.984813e-01 -1.976238e+00
9.225590e-01 -3.822999e-01 -5.226656e-02 7.066940e+01 3.836890e-01 9.232587e-01 1.940165e-02 4.815021e+00 4.083830e-02 -3.795327e-02 9.984447e-01 -2.000130e+00
9.159575e-01 -3.978601e-01 -5.224251e-02 7.112537e+01 3.990404e-01 9.168252e-01 1.408611e-02 5.024351e+00 4.229294e-02 -3.374915e-02 9.985351e-01 -2.009803e+00
9.090095e-01 -4.132971e-01 -5.373265e-02 7.159119e+01 4.144489e-01 9.099946e-01 1.190791e-02 5.242213e+00 4.397491e-02 -3.309384e-02 9.984844e-01 -2.023286e+00
9.013494e-01 -4.299051e-01 -5.244796e-02 7.204557e+01 4.310472e-01 9.022456e-01 1.228084e-02 5.464796e+00 4.204136e-02 -3.367688e-02 9.985482e-01 -2.040462e+00
8.929641e-01 -4.470921e-01 -5.219021e-02 7.250470e+01 4.483024e-01 8.937762e-01 1.375125e-02 5.702841e+00 4.049829e-02 -3.567637e-02 9.985425e-01 -2.047730e+00
8.836038e-01 -4.655499e-01 -5.007653e-02 7.295415e+01 4.667058e-01 8.843037e-01 1.388885e-02 5.959418e+00 3.781690e-02 -3.564324e-02 9.986488e-01 -2.067362e+00
8.736192e-01 -4.840949e-01 -4.941304e-02 7.341198e+01 4.852644e-01 8.742467e-01 1.452647e-02 6.229585e+00 3.616700e-02 -3.666899e-02 9.986728e-01 -2.086336e+00
8.631554e-01 -5.021279e-01 -5.320093e-02 7.385324e+01 5.034671e-01 8.638872e-01 1.482031e-02 6.500317e+00 3.851792e-02 -3.957715e-02 9.984738e-01 -2.109647e+00
8.522820e-01 -5.200362e-01 -5.637118e-02 7.430518e+01 5.215719e-01 8.530557e-01 1.608065e-02 6.792864e+00 3.972524e-02 -4.310688e-02 9.982803e-01 -2.109417e+00
8.404539e-01 -5.389625e-01 -5.618463e-02 7.476139e+01 5.404743e-01 8.412224e-01 1.524114e-02 7.090686e+00 3.904937e-02 -4.317582e-02 9.983041e-01 -2.109232e+00
8.285197e-01 -5.577189e-01 -5.004768e-02 7.521510e+01 5.589498e-01 8.290812e-01 1.412042e-02 7.403970e+00 3.361837e-02 -3.967319e-02 9.986470e-01 -2.120260e+00
8.159025e-01 -5.761979e-01 -4.794952e-02 7.567188e+01 5.772882e-01 8.164532e-01 1.193222e-02 7.721085e+00 3.227322e-02 -3.741622e-02 9.987785e-01 -2.136820e+00
8.019884e-01 -5.954572e-01 -4.738515e-02 7.612280e+01 5.964046e-01 8.026465e-01 7.762728e-03 8.084412e+00 3.341115e-02 -3.448633e-02 9.988465e-01 -2.158186e+00
7.868691e-01 -6.152207e-01 -4.837887e-02 7.657400e+01 6.160682e-01 7.876856e-01 3.402187e-03 8.445432e+00 3.601424e-02 -3.248176e-02 9.988233e-01 -2.154754e+00
7.711825e-01 -6.350295e-01 -4.488875e-02 7.702206e+01 6.356328e-01 7.719908e-01 -1.069658e-03 8.825107e+00 3.533296e-02 -2.770786e-02 9.989914e-01 -2.157529e+00
7.548694e-01 -6.547011e-01 -3.922649e-02 7.746352e+01 6.550670e-01 7.555578e-01 -4.445543e-03 9.217150e+00 3.254838e-02 -2.234018e-02 9.992204e-01 -2.161058e+00
7.380316e-01 -6.737777e-01 -3.650958e-02 7.791879e+01 6.739943e-01 7.386948e-01 -7.857544e-03 9.631797e+00 3.226368e-02 -1.880814e-02 9.993024e-01 -2.175913e+00
7.201864e-01 -6.929185e-01 -3.457803e-02 7.836115e+01 6.929529e-01 7.208672e-01 -1.292477e-02 1.007622e+01 3.388197e-02 -1.465271e-02 9.993184e-01 -2.183720e+00
7.014927e-01 -7.117964e-01 -3.541219e-02 7.879462e+01 7.117430e-01 7.022510e-01 -1.629876e-02 1.054282e+01 3.646964e-02 -1.377092e-02 9.992399e-01 -2.183530e+00
6.817671e-01 -7.306981e-01 -3.569042e-02 7.921967e+01 7.306106e-01 6.825596e-01 -1.789887e-02 1.102061e+01 3.743951e-02 -1.387294e-02 9.992026e-01 -2.179276e+00
6.612914e-01 -7.492973e-01 -3.531673e-02 7.964060e+01 7.491370e-01 6.621050e-01 -2.026348e-02 1.150780e+01 3.856676e-02 -1.305701e-02 9.991707e-01 -2.179756e+00
6.402882e-01 -7.674649e-01 -3.207173e-02 8.004994e+01 7.672988e-01 6.409811e-01 -1.989548e-02 1.201123e+01 3.582646e-02 -1.186975e-02 9.992875e-01 -2.152265e+00
6.186671e-01 -7.850833e-01 -2.992078e-02 8.045594e+01 7.849278e-01 6.192838e-01 -1.939126e-02 1.253790e+01 3.375321e-02 -1.148892e-02 9.993641e-01 -2.173520e+00
5.966123e-01 -8.019137e-01 -3.143571e-02 8.084941e+01 8.017546e-01 5.972998e-01 -2.055684e-02 1.308273e+01 3.526136e-02 -1.293926e-02 9.992943e-01 -2.162627e+00
5.739343e-01 -8.182386e-01 -3.293990e-02 8.121986e+01 8.180603e-01 5.747033e-01 -2.221147e-02 1.364097e+01 3.710496e-02 -1.419890e-02 9.992105e-01 -2.158266e+00
5.505504e-01 -8.341203e-01 -3.372695e-02 8.158349e+01 8.339742e-01 5.513542e-01 -2.226453e-02 1.421052e+01 3.716679e-02 -1.586966e-02 9.991831e-01 -2.138255e+00
5.264961e-01 -8.495836e-01 -3.177567e-02 8.193765e+01 8.493866e-01 5.272506e-01 -2.343554e-02 1.478440e+01 3.666419e-02 -1.465110e-02 9.992203e-01 -2.132453e+00
5.022773e-01 -8.642660e-01 -2.760053e-02 8.227451e+01 8.639596e-01 5.029141e-01 -2.551867e-02 1.537628e+01 3.593562e-02 -1.102829e-02 9.992933e-01 -2.130163e+00
4.782109e-01 -8.778775e-01 -2.540483e-02 8.260118e+01 8.774886e-01 4.787995e-01 -2.765782e-02 1.597190e+01 3.644400e-02 -9.066178e-03 9.992946e-01 -2.125496e+00
4.543605e-01 -8.905262e-01 -2.279499e-02 8.290740e+01 8.899722e-01 4.548953e-01 -3.193318e-02 1.658739e+01 3.880667e-02 -5.777723e-03 9.992300e-01 -2.113062e+00
4.292578e-01 -9.028693e-01 -2.376773e-02 8.320139e+01 9.021884e-01 4.298710e-01 -3.559576e-02 1.722194e+01 4.235537e-02 -6.163213e-03 9.990836e-01 -2.102703e+00
4.051151e-01 -9.139460e-01 -2.417816e-02 8.347137e+01 9.132126e-01 4.057759e-01 -3.726463e-02 1.786316e+01 4.386877e-02 -6.983332e-03 9.990129e-01 -2.093129e+00
3.807210e-01 -9.244348e-01 -2.172073e-02 8.373726e+01 9.236838e-01 3.812975e-01 -3.769083e-02 1.851638e+01 4.312477e-02 -5.713398e-03 9.990534e-01 -2.057798e+00
3.570469e-01 -9.339393e-01 -1.658000e-02 8.398459e+01 9.332544e-01 3.574215e-01 -3.585818e-02 1.916418e+01 3.941541e-02 -2.670312e-03 9.992194e-01 -2.062473e+00
3.345530e-01 -9.422030e-01 -1.810539e-02 8.422421e+01 9.414828e-01 3.350106e-01 -3.712302e-02 1.983886e+01 4.104292e-02 -4.626291e-03 9.991467e-01 -2.040493e+00
3.134828e-01 -9.493803e-01 -2.014110e-02 8.444223e+01 9.486090e-01 3.140529e-01 -3.888125e-02 2.052631e+01 4.323846e-02 -6.917432e-03 9.990408e-01 -2.027092e+00
2.933938e-01 -9.557652e-01 -2.080401e-02 8.466023e+01 9.548844e-01 2.940316e-01 -4.172723e-02 2.122428e+01 4.599847e-02 -7.622914e-03 9.989125e-01 -1.985756e+00
2.751195e-01 -9.612384e-01 -1.816329e-02 8.486977e+01 9.602631e-01 2.756648e-01 -4.363147e-02 2.194013e+01 4.694723e-02 -5.437667e-03 9.988826e-01 -1.979541e+00
2.587758e-01 -9.657937e-01 -1.666189e-02 8.508333e+01 9.647718e-01 2.592721e-01 -4.464574e-02 2.266125e+01 4.743854e-02 -4.521694e-03 9.988639e-01 -1.938247e+00
2.429660e-01 -9.699014e-01 -1.608241e-02 8.526764e+01 9.687968e-01 2.434599e-01 -4.647510e-02 2.340812e+01 4.899170e-02 -4.288713e-03 9.987900e-01 -1.930931e+00
2.280523e-01 -9.734945e-01 -1.733862e-02 8.544534e+01 9.723304e-01 2.286339e-01 -4.796090e-02 2.416193e+01 5.065386e-02 -5.921278e-03 9.986987e-01 -1.920049e+00
2.139936e-01 -9.767064e-01 -1.584728e-02 8.561262e+01 9.754987e-01 2.145211e-01 -4.881500e-02 2.492097e+01 5.107751e-02 -5.012901e-03 9.986821e-01 -1.869443e+00
1.998836e-01 -9.797124e-01 -1.449642e-02 8.578216e+01 9.784877e-01 2.003613e-01 -4.916416e-02 2.568982e+01 5.107126e-02 -4.357461e-03 9.986855e-01 -1.851736e+00
1.870833e-01 -9.822665e-01 -1.233970e-02 8.593403e+01 9.810410e-01 1.874671e-01 -4.913887e-02 2.647501e+01 5.058075e-02 -2.912696e-03 9.987157e-01 -1.822819e+00
1.734265e-01 -9.847389e-01 -1.458188e-02 8.608120e+01 9.834825e-01 1.739464e-01 -5.004837e-02 2.726461e+01 5.182104e-02 -5.661309e-03 9.986404e-01 -1.800734e+00
1.601569e-01 -9.869895e-01 -1.419453e-02 8.620742e+01 9.858048e-01 1.606655e-01 -4.873800e-02 2.806086e+01 5.038446e-02 -6.187310e-03 9.987108e-01 -1.781291e+00
1.462237e-01 -9.891261e-01 -1.575010e-02 8.633370e+01 9.878806e-01 1.468403e-01 -5.029649e-02 2.886002e+01 5.206233e-02 -8.204682e-03 9.986101e-01 -1.721593e+00
1.322483e-01 -9.911347e-01 -1.274004e-02 8.644147e+01 9.898669e-01 1.327276e-01 -5.046535e-02 2.968568e+01 5.170891e-02 -5.936993e-03 9.986445e-01 -1.717154e+00
1.193671e-01 -9.927359e-01 -1.506475e-02 8.655779e+01 9.914261e-01 1.199946e-01 -5.172689e-02 3.050711e+01 5.315883e-02 -8.761091e-03 9.985476e-01 -1.690849e+00
1.076016e-01 -9.940648e-01 -1.603589e-02 8.663159e+01 9.928454e-01 1.082816e-01 -5.033092e-02 3.132941e+01 5.176859e-02 -1.050547e-02 9.986038e-01 -1.631393e+00
9.626919e-02 -9.951944e-01 -1.789870e-02 8.672605e+01 9.939149e-01 9.708130e-02 -5.204198e-02 3.217421e+01 5.352951e-02 -1.277974e-02 9.984845e-01 -1.613734e+00
8.662695e-02 -9.961069e-01 -1.633558e-02 8.681419e+01 9.948801e-01 8.735383e-02 -5.082272e-02 3.301759e+01 5.205183e-02 -1.184933e-02 9.985741e-01 -1.579099e+00
7.755840e-02 -9.967868e-01 -2.001745e-02 8.689597e+01 9.955782e-01 7.850051e-02 -5.159330e-02 3.387247e+01 5.299889e-02 -1.592744e-02 9.984676e-01 -1.536411e+00
6.916082e-02 -9.974626e-01 -1.688859e-02 8.695227e+01 9.962386e-01 6.994224e-02 -5.115483e-02 3.474170e+01 5.220625e-02 -1.328715e-02 9.985479e-01 -1.513543e+00
5.992270e-02 -9.980186e-01 -1.918921e-02 8.701717e+01 9.967766e-01 6.085348e-02 -5.228134e-02 3.561507e+01 5.334548e-02 -1.599452e-02 9.984480e-01 -1.479030e+00
5.206752e-02 -9.984912e-01 -1.744566e-02 8.706841e+01 9.971746e-01 5.293012e-02 -5.330228e-02 3.649854e+01 5.414526e-02 -1.462105e-02 9.984260e-01 -1.443177e+00
4.464573e-02 -9.987921e-01 -2.052176e-02 8.712341e+01 9.975778e-01 4.566944e-02 -5.246618e-02 3.738720e+01 5.334002e-02 -1.812967e-02 9.984118e-01 -1.407086e+00
3.864723e-02 -9.990610e-01 -1.958050e-02 8.716243e+01 9.978163e-01 3.963447e-02 -5.283564e-02 3.828815e+01 5.356209e-02 -1.749580e-02 9.984112e-01 -1.373664e+00
3.332055e-02 -9.992041e-01 -2.193210e-02 8.721272e+01 9.980761e-01 3.441501e-02 -5.157163e-02 3.917512e+01 5.228537e-02 -2.017152e-02 9.984285e-01 -1.333075e+00
3.007108e-02 -9.993584e-01 -1.946198e-02 8.725367e+01 9.981797e-01 3.104270e-02 -5.170833e-02 4.010037e+01 5.227930e-02 -1.787163e-02 9.984726e-01 -1.302546e+00
2.711934e-02 -9.994354e-01 -1.983349e-02 8.729388e+01 9.983294e-01 2.809143e-02 -5.049153e-02 4.101075e+01 5.102017e-02 -1.843105e-02 9.985275e-01 -1.262876e+00
2.503592e-02 -9.994909e-01 -1.977586e-02 8.732497e+01 9.984190e-01 2.599502e-02 -4.983655e-02 4.194256e+01 5.032526e-02 -1.849690e-02 9.985616e-01 -1.237719e+00
2.373862e-02 -9.994926e-01 -2.124051e-02 8.736943e+01 9.984941e-01 2.475536e-02 -4.895807e-02 4.288415e+01 4.945904e-02 -2.004632e-02 9.985750e-01 -1.207412e+00
2.391464e-02 -9.994996e-01 -2.070701e-02 8.741534e+01 9.984635e-01 2.491522e-02 -4.949568e-02 4.382026e+01 4.998683e-02 -1.949153e-02 9.985597e-01 -1.149159e+00
2.417380e-02 -9.995033e-01 -2.021288e-02 8.744464e+01 9.984313e-01 2.515924e-02 -5.001850e-02 4.477791e+01 5.050220e-02 -1.897204e-02 9.985437e-01 -1.139538e+00
2.422404e-02 -9.995156e-01 -1.954196e-02 8.747599e+01 9.983917e-01 2.518988e-02 -5.078906e-02 4.574134e+01 5.125671e-02 -1.828021e-02 9.985182e-01 -1.088505e+00
2.447277e-02 -9.995232e-01 -1.882445e-02 8.750814e+01 9.984646e-01 2.537405e-02 -4.923793e-02 4.670172e+01 4.969211e-02 -1.759057e-02 9.986097e-01 -1.065608e+00
2.492058e-02 -9.994982e-01 -1.955240e-02 8.754173e+01 9.984557e-01 2.585649e-02 -4.917037e-02 4.767019e+01 4.965125e-02 -1.829685e-02 9.985990e-01 -1.021745e+00
2.608252e-02 -9.993982e-01 -2.286628e-02 8.758360e+01 9.984298e-01 2.717793e-02 -4.898261e-02 4.865989e+01 4.957459e-02 -2.155278e-02 9.985378e-01 -9.954343e-01
2.774304e-02 -9.993808e-01 -2.164177e-02 8.762189e+01 9.983290e-01 2.879870e-02 -5.009763e-02 4.965204e+01 5.068986e-02 -2.021575e-02 9.985098e-01 -9.601904e-01
2.945662e-02 -9.993104e-01 -2.260820e-02 8.766549e+01 9.982468e-01 3.057206e-02 -5.068388e-02 5.064976e+01 5.134010e-02 -2.107558e-02 9.984588e-01 -9.286017e-01
3.122592e-02 -9.992772e-01 -2.168011e-02 8.771024e+01 9.981471e-01 3.230917e-02 -5.156063e-02 5.164495e+01 5.222383e-02 -2.002991e-02 9.984345e-01 -8.856966e-01
3.339785e-02 -9.991700e-01 -2.332190e-02 8.775147e+01 9.981006e-01 3.455257e-02 -5.100319e-02 5.265522e+01 5.176669e-02 -2.157420e-02 9.984261e-01 -8.370824e-01
3.486568e-02 -9.991525e-01 -2.188184e-02 8.780049e+01 9.979743e-01 3.597391e-02 -5.247116e-02 5.367308e+01 5.321386e-02 -2.000807e-02 9.983827e-01 -8.128085e-01
3.633475e-02 -9.991257e-01 -2.067719e-02 8.784949e+01 9.979299e-01 3.737426e-02 -5.233432e-02 5.469975e+01 5.306136e-02 -1.873284e-02 9.984155e-01 -7.638530e-01
3.748780e-02 -9.990903e-01 -2.033076e-02 8.790635e+01 9.978988e-01 3.850353e-02 -5.211008e-02 5.573400e+01 5.284549e-02 -1.833455e-02 9.984344e-01 -7.232664e-01
3.848821e-02 -9.990796e-01 -1.893458e-02 8.795971e+01 9.979877e-01 3.938794e-02 -4.969176e-02 5.676566e+01 5.039182e-02 -1.698392e-02 9.985851e-01 -6.868334e-01
3.898001e-02 -9.990581e-01 -1.906559e-02 8.801237e+01 9.980305e-01 3.986430e-02 -4.843540e-02 5.781155e+01 4.914982e-02 -1.714002e-02 9.986444e-01 -6.476444e-01
4.011774e-02 -9.990454e-01 -1.728638e-02 8.806059e+01 9.979642e-01 4.092073e-02 -4.891707e-02 5.887485e+01 4.957774e-02 -1.528874e-02 9.986532e-01 -6.218725e-01
4.090929e-02 -9.990029e-01 -1.788103e-02 8.812363e+01 9.978802e-01 4.175675e-02 -4.991505e-02 5.993879e+01 5.061193e-02 -1.580114e-02 9.985934e-01 -5.653184e-01
4.145986e-02 -9.990111e-01 -1.605801e-02 8.817651e+01 9.978538e-01 4.221630e-02 -5.005528e-02 6.099905e+01 5.068369e-02 -1.394826e-02 9.986174e-01 -5.370263e-01
4.166085e-02 -9.990050e-01 -1.591853e-02 8.824043e+01 9.978695e-01 4.240346e-02 -4.958063e-02 6.207814e+01 5.020629e-02 -1.381905e-02 9.986433e-01 -5.013716e-01
4.212898e-02 -9.989936e-01 -1.538768e-02 8.829919e+01 9.978498e-01 4.284453e-02 -4.959781e-02 6.316502e+01 5.020718e-02 -1.326510e-02 9.986507e-01 -4.573615e-01
4.202259e-02 -9.989718e-01 -1.701508e-02 8.835582e+01 9.978972e-01 4.280639e-02 -4.867071e-02 6.424126e+01 4.934902e-02 -1.493403e-02 9.986699e-01 -4.249454e-01
4.283839e-02 -9.989498e-01 -1.625538e-02 8.842054e+01 9.978737e-01 4.358089e-02 -4.846555e-02 6.532856e+01 4.912308e-02 -1.414463e-02 9.986926e-01 -3.888075e-01
4.269886e-02 -9.989374e-01 -1.734733e-02 8.846795e+01 9.979151e-01 4.348338e-02 -4.769287e-02 6.642196e+01 4.839651e-02 -1.527473e-02 9.987114e-01 -3.473300e-01
4.283321e-02 -9.989308e-01 -1.739450e-02 8.852689e+01 9.978935e-01 4.362488e-02 -4.801557e-02 6.752873e+01 4.872306e-02 -1.530120e-02 9.986951e-01 -3.044201e-01
4.283977e-02 -9.989240e-01 -1.776887e-02 8.858708e+01 9.979287e-01 4.363799e-02 -4.726641e-02 6.863341e+01 4.799094e-02 -1.570717e-02 9.987243e-01 -2.829742e-01
4.220420e-02 -9.989401e-01 -1.836880e-02 8.864774e+01 9.978725e-01 4.305923e-02 -4.895356e-02 6.974502e+01 4.969262e-02 -1.626368e-02 9.986321e-01 -2.340081e-01
4.015213e-02 -9.990154e-01 -1.887240e-02 8.869793e+01 9.978842e-01 4.105902e-02 -5.041093e-02 7.087479e+01 5.113618e-02 -1.680836e-02 9.985502e-01 -1.887172e-01
3.856361e-02 -9.990675e-01 -1.941653e-02 8.874900e+01 9.978517e-01 3.953207e-02 -5.224220e-02 7.197763e+01 5.296107e-02 -1.736017e-02 9.984457e-01 -1.635816e-01
3.684229e-02 -9.990970e-01 -2.115665e-02 8.880080e+01 9.979813e-01 3.788042e-02 -5.097327e-02 7.310606e+01 5.172867e-02 -1.923597e-02 9.984759e-01 -1.168791e-01
3.436804e-02 -9.991534e-01 -2.260855e-02 8.885133e+01 9.981003e-01 3.547156e-02 -5.037179e-02 7.421802e+01 5.113111e-02 -2.083443e-02 9.984746e-01 -8.366999e-02
3.214890e-02 -9.992208e-01 -2.289413e-02 8.889746e+01 9.981270e-01 3.328979e-02 -5.132615e-02 7.532845e+01 5.204830e-02 -2.120116e-02 9.984195e-01 -4.628259e-02
3.032100e-02 -9.992442e-01 -2.432383e-02 8.894125e+01 9.980597e-01 3.159106e-02 -5.365346e-02 7.643475e+01 5.438132e-02 -2.264981e-02 9.982633e-01 5.924823e-03
2.880335e-02 -9.993379e-01 -2.223181e-02 8.898734e+01 9.980519e-01 2.998352e-02 -5.471228e-02 7.755703e+01 5.534264e-02 -2.061260e-02 9.982547e-01 3.314419e-02
2.679914e-02 -9.993833e-01 -2.268904e-02 8.902799e+01 9.981909e-01 2.797532e-02 -5.321864e-02 7.865791e+01 5.382056e-02 -2.122179e-02 9.983251e-01 8.761084e-02
2.454633e-02 -9.994956e-01 -2.015099e-02 8.906354e+01 9.983284e-01 2.556288e-02 -5.183679e-02 7.977113e+01 5.232576e-02 -1.884490e-02 9.984522e-01 1.136538e-01
2.274281e-02 -9.995584e-01 -1.912154e-02 8.910970e+01 9.983706e-01 2.370858e-02 -5.190393e-02 8.087103e+01 5.233436e-02 -1.790994e-02 9.984690e-01 1.678402e-01
2.091193e-02 -9.996353e-01 -1.709080e-02 8.914400e+01 9.984019e-01 2.177787e-02 -5.214794e-02 8.197661e+01 5.250112e-02 -1.597297e-02 9.984931e-01 1.935707e-01
1.966184e-02 -9.996721e-01 -1.640443e-02 8.918011e+01 9.984317e-01 2.049232e-02 -5.209853e-02 8.307544e+01 5.241761e-02 -1.535435e-02 9.985072e-01 2.307316e-01
1.904213e-02 -9.996897e-01 -1.606245e-02 8.921464e+01 9.984143e-01 1.986420e-02 -5.267293e-02 8.416947e+01 5.297565e-02 -1.503398e-02 9.984826e-01 2.699088e-01
1.834589e-02 -9.997059e-01 -1.586235e-02 8.924218e+01 9.983848e-01 1.917028e-02 -5.348229e-02 8.525830e+01 5.377064e-02 -1.485554e-02 9.984428e-01 3.001992e-01
1.773506e-02 -9.997021e-01 -1.676896e-02 8.927666e+01 9.984058e-01 1.860595e-02 -5.328891e-02 8.635537e+01 5.358503e-02 -1.579715e-02 9.984383e-01 3.434809e-01
1.704997e-02 -9.996995e-01 -1.761041e-02 8.930570e+01 9.984998e-01 1.794076e-02 -5.173258e-02 8.744469e+01 5.203298e-02 -1.670195e-02 9.985057e-01 3.857483e-01
1.658422e-02 -9.997092e-01 -1.750722e-02 8.933082e+01 9.985871e-01 1.744473e-02 -5.019531e-02 8.854224e+01 5.048612e-02 -1.665003e-02 9.985859e-01 4.185744e-01
1.637954e-02 -9.996811e-01 -1.922301e-02 8.936281e+01 9.986351e-01 1.730990e-02 -4.927726e-02 8.961660e+01 4.959429e-02 -1.838963e-02 9.986001e-01 4.568878e-01
1.582950e-02 -9.996626e-01 -2.059312e-02 8.939124e+01 9.985989e-01 1.684606e-02 -5.016335e-02 9.071431e+01 5.049334e-02 -1.977021e-02 9.985287e-01 4.887708e-01
1.514542e-02 -9.996876e-01 -1.988258e-02 8.942245e+01 9.986275e-01 1.612031e-02 -4.982943e-02 9.180788e+01 5.013438e-02 -1.910061e-02 9.985598e-01 5.307703e-01
1.478344e-02 -9.997074e-01 -1.914745e-02 8.944652e+01 9.985952e-01 1.573610e-02 -5.059754e-02 9.290507e+01 5.088404e-02 -1.837255e-02 9.985356e-01 5.652602e-01
1.438862e-02 -9.997141e-01 -1.909836e-02 8.947430e+01 9.985395e-01 1.536131e-02 -5.179703e-02 9.399061e+01 5.207559e-02 -1.832518e-02 9.984750e-01 6.007428e-01
1.378536e-02 -9.997445e-01 -1.791519e-02 8.949908e+01 9.984913e-01 1.471603e-02 -5.289982e-02 9.509822e+01 5.314994e-02 -1.715892e-02 9.984391e-01 6.527898e-01
1.285058e-02 -9.997677e-01 -1.730290e-02 8.952628e+01 9.985642e-01 1.373124e-02 -5.177913e-02 9.618122e+01 5.200469e-02 -1.661267e-02 9.985086e-01 6.786492e-01
1.204222e-02 -9.997668e-01 -1.792151e-02 8.954530e+01 9.986513e-01 1.293004e-02 -5.028342e-02 9.727473e+01 5.050343e-02 -1.729182e-02 9.985742e-01 7.199261e-01
1.195014e-02 -9.997762e-01 -1.746218e-02 8.956949e+01 9.987531e-01 1.278090e-02 -4.825904e-02 9.837746e+01 4.847142e-02 -1.686370e-02 9.986822e-01 7.554524e-01
1.111913e-02 -9.997772e-01 -1.793852e-02 8.959737e+01 9.987235e-01 1.198769e-02 -4.906621e-02 9.948453e+01 4.927032e-02 -1.737005e-02 9.986344e-01 7.926893e-01
1.057953e-02 -9.997870e-01 -1.771926e-02 8.961891e+01 9.986939e-01 1.145053e-02 -4.979495e-02 1.005626e+02 4.998723e-02 -1.716931e-02 9.986023e-01 8.312872e-01
9.844899e-03 -9.997653e-01 -1.929815e-02 8.963869e+01 9.986780e-01 1.080418e-02 -5.025454e-02 1.016788e+02 5.045125e-02 -1.877789e-02 9.985500e-01 8.654448e-01
8.844793e-03 -9.997886e-01 -1.856080e-02 8.966096e+01 9.987473e-01 9.746671e-03 -4.907884e-02 1.027757e+02 4.924937e-02 -1.810347e-02 9.986224e-01 8.996852e-01
8.005679e-03 -9.997699e-01 -1.989738e-02 8.967722e+01 9.987659e-01 8.969665e-03 -4.884764e-02 1.038724e+02 4.901488e-02 -1.948176e-02 9.986081e-01 9.423332e-01
7.091820e-03 -9.997649e-01 -2.049362e-02 8.969396e+01 9.987573e-01 8.092761e-03 -4.917664e-02 1.049821e+02 4.933092e-02 -2.011940e-02 9.985798e-01 9.708888e-01
5.654693e-03 -9.997538e-01 -2.145569e-02 8.970956e+01 9.987291e-01 6.721020e-03 -4.995038e-02 1.060772e+02 5.008228e-02 -2.114596e-02 9.985212e-01 1.010039e+00
4.092932e-03 -9.997966e-01 -1.974413e-02 8.971995e+01 9.986761e-01 5.099058e-03 -5.118555e-02 1.071876e+02 5.127582e-02 -1.950849e-02 9.984940e-01 1.052510e+00
2.721131e-03 -9.997862e-01 -2.049721e-02 8.973799e+01 9.985446e-01 3.820658e-03 -5.379575e-02 1.083057e+02 5.386256e-02 -2.032100e-02 9.983416e-01 1.096620e+00
1.117468e-03 -9.998354e-01 -1.811167e-02 8.974889e+01 9.985203e-01 2.100348e-03 -5.434023e-02 1.094131e+02 5.436932e-02 -1.802414e-02 9.983582e-01 1.128753e+00
-6.612539e-04 -9.998091e-01 -1.952840e-02 8.976299e+01 9.986435e-01 3.565550e-04 -5.206755e-02 1.105133e+02 5.206457e-02 -1.953634e-02 9.984526e-01 1.172670e+00
-2.384186e-03 -9.997944e-01 -2.013367e-02 8.976864e+01 9.987553e-01 -1.377583e-03 -4.985896e-02 1.116332e+02 4.982098e-02 -2.022748e-02 9.985533e-01 1.214722e+00
-4.108191e-03 -9.997559e-01 -2.170915e-02 8.977261e+01 9.987617e-01 -3.025770e-03 -4.965711e-02 1.127368e+02 4.957930e-02 -2.188627e-02 9.985304e-01 1.253486e+00
-5.779624e-03 -9.997731e-01 -2.049858e-02 8.977641e+01 9.986520e-01 -4.713297e-03 -5.169157e-02 1.138536e+02 5.158322e-02 -2.076971e-02 9.984527e-01 1.283128e+00
