1.000000e+00 0.000000e+00 0.000000e+00 0.000000e+00 0.000000e+00 1.000000e+00 0.000000e+00 0.000000e+00 0.000000e+00 0.000000e+00 1.000000e+00 0.000000e+00
9.999966e-01 -2.484120e-03 7.602677e-04 1.450795e+00 2.484357e-03 9.999969e-01 -3.107602e-04 2.833194e-02 -7.594933e-04 3.126479e-04 9.999996e-01 1.785849e-03
9.999915e-01 -3.681384e-03 1.835858e-03 2.617234e+00 3.681496e-03 9.999933e-01 -5.754312e-05 1.633863e-02 -1.835634e-03 6.430134e-05 9.999983e-01 -2.375564e-02
9.999883e-01 -4.758622e-03 8.483144e-04 3.776603e+00 4.760043e-03 9.999872e-01 -1.681453e-03 -9.096701e-03 -8.403023e-04 1.685471e-03 9.999982e-01 -5.188682e-02
9.999871e-01 -4.886980e-03 1.393075e-03 4.915916e+00 4.885627e-03 9.999876e-01 9.723552e-04 -1.482987e-02 -1.397810e-03 -9.655366e-04 9.999986e-01 -6.891856e-02
9.999825e-01 -5.384066e-03 2.443506e-03 6.033082e+00 5.380872e-03 9.999846e-01 1.312039e-03 -3.536367e-02 -2.450533e-03 -1.298868e-03 9.999961e-01 -1.068425e-01
9.999837e-01 -5.087011e-03 2.609160e-03 7.149941e+00 5.083103e-03 9.999861e-01 1.502083e-03 -3.917905e-02 -2.616764e-03 -1.488796e-03 9.999955e-01 -9.581297e-02
9.999832e-01 -5.403072e-03 2.101088e-03 8.266047e+00 5.402938e-03 9.999856e-01 6.939622e-05 -4.768170e-02 -2.101432e-03 -5.804301e-05 9.999978e-01 -1.451534e-01
9.999771e-01 -5.070137e-03 4.491624e-03 9.384005e+00 5.067213e-03 9.999870e-01 6.621320e-04 -4.800055e-02 -4.494923e-03 -6.393568e-04 9.999897e-01 -1.514092e-01
9.999778e-01 -5.270324e-03 4.082027e-03 1.050445e+01 5.264600e-03 9.999852e-01 1.411616e-03 -6.254426e-02 -4.089406e-03 -1.390095e-03 9.999907e-01 -1.680882e-01
9.999713e-01 -5.269993e-03 5.445075e-03 1.160677e+01 5.257373e-03 9.999834e-01 2.329397e-03 -7.629249e-02 -5.457261e-03 -2.300704e-03 9.999825e-01 -2.057313e-01
9.999813e-01 -4.294396e-03 4.349986e-03 1.270168e+01 4.277186e-03 9.999831e-01 3.958236e-03 -9.119146e-02 -4.366910e-03 -3.939557e-03 9.999827e-01 -2.209541e-01
9.999818e-01 -3.313132e-03 5.041112e-03 1.381690e+01 3.291460e-03 9.999853e-01 4.301280e-03 -1.039351e-01 -5.055289e-03 -4.284610e-03 9.999781e-01 -2.493764e-01
9.999882e-01 -1.965448e-03 4.442690e-03 1.492915e+01 1.935544e-03 9.999756e-01 6.725349e-03 -1.164118e-01 -4.455800e-03 -6.716670e-03 9.999675e-01 -2.818074e-01
9.999890e-01 -8.624874e-04 4.616011e-03 1.604150e+01 8.213989e-04 9.999602e-01 8.895814e-03 -1.326076e-01 -4.623500e-03 -8.891925e-03 9.999498e-01 -3.018448e-01
9.999934e-01 -3.598640e-05 3.614566e-03 1.714855e+01 6.120717e-08 9.999505e-01 9.938513e-03 -1.447701e-01 -3.614746e-03 -9.938448e-03 9.999441e-01 -3.339943e-01
9.999934e-01 2.153171e-03 2.917923e-03 1.826836e+01 -2.183157e-03 9.999443e-01 1.031247e-02 -1.626861e-01 -2.895556e-03 -1.031877e-02 9.999425e-01 -3.692740e-01
9.999906e-01 3.819966e-03 2.071508e-03 1.938544e+01 -3.842994e-03 9.999297e-01 1.122911e-02 -1.731083e-01 -2.028468e-03 -1.123696e-02 9.999348e-01 -3.951910e-01
9.999861e-01 5.229772e-03 7.130454e-04 2.049858e+01 -5.237553e-03 9.999216e-01 1.138599e-02 -1.986826e-01 -6.534433e-04 -1.138956e-02 9.999349e-01 -4.338507e-01
9.999692e-01 7.847349e-03 3.190236e-04 2.161468e+01 -7.850540e-03 9.999011e-01 1.167433e-02 -2.203138e-01 -2.273794e-04 -1.167648e-02 9.999318e-01 -4.609807e-01
9.999468e-01 1.025137e-02 -1.088310e-03 2.274827e+01 -1.023640e-02 9.998636e-01 1.296816e-02 -2.483903e-01 1.221103e-03 -1.295633e-02 9.999153e-01 -4.901076e-01
9.999291e-01 1.189923e-02 3.119710e-04 2.386732e+01 -1.190241e-02 9.998333e-01 1.384818e-02 -2.743864e-01 -1.471362e-04 -1.385091e-02 9.999040e-01 -5.297772e-01
9.999112e-01 1.328451e-02 -1.016622e-03 2.499409e+01 -1.326692e-02 9.997886e-01 1.569687e-02 -3.074133e-01 1.224932e-03 -1.568199e-02 9.998763e-01 -5.602286e-01
9.998798e-01 1.550233e-02 -1.583838e-04 2.614016e+01 -1.549785e-02 9.997532e-01 1.590609e-02 -3.458335e-01 4.049262e-04 -1.590172e-02 9.998735e-01 -5.924611e-01
9.998568e-01 1.691885e-02 -3.973669e-04 2.727353e+01 -1.690974e-02 9.997145e-01 1.687812e-02 -3.839663e-01 6.828118e-04 -1.686898e-02 9.998575e-01 -6.296851e-01
9.998255e-01 1.867356e-02 -4.696605e-04 2.842264e+01 -1.866333e-02 9.996910e-01 1.642246e-02 -4.135613e-01 7.761810e-04 -1.641083e-02 9.998651e-01 -6.688128e-01
9.997970e-01 2.014590e-02 2.228314e-04 2.957895e+01 -2.014677e-02 9.996519e-01 1.703062e-02 -4.530548e-01 1.203433e-04 -1.703165e-02 9.998549e-01 -7.062217e-01
9.997547e-01 2.214614e-02 -1.114294e-04 3.074816e+01 -2.214120e-02 9.996157e-01 1.668428e-02 -4.906513e-01 4.808789e-04 -1.667772e-02 9.998608e-01 -7.378681e-01
9.997175e-01 2.376489e-02 5.047626e-04 3.191465e+01 -2.377005e-02 9.995711e-01 1.710225e-02 -5.328485e-01 -9.811315e-05 -1.710941e-02 9.998536e-01 -7.854011e-01
9.996763e-01 2.544191e-02 -2.710515e-04 3.307534e+01 -2.543324e-02 9.995226e-01 1.753725e-02 -5.795626e-01 7.171032e-04 -1.752467e-02 9.998462e-01 -8.135766e-01
9.996271e-01 2.730625e-02 1.173356e-04 3.425768e+01 -2.730423e-02 9.994791e-01 1.720547e-02 -6.237649e-01 3.525424e-04 -1.720226e-02 9.998519e-01 -8.614842e-01
9.995789e-01 2.901762e-02 -3.814290e-05 3.544320e+01 -2.901279e-02 9.994349e-01 1.697256e-02 -6.730623e-01 5.306246e-04 -1.696431e-02 9.998559e-01 -8.999612e-01
9.995438e-01 3.019752e-02 5.020133e-04 3.662193e+01 -3.020169e-02 9.994092e-01 1.639560e-02 -7.138492e-01 -6.610295e-06 -1.640328e-02 9.998655e-01 -9.372091e-01
9.994633e-01 3.275821e-02 3.400604e-04 3.782795e+01 -3.275933e-02 9.993250e-01 1.661287e-02 -7.815426e-01 2.043769e-04 -1.661509e-02 9.998620e-01 -9.773837e-01
9.993750e-01 3.533811e-02 9.014694e-04 3.902161e+01 -3.534787e-02 9.992541e-01 1.555303e-02 -8.296735e-01 -3.511822e-04 -1.557517e-02 9.998786e-01 -1.010417e+00
9.993002e-01 3.740194e-02 5.444856e-04 4.023421e+01 -3.740590e-02 9.991864e-01 1.508491e-02 -9.020323e-01 2.016255e-05 -1.509473e-02 9.998861e-01 -1.055187e+00
9.992288e-01 3.923035e-02 1.648062e-03 4.144559e+01 -3.924981e-02 9.991289e-01 1.417077e-02 -9.631970e-01 -1.090702e-03 -1.422453e-02 9.998983e-01 -1.084210e+00
9.991750e-01 4.058893e-02 1.412068e-03 4.265365e+01 -4.060533e-02 9.990671e-01 1.469645e-02 -1.023877e+00 -8.142373e-04 -1.474166e-02 9.998910e-01 -1.129926e+00
9.990953e-01 4.249150e-02 1.736157e-03 4.387880e+01 -4.251250e-02 9.989873e-01 1.472631e-02 -1.094751e+00 -1.108656e-03 -1.478679e-02 9.998900e-01 -1.158521e+00
9.990558e-01 4.340267e-02 1.915567e-03 4.510695e+01 -4.342685e-02 9.989407e-01 1.522058e-02 -1.160877e+00 -1.252923e-03 -1.528940e-02 9.998823e-01 -1.199029e+00
9.989909e-01 4.480941e-02 3.059224e-03 4.634130e+01 -4.485273e-02 9.988658e-01 1.597564e-02 -1.220227e+00 -2.339895e-03 -1.609674e-02 9.998677e-01 -1.234286e+00
9.990085e-01 4.435915e-02 3.786395e-03 4.758477e+01 -4.441722e-02 9.988692e-01 1.695236e-02 -1.296514e+00 -3.030121e-03 -1.710373e-02 9.998491e-01 -1.270871e+00
9.989951e-01 4.460077e-02 4.413319e-03 4.883511e+01 -4.467005e-02 9.988555e-01 1.709380e-02 -1.369027e+00 -3.645872e-03 -1.727376e-02 9.998441e-01 -1.313617e+00
9.989888e-01 4.464500e-02 5.307466e-03 5.009422e+01 -4.472610e-02 9.988662e-01 1.629621e-02 -1.436024e+00 -4.573905e-03 -1.651711e-02 9.998531e-01 -1.349782e+00
9.989740e-01 4.513605e-02 3.712196e-03 5.136332e+01 -4.518907e-02 9.988546e-01 1.571536e-02 -1.515309e+00 -2.998616e-03 -1.586699e-02 9.998696e-01 -1.400487e+00
9.989876e-01 4.471342e-02 4.959589e-03 5.262709e+01 -4.479032e-02 9.988574e-01 1.666205e-02 -1.586663e+00 -4.208905e-03 -1.686732e-02 9.998489e-01 -1.434678e+00
9.989701e-01 4.528143e-02 2.894399e-03 5.389717e+01 -4.532745e-02 9.988000e-01 1.854554e-02 -1.664392e+00 -2.051158e-03 -1.865763e-02 9.998238e-01 -1.491524e+00
9.989520e-01 4.576894e-02 1.723071e-04 5.518829e+01 -4.576374e-02 9.987662e-01 1.928718e-02 -1.739326e+00 7.106591e-04 -1.927485e-02 9.998140e-01 -1.523349e+00
9.989192e-01 4.642641e-02 -2.242073e-03 5.647562e+01 -4.637676e-02 9.987504e-01 1.862526e-02 -1.807228e+00 3.103975e-03 -1.850115e-02 9.998240e-01 -1.569106e+00
9.988533e-01 4.768028e-02 -4.323601e-03 5.777429e+01 -4.759682e-02 9.987099e-01 1.769844e-02 -1.888016e+00 5.161889e-03 -1.747235e-02 9.998340e-01 -1.609173e+00
9.988056e-01 4.846456e-02 -6.200543e-03 5.905929e+01 -4.834808e-02 9.986732e-01 1.772669e-02 -1.962702e+00 7.051433e-03 -1.740574e-02 9.998236e-01 -1.659882e+00
9.986920e-01 5.058958e-02 -7.417256e-03 6.038197e+01 -5.043875e-02 9.985411e-01 1.927940e-02 -2.044836e+00 8.381771e-03 -1.888006e-02 9.997866e-01 -1.696714e+00
9.985816e-01 5.241503e-02 -9.348623e-03 6.171500e+01 -5.223604e-02 9.984641e-01 1.845950e-02 -2.128079e+00 1.030182e-02 -1.794498e-02 9.997859e-01 -1.734637e+00
9.985206e-01 5.371260e-02 -8.466901e-03 6.301655e+01 -5.354722e-02 9.983907e-01 1.867934e-02 -2.207702e+00 9.456590e-03 -1.819832e-02 9.997897e-01 -1.785079e+00
9.984186e-01 5.542657e-02 -9.394594e-03 6.436828e+01 -5.525358e-02 9.983143e-01 1.776882e-02 -2.299177e+00 1.036362e-02 -1.722164e-02 9.997980e-01 -1.827531e+00
9.983063e-01 5.733347e-02 -9.864459e-03 6.569508e+01 -5.714653e-02 9.981983e-01 1.828993e-02 -2.392466e+00 1.089531e-02 -1.769524e-02 9.997841e-01 -1.877986e+00
9.980907e-01 6.062438e-02 -1.181299e-02 6.703375e+01 -6.041151e-02 9.980181e-01 1.761325e-02 -2.504389e+00 1.285737e-02 -1.686598e-02 9.997751e-01 -1.915054e+00
9.979077e-01 6.338973e-02 -1.272574e-02 6.839206e+01 -6.314885e-02 9.978323e-01 1.851334e-02 -2.605220e+00 1.387171e-02 -1.767099e-02 9.997476e-01 -1.957128e+00
9.976597e-01 6.667328e-02 -1.515965e-02 6.972948e+01 -6.639451e-02 9.976274e-01 1.820421e-02 -2.700127e+00 1.633741e-02 -1.715509e-02 9.997194e-01 -2.009187e+00
9.974866e-01 6.915210e-02 -1.544254e-02 7.109823e+01 -6.886773e-02 9.974588e-01 1.824495e-02 -2.809102e+00 1.666497e-02 -1.713560e-02 9.997143e-01 -2.053883e+00
9.973105e-01 7.161605e-02 -1.558604e-02 7.245935e+01 -7.134022e-02 9.972970e-01 1.758745e-02 -2.917812e+00 1.680345e-02 -1.642824e-02 9.997239e-01 -2.097913e+00
9.971731e-01 7.316435e-02 -1.711061e-02 7.383879e+01 -7.286345e-02 9.971865e-01 1.759399e-02 -3.038662e+00 1.834973e-02 -1.629751e-02 9.996988e-01 -2.153116e+00
9.970421e-01 7.522757e-02 -1.574209e-02 7.520567e+01 -7.496025e-02 9.970427e-01 1.693335e-02 -3.152274e+00 1.696939e-02 -1.570323e-02 9.997327e-01 -2.195135e+00
9.969550e-01 7.610796e-02 -1.698139e-02 7.656197e+01 -7.583000e-02 9.969852e-01 1.645368e-02 -3.270088e+00 1.818244e-02 -1.511588e-02 9.997204e-01 -2.246735e+00
9.968548e-01 7.732753e-02 -1.734515e-02 7.793559e+01 -7.706306e-02 9.969066e-01 1.543092e-02 -3.387754e+00 1.848473e-02 -1.404572e-02 9.997305e-01 -2.282486e+00
9.966859e-01 7.931446e-02 -1.806717e-02 7.930112e+01 -7.907340e-02 9.967748e-01 1.368842e-02 -3.510474e+00 1.909459e-02 -1.221442e-02 9.997430e-01 -2.331777e+00
9.966092e-01 8.004085e-02 -1.906526e-02 8.067894e+01 -7.980242e-02 9.967266e-01 1.295601e-02 -3.634637e+00 2.003986e-02 -1.139062e-02 9.997343e-01 -2.381549e+00
9.964880e-01 8.136097e-02 -1.980313e-02 8.205116e+01 -8.112024e-02 9.966238e-01 1.267153e-02 -3.769254e+00 2.076724e-02 -1.102060e-02 9.997236e-01 -2.411052e+00
9.963777e-01 8.257650e-02 -2.031366e-02 8.341447e+01 -8.230938e-02 9.965132e-01 1.365328e-02 -3.896728e+00 2.137027e-02 -1.193182e-02 9.997004e-01 -2.463139e+00
9.962838e-01 8.385997e-02 -1.964756e-02 8.477670e+01 -8.358894e-02 9.963986e-01 1.423371e-02 -4.026102e+00 2.077044e-02 -1.253850e-02 9.997057e-01 -2.496541e+00
9.961687e-01 8.502891e-02 -2.044619e-02 8.614742e+01 -8.475124e-02 9.963027e-01 1.408528e-02 -4.156186e+00 2.156825e-02 -1.229847e-02 9.996917e-01 -2.542746e+00
9.960939e-01 8.609132e-02 -1.962425e-02 8.751114e+01 -8.580781e-02 9.962008e-01 1.485987e-02 -4.291841e+00 2.082900e-02 -1.311791e-02 9.996970e-01 -2.586362e+00
9.959362e-01 8.797135e-02 -1.929114e-02 8.888668e+01 -8.768780e-02 9.960338e-01 1.508406e-02 -4.427151e+00 2.054159e-02 -1.333116e-02 9.997001e-01 -2.627676e+00
9.958966e-01 8.860070e-02 -1.843381e-02 9.026373e+01 -8.829241e-02 9.959509e-01 1.691639e-02 -4.569507e+00 1.985797e-02 -1.521941e-02 9.996870e-01 -2.676235e+00
9.958304e-01 8.945475e-02 -1.787664e-02 9.163357e+01 -8.915003e-02 9.958701e-01 1.717314e-02 -4.701020e+00 1.933903e-02 -1.550783e-02 9.996927e-01 -2.723706e+00
9.958060e-01 8.983392e-02 -1.732487e-02 9.300032e+01 -8.953365e-02 9.958321e-01 1.739303e-02 -4.843627e+00 1.881514e-02 -1.576892e-02 9.996986e-01 -2.776896e+00
9.958079e-01 8.993056e-02 -1.670779e-02 9.436978e+01 -8.965725e-02 9.958370e-01 1.644587e-02 -4.988220e+00 1.811722e-02 -1.487895e-02 9.997252e-01 -2.813622e+00
9.956831e-01 9.124258e-02 -1.702691e-02 9.573857e+01 -9.096861e-02 9.957217e-01 1.622725e-02 -5.131285e+00 1.843468e-02 -1.460828e-02 9.997233e-01 -2.869226e+00
9.956761e-01 9.161694e-02 -1.534244e-02 9.711073e+01 -9.136800e-02 9.956853e-01 1.621023e-02 -5.272258e+00 1.676137e-02 -1.473833e-02 9.997509e-01 -2.918542e+00
9.955983e-01 9.245202e-02 -1.538670e-02 9.846319e+01 -9.219682e-02 9.956033e-01 1.654324e-02 -5.412898e+00 1.684851e-02 -1.505182e-02 9.997448e-01 -2.963628e+00
9.955626e-01 9.296247e-02 -1.459993e-02 9.982390e+01 -9.272519e-02 9.955605e-01 1.616750e-02 -5.548676e+00 1.603808e-02 -1.474197e-02 9.997627e-01 -3.022635e+00
9.955078e-01 9.347175e-02 -1.507139e-02 1.011690e+02 -9.322968e-02 9.955153e-01 1.603648e-02 -5.698981e+00 1.650276e-02 -1.455934e-02 9.997578e-01 -3.062275e+00
9.954805e-01 9.390381e-02 -1.416691e-02 1.025141e+02 -9.367165e-02 9.954705e-01 1.624807e-02 -5.831715e+00 1.562850e-02 -1.484760e-02 9.997676e-01 -3.116617e+00
9.954600e-01 9.413701e-02 -1.405809e-02 1.038658e+02 -9.388901e-02 9.954311e-01 1.736771e-02 -5.972960e+00 1.562881e-02 -1.596896e-02 9.997503e-01 -3.160579e+00
9.953460e-01 9.527826e-02 -1.443567e-02 1.052030e+02 -9.501883e-02 9.953181e-01 1.770370e-02 -6.120083e+00 1.605486e-02 -1.624965e-02 9.997391e-01 -3.215260e+00
9.951409e-01 9.728082e-02 -1.520217e-02 1.065580e+02 -9.699366e-02 9.951110e-01 1.860730e-02 -6.262496e+00 1.693798e-02 -1.704237e-02 9.997113e-01 -3.265616e+00
9.949806e-01 9.887418e-02 -1.541068e-02 1.079004e+02 -9.858663e-02 9.949580e-01 1.842024e-02 -6.413256e+00 1.715426e-02 -1.680850e-02 9.997116e-01 -3.316473e+00
9.947662e-01 1.009988e-01 -1.547466e-02 1.092363e+02 -1.007006e-01 9.947358e-01 1.897183e-02 -6.569507e+00 1.730933e-02 -1.731423e-02 9.997002e-01 -3.364520e+00
9.947089e-01 1.018003e-01 -1.381837e-02 1.105736e+02 -1.015250e-01 9.946446e-01 1.934981e-02 -6.718988e+00 1.571419e-02 -1.784452e-02 9.997173e-01 -3.410372e+00
9.946213e-01 1.027231e-01 -1.328558e-02 1.119242e+02 -1.024495e-01 9.945400e-01 1.985731e-02 -6.876860e+00 1.525285e-02 -1.838940e-02 9.997146e-01 -3.460897e+00
9.945657e-01 1.032804e-01 -1.312526e-02 1.132743e+02 -1.030099e-01 9.944824e-01 1.984653e-02 -7.035300e+00 1.510260e-02 -1.838664e-02 9.997169e-01 -3.510794e+00
9.945851e-01 1.032837e-01 -1.153113e-02 1.146188e+02 -1.030372e-01 9.944714e-01 2.024704e-02 -7.188920e+00 1.355857e-02 -1.894927e-02 9.997285e-01 -3.559932e+00
9.945553e-01 1.032967e-01 -1.376722e-02 1.159767e+02 -1.030039e-01 9.944695e-01 2.051030e-02 -7.341320e+00 1.580973e-02 -1.898055e-02 9.996948e-01 -3.613223e+00
9.945697e-01 1.033592e-01 -1.216731e-02 1.173394e+02 -1.030787e-01 9.944347e-01 2.178316e-02 -7.502511e+00 1.435109e-02 -2.041068e-02 9.996887e-01 -3.661721e+00
9.945245e-01 1.034497e-01 -1.480536e-02 1.186907e+02 -1.030944e-01 9.944049e-01 2.302979e-02 -7.656944e+00 1.710495e-02 -2.137734e-02 9.996251e-01 -3.731818e+00
9.945855e-01 1.030429e-01 -1.348938e-02 1.200542e+02 -1.027039e-01 9.944274e-01 2.378524e-02 -7.804667e+00 1.586511e-02 -2.227104e-02 9.996261e-01 -3.764525e+00
9.945245e-01 1.033875e-01 -1.523307e-02 1.214333e+02 -1.030150e-01 9.944023e-01 2.349318e-02 -7.968071e+00 1.757670e-02 -2.179531e-02 9.996079e-01 -3.832346e+00
9.945124e-01 1.035788e-01 -1.471600e-02 1.228019e+02 -1.032400e-01 9.944092e-01 2.217343e-02 -8.123602e+00 1.693043e-02 -2.053246e-02 9.996458e-01 -3.886176e+00
9.944912e-01 1.036784e-01 -1.543233e-02 1.241799e+02 -1.033250e-01 9.944006e-01 2.216627e-02 -8.281731e+00 1.764408e-02 -2.044962e-02 9.996352e-01 -3.939718e+00
9.944550e-01 1.040232e-01 -1.544359e-02 1.255551e+02 -1.036772e-01 9.943736e-01 2.173245e-02 -8.441443e+00 1.761737e-02 -2.001080e-02 9.996445e-01 -3.997794e+00
9.944254e-01 1.041621e-01 -1.638189e-02 1.269475e+02 -1.037748e-01 9.943362e-01 2.294498e-02 -8.602448e+00 1.867910e-02 -2.111704e-02 9.996025e-01 -4.044241e+00
9.943376e-01 1.046973e-01 -1.820244e-02 1.283280e+02 -1.042494e-01 9.942610e-01 2.402456e-02 -8.759065e+00 2.061328e-02 -2.199093e-02 9.995456e-01 -4.110036e+00
9.942231e-01 1.054874e-01 -1.982280e-02 1.297297e+02 -1.049999e-01 9.941775e-01 2.420800e-02 -8.918428e+00 2.226102e-02 -2.198676e-02 9.995104e-01 -4.161632e+00
9.941341e-01 1.062104e-01 -2.041361e-02 1.311209e+02 -1.057320e-01 9.941230e-01 2.324004e-02 -9.077796e+00 2.276198e-02 -2.094534e-02 9.995215e-01 -4.221232e+00
9.940348e-01 1.072254e-01 -1.993609e-02 1.325299e+02 -1.067742e-01 9.940295e-01 2.246713e-02 -9.245567e+00 2.222611e-02 -2.020445e-02 9.995488e-01 -4.280256e+00
9.939789e-01 1.077915e-01 -1.967143e-02 1.339303e+02 -1.073841e-01 9.940020e-01 2.071250e-02 -9.422525e+00 2.178607e-02 -1.847539e-02 9.995919e-01 -4.322072e+00
9.938509e-01 1.089610e-01 -1.969168e-02 1.353445e+02 -1.085863e-01 9.939018e-01 1.919141e-02 -9.592495e+00 2.166270e-02 -1.693515e-02 9.996219e-01 -4.376330e+00
9.938184e-01 1.094916e-01 -1.834450e-02 1.367417e+02 -1.091281e-01 9.938310e-01 1.977099e-02 -9.757275e+00 2.039609e-02 -1.764687e-02 9.996362e-01 -4.429308e+00
9.936542e-01 1.110965e-01 -1.757478e-02 1.381562e+02 -1.106998e-01 9.936075e-01 2.212927e-02 -9.936091e+00 1.992092e-02 -2.004332e-02 9.996006e-01 -4.485055e+00
9.935622e-01 1.119402e-01 -1.742362e-02 1.395584e+02 -1.115214e-01 9.934865e-01 2.339558e-02 -1.010546e+01 1.992904e-02 -2.130185e-02 9.995744e-01 -4.550735e+00
9.934463e-01 1.129651e-01 -1.741751e-02 1.409739e+02 -1.125659e-01 9.933915e-01 2.241121e-02 -1.028178e+01 1.983409e-02 -2.030372e-02 9.995971e-01 -4.596804e+00
9.933175e-01 1.141232e-01 -1.721284e-02 1.423875e+02 -1.137187e-01 9.932492e-01 2.288547e-02 -1.046851e+01 1.970840e-02 -2.077512e-02 9.995899e-01 -4.655119e+00
9.931670e-01 1.152115e-01 -1.858979e-02 1.438102e+02 -1.147595e-01 9.931084e-01 2.378570e-02 -1.064580e+01 2.120207e-02 -2.148981e-02 9.995442e-01 -4.714206e+00
9.930552e-01 1.163688e-01 -1.731282e-02 1.452272e+02 -1.159220e-01 9.929463e-01 2.489808e-02 -1.082853e+01 2.008806e-02 -2.271823e-02 9.995401e-01 -4.775998e+00
9.929886e-01 1.170157e-01 -1.676033e-02 1.466576e+02 -1.165694e-01 9.928547e-01 2.551142e-02 -1.100856e+01 1.962581e-02 -2.337881e-02 9.995340e-01 -4.831816e+00
9.929793e-01 1.173971e-01 -1.449134e-02 1.480777e+02 -1.170114e-01 9.928136e-01 2.508774e-02 -1.120202e+01 1.733243e-02 -2.321595e-02 9.995802e-01 -4.882380e+00
9.929309e-01 1.181484e-01 -1.136809e-02 1.495046e+02 -1.178041e-01 9.926623e-01 2.727287e-02 -1.138942e+01 1.450692e-02 -2.574087e-02 9.995634e-01 -4.954055e+00
9.928806e-01 1.187269e-01 -9.587863e-03 1.509393e+02 -1.184213e-01 9.925733e-01 2.783736e-02 -1.158752e+01 1.282170e-02 -2.650377e-02 9.995665e-01 -5.003871e+00
9.927329e-01 1.201583e-01 -6.591791e-03 1.523701e+02 -1.199185e-01 9.923542e-01 2.920528e-02 -1.177474e+01 1.005065e-02 -2.820257e-02 9.995517e-01 -5.093428e+00
9.927326e-01 1.202678e-01 -4.190031e-03 1.538053e+02 -1.201120e-01 9.923905e-01 2.709839e-02 -1.197073e+01 7.417212e-03 -2.639819e-02 9.996240e-01 -5.136872e+00
9.926708e-01 1.208485e-01 -4.779737e-04 1.552267e+02 -1.207890e-01 9.922916e-01 2.769555e-02 -1.216619e+01 3.821255e-03 -2.743483e-02 9.996163e-01 -5.221754e+00
9.926978e-01 1.206272e-01 2.875212e-04 1.566588e+02 -1.205938e-01 9.923618e-01 2.598571e-02 -1.235120e+01 2.849257e-03 -2.583063e-02 9.996623e-01 -5.266896e+00
9.925171e-01 1.220906e-01 1.915408e-03 1.580957e+02 -1.220988e-01 9.921739e-01 2.613018e-02 -1.254517e+01 1.289831e-03 -2.616852e-02 9.996567e-01 -5.359215e+00
9.924492e-01 1.226460e-01 1.612610e-03 1.595142e+02 -1.226484e-01 9.921447e-01 2.462697e-02 -1.274329e+01 1.420457e-03 -2.463880e-02 9.996954e-01 -5.398499e+00
9.921425e-01 1.250695e-01 3.303369e-03 1.609444e+02 -1.251130e-01 9.918293e-01 2.492506e-02 -1.294349e+01 -1.590131e-04 -2.514250e-02 9.996839e-01 -5.487360e+00
9.919259e-01 1.267869e-01 2.843258e-03 1.623651e+02 -1.268186e-01 9.916420e-01 2.372675e-02 -1.315131e+01 1.887458e-04 -2.389575e-02 9.997144e-01 -5.528557e+00
9.917180e-01 1.283635e-01 4.267300e-03 1.637856e+02 -1.284278e-01 9.914560e-01 2.282905e-02 -1.335206e+01 -1.300425e-03 -2.318802e-02 9.997303e-01 -5.593138e+00
9.915532e-01 1.296139e-01 4.733565e-03 1.652063e+02 -1.296867e-01 9.913174e-01 2.170058e-02 -1.355772e+01 -1.879769e-03 -2.213116e-02 9.997533e-01 -5.646971e+00
9.911739e-01 1.323729e-01 7.189075e-03 1.666196e+02 -1.325018e-01 9.909350e-01 2.216012e-02 -1.376925e+01 -4.190505e-03 -2.291710e-02 9.997286e-01 -5.705544e+00
9.908727e-01 1.345695e-01 7.889885e-03 1.680306e+02 -1.347232e-01 9.905891e-01 2.413663e-02 -1.398330e+01 -4.567582e-03 -2.497928e-02 9.996775e-01 -5.770917e+00
9.905198e-01 1.372718e-01 5.200001e-03 1.694305e+02 -1.373595e-01 9.902066e-01 2.496470e-02 -1.418852e+01 -1.722126e-03 -2.544229e-02 9.996748e-01 -5.835537e+00
9.901249e-01 1.400822e-01 5.444943e-03 1.708441e+02 -1.401748e-01 9.898171e-01 2.476170e-02 -1.440594e+01 -1.920824e-03 -2.528042e-02 9.996786e-01 -5.908770e+00
9.896485e-01 1.434983e-01 2.026256e-03 1.722365e+02 -1.435046e-01 9.893466e-01 2.448278e-02 -1.462687e+01 1.508567e-03 -2.452013e-02 9.996982e-01 -5.950948e+00
9.890298e-01 1.476850e-01 3.030942e-03 1.736347e+02 -1.477143e-01 9.887087e-01 2.521533e-02 -1.483957e+01 7.272053e-04 -2.538642e-02 9.996774e-01 -6.032531e+00
9.885737e-01 1.507364e-01 7.794913e-04 1.750166e+02 -1.507114e-01 9.882857e-01 2.403697e-02 -1.507707e+01 2.852886e-03 -2.387980e-02 9.997107e-01 -6.083399e+00
9.881276e-01 1.536213e-01 2.071706e-03 1.764082e+02 -1.536298e-01 9.878887e-01 2.176834e-02 -1.530723e+01 1.297465e-03 -2.182817e-02 9.997609e-01 -6.137795e+00
9.876136e-01 1.568840e-01 2.630882e-03 1.777895e+02 -1.569039e-01 9.873742e-01 2.175300e-02 -1.554191e+01 8.150310e-04 -2.189635e-02 9.997599e-01 -6.204462e+00
9.871334e-01 1.598437e-01 4.206902e-03 1.791589e+02 -1.598976e-01 9.868948e-01 2.170991e-02 -1.577595e+01 -6.815793e-04 -2.210324e-02 9.997554e-01 -6.248046e+00
9.864734e-01 1.638757e-01 3.875103e-03 1.805325e+02 -1.639215e-01 9.862121e-01 2.270527e-02 -1.602260e+01 -1.008307e-04 -2.303336e-02 9.997347e-01 -6.312435e+00
9.858117e-01 1.676960e-01 7.311528e-03 1.818883e+02 -1.678213e-01 9.855531e-01 2.282960e-02 -1.627529e+01 -3.377466e-03 -2.373272e-02 9.997126e-01 -6.373471e+00
9.851087e-01 1.717040e-01 8.862739e-03 1.832670e+02 -1.718605e-01 9.848791e-01 2.183829e-02 -1.652925e+01 -4.979006e-03 -2.303625e-02 9.997222e-01 -6.416224e+00
9.843730e-01 1.757189e-01 1.152021e-02 1.846203e+02 -1.759358e-01 9.841610e-01 2.176720e-02 -1.678744e+01 -7.512832e-03 -2.345386e-02 9.996967e-01 -6.491641e+00
9.834887e-01 1.804357e-01 1.388758e-02 1.859685e+02 -1.807112e-01 9.832876e-01 2.212222e-02 -1.705882e+01 -9.663842e-03 -2.426659e-02 9.996588e-01 -6.533235e+00
9.824759e-01 1.858879e-01 1.366368e-02 1.873046e+02 -1.861603e-01 9.822615e-01 2.250655e-02 -1.733723e+01 -9.237615e-03 -2.465578e-02 9.996533e-01 -6.596422e+00
9.814289e-01 1.911912e-01 1.559956e-02 1.886374e+02 -1.914992e-01 9.812579e-01 2.146824e-02 -1.761208e+01 -1.120265e-02 -2.405685e-02 9.996478e-01 -6.656759e+00
9.804190e-01 1.962409e-01 1.637226e-02 1.899469e+02 -1.965513e-01 9.802856e-01 2.018611e-02 -1.789156e+01 -1.208815e-02 -2.300883e-02 9.996622e-01 -6.703662e+00
9.793019e-01 2.016461e-01 1.751316e-02 1.912637e+02 -2.019991e-01 9.791501e-01 2.148647e-02 -1.817324e+01 -1.281535e-02 -2.457939e-02 9.996157e-01 -6.779774e+00
9.782018e-01 2.069407e-01 1.722738e-02 1.925677e+02 -2.072894e-01 9.780372e-01 2.177420e-02 -1.847048e+01 -1.234305e-02 -2.487062e-02 9.996145e-01 -6.817995e+00
9.771243e-01 2.119804e-01 1.709883e-02 1.938327e+02 -2.123459e-01 9.769111e-01 2.353197e-02 -1.876383e+01 -1.171573e-02 -2.662453e-02 9.995769e-01 -6.889339e+00
9.761802e-01 2.162941e-01 1.700106e-02 1.950945e+02 -2.166716e-01 9.759270e-01 2.489580e-02 -1.905331e+01 -1.120698e-02 -2.798643e-02 9.995455e-01 -6.944308e+00
9.751791e-01 2.207234e-01 1.751693e-02 1.963272e+02 -2.211270e-01 9.748982e-01 2.601214e-02 -1.935627e+01 -1.133573e-02 -2.923997e-02 9.995081e-01 -7.003752e+00
9.742917e-01 2.245900e-01 1.775054e-02 1.975527e+02 -2.249985e-01 9.740140e-01 2.593353e-02 -1.965717e+01 -1.146486e-02 -2.926066e-02 9.995061e-01 -7.071258e+00
9.739348e-01 2.260141e-01 1.920084e-02 1.987512e+02 -2.264617e-01 9.736812e-01 2.568347e-02 -1.994414e+01 -1.289067e-02 -2.936228e-02 9.994857e-01 -7.125461e+00
9.733920e-01 2.284492e-01 1.786379e-02 1.999296e+02 -2.288578e-01 9.731193e-01 2.575077e-02 -2.024653e+01 -1.150085e-02 -2.915386e-02 9.995088e-01 -7.199319e+00
9.727857e-01 2.310246e-01 1.776427e-02 2.010710e+02 -2.314059e-01 9.725683e-01 2.371037e-02 -2.053975e+01 -1.179929e-02 -2.717586e-02 9.995610e-01 -7.243323e+00
9.723688e-01 2.327184e-01 1.846920e-02 2.021954e+02 -2.331207e-01 9.721545e-01 2.388484e-02 -2.081630e+01 -1.239647e-02 -2.753043e-02 9.995441e-01 -7.309021e+00
9.717182e-01 2.353523e-01 1.931442e-02 2.032891e+02 -2.357750e-01 9.715186e-01 2.369934e-02 -2.109771e+01 -1.318662e-02 -2.758294e-02 9.995325e-01 -7.364606e+00
9.710555e-01 2.380605e-01 1.945181e-02 2.043688e+02 -2.385076e-01 9.708105e-01 2.531518e-02 -2.138568e+01 -1.285748e-02 -2.922185e-02 9.994903e-01 -7.410305e+00
9.705292e-01 2.402138e-01 1.924560e-02 2.054235e+02 -2.406811e-01 9.702150e-01 2.748709e-02 -2.165312e+01 -1.206959e-02 -3.130908e-02 9.994369e-01 -7.478519e+00
9.698219e-01 2.431587e-01 1.786705e-02 2.064572e+02 -2.436053e-01 9.694189e-01 2.972512e-02 -2.192909e+01 -1.009273e-02 -3.318058e-02 9.993984e-01 -7.530945e+00
9.687849e-01 2.474410e-01 1.512307e-02 2.074799e+02 -2.477999e-01 9.683361e-01 3.033743e-02 -2.220271e+01 -7.137494e-03 -3.313794e-02 9.994253e-01 -7.587418e+00
9.670920e-01 2.541549e-01 1.176323e-02 2.084803e+02 -2.544017e-01 9.666138e-01 3.061927e-02 -2.248558e+01 -3.588463e-03 -3.260423e-02 9.994619e-01 -7.639913e+00
9.647731e-01 2.629474e-01 8.465219e-03 2.094755e+02 -2.630836e-01 9.642633e-01 3.135620e-02 -2.276118e+01 8.233171e-05 -3.247868e-02 9.994724e-01 -7.700441e+00
9.619521e-01 2.731250e-01 7.134910e-03 2.104602e+02 -2.732120e-01 9.614263e-01 3.185790e-02 -2.305571e+01 1.841499e-03 -3.259512e-02 9.994670e-01 -7.744586e+00
9.592899e-01 2.823244e-01 7.470360e-03 2.114567e+02 -2.824157e-01 9.587353e-01 3.267280e-02 -2.335450e+01 2.062229e-03 -3.345243e-02 9.994382e-01 -7.799195e+00
9.571790e-01 2.893050e-01 1.053272e-02 2.124424e+02 -2.894964e-01 9.565991e-01 3.331514e-02 -2.368159e+01 -4.373481e-04 -3.493774e-02 9.993894e-01 -7.845804e+00
9.560364e-01 2.929821e-01 1.248771e-02 2.134161e+02 -2.932391e-01 9.554741e-01 3.286320e-02 -2.398750e+01 -2.303349e-03 -3.508030e-02 9.993818e-01 -7.897470e+00
9.553083e-01 2.952600e-01 1.441073e-02 2.143966e+02 -2.955783e-01 9.547955e-01 3.161336e-02 -2.430589e+01 -4.425141e-03 -3.446001e-02 9.993963e-01 -7.964901e+00
9.551833e-01 2.956991e-01 1.367609e-02 2.153716e+02 -2.959899e-01 9.546850e-01 3.108981e-02 -2.461916e+01 -3.863133e-03 -3.374445e-02 9.994230e-01 -8.011772e+00
9.551263e-01 2.959155e-01 1.294952e-02 2.163396e+02 -2.961821e-01 9.546229e-01 3.116585e-02 -2.492432e+01 -3.139446e-03 -3.360274e-02 9.994304e-01 -8.079000e+00
9.551284e-01 2.959721e-01 1.141174e-02 2.173115e+02 -2.961883e-01 9.545989e-01 3.183347e-02 -2.523950e+01 -1.471817e-03 -3.378508e-02 9.994280e-01 -8.121892e+00
9.553120e-01 2.954078e-01 1.064528e-02 2.182739e+02 -2.955986e-01 9.547790e-01 3.190864e-02 -2.554946e+01 -7.378277e-04 -3.362944e-02 9.994341e-01 -8.164315e+00
9.558783e-01 2.935288e-01 1.173084e-02 2.192602e+02 -2.937558e-01 9.553730e-01 3.113824e-02 -2.585627e+01 -2.067360e-03 -3.321037e-02 9.994463e-01 -8.223856e+00
9.564490e-01 2.917367e-01 9.746494e-03 2.202271e+02 -2.918991e-01 9.559641e-01 3.045687e-02 -2.616390e+01 -4.319143e-04 -3.197543e-02 9.994885e-01 -8.272090e+00
9.570822e-01 2.896592e-01 9.546634e-03 2.211930e+02 -2.898159e-01 9.566252e-01 2.958100e-02 -2.646639e+01 -5.641384e-04 -3.107822e-02 9.995168e-01 -8.324849e+00
9.575175e-01 2.882536e-01 8.373874e-03 2.221725e+02 -2.883746e-01 9.570487e-01 2.996193e-02 -2.678004e+01 6.224297e-04 -3.110388e-02 9.995160e-01 -8.372255e+00
9.580322e-01 2.865599e-01 7.601404e-03 2.231502e+02 -2.866563e-01 9.575332e-01 3.095492e-02 -2.709004e+01 1.591844e-03 -3.183480e-02 9.994919e-01 -8.416754e+00
9.584249e-01 2.852616e-01 6.894870e-03 2.241517e+02 -2.853346e-01 9.579049e-01 3.165632e-02 -2.738857e+01 2.425704e-03 -3.230756e-02 9.994750e-01 -8.466154e+00
9.587449e-01 2.842151e-01 5.486894e-03 2.251422e+02 -2.842439e-01 9.582329e-01 3.154856e-02 -2.769500e+01 3.708853e-03 -3.180663e-02 9.994872e-01 -8.518418e+00
9.591480e-01 2.828768e-01 3.971042e-03 2.261388e+02 -2.828574e-01 9.586366e-01 3.174642e-02 -2.800184e+01 5.173539e-03 -3.157275e-02 9.994881e-01 -8.570575e+00
9.590917e-01 2.830917e-01 1.498420e-03 2.271487e+02 -2.829949e-01 9.585955e-01 3.175574e-02 -2.831042e+01 7.553407e-03 -3.088071e-02 9.994946e-01 -8.622863e+00
9.588799e-01 2.838120e-01 5.429238e-05 2.281648e+02 -2.836679e-01 9.583871e-01 3.203953e-02 -2.862379e+01 9.041168e-03 -3.073746e-02 9.994866e-01 -8.670770e+00
9.587127e-01 2.843745e-01 -1.039477e-03 2.291820e+02 -2.842023e-01 9.582472e-01 3.148445e-02 -2.894011e+01 9.949453e-03 -2.988912e-02 9.995037e-01 -8.719396e+00
9.586790e-01 2.844894e-01 -5.916259e-04 2.302234e+02 -2.843294e-01 9.582057e-01 3.159671e-02 -2.926321e+01 9.555828e-03 -3.012289e-02 9.995005e-01 -8.765696e+00
9.585661e-01 2.848588e-01 -2.562968e-03 2.312534e+02 -2.846380e-01 9.581089e-01 3.175662e-02 -2.957976e+01 1.150175e-02 -2.971130e-02 9.994923e-01 -8.816905e+00
9.583975e-01 2.854329e-01 -1.505719e-03 2.322928e+02 -2.852427e-01 9.579269e-01 3.182291e-02 -2.990609e+01 1.052567e-02 -3.006950e-02 9.994924e-01 -8.868581e+00
9.583153e-01 2.857098e-01 -1.339280e-03 2.333487e+02 -2.855081e-01 9.577953e-01 3.336546e-02 -3.023406e+01 1.081559e-02 -3.159225e-02 9.994423e-01 -8.919765e+00
9.581359e-01 2.863106e-01 -1.362914e-03 2.343991e+02 -2.861046e-01 9.576068e-01 3.366514e-02 -3.055592e+01 1.094382e-02 -3.186584e-02 9.994323e-01 -8.979947e+00
9.579816e-01 2.868286e-01 -7.326868e-04 2.354639e+02 -2.866313e-01 9.574112e-01 3.473380e-02 -3.090216e+01 1.066413e-02 -3.306434e-02 9.993963e-01 -9.026577e+00
9.577410e-01 2.876271e-01 -1.702498e-03 2.365245e+02 -2.873887e-01 9.571571e-01 3.547081e-02 -3.123049e+01 1.183192e-02 -3.348257e-02 9.993693e-01 -9.090670e+00
9.574022e-01 2.887578e-01 -2.159048e-04 2.376079e+02 -2.885617e-01 9.567790e-01 3.613937e-02 -3.158447e+01 1.064210e-02 -3.453761e-02 9.993467e-01 -9.135599e+00
9.572160e-01 2.893732e-01 -9.076158e-04 2.386906e+02 -2.891263e-01 9.565198e-01 3.841775e-02 -3.192517e+01 1.198522e-02 -3.651167e-02 9.992614e-01 -9.201317e+00
9.570071e-01 2.900614e-01 1.316041e-03 2.397831e+02 -2.898887e-01 9.562597e-01 3.913928e-02 -3.226433e+01 1.009432e-02 -3.783807e-02 9.992329e-01 -9.265034e+00
9.566489e-01 2.912382e-01 1.763113e-03 2.408777e+02 -2.910701e-01 9.558526e-01 4.029664e-02 -3.262653e+01 1.005065e-02 -3.906292e-02 9.991862e-01 -9.312579e+00
9.564085e-01 2.920214e-01 2.502972e-03 2.419861e+02 -2.918927e-01 9.556522e-01 3.908496e-02 -3.297528e+01 9.021672e-03 -3.811179e-02 9.992328e-01 -9.390924e+00
9.562734e-01 2.924515e-01 3.655523e-03 2.430854e+02 -2.923667e-01 9.555079e-01 3.906935e-02 -3.332455e+01 7.933007e-03 -3.842973e-02 9.992298e-01 -9.437103e+00
9.561530e-01 2.928409e-01 3.940107e-03 2.442080e+02 -2.927749e-01 9.554262e-01 3.799885e-02 -3.369731e+01 7.363136e-03 -3.748628e-02 9.992700e-01 -9.514177e+00
9.560543e-01 2.931431e-01 5.213042e-03 2.453320e+02 -2.931339e-01 9.553761e-01 3.645217e-02 -3.405907e+01 5.705286e-03 -3.637837e-02 9.993218e-01 -9.565716e+00
9.559387e-01 2.935422e-01 3.756484e-03 2.464602e+02 -2.934934e-01 9.553381e-01 3.450288e-02 -3.441706e+01 6.539340e-03 -3.408514e-02 9.993975e-01 -9.632861e+00
9.559034e-01 2.936573e-01 3.748106e-03 2.475998e+02 -2.936154e-01 9.553413e-01 3.336421e-02 -3.477938e+01 6.216923e-03 -3.299346e-02 9.994363e-01 -9.693530e+00
9.559207e-01 2.936236e-01 9.082691e-04 2.487419e+02 -2.934929e-01 9.553933e-01 3.294563e-02 -3.513471e+01 8.805860e-03 -3.175998e-02 9.994567e-01 -9.757914e+00
9.558787e-01 2.937599e-01 9.612022e-04 2.498739e+02 -2.936400e-01 9.553843e-01 3.188493e-02 -3.550969e+01 8.448199e-03 -3.076038e-02 9.994911e-01 -9.812507e+00
9.557742e-01 2.941015e-01 -1.867488e-04 2.510188e+02 -2.939436e-01 9.552815e-01 3.216148e-02 -3.586864e+01 9.637138e-03 -3.068422e-02 9.994827e-01 -9.870186e+00
9.557582e-01 2.941524e-01 8.159583e-04 2.521636e+02 -2.940102e-01 9.552023e-01 3.385707e-02 -3.623258e+01 9.179734e-03 -3.259907e-02 9.994264e-01 -9.934630e+00
9.558272e-01 2.939289e-01 3.116438e-04 2.533188e+02 -2.937512e-01 9.552114e-01 3.579768e-02 -3.660348e+01 1.022429e-02 -3.430795e-02 9.993590e-01 -9.993658e+00
9.558135e-01 2.939731e-01 -5.068439e-04 2.544791e+02 -2.937684e-01 9.552096e-01 3.570366e-02 -3.698323e+01 1.098006e-02 -3.397714e-02 9.993623e-01 -1.005773e+01
9.557893e-01 2.940419e-01 -2.476362e-03 2.556414e+02 -2.937966e-01 9.552754e-01 3.365261e-02 -3.735719e+01 1.226089e-02 -3.143726e-02 9.994305e-01 -1.011744e+01
9.558000e-01 2.940134e-01 -1.561719e-03 2.568209e+02 -2.938209e-01 9.553416e-01 3.149084e-02 -3.774180e+01 1.075070e-02 -2.964008e-02 9.995028e-01 -1.016719e+01
9.557655e-01 2.941296e-01 -2.018972e-04 2.579939e+02 -2.939668e-01 9.552590e-01 3.261689e-02 -3.811763e+01 9.786455e-03 -3.111475e-02 9.994679e-01 -1.023368e+01
9.557124e-01 2.943020e-01 5.390029e-05 2.591834e+02 -2.941391e-01 9.551773e-01 3.344288e-02 -3.850229e+01 9.790822e-03 -3.197763e-02 9.994406e-01 -1.028196e+01
9.555731e-01 2.947519e-01 -1.166000e-03 2.603819e+02 -2.945612e-01 9.550833e-01 3.240049e-02 -3.888688e+01 1.066373e-02 -3.061758e-02 9.994743e-01 -1.036123e+01
9.554608e-01 2.951159e-01 1.072441e-03 2.615831e+02 -2.949962e-01 9.549564e-01 3.217834e-02 -3.927794e+01 8.472205e-03 -3.106151e-02 9.994816e-01 -1.041028e+01
9.551380e-01 2.961594e-01 9.722137e-04 2.627924e+02 -2.960297e-01 9.546118e-01 3.290656e-02 -3.966578e+01 8.817500e-03 -3.171811e-02 9.994580e-01 -1.047486e+01
9.547961e-01 2.972548e-01 -1.987192e-03 2.639966e+02 -2.970293e-01 9.542933e-01 3.313328e-02 -4.005325e+01 1.174539e-02 -3.104527e-02 9.994490e-01 -1.054199e+01
9.542091e-01 2.990709e-01 -6.447659e-03 2.652083e+02 -2.987275e-01 9.538027e-01 3.196908e-02 -4.044086e+01 1.571082e-02 -2.857910e-02 9.994681e-01 -1.060434e+01
9.538174e-01 3.003005e-01 -7.201263e-03 2.664306e+02 -2.999381e-01 9.534286e-01 3.179526e-02 -4.083329e+01 1.641402e-02 -2.816694e-02 9.994684e-01 -1.066901e+01
9.529814e-01 3.028168e-01 -1.133446e-02 2.676495e+02 -3.023210e-01 9.526449e-01 3.270438e-02 -4.123092e+01 2.070116e-02 -2.774002e-02 9.994008e-01 -1.073101e+01
9.527128e-01 3.036833e-01 -1.071219e-02 2.688647e+02 -3.031561e-01 9.522955e-01 3.506239e-02 -4.162442e+01 2.084904e-02 -3.015692e-02 9.993277e-01 -1.079682e+01
9.526348e-01 3.039970e-01 -8.538228e-03 2.700838e+02 -3.035092e-01 9.521304e-01 3.646496e-02 -4.202554e+01 1.921474e-02 -3.214635e-02 9.992985e-01 -1.084896e+01
9.526243e-01 3.040140e-01 -9.082939e-03 2.713051e+02 -3.034891e-01 9.520985e-01 3.745627e-02 -4.243286e+01 2.003508e-02 -3.292518e-02 9.992570e-01 -1.093355e+01
9.527971e-01 3.035107e-01 -7.673686e-03 2.725284e+02 -3.030354e-01 9.522486e-01 3.731254e-02 -4.284048e+01 1.863201e-02 -3.322588e-02 9.992742e-01 -1.100519e+01
9.528576e-01 3.033091e-01 -8.121919e-03 2.737407e+02 -3.028296e-01 9.523355e-01 3.676329e-02 -4.324647e+01 1.888543e-02 -3.257063e-02 9.992910e-01 -1.107090e+01
9.529680e-01 3.029721e-01 -7.735888e-03 2.749696e+02 -3.025265e-01 9.524755e-01 3.561227e-02 -4.364452e+01 1.815777e-02 -3.159704e-02 9.993358e-01 -1.114338e+01
9.530507e-01 3.027314e-01 -6.927998e-03 2.761956e+02 -3.023100e-01 9.525409e-01 3.569925e-02 -4.404774e+01 1.740649e-02 -3.192879e-02 9.993386e-01 -1.120907e+01
9.531057e-01 3.025999e-01 -4.768066e-03 2.774188e+02 -3.022678e-01 9.526020e-01 3.440681e-02 -4.445438e+01 1.495356e-02 -3.135210e-02 9.993966e-01 -1.127787e+01
9.533187e-01 3.019419e-01 -3.822022e-03 2.786454e+02 -3.016462e-01 9.528148e-01 3.396158e-02 -4.485734e+01 1.389610e-02 -3.122331e-02 9.994158e-01 -1.134475e+01
9.533930e-01 3.017243e-01 -2.037855e-03 2.798696e+02 -3.014719e-01 9.528321e-01 3.501362e-02 -4.526615e+01 1.250619e-02 -3.276739e-02 9.993848e-01 -1.142165e+01
9.535474e-01 3.012298e-01 -2.805938e-03 2.811177e+02 -3.009385e-01 9.529612e-01 3.607072e-02 -4.568055e+01 1.353953e-02 -3.355072e-02 9.993453e-01 -1.149388e+01
9.535294e-01 3.012886e-01 -2.601593e-03 2.823436e+02 -3.009990e-01 9.529276e-01 3.645112e-02 -4.608315e+01 1.346144e-02 -3.397414e-02 9.993321e-01 -1.156591e+01
9.536639e-01 3.008596e-01 -2.944720e-03 2.835764e+02 -3.005466e-01 9.530369e-01 3.731126e-02 -4.648883e+01 1.403188e-02 -3.469737e-02 9.992993e-01 -1.163302e+01
9.538893e-01 3.001177e-01 -4.949040e-03 2.848028e+02 -2.997171e-01 9.532510e-01 3.849920e-02 -4.688403e+01 1.627197e-02 -3.524066e-02 9.992464e-01 -1.171149e+01
9.538736e-01 3.001739e-01 -4.568797e-03 2.860285e+02 -2.997757e-01 9.532045e-01 3.918825e-02 -4.728227e+01 1.611829e-02 -3.601102e-02 9.992214e-01 -1.177376e+01
9.540085e-01 2.997416e-01 -4.781274e-03 2.872726e+02 -2.993630e-01 9.534020e-01 3.750357e-02 -4.768730e+01 1.579985e-02 -3.434738e-02 9.992850e-01 -1.185893e+01
9.540889e-01 2.995210e-01 -1.240166e-03 2.885033e+02 -2.992995e-01 9.535270e-01 3.473058e-02 -4.809179e+01 1.158507e-02 -3.276487e-02 9.993960e-01 -1.191265e+01
9.540904e-01 2.995181e-01 6.925077e-04 2.897320e+02 -2.993677e-01 9.535329e-01 3.397468e-02 -4.849667e+01 9.515703e-03 -3.262223e-02 9.994224e-01 -1.198804e+01
9.542871e-01 2.988611e-01 4.252693e-03 2.909583e+02 -2.988161e-01 9.536308e-01 3.601501e-02 -4.890128e+01 6.707988e-03 -3.563944e-02 9.993422e-01 -1.204681e+01
9.542655e-01 2.988400e-01 8.488023e-03 2.921792e+02 -2.989426e-01 9.535117e-01 3.806140e-02 -4.930257e+01 3.280842e-03 -3.885812e-02 9.992393e-01 -1.212364e+01
9.542052e-01 2.990769e-01 6.748253e-03 2.934141e+02 -2.991051e-01 9.534055e-01 3.942113e-02 -4.970617e+01 5.356126e-03 -3.963428e-02 9.991999e-01 -1.220651e+01
9.541646e-01 2.990278e-01 1.234386e-02 2.946295e+02 -2.992825e-01 9.533513e-01 3.938742e-02 -5.010601e+01 9.901356e-06 -4.127638e-02 9.991478e-01 -1.226686e+01
9.540666e-01 2.994561e-01 9.102050e-03 2.958593e+02 -2.995739e-01 9.532053e-01 4.068425e-02 -5.052035e+01 3.507024e-03 -4.154222e-02 9.991306e-01 -1.234697e+01
9.540932e-01 2.991861e-01 1.392285e-02 2.970808e+02 -2.995055e-01 9.533008e-01 3.891123e-02 -5.091893e+01 -1.630961e-03 -4.129491e-02 9.991457e-01 -1.241101e+01
9.538554e-01 3.000742e-01 1.074046e-02 2.983014e+02 -3.002603e-01 9.529992e-01 4.045168e-02 -5.132025e+01 1.902855e-03 -4.180999e-02 9.991238e-01 -1.251771e+01
9.539472e-01 2.996854e-01 1.316348e-02 2.995344e+02 -2.999732e-01 9.531455e-01 3.910879e-02 -5.171721e+01 -8.263802e-04 -4.125642e-02 9.991482e-01 -1.256467e+01
9.540020e-01 2.997695e-01 4.290609e-03 3.007754e+02 -2.996873e-01 9.531524e-01 4.108626e-02 -5.212513e+01 8.226804e-03 -4.048222e-02 9.991464e-01 -1.264237e+01
9.538995e-01 3.000437e-01 7.033573e-03 3.020164e+02 -3.000968e-01 9.532164e-01 3.633806e-02 -5.253199e+01 4.198493e-03 -3.677362e-02 9.993148e-01 -1.269137e+01
9.537622e-01 3.005444e-01 3.280937e-03 3.032556e+02 -3.004492e-01 9.530470e-01 3.783840e-02 -5.293769e+01 8.245232e-03 -3.707459e-02 9.992785e-01 -1.278242e+01
9.537992e-01 3.003519e-01 7.473854e-03 3.045113e+02 -3.004250e-01 9.531553e-01 3.521202e-02 -5.334326e+01 3.452253e-03 -3.583053e-02 9.993519e-01 -1.284440e+01
9.537769e-01 3.003993e-01 8.356106e-03 3.057473e+02 -3.004980e-01 9.530526e-01 3.730363e-02 -5.375478e+01 3.242177e-03 -3.809034e-02 9.992691e-01 -1.290530e+01
