1.000000e+00 0.000000e+00 0.000000e+00 0.000000e+00 0.000000e+00 1.000000e+00 0.000000e+00 0.000000e+00 0.000000e+00 0.000000e+00 1.000000e+00 0.000000e+00
9.999999e-01 2.079662e-04 -2.891341e-04 4.494046e-03 -2.079006e-04 1.000000e+00 2.267509e-04 -2.303917e-03 2.891813e-04 -2.266908e-04 9.999999e-01 -9.045029e-03
9.999999e-01 2.444237e-04 9.128945e-05 1.527678e-03 -2.444172e-04 1.000000e+00 -7.226373e-05 -2.445981e-03 -9.130712e-05 7.224142e-05 1.000000e+00 -3.926818e-03
9.999999e-01 2.338506e-04 -1.104259e-04 1.971777e-03 -2.338659e-04 1.000000e+00 -1.378611e-04 -2.125701e-04 1.103937e-04 1.378869e-04 1.000000e+00 -8.048721e-03
1.000000e+00 1.931122e-04 -5.060807e-05 4.749162e-03 -1.931101e-04 1.000000e+00 4.143563e-05 1.149132e-03 5.061607e-05 -4.142586e-05 1.000000e+00 -4.326210e-03
9.999999e-01 3.350992e-04 -1.909435e-04 1.561103e-03 -3.350834e-04 1.000000e+00 8.304774e-05 -1.385474e-03 1.909714e-04 -8.298375e-05 1.000000e+00 -9.924394e-03
9.999999e-01 4.069117e-04 -3.149378e-04 5.070576e-03 -4.068322e-04 9.999998e-01 2.524024e-04 5.614657e-04 3.150404e-04 -2.522742e-04 9.999999e-01 -8.237895e-03
9.999999e-01 1.341840e-04 -3.029325e-04 3.421936e-03 -1.341780e-04 1.000000e+00 1.991809e-05 1.245490e-05 3.029352e-04 -1.987744e-05 9.999999e-01 -5.930895e-03
9.999999e-01 1.464705e-04 -3.115603e-04 3.379189e-03 -1.464711e-04 1.000000e+00 -1.803941e-06 2.022905e-03 3.115600e-04 1.849575e-06 9.999999e-01 -5.068481e-03
9.999999e-01 2.953848e-04 -7.223758e-05 4.136038e-03 -2.954154e-04 9.999998e-01 -4.242059e-04 -1.586627e-03 7.211228e-05 4.242272e-04 9.999999e-01 -3.092150e-03
9.999999e-01 2.892117e-04 -1.139768e-04 7.325955e-03 -2.892022e-04 1.000000e+00 8.316110e-05 4.666215e-04 1.140008e-04 -8.312814e-05 1.000000e+00 -6.579987e-03
9.999999e-01 3.635844e-04 -1.217361e-04 3.353165e-03 -3.635933e-04 1.000000e+00 -7.282244e-05 -1.576275e-03 1.217097e-04 7.286669e-05 1.000000e+00 -5.077398e-03
9.999999e-01 2.605703e-04 -3.234905e-04 5.369727e-03 -2.605462e-04 1.000000e+00 7.465124e-05 -2.187857e-03 3.235099e-04 -7.456695e-05 9.999999e-01 -1.840830e-03
9.999999e-01 2.034674e-04 -3.790205e-04 2.820189e-03 -2.033794e-04 9.999999e-01 2.320700e-04 -1.170687e-04 3.790677e-04 -2.319929e-04 9.999999e-01 -1.155052e-02
9.999999e-01 3.608596e-04 1.261433e-04 2.491843e-03 -3.608842e-04 1.000000e+00 1.946926e-04 2.587137e-03 -1.260730e-04 -1.947381e-04 1.000000e+00 -5.439224e-03
1.000000e+00 1.946115e-04 1.293122e-04 4.278133e-03 -1.946543e-04 1.000000e+00 3.310027e-04 7.764582e-04 -1.292478e-04 -3.310279e-04 9.999999e-01 -6.346195e-03
1.000000e+00 4.486910e-05 -1.130657e-04 1.087459e-02 -4.481090e-05 9.999998e-01 5.146752e-04 -1.178943e-03 1.130888e-04 -5.146701e-04 9.999999e-01 -7.237615e-03
1.000000e+00 -1.604527e-05 1.537938e-04 1.401130e-02 1.591395e-05 9.999995e-01 8.538518e-04 -1.663857e-03 -1.538075e-04 -8.538493e-04 9.999996e-01 -5.248856e-03
9.999997e-01 -8.032423e-04 8.454205e-06 2.143756e-02 8.032323e-04 9.999990e-01 1.124921e-03 -1.761210e-03 -9.357781e-06 -1.124913e-03 9.999993e-01 -5.360827e-03
9.999992e-01 -1.264894e-03 1.022541e-04 3.694823e-02 1.264691e-03 9.999974e-01 1.965445e-03 3.747207e-03 -1.047399e-04 -1.965314e-03 9.999981e-01 -1.294457e-02
9.999975e-01 -2.246465e-03 7.220979e-05 5.319079e-02 2.246274e-03 9.999943e-01 2.544332e-03 3.031553e-03 -7.792513e-05 -2.544163e-03 9.999968e-01 -1.045060e-02
9.999949e-01 -3.170746e-03 -1.849569e-04 7.365276e-02 3.171236e-03 9.999912e-01 2.714498e-03 4.961941e-03 1.763483e-04 -2.715070e-03 9.999963e-01 -1.182252e-02
9.999907e-01 -4.283723e-03 -4.422208e-04 1.053946e-01 4.285109e-03 9.999858e-01 3.182492e-03 8.081662e-03 4.285816e-04 -3.184357e-03 9.999948e-01 -8.214312e-03
9.999860e-01 -5.274077e-03 -4.398363e-04 1.386769e-01 5.275291e-03 9.999822e-01 2.806307e-03 6.527534e-03 4.250277e-04 -2.808588e-03 9.999959e-01 -3.279611e-03
9.999774e-01 -6.711975e-03 -2.715585e-04 1.738007e-01 6.712920e-03 9.999709e-01 3.640415e-03 1.320933e-02 2.471162e-04 -3.642156e-03 9.999933e-01 -7.257078e-03
9.999613e-01 -8.768339e-03 -6.742050e-04 2.150696e-01 8.771390e-03 9.999506e-01 4.663655e-03 1.883786e-02 6.332792e-04 -4.669388e-03 9.999889e-01 -1.631334e-02
9.999391e-01 -1.102317e-02 -5.695206e-04 2.622925e-01 1.102550e-02 9.999300e-01 4.266265e-03 2.031679e-02 5.224531e-04 -4.272284e-03 9.999908e-01 -1.311652e-02
9.999126e-01 -1.320164e-02 -7.947898e-04 3.105440e-01 1.320547e-02 9.999001e-01 5.026776e-03 2.170132e-02 7.283487e-04 -5.036831e-03 9.999871e-01 -1.484730e-02
9.998697e-01 -1.613066e-02 -5.804862e-04 3.622105e-01 1.613378e-02 9.998525e-01 5.860700e-03 2.332967e-02 4.858637e-04 -5.869302e-03 9.999827e-01 -1.944402e-02
9.998123e-01 -1.924226e-02 -2.258692e-03 4.239918e-01 1.925576e-02 9.997959e-01 6.113644e-03 3.550168e-02 2.140591e-03 -6.155989e-03 9.999788e-01 -2.905823e-02
9.997230e-01 -2.342825e-02 -2.231169e-03 4.941375e-01 2.344201e-02 9.997051e-01 6.353479e-03 4.062085e-02 2.081660e-03 -6.404023e-03 9.999774e-01 -1.671322e-02
9.995917e-01 -2.839928e-02 -3.146543e-03 5.768660e-01 2.842273e-02 9.995664e-01 7.679571e-03 5.268002e-02 2.927085e-03 -7.765869e-03 9.999655e-01 -2.513060e-02
9.994149e-01 -3.412249e-02 -2.332145e-03 6.629125e-01 3.414150e-02 9.993794e-01 8.664705e-03 5.583242e-02 2.035036e-03 -8.739259e-03 9.999598e-01 -1.457317e-02
9.992107e-01 -3.970815e-02 -1.170673e-03 7.647201e-01 3.971788e-02 9.991611e-01 9.974767e-03 5.610921e-02 7.736112e-04 -1.001339e-02 9.999496e-01 -9.025762e-03
9.989198e-01 -4.644500e-02 1.406477e-03 8.697575e-01 4.642592e-02 9.988562e-01 1.144672e-02 7.028331e-02 -1.936511e-03 -1.136906e-02 9.999335e-01 -1.840622e-02
9.985955e-01 -5.297503e-02 8.300936e-04 9.817678e-01 5.296277e-02 9.985362e-01 1.096339e-02 8.114457e-02 -1.409665e-03 -1.090403e-02 9.999396e-01 -4.086133e-02
9.982442e-01 -5.914064e-02 -3.299381e-03 1.109173e+00 5.916757e-02 9.982095e-01 8.771093e-03 9.800872e-02 2.774745e-03 -8.950909e-03 9.999561e-01 -6.006452e-02
9.978291e-01 -6.543621e-02 -7.420445e-03 1.231202e+00 6.547660e-02 9.978398e-01 5.338278e-03 1.250561e-01 7.055100e-03 -5.812555e-03 9.999582e-01 -6.243662e-02
9.974340e-01 -7.078619e-02 -1.070847e-02 1.362092e+00 7.085225e-02 9.974693e-01 5.919685e-03 1.432838e-01 1.026234e-02 -6.663214e-03 9.999251e-01 -5.491711e-02
9.970351e-01 -7.590011e-02 -1.265416e-02 1.489225e+00 7.599430e-02 9.970826e-01 7.136048e-03 1.619656e-01 1.207562e-02 -8.076535e-03 9.998944e-01 -3.020696e-02
9.968320e-01 -7.893648e-02 -9.746444e-03 1.621857e+00 7.903676e-02 9.968178e-01 1.037250e-02 1.638683e-01 8.896659e-03 -1.110997e-02 9.998987e-01 -3.990543e-02
9.967234e-01 -8.021509e-02 -1.039611e-02 1.758738e+00 8.031992e-02 9.967182e-01 1.009143e-02 1.718782e-01 9.552502e-03 -1.089338e-02 9.998950e-01 -4.831747e-02
9.966738e-01 -8.086023e-02 -1.014374e-02 1.903167e+00 8.095846e-02 9.966705e-01 9.678055e-03 1.781530e-01 9.327395e-03 -1.046709e-02 9.999017e-01 -5.157914e-02
9.967134e-01 -8.031739e-02 -1.056121e-02 2.051948e+00 8.041863e-02 9.967155e-01 9.538251e-03 1.820260e-01 9.760430e-03 -1.035622e-02 9.998987e-01 -6.347144e-02
9.969039e-01 -7.747462e-02 -1.343000e-02 2.191009e+00 7.761147e-02 9.969335e-01 9.986484e-03 1.930368e-01 1.261512e-02 -1.099789e-02 9.998599e-01 -7.590477e-02
9.973175e-01 -7.165227e-02 -1.495944e-02 2.333229e+00 7.182872e-02 9.973495e-01 1.161059e-02 1.906560e-01 1.408786e-02 -1.265396e-02 9.998207e-01 -6.537072e-02
9.978530e-01 -6.306412e-02 -1.767007e-02 2.483506e+00 6.326967e-02 9.979323e-01 1.132468e-02 1.919365e-01 1.691934e-02 -1.241835e-02 9.997798e-01 -7.892706e-02
9.984829e-01 -5.282237e-02 -1.554803e-02 2.628932e+00 5.299094e-02 9.985385e-01 1.063769e-02 1.753986e-01 1.496340e-02 -1.144546e-02 9.998226e-01 -7.399378e-02
9.990850e-01 -3.996992e-02 -1.521616e-02 2.780472e+00 4.010087e-02 9.991603e-01 8.400224e-03 1.608838e-01 1.486763e-02 -9.002719e-03 9.998490e-01 -6.420287e-02
9.996003e-01 -2.462106e-02 -1.389473e-02 2.935525e+00 2.473334e-02 9.996622e-01 7.967490e-03 1.426282e-01 1.369387e-02 -8.307968e-03 9.998717e-01 -1.012204e-01
9.998264e-01 -8.217380e-03 -1.671925e-02 3.090641e+00 8.358822e-03 9.999297e-01 8.407644e-03 1.212677e-01 1.664899e-02 -8.545938e-03 9.998249e-01 -8.885721e-02
9.997495e-01 9.496046e-03 -2.026561e-02 3.245046e+00 -9.312341e-03 9.999149e-01 9.140069e-03 1.106789e-01 2.035069e-02 -8.949058e-03 9.997529e-01 -1.141582e-01
9.992588e-01 2.861934e-02 -2.574298e-02 3.390377e+00 -2.837481e-02 9.995493e-01 9.814626e-03 9.278760e-02 2.601226e-02 -9.076899e-03 9.996204e-01 -1.051335e-01
9.983436e-01 5.012258e-02 -2.824520e-02 3.538978e+00 -4.987049e-02 9.987100e-01 9.560486e-03 6.453580e-02 2.868796e-02 -8.136049e-03 9.995553e-01 -1.132286e-01
9.969044e-01 7.256810e-02 -3.025885e-02 3.687636e+00 -7.228376e-02 9.973300e-01 1.038894e-02 3.178977e-02 3.093196e-02 -8.169551e-03 9.994881e-01 -1.129082e-01
9.948185e-01 9.650479e-02 -3.198372e-02 3.841442e+00 -9.618179e-02 9.952976e-01 1.149163e-02 -9.162260e-04 3.294231e-02 -8.355837e-03 9.994223e-01 -1.000441e-01
9.920417e-01 1.216909e-01 -3.231914e-02 3.999429e+00 -1.214265e-01 9.925497e-01 1.002759e-02 -4.959318e-02 3.329863e-02 -6.023387e-03 9.994273e-01 -1.240654e-01
9.886367e-01 1.468335e-01 -3.220921e-02 4.147097e+00 -1.466092e-01 9.891515e-01 9.231629e-03 -9.586272e-02 3.321530e-02 -4.404563e-03 9.994385e-01 -1.315456e-01
9.844288e-01 1.726113e-01 -3.324553e-02 4.302502e+00 -1.724723e-01 9.849893e-01 7.025984e-03 -1.487813e-01 3.395925e-02 -1.182647e-03 9.994225e-01 -1.237229e-01
9.797237e-01 1.981193e-01 -2.983637e-02 4.452276e+00 -1.979513e-01 9.801750e-01 8.512729e-03 -2.084533e-01 3.093140e-02 -2.433974e-03 9.995186e-01 -9.879037e-02
9.743071e-01 2.239646e-01 -2.377976e-02 4.587232e+00 -2.237453e-01 9.745793e-01 1.154630e-02 -2.754715e-01 2.576123e-02 -5.929032e-03 9.996505e-01 -1.169601e-01
9.673838e-01 2.525958e-01 -1.907838e-02 4.708531e+00 -2.523041e-01 9.675083e-01 1.644062e-02 -3.485279e-01 2.261132e-02 -1.109084e-02 9.996828e-01 -1.150514e-01
9.592180e-01 2.821611e-01 -1.690844e-02 4.843526e+00 -2.818525e-01 9.592791e-01 1.852114e-02 -4.179909e-01 2.144585e-02 -1.300012e-02 9.996855e-01 -1.385952e-01
9.501562e-01 3.113737e-01 -1.579659e-02 4.984802e+00 -3.110785e-01 9.502015e-01 1.864315e-02 -4.909072e-01 2.081492e-02 -1.279993e-02 9.997014e-01 -1.490611e-01
9.399291e-01 3.409409e-01 -1.710804e-02 5.119197e+00 -3.406413e-01 9.400170e-01 1.821260e-02 -5.587850e-01 2.229127e-02 -1.129084e-02 9.996877e-01 -1.609683e-01
9.281278e-01 3.717156e-01 -2.015706e-02 5.239012e+00 -3.714131e-01 9.283074e-01 1.724455e-02 -6.423551e-01 2.512202e-02 -8.518549e-03 9.996481e-01 -1.723289e-01
9.157346e-01 4.012661e-01 -2.038848e-02 5.364928e+00 -4.009845e-01 9.159348e-01 1.658476e-02 -7.185752e-01 2.532942e-02 -7.011779e-03 9.996546e-01 -1.436411e-01
9.031363e-01 4.288218e-01 -2.137224e-02 5.484998e+00 -4.284765e-01 9.033538e-01 1.896004e-02 -8.056992e-01 2.743718e-02 -7.965999e-03 9.995918e-01 -1.793091e-01
8.897514e-01 4.560068e-01 -2.000812e-02 5.604099e+00 -4.556941e-01 8.899469e-01 1.836351e-02 -8.971164e-01 2.618005e-02 -7.221379e-03 9.996312e-01 -1.663436e-01
8.759326e-01 4.820551e-01 -1.910439e-02 5.728179e+00 -4.817266e-01 8.761059e-01 1.943911e-02 -9.956120e-01 2.610819e-02 -7.824264e-03 9.996285e-01 -1.762058e-01
8.611884e-01 5.079750e-01 -1.777351e-02 5.849043e+00 -5.076004e-01 8.613166e-01 2.181317e-02 -1.086438e+00 2.638916e-02 -9.763405e-03 9.996040e-01 -1.684161e-01
8.460224e-01 5.327869e-01 -1.960452e-02 5.972371e+00 -5.323264e-01 8.461881e-01 2.437623e-02 -1.189938e+00 2.957645e-02 -1.018683e-02 9.995106e-01 -1.796255e-01
8.311188e-01 5.558237e-01 -1.736619e-02 6.087224e+00 -5.553990e-01 8.312358e-01 2.406687e-02 -1.305269e+00 2.781233e-02 -1.035726e-02 9.995595e-01 -1.729156e-01
8.166156e-01 5.770609e-01 -1.182230e-02 6.210104e+00 -5.767670e-01 8.166338e-01 2.118760e-02 -1.427796e+00 2.188103e-02 -1.048341e-02 9.997056e-01 -1.761121e-01
8.026907e-01 5.963743e-01 -5.027372e-03 6.329340e+00 -5.962211e-01 8.026313e-01 1.741604e-02 -1.546894e+00 1.442161e-02 -1.098227e-02 9.998357e-01 -2.003072e-01
7.881700e-01 6.154534e-01 -2.286560e-03 6.448258e+00 -6.153235e-01 7.880704e-01 1.794566e-02 -1.677754e+00 1.284669e-02 -1.273726e-02 9.998363e-01 -2.210737e-01
7.741954e-01 6.329465e-01 -4.690569e-04 6.569267e+00 -6.328360e-01 7.740737e-01 1.812403e-02 -1.806086e+00 1.183463e-02 -1.373470e-02 9.998356e-01 -2.228003e-01
7.606267e-01 6.491889e-01 9.395480e-04 6.697080e+00 -6.490974e-01 7.604936e-01 1.794889e-02 -1.934442e+00 1.093770e-02 -1.426226e-02 9.998385e-01 -2.186094e-01
7.469794e-01 6.648368e-01 3.720429e-03 6.822894e+00 -6.647848e-01 7.468210e-01 1.787217e-02 -2.077038e+00 9.103579e-03 -1.582343e-02 9.998333e-01 -2.301067e-01
7.339945e-01 6.791131e-01 7.574932e-03 6.952312e+00 -6.791297e-01 7.338240e-01 1.688417e-02 -2.228028e+00 5.907595e-03 -1.753725e-02 9.998288e-01 -2.291577e-01
7.227440e-01 6.910962e-01 5.223662e-03 7.106277e+00 -6.910735e-01 7.225953e-01 1.653728e-02 -2.377543e+00 7.654260e-03 -1.556216e-02 9.998496e-01 -2.625443e-01
7.125044e-01 7.016603e-01 3.212760e-03 7.257015e+00 -7.016313e-01 7.124134e-01 1.343969e-02 -2.538297e+00 7.141280e-03 -1.183001e-02 9.999045e-01 -2.563612e-01
7.041498e-01 7.100503e-01 1.236016e-03 7.403975e+00 -7.100073e-01 7.040856e-01 1.237276e-02 -2.693167e+00 7.915025e-03 -9.589860e-03 9.999227e-01 -2.760500e-01
6.972883e-01 7.167906e-01 5.151525e-04 7.547982e+00 -7.167548e-01 6.972460e-01 1.052088e-02 -2.858735e+00 7.182078e-03 -7.705324e-03 9.999445e-01 -2.604286e-01
6.922312e-01 7.216681e-01 3.332079e-03 7.698130e+00 -7.216598e-01 6.921780e-01 9.832657e-03 -3.028254e+00 4.789522e-03 -9.211100e-03 9.999461e-01 -2.686442e-01
6.894950e-01 7.242730e-01 5.025910e-03 7.854804e+00 -7.242820e-01 6.894367e-01 9.627591e-03 -3.185274e+00 3.507958e-03 -1.027835e-02 9.999411e-01 -2.822820e-01
6.882968e-01 7.253993e-01 6.580107e-03 8.012558e+00 -7.254260e-01 6.882389e-01 9.174317e-03 -3.356642e+00 2.126358e-03 -1.108803e-02 9.999363e-01 -2.933781e-01
6.906828e-01 7.231317e-01 6.163043e-03 8.185120e+00 -7.231550e-01 6.906310e-01 8.691822e-03 -3.512049e+00 2.028943e-03 -1.046013e-02 9.999433e-01 -3.072740e-01
6.954206e-01 7.185880e-01 4.622057e-03 8.342176e+00 -7.186005e-01 6.953874e-01 7.056105e-03 -3.675884e+00 1.856313e-03 -8.228374e-03 9.999644e-01 -3.174140e-01
7.022741e-01 7.118775e-01 6.434433e-03 8.503272e+00 -7.119066e-01 7.022426e-01 6.651826e-03 -3.825086e+00 2.167525e-04 -9.252121e-03 9.999572e-01 -3.092254e-01
7.121056e-01 7.019759e-01 1.163926e-02 8.663153e+00 -7.020563e-01 7.121036e-01 5.048441e-03 -3.980390e+00 -4.744476e-03 -1.176644e-02 9.999195e-01 -3.050555e-01
7.238597e-01 6.897450e-01 1.670561e-02 8.833438e+00 -6.898974e-01 7.238865e-01 5.500080e-03 -4.125745e+00 -8.299313e-03 -1.550644e-02 9.998453e-01 -3.223587e-01
7.373812e-01 6.751739e-01 2.022664e-02 8.996838e+00 -6.753731e-01 7.374620e-01 4.564016e-03 -4.265133e+00 -1.183487e-02 -1.702594e-02 9.997850e-01 -3.325989e-01
7.525475e-01 6.582135e-01 2.067109e-02 9.176560e+00 -6.584222e-01 7.526330e-01 4.879144e-03 -4.388543e+00 -1.234623e-02 -1.728209e-02 9.997744e-01 -3.657745e-01
7.706288e-01 6.369908e-01 1.933895e-02 9.360686e+00 -6.371524e-01 7.707319e-01 3.037719e-03 -4.510157e+00 -1.297014e-02 -1.466281e-02 9.998084e-01 -3.575622e-01
7.896942e-01 6.132276e-01 1.830382e-02 9.556413e+00 -6.133643e-01 7.897962e-01 2.477368e-03 -4.615266e+00 -1.293710e-02 -1.318327e-02 9.998294e-01 -3.736933e-01
8.093987e-01 5.870906e-01 1.408763e-02 9.735383e+00 -5.871586e-01 8.094715e-01 8.690637e-04 -4.690393e+00 -1.089332e-02 -8.975091e-03 9.999004e-01 -3.755133e-01
8.299184e-01 5.577253e-01 1.333543e-02 9.934404e+00 -5.577731e-01 8.299935e-01 -1.659752e-04 -4.781363e+00 -1.116089e-02 -7.300397e-03 9.999111e-01 -3.773570e-01
8.511494e-01 5.247602e-01 1.308909e-02 1.012720e+01 -5.247871e-01 8.512319e-01 -1.556504e-03 -4.855027e+00 -1.195864e-02 -5.544170e-03 9.999131e-01 -3.682712e-01
8.717167e-01 4.897766e-01 1.512955e-02 1.031458e+01 -4.898016e-01 8.718311e-01 -2.260580e-03 -4.915746e+00 -1.429759e-02 -5.439892e-03 9.998830e-01 -3.830249e-01
8.922632e-01 4.513269e-01 1.305594e-02 1.050824e+01 -4.513334e-01 8.923515e-01 -2.615569e-03 -4.971145e+00 -1.283096e-02 -3.558805e-03 9.999114e-01 -3.844828e-01
9.118026e-01 4.104204e-01 1.307997e-02 1.070624e+01 -4.104147e-01 9.118932e-01 -3.247559e-03 -5.003239e+00 -1.326040e-02 -2.407077e-03 9.999092e-01 -3.942901e-01
9.299775e-01 3.674643e-01 1.057845e-02 1.089270e+01 -3.674608e-01 9.300359e-01 -2.345824e-03 -5.033850e+00 -1.070035e-02 -1.705604e-03 9.999413e-01 -3.917734e-01
9.456618e-01 3.249885e-01 1.030751e-02 1.108356e+01 -3.249843e-01 9.457170e-01 -2.130233e-03 -5.050146e+00 -1.044029e-02 -1.335298e-03 9.999446e-01 -3.927802e-01
9.594802e-01 2.816428e-01 8.665081e-03 1.127046e+01 -2.816469e-01 9.595176e-01 -7.669685e-04 -5.068953e+00 -8.530311e-03 -1.704603e-03 9.999622e-01 -3.971992e-01
9.711108e-01 2.384493e-01 9.262986e-03 1.146140e+01 -2.384471e-01 9.711546e-01 -1.360984e-03 -5.075054e+00 -9.320316e-03 -8.870661e-04 9.999562e-01 -4.020418e-01
9.806720e-01 1.954807e-01 8.349144e-03 1.164825e+01 -1.954798e-01 9.807074e-01 -9.335394e-04 -5.077774e+00 -8.370555e-03 -7.165927e-04 9.999647e-01 -4.035000e-01
9.884737e-01 1.510720e-01 9.851633e-03 1.183312e+01 -1.510741e-01 9.885223e-01 -5.329041e-04 -5.066738e+00 -9.819066e-03 -9.615647e-04 9.999513e-01 -4.113008e-01
9.941456e-01 1.075408e-01 1.046437e-02 1.201579e+01 -1.075308e-01 9.942006e-01 -1.515833e-03 -5.048324e+00 -1.056670e-02 3.817163e-04 9.999441e-01 -4.157350e-01
9.978252e-01 6.502397e-02 1.080636e-02 1.220025e+01 -6.500432e-02 9.978827e-01 -2.160910e-03 -5.015581e+00 -1.092399e-02 1.453751e-03 9.999393e-01 -4.267393e-01
9.996940e-01 2.279994e-02 9.599349e-03 1.236515e+01 -2.277668e-02 9.997374e-01 -2.525469e-03 -4.995453e+00 -9.654408e-03 2.306055e-03 9.999507e-01 -4.209794e-01
9.997947e-01 -1.776909e-02 9.736718e-03 1.253689e+01 1.779928e-02 9.998370e-01 -3.022958e-03 -4.961803e+00 -9.681416e-03 3.195643e-03 9.999480e-01 -4.217981e-01
9.982977e-01 -5.747527e-02 9.913789e-03 1.270526e+01 5.750630e-02 9.983411e-01 -2.873061e-03 -4.919606e+00 -9.732213e-03 3.438276e-03 9.999467e-01 -4.210098e-01
9.954800e-01 -9.444144e-02 1.002060e-02 1.287092e+01 9.447190e-02 9.955240e-01 -2.610367e-03 -4.866082e+00 -9.729227e-03 3.545234e-03 9.999464e-01 -4.339537e-01
9.916824e-01 -1.283710e-01 9.322905e-03 1.302840e+01 1.283947e-01 9.917212e-01 -1.989534e-03 -4.818457e+00 -8.990324e-03 3.169998e-03 9.999546e-01 -4.349600e-01
9.872627e-01 -1.588680e-01 8.569565e-03 1.318855e+01 1.588915e-01 9.872938e-01 -2.124287e-03 -4.772495e+00 -8.123197e-03 3.458860e-03 9.999610e-01 -4.323725e-01
9.823853e-01 -1.867081e-01 7.685785e-03 1.334970e+01 1.867272e-01 9.824102e-01 -1.827443e-03 -4.711915e+00 -7.209395e-03 3.230398e-03 9.999688e-01 -4.424430e-01
9.773856e-01 -2.113024e-01 8.286844e-03 1.350499e+01 2.113224e-01 9.774151e-01 -1.604587e-03 -4.649817e+00 -7.760634e-03 3.319496e-03 9.999644e-01 -4.363609e-01
9.724601e-01 -2.329516e-01 7.406110e-03 1.366614e+01 2.329644e-01 9.724847e-01 -8.933950e-04 -4.600851e+00 -6.994212e-03 2.594151e-03 9.999722e-01 -4.539692e-01
9.679912e-01 -2.508857e-01 7.033971e-03 1.381891e+01 2.508974e-01 9.680134e-01 -8.133819e-04 -4.531861e+00 -6.604911e-03 2.552151e-03 9.999749e-01 -4.391603e-01
9.641985e-01 -2.651218e-01 5.623723e-03 1.397442e+01 2.651294e-01 9.642127e-01 -6.340195e-04 -4.467062e+00 -5.254372e-03 2.102335e-03 9.999840e-01 -4.512837e-01
9.619120e-01 -2.733024e-01 5.573933e-03 1.415176e+01 2.733094e-01 9.619261e-01 -5.237859e-04 -4.409801e+00 -5.218559e-03 2.027245e-03 9.999843e-01 -4.459164e-01
9.594042e-01 -2.819676e-01 6.152126e-03 1.432340e+01 2.819718e-01 9.594227e-01 2.050846e-04 -4.358504e+00 -5.960317e-03 1.537967e-03 9.999810e-01 -4.662656e-01
9.568734e-01 -2.904274e-01 6.721089e-03 1.448467e+01 2.904302e-01 9.568961e-01 5.740866e-04 -4.296868e+00 -6.598113e-03 1.402679e-03 9.999772e-01 -4.628025e-01
9.551419e-01 -2.960677e-01 6.919759e-03 1.464178e+01 2.960720e-01 9.551656e-01 4.135810e-04 -4.248293e+00 -6.731964e-03 1.653718e-03 9.999760e-01 -4.713382e-01
9.544342e-01 -2.983496e-01 6.548939e-03 1.481436e+01 2.983513e-01 9.544559e-01 7.376738e-04 -4.196536e+00 -6.470758e-03 1.249823e-03 9.999783e-01 -4.718757e-01
9.538186e-01 -3.003086e-01 6.694437e-03 1.498343e+01 3.003064e-01 9.538419e-01 1.347706e-03 -4.138873e+00 -6.790162e-03 7.249155e-04 9.999767e-01 -4.771984e-01
9.545763e-01 -2.978998e-01 6.313300e-03 1.515879e+01 2.978922e-01 9.545972e-01 2.132818e-03 -4.092765e+00 -6.662025e-03 -1.552547e-04 9.999778e-01 -4.841202e-01
9.555427e-01 -2.948039e-01 5.356437e-03 1.533279e+01 2.947965e-01 9.555576e-01 2.138693e-03 -4.038744e+00 -5.748880e-03 -4.645539e-04 9.999834e-01 -4.858802e-01
9.570553e-01 -2.898787e-01 3.925219e-03 1.550520e+01 2.898716e-01 9.570630e-01 2.286354e-03 -3.991652e+00 -4.419447e-03 -1.050358e-03 9.999897e-01 -4.887432e-01
9.592513e-01 -2.825384e-01 2.997919e-03 1.569158e+01 2.825316e-01 9.592546e-01 2.496911e-03 -3.944715e+00 -3.581241e-03 -1.548158e-03 9.999924e-01 -4.893075e-01
9.616387e-01 -2.743166e-01 1.140256e-03 1.587687e+01 2.743126e-01 9.616365e-01 2.803955e-03 -3.905034e+00 -1.865683e-03 -2.383605e-03 9.999954e-01 -4.889150e-01
9.639296e-01 -2.661518e-01 1.735806e-03 1.607624e+01 2.661448e-01 9.639269e-01 3.459705e-03 -3.862731e+00 -2.593997e-03 -2.872936e-03 9.999925e-01 -4.847380e-01
9.658509e-01 -2.590759e-01 3.424125e-03 1.628152e+01 2.590560e-01 9.658475e-01 5.340352e-03 -3.808810e+00 -4.690739e-03 -4.270944e-03 9.999799e-01 -4.971303e-01
9.676386e-01 -2.523029e-01 4.334074e-03 1.649299e+01 2.522717e-01 9.676334e-01 6.663013e-03 -3.766032e+00 -5.874892e-03 -5.354024e-03 9.999684e-01 -4.973000e-01
9.694866e-01 -2.451158e-01 3.735792e-03 1.672040e+01 2.450785e-01 9.694669e-01 8.396769e-03 -3.710380e+00 -5.679907e-03 -7.224992e-03 9.999577e-01 -5.097452e-01
9.710525e-01 -2.388601e-01 1.669774e-03 1.695768e+01 2.388346e-01 9.710146e-01 9.425944e-03 -3.656085e+00 -3.872857e-03 -8.754287e-03 9.999542e-01 -5.234649e-01
9.724770e-01 -2.329705e-01 3.650364e-03 1.720171e+01 2.329192e-01 9.724343e-01 1.095359e-02 -3.601260e+00 -6.101603e-03 -9.801870e-03 9.999334e-01 -5.286304e-01
9.737955e-01 -2.273639e-01 5.298505e-03 1.745996e+01 2.272934e-01 9.737595e-01 1.140678e-02 -3.551243e+00 -7.752960e-03 -9.903559e-03 9.999209e-01 -5.196224e-01
9.749441e-01 -2.223340e-01 7.189320e-03 1.773988e+01 2.222354e-01 9.749138e-01 1.243774e-02 -3.499499e+00 -9.774300e-03 -1.052838e-02 9.998968e-01 -5.280609e-01
9.757055e-01 -2.189921e-01 6.422296e-03 1.801387e+01 2.188873e-01 9.756495e-01 1.401447e-02 -3.435077e+00 -9.334968e-03 -1.226824e-02 9.998811e-01 -5.391994e-01
9.764650e-01 -2.156536e-01 3.108140e-03 1.830792e+01 2.155856e-01 9.763713e-01 1.489225e-02 -3.369507e+00 -6.246266e-03 -1.387169e-02 9.998842e-01 -5.520949e-01
9.771277e-01 -2.126452e-01 -1.841369e-03 1.862071e+01 2.126449e-01 9.769765e-01 1.728673e-02 -3.303200e+00 -1.876964e-03 -1.728290e-02 9.998489e-01 -5.606581e-01
9.777746e-01 -2.095762e-01 -5.888531e-03 1.894679e+01 2.096492e-01 9.776138e-01 1.784259e-02 -3.236197e+00 2.017327e-03 -1.868055e-02 9.998235e-01 -5.513181e-01
9.783594e-01 -2.068888e-01 -3.150370e-03 1.926506e+01 2.069124e-01 9.782169e-01 1.670380e-02 -3.169202e+00 -3.740841e-04 -1.699418e-02 9.998555e-01 -5.562531e-01
9.789830e-01 -2.039163e-01 -3.233036e-03 1.961188e+01 2.039417e-01 9.788336e-01 1.710340e-02 -3.107411e+00 -3.230569e-04 -1.740329e-02 9.998485e-01 -5.672086e-01
9.796433e-01 -2.006987e-01 -4.364716e-03 1.996528e+01 2.007432e-01 9.795153e-01 1.587374e-02 -3.044948e+00 1.089468e-03 -1.642679e-02 9.998645e-01 -5.739402e-01
9.801055e-01 -1.983615e-01 -6.781428e-03 2.032292e+01 1.984347e-01 9.800314e-01 1.274097e-02 -2.967237e+00 4.118693e-03 -1.383316e-02 9.998958e-01 -5.672677e-01
9.807394e-01 -1.952935e-01 -3.256668e-03 2.069626e+01 1.953173e-01 9.806840e-01 1.049298e-02 -2.900263e+00 1.144551e-03 -1.092696e-02 9.999396e-01 -5.987429e-01
9.815140e-01 -1.913539e-01 -3.722493e-03 2.107822e+01 1.913804e-01 9.814746e-01 9.009610e-03 -2.837627e+00 1.929508e-03 -9.555471e-03 9.999525e-01 -6.184085e-01
9.821901e-01 -1.878747e-01 -2.366887e-03 2.146270e+01 1.878890e-01 9.821409e-01 9.859383e-03 -2.773687e+00 4.722875e-04 -1.012850e-02 9.999486e-01 -6.242200e-01
9.828252e-01 -1.845369e-01 -8.290661e-04 2.185100e+01 1.845339e-01 9.827572e-01 1.163839e-02 -2.711014e+00 -1.332942e-03 -1.159150e-02 9.999319e-01 -6.410839e-01
9.833314e-01 -1.818193e-01 -1.002650e-03 2.224830e+01 1.818148e-01 9.832277e-01 1.436905e-02 -2.641585e+00 -1.626737e-03 -1.431183e-02 9.998962e-01 -6.720673e-01
9.837922e-01 -1.793098e-01 9.508365e-04 2.264464e+01 1.792752e-01 9.836829e-01 1.510812e-02 -2.582249e+00 -3.644355e-03 -1.469279e-02 9.998854e-01 -6.779863e-01
9.839631e-01 -1.783713e-01 5.751214e-04 2.305224e+01 1.783298e-01 9.837942e-01 1.863844e-02 -2.514782e+00 -3.890364e-03 -1.823698e-02 9.998261e-01 -6.974257e-01
9.842798e-01 -1.766069e-01 -1.833650e-03 2.348145e+01 1.766053e-01 9.840488e-01 2.141009e-02 -2.439617e+00 -1.976768e-03 -2.139735e-02 9.997691e-01 -7.044870e-01
9.847096e-01 -1.741082e-01 -5.777867e-03 2.390410e+01 1.741948e-01 9.844577e-01 2.234790e-02 -2.372366e+00 1.797113e-03 -2.301266e-02 9.997336e-01 -7.465448e-01
9.852046e-01 -1.712034e-01 -7.830235e-03 2.434392e+01 1.713292e-01 9.850087e-01 2.010273e-02 -2.301128e+00 4.271193e-03 -2.114685e-02 9.997672e-01 -7.527211e-01
9.859729e-01 -1.666883e-01 -8.505702e-03 2.479835e+01 1.668258e-01 9.857953e-01 1.941570e-02 -2.231827e+00 5.148510e-03 -2.056233e-02 9.997753e-01 -7.717269e-01
9.868055e-01 -1.617006e-01 -8.234730e-03 2.525991e+01 1.618415e-01 9.865917e-01 2.107690e-02 -2.164073e+00 4.716167e-03 -2.213153e-02 9.997439e-01 -7.716019e-01
9.878657e-01 -1.550975e-01 -8.128553e-03 2.573799e+01 1.552434e-01 9.876232e-01 2.236489e-02 -2.102886e+00 4.559208e-03 -2.335541e-02 9.997168e-01 -7.888604e-01
9.888063e-01 -1.488011e-01 -1.096867e-02 2.623808e+01 1.490213e-01 9.885629e-01 2.315584e-02 -2.041531e+00 7.397609e-03 -2.453121e-02 9.996717e-01 -8.312507e-01
9.896443e-01 -1.429832e-01 -1.264366e-02 2.675873e+01 1.432360e-01 9.894425e-01 2.206954e-02 -1.970531e+00 9.354604e-03 -2.365202e-02 9.996765e-01 -8.370193e-01
9.904612e-01 -1.372151e-01 -1.259871e-02 2.728380e+01 1.374545e-01 9.902924e-01 2.066003e-02 -1.900430e+00 9.641540e-03 -2.219471e-02 9.997072e-01 -8.525289e-01
9.912500e-01 -1.314836e-01 -1.163697e-02 2.781930e+01 1.317097e-01 9.910561e-01 2.145237e-02 -1.844029e+00 8.712252e-03 -2.279737e-02 9.997022e-01 -8.716577e-01
9.920577e-01 -1.250653e-01 -1.342245e-02 2.836450e+01 1.253275e-01 9.918953e-01 2.089472e-02 -1.790651e+00 1.070046e-02 -2.241097e-02 9.996916e-01 -9.038029e-01
9.928618e-01 -1.185161e-01 -1.339076e-02 2.892216e+01 1.187542e-01 9.927483e-01 1.865947e-02 -1.729945e+00 1.108220e-02 -2.011648e-02 9.997362e-01 -9.299850e-01
9.935446e-01 -1.126358e-01 -1.350277e-02 2.947231e+01 1.128586e-01 9.934646e-01 1.705999e-02 -1.685075e+00 1.149296e-02 -1.847376e-02 9.997633e-01 -9.248137e-01
9.941843e-01 -1.073078e-01 -9.088125e-03 3.005251e+01 1.074472e-01 9.940727e-01 1.656597e-02 -1.645705e+00 7.256601e-03 -1.744612e-02 9.998215e-01 -9.280255e-01
9.946097e-01 -1.034305e-01 -7.328026e-03 3.061152e+01 1.035408e-01 9.944845e-01 1.672500e-02 -1.603312e+00 5.557732e-03 -1.739360e-02 9.998333e-01 -9.633803e-01
9.949830e-01 -9.984851e-02 -6.264246e-03 3.117527e+01 9.993863e-02 9.948606e-01 1.626398e-02 -1.553811e+00 4.608118e-03 -1.680842e-02 9.998481e-01 -9.780228e-01
9.953669e-01 -9.582237e-02 -7.926316e-03 3.173738e+01 9.593584e-02 9.952676e-01 1.544897e-02 -1.504521e+00 6.408449e-03 -1.613781e-02 9.998493e-01 -1.006207e+00
9.957242e-01 -9.204140e-02 -7.854578e-03 3.227731e+01 9.215517e-02 9.956220e-01 1.561951e-02 -1.455762e+00 6.382551e-03 -1.627656e-02 9.998472e-01 -1.019709e+00
9.961638e-01 -8.727026e-02 -6.439948e-03 3.281886e+01 8.736469e-02 9.960442e-01 1.622844e-02 -1.426399e+00 4.998213e-03 -1.672881e-02 9.998476e-01 -1.044324e+00
9.966093e-01 -8.215203e-02 -4.564427e-03 3.332658e+01 8.221234e-02 9.964998e-01 1.513664e-02 -1.402080e+00 3.304946e-03 -1.546057e-02 9.998750e-01 -1.054821e+00
9.971694e-01 -7.489094e-02 -6.678033e-03 3.382592e+01 7.498604e-02 9.970664e-01 1.535571e-02 -1.375951e+00 5.508438e-03 -1.581301e-02 9.998598e-01 -1.068261e+00
9.977069e-01 -6.724806e-02 -7.661726e-03 3.431133e+01 6.736198e-02 9.976045e-01 1.573301e-02 -1.348815e+00 6.585359e-03 -1.621304e-02 9.998469e-01 -1.089562e+00
9.982176e-01 -5.938249e-02 -5.940430e-03 3.477273e+01 5.947283e-02 9.980952e-01 1.640634e-02 -1.347966e+00 4.954865e-03 -1.673039e-02 9.998478e-01 -1.102228e+00
9.985848e-01 -5.277083e-02 -6.601735e-03 3.521978e+01 5.287168e-02 9.984704e-01 1.617003e-02 -1.331420e+00 5.738331e-03 -1.649619e-02 9.998475e-01 -1.139542e+00
9.989205e-01 -4.624933e-02 -4.339164e-03 3.564151e+01 4.631026e-02 9.988118e-01 1.518615e-02 -1.328917e+00 3.631659e-03 -1.537071e-02 9.998752e-01 -1.141033e+00
9.992149e-01 -3.895834e-02 -7.196237e-03 3.605591e+01 3.906147e-02 9.991273e-01 1.479498e-02 -1.314143e+00 6.613569e-03 -1.506446e-02 9.998646e-01 -1.171385e+00
9.994618e-01 -3.127899e-02 -9.888529e-03 3.644445e+01 3.141896e-02 9.994035e-01 1.433175e-02 -1.308004e+00 9.434349e-03 -1.463473e-02 9.998484e-01 -1.167887e+00
9.996314e-01 -2.397256e-02 -1.274266e-02 3.682033e+01 2.416009e-02 9.995990e-01 1.477273e-02 -1.323020e+00 1.238341e-02 -1.507515e-02 9.998097e-01 -1.191291e+00
9.997837e-01 -1.788375e-02 -1.061654e-02 3.717366e+01 1.802150e-02 9.997528e-01 1.302421e-02 -1.322957e+00 1.038099e-02 -1.321272e-02 9.998588e-01 -1.191070e+00
9.999127e-01 -1.176448e-02 -6.018017e-03 3.751353e+01 1.182894e-02 9.998719e-01 1.079080e-02 -1.334726e+00 5.890298e-03 -1.086104e-02 9.999236e-01 -1.200433e+00
9.999508e-01 -6.950467e-03 -7.078856e-03 3.782397e+01 7.031963e-03 9.999084e-01 1.155354e-02 -1.335930e+00 6.997907e-03 -1.160275e-02 9.999082e-01 -1.213742e+00
9.999445e-01 -4.018295e-04 -1.052424e-02 3.812916e+01 5.268626e-04 9.999292e-01 1.188041e-02 -1.343995e+00 1.051873e-02 -1.188529e-02 9.998741e-01 -1.229357e+00
9.998944e-01 7.207845e-03 -1.261861e-02 3.841151e+01 -7.055532e-03 9.999022e-01 1.207372e-02 -1.354422e+00 1.270440e-02 -1.198341e-02 9.998475e-01 -1.231739e+00
9.997504e-01 1.783259e-02 -1.346118e-02 3.870126e+01 -1.769130e-02 9.997879e-01 1.054308e-02 -1.387496e+00 1.364634e-02 -1.030230e-02 9.998538e-01 -1.237521e+00
9.994853e-01 2.980493e-02 -1.186555e-02 3.896748e+01 -2.968909e-02 9.995109e-01 9.821799e-03 -1.421429e+00 1.215249e-02 -9.464467e-03 9.998814e-01 -1.253015e+00
9.989938e-01 4.373474e-02 -9.938398e-03 3.922816e+01 -4.365413e-02 9.990132e-01 8.188705e-03 -1.448802e+00 1.028672e-02 -7.746613e-03 9.999171e-01 -1.262904e+00
9.983028e-01 5.756395e-02 -8.828198e-03 3.947984e+01 -5.748860e-02 9.983094e-01 8.563396e-03 -1.487461e+00 9.306216e-03 -8.041341e-03 9.999244e-01 -1.268008e+00
9.973028e-01 7.269978e-02 -1.008924e-02 3.971844e+01 -7.260571e-02 9.973166e-01 9.397423e-03 -1.521928e+00 1.074535e-02 -8.639541e-03 9.999049e-01 -1.270698e+00
9.959646e-01 8.928517e-02 -9.084727e-03 3.992742e+01 -8.919317e-02 9.959633e-01 1.007314e-02 -1.554245e+00 9.947437e-03 -9.222195e-03 9.999080e-01 -1.277747e+00
9.943886e-01 1.054094e-01 -8.955584e-03 4.015049e+01 -1.053200e-01 9.943888e-01 9.933806e-03 -1.603880e+00 9.952449e-03 -8.934862e-03 9.999105e-01 -1.284870e+00
9.924490e-01 1.224516e-01 -7.112041e-03 4.034074e+01 -1.223837e-01 9.924393e-01 9.305525e-03 -1.652454e+00 8.197745e-03 -8.364861e-03 9.999314e-01 -1.286878e+00
9.900876e-01 1.402555e-01 -7.407267e-03 4.053845e+01 -1.401846e-01 9.900813e-01 9.353344e-03 -1.689299e+00 8.645654e-03 -8.222246e-03 9.999288e-01 -1.293698e+00
9.876257e-01 1.567175e-01 -5.930989e-03 4.071699e+01 -1.566617e-01 9.876119e-01 8.926322e-03 -1.748817e+00 7.256427e-03 -7.886705e-03 9.999425e-01 -1.298225e+00
9.849994e-01 1.725052e-01 -4.274133e-03 4.087910e+01 -1.724629e-01 9.849765e-01 8.835561e-03 -1.797195e+00 5.734100e-03 -7.965892e-03 9.999518e-01 -1.316524e+00
9.821261e-01 1.881964e-01 -3.226302e-03 4.104696e+01 -1.881615e-01 9.820973e-01 8.948765e-03 -1.846435e+00 4.852667e-03 -8.181750e-03 9.999548e-01 -1.321141e+00
9.793107e-01 2.023609e-01 -7.981642e-04 4.118457e+01 -2.023437e-01 9.792662e-01 9.730922e-03 -1.884592e+00 2.750773e-03 -9.368092e-03 9.999523e-01 -1.315778e+00
9.766221e-01 2.149594e-01 1.305794e-03 4.133739e+01 -2.149614e-01 9.765693e-01 1.019737e-02 -1.933350e+00 9.168228e-04 -1.023967e-02 9.999471e-01 -1.315393e+00
9.742671e-01 2.253738e-01 3.196198e-03 4.147887e+01 -2.253953e-01 9.742093e-01 1.063118e-02 -1.987685e+00 -7.177772e-04 -1.107802e-02 9.999384e-01 -1.315263e+00
9.724036e-01 2.332775e-01 3.580540e-03 4.162390e+01 -2.333037e-01 9.723341e-01 1.164973e-02 -2.029102e+00 -7.638624e-04 -1.216359e-02 9.999257e-01 -1.327769e+00
9.708723e-01 2.395719e-01 3.492548e-03 4.177457e+01 -2.395965e-01 9.708052e-01 1.143470e-02 -2.067618e+00 -6.511509e-04 -1.193844e-02 9.999285e-01 -1.333076e+00
9.695988e-01 2.446737e-01 3.586188e-03 4.192849e+01 -2.446986e-01 9.695389e-01 1.082610e-02 -2.097202e+00 -8.280873e-04 -1.137451e-02 9.999350e-01 -1.329630e+00
9.687071e-01 2.481912e-01 2.763290e-03 4.208044e+01 -2.482066e-01 9.686478e-01 1.071080e-02 -2.140433e+00 -1.832913e-05 -1.106149e-02 9.999388e-01 -1.352368e+00
9.681526e-01 2.503454e-01 2.778819e-03 4.222574e+01 -2.503608e-01 9.680946e-01 1.058931e-02 -2.179221e+00 -3.917364e-05 -1.094778e-02 9.999401e-01 -1.346458e+00
9.675456e-01 2.526872e-01 2.151902e-03 4.238669e+01 -2.526954e-01 9.674847e-01 1.086830e-02 -2.227095e+00 6.643470e-04 -1.105935e-02 9.999386e-01 -1.360070e+00
9.674697e-01 2.529804e-01 1.837646e-03 4.254324e+01 -2.529859e-01 9.674174e-01 1.008521e-02 -2.255605e+00 7.735893e-04 -1.022203e-02 9.999474e-01 -1.365274e+00
9.678626e-01 2.514724e-01 1.904092e-03 4.269613e+01 -2.514788e-01 9.678119e-01 9.924499e-03 -2.287473e+00 6.529353e-04 -1.008439e-02 9.999489e-01 -1.362947e+00
9.685668e-01 2.487402e-01 2.601549e-03 4.285995e+01 -2.487538e-01 9.685150e-01 1.000234e-02 -2.336361e+00 -3.165542e-05 -1.033508e-02 9.999466e-01 -1.365494e+00
9.695210e-01 2.449921e-01 2.820407e-03 4.303548e+01 -2.450083e-01 9.694533e-01 1.144634e-02 -2.366647e+00 7.000985e-05 -1.178849e-02 9.999305e-01 -1.380052e+00
9.708826e-01 2.395377e-01 2.942456e-03 4.318494e+01 -2.395558e-01 9.708074e-01 1.207376e-02 -2.409305e+00 3.556372e-05 -1.242709e-02 9.999228e-01 -1.385972e+00
9.728585e-01 2.313591e-01 4.381019e-03 4.337196e+01 -2.313977e-01 9.727674e-01 1.337068e-02 -2.440479e+00 -1.168283e-03 -1.402154e-02 9.999010e-01 -1.386753e+00
9.750235e-01 2.220405e-01 5.207678e-03 4.355166e+01 -2.220918e-01 9.749323e-01 1.349562e-02 -2.461832e+00 -2.080559e-03 -1.431513e-02 9.998954e-01 -1.397066e+00
9.775531e-01 2.106139e-01 5.636473e-03 4.374817e+01 -2.106755e-01 9.774454e-01 1.470927e-02 -2.489661e+00 -2.411367e-03 -1.556656e-02 9.998759e-01 -1.396667e+00
9.800889e-01 1.984711e-01 5.906967e-03 4.395291e+01 -1.985398e-01 9.799739e-01 1.527219e-02 -2.519233e+00 -2.757585e-03 -1.614087e-02 9.998659e-01 -1.397295e+00
9.827188e-01 1.850498e-01 4.504406e-03 4.416841e+01 -1.850997e-01 9.825790e-01 1.663760e-02 -2.548838e+00 -1.347150e-03 -1.718384e-02 9.998515e-01 -1.413678e+00
9.851078e-01 1.719265e-01 1.974008e-03 4.438321e+01 -1.719360e-01 9.849801e-01 1.587595e-02 -2.560780e+00 7.851385e-04 -1.597893e-02 9.998720e-01 -1.419079e+00
9.875302e-01 1.574288e-01 4.581134e-04 4.462253e+01 -1.574202e-01 9.874363e-01 1.372681e-02 -2.583777e+00 1.708639e-03 -1.362776e-02 9.999057e-01 -1.406821e+00
9.899489e-01 1.414170e-01 -1.525002e-03 4.486546e+01 -1.413897e-01 9.898843e-01 1.174381e-02 -2.601449e+00 3.170349e-03 -1.141015e-02 9.999299e-01 -1.417588e+00
9.923625e-01 1.233524e-01 -9.240724e-04 4.512103e+01 -1.233370e-01 9.923143e-01 1.001197e-02 -2.622006e+00 2.151971e-03 -9.821533e-03 9.999495e-01 -1.423632e+00
9.945467e-01 1.042918e-01 -4.249759e-04 4.537980e+01 -1.042836e-01 9.945058e-01 9.130552e-03 -2.625407e+00 1.374882e-03 -9.036442e-03 9.999582e-01 -1.448559e+00
9.964518e-01 8.414415e-02 1.891764e-03 4.564740e+01 -8.415797e-02 9.964108e-01 9.111773e-03 -2.634600e+00 -1.118271e-03 -9.238649e-03 9.999567e-01 -1.429940e+00
9.981402e-01 6.089745e-02 2.775208e-03 4.591824e+01 -6.092247e-02 9.980919e-01 1.005952e-02 -2.629725e+00 -2.157314e-03 -1.020989e-02 9.999455e-01 -1.429901e+00
9.992885e-01 3.771492e-02 3.093937e-04 4.619608e+01 -3.771613e-02 9.992391e-01 9.947533e-03 -2.619572e+00 6.601217e-05 -9.952124e-03 9.999505e-01 -1.459402e+00
9.998806e-01 1.545091e-02 -1.133844e-04 4.647535e+01 -1.544878e-02 9.998224e-01 1.078817e-02 -2.605659e+00 2.800513e-04 -1.078513e-02 9.999418e-01 -1.470585e+00
9.999623e-01 -8.554587e-03 -1.468185e-03 4.677618e+01 8.569017e-03 9.999121e-01 1.012093e-02 -2.590150e+00 1.381475e-03 -1.013314e-02 9.999477e-01 -1.478851e+00
9.994704e-01 -3.244926e-02 -2.428203e-03 4.707299e+01 3.247306e-02 9.994174e-01 1.050358e-02 -2.543619e+00 2.085955e-03 -1.057687e-02 9.999419e-01 -1.500791e+00
9.983933e-01 -5.639634e-02 -5.497450e-03 4.738687e+01 5.645515e-02 9.983423e-01 1.120593e-02 -2.508073e+00 4.856363e-03 -1.149829e-02 9.999221e-01 -1.521353e+00
9.967395e-01 -8.047323e-02 -5.864688e-03 4.770166e+01 8.054675e-02 9.966578e-01 1.361636e-02 -2.466577e+00 4.749335e-03 -1.404434e-02 9.998901e-01 -1.504017e+00
9.944327e-01 -1.051616e-01 -6.687069e-03 4.801752e+01 1.052591e-01 9.943087e-01 1.645449e-02 -2.415864e+00 4.918631e-03 -1.706675e-02 9.998422e-01 -1.504023e+00
9.914241e-01 -1.305130e-01 -6.684620e-03 4.835411e+01 1.306138e-01 9.912711e-01 1.793584e-02 -2.355783e+00 4.285411e-03 -1.865512e-02 9.998168e-01 -1.532929e+00
9.879816e-01 -1.543808e-01 -7.683123e-03 4.870175e+01 1.544911e-01 9.878514e-01 1.680386e-02 -2.297033e+00 4.995588e-03 -1.778888e-02 9.998293e-01 -1.533196e+00
9.839596e-01 -1.781496e-01 -9.286396e-03 4.904528e+01 1.782799e-01 9.838518e-01 1.588161e-02 -2.198893e+00 6.307133e-03 -1.728245e-02 9.998308e-01 -1.547459e+00
9.796757e-01 -2.001608e-01 -1.308967e-02 4.941520e+01 2.003508e-01 9.796045e-01 1.530884e-02 -2.114858e+00 9.758472e-03 -1.762022e-02 9.997971e-01 -1.557628e+00
9.750661e-01 -2.215337e-01 -1.299318e-02 4.975643e+01 2.217384e-01 9.749528e-01 1.729430e-02 -2.014635e+00 8.836463e-03 -1.974417e-02 9.997660e-01 -1.557309e+00
9.700565e-01 -2.425745e-01 -1.216284e-02 5.012518e+01 2.427582e-01 9.699374e-01 1.702883e-02 -1.920321e+00 7.666428e-03 -1.947156e-02 9.997810e-01 -1.565051e+00
9.646055e-01 -2.635086e-01 -9.970013e-03 5.051875e+01 2.636455e-01 9.644753e-01 1.667837e-02 -1.801599e+00 5.220938e-03 -1.871660e-02 9.998112e-01 -1.591609e+00
9.585440e-01 -2.847099e-01 -1.156349e-02 5.089384e+01 2.848733e-01 9.584227e-01 1.653058e-02 -1.671025e+00 6.376293e-03 -1.913942e-02 9.997965e-01 -1.614745e+00
9.514637e-01 -3.074726e-01 -1.332079e-02 5.128973e+01 3.076611e-01 9.513662e-01 1.572381e-02 -1.524385e+00 7.838307e-03 -1.905893e-02 9.997876e-01 -1.620505e+00
9.440069e-01 -3.295465e-01 -1.581449e-02 5.167481e+01 3.297780e-01 9.439338e-01 1.534623e-02 -1.380290e+00 9.870533e-03 -1.970221e-02 9.997572e-01 -1.644269e+00
9.357851e-01 -3.522515e-01 -1.500242e-02 5.208226e+01 3.524437e-01 9.357431e-01 1.298154e-02 -1.203526e+00 9.465639e-03 -1.743544e-02 9.998032e-01 -1.633875e+00
9.274006e-01 -3.737289e-01 -1.596329e-02 5.248172e+01 3.739321e-01 9.273725e-01 1.246636e-02 -1.024168e+00 1.014488e-02 -1.753050e-02 9.997948e-01 -1.660782e+00
9.186644e-01 -3.947739e-01 -1.446746e-02 5.289052e+01 3.949384e-01 9.186405e-01 1.109583e-02 -8.414166e-01 8.910054e-03 -1.590710e-02 9.998338e-01 -1.669488e+00
9.104786e-01 -4.132186e-01 -1.670754e-02 5.329205e+01 4.134340e-01 9.104487e-01 1.247841e-02 -6.373603e-01 1.005504e-02 -1.826879e-02 9.997826e-01 -1.675633e+00
9.025508e-01 -4.301461e-01 -1.940343e-02 5.372447e+01 4.303867e-01 9.025842e-01 1.045115e-02 -4.185660e-01 1.301770e-02 -1.778367e-02 9.997571e-01 -1.689560e+00
