1.000000e+00 0.000000e+00 0.000000e+00 0.000000e+00 0.000000e+00 1.000000e+00 0.000000e+00 0.000000e+00 0.000000e+00 0.000000e+00 1.000000e+00 0.000000e+00
9.999698e-01 -7.718756e-03 9.188982e-04 1.684981e-01 7.718721e-03 9.999702e-01 4.161519e-05 1.217106e-02 -9.191920e-04 -3.452121e-05 9.999996e-01 -6.947165e-04
9.999374e-01 -1.103735e-02 1.825867e-03 2.544647e-01 1.103747e-02 9.999392e-01 -5.642002e-05 1.379637e-02 -1.825133e-03 7.656944e-05 9.999983e-01 -2.556010e-03
9.999128e-01 -1.297898e-02 2.443720e-03 3.404580e-01 1.297943e-02 9.999157e-01 -1.662363e-04 1.572085e-02 -2.441357e-03 1.979399e-04 9.999970e-01 -5.498279e-03
9.999014e-01 -1.379350e-02 2.619037e-03 4.229696e-01 1.379498e-02 9.999048e-01 -5.478019e-04 9.003632e-03 -2.611232e-03 5.838775e-04 9.999964e-01 -6.825227e-03
9.999097e-01 -1.323496e-02 2.333881e-03 5.060817e-01 1.323569e-02 9.999124e-01 -2.983665e-04 1.533605e-02 -2.329728e-03 3.292301e-04 9.999973e-01 -9.012301e-03
9.999363e-01 -1.109609e-02 2.079580e-03 5.902020e-01 1.109693e-02 9.999382e-01 -3.879743e-04 9.609980e-03 -2.075147e-03 4.110265e-04 9.999977e-01 -1.205672e-02
9.999661e-01 -7.928692e-03 2.231582e-03 6.812391e-01 7.928334e-03 9.999686e-01 1.690627e-04 1.261517e-02 -2.232853e-03 -1.513642e-04 9.999975e-01 -1.154155e-02
9.999877e-01 -4.668185e-03 1.681409e-03 7.582966e-01 4.668049e-03 9.999890e-01 8.539289e-05 5.353863e-04 -1.681789e-03 -7.754295e-05 9.999986e-01 -1.686125e-02
9.999981e-01 -1.041221e-03 1.635908e-03 8.410488e-01 1.041431e-03 9.999994e-01 -1.274422e-04 -6.040961e-03 -1.635774e-03 1.291457e-04 9.999986e-01 -2.113935e-02
9.999941e-01 3.140832e-03 1.405999e-03 9.246921e-01 -3.140099e-03 9.999950e-01 -5.232735e-04 -6.689381e-03 -1.407636e-03 5.188555e-04 9.999989e-01 -1.777219e-02
9.999710e-01 7.517435e-03 1.173885e-03 1.001997e+00 -7.516080e-03 9.999712e-01 -1.154418e-03 -1.373590e-02 -1.182529e-03 1.145561e-03 9.999986e-01 -2.087165e-02
9.999242e-01 1.228103e-02 8.685682e-04 1.089435e+00 -1.227978e-02 9.999236e-01 -1.425084e-03 -2.245320e-02 -8.860034e-04 1.414310e-03 9.999986e-01 -2.517070e-02
9.998363e-01 1.807238e-02 8.325124e-04 1.169580e+00 -1.807053e-02 9.998344e-01 -2.172732e-03 -3.309293e-02 -8.716409e-04 2.157332e-03 9.999973e-01 -2.613411e-02
9.997183e-01 2.372630e-02 6.159191e-04 1.245764e+00 -2.372462e-02 9.997151e-01 -2.592916e-03 -4.235624e-02 -6.772639e-04 2.577573e-03 9.999964e-01 -2.704325e-02
9.995496e-01 3.000489e-02 5.479720e-04 1.326279e+00 -3.000324e-02 9.995457e-01 -2.812114e-03 -5.163753e-02 -6.321003e-04 2.794406e-03 9.999959e-01 -2.526230e-02
9.993129e-01 3.706330e-02 2.450591e-04 1.399645e+00 -3.706240e-02 9.993085e-01 -3.006317e-03 -6.217572e-02 -3.563137e-04 2.995169e-03 9.999955e-01 -2.842885e-02
9.989963e-01 4.479363e-02 -6.474832e-05 1.476851e+00 -4.479360e-02 9.989909e-01 -3.260078e-03 -7.209342e-02 -8.134773e-05 3.259706e-03 9.999947e-01 -2.944092e-02
9.985954e-01 5.298294e-02 1.501307e-04 1.548903e+00 -5.298220e-02 9.985902e-01 -3.192338e-03 -8.650953e-02 -3.190585e-04 3.179899e-03 9.999949e-01 -3.205008e-02
9.981558e-01 6.070282e-02 -3.527170e-04 1.611751e+00 -6.070361e-02 9.981513e-01 -3.023994e-03 -9.226985e-02 1.685000e-04 3.039828e-03 9.999954e-01 -3.193022e-02
9.976490e-01 6.852873e-02 -4.990490e-04 1.685417e+00 -6.852997e-02 9.976441e-01 -3.138621e-03 -1.107579e-01 2.827875e-04 3.165442e-03 9.999949e-01 -3.359518e-02
9.970162e-01 7.717872e-02 -1.467960e-03 1.750453e+00 -7.718274e-02 9.970127e-01 -2.917466e-03 -1.254859e-01 1.238409e-03 3.022062e-03 9.999947e-01 -3.494018e-02
9.963878e-01 8.490570e-02 -1.535281e-03 1.803812e+00 -8.491021e-02 9.963837e-01 -3.162932e-03 -1.370157e-01 1.261178e-03 3.281868e-03 9.999938e-01 -3.280228e-02
9.956122e-01 9.355649e-02 -1.883904e-03 1.862956e+00 -9.356198e-02 9.956087e-01 -3.073537e-03 -1.578052e-01 1.588082e-03 3.236312e-03 9.999935e-01 -3.664287e-02
9.947930e-01 1.018938e-01 -2.126589e-03 1.918645e+00 -1.019000e-01 9.947900e-01 -3.067620e-03 -1.723320e-01 1.802938e-03 3.268347e-03 9.999930e-01 -3.791345e-02
9.938750e-01 1.104821e-01 -2.511268e-03 1.966699e+00 -1.104895e-01 9.938726e-01 -3.033544e-03 -1.834410e-01 2.160728e-03 3.292432e-03 9.999923e-01 -3.629576e-02
9.929421e-01 1.185776e-01 -2.309855e-03 2.008520e+00 -1.185850e-01 9.929382e-01 -3.369827e-03 -1.969757e-01 1.893957e-03 3.619957e-03 9.999917e-01 -3.841594e-02
9.919631e-01 1.265079e-01 -2.218157e-03 2.052616e+00 -1.265147e-01 9.919595e-01 -3.273172e-03 -2.135115e-01 1.786240e-03 3.527495e-03 9.999922e-01 -3.718587e-02
9.910976e-01 1.331217e-01 -2.067560e-03 2.094508e+00 -1.331282e-01 9.910928e-01 -3.423705e-03 -2.265953e-01 1.593374e-03 3.668476e-03 9.999920e-01 -3.885153e-02
9.902770e-01 1.390906e-01 -2.294594e-03 2.125761e+00 -1.390985e-01 9.902714e-01 -3.729709e-03 -2.444661e-01 1.753503e-03 4.012620e-03 9.999904e-01 -3.984081e-02
9.895728e-01 1.440170e-01 -2.201298e-03 2.153647e+00 -1.440247e-01 9.895664e-01 -3.858775e-03 -2.460412e-01 1.622602e-03 4.135580e-03 9.999901e-01 -3.893826e-02
9.889156e-01 1.484580e-01 -2.477693e-03 2.174630e+00 -1.484673e-01 9.889089e-01 -4.090414e-03 -2.572041e-01 1.842958e-03 4.412931e-03 9.999886e-01 -3.831821e-02
9.884781e-01 1.513394e-01 -2.736752e-03 2.193625e+00 -1.513502e-01 9.884710e-01 -4.282635e-03 -2.622323e-01 2.057069e-03 4.647498e-03 9.999871e-01 -3.892506e-02
9.881228e-01 1.536426e-01 -2.697048e-03 2.208336e+00 -1.536536e-01 9.881146e-01 -4.513551e-03 -2.680045e-01 1.971519e-03 4.874354e-03 9.999862e-01 -3.764494e-02
9.878796e-01 1.551964e-01 -2.829917e-03 2.218652e+00 -1.552083e-01 9.878709e-01 -4.620953e-03 -2.743460e-01 2.078438e-03 5.004172e-03 9.999853e-01 -4.049208e-02
9.878429e-01 1.554353e-01 -2.516260e-03 2.222872e+00 -1.554457e-01 9.878334e-01 -4.660483e-03 -2.785611e-01 1.761242e-03 4.994967e-03 9.999860e-01 -3.626535e-02
9.878712e-01 1.552406e-01 -3.313054e-03 2.219296e+00 -1.552544e-01 9.878645e-01 -4.446471e-03 -2.759664e-01 2.582576e-03 4.906906e-03 9.999846e-01 -4.617301e-02
9.878817e-01 1.551417e-01 -4.554636e-03 2.212954e+00 -1.551591e-01 9.878823e-01 -3.772616e-03 -2.707877e-01 3.914154e-03 4.433591e-03 9.999825e-01 -4.150191e-02
9.878749e-01 1.551903e-01 -4.366251e-03 2.211491e+00 -1.552072e-01 9.878745e-01 -3.838393e-03 -2.714009e-01 3.717626e-03 4.469526e-03 9.999831e-01 -3.926697e-02
9.879084e-01 1.549840e-01 -4.108455e-03 2.223623e+00 -1.550000e-01 9.879067e-01 -3.932092e-03 -2.690544e-01 3.449359e-03 4.521358e-03 9.999838e-01 -3.860658e-02
9.879034e-01 1.550120e-01 -4.254177e-03 2.217365e+00 -1.550287e-01 9.879023e-01 -3.922012e-03 -2.722143e-01 3.594752e-03 4.534088e-03 9.999833e-01 -4.154600e-02
9.879207e-01 1.549052e-01 -4.128414e-03 2.212841e+00 -1.549215e-01 9.879187e-01 -3.977878e-03 -2.662692e-01 3.462344e-03 4.569409e-03 9.999835e-01 -3.857305e-02
9.880325e-01 1.541966e-01 -3.900375e-03 2.213915e+00 -1.542127e-01 9.880285e-01 -4.229064e-03 -2.678760e-01 3.201574e-03 4.779940e-03 9.999834e-01 -3.950202e-02
9.881032e-01 1.537471e-01 -3.723901e-03 2.211640e+00 -1.537630e-01 9.880978e-01 -4.419812e-03 -2.684274e-01 3.000045e-03 4.939828e-03 9.999833e-01 -3.829172e-02
9.883092e-01 1.524222e-01 -3.518234e-03 2.212538e+00 -1.524372e-01 9.883029e-01 -4.476567e-03 -2.685416e-01 2.794752e-03 4.960542e-03 9.999838e-01 -3.795223e-02
9.886714e-01 1.500669e-01 -2.959978e-03 2.202262e+00 -1.500794e-01 9.886631e-01 -4.598814e-03 -2.611576e-01 2.236292e-03 4.990947e-03 9.999850e-01 -3.699365e-02
9.891178e-01 1.470989e-01 -2.804506e-03 2.189088e+00 -1.471107e-01 9.891093e-01 -4.586859e-03 -2.524640e-01 2.099242e-03 4.949517e-03 9.999856e-01 -3.838418e-02
9.896510e-01 1.434754e-01 -2.401278e-03 2.170452e+00 -1.434852e-01 9.896418e-01 -4.618599e-03 -2.496672e-01 1.713750e-03 4.915349e-03 9.999865e-01 -3.798488e-02
9.902923e-01 1.389786e-01 -2.468444e-03 2.150175e+00 -1.389881e-01 9.902853e-01 -4.172395e-03 -2.411976e-01 1.864590e-03 4.474975e-03 9.999883e-01 -3.709275e-02
9.910421e-01 1.335347e-01 -2.006379e-03 2.125585e+00 -1.335418e-01 9.910353e-01 -3.947313e-03 -2.374739e-01 1.461290e-03 4.179889e-03 9.999902e-01 -3.519952e-02
9.918996e-01 1.270090e-01 -1.970835e-03 2.101890e+00 -1.270158e-01 9.918932e-01 -3.826354e-03 -2.231195e-01 1.468876e-03 4.045686e-03 9.999908e-01 -3.619584e-02
9.927679e-01 1.200333e-01 -1.960491e-03 2.069974e+00 -1.200395e-01 9.927630e-01 -3.448366e-03 -2.075829e-01 1.532384e-03 3.658763e-03 9.999921e-01 -3.406937e-02
9.936985e-01 1.120682e-01 -1.982853e-03 2.038344e+00 -1.120747e-01 9.936935e-01 -3.519172e-03 -1.974024e-01 1.575961e-03 3.719224e-03 9.999918e-01 -3.645777e-02
9.946339e-01 1.034389e-01 -1.933765e-03 2.005117e+00 -1.034444e-01 9.946307e-01 -3.002634e-03 -1.874458e-01 1.612793e-03 3.186559e-03 9.999936e-01 -3.067650e-02
9.956059e-01 9.363123e-02 -1.415185e-03 1.970328e+00 -9.363490e-02 9.956027e-01 -2.801026e-03 -1.658186e-01 1.146699e-03 2.921229e-03 9.999951e-01 -3.089722e-02
9.964923e-01 8.367477e-02 -1.285743e-03 1.933195e+00 -8.367790e-02 9.964894e-01 -2.609553e-03 -1.536603e-01 1.062876e-03 2.707988e-03 9.999958e-01 -3.326653e-02
9.973269e-01 7.305439e-02 -1.496972e-03 1.890939e+00 -7.305808e-02 9.973245e-01 -2.584314e-03 -1.357355e-01 1.304171e-03 2.686771e-03 9.999955e-01 -3.245283e-02
9.980674e-01 6.211314e-02 -1.819537e-03 1.851953e+00 -6.211778e-02 9.980654e-01 -2.613404e-03 -1.203333e-01 1.653690e-03 2.721379e-03 9.999949e-01 -3.035974e-02
9.986735e-01 5.146481e-02 -1.627330e-03 1.799696e+00 -5.146939e-02 9.986703e-01 -2.905681e-03 -1.116939e-01 1.475626e-03 2.985585e-03 9.999945e-01 -2.906686e-02
9.991276e-01 4.173502e-02 -1.482333e-03 1.747291e+00 -4.173962e-02 9.991232e-01 -3.218675e-03 -9.679630e-02 1.346702e-03 3.277740e-03 9.999937e-01 -2.762890e-02
9.994728e-01 3.243749e-02 -1.408117e-03 1.699371e+00 -3.244200e-02 9.994681e-01 -3.311380e-03 -8.594389e-02 1.299956e-03 3.355316e-03 9.999935e-01 -2.404743e-02
9.997268e-01 2.336146e-02 -6.744068e-04 1.643045e+00 -2.336375e-02 9.997206e-01 -3.611191e-03 -7.550148e-02 5.898556e-04 3.625961e-03 9.999933e-01 -2.392917e-02
9.998847e-01 1.517703e-02 -5.042785e-04 1.590710e+00 -1.517900e-02 9.998761e-01 -4.157283e-03 -6.789849e-02 4.411208e-04 4.164458e-03 9.999912e-01 -2.585556e-02
9.999692e-01 7.830344e-03 -3.722310e-04 1.532086e+00 -7.831877e-03 9.999601e-01 -4.310085e-03 -5.609072e-02 3.384667e-04 4.312868e-03 9.999906e-01 -2.450704e-02
9.999994e-01 1.059916e-03 2.256558e-04 1.467767e+00 -1.058906e-03 9.999895e-01 -4.428542e-03 -4.487024e-02 -2.303473e-04 4.428301e-03 9.999902e-01 -1.695109e-02
9.999871e-01 -4.852291e-03 1.539736e-03 1.403379e+00 4.858984e-03 9.999785e-01 -4.373472e-03 -4.510529e-02 -1.518482e-03 4.380897e-03 9.999893e-01 -1.418157e-02
9.999421e-01 -1.041455e-02 2.698516e-03 1.332805e+00 1.042549e-02 9.999373e-01 -4.073828e-03 -4.305452e-02 -2.655920e-03 4.101726e-03 9.999881e-01 -1.262084e-02
9.998736e-01 -1.565379e-02 2.798735e-03 1.261305e+00 1.566463e-02 9.998696e-01 -3.894815e-03 -3.476434e-02 -2.737402e-03 3.938164e-03 9.999885e-01 -1.430625e-02
9.998082e-01 -1.942231e-02 2.512644e-03 1.205340e+00 1.943153e-02 9.998043e-01 -3.698338e-03 -3.423666e-02 -2.440322e-03 3.746454e-03 9.999900e-01 -1.689441e-02
9.997405e-01 -2.264487e-02 2.463632e-03 1.139253e+00 2.265389e-02 9.997367e-01 -3.696901e-03 -3.060776e-02 -2.379267e-03 3.751753e-03 9.999901e-01 -1.311482e-02
9.996764e-01 -2.532225e-02 2.428949e-03 1.058896e+00 2.533041e-02 9.996734e-01 -3.388730e-03 -3.015047e-02 -2.342345e-03 3.449159e-03 9.999913e-01 -9.966867e-03
9.996217e-01 -2.735414e-02 2.875345e-03 9.897042e-01 2.736242e-02 9.996214e-01 -2.878892e-03 -2.752155e-02 -2.795507e-03 2.956479e-03 9.999917e-01 -7.589016e-03
9.995774e-01 -2.892350e-02 2.905582e-03 9.127449e-01 2.893020e-02 9.995788e-01 -2.292406e-03 -2.690583e-02 -2.838054e-03 2.375496e-03 9.999931e-01 -1.611669e-02
9.995594e-01 -2.955546e-02 2.739102e-03 8.352700e-01 2.956135e-02 9.995607e-01 -2.135629e-03 -3.718221e-02 -2.674780e-03 2.215659e-03 9.999940e-01 -1.252867e-02
9.995568e-01 -2.962920e-02 2.886790e-03 7.555972e-01 2.963513e-02 9.995587e-01 -2.036170e-03 -3.728934e-02 -2.825185e-03 2.120818e-03 9.999937e-01 -9.367207e-03
9.995656e-01 -2.932636e-02 2.937026e-03 6.864267e-01 2.933143e-02 9.995682e-01 -1.696531e-03 -3.422207e-02 -2.886005e-03 1.781942e-03 9.999942e-01 -8.634530e-03
9.995835e-01 -2.861902e-02 3.695357e-03 6.142576e-01 2.862437e-02 9.995893e-01 -1.402469e-03 -3.870723e-02 -3.653702e-03 1.507662e-03 9.999922e-01 -5.884494e-03
9.996192e-01 -2.727181e-02 4.210460e-03 5.371396e-01 2.727759e-02 9.996271e-01 -1.321060e-03 -4.554720e-02 -4.172861e-03 1.435408e-03 9.999903e-01 -5.534838e-03
9.996656e-01 -2.545891e-02 4.542627e-03 4.587300e-01 2.546679e-02 9.996743e-01 -1.685379e-03 -4.696057e-02 -4.498239e-03 1.800501e-03 9.999883e-01 -5.177854e-03
9.997114e-01 -2.355433e-02 4.728479e-03 3.867777e-01 2.356298e-02 9.997207e-01 -1.782613e-03 -5.196537e-02 -4.685171e-03 1.893516e-03 9.999872e-01 -8.445584e-03
9.997642e-01 -2.124948e-02 4.470199e-03 3.070848e-01 2.125888e-02 9.997720e-01 -2.065847e-03 -5.243137e-02 -4.425281e-03 2.160391e-03 9.999879e-01 -8.886459e-03
9.998227e-01 -1.833285e-02 4.286295e-03 2.392429e-01 1.834136e-02 9.998298e-01 -1.956059e-03 -6.160298e-02 -4.249705e-03 2.034329e-03 9.999889e-01 -6.523926e-03
9.998785e-01 -1.511133e-02 3.826558e-03 1.746910e-01 1.511939e-02 9.998835e-01 -2.087029e-03 -6.317258e-02 -3.794575e-03 2.144631e-03 9.999905e-01 -8.099417e-03
9.999220e-01 -1.206665e-02 3.204877e-03 1.024111e-01 1.207355e-02 9.999248e-01 -2.141752e-03 -6.647190e-02 -3.178793e-03 2.180279e-03 9.999925e-01 -6.770348e-03
9.999603e-01 -8.679951e-03 2.011025e-03 3.103678e-02 8.683976e-03 9.999603e-01 -2.001813e-03 -6.241946e-02 -1.993569e-03 2.019197e-03 9.999959e-01 -8.283691e-03
9.999881e-01 -4.778204e-03 9.368574e-04 -3.044791e-02 4.779983e-03 9.999869e-01 -1.906304e-03 -7.137855e-02 -9.277362e-04 1.910760e-03 9.999977e-01 -7.479887e-03
9.999993e-01 -9.423840e-04 6.286556e-04 -9.382797e-02 9.434922e-04 9.999981e-01 -1.764745e-03 -6.622431e-02 -6.269913e-04 1.765337e-03 9.999983e-01 -2.382001e-03
9.999949e-01 3.089794e-03 8.014888e-04 -1.552077e-01 -3.088378e-03 9.999937e-01 -1.762677e-03 -7.696547e-02 -8.069301e-04 1.760193e-03 9.999982e-01 -2.839774e-03
9.999731e-01 7.308324e-03 6.099208e-04 -2.099533e-01 -7.307366e-03 9.999721e-01 -1.557218e-03 -7.653459e-02 -6.212844e-04 1.552719e-03 9.999986e-01 7.351675e-04
9.999310e-01 1.174201e-02 6.839288e-05 -2.710207e-01 -1.174188e-02 9.999297e-01 -1.643342e-03 -8.514268e-02 -8.768421e-05 1.642425e-03 9.999986e-01 7.720583e-05
9.998728e-01 1.594078e-02 -4.620113e-04 -3.257741e-01 -1.594138e-02 9.998721e-01 -1.328357e-03 -8.405440e-02 4.407772e-04 1.335553e-03 9.999990e-01 -9.724244e-04
9.997888e-01 2.054313e-02 -6.560961e-04 -3.787807e-01 -2.054380e-02 9.997885e-01 -1.032657e-03 -8.829772e-02 6.347433e-04 1.045918e-03 9.999992e-01 1.848979e-03
9.996968e-01 2.461768e-02 -5.820949e-04 -4.253517e-01 -2.461809e-02 9.996966e-01 -7.163140e-04 -9.355412e-02 5.642844e-04 7.304269e-04 9.999996e-01 4.578519e-03
9.995882e-01 2.868729e-02 -6.917329e-04 -4.689156e-01 -2.868795e-02 9.995880e-01 -9.707466e-04 -9.789149e-02 6.635998e-04 9.901912e-04 9.999993e-01 3.238482e-03
9.994782e-01 3.228831e-02 -8.327965e-04 -5.046570e-01 -3.228929e-02 9.994777e-01 -1.194719e-03 -9.261841e-02 7.937862e-04 1.220986e-03 9.999989e-01 4.238712e-03
9.993653e-01 3.561199e-02 -8.311317e-04 -5.403357e-01 -3.561304e-02 9.993647e-01 -1.282157e-03 -9.463947e-02 7.849436e-04 1.310942e-03 9.999988e-01 6.592133e-03
9.992545e-01 3.860341e-02 -5.866220e-04 -5.647646e-01 -3.860416e-02 9.992537e-01 -1.327075e-03 -9.470229e-02 5.349546e-04 1.348732e-03 9.999989e-01 4.880648e-03
9.991341e-01 4.160204e-02 -5.264947e-04 -5.956276e-01 -4.160290e-02 9.991326e-01 -1.752298e-03 -1.024748e-01 4.531389e-04 1.772684e-03 9.999983e-01 6.632525e-03
9.990405e-01 4.379280e-02 -4.572684e-04 -6.158066e-01 -4.379354e-02 9.990392e-01 -1.744411e-03 -9.777313e-02 3.804363e-04 1.762763e-03 9.999984e-01 5.782437e-03
9.989507e-01 4.579786e-02 -2.351697e-04 -6.310491e-01 -4.579819e-02 9.989494e-01 -1.650477e-03 -1.035773e-01 1.593344e-04 1.659516e-03 9.999986e-01 6.074884e-03
9.988773e-01 4.737272e-02 -5.223211e-05 -6.512238e-01 -4.737275e-02 9.988760e-01 -1.581726e-03 -1.033061e-01 -2.275725e-05 1.582424e-03 9.999987e-01 5.604645e-03
9.988069e-01 4.883450e-02 9.815797e-05 -6.629090e-01 -4.883426e-02 9.988054e-01 -1.738569e-03 -1.031505e-01 -1.829428e-04 1.731701e-03 9.999985e-01 5.451168e-03
9.987627e-01 4.973003e-02 -5.724723e-06 -6.753901e-01 -4.972997e-02 9.987614e-01 -1.651233e-03 -1.012766e-01 -7.639825e-05 1.649475e-03 9.999986e-01 6.319357e-03
9.987387e-01 5.020892e-02 -1.079380e-04 -6.724271e-01 -5.020903e-02 9.987373e-01 -1.731386e-03 -9.539586e-02 2.087067e-05 1.734622e-03 9.999985e-01 6.409321e-03
9.987266e-01 5.044883e-02 -1.983068e-04 -6.751641e-01 -5.044910e-02 9.987252e-01 -1.773813e-03 -9.780627e-02 1.085672e-04 1.781559e-03 9.999984e-01 7.713740e-03
9.987221e-01 5.053905e-02 -2.513714e-04 -6.757641e-01 -5.053943e-02 9.987204e-01 -1.879038e-03 -9.616100e-02 1.560849e-04 1.889341e-03 9.999982e-01 6.062500e-03
9.987327e-01 5.032782e-02 -2.772839e-04 -6.728294e-01 -5.032834e-02 9.987299e-01 -2.344948e-03 -9.442332e-02 1.589156e-04 2.355932e-03 9.999972e-01 5.927416e-03
9.987293e-01 5.039531e-02 -3.577213e-04 -6.778479e-01 -5.039602e-02 9.987264e-01 -2.378091e-03 -9.514669e-02 2.374211e-04 2.393097e-03 9.999971e-01 7.722459e-03
9.987312e-01 5.035726e-02 -3.546482e-04 -6.750708e-01 -5.035788e-02 9.987292e-01 -2.026795e-03 -9.632356e-02 2.521337e-04 2.042082e-03 9.999979e-01 5.557728e-03
9.987247e-01 5.048494e-02 -4.977830e-04 -6.757120e-01 -5.048594e-02 9.987224e-01 -2.237255e-03 -9.782533e-02 3.841993e-04 2.259533e-03 9.999974e-01 6.747498e-03
9.987319e-01 5.034363e-02 -3.860595e-04 -6.745940e-01 -5.034436e-02 9.987295e-01 -2.210763e-03 -9.215450e-02 2.742712e-04 2.227396e-03 9.999975e-01 6.238790e-03
9.987296e-01 5.038713e-02 -5.958223e-04 -6.743715e-01 -5.038828e-02 9.987274e-01 -2.109003e-03 -9.484938e-02 4.887976e-04 2.136346e-03 9.999976e-01 6.585801e-03
9.987240e-01 5.049697e-02 -6.158763e-04 -6.758770e-01 -5.049832e-02 9.987212e-01 -2.415442e-03 -9.415906e-02 4.931163e-04 2.443461e-03 9.999969e-01 6.691808e-03
9.987189e-01 5.059920e-02 -4.766453e-04 -6.773358e-01 -5.060017e-02 9.987162e-01 -2.324220e-03 -9.837057e-02 3.584298e-04 2.345361e-03 9.999972e-01 8.324642e-03
9.987203e-01 5.057060e-02 -5.835737e-04 -6.736468e-01 -5.057177e-02 9.987179e-01 -2.202889e-03 -9.685809e-02 4.714241e-04 2.229582e-03 9.999974e-01 4.481192e-03
9.987248e-01 5.048402e-02 -4.554701e-04 -6.770305e-01 -5.048493e-02 9.987224e-01 -2.271041e-03 -9.187999e-02 3.402369e-04 2.291140e-03 9.999973e-01 6.889811e-03
9.987234e-01 5.050729e-02 -7.445778e-04 -6.758351e-01 -5.050881e-02 9.987214e-01 -2.188655e-03 -9.305574e-02 6.330827e-04 2.223469e-03 9.999973e-01 3.683596e-03
9.987113e-01 5.073863e-02 -1.118870e-03 -6.786582e-01 -5.074096e-02 9.987096e-01 -2.164278e-03 -9.776354e-02 1.007613e-03 2.218262e-03 9.999970e-01 5.064473e-03
9.987007e-01 5.094353e-02 -1.294618e-03 -6.715938e-01 -5.094608e-02 9.986994e-01 -2.017366e-03 -9.434994e-02 1.190162e-03 2.080701e-03 9.999971e-01 5.645883e-03
9.986955e-01 5.104329e-02 -1.355525e-03 -6.696432e-01 -5.104602e-02 9.986943e-01 -2.057157e-03 -9.495109e-02 1.248751e-03 2.123667e-03 9.999970e-01 5.313813e-03
9.986849e-01 5.124735e-02 -1.442883e-03 -6.721286e-01 -5.125007e-02 9.986839e-01 -1.913486e-03 -9.545349e-02 1.342923e-03 1.984917e-03 9.999971e-01 4.581998e-03
9.986826e-01 5.128268e-02 -1.748949e-03 -6.734880e-01 -5.128624e-02 9.986818e-01 -2.055125e-03 -1.028371e-01 1.641251e-03 2.142115e-03 9.999964e-01 5.801336e-03
9.986735e-01 5.145444e-02 -1.922071e-03 -6.735647e-01 -5.145821e-02 9.986733e-01 -1.966025e-03 -9.952991e-02 1.818361e-03 2.062323e-03 9.999962e-01 5.347200e-03
9.986809e-01 5.130893e-02 -1.930885e-03 -6.760905e-01 -5.131261e-02 9.986809e-01 -1.911895e-03 -9.514507e-02 1.830240e-03 2.008452e-03 9.999963e-01 4.343376e-03
9.986674e-01 5.155627e-02 -2.302540e-03 -6.729759e-01 -5.156044e-02 9.986683e-01 -1.789481e-03 -9.832587e-02 2.207215e-03 1.905816e-03 9.999958e-01 4.783541e-03
9.986590e-01 5.171810e-02 -2.324370e-03 -6.707883e-01 -5.172210e-02 9.986601e-01 -1.695633e-03 -9.844158e-02 2.233560e-03 1.813581e-03 9.999959e-01 3.531239e-03
9.986527e-01 5.183585e-02 -2.407757e-03 -6.728321e-01 -5.183988e-02 9.986540e-01 -1.639786e-03 -9.602327e-02 2.319516e-03 1.762395e-03 9.999958e-01 5.946277e-03
9.986439e-01 5.199308e-02 -2.650609e-03 -6.724462e-01 -5.199716e-02 9.986461e-01 -1.493126e-03 -9.462614e-02 2.569389e-03 1.628926e-03 9.999954e-01 6.256470e-03
9.986165e-01 5.251445e-02 -2.706273e-03 -6.725776e-01 -5.251858e-02 9.986188e-01 -1.479713e-03 -9.345685e-02 2.624828e-03 1.619795e-03 9.999952e-01 6.897152e-03
9.985998e-01 5.282850e-02 -2.774265e-03 -6.773174e-01 -5.283241e-02 9.986025e-01 -1.356035e-03 -9.225947e-02 2.698750e-03 1.500707e-03 9.999952e-01 8.929209e-03
9.985967e-01 5.290599e-02 -2.376017e-03 -6.694843e-01 -5.290874e-02 9.985987e-01 -1.109971e-03 -9.442820e-02 2.313963e-03 1.234125e-03 9.999965e-01 6.976735e-03
9.985813e-01 5.319681e-02 -2.332086e-03 -6.651319e-01 -5.319909e-02 9.985836e-01 -9.254323e-04 -9.552005e-02 2.279553e-03 1.048184e-03 9.999968e-01 5.181763e-03
9.985672e-01 5.344206e-02 -2.753023e-03 -6.609958e-01 -5.344469e-02 9.985703e-01 -8.895787e-04 -9.799199e-02 2.701546e-03 1.035439e-03 9.999958e-01 7.019573e-03
9.985456e-01 5.383153e-02 -2.967844e-03 -6.488809e-01 -5.383375e-02 9.985497e-01 -6.721028e-04 -9.968320e-02 2.927359e-03 8.308954e-04 9.999954e-01 7.451454e-03
9.985011e-01 5.464808e-02 -3.022785e-03 -6.371613e-01 -5.465038e-02 9.985054e-01 -6.809287e-04 -1.009807e-01 2.981055e-03 8.451043e-04 9.999952e-01 8.467010e-03
9.984529e-01 5.552574e-02 -2.955958e-03 -6.248090e-01 -5.552766e-02 9.984571e-01 -5.725939e-04 -1.003093e-01 2.919603e-03 7.358454e-04 9.999955e-01 8.789098e-03
9.984039e-01 5.637879e-02 -3.321015e-03 -6.175113e-01 -5.638078e-02 9.984092e-01 -5.078741e-04 -9.975258e-02 3.287098e-03 6.943048e-04 9.999943e-01 4.011683e-03
9.983191e-01 5.784550e-02 -3.576251e-03 -5.972491e-01 -5.784721e-02 9.983253e-01 -3.758709e-04 -1.017143e-01 3.548520e-03 5.821153e-04 9.999936e-01 4.342065e-03
9.982146e-01 5.960095e-02 -3.923113e-03 -5.800433e-01 -5.960235e-02 9.982220e-01 -2.415226e-04 -1.041429e-01 3.901743e-03 4.749182e-04 9.999923e-01 5.872969e-03
9.980857e-01 6.171888e-02 -3.954684e-03 -5.602757e-01 -6.171953e-02 9.980935e-01 -4.178653e-05 -1.071786e-01 3.944565e-03 2.857878e-04 9.999922e-01 5.947795e-03
9.979190e-01 6.435208e-02 -4.047259e-03 -5.363184e-01 -6.435238e-02 9.979274e-01 5.630041e-05 -1.077579e-01 4.042494e-03 2.042675e-04 9.999918e-01 6.319436e-03
9.976948e-01 6.772905e-02 -4.211416e-03 -5.113334e-01 -6.772777e-02 9.977039e-01 4.447316e-04 -1.158303e-01 4.231867e-03 -1.584766e-04 9.999911e-01 4.109867e-03
9.973859e-01 7.212480e-02 -4.406545e-03 -4.867325e-01 -7.212221e-02 9.973954e-01 7.455262e-04 -1.185027e-01 4.448839e-03 -4.257676e-04 9.999900e-01 3.186358e-03
9.970003e-01 7.725372e-02 -4.728237e-03 -4.639031e-01 -7.725001e-02 9.970112e-01 9.637024e-04 -1.320963e-01 4.788555e-03 -5.955553e-04 9.999884e-01 4.812649e-03
9.965531e-01 8.281870e-02 -4.787722e-03 -4.267527e-01 -8.281317e-02 9.965641e-01 1.340950e-03 -1.363723e-01 4.882328e-03 -9.398417e-04 9.999877e-01 5.091022e-03
9.960564e-01 8.860996e-02 -4.452028e-03 -3.921015e-01 -8.860322e-02 9.960656e-01 1.689966e-03 -1.484472e-01 4.584260e-03 -1.288838e-03 9.999887e-01 2.390881e-03
9.954982e-01 9.468851e-02 -4.157101e-03 -3.567729e-01 -9.468163e-02 9.955058e-01 1.823178e-03 -1.592854e-01 4.311052e-03 -1.421370e-03 9.999897e-01 3.382996e-03
9.948232e-01 1.015396e-01 -4.060713e-03 -3.142486e-01 -1.015319e-01 9.948303e-01 2.058971e-03 -1.705709e-01 4.248787e-03 -1.636020e-03 9.999896e-01 2.225953e-03
9.941155e-01 1.082712e-01 -3.425322e-03 -2.697917e-01 -1.082636e-01 9.941195e-01 2.333258e-03 -1.856845e-01 3.657804e-03 -1.948690e-03 9.999914e-01 3.486697e-03
9.933335e-01 1.152417e-01 -2.818750e-03 -2.296529e-01 -1.152343e-01 9.933348e-01 2.677338e-03 -1.910225e-01 3.108503e-03 -2.334672e-03 9.999924e-01 1.144852e-03
9.924629e-01 1.225265e-01 -2.134329e-03 -1.815544e-01 -1.225209e-01 9.924626e-01 2.598298e-03 -2.088961e-01 2.436602e-03 -2.317215e-03 9.999943e-01 -7.861049e-04
9.915935e-01 1.293807e-01 -1.683858e-03 -1.381590e-01 -1.293758e-01 9.915918e-01 2.795625e-03 -2.205565e-01 2.031400e-03 -2.554273e-03 9.999947e-01 -1.931574e-03
9.906616e-01 1.363345e-01 -1.603865e-03 -9.561431e-02 -1.363297e-01 9.906596e-01 2.759464e-03 -2.370824e-01 1.965094e-03 -2.515040e-03 9.999949e-01 -3.879936e-03
9.896931e-01 1.432002e-01 -1.116770e-03 -5.157880e-02 -1.431971e-01 9.896911e-01 2.495281e-03 -2.550575e-01 1.462582e-03 -2.309645e-03 9.999962e-01 -1.716913e-03
9.887323e-01 1.496914e-01 -1.011036e-03 -2.000280e-03 -1.496891e-01 9.887309e-01 2.081416e-03 -2.628771e-01 1.311212e-03 -1.906622e-03 9.999973e-01 -8.578462e-04
9.877489e-01 1.560511e-01 -4.824479e-04 4.475299e-02 -1.560500e-01 9.877477e-01 1.800639e-03 -2.784209e-01 7.575284e-04 -1.703293e-03 9.999983e-01 -6.859319e-03
9.868050e-01 1.619120e-01 -5.921891e-04 8.334613e-02 -1.619109e-01 9.868041e-01 1.566584e-03 -2.887359e-01 8.380235e-04 -1.450031e-03 9.999986e-01 -6.408830e-03
9.858385e-01 1.676950e-01 -9.298983e-04 1.176359e-01 -1.676935e-01 9.858382e-01 1.464360e-03 -3.056661e-01 1.162295e-03 -1.287685e-03 9.999985e-01 -7.553326e-03
9.849250e-01 1.729776e-01 -1.258695e-03 1.587144e-01 -1.729755e-01 9.849247e-01 1.627245e-03 -3.227348e-01 1.521196e-03 -1.384991e-03 9.999979e-01 -9.551036e-03
9.840596e-01 1.778338e-01 -1.357663e-03 1.897694e-01 -1.778321e-01 9.840602e-01 1.290383e-03 -3.304673e-01 1.565496e-03 -1.028378e-03 9.999983e-01 -8.820575e-03
9.831631e-01 1.827214e-01 -1.807092e-03 2.286162e-01 -1.827192e-01 9.831643e-01 1.318976e-03 -3.408447e-01 2.017674e-03 -9.665782e-04 9.999975e-01 -9.292974e-03
9.823065e-01 1.872700e-01 -1.969299e-03 2.581251e-01 -1.872672e-01 9.823078e-01 1.567372e-03 -3.554232e-01 2.227979e-03 -1.170854e-03 9.999968e-01 -9.962601e-03
9.815198e-01 1.913496e-01 -2.043178e-03 2.858254e-01 -1.913464e-01 9.815211e-01 1.629810e-03 -3.603889e-01 2.317287e-03 -1.208736e-03 9.999966e-01 -1.083599e-02
9.806387e-01 1.958127e-01 -2.232031e-03 3.158396e-01 -1.958091e-01 9.806405e-01 1.738796e-03 -3.766345e-01 2.529299e-03 -1.268078e-03 9.999960e-01 -9.127876e-03
9.797739e-01 2.000967e-01 -2.096323e-03 3.531369e-01 -2.000921e-01 9.797746e-01 2.207745e-03 -3.862029e-01 2.495686e-03 -1.743634e-03 9.999954e-01 -1.053137e-02
9.788903e-01 2.043753e-01 -2.124435e-03 3.831822e-01 -2.043706e-01 9.788910e-01 2.262011e-03 -3.974508e-01 2.541890e-03 -1.780089e-03 9.999952e-01 -9.785109e-03
9.779868e-01 2.086573e-01 -1.975645e-03 4.129715e-01 -2.086525e-01 9.779871e-01 2.397310e-03 -4.054030e-01 2.432371e-03 -1.932314e-03 9.999952e-01 -1.251686e-02
9.769997e-01 2.132300e-01 -2.148970e-03 4.426856e-01 -2.132245e-01 9.770000e-01 2.534615e-03 -4.202240e-01 2.640000e-03 -2.018105e-03 9.999945e-01 -1.031100e-02
9.759597e-01 2.179376e-01 -2.420740e-03 4.741993e-01 -2.179318e-01 9.759610e-01 2.430611e-03 -4.306853e-01 2.892269e-03 -1.844622e-03 9.999941e-01 -1.465671e-02
9.749495e-01 2.224072e-01 -2.915466e-03 5.016509e-01 -2.224010e-01 9.749525e-01 2.295176e-03 -4.459784e-01 3.352905e-03 -1.589278e-03 9.999931e-01 -1.227137e-02
9.738674e-01 2.270943e-01 -3.220541e-03 5.396101e-01 -2.270888e-01 9.738719e-01 2.003699e-03 -4.555653e-01 3.591423e-03 -1.219989e-03 9.999928e-01 -1.360235e-02
9.726844e-01 2.321039e-01 -3.562085e-03 5.736958e-01 -2.320995e-01 9.726908e-01 1.608619e-03 -4.702177e-01 3.838174e-03 -7.379208e-04 9.999924e-01 -1.246380e-02
9.715877e-01 2.366444e-01 -4.087321e-03 6.106495e-01 -2.366407e-01 9.715962e-01 1.369411e-03 -4.790144e-01 4.295289e-03 -3.632765e-04 9.999907e-01 -1.753498e-02
9.703125e-01 2.418121e-01 -4.527294e-03 6.435634e-01 -2.418092e-01 9.703230e-01 1.190471e-03 -4.932244e-01 4.680808e-03 -6.038795e-05 9.999890e-01 -1.595483e-02
9.689837e-01 2.470726e-01 -5.068011e-03 6.858854e-01 -2.470707e-01 9.689970e-01 1.014294e-03 -5.129052e-01 5.161492e-03 2.693227e-04 9.999866e-01 -1.817091e-02
9.675325e-01 2.526950e-01 -5.117490e-03 7.249820e-01 -2.526943e-01 9.675457e-01 7.912359e-04 -5.269988e-01 5.151347e-03 5.276141e-04 9.999866e-01 -1.915559e-02
9.660431e-01 2.583205e-01 -5.600363e-03 7.709380e-01 -2.583229e-01 9.660585e-01 3.139054e-04 -5.415656e-01 5.491367e-03 1.143456e-03 9.999843e-01 -2.056034e-02
9.644994e-01 2.640111e-01 -6.247052e-03 8.043493e-01 -2.640175e-01 9.645178e-01 -2.081921e-04 -5.625688e-01 5.970428e-03 1.850132e-03 9.999804e-01 -2.004389e-02
9.628864e-01 2.698279e-01 -6.536223e-03 8.473181e-01 -2.698372e-01 9.629059e-01 -5.660987e-04 -5.827456e-01 6.141018e-03 2.308805e-03 9.999785e-01 -2.025787e-02
9.613110e-01 2.753812e-01 -6.805872e-03 8.910221e-01 -2.753940e-01 9.613309e-01 -1.001531e-03 -5.957350e-01 6.266892e-03 2.837080e-03 9.999763e-01 -1.899769e-02
9.596111e-01 2.812526e-01 -6.590444e-03 9.279829e-01 -2.812657e-01 9.596293e-01 -1.135091e-03 -6.167185e-01 6.005136e-03 2.942912e-03 9.999776e-01 -1.935902e-02
9.580129e-01 2.866574e-01 -6.228583e-03 9.669545e-01 -2.866697e-01 9.580287e-01 -1.173105e-03 -6.322153e-01 5.630882e-03 2.909395e-03 9.999799e-01 -1.883065e-02
9.563840e-01 2.920601e-01 -5.528104e-03 1.005873e+00 -2.920709e-01 9.563959e-01 -1.233217e-03 -6.577843e-01 4.926882e-03 2.794027e-03 9.999840e-01 -1.942566e-02
9.548078e-01 2.971854e-01 -4.801911e-03 1.045673e+00 -2.971953e-01 9.548154e-01 -1.500621e-03 -6.718798e-01 4.138976e-03 2.859910e-03 9.999874e-01 -2.117536e-02
9.533572e-01 3.018116e-01 -4.444422e-03 1.076862e+00 -3.018202e-01 9.533638e-01 -1.407531e-03 -6.918690e-01 3.812342e-03 2.683296e-03 9.999892e-01 -2.449298e-02
9.520024e-01 3.060634e-01 -4.072930e-03 1.104529e+00 -3.060711e-01 9.520075e-01 -1.390411e-03 -7.060962e-01 3.451906e-03 2.570281e-03 9.999908e-01 -2.580865e-02
9.507036e-01 3.100798e-01 -3.650007e-03 1.134318e+00 -3.100867e-01 9.507072e-01 -1.505232e-03 -7.204367e-01 3.003345e-03 2.562848e-03 9.999922e-01 -2.539690e-02
9.495885e-01 3.134840e-01 -3.084120e-03 1.157879e+00 -3.134890e-01 9.495910e-01 -1.315023e-03 -7.341476e-01 2.516414e-03 2.215569e-03 9.999944e-01 -2.683294e-02
9.485934e-01 3.164856e-01 -2.739654e-03 1.180562e+00 -3.164901e-01 9.485947e-01 -1.385155e-03 -7.386626e-01 2.160440e-03 2.181022e-03 9.999953e-01 -2.720026e-02
9.475256e-01 3.196695e-01 -2.563438e-03 1.206782e+00 -3.196735e-01 9.475267e-01 -1.357002e-03 -7.543573e-01 1.995134e-03 2.105257e-03 9.999958e-01 -3.023975e-02
9.465458e-01 3.225616e-01 -2.226738e-03 1.229629e+00 -3.225654e-01 9.465457e-01 -1.639779e-03 -7.674980e-01 1.578780e-03 2.270394e-03 9.999962e-01 -2.769873e-02
9.457707e-01 3.248293e-01 -1.901054e-03 1.245585e+00 -3.248326e-01 9.457699e-01 -1.755115e-03 -7.773555e-01 1.227847e-03 2.277461e-03 9.999967e-01 -2.767446e-02
9.450479e-01 3.269270e-01 -1.801254e-03 1.253720e+00 -3.269301e-01 9.450467e-01 -1.832706e-03 -7.827444e-01 1.103108e-03 2.320879e-03 9.999967e-01 -2.837487e-02
9.446698e-01 3.280177e-01 -1.804993e-03 1.268669e+00 -3.280208e-01 9.446687e-01 -1.857740e-03 -7.868949e-01 1.095749e-03 2.347026e-03 9.999967e-01 -2.893815e-02
9.443813e-01 3.288473e-01 -1.843528e-03 1.275680e+00 -3.288504e-01 9.443803e-01 -1.813652e-03 -7.891456e-01 1.144577e-03 2.319024e-03 9.999967e-01 -2.841715e-02
9.443495e-01 3.289396e-01 -1.672399e-03 1.277322e+00 -3.289425e-01 9.443480e-01 -1.938739e-03 -7.870361e-01 9.415986e-04 2.380970e-03 9.999967e-01 -2.902831e-02
9.442945e-01 3.290966e-01 -1.845669e-03 1.276974e+00 -3.290997e-01 9.442935e-01 -1.806955e-03 -7.878394e-01 1.148191e-03 2.313707e-03 9.999967e-01 -2.875528e-02
9.443842e-01 3.288386e-01 -1.931408e-03 1.269763e+00 -3.288415e-01 9.443840e-01 -1.459669e-03 -7.846264e-01 1.343995e-03 2.013615e-03 9.999971e-01 -3.122303e-02
9.443778e-01 3.288529e-01 -2.518713e-03 1.269956e+00 -3.288567e-01 9.443791e-01 -1.288380e-03 -7.891394e-01 1.954932e-03 2.045013e-03 9.999960e-01 -3.052023e-02
9.443245e-01 3.290081e-01 -2.232970e-03 1.273728e+00 -3.290124e-01 9.443238e-01 -1.931358e-03 -7.886490e-01 1.473214e-03 2.558504e-03 9.999956e-01 -2.663539e-02
9.443438e-01 3.289533e-01 -2.111609e-03 1.276359e+00 -3.289565e-01 9.443440e-01 -1.406088e-03 -7.870799e-01 1.531548e-03 2.022458e-03 9.999968e-01 -2.930089e-02
9.443979e-01 3.287965e-01 -2.348560e-03 1.272637e+00 -3.288002e-01 9.443986e-01 -1.358982e-03 -7.905931e-01 1.771148e-03 2.055626e-03 9.999963e-01 -2.910398e-02
9.444385e-01 3.286808e-01 -2.217085e-03 1.276027e+00 -3.286846e-01 9.444382e-01 -1.657553e-03 -7.816631e-01 1.549094e-03 2.294178e-03 9.999962e-01 -2.844492e-02
9.444150e-01 3.287471e-01 -2.391602e-03 1.280077e+00 -3.287510e-01 9.444155e-01 -1.487584e-03 -7.890207e-01 1.769627e-03 2.191138e-03 9.999960e-01 -2.740369e-02
9.442993e-01 3.290788e-01 -2.439388e-03 1.273885e+00 -3.290830e-01 9.442996e-01 -1.606192e-03 -7.902945e-01 1.774950e-03 2.319487e-03 9.999957e-01 -2.759747e-02
9.444342e-01 3.286930e-01 -2.243984e-03 1.275804e+00 -3.286967e-01 9.444344e-01 -1.494236e-03 -7.831880e-01 1.628150e-03 2.148797e-03 9.999964e-01 -2.698294e-02
9.444192e-01 3.287354e-01 -2.318231e-03 1.273211e+00 -3.287392e-01 9.444194e-01 -1.500210e-03 -7.854629e-01 1.696210e-03 2.178921e-03 9.999962e-01 -2.860233e-02
9.444550e-01 3.286314e-01 -2.494311e-03 1.272546e+00 -3.286357e-01 9.444555e-01 -1.546655e-03 -7.831233e-01 1.847487e-03 2.280466e-03 9.999957e-01 -2.839706e-02
9.444151e-01 3.287463e-01 -2.434362e-03 1.275378e+00 -3.287505e-01 9.444155e-01 -1.534491e-03 -7.878610e-01 1.794591e-03 2.249495e-03 9.999959e-01 -2.703102e-02
9.443981e-01 3.287964e-01 -2.280170e-03 1.269612e+00 -3.288001e-01 9.443983e-01 -1.526423e-03 -7.852302e-01 1.651506e-03 2.191271e-03 9.999962e-01 -2.859918e-02
9.444112e-01 3.287590e-01 -2.247464e-03 1.273430e+00 -3.287627e-01 9.444113e-01 -1.584542e-03 -7.875103e-01 1.601598e-03 2.235341e-03 9.999962e-01 -2.606105e-02
9.443781e-01 3.288535e-01 -2.336584e-03 1.273143e+00 -3.288576e-01 9.443780e-01 -1.660540e-03 -7.865523e-01 1.660545e-03 2.336581e-03 9.999959e-01 -2.709403e-02
9.444337e-01 3.286925e-01 -2.499006e-03 1.277817e+00 -3.286965e-01 9.444345e-01 -1.393148e-03 -7.866873e-01 1.902231e-03 2.137150e-03 9.999959e-01 -2.647487e-02
9.444105e-01 3.287611e-01 -2.233627e-03 1.272025e+00 -3.287646e-01 9.444108e-01 -1.451649e-03 -7.853020e-01 1.632216e-03 2.105290e-03 9.999964e-01 -2.718339e-02
9.443857e-01 3.288323e-01 -2.227434e-03 1.271604e+00 -3.288360e-01 9.443856e-01 -1.541947e-03 -7.857971e-01 1.596515e-03 2.188654e-03 9.999963e-01 -2.838523e-02
9.444196e-01 3.287340e-01 -2.362579e-03 1.272196e+00 -3.287381e-01 9.444197e-01 -1.618854e-03 -7.878630e-01 1.699093e-03 2.305547e-03 9.999959e-01 -2.539404e-02
9.445002e-01 3.285019e-01 -2.408460e-03 1.272235e+00 -3.285059e-01 9.445008e-01 -1.482337e-03 -7.838342e-01 1.787842e-03 2.191261e-03 9.999960e-01 -2.675502e-02
9.444012e-01 3.287869e-01 -2.356325e-03 1.273742e+00 -3.287907e-01 9.444016e-01 -1.475527e-03 -7.864549e-01 1.740184e-03 2.168227e-03 9.999961e-01 -2.551811e-02
9.444042e-01 3.287776e-01 -2.419660e-03 1.273421e+00 -3.287818e-01 9.444046e-01 -1.585452e-03 -7.864947e-01 1.763877e-03 2.292848e-03 9.999958e-01 -2.692223e-02
9.444062e-01 3.287721e-01 -2.398443e-03 1.277484e+00 -3.287759e-01 9.444070e-01 -1.414845e-03 -7.927749e-01 1.799944e-03 2.124739e-03 9.999961e-01 -2.782130e-02
9.443642e-01 3.288933e-01 -2.332340e-03 1.276086e+00 -3.288973e-01 9.443642e-01 -1.614000e-03 -7.902918e-01 1.671744e-03 2.291305e-03 9.999960e-01 -2.617481e-02
9.443579e-01 3.289116e-01 -2.319158e-03 1.272855e+00 -3.289155e-01 9.443581e-01 -1.564347e-03 -7.895591e-01 1.675583e-03 2.240111e-03 9.999961e-01 -2.659391e-02
9.444152e-01 3.287473e-01 -2.288659e-03 1.277270e+00 -3.287510e-01 9.444155e-01 -1.481680e-03 -7.885091e-01 1.674347e-03 2.151720e-03 9.999963e-01 -2.530400e-02
9.443256e-01 3.290033e-01 -2.429865e-03 1.273743e+00 -3.290076e-01 9.443258e-01 -1.629682e-03 -7.865846e-01 1.758414e-03 2.338395e-03 9.999957e-01 -2.637213e-02
9.443623e-01 3.288993e-01 -2.283887e-03 1.273376e+00 -3.289033e-01 9.443622e-01 -1.674569e-03 -7.881339e-01 1.606052e-03 2.332577e-03 9.999960e-01 -2.688785e-02
9.443982e-01 3.287951e-01 -2.404436e-03 1.270376e+00 -3.287995e-01 9.443982e-01 -1.704310e-03 -7.885288e-01 1.710376e-03 2.400124e-03 9.999956e-01 -2.771043e-02
9.444147e-01 3.287481e-01 -2.332826e-03 1.269084e+00 -3.287522e-01 9.444147e-01 -1.620772e-03 -7.825701e-01 1.670330e-03 2.297603e-03 9.999959e-01 -2.660936e-02
9.443650e-01 3.288912e-01 -2.336990e-03 1.270374e+00 -3.288951e-01 9.443653e-01 -1.533695e-03 -7.890382e-01 1.702553e-03 2.216992e-03 9.999961e-01 -2.720899e-02
9.444224e-01 3.287269e-01 -2.250498e-03 1.271417e+00 -3.287307e-01 9.444224e-01 -1.586924e-03 -7.848905e-01 1.603756e-03 2.238534e-03 9.999962e-01 -2.611815e-02
9.444126e-01 3.287542e-01 -2.342064e-03 1.274490e+00 -3.287582e-01 9.444129e-01 -1.581786e-03 -7.878643e-01 1.691857e-03 2.263831e-03 9.999960e-01 -2.677158e-02
9.444527e-01 3.286385e-01 -2.410008e-03 1.270290e+00 -3.286427e-01 9.444530e-01 -1.640335e-03 -7.869139e-01 1.737061e-03 2.341250e-03 9.999958e-01 -2.738506e-02
9.444081e-01 3.287684e-01 -2.169549e-03 1.276173e+00 -3.287720e-01 9.444082e-01 -1.575130e-03 -7.842385e-01 1.531087e-03 2.200853e-03 9.999964e-01 -2.417027e-02
9.444133e-01 3.287513e-01 -2.477120e-03 1.273070e+00 -3.287557e-01 9.444134e-01 -1.673348e-03 -7.901172e-01 1.789310e-03 2.394700e-03 9.999955e-01 -2.512692e-02
9.444519e-01 3.286410e-01 -2.387198e-03 1.273967e+00 -3.286451e-01 9.444522e-01 -1.557135e-03 -7.896118e-01 1.742856e-03 2.255180e-03 9.999959e-01 -2.691862e-02
9.443776e-01 3.288546e-01 -2.369421e-03 1.269143e+00 -3.288586e-01 9.443779e-01 -1.506271e-03 -7.900217e-01 1.742285e-03 2.201693e-03 9.999961e-01 -2.585688e-02
9.444631e-01 3.286085e-01 -2.432681e-03 1.270287e+00 -3.286130e-01 9.444631e-01 -1.760701e-03 -7.881798e-01 1.718996e-03 2.462327e-03 9.999955e-01 -2.640950e-02
9.444557e-01 3.286302e-01 -2.379365e-03 1.271543e+00 -3.286343e-01 9.444560e-01 -1.569781e-03 -7.848877e-01 1.731328e-03 2.264529e-03 9.999959e-01 -2.577994e-02
9.444277e-01 3.287109e-01 -2.331393e-03 1.273366e+00 -3.287149e-01 9.444278e-01 -1.590063e-03 -7.851521e-01 1.679161e-03 2.268062e-03 9.999960e-01 -2.563429e-02
9.444174e-01 3.287406e-01 -2.317044e-03 1.275512e+00 -3.287444e-01 9.444178e-01 -1.465470e-03 -7.864723e-01 1.706499e-03 2.145731e-03 9.999962e-01 -2.685053e-02
9.444475e-01 3.286540e-01 -2.350349e-03 1.271666e+00 -3.286581e-01 9.444475e-01 -1.635593e-03 -7.857758e-01 1.682237e-03 2.317193e-03 9.999959e-01 -2.569813e-02
9.444145e-01 3.287474e-01 -2.533933e-03 1.269239e+00 -3.287519e-01 9.444150e-01 -1.645982e-03 -7.827789e-01 1.851972e-03 2.387525e-03 9.999954e-01 -2.599644e-02
9.444723e-01 3.285820e-01 -2.413960e-03 1.269223e+00 -3.285862e-01 9.444726e-01 -1.597970e-03 -7.853676e-01 1.754855e-03 2.302432e-03 9.999958e-01 -2.580938e-02
9.443560e-01 3.289171e-01 -2.321723e-03 1.273302e+00 -3.289211e-01 9.443560e-01 -1.655206e-03 -7.861913e-01 1.648107e-03 2.326767e-03 9.999959e-01 -2.571324e-02
9.444712e-01 3.285858e-01 -2.365203e-03 1.273333e+00 -3.285898e-01 9.444715e-01 -1.565286e-03 -7.850007e-01 1.719536e-03 2.255549e-03 9.999960e-01 -2.658853e-02
9.444653e-01 3.286029e-01 -2.344940e-03 1.271777e+00 -3.286069e-01 9.444654e-01 -1.606588e-03 -7.874706e-01 1.686785e-03 2.287930e-03 9.999959e-01 -2.536998e-02
9.444020e-01 3.287846e-01 -2.332001e-03 1.272139e+00 -3.287885e-01 9.444022e-01 -1.570232e-03 -7.889468e-01 1.686079e-03 2.249666e-03 9.999961e-01 -2.495208e-02
9.443858e-01 3.288310e-01 -2.371932e-03 1.275016e+00 -3.288350e-01 9.443861e-01 -1.579439e-03 -7.867671e-01 1.720651e-03 2.271574e-03 9.999959e-01 -2.592388e-02
9.443140e-01 3.290367e-01 -2.425279e-03 1.273091e+00 -3.290408e-01 9.443144e-01 -1.555295e-03 -7.909390e-01 1.778477e-03 2.266703e-03 9.999958e-01 -2.492439e-02
