1.000000e+00 0.000000e+00 0.000000e+00 0.000000e+00 0.000000e+00 1.000000e+00 0.000000e+00 0.000000e+00 0.000000e+00 0.000000e+00 1.000000e+00 0.000000e+00
9.999898e-01 2.313377e-04 4.515094e-03 1.818820e+00 -2.474038e-04 9.999937e-01 3.558092e-03 -8.199831e-02 -4.514242e-03 -3.559172e-03 9.999835e-01 -8.414780e-02
9.999993e-01 -9.139100e-04 7.427785e-04 3.117108e+00 9.111559e-04 9.999926e-01 3.699824e-03 -8.605269e-02 -7.461544e-04 -3.699145e-03 9.999929e-01 -8.574034e-02
9.999899e-01 -1.083359e-03 4.374715e-03 4.381496e+00 1.056378e-03 9.999804e-01 6.165089e-03 -9.461212e-02 -4.381308e-03 -6.160405e-03 9.999714e-01 -1.375054e-01
9.999934e-01 -1.222589e-03 3.413687e-03 5.631840e+00 1.205164e-03 9.999863e-01 5.101804e-03 -1.053750e-01 -3.419878e-03 -5.097657e-03 9.999812e-01 -1.552495e-01
9.999835e-01 -1.483310e-03 5.554476e-03 6.865070e+00 1.446564e-03 9.999771e-01 6.613735e-03 -1.175170e-01 -5.564159e-03 -6.605591e-03 9.999627e-01 -1.787964e-01
9.999745e-01 -1.849162e-03 6.900999e-03 8.087780e+00 1.802613e-03 9.999757e-01 6.745361e-03 -1.244835e-01 -6.913304e-03 -6.732749e-03 9.999534e-01 -2.338989e-01
9.999660e-01 -1.699750e-03 8.066001e-03 9.306989e+00 1.662887e-03 9.999882e-01 4.574709e-03 -1.418437e-01 -8.073681e-03 -4.561141e-03 9.999570e-01 -2.382616e-01
9.999518e-01 -2.008818e-03 9.607175e-03 1.051421e+01 1.962320e-03 9.999864e-01 4.846973e-03 -1.488322e-01 -9.616781e-03 -4.827888e-03 9.999421e-01 -2.860530e-01
9.999476e-01 -2.067644e-03 1.002597e-02 1.171330e+01 2.020707e-03 9.999869e-01 4.689416e-03 -1.626932e-01 -1.003553e-02 -4.668911e-03 9.999387e-01 -3.098528e-01
9.999468e-01 -2.309511e-03 1.004884e-02 1.289935e+01 2.241569e-03 9.999745e-01 6.767297e-03 -1.710922e-01 -1.006421e-02 -6.744412e-03 9.999266e-01 -3.456394e-01
9.999445e-01 -2.463700e-03 1.024157e-02 1.408270e+01 2.399328e-03 9.999775e-01 6.292932e-03 -1.847780e-01 -1.025684e-02 -6.268010e-03 9.999278e-01 -3.792306e-01
9.999615e-01 -2.572426e-03 8.391012e-03 1.526978e+01 2.509510e-03 9.999688e-01 7.499946e-03 -1.873085e-01 -8.410042e-03 -7.478600e-03 9.999366e-01 -4.099150e-01
9.999606e-01 -2.710876e-03 8.452934e-03 1.643265e+01 2.665876e-03 9.999821e-01 5.330339e-03 -1.952580e-01 -8.467234e-03 -5.307594e-03 9.999501e-01 -4.528757e-01
9.999624e-01 -3.365501e-03 7.996891e-03 1.759319e+01 3.326240e-03 9.999825e-01 4.917777e-03 -1.929167e-01 -8.013301e-03 -4.890992e-03 9.999560e-01 -4.666763e-01
9.999722e-01 -3.661800e-03 6.502673e-03 1.874549e+01 3.635544e-03 9.999852e-01 4.044954e-03 -1.950314e-01 -6.517388e-03 -4.021201e-03 9.999707e-01 -5.029437e-01
9.999705e-01 -4.085549e-03 6.506146e-03 1.990015e+01 4.054850e-03 9.999807e-01 4.724689e-03 -1.962862e-01 -6.525323e-03 -4.698168e-03 9.999677e-01 -5.223314e-01
9.999802e-01 -3.857328e-03 4.985127e-03 2.105484e+01 3.834340e-03 9.999820e-01 4.612505e-03 -2.109013e-01 -5.002829e-03 -4.593298e-03 9.999769e-01 -5.499462e-01
9.999731e-01 -3.924677e-03 6.205540e-03 2.219110e+01 3.891198e-03 9.999778e-01 5.397897e-03 -2.263386e-01 -6.226588e-03 -5.373605e-03 9.999662e-01 -5.772997e-01
9.999685e-01 -4.327373e-03 6.659735e-03 2.333075e+01 4.287470e-03 9.999729e-01 5.994205e-03 -2.235774e-01 -6.685494e-03 -5.965462e-03 9.999599e-01 -5.952846e-01
9.999696e-01 -3.824315e-03 6.798076e-03 2.446692e+01 3.779805e-03 9.999715e-01 6.548299e-03 -2.452442e-01 -6.822925e-03 -6.522404e-03 9.999555e-01 -6.396023e-01
9.999691e-01 -4.422913e-03 6.503887e-03 2.559821e+01 4.383420e-03 9.999719e-01 6.073938e-03 -2.416612e-01 -6.530570e-03 -6.045241e-03 9.999604e-01 -6.709629e-01
9.999690e-01 -4.472258e-03 6.477418e-03 2.674146e+01 4.446914e-03 9.999824e-01 3.921648e-03 -2.531034e-01 -6.494843e-03 -3.892722e-03 9.999713e-01 -6.951626e-01
9.999670e-01 -4.810088e-03 6.545465e-03 2.787082e+01 4.775774e-03 9.999747e-01 5.247884e-03 -2.550172e-01 -6.570543e-03 -5.216451e-03 9.999648e-01 -7.170996e-01
9.999622e-01 -4.981116e-03 7.128510e-03 2.898127e+01 4.922778e-03 9.999545e-01 8.178036e-03 -2.569198e-01 -7.168921e-03 -8.142634e-03 9.999412e-01 -7.547577e-01
9.999698e-01 -5.299162e-03 5.682016e-03 3.011875e+01 5.240202e-03 9.999329e-01 1.034159e-02 -2.648623e-01 -5.736436e-03 -1.031150e-02 9.999304e-01 -7.852551e-01
9.999675e-01 -5.657604e-03 5.741251e-03 3.123731e+01 5.600487e-03 9.999352e-01 9.916334e-03 -2.683784e-01 -5.796981e-03 -9.883859e-03 9.999344e-01 -8.155977e-01
9.999681e-01 -5.730983e-03 5.560575e-03 3.235967e+01 5.680064e-03 9.999422e-01 9.130165e-03 -2.686358e-01 -5.612578e-03 -9.098290e-03 9.999428e-01 -8.501871e-01
9.999724e-01 -5.870897e-03 4.557803e-03 3.347581e+01 5.830406e-03 9.999437e-01 8.846926e-03 -2.736279e-01 -4.609487e-03 -8.820107e-03 9.999505e-01 -8.763716e-01
9.999772e-01 -5.772423e-03 3.498266e-03 3.460247e+01 5.736746e-03 9.999323e-01 1.012415e-02 -2.787104e-01 -3.556470e-03 -1.010385e-02 9.999426e-01 -9.027187e-01
9.999850e-01 -5.250608e-03 1.547379e-03 3.572733e+01 5.230493e-03 9.999053e-01 1.272839e-02 -2.783022e-01 -1.614064e-03 -1.272011e-02 9.999178e-01 -9.379861e-01
9.999905e-01 -4.277894e-03 -8.200076e-04 3.685123e+01 4.286502e-03 9.999326e-01 1.079871e-02 -2.857736e-01 7.737565e-04 -1.080212e-02 9.999413e-01 -9.818403e-01
9.999878e-01 -2.558060e-03 -4.229621e-03 3.797242e+01 2.596737e-03 9.999546e-01 9.164344e-03 -2.972770e-01 4.205985e-03 -9.175214e-03 9.999490e-01 -9.982579e-01
9.999894e-01 -5.994933e-04 -4.556184e-03 3.908925e+01 6.350618e-04 9.999694e-01 7.809203e-03 -3.017706e-01 4.551363e-03 -7.812013e-03 9.999591e-01 -1.039143e+00
9.999835e-01 2.624096e-03 -5.108544e-03 4.021132e+01 -2.570223e-03 9.999413e-01 1.052378e-02 -3.209565e-01 5.135860e-03 -1.051048e-02 9.999316e-01 -1.047278e+00
9.999715e-01 5.154890e-03 -5.514876e-03 4.132703e+01 -5.087478e-03 9.999131e-01 1.216885e-02 -3.357794e-01 5.577126e-03 -1.214044e-02 9.999108e-01 -1.089878e+00
9.999514e-01 8.190415e-03 -5.496538e-03 4.245547e+01 -8.140254e-03 9.999256e-01 9.087163e-03 -3.592203e-01 5.570557e-03 -9.041977e-03 9.999436e-01 -1.129422e+00
9.999241e-01 1.083000e-02 -5.877684e-03 4.357132e+01 -1.078474e-02 9.999124e-01 7.677554e-03 -3.838714e-01 5.960316e-03 -7.613582e-03 9.999533e-01 -1.140761e+00
9.999002e-01 1.339936e-02 -4.474009e-03 4.469140e+01 -1.337094e-02 9.998906e-01 6.322334e-03 -4.041298e-01 4.558235e-03 -6.261882e-03 9.999700e-01 -1.175957e+00
9.998690e-01 1.514715e-02 -5.706849e-03 4.580912e+01 -1.509407e-02 9.998434e-01 9.233404e-03 -4.362948e-01 5.845815e-03 -9.146055e-03 9.999411e-01 -1.201346e+00
9.998542e-01 1.653483e-02 -4.258298e-03 4.695364e+01 -1.649006e-02 9.998106e-01 1.034367e-02 -4.568671e-01 4.428522e-03 -1.027194e-02 9.999374e-01 -1.233780e+00
9.998534e-01 1.643090e-02 -4.822755e-03 4.808353e+01 -1.638083e-02 9.998134e-01 1.024317e-02 -4.795359e-01 4.990159e-03 -1.016267e-02 9.999359e-01 -1.253334e+00
9.998601e-01 1.597856e-02 -4.943545e-03 4.922149e+01 -1.592944e-02 9.998250e-01 9.821561e-03 -5.069214e-01 5.099613e-03 -9.741439e-03 9.999396e-01 -1.306639e+00
9.998625e-01 1.564762e-02 -5.487554e-03 5.035521e+01 -1.559246e-02 9.998288e-01 9.955917e-03 -5.304219e-01 5.642401e-03 -9.868983e-03 9.999354e-01 -1.311906e+00
9.998733e-01 1.510853e-02 -5.013161e-03 5.151248e+01 -1.505305e-02 9.998270e-01 1.092654e-02 -5.536431e-01 5.177378e-03 -1.084969e-02 9.999278e-01 -1.354017e+00
9.998816e-01 1.446506e-02 -5.245876e-03 5.268904e+01 -1.440023e-02 9.998220e-01 1.219290e-02 -5.739129e-01 5.421313e-03 -1.211591e-02 9.999119e-01 -1.375993e+00
9.998845e-01 1.442263e-02 -4.801387e-03 5.385170e+01 -1.436248e-02 9.998207e-01 1.233436e-02 -6.038808e-01 4.978420e-03 -1.226398e-02 9.999124e-01 -1.399305e+00
9.999054e-01 1.342838e-02 -2.972246e-03 5.503156e+01 -1.340445e-02 9.998786e-01 7.929854e-03 -6.282330e-01 3.078371e-03 -7.889263e-03 9.999641e-01 -1.436888e+00
9.999081e-01 1.351695e-02 1.016722e-03 5.622509e+01 -1.352685e-02 9.998538e-01 1.045264e-02 -6.610856e-01 -8.752857e-04 -1.046543e-02 9.999449e-01 -1.449195e+00
9.999223e-01 1.215554e-02 2.771747e-03 5.740742e+01 -1.219094e-02 9.998393e-01 1.313271e-02 -6.823869e-01 -2.611666e-03 -1.316548e-02 9.999099e-01 -1.511141e+00
9.999353e-01 1.079907e-02 3.569338e-03 5.861504e+01 -1.085325e-02 9.998206e-01 1.552672e-02 -7.120283e-01 -3.401024e-03 -1.556446e-02 9.998731e-01 -1.531445e+00
9.999516e-01 9.513804e-03 2.514178e-03 5.982442e+01 -9.547719e-03 9.998585e-01 1.384082e-02 -7.521203e-01 -2.382143e-03 -1.386416e-02 9.999011e-01 -1.571905e+00
9.999492e-01 9.374559e-03 3.698763e-03 6.106642e+01 -9.419078e-03 9.998813e-01 1.220835e-02 -7.769682e-01 -3.583876e-03 -1.224257e-02 9.999186e-01 -1.595954e+00
9.999497e-01 9.176895e-03 4.044106e-03 6.229481e+01 -9.231606e-03 9.998631e-01 1.372442e-02 -8.031540e-01 -3.917605e-03 -1.376107e-02 9.998977e-01 -1.635431e+00
9.999515e-01 8.696362e-03 4.620208e-03 6.353318e+01 -8.758113e-03 9.998702e-01 1.351758e-02 -8.140236e-01 -4.502055e-03 -1.355738e-02 9.998980e-01 -1.663057e+00
9.999565e-01 8.205356e-03 4.440762e-03 6.478793e+01 -8.269183e-03 9.998598e-01 1.455067e-02 -8.368725e-01 -4.320746e-03 -1.458676e-02 9.998842e-01 -1.699321e+00
9.999582e-01 7.486340e-03 5.250538e-03 6.605338e+01 -7.545640e-03 9.999070e-01 1.136670e-02 -8.395814e-01 -5.164954e-03 -1.140584e-02 9.999216e-01 -1.729030e+00
9.999635e-01 6.411367e-03 5.653378e-03 6.731676e+01 -6.498143e-03 9.998593e-01 1.546708e-02 -8.665347e-01 -5.553417e-03 -1.550325e-02 9.998644e-01 -1.751143e+00
9.999654e-01 5.843070e-03 5.916482e-03 6.860494e+01 -5.933206e-03 9.998649e-01 1.533361e-02 -8.873792e-01 -5.826087e-03 -1.536819e-02 9.998649e-01 -1.808271e+00
9.999784e-01 5.388767e-03 3.755179e-03 6.987623e+01 -5.440345e-03 9.998891e-01 1.386312e-02 -8.979738e-01 -3.680057e-03 -1.388325e-02 9.998968e-01 -1.875357e+00
9.999830e-01 5.283325e-03 2.476517e-03 7.117844e+01 -5.316461e-03 9.998938e-01 1.357029e-02 -9.107364e-01 -2.404558e-03 -1.358323e-02 9.999049e-01 -1.832768e+00
9.999850e-01 4.617418e-03 2.954618e-03 7.246689e+01 -4.673230e-03 9.998055e-01 1.917040e-02 -9.322153e-01 -2.865525e-03 -1.918392e-02 9.998119e-01 -1.922196e+00
9.999876e-01 4.958084e-03 4.099469e-04 7.379311e+01 -4.964359e-03 9.998420e-01 1.706522e-02 -9.577422e-01 -3.252713e-04 -1.706704e-02 9.998543e-01 -1.916476e+00
9.999877e-01 4.529548e-03 2.027381e-03 7.511813e+01 -4.567400e-03 9.998077e-01 1.907213e-02 -9.818112e-01 -1.940603e-03 -1.908116e-02 9.998161e-01 -1.994079e+00
9.999843e-01 4.368923e-03 3.498180e-03 7.645959e+01 -4.415677e-03 9.998994e-01 1.347109e-02 -9.950004e-01 -3.438974e-03 -1.348633e-02 9.999031e-01 -2.011040e+00
9.999844e-01 4.096243e-03 3.807156e-03 7.779955e+01 -4.155414e-03 9.998686e-01 1.566636e-02 -1.016230e+00 -3.742483e-03 -1.568194e-02 9.998700e-01 -2.089050e+00
9.999827e-01 4.251530e-03 4.058323e-03 7.916441e+01 -4.304803e-03 9.999034e-01 1.320944e-02 -1.030805e+00 -4.001771e-03 -1.322668e-02 9.999045e-01 -2.092208e+00
9.999912e-01 3.470183e-03 2.372433e-03 8.051496e+01 -3.503783e-03 9.998914e-01 1.430849e-02 -1.040564e+00 -2.322523e-03 -1.431667e-02 9.998948e-01 -2.174432e+00
9.999909e-01 4.087428e-03 1.254678e-03 8.189239e+01 -4.103811e-03 9.999025e-01 1.334532e-02 -1.071162e+00 -1.200008e-03 -1.335035e-02 9.999102e-01 -2.154589e+00
9.999941e-01 3.429198e-03 -1.834738e-04 8.326910e+01 -3.425241e-03 9.998248e-01 1.840325e-02 -1.062845e+00 2.465500e-04 -1.840251e-02 9.998306e-01 -2.247560e+00
9.999868e-01 4.670881e-03 -2.119935e-03 8.464693e+01 -4.646180e-03 9.999229e-01 1.151054e-02 -1.101748e+00 2.173536e-03 -1.150054e-02 9.999315e-01 -2.261753e+00
9.999926e-01 3.559363e-03 -1.445810e-03 8.605028e+01 -3.537439e-03 9.998828e-01 1.489335e-02 -1.105249e+00 1.498652e-03 -1.488813e-02 9.998881e-01 -2.303036e+00
9.999897e-01 4.023938e-03 -2.068017e-03 8.745633e+01 -4.000906e-03 9.999311e-01 1.102356e-02 -1.131323e+00 2.112233e-03 -1.101517e-02 9.999371e-01 -2.305659e+00
9.999934e-01 3.595935e-03 -3.727300e-04 8.886727e+01 -3.588925e-03 9.998430e-01 1.735531e-02 -1.144464e+00 4.350800e-04 -1.735386e-02 9.998493e-01 -2.376747e+00
9.999868e-01 3.675484e-03 -3.606147e-03 9.030685e+01 -3.616694e-03 9.998626e-01 1.617588e-02 -1.157153e+00 3.665106e-03 -1.616262e-02 9.998627e-01 -2.386266e+00
9.999904e-01 4.361399e-03 -3.713623e-04 9.174080e+01 -4.354248e-03 9.998380e-01 1.746395e-02 -1.185502e+00 4.474694e-04 -1.746217e-02 9.998474e-01 -2.479175e+00
9.999866e-01 4.796017e-03 -1.938374e-03 9.318528e+01 -4.773750e-03 9.999244e-01 1.133311e-02 -1.194846e+00 1.992581e-03 -1.132370e-02 9.999339e-01 -2.493933e+00
9.999825e-01 5.903621e-03 2.997091e-04 9.463593e+01 -5.907028e-03 9.998975e-01 1.304561e-02 -1.211419e+00 -2.226620e-04 -1.304716e-02 9.999149e-01 -2.538825e+00
9.999747e-01 6.807403e-03 -2.062996e-03 9.608913e+01 -6.769017e-03 9.998137e-01 1.807488e-02 -1.225874e+00 2.185655e-03 -1.806046e-02 9.998345e-01 -2.557555e+00
9.999604e-01 8.891502e-03 -5.109872e-04 9.756430e+01 -8.877993e-03 9.997149e-01 2.216688e-02 -1.254009e+00 7.079384e-04 -2.216146e-02 9.997541e-01 -2.625731e+00
9.999427e-01 1.014440e-02 -3.411700e-03 9.904385e+01 -1.006608e-02 9.997020e-01 2.223851e-02 -1.274062e+00 3.636279e-03 -2.220289e-02 9.997469e-01 -2.672982e+00
9.999337e-01 1.132250e-02 -2.129812e-03 1.005371e+02 -1.128832e-02 9.998173e-01 1.542594e-02 -1.300049e+00 2.304083e-03 -1.540087e-02 9.998788e-01 -2.697065e+00
9.999135e-01 1.310231e-02 -1.186700e-03 1.020324e+02 -1.308696e-02 9.998409e-01 1.213252e-02 -1.338801e+00 1.345475e-03 -1.211594e-02 9.999257e-01 -2.765918e+00
9.998838e-01 1.523606e-02 4.848380e-04 1.035377e+02 -1.524110e-02 9.997979e-01 1.310181e-02 -1.370868e+00 -2.851201e-04 -1.310768e-02 9.999141e-01 -2.784189e+00
9.998472e-01 1.728510e-02 2.623016e-03 1.050474e+02 -1.732885e-02 9.996934e-01 1.769074e-02 -1.413612e+00 -2.316426e-03 -1.773349e-02 9.998401e-01 -2.835722e+00
9.998031e-01 1.953448e-02 3.475444e-03 1.065673e+02 -1.959332e-02 9.996498e-01 1.778853e-02 -1.453664e+00 -3.126737e-03 -1.785312e-02 9.998357e-01 -2.879276e+00
9.997281e-01 2.250904e-02 6.084358e-03 1.081087e+02 -2.259767e-02 9.996334e-01 1.491276e-02 -1.509626e+00 -5.746455e-03 -1.504620e-02 9.998703e-01 -2.914899e+00
9.996524e-01 2.522297e-02 7.670085e-03 1.096491e+02 -2.532866e-02 9.995810e-01 1.400944e-02 -1.555617e+00 -7.313511e-03 -1.419884e-02 9.998724e-01 -2.957235e+00
9.995943e-01 2.738561e-02 7.830678e-03 1.111868e+02 -2.749532e-02 9.995201e-01 1.426415e-02 -1.618638e+00 -7.436288e-03 -1.447367e-02 9.998676e-01 -3.012226e+00
9.995146e-01 2.994744e-02 8.579197e-03 1.127528e+02 -3.006723e-02 9.994471e-01 1.419194e-02 -1.686201e+00 -8.149442e-03 -1.444301e-02 9.998625e-01 -3.056566e+00
9.994155e-01 3.305543e-02 8.721119e-03 1.143286e+02 -3.317180e-02 9.993578e-01 1.355486e-02 -1.760103e+00 -8.267457e-03 -1.383623e-02 9.998701e-01 -3.097718e+00
9.993228e-01 3.528472e-02 1.043833e-02 1.158995e+02 -3.540308e-02 9.993083e-01 1.137993e-02 -1.829695e+00 -1.002957e-02 -1.174178e-02 9.998808e-01 -3.125098e+00
9.992294e-01 3.773632e-02 1.079907e-02 1.174824e+02 -3.786081e-02 9.992161e-01 1.156529e-02 -1.899121e+00 -1.035417e-02 -1.196524e-02 9.998748e-01 -3.169539e+00
9.991056e-01 4.069955e-02 1.147370e-02 1.190893e+02 -4.083695e-02 9.990938e-01 1.200629e-02 -1.995867e+00 -1.097465e-02 -1.246410e-02 9.998621e-01 -3.211263e+00
9.989902e-01 4.318155e-02 1.240222e-02 1.206952e+02 -4.331756e-02 9.990017e-01 1.091559e-02 -2.078478e+00 -1.191849e-02 -1.144180e-02 9.998635e-01 -3.252046e+00
9.988649e-01 4.566556e-02 1.354625e-02 1.222957e+02 -4.580275e-02 9.989005e-01 9.995837e-03 -2.171199e+00 -1.307489e-02 -1.060495e-02 9.998583e-01 -3.266924e+00
9.986868e-01 4.865234e-02 1.605158e-02 1.239296e+02 -4.881316e-02 9.987600e-01 9.784053e-03 -2.264203e+00 -1.555566e-02 -1.055473e-02 9.998233e-01 -3.333441e+00
9.985155e-01 5.075397e-02 1.976774e-02 1.255488e+02 -5.095746e-02 9.986514e-01 9.930281e-03 -2.368194e+00 -1.923708e-02 -1.092285e-02 9.997553e-01 -3.359591e+00
9.983359e-01 5.400182e-02 2.022934e-02 1.271840e+02 -5.425704e-02 9.984512e-01 1.228660e-02 -2.466615e+00 -1.953451e-02 -1.336374e-02 9.997199e-01 -3.391931e+00
9.981756e-01 5.628763e-02 2.184206e-02 1.288322e+02 -5.652028e-02 9.983495e-01 1.018402e-02 -2.572804e+00 -2.123278e-02 -1.139996e-02 9.997095e-01 -3.447540e+00
9.979844e-01 5.905749e-02 2.322254e-02 1.304919e+02 -5.934824e-02 9.981647e-01 1.203619e-02 -2.701697e+00 -2.246909e-02 -1.339015e-02 9.996579e-01 -3.470663e+00
9.977563e-01 6.201099e-02 2.523907e-02 1.321473e+02 -6.235255e-02 9.979697e-01 1.297806e-02 -2.825552e+00 -2.438305e-02 -1.452266e-02 9.995972e-01 -3.527060e+00
9.975188e-01 6.486420e-02 2.736593e-02 1.338092e+02 -6.522164e-02 9.977942e-01 1.237688e-02 -2.950805e+00 -2.650274e-02 -1.413102e-02 9.995489e-01 -3.564631e+00
9.973323e-01 6.699044e-02 2.899246e-02 1.354735e+02 -6.739870e-02 9.976368e-01 1.334021e-02 -3.073921e+00 -2.803028e-02 -1.525868e-02 9.994906e-01 -3.609450e+00
9.970751e-01 6.922227e-02 3.239658e-02 1.371448e+02 -6.969006e-02 9.974769e-01 1.353874e-02 -3.215423e+00 -3.137765e-02 -1.575686e-02 9.993834e-01 -3.649671e+00
9.968899e-01 7.160553e-02 3.290957e-02 1.388215e+02 -7.219743e-02 9.972427e-01 1.716232e-02 -3.349165e+00 -3.158991e-02 -1.948493e-02 9.993110e-01 -3.712225e+00
9.967440e-01 7.373190e-02 3.263566e-02 1.405094e+02 -7.430190e-02 9.970975e-01 1.661017e-02 -3.492259e+00 -3.131624e-02 -1.898097e-02 9.993293e-01 -3.761184e+00
9.965464e-01 7.589471e-02 3.369374e-02 1.422093e+02 -7.638200e-02 9.969883e-01 1.341655e-02 -3.639918e+00 -3.257402e-02 -1.594381e-02 9.993421e-01 -3.805360e+00
9.963194e-01 7.759372e-02 3.642682e-02 1.438995e+02 -7.805362e-02 9.968843e-01 1.137543e-02 -3.793185e+00 -3.543066e-02 -1.417680e-02 9.992716e-01 -3.856345e+00
9.961330e-01 7.878632e-02 3.888272e-02 1.456104e+02 -7.939049e-02 9.967418e-01 1.424452e-02 -3.944121e+00 -3.763376e-02 -1.727636e-02 9.991422e-01 -3.892506e+00
9.960080e-01 8.058584e-02 3.839276e-02 1.473190e+02 -8.135697e-02 9.965047e-01 1.896253e-02 -4.102156e+00 -3.673045e-02 -2.201035e-02 9.990828e-01 -3.953013e+00
9.958352e-01 8.226798e-02 3.929736e-02 1.490280e+02 -8.308512e-02 9.963491e-01 1.963116e-02 -4.266193e+00 -3.753887e-02 -2.281443e-02 9.990347e-01 -4.006611e+00
9.957014e-01 8.418515e-02 3.862016e-02 1.507325e+02 -8.505738e-02 9.961436e-01 2.152408e-02 -4.429270e+00 -3.665921e-02 -2.471649e-02 9.990221e-01 -4.070605e+00
9.956471e-01 8.574782e-02 3.652770e-02 1.524555e+02 -8.649562e-02 9.960631e-01 1.940596e-02 -4.595931e+00 -3.471988e-02 -2.248097e-02 9.991442e-01 -4.127329e+00
9.954235e-01 8.759452e-02 3.820041e-02 1.541883e+02 -8.824310e-02 9.959762e-01 1.563280e-02 -4.767639e+00 -3.667736e-02 -1.893218e-02 9.991478e-01 -4.184531e+00
9.952009e-01 8.910134e-02 4.044857e-02 1.559118e+02 -8.981796e-02 9.958256e-01 1.625565e-02 -4.933390e+00 -3.883131e-02 -1.981064e-02 9.990494e-01 -4.230674e+00
9.950252e-01 9.103283e-02 4.047232e-02 1.576515e+02 -9.178589e-02 9.956311e-01 1.715126e-02 -5.114550e+00 -3.873418e-02 -2.078072e-02 9.990335e-01 -4.300495e+00
9.949099e-01 9.269355e-02 3.952289e-02 1.593892e+02 -9.343071e-02 9.954767e-01 1.722730e-02 -5.297675e+00 -3.774726e-02 -2.083226e-02 9.990702e-01 -4.334546e+00
9.947441e-01 9.421414e-02 4.009756e-02 1.611317e+02 -9.496646e-02 9.953303e-01 1.728600e-02 -5.482071e+00 -3.828174e-02 -2.100307e-02 9.990462e-01 -4.398052e+00
9.945834e-01 9.586541e-02 4.016940e-02 1.628922e+02 -9.658231e-02 9.951916e-01 1.629910e-02 -5.669316e+00 -3.841373e-02 -2.009046e-02 9.990599e-01 -4.435420e+00
9.942732e-01 9.780689e-02 4.306492e-02 1.646521e+02 -9.854006e-02 9.950163e-01 1.523926e-02 -5.858128e+00 -4.135979e-02 -1.939561e-02 9.989560e-01 -4.510819e+00
9.940640e-01 9.905067e-02 4.500910e-02 1.664251e+02 -9.992470e-02 9.948392e-01 1.759727e-02 -6.066615e+00 -4.303380e-02 -2.199033e-02 9.988316e-01 -4.563290e+00
9.939908e-01 1.003330e-01 4.376818e-02 1.681985e+02 -1.012771e-01 9.946591e-01 1.990923e-02 -6.259475e+00 -4.153686e-02 -2.422231e-02 9.988433e-01 -4.634554e+00
9.938805e-01 1.019327e-01 4.255855e-02 1.699871e+02 -1.027682e-01 9.945439e-01 1.792157e-02 -6.465321e+00 -4.049956e-02 -2.218557e-02 9.989332e-01 -4.679910e+00
9.936548e-01 1.038106e-01 4.328217e-02 1.717670e+02 -1.047586e-01 9.942918e-01 2.023587e-02 -6.670476e+00 -4.093441e-02 -2.464165e-02 9.988579e-01 -4.750689e+00
9.936134e-01 1.050434e-01 4.120968e-02 1.735557e+02 -1.059836e-01 9.941392e-01 2.133061e-02 -6.883572e+00 -3.872751e-02 -2.556193e-02 9.989228e-01 -4.783881e+00
9.933836e-01 1.064765e-01 4.303193e-02 1.753455e+02 -1.074062e-01 9.940159e-01 1.989684e-02 -7.087418e+00 -4.065588e-02 -2.438710e-02 9.988756e-01 -4.849616e+00
9.932861e-01 1.073271e-01 4.316868e-02 1.771465e+02 -1.081889e-01 9.939648e-01 1.814070e-02 -7.299777e+00 -4.096116e-02 -2.268928e-02 9.989031e-01 -4.896356e+00
9.930291e-01 1.091918e-01 4.439004e-02 1.789492e+02 -1.101983e-01 9.936900e-01 2.089059e-02 -7.517152e+00 -4.182886e-02 -2.563667e-02 9.987958e-01 -4.988587e+00
9.930255e-01 1.105953e-01 4.085246e-02 1.807511e+02 -1.116831e-01 9.934199e-01 2.537313e-02 -7.732218e+00 -3.777749e-02 -2.975869e-02 9.988430e-01 -5.074774e+00
9.930373e-01 1.121977e-01 3.589654e-02 1.825710e+02 -1.130708e-01 9.933140e-01 2.328729e-02 -7.957560e+00 -3.304376e-02 -2.718400e-02 9.990842e-01 -5.111135e+00
9.928932e-01 1.135891e-01 3.550360e-02 1.843958e+02 -1.144082e-01 9.931914e-01 2.195171e-02 -8.189007e+00 -3.276839e-02 -2.585761e-02 9.991284e-01 -5.195261e+00
9.928228e-01 1.146424e-01 3.405925e-02 1.862318e+02 -1.153885e-01 9.931024e-01 2.080542e-02 -8.412346e+00 -3.143914e-02 -2.458614e-02 9.992032e-01 -5.281871e+00
9.926387e-01 1.161533e-01 3.430510e-02 1.880531e+02 -1.170220e-01 9.928271e-01 2.449750e-02 -8.644021e+00 -3.121356e-02 -2.833162e-02 9.991111e-01 -5.323634e+00
9.926308e-01 1.173426e-01 3.024649e-02 1.898840e+02 -1.180242e-01 9.927708e-01 2.182747e-02 -8.880830e+00 -2.746654e-02 -2.523644e-02 9.993041e-01 -5.393392e+00
9.923994e-01 1.183714e-01 3.363933e-02 1.917176e+02 -1.191673e-01 9.926140e-01 2.272501e-02 -9.115253e+00 -3.070088e-02 -2.656099e-02 9.991757e-01 -5.453872e+00
9.923853e-01 1.193165e-01 3.057841e-02 1.935712e+02 -1.199783e-01 9.925586e-01 2.080185e-02 -9.353838e+00 -2.786886e-02 -2.431220e-02 9.993159e-01 -5.501013e+00
9.920236e-01 1.211147e-01 3.493280e-02 1.954270e+02 -1.219291e-01 9.922905e-01 2.220289e-02 -9.603562e+00 -3.197439e-02 -2.628512e-02 9.991430e-01 -5.611406e+00
9.920236e-01 1.220618e-01 3.146408e-02 1.972756e+02 -1.228091e-01 9.921632e-01 2.302064e-02 -9.843422e+00 -2.840757e-02 -2.670110e-02 9.992397e-01 -5.643882e+00
9.916982e-01 1.239493e-01 3.422281e-02 1.991281e+02 -1.249044e-01 9.917921e-01 2.733901e-02 -1.008811e+01 -3.055326e-02 -3.138663e-02 9.990402e-01 -5.761807e+00
9.917608e-01 1.251044e-01 2.755834e-02 2.009828e+02 -1.258603e-01 9.916625e-01 2.765045e-02 -1.034464e+01 -2.386938e-02 -3.089113e-02 9.992377e-01 -5.794049e+00
9.915022e-01 1.268605e-01 2.880835e-02 2.028714e+02 -1.275937e-01 9.915059e-01 2.522074e-02 -1.060027e+01 -2.536413e-02 -2.868218e-02 9.992667e-01 -5.886683e+00
9.914264e-01 1.281067e-01 2.573624e-02 2.047409e+02 -1.287700e-01 9.913332e-01 2.601432e-02 -1.085204e+01 -2.218058e-02 -2.910534e-02 9.993302e-01 -5.972351e+00
9.911003e-01 1.301087e-01 2.814018e-02 2.066361e+02 -1.308073e-01 9.911027e-01 2.459368e-02 -1.112503e+01 -2.468996e-02 -2.805575e-02 9.993014e-01 -6.050197e+00
9.910691e-01 1.307440e-01 2.622845e-02 2.085164e+02 -1.314121e-01 9.909970e-01 2.560739e-02 -1.138867e+01 -2.264430e-02 -2.882543e-02 9.993280e-01 -6.124620e+00
9.908300e-01 1.323394e-01 2.724293e-02 2.103983e+02 -1.330753e-01 9.907315e-01 2.724283e-02 -1.165312e+01 -2.338512e-02 -3.061837e-02 9.992576e-01 -6.194383e+00
9.906934e-01 1.340021e-01 2.387268e-02 2.122953e+02 -1.347000e-01 9.904163e-01 3.051761e-02 -1.192519e+01 -1.955447e-02 -3.344925e-02 9.992491e-01 -6.288102e+00
9.905140e-01 1.354823e-01 2.294825e-02 2.141952e+02 -1.361327e-01 9.902470e-01 2.965104e-02 -1.220456e+01 -1.870724e-02 -3.249377e-02 9.992968e-01 -6.360040e+00
9.903958e-01 1.366636e-01 2.095586e-02 2.161011e+02 -1.372672e-01 9.900572e-01 3.073477e-02 -1.247852e+01 -1.654718e-02 -3.331614e-02 9.993079e-01 -6.467860e+00
9.902841e-01 1.378930e-01 1.796607e-02 2.180062e+02 -1.383910e-01 9.899145e-01 3.028370e-02 -1.275685e+01 -1.360896e-02 -3.247581e-02 9.993799e-01 -6.545173e+00
9.901804e-01 1.390505e-01 1.441570e-02 2.199226e+02 -1.394342e-01 9.897662e-01 3.035143e-02 -1.303971e+01 -1.004779e-02 -3.206343e-02 9.994353e-01 -6.650055e+00
9.900829e-01 1.400043e-01 1.160646e-02 2.218535e+02 -1.402840e-01 9.897026e-01 2.844409e-02 -1.333411e+01 -7.504648e-03 -2.979021e-02 9.995280e-01 -6.735572e+00
9.901290e-01 1.397020e-01 1.130988e-02 2.237557e+02 -1.399596e-01 9.897990e-01 2.663348e-02 -1.362018e+01 -7.473753e-03 -2.795351e-02 9.995813e-01 -6.806175e+00
9.903705e-01 1.380985e-01 9.752661e-03 2.256904e+02 -1.383008e-01 9.900851e-01 2.458068e-02 -1.392784e+01 -6.261410e-03 -2.569278e-02 9.996503e-01 -6.859597e+00
9.905671e-01 1.365017e-01 1.200506e-02 2.276296e+02 -1.367645e-01 9.902929e-01 2.480865e-02 -1.419475e+01 -8.502101e-03 -2.621649e-02 9.996201e-01 -6.956420e+00
9.907054e-01 1.355948e-01 1.081413e-02 2.295627e+02 -1.358193e-01 9.904478e-01 2.379935e-02 -1.448600e+01 -7.483761e-03 -2.504691e-02 9.996583e-01 -7.017911e+00
9.908951e-01 1.342789e-01 9.803348e-03 2.314962e+02 -1.344689e-01 9.906656e-01 2.235268e-02 -1.475182e+01 -6.710347e-03 -2.346741e-02 9.997021e-01 -7.098972e+00
9.910125e-01 1.334570e-01 9.141218e-03 2.334550e+02 -1.336342e-01 9.907694e-01 2.275825e-02 -1.504624e+01 -6.019592e-03 -2.377529e-02 9.996992e-01 -7.170928e+00
9.911864e-01 1.322646e-01 7.456767e-03 2.354065e+02 -1.324091e-01 9.908954e-01 2.437447e-02 -1.532340e+01 -4.164998e-03 -2.514699e-02 9.996751e-01 -7.247507e+00
9.914007e-01 1.306543e-01 7.355051e-03 2.373703e+02 -1.307894e-01 9.911517e-01 2.263857e-02 -1.560375e+01 -4.332145e-03 -2.340586e-02 9.997166e-01 -7.284540e+00
9.915421e-01 1.295063e-01 8.504643e-03 2.393408e+02 -1.296763e-01 9.912651e-01 2.403380e-02 -1.587473e+01 -5.317828e-03 -2.493337e-02 9.996750e-01 -7.385087e+00
9.917361e-01 1.279426e-01 9.499202e-03 2.413048e+02 -1.281535e-01 9.913986e-01 2.656520e-02 -1.614880e+01 -6.018674e-03 -2.756302e-02 9.996020e-01 -7.455480e+00
9.917756e-01 1.275506e-01 1.058521e-02 2.432989e+02 -1.277868e-01 9.914637e-01 2.589305e-02 -1.642806e+01 -7.192177e-03 -2.703275e-02 9.996087e-01 -7.536697e+00
9.919738e-01 1.260529e-01 9.929528e-03 2.452666e+02 -1.262450e-01 9.917563e-01 2.194792e-02 -1.671383e+01 -7.081072e-03 -2.302531e-02 9.997098e-01 -7.602857e+00
9.921076e-01 1.248304e-01 1.182931e-02 2.472476e+02 -1.250771e-01 9.918778e-01 2.311195e-02 -1.696722e+01 -8.848152e-03 -2.440912e-02 9.996629e-01 -7.726220e+00
9.922465e-01 1.240874e-01 7.017230e-03 2.492488e+02 -1.242165e-01 9.919955e-01 2.269673e-02 -1.724360e+01 -4.144683e-03 -2.339240e-02 9.997178e-01 -7.779922e+00
9.923217e-01 1.233771e-01 8.701029e-03 2.512417e+02 -1.235502e-01 9.920617e-01 2.343257e-02 -1.752731e+01 -5.740915e-03 -2.432766e-02 9.996876e-01 -7.837842e+00
9.924995e-01 1.221193e-01 5.626818e-03 2.532516e+02 -1.222185e-01 9.922270e-01 2.341981e-02 -1.778887e+01 -2.723070e-03 -2.393186e-02 9.997099e-01 -7.919554e+00
9.926947e-01 1.204780e-01 6.497465e-03 2.552609e+02 -1.205907e-01 9.924735e-01 2.131125e-02 -1.803699e+01 -3.881025e-03 -2.193910e-02 9.997517e-01 -7.990740e+00
9.928183e-01 1.195588e-01 4.182857e-03 2.572729e+02 -1.196223e-01 9.925756e-01 2.200548e-02 -1.830243e+01 -1.520853e-03 -2.234781e-02 9.997491e-01 -8.082293e+00
9.929131e-01 1.187026e-01 5.775793e-03 2.592990e+02 -1.187981e-01 9.927011e-01 2.077780e-02 -1.856291e+01 -3.267258e-03 -2.131670e-02 9.997674e-01 -8.123308e+00
9.930781e-01 1.173987e-01 3.664927e-03 2.613140e+02 -1.174530e-01 9.927886e-01 2.399275e-02 -1.881921e+01 -8.217813e-04 -2.425713e-02 9.997054e-01 -8.234015e+00
9.931660e-01 1.166657e-01 3.214540e-03 2.633586e+02 -1.167092e-01 9.928840e-01 2.366533e-02 -1.907446e+01 -4.307328e-04 -2.387877e-02 9.997148e-01 -8.281759e+00
9.932440e-01 1.160314e-01 1.769396e-03 2.653868e+02 -1.160404e-01 9.929556e-01 2.395213e-02 -1.933910e+01 1.022268e-03 -2.399563e-02 9.997115e-01 -8.389754e+00
9.932741e-01 1.157727e-01 1.787654e-03 2.674399e+02 -1.157836e-01 9.930212e-01 2.242555e-02 -1.959801e+01 8.210888e-04 -2.248170e-02 9.997469e-01 -8.441349e+00
9.932483e-01 1.158733e-01 5.591588e-03 2.694853e+02 -1.159800e-01 9.929141e-01 2.589407e-02 -1.986072e+01 -2.551535e-03 -2.636775e-02 9.996490e-01 -8.523828e+00
9.933406e-01 1.151966e-01 2.070844e-03 2.715366e+02 -1.152031e-01 9.928164e-01 3.230597e-02 -2.011582e+01 1.665569e-03 -3.232940e-02 9.994759e-01 -8.624197e+00
9.933097e-01 1.154786e-01 6.405287e-04 2.735908e+02 -1.154310e-01 9.927075e-01 3.475278e-02 -2.036189e+01 3.377347e-03 -3.459421e-02 9.993957e-01 -8.740195e+00
9.933617e-01 1.149793e-01 -3.522740e-03 2.756368e+02 -1.148155e-01 9.928993e-01 3.111821e-02 -2.062310e+01 7.075678e-03 -3.050717e-02 9.995095e-01 -8.843235e+00
9.933934e-01 1.147576e-01 4.726201e-04 2.777326e+02 -1.147327e-01 9.930739e-01 2.531073e-02 -2.089044e+01 2.435251e-03 -2.519774e-02 9.996795e-01 -8.899719e+00
9.934591e-01 1.141446e-01 3.163873e-03 2.798054e+02 -1.141881e-01 9.931408e-01 2.514755e-02 -2.113995e+01 -2.717143e-04 -2.534434e-02 9.996787e-01 -9.024820e+00
9.935657e-01 1.131706e-01 4.428834e-03 2.818779e+02 -1.132440e-01 9.932870e-01 2.359171e-02 -2.139584e+01 -1.729217e-03 -2.394145e-02 9.997119e-01 -9.074281e+00
9.935619e-01 1.131949e-01 4.648501e-03 2.839609e+02 -1.132788e-01 9.932094e-01 2.652052e-02 -2.164949e+01 -1.614947e-03 -2.687635e-02 9.996375e-01 -9.157540e+00
9.935746e-01 1.131794e-01 2.359175e-04 2.860547e+02 -1.131500e-01 9.932644e-01 2.496053e-02 -2.190874e+01 2.590689e-03 -2.482684e-02 9.996884e-01 -9.253613e+00
9.935845e-01 1.130683e-01 2.329625e-03 2.881537e+02 -1.130920e-01 9.933220e-01 2.283428e-02 -2.216889e+01 2.677654e-04 -2.295125e-02 9.997365e-01 -9.330129e+00
9.936568e-01 1.124387e-01 1.899736e-03 2.902535e+02 -1.124529e-01 9.934003e-01 2.258563e-02 -2.242461e+01 6.523016e-04 -2.265600e-02 9.997431e-01 -9.390701e+00
9.936604e-01 1.122441e-01 6.349003e-03 2.923336e+02 -1.123714e-01 9.933345e-01 2.567405e-02 -2.268926e+01 -3.424922e-03 -2.622473e-02 9.996502e-01 -9.481133e+00
9.937871e-01 1.111864e-01 4.974432e-03 2.944297e+02 -1.112756e-01 9.934860e-01 2.456456e-02 -2.293836e+01 -2.210784e-03 -2.496547e-02 9.996859e-01 -9.541651e+00
9.936951e-01 1.116961e-01 9.693131e-03 2.965413e+02 -1.119228e-01 9.933414e-01 2.731284e-02 -2.320633e+01 -6.577851e-03 -2.822552e-02 9.995800e-01 -9.648949e+00
9.937440e-01 1.114678e-01 6.920842e-03 2.986749e+02 -1.116081e-01 9.934340e-01 2.514636e-02 -2.346603e+01 -4.072393e-03 -2.576146e-02 9.996598e-01 -9.730149e+00
9.937441e-01 1.112667e-01 9.607894e-03 3.008148e+02 -1.114592e-01 9.935124e-01 2.258392e-02 -2.372552e+01 -7.032722e-03 -2.351353e-02 9.996988e-01 -9.827489e+00
9.937407e-01 1.113120e-01 9.433394e-03 3.029328e+02 -1.115098e-01 9.934736e-01 2.399072e-02 -2.398397e+01 -6.701374e-03 -2.489247e-02 9.996676e-01 -9.907269e+00
9.937199e-01 1.115862e-01 8.323563e-03 3.050449e+02 -1.117568e-01 9.934443e-01 2.405372e-02 -2.424792e+01 -5.584933e-03 -2.483288e-02 9.996760e-01 -1.000174e+01
9.937382e-01 1.114450e-01 8.026927e-03 3.071990e+02 -1.116071e-01 9.934666e-01 2.382593e-02 -2.450670e+01 -5.319202e-03 -2.457260e-02 9.996839e-01 -1.008472e+01
9.937668e-01 1.111902e-01 8.017552e-03 3.093342e+02 -1.113546e-01 9.934837e-01 2.430293e-02 -2.475456e+01 -5.263058e-03 -2.504423e-02 9.996725e-01 -1.017509e+01
9.937497e-01 1.114694e-01 6.005662e-03 3.114603e+02 -1.115836e-01 9.934572e-01 2.432825e-02 -2.502111e+01 -3.254514e-03 -2.484633e-02 9.996860e-01 -1.025096e+01
9.937240e-01 1.117454e-01 5.043958e-03 3.136081e+02 -1.118350e-01 9.934363e-01 2.401947e-02 -2.528034e+01 -2.326787e-03 -2.443282e-02 9.996988e-01 -1.033779e+01
9.938188e-01 1.109904e-01 2.302598e-03 3.157442e+02 -1.110134e-01 9.935138e-01 2.462108e-02 -2.553776e+01 4.450408e-04 -2.472451e-02 9.996942e-01 -1.042603e+01
9.937470e-01 1.115454e-01 4.948635e-03 3.178802e+02 -1.116329e-01 9.934574e-01 2.408824e-02 -2.579748e+01 -2.229326e-03 -2.449004e-02 9.996976e-01 -1.049504e+01
9.937684e-01 1.114047e-01 3.652912e-03 3.200135e+02 -1.114622e-01 9.934264e-01 2.607238e-02 -2.605400e+01 -7.243153e-04 -2.631707e-02 9.996534e-01 -1.061088e+01
9.936781e-01 1.121922e-01 4.092190e-03 3.221682e+02 -1.122621e-01 9.933082e-01 2.712785e-02 -2.631144e+01 -1.021273e-03 -2.741575e-02 9.996236e-01 -1.069372e+01
9.935290e-01 1.135533e-01 2.385882e-03 3.242992e+02 -1.135767e-01 9.931841e-01 2.618089e-02 -2.657051e+01 6.033051e-04 -2.628246e-02 9.996544e-01 -1.078379e+01
9.932885e-01 1.156458e-01 2.038396e-03 3.264445e+02 -1.156596e-01 9.929494e-01 2.596870e-02 -2.683811e+01 9.791465e-04 -2.603018e-02 9.996607e-01 -1.088979e+01
9.930764e-01 1.174615e-01 -1.387788e-03 3.285756e+02 -1.173896e-01 9.927663e-01 2.519148e-02 -2.710067e+01 4.336778e-03 -2.485416e-02 9.996817e-01 -1.097069e+01
9.928496e-01 1.193701e-01 -6.313546e-04 3.307131e+02 -1.193142e-01 9.925209e-01 2.581256e-02 -2.737688e+01 3.707881e-03 -2.555266e-02 9.996666e-01 -1.107407e+01
9.926659e-01 1.208829e-01 -1.348622e-03 3.328347e+02 -1.208018e-01 9.923036e-01 2.721033e-02 -2.765112e+01 4.627505e-03 -2.684784e-02 9.996288e-01 -1.115066e+01
9.923468e-01 1.234612e-01 2.280634e-03 3.349712e+02 -1.234791e-01 9.920188e-01 2.552736e-02 -2.793855e+01 8.892073e-04 -2.561361e-02 9.996715e-01 -1.126609e+01
9.921834e-01 1.247862e-01 7.073720e-04 3.370868e+02 -1.247607e-01 9.918292e-01 2.664118e-02 -2.822715e+01 2.622859e-03 -2.652119e-02 9.996448e-01 -1.137435e+01
9.919793e-01 1.263993e-01 5.623454e-04 3.392296e+02 -1.263702e-01 9.916338e-01 2.633082e-02 -2.851733e+01 2.770557e-03 -2.619070e-02 9.996531e-01 -1.143894e+01
9.917485e-01 1.280446e-01 -6.290605e-03 3.413186e+02 -1.278716e-01 9.915286e-01 2.279698e-02 -2.879049e+01 9.156344e-03 -2.180448e-02 9.997203e-01 -1.155524e+01
9.915166e-01 1.298922e-01 -4.773714e-03 3.434503e+02 -1.297664e-01 9.913242e-01 2.089660e-02 -2.909049e+01 7.446603e-03 -2.009985e-02 9.997702e-01 -1.162754e+01
9.913512e-01 1.310164e-01 -7.581671e-03 3.455695e+02 -1.307680e-01 9.910415e-01 2.713077e-02 -2.938412e+01 1.106833e-02 -2.590468e-02 9.996032e-01 -1.170771e+01
9.911886e-01 1.323879e-01 -4.312737e-03 3.476936e+02 -1.322507e-01 9.909332e-01 2.369205e-02 -2.968609e+01 7.410174e-03 -2.291293e-02 9.997100e-01 -1.178505e+01
9.910374e-01 1.335230e-01 -4.064762e-03 3.498047e+02 -1.333649e-01 9.906926e-01 2.723361e-02 -2.999751e+01 7.663244e-03 -2.644743e-02 9.996209e-01 -1.189538e+01
9.910195e-01 1.336854e-01 -2.930250e-03 3.518987e+02 -1.335839e-01 9.907711e-01 2.298026e-02 -3.030071e+01 5.975331e-03 -2.238245e-02 9.997316e-01 -1.195776e+01
9.909772e-01 1.340300e-01 -2.456389e-04 3.540195e+02 -1.339804e-01 9.906571e-01 2.545149e-02 -3.060593e+01 3.654608e-03 -2.518894e-02 9.996760e-01 -1.207338e+01
9.910715e-01 1.333263e-01 1.170344e-03 3.561350e+02 -1.333164e-01 9.907899e-01 2.370866e-02 -3.092644e+01 2.001423e-03 -2.365300e-02 9.997182e-01 -1.213994e+01
9.912260e-01 1.320783e-01 5.135494e-03 3.582200e+02 -1.321681e-01 9.908810e-01 2.619872e-02 -3.122748e+01 -1.628380e-03 -2.664760e-02 9.996436e-01 -1.225218e+01
9.913151e-01 1.314609e-01 3.540287e-03 3.603239e+02 -1.315085e-01 9.909562e-01 2.666630e-02 -3.153047e+01 -2.694083e-06 -2.690028e-02 9.996381e-01 -1.232769e+01
9.914452e-01 1.303775e-01 6.166787e-03 3.624615e+02 -1.304930e-01 9.911261e-01 2.531372e-02 -3.183201e+01 -2.811723e-03 -2.590189e-02 9.996606e-01 -1.243217e+01
9.914957e-01 1.298881e-01 8.084141e-03 3.645425e+02 -1.300431e-01 9.912380e-01 2.315180e-02 -3.213246e+01 -5.006165e-03 -2.400619e-02 9.996993e-01 -1.252265e+01
9.916157e-01 1.285489e-01 1.317062e-02 3.666455e+02 -1.288408e-01 9.913644e-01 2.442789e-02 -3.242081e+01 -9.916708e-03 -2.592000e-02 9.996148e-01 -1.259426e+01
9.917372e-01 1.277531e-01 1.168077e-02 3.687533e+02 -1.280323e-01 9.913881e-01 2.752185e-02 -3.271948e+01 -8.064176e-03 -2.878996e-02 9.995530e-01 -1.270545e+01
9.917932e-01 1.272335e-01 1.256773e-02 3.708343e+02 -1.275301e-01 9.914777e-01 2.660214e-02 -3.300307e+01 -9.075942e-03 -2.798659e-02 9.995671e-01 -1.279633e+01
9.918433e-01 1.270410e-01 1.036165e-02 3.729455e+02 -1.272743e-01 9.915181e-01 2.632636e-02 -3.329522e+01 -6.929241e-03 -2.743040e-02 9.995997e-01 -1.288670e+01
9.918754e-01 1.267321e-01 1.104935e-02 3.750345e+02 -1.269749e-01 9.915886e-01 2.508378e-02 -3.358469e+01 -7.777490e-03 -2.628298e-02 9.996243e-01 -1.298551e+01
9.919586e-01 1.262734e-01 8.559060e-03 3.771321e+02 -1.264658e-01 9.915788e-01 2.789359e-02 -3.387319e+01 -4.964762e-03 -2.875172e-02 9.995742e-01 -1.308588e+01
9.918345e-01 1.273908e-01 5.995138e-03 3.791965e+02 -1.275072e-01 9.914693e-01 2.702902e-02 -3.415392e+01 -2.500749e-03 -2.757273e-02 9.996167e-01 -1.318045e+01
9.916734e-01 1.287577e-01 2.314731e-03 3.812870e+02 -1.287725e-01 9.912924e-01 2.751557e-02 -3.443194e+01 1.248266e-03 -2.758454e-02 9.996187e-01 -1.327673e+01
9.914412e-01 1.305528e-01 -5.309670e-04 3.833580e+02 -1.304902e-01 9.910767e-01 2.718690e-02 -3.472010e+01 4.075555e-03 -2.688492e-02 9.996302e-01 -1.336593e+01
9.912833e-01 1.316838e-01 -4.100502e-03 3.854493e+02 -1.315304e-01 9.909559e-01 2.657335e-02 -3.501179e+01 7.562695e-03 -2.580238e-02 9.996384e-01 -1.346475e+01
9.911554e-01 1.326752e-01 -2.887082e-03 3.875250e+02 -1.325675e-01 9.908782e-01 2.421198e-02 -3.530710e+01 6.073075e-03 -2.361510e-02 9.997027e-01 -1.354904e+01
9.910536e-01 1.334458e-01 -2.211537e-03 3.895512e+02 -1.333368e-01 9.906958e-01 2.725395e-02 -3.559806e+01 5.827885e-03 -2.671525e-02 9.996261e-01 -1.364275e+01
9.908330e-01 1.350914e-01 5.956091e-04 3.916470e+02 -1.350566e-01 9.904569e-01 2.747614e-02 -3.590848e+01 3.121865e-03 -2.730471e-02 9.996223e-01 -1.373167e+01
9.907994e-01 1.353067e-01 2.926863e-03 3.936921e+02 -1.353343e-01 9.903702e-01 2.918017e-02 -3.620861e+01 1.049596e-03 -2.930781e-02 9.995699e-01 -1.382878e+01
9.906896e-01 1.360641e-01 4.545976e-03 3.957516e+02 -1.361389e-01 9.902595e-01 2.919730e-02 -3.651564e+01 -5.289933e-04 -2.954435e-02 9.995633e-01 -1.393314e+01
9.906039e-01 1.366346e-01 5.912338e-03 3.978149e+02 -1.367503e-01 9.901654e-01 2.952763e-02 -3.681424e+01 -1.819698e-03 -3.005870e-02 9.995465e-01 -1.403445e+01
9.904489e-01 1.377121e-01 6.811345e-03 3.998718e+02 -1.378479e-01 9.900790e-01 2.722544e-02 -3.712117e+01 -2.994499e-03 -2.790434e-02 9.996061e-01 -1.412957e+01
9.903234e-01 1.384343e-01 9.769630e-03 4.019138e+02 -1.386479e-01 9.899908e-01 2.636501e-02 -3.743018e+01 -6.022021e-03 -2.746442e-02 9.996046e-01 -1.422696e+01
9.902506e-01 1.389620e-01 9.652948e-03 4.039370e+02 -1.391755e-01 9.899020e-01 2.691338e-02 -3.773309e+01 -5.815533e-03 -2.799445e-02 9.995912e-01 -1.431483e+01
9.901347e-01 1.397461e-01 1.021052e-02 4.059764e+02 -1.399722e-01 9.898008e-01 2.649672e-02 -3.804078e+01 -6.403568e-03 -2.766451e-02 9.995968e-01 -1.440604e+01
9.900522e-01 1.403972e-01 9.233628e-03 4.080079e+02 -1.406078e-01 9.896491e-01 2.871207e-02 -3.834475e+01 -5.106957e-03 -2.972477e-02 9.995451e-01 -1.449943e+01
9.899212e-01 1.412869e-01 9.703671e-03 4.100450e+02 -1.415036e-01 9.895592e-01 2.737550e-02 -3.865536e+01 -5.734555e-03 -2.847269e-02 9.995781e-01 -1.459824e+01
9.898675e-01 1.416123e-01 1.040505e-02 4.120696e+02 -1.418480e-01 9.895133e-01 2.724980e-02 -3.896314e+01 -6.437025e-03 -2.844963e-02 9.995745e-01 -1.469604e+01
9.897248e-01 1.426518e-01 9.767855e-03 4.140875e+02 -1.428638e-01 9.893918e-01 2.634323e-02 -3.927550e+01 -5.906327e-03 -2.746801e-02 9.996052e-01 -1.477912e+01
9.896069e-01 1.433985e-01 1.073173e-02 4.161075e+02 -1.436436e-01 9.892511e-01 2.736248e-02 -3.959108e+01 -6.692636e-03 -2.861964e-02 9.995680e-01 -1.488577e+01
9.895380e-01 1.439204e-01 1.007426e-02 4.180974e+02 -1.441564e-01 9.891293e-01 2.901705e-02 -3.989537e+01 -5.788604e-03 -3.016574e-02 9.995282e-01 -1.496882e+01
9.894146e-01 1.447005e-01 1.097319e-02 4.200786e+02 -1.449571e-01 9.890392e-01 2.808740e-02 -4.020873e+01 -6.788656e-03 -2.938073e-02 9.995452e-01 -1.507940e+01
