1.000000e+00 0.000000e+00 0.000000e+00 0.000000e+00 0.000000e+00 1.000000e+00 0.000000e+00 0.000000e+00 0.000000e+00 0.000000e+00 1.000000e+00 0.000000e+00
9.994376e-01 -3.346577e-02 -2.123419e-03 6.027523e-01 3.346630e-02 9.994398e-01 2.193480e-04 7.580540e-02 2.114889e-03 -2.902876e-04 9.999977e-01 -2.193807e-02
9.985538e-01 -5.370483e-02 -2.494317e-03 9.484509e-01 5.370748e-02 9.985561e-01 1.006314e-03 1.069944e-01 2.436671e-03 -1.138822e-03 9.999964e-01 -2.026474e-02
9.972488e-01 -7.407929e-02 -2.658680e-03 1.300575e+00 7.408570e-02 9.972491e-01 2.398605e-03 1.577193e-01 2.473679e-03 -2.588977e-03 9.999936e-01 -3.606533e-02
9.955359e-01 -9.429444e-02 -4.119107e-03 1.653844e+00 9.430124e-02 9.955428e-01 1.486008e-03 2.091863e-01 3.960624e-03 -1.867811e-03 9.999904e-01 -5.047289e-02
9.935435e-01 -1.133923e-01 -3.674298e-03 2.002923e+00 1.133994e-01 9.935478e-01 1.779443e-03 2.603113e-01 3.448816e-03 -2.184617e-03 9.999917e-01 -4.567279e-02
9.912673e-01 -1.317728e-01 -5.008014e-03 2.344551e+00 1.317780e-01 9.912790e-01 7.160194e-04 3.123853e-01 4.869987e-03 -1.369712e-03 9.999872e-01 -6.368972e-02
9.888045e-01 -1.490833e-01 -6.304404e-03 2.686573e+00 1.490863e-01 9.888244e-01 9.461946e-07 3.715874e-01 6.233806e-03 -9.408355e-04 9.999802e-01 -7.549064e-02
9.863733e-01 -1.644127e-01 -6.018850e-03 3.022260e+00 1.644133e-01 9.863915e-01 -3.930285e-04 4.355878e-01 6.001561e-03 -6.019063e-04 9.999818e-01 -7.708069e-02
9.838049e-01 -1.790821e-01 -7.578771e-03 3.352177e+00 1.790753e-01 9.838340e-01 -1.583745e-03 5.025781e-01 7.739874e-03 2.009253e-04 9.999700e-01 -7.886950e-02
9.811875e-01 -1.928719e-01 -8.452172e-03 3.696325e+00 1.928601e-01 9.812237e-01 -2.194091e-03 5.684582e-01 8.716651e-03 5.227271e-04 9.999619e-01 -9.411823e-02
9.787447e-01 -2.049011e-01 -8.621826e-03 4.019472e+00 2.048935e-01 9.787827e-01 -1.772272e-03 6.339165e-01 8.802035e-03 -3.195362e-05 9.999613e-01 -1.004743e-01
9.765971e-01 -2.149006e-01 -8.702702e-03 4.347275e+00 2.149051e-01 9.766349e-01 -4.262530e-04 7.080118e-01 8.590964e-03 -1.453978e-03 9.999620e-01 -1.079397e-01
9.748747e-01 -2.225720e-01 -8.999566e-03 4.678412e+00 2.225877e-01 9.749123e-01 7.618768e-04 7.838367e-01 8.604215e-03 -2.745927e-03 9.999592e-01 -1.119936e-01
9.730538e-01 -2.302518e-01 -1.226236e-02 5.016984e+00 2.302614e-01 9.731287e-01 -6.428952e-04 8.597304e-01 1.208088e-02 -2.197977e-03 9.999246e-01 -1.226131e-01
9.717320e-01 -2.358091e-01 -1.144415e-02 5.333190e+00 2.358037e-01 9.717990e-01 -1.842897e-03 9.392551e-01 1.155599e-02 -9.077711e-04 9.999328e-01 -1.025810e-01
9.698572e-01 -2.434102e-01 -1.133181e-02 5.670521e+00 2.434068e-01 9.699228e-01 -1.704147e-03 1.020885e+00 1.140579e-02 -1.105459e-03 9.999343e-01 -1.116890e-01
9.678639e-01 -2.512518e-01 -1.058277e-02 5.982540e+00 2.512448e-01 9.679216e-01 -1.999517e-03 1.105285e+00 1.074568e-02 -7.236068e-04 9.999420e-01 -1.301722e-01
9.659385e-01 -2.584639e-01 -1.261821e-02 6.307908e+00 2.584611e-01 9.660199e-01 -1.886037e-03 1.193851e+00 1.267691e-02 -1.439520e-03 9.999186e-01 -1.504214e-01
9.645716e-01 -2.633801e-01 -1.524950e-02 6.629278e+00 2.633802e-01 9.646901e-01 -2.041308e-03 1.286353e+00 1.524868e-02 -2.047427e-03 9.998816e-01 -1.562961e-01
9.640698e-01 -2.650513e-01 -1.780932e-02 6.949495e+00 2.650552e-01 9.642308e-01 -2.180865e-03 1.368468e+00 1.775034e-02 -2.617948e-03 9.998390e-01 -1.628932e-01
9.641811e-01 -2.646902e-01 -1.714678e-02 7.269678e+00 2.646770e-01 9.643322e-01 -3.077762e-03 1.441099e+00 1.734985e-02 -1.570840e-03 9.998482e-01 -1.604549e-01
9.650895e-01 -2.613080e-01 -1.790123e-02 7.590895e+00 2.612990e-01 9.652537e-01 -2.882482e-03 1.507943e+00 1.803244e-02 -1.895721e-03 9.998356e-01 -1.744543e-01
9.659088e-01 -2.580316e-01 -2.097133e-02 7.912878e+00 2.580303e-01 9.661328e-01 -2.811864e-03 1.583211e+00 2.098664e-02 -2.695235e-03 9.997761e-01 -1.837422e-01
9.674061e-01 -2.521873e-01 -2.295632e-02 8.247127e+00 2.521864e-01 9.676741e-01 -2.980306e-03 1.668415e+00 2.296583e-02 -2.906105e-03 9.997320e-01 -1.764211e-01
9.694387e-01 -2.440507e-01 -2.505588e-02 8.567084e+00 2.440262e-01 9.697599e-01 -4.078206e-03 1.739107e+00 2.529348e-02 -2.160721e-03 9.996777e-01 -1.884296e-01
9.715274e-01 -2.355270e-01 -2.572005e-02 8.905399e+00 2.354430e-01 9.718678e-01 -6.290266e-03 1.808424e+00 2.647801e-02 5.555991e-05 9.996494e-01 -1.808925e-01
9.738058e-01 -2.256305e-01 -2.816165e-02 9.239909e+00 2.254462e-01 9.742084e-01 -9.596827e-03 1.878627e+00 2.960065e-02 2.996508e-03 9.995573e-01 -2.064126e-01
9.760228e-01 -2.155847e-01 -3.004346e-02 9.585481e+00 2.153131e-01 9.764708e-01 -1.204002e-02 1.941108e+00 3.193221e-02 5.282584e-03 9.994761e-01 -2.069483e-01
9.781642e-01 -2.049836e-01 -3.430110e-02 9.915575e+00 2.045929e-01 9.787385e-01 -1.457504e-02 1.998359e+00 3.655946e-02 7.239026e-03 9.993052e-01 -2.186871e-01
9.803049e-01 -1.935153e-01 -3.942246e-02 1.026438e+01 1.929777e-01 9.810549e-01 -1.705024e-02 2.060429e+00 4.197508e-02 9.106778e-03 9.990771e-01 -2.265047e-01
9.824119e-01 -1.819143e-01 -4.211890e-02 1.061501e+01 1.812700e-01 9.832562e-01 -1.867314e-02 2.117319e+00 4.481057e-02 1.070982e-02 9.989381e-01 -2.071994e-01
9.845170e-01 -1.702335e-01 -4.179523e-02 1.094241e+01 1.695455e-01 9.853290e-01 -1.951435e-02 2.161267e+00 4.450405e-02 1.212601e-02 9.989356e-01 -2.094535e-01
9.861856e-01 -1.601764e-01 -4.220671e-02 1.129552e+01 1.594780e-01 9.870100e-01 -1.944753e-02 2.205273e+00 4.477348e-02 1.244783e-02 9.989196e-01 -2.121776e-01
9.876718e-01 -1.506322e-01 -4.259491e-02 1.164903e+01 1.499508e-01 9.885150e-01 -1.878195e-02 2.255189e+00 4.493488e-02 1.216326e-02 9.989159e-01 -2.218210e-01
9.887457e-01 -1.423720e-01 -4.595742e-02 1.200313e+01 1.416762e-01 9.897482e-01 -1.807400e-02 2.304912e+00 4.805950e-02 1.135952e-02 9.987799e-01 -2.268543e-01
9.901178e-01 -1.337737e-01 -4.208742e-02 1.234349e+01 1.331517e-01 9.909453e-01 -1.726247e-02 2.341127e+00 4.401559e-02 1.148786e-02 9.989648e-01 -2.058077e-01
9.912997e-01 -1.251164e-01 -4.087354e-02 1.269063e+01 1.246507e-01 9.921052e-01 -1.376031e-02 2.371927e+00 4.227250e-02 8.545677e-03 9.990696e-01 -2.120758e-01
9.924424e-01 -1.163636e-01 -3.895541e-02 1.304843e+01 1.160402e-01 9.931895e-01 -1.046921e-02 2.397074e+00 3.990833e-02 5.869697e-03 9.991861e-01 -2.231071e-01
9.933372e-01 -1.083980e-01 -3.912890e-02 1.340180e+01 1.082226e-01 9.941049e-01 -6.581924e-03 2.437642e+00 3.961170e-02 2.303440e-03 9.992125e-01 -2.042171e-01
9.941485e-01 -1.014911e-01 -3.699172e-02 1.376575e+01 1.012877e-01 9.948303e-01 -7.337226e-03 2.457283e+00 3.754514e-02 3.547486e-03 9.992886e-01 -1.922939e-01
9.950774e-01 -9.443042e-02 -3.006314e-02 1.413945e+01 9.418982e-02 9.955107e-01 -9.324547e-03 2.477983e+00 3.080869e-02 6.447006e-03 9.995045e-01 -1.844386e-01
9.957892e-01 -8.827931e-02 -2.470889e-02 1.450387e+01 8.803986e-02 9.960603e-01 -1.061854e-02 2.494394e+00 2.554894e-02 8.398465e-03 9.996383e-01 -2.130460e-01
9.963214e-01 -8.300187e-02 -2.131332e-02 1.487711e+01 8.279248e-02 9.965112e-01 -1.052728e-02 2.519290e+00 2.211274e-02 8.723977e-03 9.997174e-01 -2.187526e-01
9.967301e-01 -7.804330e-02 -2.093737e-02 1.524541e+01 7.785889e-02 9.969193e-01 -9.484331e-03 2.537665e+00 2.161305e-02 7.823157e-03 9.997358e-01 -2.392099e-01
9.972953e-01 -7.096167e-02 -1.914611e-02 1.561749e+01 7.081909e-02 9.974570e-01 -8.025357e-03 2.556739e+00 1.966692e-02 6.647740e-03 9.997845e-01 -2.264344e-01
9.979340e-01 -6.283426e-02 -1.339604e-02 1.598485e+01 6.275914e-02 9.980109e-01 -5.955796e-03 2.555670e+00 1.374362e-02 5.102768e-03 9.998925e-01 -2.195736e-01
9.983062e-01 -5.794688e-02 -5.179317e-03 1.634789e+01 5.792528e-02 9.983119e-01 -4.227268e-03 2.564743e+00 5.415531e-03 3.920095e-03 9.999776e-01 -2.014299e-01
9.983814e-01 -5.659821e-02 5.580399e-03 1.670350e+01 5.660482e-02 9.983962e-01 -1.033868e-03 2.568125e+00 -5.512934e-03 1.348072e-03 9.999839e-01 -2.165900e-01
9.981642e-01 -5.953036e-02 1.115194e-02 1.704942e+01 5.951173e-02 9.982258e-01 1.995720e-03 2.584466e+00 -1.125096e-02 -1.328385e-03 9.999358e-01 -2.454583e-01
9.976341e-01 -6.740784e-02 1.350869e-02 1.740876e+01 6.735071e-02 9.977186e-01 4.641102e-03 2.614220e+00 -1.379072e-02 -3.720302e-03 9.998980e-01 -2.492056e-01
9.967641e-01 -7.935599e-02 1.280554e-02 1.774936e+01 7.928564e-02 9.968344e-01 5.911477e-03 2.668072e+00 -1.323411e-02 -4.877052e-03 9.999005e-01 -2.583132e-01
9.956399e-01 -9.236393e-02 1.304239e-02 1.809010e+01 9.232295e-02 9.957222e-01 3.711181e-03 2.708827e+00 -1.332938e-02 -2.490888e-03 9.999080e-01 -2.473311e-01
9.939201e-01 -1.090229e-01 1.538863e-02 1.840424e+01 1.090094e-01 9.940392e-01 1.719801e-03 2.773802e+00 -1.548440e-02 -3.183901e-05 9.998801e-01 -2.497644e-01
9.915713e-01 -1.283719e-01 1.752146e-02 1.874027e+01 1.283797e-01 9.917250e-01 6.855487e-04 2.830029e+00 -1.746447e-02 1.569628e-03 9.998463e-01 -2.524919e-01
9.883104e-01 -1.515681e-01 1.642082e-02 1.905040e+01 1.515780e-01 9.884452e-01 6.444688e-04 2.911345e+00 -1.632876e-02 1.852100e-03 9.998649e-01 -2.746364e-01
9.845414e-01 -1.746645e-01 1.306060e-02 1.937558e+01 1.747071e-01 9.846181e-01 -2.191191e-03 2.995092e+00 -1.247698e-02 4.439098e-03 9.999123e-01 -2.954288e-01
9.802883e-01 -1.974219e-01 7.711402e-03 1.966529e+01 1.974522e-01 9.803066e-01 -3.376083e-03 3.079681e+00 -6.893026e-03 4.832168e-03 9.999646e-01 -3.151647e-01
9.752960e-01 -2.208604e-01 4.292050e-03 1.995187e+01 2.208740e-01 9.752976e-01 -3.024775e-03 3.179125e+00 -3.517974e-03 3.898053e-03 9.999862e-01 -3.040764e-01
9.697998e-01 -2.438936e-01 2.055205e-03 2.024035e+01 2.438973e-01 9.697993e-01 -1.818174e-03 3.272866e+00 -1.549696e-03 2.264523e-03 9.999962e-01 -3.043006e-01
9.629503e-01 -2.696112e-01 6.046725e-03 2.054259e+01 2.696157e-01 9.629681e-01 9.319594e-05 3.389116e+00 -5.847930e-03 1.540549e-03 9.999817e-01 -2.457413e-01
9.548321e-01 -2.968939e-01 1.223703e-02 2.082204e+01 2.969242e-01 9.549009e-01 -6.967508e-04 3.497743e+00 -1.147829e-02 4.298750e-03 9.999249e-01 -2.825745e-01
9.455901e-01 -3.251408e-01 1.194912e-02 2.110088e+01 3.251911e-01 9.456450e-01 -2.482201e-03 3.595093e+00 -1.049256e-02 6.232891e-03 9.999256e-01 -3.137497e-01
9.351218e-01 -3.542342e-01 8.078009e-03 2.136982e+01 3.542811e-01 9.351238e-01 -5.335181e-03 3.748283e+00 -5.664034e-03 7.850930e-03 9.999532e-01 -3.334406e-01
9.237177e-01 -3.830611e-01 3.118497e-03 2.163665e+01 3.830730e-01 9.236685e-01 -9.567048e-03 3.888133e+00 7.843060e-04 1.003186e-02 9.999494e-01 -3.395951e-01
9.112396e-01 -4.118702e-01 -2.334876e-03 2.188303e+01 4.118102e-01 9.111798e-01 -1.280301e-02 4.041827e+00 7.400670e-03 1.070509e-02 9.999153e-01 -3.299207e-01
8.984348e-01 -4.390910e-01 -3.756035e-03 2.211874e+01 4.390005e-01 8.983722e-01 -1.434665e-02 4.187566e+00 9.673800e-03 1.124062e-02 9.998900e-01 -3.273057e-01
8.841133e-01 -4.672406e-01 -5.461027e-03 2.233978e+01 4.671125e-01 8.840560e-01 -1.583606e-02 4.340578e+00 1.222711e-02 1.144996e-02 9.998597e-01 -3.233786e-01
8.694340e-01 -4.940279e-01 -4.582962e-03 2.255742e+01 4.938814e-01 8.693433e-01 -1.798979e-02 4.485865e+00 1.287162e-02 1.337750e-02 9.998277e-01 -3.256713e-01
8.542209e-01 -5.198551e-01 -7.564745e-03 2.275675e+01 5.196331e-01 8.541502e-01 -2.021799e-02 4.628587e+00 1.697185e-02 1.333974e-02 9.997670e-01 -3.431818e-01
8.390727e-01 -5.439145e-01 -1.067409e-02 2.294397e+01 5.436235e-01 8.390492e-01 -2.167901e-02 4.787963e+00 2.074762e-02 1.238758e-02 9.997080e-01 -3.442238e-01
8.232188e-01 -5.676185e-01 -1.096020e-02 2.311357e+01 5.672832e-01 8.231868e-01 -2.352438e-02 4.928055e+00 2.237517e-02 1.314818e-02 9.996632e-01 -3.260494e-01
8.075085e-01 -5.898058e-01 -7.685902e-03 2.327375e+01 5.895166e-01 8.074175e-01 -2.339138e-02 5.062472e+00 2.000210e-02 1.435777e-02 9.996969e-01 -3.248346e-01
7.910758e-01 -6.116934e-01 -5.493563e-03 2.341637e+01 6.114706e-01 7.909793e-01 -2.133885e-02 5.201118e+00 1.739813e-02 1.352149e-02 9.997572e-01 -3.246739e-01
7.728288e-01 -6.345894e-01 -5.656507e-03 2.353949e+01 6.343743e-01 7.727506e-01 -2.062705e-02 5.345355e+00 1.746078e-02 1.235284e-02 9.997712e-01 -3.378415e-01
7.531583e-01 -6.577752e-01 -9.188806e-03 2.365921e+01 6.575197e-01 7.531544e-01 -2.065218e-02 5.493350e+00 2.050508e-02 9.512544e-03 9.997445e-01 -3.480369e-01
7.327349e-01 -6.803943e-01 -1.277673e-02 2.376669e+01 6.800644e-01 7.328039e-01 -2.259611e-02 5.637112e+00 2.473711e-02 7.867957e-03 9.996631e-01 -3.477446e-01
7.117478e-01 -7.022916e-01 -1.419674e-02 2.386937e+01 7.019515e-01 7.118624e-01 -2.271666e-02 5.769650e+00 2.605985e-02 6.203110e-03 9.996411e-01 -3.359886e-01
6.908329e-01 -7.228881e-01 -1.352092e-02 2.396573e+01 7.225165e-01 6.909304e-01 -2.419145e-02 5.921610e+00 2.682973e-02 6.943163e-03 9.996159e-01 -3.269873e-01
6.695030e-01 -7.426541e-01 -1.518539e-02 2.405215e+01 7.422602e-01 6.696540e-01 -2.476172e-02 6.052242e+00 2.855835e-02 5.306535e-03 9.995781e-01 -3.355535e-01
6.478127e-01 -7.616560e-01 -1.478941e-02 2.413258e+01 7.612403e-01 6.479589e-01 -2.573818e-02 6.189744e+00 2.918657e-02 5.415231e-03 9.995593e-01 -3.284425e-01
6.268923e-01 -7.789394e-01 -1.611322e-02 2.421417e+01 7.784721e-01 6.270825e-01 -2.736726e-02 6.313818e+00 3.142175e-02 4.612639e-03 9.994956e-01 -3.373685e-01
6.077905e-01 -7.938968e-01 -1.785151e-02 2.427673e+01 7.933433e-01 6.080394e-01 -2.991049e-02 6.447653e+00 3.460026e-02 4.016937e-03 9.993932e-01 -3.346483e-01
5.885762e-01 -8.081793e-01 -2.059679e-02 2.434643e+01 8.075503e-01 5.889324e-01 -3.195497e-02 6.569890e+00 3.795547e-02 2.174987e-03 9.992771e-01 -3.391134e-01
5.701964e-01 -8.211969e-01 -2.261950e-02 2.440806e+01 8.205216e-01 5.706447e-01 -3.330109e-02 6.690741e+00 4.025445e-02 4.283786e-04 9.991894e-01 -3.321492e-01
5.538960e-01 -8.321803e-01 -2.598362e-02 2.445456e+01 8.314710e-01 5.544993e-01 -3.444389e-02 6.813271e+00 4.307143e-02 -2.526300e-03 9.990688e-01 -3.314623e-01
5.388131e-01 -8.419901e-01 -2.707694e-02 2.450804e+01 8.412630e-01 5.394797e-01 -3.519007e-02 6.927561e+00 4.423714e-02 -3.817955e-03 9.990138e-01 -3.220963e-01
5.266960e-01 -8.495589e-01 -2.899776e-02 2.455978e+01 8.486989e-01 5.274757e-01 -3.846554e-02 7.031031e+00 4.797436e-02 -4.350718e-03 9.988391e-01 -3.176267e-01
5.168949e-01 -8.555105e-01 -3.035620e-02 2.461596e+01 8.545983e-01 5.177579e-01 -3.985539e-02 7.129377e+00 4.981387e-02 -5.341310e-03 9.987442e-01 -3.172843e-01
5.086351e-01 -8.604307e-01 -3.081298e-02 2.467238e+01 8.595675e-01 5.095249e-01 -3.909296e-02 7.244153e+00 4.933676e-02 -6.601783e-03 9.987604e-01 -3.024922e-01
5.031133e-01 -8.636567e-01 -3.121312e-02 2.472385e+01 8.628259e-01 5.040246e-01 -3.860846e-02 7.327252e+00 4.907664e-02 -7.507066e-03 9.987668e-01 -3.010567e-01
5.008548e-01 -8.650067e-01 -3.013159e-02 2.478123e+01 8.641938e-01 5.017123e-01 -3.813020e-02 7.405275e+00 4.810026e-02 -6.941833e-03 9.988184e-01 -2.972705e-01
4.998828e-01 -8.655959e-01 -2.934304e-02 2.482647e+01 8.647937e-01 5.007013e-01 -3.781360e-02 7.485953e+00 4.742339e-02 -6.473316e-03 9.988539e-01 -3.023824e-01
4.991378e-01 -8.660842e-01 -2.756113e-02 2.489833e+01 8.652822e-01 4.998723e-01 -3.760625e-02 7.578370e+00 4.634722e-02 -5.077451e-03 9.989125e-01 -2.915871e-01
4.996904e-01 -8.657984e-01 -2.650828e-02 2.494766e+01 8.649863e-01 5.003765e-01 -3.771205e-02 7.662352e+00 4.591514e-02 -4.084954e-03 9.989370e-01 -2.979868e-01
5.005320e-01 -8.653138e-01 -2.645170e-02 2.500847e+01 8.644850e-01 5.012161e-01 -3.805633e-02 7.745292e+00 4.618868e-02 -3.818687e-03 9.989254e-01 -2.878225e-01
5.010718e-01 -8.649203e-01 -2.898369e-02 2.504845e+01 8.640487e-01 5.018802e-01 -3.919292e-02 7.830847e+00 4.844509e-02 -5.404858e-03 9.988112e-01 -2.968108e-01
4.998918e-01 -8.655192e-01 -3.137938e-02 2.509380e+01 8.646999e-01 5.008132e-01 -3.847231e-02 7.922928e+00 4.901374e-02 -7.901753e-03 9.987668e-01 -2.871909e-01
5.002437e-01 -8.652667e-01 -3.270759e-02 2.513956e+01 8.644476e-01 5.012325e-01 -3.868230e-02 8.000068e+00 4.986461e-02 -8.923423e-03 9.987161e-01 -2.866182e-01
5.002738e-01 -8.652669e-01 -3.223923e-02 2.518543e+01 8.645133e-01 5.012265e-01 -3.726583e-02 8.063291e+00 4.840405e-02 -9.228121e-03 9.987852e-01 -2.750861e-01
5.011836e-01 -8.647297e-01 -3.251857e-02 2.521955e+01 8.639959e-01 5.021454e-01 -3.689040e-02 8.123881e+00 4.822928e-02 -9.607050e-03 9.987901e-01 -2.797910e-01
5.028200e-01 -8.637168e-01 -3.413486e-02 2.525055e+01 8.629962e-01 5.038595e-01 -3.691949e-02 8.187419e+00 4.908717e-02 -1.089440e-02 9.987351e-01 -2.861144e-01
5.049906e-01 -8.623498e-01 -3.656919e-02 2.529997e+01 8.616416e-01 5.061530e-01 -3.718949e-02 8.247871e+00 5.057995e-02 -1.272919e-02 9.986389e-01 -2.791027e-01
5.086627e-01 -8.600950e-01 -3.871558e-02 2.533511e+01 8.593763e-01 5.099413e-01 -3.784682e-02 8.316781e+00 5.229453e-02 -1.401998e-02 9.985333e-01 -2.808282e-01
5.139763e-01 -8.568677e-01 -4.007629e-02 2.537313e+01 8.561114e-01 5.153356e-01 -3.876148e-02 8.372743e+00 5.386620e-02 -1.438728e-02 9.984445e-01 -2.736272e-01
5.206323e-01 -8.527763e-01 -4.140649e-02 2.543121e+01 8.520384e-01 5.220551e-01 -3.858500e-02 8.436564e+00 5.452086e-02 -1.519133e-02 9.983971e-01 -2.694096e-01
5.284225e-01 -8.478850e-01 -4.313749e-02 2.549180e+01 8.472173e-01 5.299174e-01 -3.755824e-02 8.489574e+00 5.470436e-02 -1.670020e-02 9.983629e-01 -2.704734e-01
5.384130e-01 -8.414364e-01 -4.578336e-02 2.554040e+01 8.408124e-01 5.400418e-01 -3.727267e-02 8.565625e+00 5.608752e-02 -1.842713e-02 9.982558e-01 -2.671892e-01
5.488636e-01 -8.344247e-01 -4.984124e-02 2.560601e+01 8.338872e-01 5.507075e-01 -3.678934e-02 8.627762e+00 5.814587e-02 -2.136964e-02 9.980794e-01 -2.636338e-01
5.613022e-01 -8.259043e-01 -5.312205e-02 2.566016e+01 8.254585e-01 5.633141e-01 -3.599080e-02 8.700234e+00 5.964936e-02 -2.364833e-02 9.979392e-01 -2.601394e-01
5.750821e-01 -8.162849e-01 -5.440164e-02 2.573558e+01 8.159078e-01 5.771346e-01 -3.478406e-02 8.764058e+00 5.979077e-02 -2.438304e-02 9.979131e-01 -2.487961e-01
5.893165e-01 -8.060846e-01 -5.416349e-02 2.580720e+01 8.057211e-01 5.913260e-01 -3.386435e-02 8.828581e+00 5.932582e-02 -2.368385e-02 9.979576e-01 -2.511618e-01
6.059769e-01 -7.936572e-01 -5.385337e-02 2.589083e+01 7.934588e-01 6.078745e-01 -3.019849e-02 8.890955e+00 5.670334e-02 -2.443084e-02 9.980921e-01 -2.414096e-01
6.231080e-01 -7.802228e-01 -5.467033e-02 2.596848e+01 7.802097e-01 6.249558e-01 -2.651816e-02 8.963241e+00 5.485661e-02 -2.613065e-02 9.981523e-01 -2.527629e-01
6.419784e-01 -7.645581e-01 -5.757280e-02 2.605104e+01 7.647151e-01 6.439203e-01 -2.403406e-02 9.035823e+00 5.544772e-02 -2.859745e-02 9.980519e-01 -2.528839e-01
6.611733e-01 -7.477716e-01 -6.072404e-02 2.614960e+01 7.480377e-01 6.632631e-01 -2.283733e-02 9.092086e+00 5.735312e-02 -3.032444e-02 9.978933e-01 -2.510574e-01
6.815947e-01 -7.289506e-01 -6.371570e-02 2.625131e+01 7.292766e-01 6.838535e-01 -2.235563e-02 9.163447e+00 5.986837e-02 -3.122889e-02 9.977177e-01 -2.456802e-01
7.038468e-01 -7.080980e-01 -5.654116e-02 2.636576e+01 7.083462e-01 7.056097e-01 -1.898823e-02 9.254632e+00 5.334152e-02 -2.668591e-02 9.982197e-01 -2.220992e-01
7.240939e-01 -6.876876e-01 -5.266682e-02 2.647344e+01 6.879636e-01 7.255777e-01 -1.558224e-02 9.308560e+00 4.892959e-02 -2.494985e-02 9.984906e-01 -2.411057e-01
7.464947e-01 -6.636581e-01 -4.799519e-02 2.658626e+01 6.639822e-01 7.476652e-01 -1.114519e-02 9.364856e+00 4.328093e-02 -2.354813e-02 9.987854e-01 -2.365019e-01
7.678764e-01 -6.389122e-01 -4.644354e-02 2.670261e+01 6.392179e-01 7.689623e-01 -9.882951e-03 9.412717e+00 4.202766e-02 -2.209865e-02 9.988720e-01 -2.598805e-01
7.881712e-01 -6.136490e-01 -4.712770e-02 2.683867e+01 6.140501e-01 7.892348e-01 -7.139437e-03 9.473315e+00 4.157593e-02 -2.331167e-02 9.988633e-01 -2.580548e-01
8.085077e-01 -5.865065e-01 -4.822273e-02 2.697198e+01 5.870025e-01 8.095719e-01 -4.625449e-03 9.524799e+00 4.175263e-02 -2.456715e-02 9.988259e-01 -2.577677e-01
8.292376e-01 -5.570299e-01 -4.563563e-02 2.710637e+01 5.575363e-01 8.301505e-01 -1.939476e-03 9.602647e+00 3.896478e-02 -2.383523e-02 9.989563e-01 -2.669207e-01
8.486843e-01 -5.270674e-01 -4.398818e-02 2.724530e+01 5.276775e-01 8.494405e-01 2.710223e-03 9.642868e+00 3.593687e-02 -2.551170e-02 9.990284e-01 -2.626317e-01
8.669877e-01 -4.963977e-01 -4.383769e-02 2.739846e+01 4.971287e-01 8.676488e-01 6.970610e-03 9.681469e+00 3.457552e-02 -2.783640e-02 9.990144e-01 -2.725459e-01
8.846053e-01 -4.642781e-01 -4.381054e-02 2.755636e+01 4.650566e-01 8.852347e-01 9.049158e-03 9.734919e+00 3.458128e-02 -2.837931e-02 9.989989e-01 -2.700828e-01
9.004735e-01 -4.324055e-01 -4.661485e-02 2.771474e+01 4.332229e-01 9.012456e-01 8.628756e-03 9.771716e+00 3.828030e-02 -2.796458e-02 9.988757e-01 -2.946963e-01
9.163113e-01 -3.972736e-01 -5.047074e-02 2.788969e+01 3.981297e-01 9.172959e-01 7.791539e-03 9.804178e+00 4.320123e-02 -2.723337e-02 9.986951e-01 -3.005533e-01
9.309573e-01 -3.608603e-01 -5.566268e-02 2.805139e+01 3.619139e-01 9.321598e-01 9.825005e-03 9.853502e+00 4.834105e-02 -2.929175e-02 9.984013e-01 -3.000357e-01
9.435690e-01 -3.268260e-01 -5.350016e-02 2.825322e+01 3.278697e-01 9.446491e-01 1.180882e-02 9.886382e+00 4.667946e-02 -2.868352e-02 9.984980e-01 -2.766584e-01
9.550196e-01 -2.919832e-01 -5.180112e-02 2.844677e+01 2.930196e-01 9.560108e-01 1.352065e-02 9.897133e+00 4.557463e-02 -2.809123e-02 9.985659e-01 -3.041757e-01
9.653559e-01 -2.562759e-01 -4.909929e-02 2.865165e+01 2.571808e-01 9.662758e-01 1.299004e-02 9.915669e+00 4.411444e-02 -2.516741e-02 9.987094e-01 -2.854805e-01
9.728918e-01 -2.272576e-01 -4.284273e-02 2.886576e+01 2.280793e-01 9.735221e-01 1.531580e-02 9.930264e+00 3.822771e-02 -2.467215e-02 9.989644e-01 -2.972213e-01
9.790518e-01 -1.982679e-01 -4.633931e-02 2.909621e+01 1.990549e-01 9.799023e-01 1.298963e-02 9.943872e+00 4.283256e-02 -2.194159e-02 9.988413e-01 -3.333576e-01
9.854084e-01 -1.646682e-01 -4.306736e-02 2.931756e+01 1.652353e-01 9.862041e-01 9.932835e-03 9.945033e+00 4.083759e-02 -1.690415e-02 9.990228e-01 -3.193571e-01
9.910038e-01 -1.268084e-01 -4.279296e-02 2.955053e+01 1.272396e-01 9.918436e-01 7.497260e-03 9.951697e+00 4.149322e-02 -1.287477e-02 9.990558e-01 -3.470653e-01
9.952608e-01 -9.010251e-02 -3.657116e-02 2.977032e+01 9.045468e-02 9.958678e-01 8.089064e-03 9.933198e+00 3.569119e-02 -1.135876e-02 9.992983e-01 -3.194901e-01
9.979964e-01 -5.266219e-02 -3.507059e-02 2.998441e+01 5.291859e-02 9.985782e-01 6.422582e-03 9.889526e+00 3.468250e-02 -8.265600e-03 9.993642e-01 -3.512406e-01
9.991485e-01 -1.201914e-02 -3.946738e-02 3.021169e+01 1.217483e-02 9.999191e-01 3.706811e-03 9.854640e+00 3.941963e-02 -4.184163e-03 9.992140e-01 -3.711838e-01
9.985660e-01 2.910300e-02 -4.493175e-02 3.044234e+01 -2.902831e-02 9.995760e-01 2.313962e-03 9.825735e+00 4.498004e-02 -1.006351e-03 9.989874e-01 -3.900199e-01
9.961343e-01 7.017558e-02 -5.283852e-02 3.066192e+01 -7.033002e-02 9.975232e-01 -1.066738e-03 9.787785e+00 5.263280e-02 4.778749e-03 9.986025e-01 -3.843501e-01
9.924610e-01 1.103093e-01 -5.341470e-02 3.087438e+01 -1.105985e-01 9.938620e-01 -2.480035e-03 9.727040e+00 5.281327e-02 8.368921e-03 9.985693e-01 -3.695523e-01
9.873252e-01 1.516745e-01 -4.673159e-02 3.107335e+01 -1.519065e-01 9.883938e-01 -1.433284e-03 9.642970e+00 4.597183e-02 8.513953e-03 9.989064e-01 -3.753409e-01
9.805694e-01 1.916722e-01 -4.177881e-02 3.126319e+01 -1.917353e-01 9.814433e-01 2.526685e-03 9.543808e+00 4.148784e-02 5.532886e-03 9.991237e-01 -3.808656e-01
9.720420e-01 2.320849e-01 -3.564914e-02 3.144124e+01 -2.319996e-01 9.726937e-01 6.567990e-03 9.452826e+00 3.620003e-02 1.886227e-03 9.993428e-01 -3.895571e-01
9.622224e-01 2.708642e-01 -2.758044e-02 3.161309e+01 -2.706715e-01 9.626139e-01 1.056907e-02 9.354389e+00 2.941210e-02 -2.704558e-03 9.995637e-01 -3.925960e-01
9.501733e-01 3.109500e-01 -2.192919e-02 3.176992e+01 -3.107048e-01 9.504048e-01 1.390713e-02 9.264308e+00 2.516603e-02 -6.400682e-03 9.996628e-01 -4.167286e-01
9.355091e-01 3.530541e-01 -1.324769e-02 3.193222e+01 -3.528264e-01 9.355376e-01 1.682998e-02 9.157337e+00 1.833560e-02 -1.107047e-02 9.997706e-01 -4.011853e-01
9.180659e-01 3.963912e-01 -5.379321e-03 3.208413e+01 -3.962135e-01 9.179313e-01 2.041700e-02 9.022416e+00 1.303097e-02 -1.661279e-02 9.997771e-01 -4.263045e-01
8.990737e-01 4.377353e-01 -7.360338e-03 3.224387e+01 -4.374996e-01 8.989555e-01 2.175506e-02 8.913353e+00 1.613957e-02 -1.633926e-02 9.997362e-01 -4.449695e-01
8.788891e-01 4.769988e-01 -5.105113e-03 3.241225e+01 -4.767906e-01 8.787411e-01 2.201549e-02 8.786448e+00 1.498744e-02 -1.691511e-02 9.997446e-01 -4.329556e-01
8.573787e-01 5.146704e-01 -4.019576e-03 3.256338e+01 -5.144802e-01 8.572305e-01 2.158849e-02 8.638184e+00 1.455666e-02 -1.644152e-02 9.997588e-01 -4.442303e-01
8.346918e-01 5.507066e-01 3.453526e-03 3.271481e+01 -5.506459e-01 8.344660e-01 2.134215e-02 8.500136e+00 8.871415e-03 -1.971579e-02 9.997663e-01 -4.221916e-01
8.110243e-01 5.848601e-01 1.334784e-02 3.284111e+01 -5.850101e-01 8.107449e-01 2.135811e-02 8.329150e+00 1.669818e-03 -2.513057e-02 9.996828e-01 -4.409867e-01
7.871981e-01 6.164172e-01 1.867994e-02 3.298042e+01 -6.166947e-01 7.869576e-01 1.963146e-02 8.167542e+00 -2.599151e-03 -2.697367e-02 9.996328e-01 -4.541526e-01
7.622570e-01 6.469943e-01 1.904314e-02 3.312175e+01 -6.472651e-01 7.620741e-01 1.705378e-02 7.998506e+00 -3.478583e-03 -2.532532e-02 9.996732e-01 -4.762470e-01
7.380192e-01 6.745393e-01 1.800586e-02 3.326818e+01 -6.747619e-01 7.379305e-01 1.244205e-02 7.850837e+00 -4.894426e-03 -2.133214e-02 9.997604e-01 -4.759445e-01
7.131248e-01 7.007922e-01 1.853319e-02 3.340957e+01 -7.010064e-01 7.130917e-01 9.489395e-03 7.667012e+00 -6.565772e-03 -1.975901e-02 9.997832e-01 -4.890556e-01
6.880206e-01 7.254387e-01 1.914206e-02 3.354357e+01 -7.256217e-01 6.880805e-01 4.306584e-03 7.486260e+00 -1.004712e-02 -1.685291e-02 9.998075e-01 -4.767383e-01
6.654956e-01 7.461034e-01 2.110162e-02 3.367267e+01 -7.462497e-01 6.656647e-01 -1.365000e-03 7.295247e+00 -1.506503e-02 -1.483867e-02 9.997764e-01 -4.678884e-01
6.452476e-01 7.636005e-01 2.387110e-02 3.379076e+01 -7.637082e-01 6.455320e-01 -6.190497e-03 7.111271e+00 -2.013662e-02 -1.423615e-02 9.996959e-01 -4.898178e-01
6.238352e-01 7.811500e-01 2.518525e-02 3.389125e+01 -7.812175e-01 6.241895e-01 -9.318369e-03 6.929951e+00 -2.299941e-02 -1.386203e-02 9.996394e-01 -4.820409e-01
6.046862e-01 7.960554e-01 2.550135e-02 3.402267e+01 -7.960666e-01 6.050858e-01 -1.220946e-02 6.748956e+00 -2.514992e-02 -1.291788e-02 9.996002e-01 -4.998149e-01
5.869757e-01 8.091992e-01 2.561717e-02 3.411092e+01 -8.091938e-01 5.873919e-01 -1.326930e-02 6.561676e+00 -2.578482e-02 -1.294051e-02 9.995838e-01 -5.077487e-01
5.720712e-01 8.198732e-01 2.328979e-02 3.422603e+01 -8.197589e-01 5.724657e-01 -1.669159e-02 6.398715e+00 -2.701759e-02 -9.543234e-03 9.995894e-01 -5.116246e-01
5.567247e-01 8.304480e-01 2.034267e-02 3.431828e+01 -8.302912e-01 5.570512e-01 -1.761874e-02 6.213078e+00 -2.596335e-02 -7.081549e-03 9.996378e-01 -5.109901e-01
5.453497e-01 8.380084e-01 1.831967e-02 3.442602e+01 -8.378274e-01 5.456303e-01 -1.823461e-02 6.069715e+00 -2.527653e-02 -5.404486e-03 9.996659e-01 -5.130402e-01
5.333118e-01 8.457474e-01 1.702582e-02 3.451131e+01 -8.455076e-01 5.335722e-01 -2.044094e-02 5.908680e+00 -2.637237e-02 -3.494063e-03 9.996461e-01 -5.092170e-01
5.216423e-01 8.530054e-01 1.646681e-02 3.458861e+01 -8.527780e-01 5.218898e-01 -2.002316e-02 5.740034e+00 -2.567372e-02 -3.597608e-03 9.996639e-01 -5.120389e-01
5.125334e-01 8.584900e-01 1.744524e-02 3.466799e+01 -8.582746e-01 5.128077e-01 -1.982251e-02 5.589740e+00 -2.596348e-02 -4.813103e-03 9.996513e-01 -4.969040e-01
5.038122e-01 8.636460e-01 1.699598e-02 3.473665e+01 -8.634664e-01 5.040698e-01 -1.841645e-02 5.425263e+00 -2.447246e-02 -5.397025e-03 9.996859e-01 -5.132629e-01
4.954249e-01 8.685037e-01 1.597809e-02 3.480849e+01 -8.683096e-01 4.956620e-01 -1.891100e-02 5.278437e+00 -2.434401e-02 -4.504950e-03 9.996935e-01 -5.108294e-01
4.900198e-01 8.715449e-01 1.703352e-02 3.488733e+01 -8.713817e-01 4.902782e-01 -1.792155e-02 5.136726e+00 -2.397060e-02 -6.060788e-03 9.996943e-01 -5.190810e-01
4.844154e-01 8.746830e-01 1.647540e-02 3.494818e+01 -8.745083e-01 4.846640e-01 -1.833691e-02 4.991477e+00 -2.402402e-02 -5.525191e-03 9.996961e-01 -5.097448e-01
4.791397e-01 8.775321e-01 1.904380e-02 3.502209e+01 -8.773980e-01 4.794456e-01 -1.746070e-02 4.852589e+00 -2.445279e-02 -8.342875e-03 9.996662e-01 -5.099374e-01
4.756167e-01 8.794428e-01 1.921433e-02 3.510315e+01 -8.793131e-01 4.759266e-01 -1.739238e-02 4.706554e+00 -2.444021e-02 -8.623306e-03 9.996641e-01 -4.988917e-01
4.732111e-01 8.806913e-01 2.131046e-02 3.518066e+01 -8.806176e-01 4.735582e-01 -1.598450e-02 4.556569e+00 -2.416915e-02 -1.120232e-02 9.996451e-01 -5.088798e-01
4.710687e-01 8.818561e-01 2.059625e-02 3.524556e+01 -8.817989e-01 4.713880e-01 -1.497650e-02 4.416352e+00 -2.291594e-02 -1.110679e-02 9.996757e-01 -5.160919e-01
4.687935e-01 8.830889e-01 1.966584e-02 3.531224e+01 -8.830065e-01 4.690989e-01 -1.567690e-02 4.262533e+00 -2.306932e-02 -1.001583e-02 9.996837e-01 -5.170607e-01
4.703067e-01 8.823201e-01 1.796773e-02 3.539676e+01 -8.822208e-01 4.705737e-01 -1.571213e-02 4.122026e+00 -2.231826e-02 -8.461984e-03 9.997151e-01 -5.205910e-01
4.718166e-01 8.815381e-01 1.672079e-02 3.547630e+01 -8.814139e-01 4.720607e-01 -1.637612e-02 3.984970e+00 -2.232940e-02 -7.011410e-03 9.997261e-01 -5.169466e-01
4.741411e-01 8.803115e-01 1.555206e-02 3.555376e+01 -8.802208e-01 4.743463e-01 -1.438496e-02 3.833424e+00 -2.004031e-02 -6.868745e-03 9.997756e-01 -5.278427e-01
4.782003e-01 8.781706e-01 1.186735e-02 3.565070e+01 -8.780774e-01 4.783309e-01 -1.340662e-02 3.693039e+00 -1.744981e-02 -4.009398e-03 9.998397e-01 -5.240207e-01
4.843192e-01 8.748450e-01 9.005520e-03 3.574671e+01 -8.747944e-01 4.843931e-01 -9.908685e-03 3.557796e+00 -1.303078e-02 -3.079011e-03 9.999104e-01 -5.331986e-01
4.933663e-01 8.697798e-01 8.530548e-03 3.584492e+01 -8.697157e-01 4.934356e-01 -1.077112e-02 3.426607e+00 -1.357777e-02 -2.105045e-03 9.999056e-01 -5.164653e-01
5.031408e-01 8.641475e-01 9.913758e-03 3.593463e+01 -8.641024e-01 5.032245e-01 -9.592650e-03 3.282387e+00 -1.327831e-02 -3.740049e-03 9.999049e-01 -5.206401e-01
5.143197e-01 8.575207e-01 1.155235e-02 3.603510e+01 -8.574828e-01 5.144249e-01 -9.499514e-03 3.135611e+00 -1.408885e-02 -5.020157e-03 9.998881e-01 -5.173693e-01
5.285198e-01 8.487821e-01 1.535864e-02 3.614402e+01 -8.487692e-01 5.286810e-01 -9.344677e-03 2.995854e+00 -1.605141e-02 -8.097093e-03 9.998384e-01 -5.102853e-01
5.449826e-01 8.382634e-01 1.756501e-02 3.625237e+01 -8.382725e-01 5.451771e-01 -9.007958e-03 2.860789e+00 -1.712708e-02 -9.815083e-03 9.998052e-01 -5.194777e-01
5.645402e-01 8.251715e-01 1.965277e-02 3.637680e+01 -8.251868e-01 5.647787e-01 -9.578693e-03 2.736104e+00 -1.900353e-02 -1.080964e-02 9.997610e-01 -5.172191e-01
5.850241e-01 8.107996e-01 1.873162e-02 3.649373e+01 -8.108070e-01 5.852416e-01 -9.181801e-03 2.609879e+00 -1.840712e-02 -9.816153e-03 9.997824e-01 -5.253636e-01
6.071427e-01 7.943673e-01 1.892713e-02 3.661425e+01 -7.943634e-01 6.073674e-01 -9.563881e-03 2.490076e+00 -1.909296e-02 -9.228379e-03 9.997751e-01 -5.272987e-01
6.313716e-01 7.752563e-01 1.864062e-02 3.674661e+01 -7.752467e-01 6.315891e-01 -9.372848e-03 2.373402e+00 -1.903957e-02 -8.533328e-03 9.997823e-01 -5.354136e-01
6.586705e-01 7.521805e-01 1.943443e-02 3.690375e+01 -7.521572e-01 6.589082e-01 -9.989898e-03 2.276145e+00 -2.031971e-02 -8.037695e-03 9.997612e-01 -5.333297e-01
6.860585e-01 7.272812e-01 1.964071e-02 3.704125e+01 -7.272686e-01 6.862926e-01 -9.108530e-03 2.153907e+00 -2.010374e-02 -8.035086e-03 9.997656e-01 -5.394446e-01
7.156693e-01 6.982070e-01 1.801528e-02 3.719512e+01 -6.981865e-01 7.158661e-01 -8.442715e-03 2.061951e+00 -1.879129e-02 -6.535832e-03 9.998021e-01 -5.358237e-01
7.468461e-01 6.647049e-01 1.970645e-02 3.736488e+01 -6.647329e-01 7.470566e-01 -6.040152e-03 1.988337e+00 -1.873676e-02 -8.588467e-03 9.997876e-01 -5.529518e-01
7.757243e-01 6.307863e-01 1.898624e-02 3.753832e+01 -6.308156e-01 7.759156e-01 -5.159660e-03 1.914080e+00 -1.798636e-02 -7.974344e-03 9.998064e-01 -5.447418e-01
8.036904e-01 5.947924e-01 1.743030e-02 3.771865e+01 -5.948222e-01 8.038474e-01 -3.982237e-03 1.837452e+00 -1.637991e-02 -7.167445e-03 9.998401e-01 -5.581779e-01
8.313042e-01 5.556123e-01 1.510873e-02 3.792310e+01 -5.556082e-01 8.314300e-01 -4.859513e-03 1.793135e+00 -1.526186e-02 -4.354801e-03 9.998741e-01 -5.440215e-01
8.585646e-01 5.125151e-01 1.396875e-02 3.814558e+01 -5.125012e-01 8.586729e-01 -4.823181e-03 1.741427e+00 -1.446654e-02 -3.017988e-03 9.998908e-01 -5.543140e-01
8.849831e-01 4.653663e-01 1.546669e-02 3.837144e+01 -4.653589e-01 8.851117e-01 -4.296404e-03 1.680920e+00 -1.568915e-02 -3.395315e-03 9.998711e-01 -5.527815e-01
9.092768e-01 4.158964e-01 1.567835e-02 3.860733e+01 -4.158963e-01 9.094057e-01 -3.422336e-03 1.647995e+00 -1.568132e-02 -3.408717e-03 9.998713e-01 -5.658289e-01
9.310887e-01 3.643366e-01 1.824120e-02 3.884089e+01 -3.643308e-01 9.312620e-01 -3.757145e-03 1.617562e+00 -1.835620e-02 -3.147597e-03 9.998266e-01 -5.624260e-01
9.507352e-01 3.093902e-01 1.950195e-02 3.909476e+01 -3.093704e-01 9.509329e-01 -4.098340e-03 1.586976e+00 -1.981303e-02 -2.136887e-03 9.998014e-01 -5.687088e-01
9.669937e-01 2.539863e-01 2.034750e-02 3.936539e+01 -2.539570e-01 9.672071e-01 -4.054205e-03 1.562432e+00 -2.070995e-02 -1.246998e-03 9.997848e-01 -5.829763e-01
9.802822e-01 1.966585e-01 1.929368e-02 3.963025e+01 -1.966001e-01 9.804715e-01 -4.897430e-03 1.549760e+00 -1.988003e-02 1.007724e-03 9.998019e-01 -5.742007e-01
9.897930e-01 1.412320e-01 1.906129e-02 3.990270e+01 -1.411607e-01 9.899738e-01 -5.045117e-03 1.570017e+00 -1.958271e-02 2.302917e-03 9.998056e-01 -5.907713e-01
9.962247e-01 8.428501e-02 2.079284e-02 4.017030e+01 -8.420133e-02 9.964367e-01 -4.869610e-03 1.594690e+00 -2.112919e-02 3.100441e-03 9.997720e-01 -5.734203e-01
9.993628e-01 2.787264e-02 2.229548e-02 4.043158e+01 -2.776277e-02 9.996009e-01 -5.222616e-03 1.622800e+00 -2.243215e-02 4.600305e-03 9.997378e-01 -5.756917e-01
9.992493e-01 -2.860264e-02 2.612903e-02 4.069452e+01 2.875442e-02 9.995717e-01 -5.451659e-03 1.673613e+00 -2.596190e-02 6.198892e-03 9.996437e-01 -5.696679e-01
9.960603e-01 -8.419356e-02 2.784388e-02 4.095362e+01 8.440284e-02 9.964112e-01 -6.426580e-03 1.728832e+00 -2.720288e-02 8.751364e-03 9.995916e-01 -5.982004e-01
9.899453e-01 -1.387661e-01 2.742840e-02 4.119905e+01 1.389442e-01 9.902891e-01 -4.687977e-03 1.787384e+00 -2.651151e-02 8.451859e-03 9.996127e-01 -5.981542e-01
9.807959e-01 -1.933263e-01 2.577624e-02 4.144880e+01 1.934540e-01 9.811059e-01 -2.532239e-03 1.888183e+00 -2.479968e-02 7.470127e-03 9.996645e-01 -6.127843e-01
9.691572e-01 -2.454345e-01 2.227693e-02 4.166904e+01 2.455259e-01 9.693891e-01 -1.423577e-03 1.969951e+00 -2.124561e-02 6.849233e-03 9.997509e-01 -6.346573e-01
9.550046e-01 -2.958787e-01 2.054190e-02 4.189391e+01 2.959318e-01 9.552090e-01 4.750651e-04 2.098280e+00 -1.976237e-02 5.625311e-03 9.997889e-01 -6.215966e-01
9.390727e-01 -3.432208e-01 1.849149e-02 4.208816e+01 3.432131e-01 9.392505e-01 3.690206e-03 2.191202e+00 -1.863470e-02 2.881150e-03 9.998222e-01 -6.358041e-01
9.216800e-01 -3.875613e-01 1.738417e-02 4.228503e+01 3.875313e-01 9.218420e-01 5.202486e-03 2.309767e+00 -1.804174e-02 1.941883e-03 9.998354e-01 -6.252577e-01
9.044249e-01 -4.262719e-01 1.754688e-02 4.246562e+01 4.262168e-01 9.045943e-01 6.954588e-03 2.438192e+00 -1.883736e-02 1.188873e-03 9.998218e-01 -6.314922e-01
8.878204e-01 -4.598509e-01 1.766821e-02 4.263405e+01 4.598062e-01 8.879937e-01 6.753778e-03 2.530198e+00 -1.879499e-02 2.127811e-03 9.998211e-01 -6.255156e-01
8.698690e-01 -4.929517e-01 1.807120e-02 4.279592e+01 4.928932e-01 8.700542e-01 7.868309e-03 2.650846e+00 -1.960162e-02 2.062774e-03 9.998057e-01 -6.476715e-01
8.514533e-01 -5.241745e-01 1.638142e-02 4.294497e+01 5.241300e-01 8.516074e-01 7.244048e-03 2.777830e+00 -1.774769e-02 2.418027e-03 9.998395e-01 -6.575012e-01
8.355892e-01 -5.491849e-01 1.366418e-02 4.307341e+01 5.491279e-01 8.357005e-01 7.956760e-03 2.898718e+00 -1.578889e-02 8.548009e-04 9.998750e-01 -6.835772e-01
8.191478e-01 -5.735149e-01 8.811018e-03 4.320369e+01 5.734499e-01 8.191921e-01 8.920069e-03 3.020720e+00 -1.233371e-02 -2.254177e-03 9.999214e-01 -6.747015e-01
8.044226e-01 -5.940364e-01 5.006509e-03 4.331393e+01 5.939752e-01 8.044231e-01 9.858315e-03 3.148063e+00 -9.883548e-03 -4.956509e-03 9.999388e-01 -6.867743e-01
7.910826e-01 -6.117074e-01 1.515731e-03 4.343141e+01 6.116595e-01 7.910473e-01 1.079967e-02 3.253977e+00 -7.805251e-03 -7.616316e-03 9.999405e-01 -6.739725e-01
7.816378e-01 -6.237326e-01 -6.285845e-05 4.351219e+01 6.236986e-01 7.815942e-01 1.052414e-02 3.351740e+00 -6.515119e-03 -8.265271e-03 9.999446e-01 -6.852159e-01
7.711070e-01 -6.367049e-01 -9.846247e-04 4.360038e+01 6.366714e-01 7.710484e-01 1.156027e-02 3.442869e+00 -6.601284e-03 -9.541084e-03 9.999327e-01 -6.769930e-01
7.636388e-01 -6.456428e-01 -1.085919e-03 4.369588e+01 6.456007e-01 7.635676e-01 1.282235e-02 3.536157e+00 -7.449486e-03 -1.049272e-02 9.999172e-01 -6.772664e-01
7.558739e-01 -6.547149e-01 -1.752496e-03 4.376657e+01 6.546785e-01 7.557974e-01 1.289103e-02 3.611121e+00 -7.115419e-03 -1.089132e-02 9.999154e-01 -6.851615e-01
7.486330e-01 -6.629807e-01 -2.272861e-03 4.385202e+01 6.629500e-01 7.485543e-01 1.279601e-02 3.688860e+00 -6.782148e-03 -1.108631e-02 9.999155e-01 -6.853067e-01
7.432913e-01 -6.689613e-01 -2.989698e-03 4.392907e+01 6.689345e-01 7.432020e-01 1.333111e-02 3.769097e+00 -6.696044e-03 -1.190881e-02 9.999067e-01 -6.969597e-01
7.390083e-01 -6.736898e-01 -2.970583e-03 4.399482e+01 6.736677e-01 7.389293e-01 1.246993e-02 3.849152e+00 -6.205816e-03 -1.121657e-02 9.999178e-01 -6.928328e-01
7.360808e-01 -6.768898e-01 -2.299187e-03 4.409784e+01 6.768556e-01 7.359990e-01 1.311469e-02 3.931242e+00 -7.185003e-03 -1.120969e-02 9.999114e-01 -6.951328e-01
7.346113e-01 -6.784881e-01 -4.311157e-04 4.417659e+01 6.784280e-01 7.345375e-01 1.379546e-02 3.987688e+00 -9.043385e-03 -1.042678e-02 9.999048e-01 -6.815127e-01
7.332975e-01 -6.799058e-01 1.720391e-03 4.425338e+01 6.798246e-01 7.332450e-01 1.379770e-02 4.057722e+00 -1.064260e-02 -8.948259e-03 9.999033e-01 -6.978682e-01
7.338333e-01 -6.793195e-01 3.694992e-03 4.434340e+01 6.792226e-01 7.338035e-01 1.375043e-02 4.117159e+00 -1.205233e-02 -7.580803e-03 9.998986e-01 -6.975127e-01
7.348183e-01 -6.782426e-01 5.388849e-03 4.442430e+01 6.781279e-01 7.348069e-01 1.418988e-02 4.191742e+00 -1.358394e-02 -6.772653e-03 9.998848e-01 -7.065281e-01
7.367221e-01 -6.761774e-01 4.965163e-03 4.451657e+01 6.760715e-01 7.367076e-01 1.375689e-02 4.253964e+00 -1.295997e-02 -6.778201e-03 9.998931e-01 -7.157177e-01
7.408038e-01 -6.717060e-01 4.545814e-03 4.458341e+01 6.716090e-01 7.407867e-01 1.328603e-02 4.325549e+00 -1.229179e-02 -6.789334e-03 9.999014e-01 -7.183167e-01
7.458991e-01 -6.660482e-01 3.792046e-03 4.466888e+01 6.659583e-01 7.458733e-01 1.314474e-02 4.399580e+00 -1.158341e-02 -7.279305e-03 9.999064e-01 -7.220413e-01
7.520423e-01 -6.591008e-01 4.298289e-03 4.475468e+01 6.590018e-01 7.520180e-01 1.362365e-02 4.457593e+00 -1.221175e-02 -7.412978e-03 9.998980e-01 -7.231978e-01
7.587734e-01 -6.513442e-01 3.704573e-03 4.484926e+01 6.512456e-01 7.587380e-01 1.398490e-02 4.521673e+00 -1.191979e-02 -8.198784e-03 9.998953e-01 -7.269260e-01
7.677142e-01 -6.407814e-01 3.762593e-03 4.493999e+01 6.406839e-01 7.676791e-01 1.389592e-02 4.567796e+00 -1.179271e-02 -8.257463e-03 9.998963e-01 -7.303843e-01
7.778665e-01 -6.284261e-01 2.055082e-03 4.503422e+01 6.283577e-01 7.778231e-01 1.256720e-02 4.612976e+00 -9.496047e-03 -8.484280e-03 9.999189e-01 -7.334016e-01
7.888958e-01 -6.145254e-01 1.368955e-03 4.515052e+01 6.144627e-01 7.888435e-01 1.270523e-02 4.676474e+00 -8.887578e-03 -9.181930e-03 9.999183e-01 -7.430565e-01
8.003010e-01 -5.995985e-01 -2.030318e-04 4.525659e+01 5.995561e-01 8.002402e-01 1.216256e-02 4.731483e+00 -7.130177e-03 -9.855435e-03 9.999260e-01 -7.459809e-01
8.140250e-01 -5.808296e-01 -4.798803e-04 4.536248e+01 5.807927e-01 8.139633e-01 1.198737e-02 4.780091e+00 -6.572012e-03 -1.003673e-02 9.999281e-01 -7.540544e-01
