1.000000e+00 0.000000e+00 0.000000e+00 0.000000e+00 0.000000e+00 1.000000e+00 0.000000e+00 0.000000e+00 0.000000e+00 0.000000e+00 1.000000e+00 0.000000e+00
9.998508e-01 -1.723049e-02 1.231197e-03 5.112247e-01 1.723178e-02 9.998510e-01 -1.038474e-03 4.550469e-02 -1.213120e-03 1.059535e-03 9.999987e-01 -1.176535e-02
9.996121e-01 -2.753566e-02 4.174595e-03 8.398387e-01 2.754243e-02 9.996192e-01 -1.573122e-03 6.629659e-02 -4.129690e-03 1.687490e-03 9.999900e-01 -1.610264e-02
9.993119e-01 -3.681353e-02 4.522745e-03 1.137691e+00 3.682452e-02 9.993190e-01 -2.371384e-03 8.241844e-02 -4.432366e-03 2.536300e-03 9.999869e-01 -2.874819e-02
9.988494e-01 -4.767859e-02 5.159194e-03 1.463533e+00 4.769150e-02 9.988592e-01 -2.407518e-03 9.916773e-02 -5.038522e-03 2.650797e-03 9.999838e-01 -3.755962e-02
9.983615e-01 -5.698613e-02 5.176662e-03 1.773671e+00 5.700227e-02 9.983695e-01 -3.024560e-03 1.255006e-01 -4.995864e-03 3.314686e-03 9.999820e-01 -4.145077e-02
9.977533e-01 -6.676515e-02 5.547116e-03 2.075130e+00 6.678507e-02 9.977614e-01 -3.487527e-03 1.428027e-01 -5.301852e-03 3.850156e-03 9.999785e-01 -5.221761e-02
9.970576e-01 -7.641849e-02 6.028846e-03 2.364113e+00 7.644132e-02 9.970675e-01 -3.652157e-03 1.728908e-01 -5.732074e-03 4.102264e-03 9.999751e-01 -5.495137e-02
9.962869e-01 -8.576395e-02 7.547969e-03 2.659688e+00 8.579943e-02 9.963022e-01 -4.509425e-03 1.958726e-01 -7.133312e-03 5.140292e-03 9.999613e-01 -6.115945e-02
9.954184e-01 -9.521830e-02 8.696769e-03 2.940878e+00 9.525771e-02 9.954436e-01 -4.235541e-03 2.313756e-01 -8.253844e-03 5.044570e-03 9.999532e-01 -6.526637e-02
9.945418e-01 -1.038605e-01 9.981981e-03 3.213319e+00 1.039148e-01 9.945731e-01 -5.083043e-03 2.592521e-01 -9.399883e-03 6.092574e-03 9.999372e-01 -6.778842e-02
9.935118e-01 -1.131751e-01 1.121216e-02 3.473875e+00 1.132330e-01 9.935576e-01 -4.665263e-03 2.917322e-01 -1.061194e-02 5.904580e-03 9.999263e-01 -7.568878e-02
9.925559e-01 -1.212714e-01 1.123179e-02 3.728503e+00 1.213354e-01 9.925978e-01 -5.204578e-03 3.315273e-01 -1.051748e-02 6.528649e-03 9.999233e-01 -8.173133e-02
9.914969e-01 -1.296108e-01 1.161221e-02 3.961040e+00 1.296841e-01 9.915384e-01 -5.797086e-03 3.652905e-01 -1.076258e-02 7.253712e-03 9.999158e-01 -8.597901e-02
9.904621e-01 -1.372671e-01 1.193552e-02 4.200974e+00 1.373430e-01 9.905066e-01 -5.780851e-03 4.185615e-01 -1.102869e-02 7.364973e-03 9.999121e-01 -8.509821e-02
9.895325e-01 -1.438574e-01 1.142162e-02 4.417825e+00 1.439361e-01 9.895662e-01 -6.396647e-03 4.408967e-01 -1.038225e-02 7.973674e-03 9.999143e-01 -8.972026e-02
9.883507e-01 -1.518085e-01 1.081384e-02 4.627981e+00 1.518798e-01 9.883802e-01 -6.105243e-03 4.778247e-01 -9.761360e-03 7.676526e-03 9.999229e-01 -9.429258e-02
9.873892e-01 -1.579493e-01 1.070106e-02 4.823432e+00 1.580230e-01 9.874145e-01 -6.418095e-03 5.080223e-01 -9.552651e-03 8.028171e-03 9.999222e-01 -9.504244e-02
9.862329e-01 -1.649834e-01 1.118597e-02 5.008683e+00 1.650613e-01 9.862624e-01 -6.426529e-03 5.506461e-01 -9.972026e-03 8.184424e-03 9.999168e-01 -9.734651e-02
9.852147e-01 -1.709498e-01 1.132588e-02 5.191459e+00 1.710229e-01 9.852499e-01 -5.831936e-03 5.877241e-01 -1.016185e-02 7.682694e-03 9.999189e-01 -1.017939e-01
9.842178e-01 -1.765554e-01 1.198029e-02 5.369015e+00 1.766301e-01 9.842621e-01 -5.484385e-03 6.160237e-01 -1.082344e-02 7.513910e-03 9.999132e-01 -1.031844e-01
9.831293e-01 -1.825229e-01 1.192069e-02 5.509982e+00 1.825964e-01 9.831733e-01 -5.387346e-03 6.548083e-01 -1.073679e-02 7.473134e-03 9.999144e-01 -1.060740e-01
9.818925e-01 -1.890397e-01 1.229595e-02 5.665355e+00 1.891119e-01 9.819430e-01 -4.985902e-03 6.805626e-01 -1.113139e-02 7.220929e-03 9.999120e-01 -1.066294e-01
9.809384e-01 -1.939273e-01 1.232859e-02 5.807377e+00 1.939940e-01 9.809927e-01 -4.453664e-03 7.096212e-01 -1.123056e-02 6.760441e-03 9.999141e-01 -1.099356e-01
9.799690e-01 -1.987687e-01 1.232203e-02 5.928733e+00 1.988354e-01 9.800229e-01 -4.436269e-03 7.324495e-01 -1.119408e-02 6.797464e-03 9.999142e-01 -1.129324e-01
9.792227e-01 -2.024232e-01 1.215796e-02 6.047841e+00 2.024879e-01 9.792752e-01 -4.338415e-03 7.599584e-01 -1.102780e-02 6.710115e-03 9.999167e-01 -1.177159e-01
9.783124e-01 -2.067433e-01 1.272722e-02 6.167776e+00 2.068122e-01 9.783711e-01 -4.342568e-03 7.939680e-01 -1.155415e-02 6.880533e-03 9.999096e-01 -1.207109e-01
9.777688e-01 -2.092836e-01 1.297715e-02 6.249810e+00 2.093522e-01 9.778314e-01 -4.157703e-03 8.138020e-01 -1.181932e-02 6.782067e-03 9.999071e-01 -1.189127e-01
9.771633e-01 -2.120871e-01 1.307371e-02 6.351150e+00 2.121522e-01 9.772294e-01 -3.789769e-03 8.360776e-01 -1.197225e-02 6.476838e-03 9.999074e-01 -1.197095e-01
9.769122e-01 -2.132128e-01 1.352194e-02 6.433954e+00 2.132789e-01 9.769847e-01 -3.635535e-03 8.503759e-01 -1.243558e-02 6.435542e-03 9.999020e-01 -1.229379e-01
9.764741e-01 -2.152120e-01 1.349336e-02 6.510040e+00 2.152746e-01 9.765478e-01 -3.348299e-03 8.662016e-01 -1.245632e-02 6.174304e-03 9.999034e-01 -1.250836e-01
9.762322e-01 -2.163181e-01 1.331118e-02 6.577487e+00 2.163777e-01 9.763043e-01 -3.193993e-03 8.808461e-01 -1.230484e-02 5.998320e-03 9.999063e-01 -1.257180e-01
9.760299e-01 -2.172462e-01 1.303068e-02 6.648055e+00 2.173034e-01 9.760993e-01 -3.126610e-03 8.944475e-01 -1.203999e-02 5.883275e-03 9.999102e-01 -1.235572e-01
9.758124e-01 -2.181882e-01 1.356851e-02 6.715850e+00 2.182375e-01 9.758931e-01 -2.254873e-03 9.114633e-01 -1.274943e-02 5.161490e-03 9.999054e-01 -1.286130e-01
9.759002e-01 -2.177688e-01 1.398550e-02 6.757289e+00 2.178194e-01 9.759867e-01 -2.187076e-03 9.289024e-01 -1.317338e-02 5.180680e-03 9.998998e-01 -1.286959e-01
9.758304e-01 -2.181186e-01 1.339009e-02 6.810227e+00 2.181693e-01 9.759079e-01 -2.428650e-03 9.254691e-01 -1.253776e-02 5.291258e-03 9.999074e-01 -1.307148e-01
9.757053e-01 -2.186579e-01 1.370724e-02 6.861581e+00 2.187037e-01 9.757895e-01 -1.919110e-03 9.386951e-01 -1.295575e-02 4.870309e-03 9.999042e-01 -1.329646e-01
9.756346e-01 -2.189884e-01 1.346377e-02 6.904063e+00 2.190385e-01 9.757134e-01 -2.345897e-03 9.421587e-01 -1.262305e-02 5.237821e-03 9.999066e-01 -1.300142e-01
9.756423e-01 -2.189572e-01 1.341335e-02 6.922952e+00 2.190018e-01 9.757226e-01 -1.935460e-03 9.543585e-01 -1.266392e-02 4.825864e-03 9.999081e-01 -1.320123e-01
9.756274e-01 -2.190340e-01 1.324385e-02 6.937165e+00 2.190827e-01 9.757035e-01 -2.332277e-03 9.556392e-01 -1.241122e-02 5.176932e-03 9.999096e-01 -1.318545e-01
9.757090e-01 -2.186432e-01 1.368302e-02 6.951126e+00 2.186908e-01 9.757921e-01 -2.061684e-03 9.608741e-01 -1.290101e-02 5.003954e-03 9.999043e-01 -1.296758e-01
9.755834e-01 -2.192330e-01 1.318918e-02 6.966889e+00 2.192776e-01 9.756602e-01 -2.021443e-03 9.589226e-01 -1.242500e-02 4.864180e-03 9.999110e-01 -1.313978e-01
9.756021e-01 -2.191244e-01 1.360337e-02 6.982735e+00 2.191689e-01 9.756851e-01 -1.851154e-03 9.672769e-01 -1.286698e-02 4.787426e-03 9.999058e-01 -1.274819e-01
9.755096e-01 -2.195271e-01 1.374058e-02 6.996855e+00 2.195659e-01 9.755967e-01 -1.366247e-03 9.688635e-01 -1.310533e-02 4.349750e-03 9.999046e-01 -1.308801e-01
9.755691e-01 -2.192951e-01 1.321680e-02 6.999376e+00 2.193280e-01 9.756507e-01 -1.070735e-03 9.710641e-01 -1.266017e-02 3.943390e-03 9.999121e-01 -1.304297e-01
9.754844e-01 -2.196686e-01 1.326470e-02 7.006883e+00 2.196993e-01 9.755671e-01 -8.802285e-04 9.794522e-01 -1.274725e-02 3.772895e-03 9.999116e-01 -1.344628e-01
9.754667e-01 -2.197470e-01 1.326605e-02 7.016043e+00 2.197790e-01 9.755492e-01 -9.901848e-04 9.670453e-01 -1.272410e-02 3.881492e-03 9.999115e-01 -1.340876e-01
9.755817e-01 -2.192500e-01 1.302851e-02 7.011267e+00 2.192782e-01 9.756621e-01 -7.585548e-04 9.713182e-01 -1.254511e-02 3.596899e-03 9.999148e-01 -1.304887e-01
9.755567e-01 -2.193324e-01 1.350241e-02 7.000324e+00 2.193637e-01 9.756428e-01 -8.661420e-04 9.682464e-01 -1.298356e-02 3.806910e-03 9.999084e-01 -1.275750e-01
9.755905e-01 -2.191855e-01 1.344720e-02 7.011311e+00 2.192081e-01 9.756782e-01 -2.137416e-04 9.800494e-01 -1.307329e-02 3.156261e-03 9.999096e-01 -1.326524e-01
9.756197e-01 -2.190238e-01 1.395612e-02 7.016261e+00 2.190451e-01 9.757147e-01 3.484427e-06 9.849707e-01 -1.361795e-02 3.053619e-03 9.999026e-01 -1.302187e-01
9.755145e-01 -2.195460e-01 1.308049e-02 7.020353e+00 2.195700e-01 9.755968e-01 -4.075984e-04 9.757148e-01 -1.267180e-02 3.269701e-03 9.999143e-01 -1.306603e-01
9.755211e-01 -2.195055e-01 1.325866e-02 7.036031e+00 2.195221e-01 9.756075e-01 2.130623e-04 9.868082e-01 -1.298201e-02 2.702721e-03 9.999121e-01 -1.330483e-01
9.754722e-01 -2.197146e-01 1.340145e-02 7.047137e+00 2.197355e-01 9.755595e-01 -9.260187e-05 9.850734e-01 -1.305356e-02 3.035104e-03 9.999102e-01 -1.315211e-01
9.755459e-01 -2.193787e-01 1.353299e-02 7.054214e+00 2.193999e-01 9.756349e-01 -8.011272e-05 9.847276e-01 -1.318569e-02 3.047291e-03 9.999084e-01 -1.301816e-01
9.753289e-01 -2.203481e-01 1.342892e-02 7.078881e+00 2.203615e-01 9.754180e-01 4.921429e-04 9.977558e-01 -1.320725e-02 2.479216e-03 9.999097e-01 -1.321155e-01
9.752755e-01 -2.205856e-01 1.340441e-02 7.103034e+00 2.205931e-01 9.753655e-01 9.307982e-04 1.006660e+00 -1.327952e-02 2.049137e-03 9.999097e-01 -1.339581e-01
9.752734e-01 -2.206053e-01 1.323290e-02 7.124757e+00 2.206117e-01 9.753612e-01 9.895940e-04 1.002295e+00 -1.312516e-02 1.954208e-03 9.999120e-01 -1.340271e-01
9.752568e-01 -2.207185e-01 1.254764e-02 7.152615e+00 2.207239e-01 9.753358e-01 9.758623e-04 1.010211e+00 -1.245356e-02 1.817847e-03 9.999208e-01 -1.381793e-01
9.753773e-01 -2.201870e-01 1.252453e-02 7.208022e+00 2.201947e-01 9.754556e-01 7.724672e-04 1.010741e+00 -1.238722e-02 2.004390e-03 9.999213e-01 -1.363251e-01
9.753517e-01 -2.202898e-01 1.270733e-02 7.230538e+00 2.202922e-01 9.754331e-01 1.225799e-03 1.026929e+00 -1.266518e-02 1.603740e-03 9.999185e-01 -1.387495e-01
9.755834e-01 -2.192851e-01 1.228689e-02 7.262455e+00 2.192898e-01 9.756594e-01 9.818320e-04 1.027515e+00 -1.220312e-02 1.736531e-03 9.999240e-01 -1.363229e-01
9.757786e-01 -2.183751e-01 1.297526e-02 7.319424e+00 2.183754e-01 9.758638e-01 1.404602e-03 1.040638e+00 -1.296882e-02 1.462898e-03 9.999148e-01 -1.411993e-01
9.759122e-01 -2.177672e-01 1.314812e-02 7.367020e+00 2.177643e-01 9.760000e-01 1.671911e-03 1.054154e+00 -1.319665e-02 1.231552e-03 9.999121e-01 -1.433442e-01
9.759066e-01 -2.177818e-01 1.331862e-02 7.407029e+00 2.177778e-01 9.759969e-01 1.766944e-03 1.071589e+00 -1.338374e-02 1.176128e-03 9.999098e-01 -1.442662e-01
9.762405e-01 -2.162992e-01 1.300574e-02 7.469697e+00 2.162946e-01 9.763263e-01 1.771581e-03 1.076473e+00 -1.308104e-02 1.083582e-03 9.999139e-01 -1.471144e-01
9.764325e-01 -2.154357e-01 1.292562e-02 7.536249e+00 2.154328e-01 9.765174e-01 1.630387e-03 1.079608e+00 -1.297333e-02 1.192639e-03 9.999151e-01 -1.466742e-01
9.764353e-01 -2.153927e-01 1.342185e-02 7.583248e+00 2.153875e-01 9.765269e-01 1.848591e-03 1.099999e+00 -1.350497e-02 1.085869e-03 9.999082e-01 -1.482043e-01
9.765921e-01 -2.146966e-01 1.316542e-02 7.648206e+00 2.146937e-01 9.766800e-01 1.649338e-03 1.114936e+00 -1.321250e-02 1.215802e-03 9.999120e-01 -1.479452e-01
9.770543e-01 -2.125639e-01 1.347437e-02 7.716034e+00 2.125640e-01 9.771460e-01 1.434902e-03 1.125828e+00 -1.347143e-02 1.462189e-03 9.999082e-01 -1.501580e-01
9.772826e-01 -2.115079e-01 1.353149e-02 7.783963e+00 2.115082e-01 9.773751e-01 1.429207e-03 1.137800e+00 -1.352763e-02 1.465282e-03 9.999074e-01 -1.515648e-01
9.774132e-01 -2.108653e-01 1.411127e-02 7.834958e+00 2.108684e-01 9.775136e-01 1.288581e-03 1.155780e+00 -1.406567e-02 1.716143e-03 9.998996e-01 -1.490326e-01
9.777238e-01 -2.094461e-01 1.373215e-02 7.912102e+00 2.094485e-01 9.778188e-01 1.277359e-03 1.159245e+00 -1.369510e-02 1.627276e-03 9.999049e-01 -1.556647e-01
9.779851e-01 -2.081687e-01 1.452056e-02 7.965211e+00 2.081777e-01 9.780906e-01 8.989207e-04 1.172379e+00 -1.438955e-02 2.143726e-03 9.998941e-01 -1.546869e-01
9.781947e-01 -2.071950e-01 1.433009e-02 8.023587e+00 2.072082e-01 9.782968e-01 5.705858e-04 1.180797e+00 -1.413731e-02 2.411169e-03 9.998972e-01 -1.564728e-01
9.783018e-01 -2.066856e-01 1.437898e-02 8.099722e+00 2.066996e-01 9.784043e-01 5.200338e-04 1.187000e+00 -1.417594e-02 2.463380e-03 9.998965e-01 -1.568205e-01
9.786069e-01 -2.051832e-01 1.511276e-02 8.145308e+00 2.052027e-01 9.787195e-01 2.648470e-04 1.208460e+00 -1.484549e-02 2.841997e-03 9.998857e-01 -1.607479e-01
9.787117e-01 -2.046505e-01 1.554422e-02 8.203248e+00 2.046719e-01 9.788306e-01 2.204203e-04 1.211971e+00 -1.526027e-02 2.965737e-03 9.998792e-01 -1.577070e-01
9.790980e-01 -2.028262e-01 1.511825e-02 8.238104e+00 2.028504e-01 9.792098e-01 -6.841251e-05 1.214525e+00 -1.479006e-02 3.133726e-03 9.998857e-01 -1.583938e-01
9.791810e-01 -2.023824e-01 1.568320e-02 8.285453e+00 2.024056e-01 9.793018e-01 1.053597e-04 1.223465e+00 -1.537991e-02 3.071202e-03 9.998770e-01 -1.598875e-01
9.792247e-01 -2.021743e-01 1.563798e-02 8.330729e+00 2.021988e-01 9.793444e-01 1.716462e-05 1.225377e+00 -1.531844e-02 3.145173e-03 9.998777e-01 -1.603891e-01
9.793680e-01 -2.014451e-01 1.606626e-02 8.361775e+00 2.014710e-01 9.794945e-01 1.111289e-05 1.233460e+00 -1.573905e-02 3.226001e-03 9.998710e-01 -1.618655e-01
9.794094e-01 -2.012359e-01 1.616745e-02 8.391344e+00 2.012594e-01 9.795381e-01 1.768336e-04 1.237250e+00 -1.587222e-02 3.080660e-03 9.998693e-01 -1.650910e-01
9.795026e-01 -2.007773e-01 1.622549e-02 8.410368e+00 2.008001e-01 9.796323e-01 2.268889e-04 1.241154e+00 -1.594057e-02 3.035842e-03 9.998683e-01 -1.639430e-01
9.796481e-01 -2.000756e-01 1.610695e-02 8.431087e+00 2.000964e-01 9.797763e-01 3.285254e-04 1.245009e+00 -1.584694e-02 2.901103e-03 9.998702e-01 -1.642747e-01
9.796635e-01 -1.999585e-01 1.661439e-02 8.435471e+00 1.999835e-01 9.797993e-01 1.618182e-04 1.245178e+00 -1.631113e-02 3.164078e-03 9.998620e-01 -1.609839e-01
9.796973e-01 -1.998219e-01 1.625664e-02 8.443703e+00 1.998461e-01 9.798273e-01 1.389415e-04 1.247735e+00 -1.595646e-02 3.112705e-03 9.998679e-01 -1.578214e-01
9.797162e-01 -1.997485e-01 1.601861e-02 8.443553e+00 1.997672e-01 9.798433e-01 4.415862e-04 1.246688e+00 -1.578393e-02 2.767363e-03 9.998716e-01 -1.638339e-01
9.797188e-01 -1.997096e-01 1.634487e-02 8.434094e+00 1.997258e-01 9.798517e-01 6.487160e-04 1.251564e+00 -1.614510e-02 2.628934e-03 9.998662e-01 -1.616074e-01
9.797888e-01 -1.993912e-01 1.603512e-02 8.429461e+00 1.994011e-01 9.799175e-01 9.976265e-04 1.245580e+00 -1.591201e-02 2.219957e-03 9.998710e-01 -1.616914e-01
9.798317e-01 -1.992149e-01 1.559746e-02 8.441918e+00 1.992327e-01 9.799522e-01 4.197063e-04 1.243740e+00 -1.536837e-02 2.696282e-03 9.998783e-01 -1.622141e-01
9.797443e-01 -1.996010e-01 1.613987e-02 8.454784e+00 1.996135e-01 9.798743e-01 8.458484e-04 1.251770e+00 -1.598387e-02 2.393020e-03 9.998694e-01 -1.629361e-01
9.796940e-01 -1.998750e-01 1.580104e-02 8.440388e+00 1.998865e-01 9.798187e-01 8.584777e-04 1.245479e+00 -1.565374e-02 2.317369e-03 9.998748e-01 -1.643367e-01
9.797038e-01 -1.998434e-01 1.558610e-02 8.446979e+00 1.998566e-01 9.798248e-01 7.216561e-04 1.244016e+00 -1.541586e-02 2.407975e-03 9.998783e-01 -1.646629e-01
9.797538e-01 -1.995768e-01 1.586102e-02 8.453140e+00 1.995953e-01 9.798782e-01 4.205710e-04 1.244925e+00 -1.562580e-02 2.753729e-03 9.998741e-01 -1.632978e-01
9.797783e-01 -1.994775e-01 1.559714e-02 8.443440e+00 1.994939e-01 9.798989e-01 5.114507e-04 1.246731e+00 -1.538564e-02 2.610425e-03 9.998782e-01 -1.625818e-01
9.796939e-01 -1.999194e-01 1.523471e-02 8.440041e+00 1.999328e-01 9.798094e-01 6.579208e-04 1.247049e+00 -1.505864e-02 2.401357e-03 9.998837e-01 -1.664364e-01
9.798092e-01 -1.993029e-01 1.588233e-02 8.447585e+00 1.993196e-01 9.799346e-01 5.398232e-04 1.252744e+00 -1.567123e-02 2.636734e-03 9.998737e-01 -1.645656e-01
9.797421e-01 -1.996984e-01 1.503629e-02 8.455030e+00 1.997131e-01 9.798545e-01 5.373429e-04 1.246873e+00 -1.484068e-02 2.476486e-03 9.998868e-01 -1.650198e-01
9.799188e-01 -1.988066e-01 1.533195e-02 8.444355e+00 1.988255e-01 9.800349e-01 2.949454e-04 1.242796e+00 -1.508448e-02 2.759359e-03 9.998824e-01 -1.659166e-01
9.798198e-01 -1.993048e-01 1.518802e-02 8.441667e+00 1.993271e-01 9.799330e-01 5.023018e-05 1.255129e+00 -1.489325e-02 2.978166e-03 9.998847e-01 -1.668367e-01
9.798248e-01 -1.993062e-01 1.484652e-02 8.437236e+00 1.993316e-01 9.799320e-01 -2.413333e-04 1.253973e+00 -1.450048e-02 3.195846e-03 9.998897e-01 -1.670229e-01
9.797699e-01 -1.995609e-01 1.504117e-02 8.434944e+00 1.995900e-01 9.798793e-01 -4.390080e-04 1.253445e+00 -1.465092e-02 3.432193e-03 9.998868e-01 -1.658857e-01
9.796582e-01 -2.001111e-01 1.501393e-02 8.412290e+00 2.001466e-01 9.797655e-01 -8.874516e-04 1.245170e+00 -1.453255e-02 3.874387e-03 9.998869e-01 -1.637764e-01
9.795227e-01 -2.007870e-01 1.482881e-02 8.404173e+00 2.008258e-01 9.796263e-01 -1.160964e-03 1.233032e+00 -1.429358e-02 4.115198e-03 9.998894e-01 -1.600555e-01
9.791576e-01 -2.025736e-01 1.464149e-02 8.370860e+00 2.026073e-01 9.792596e-01 -8.360393e-04 1.236122e+00 -1.416846e-02 3.785087e-03 9.998925e-01 -1.647419e-01
9.787126e-01 -2.046874e-01 1.499088e-02 8.359299e+00 2.047265e-01 9.788187e-01 -1.103026e-03 1.241863e+00 -1.444758e-02 4.148575e-03 9.998870e-01 -1.614433e-01
9.782242e-01 -2.070304e-01 1.468835e-02 8.333922e+00 2.070664e-01 9.783264e-01 -9.586042e-04 1.236033e+00 -1.417154e-02 3.979194e-03 9.998916e-01 -1.592052e-01
9.774598e-01 -2.106294e-01 1.441044e-02 8.302306e+00 2.106629e-01 9.775585e-01 -8.329215e-04 1.237408e+00 -1.391161e-02 3.849893e-03 9.998958e-01 -1.611409e-01
9.764665e-01 -2.151612e-01 1.479364e-02 8.265036e+00 2.151965e-01 9.765704e-01 -8.192853e-04 1.236982e+00 -1.427075e-02 3.983544e-03 9.998902e-01 -1.622469e-01
9.754435e-01 -2.197655e-01 1.459781e-02 8.223720e+00 2.198034e-01 9.755436e-01 -1.022918e-03 1.239667e+00 -1.401599e-02 4.206446e-03 9.998930e-01 -1.578988e-01
9.737481e-01 -2.272291e-01 1.347335e-02 8.195203e+00 2.272574e-01 9.738345e-01 -5.869181e-04 1.231493e+00 -1.298745e-02 3.633429e-03 9.999090e-01 -1.609955e-01
9.719703e-01 -2.346800e-01 1.411230e-02 8.126254e+00 2.347127e-01 9.720645e-01 -6.886530e-04 1.239491e+00 -1.355646e-02 3.981687e-03 9.999002e-01 -1.526677e-01
9.697198e-01 -2.438326e-01 1.375314e-02 8.083733e+00 2.438571e-01 9.698111e-01 -1.092667e-04 1.243469e+00 -1.331131e-02 3.459759e-03 9.999054e-01 -1.581426e-01
9.672458e-01 -2.535254e-01 1.266739e-02 8.017320e+00 2.535472e-01 9.673229e-01 -1.132142e-04 1.233827e+00 -1.222476e-02 3.321287e-03 9.999198e-01 -1.532275e-01
9.642681e-01 -2.646002e-01 1.317961e-02 7.960951e+00 2.646114e-01 9.643548e-01 9.228982e-04 1.253779e+00 -1.295402e-02 2.597554e-03 9.999127e-01 -1.520889e-01
9.608565e-01 -2.768045e-01 1.158133e-02 7.895041e+00 2.768116e-01 9.609237e-01 1.011174e-03 1.242611e+00 -1.140867e-02 2.234253e-03 9.999324e-01 -1.513239e-01
9.573663e-01 -2.886775e-01 1.072692e-02 7.835738e+00 2.886829e-01 9.574243e-01 1.071868e-03 1.225425e+00 -1.057964e-02 2.070508e-03 9.999419e-01 -1.505805e-01
9.531398e-01 -3.023572e-01 1.022407e-02 7.748220e+00 3.023602e-01 9.531928e-01 1.286291e-03 1.232118e+00 -1.013443e-02 1.865338e-03 9.999469e-01 -1.485233e-01
9.487126e-01 -3.159951e-01 9.559516e-03 7.685297e+00 3.159946e-01 9.487596e-01 1.599289e-03 1.227763e+00 -9.575050e-03 1.503490e-03 9.999530e-01 -1.481569e-01
9.437125e-01 -3.306419e-01 9.095648e-03 7.609632e+00 3.306367e-01 9.437556e-01 2.109387e-03 1.219641e+00 -9.281522e-03 1.016700e-03 9.999564e-01 -1.472845e-01
9.380161e-01 -3.464887e-01 8.445644e-03 7.544144e+00 3.464851e-01 9.380534e-01 1.939108e-03 1.216047e+00 -8.594344e-03 1.107375e-03 9.999624e-01 -1.447198e-01
9.318192e-01 -3.628415e-01 7.681042e-03 7.467402e+00 3.628349e-01 9.318506e-01 2.280399e-03 1.208430e+00 -7.985007e-03 6.620312e-04 9.999679e-01 -1.440934e-01
9.255908e-01 -3.784544e-01 7.342647e-03 7.388866e+00 3.784493e-01 9.256195e-01 2.129013e-03 1.204704e+00 -7.602233e-03 8.082246e-04 9.999708e-01 -1.409524e-01
9.182174e-01 -3.960244e-01 6.434153e-03 7.298285e+00 3.960155e-01 9.182400e-01 2.655338e-03 1.196115e+00 -6.959675e-03 1.098471e-04 9.999758e-01 -1.409726e-01
9.108186e-01 -4.127633e-01 5.996783e-03 7.227479e+00 4.127562e-01 9.108382e-01 2.427264e-03 1.177025e+00 -6.463985e-03 2.644128e-04 9.999791e-01 -1.374428e-01
9.034936e-01 -4.285784e-01 4.458522e-03 7.132645e+00 4.285695e-01 9.035045e-01 2.834349e-03 1.161430e+00 -5.243035e-03 -6.500293e-04 9.999861e-01 -1.375972e-01
8.973445e-01 -4.413205e-01 3.005285e-03 7.068673e+00 4.413089e-01 8.973470e-01 3.830750e-03 1.141398e+00 -4.387372e-03 -2.111243e-03 9.999881e-01 -1.380767e-01
8.917933e-01 -4.524431e-01 2.511737e-04 6.996045e+00 4.524338e-01 8.917782e-01 5.934176e-03 1.134981e+00 -2.908868e-03 -5.178419e-03 9.999824e-01 -1.397229e-01
8.880856e-01 -4.596781e-01 -9.342621e-05 6.977906e+00 4.596690e-01 8.880668e-01 6.471496e-03 1.107905e+00 -2.891836e-03 -5.790188e-03 9.999791e-01 -1.394461e-01
8.849357e-01 -4.657124e-01 8.871914e-04 6.943979e+00 4.656981e-01 8.849206e-01 6.403636e-03 1.107654e+00 -3.767347e-03 -5.253643e-03 9.999791e-01 -1.396214e-01
8.840851e-01 -4.673254e-01 6.167690e-04 6.938148e+00 4.673144e-01 8.840718e-01 5.849157e-03 1.099833e+00 -3.278729e-03 -4.882928e-03 9.999827e-01 -1.380138e-01
8.844761e-01 -4.665844e-01 1.078517e-03 6.956682e+00 4.665740e-01 8.844680e-01 5.025294e-03 1.092774e+00 -3.298637e-03 -3.941544e-03 9.999868e-01 -1.379653e-01
8.843445e-01 -4.668076e-01 5.055176e-03 6.937221e+00 4.667934e-01 8.843584e-01 3.757582e-03 1.094321e+00 -6.224656e-03 -9.632733e-04 9.999802e-01 -1.322950e-01
8.842008e-01 -4.670523e-01 7.150108e-03 6.943840e+00 4.670457e-01 8.842289e-01 2.676419e-03 1.091640e+00 -7.572362e-03 9.729354e-04 9.999709e-01 -1.398504e-01
8.843974e-01 -4.666974e-01 5.890604e-03 6.950588e+00 4.666878e-01 8.844171e-01 3.006286e-03 1.088309e+00 -6.612777e-03 9.032164e-05 9.999781e-01 -1.404399e-01
8.841029e-01 -4.672638e-01 5.161230e-03 6.946551e+00 4.672539e-01 8.841178e-01 3.041249e-03 1.095327e+00 -5.984202e-03 -2.771722e-04 9.999821e-01 -1.393361e-01
8.840588e-01 -4.673459e-01 5.271816e-03 6.945902e+00 4.673358e-01 8.840744e-01 3.085025e-03 1.104568e+00 -6.102453e-03 -2.636351e-04 9.999813e-01 -1.360549e-01
8.843134e-01 -4.668656e-01 5.127558e-03 6.945428e+00 4.668573e-01 8.843282e-01 2.780037e-03 1.095931e+00 -5.832348e-03 -6.458594e-05 9.999830e-01 -1.343848e-01
8.841282e-01 -4.672104e-01 5.633309e-03 6.951997e+00 4.672014e-01 8.841461e-01 2.896407e-03 1.095406e+00 -6.333900e-03 7.109519e-05 9.999799e-01 -1.390840e-01
8.840971e-01 -4.672722e-01 5.386715e-03 6.957319e+00 4.672639e-01 8.841136e-01 2.797425e-03 1.092257e+00 -6.069627e-03 4.382210e-05 9.999816e-01 -1.386966e-01
8.840306e-01 -4.673941e-01 5.720142e-03 6.945910e+00 4.673863e-01 8.840489e-01 2.704523e-03 1.098876e+00 -6.320964e-03 2.826353e-04 9.999800e-01 -1.383441e-01
8.839087e-01 -4.676330e-01 4.974330e-03 6.948685e+00 4.676256e-01 8.839227e-01 2.632356e-03 1.098716e+00 -5.627900e-03 -6.379560e-07 9.999841e-01 -1.397129e-01
8.834935e-01 -4.684110e-01 5.509779e-03 6.943657e+00 4.684038e-01 8.835106e-01 2.614274e-03 1.096534e+00 -6.092503e-03 2.711073e-04 9.999814e-01 -1.360685e-01
8.830214e-01 -4.693030e-01 5.287593e-03 6.933493e+00 4.692972e-01 8.830371e-01 2.367791e-03 1.093223e+00 -5.780352e-03 3.906420e-04 9.999832e-01 -1.400123e-01
8.823378e-01 -4.705855e-01 5.417959e-03 6.933290e+00 4.705828e-01 8.823538e-01 1.824105e-03 1.091930e+00 -5.638954e-03 9.401221e-04 9.999837e-01 -1.387633e-01
8.812752e-01 -4.725741e-01 5.272821e-03 6.926725e+00 4.725690e-01 8.812908e-01 2.254129e-03 1.093727e+00 -5.712132e-03 5.052631e-04 9.999835e-01 -1.413257e-01
8.808964e-01 -4.732748e-01 5.692816e-03 6.921923e+00 4.732715e-01 8.809144e-01 1.995867e-03 1.088714e+00 -5.959477e-03 9.360951e-04 9.999818e-01 -1.395308e-01
8.797227e-01 -4.754542e-01 5.598715e-03 6.897243e+00 4.754520e-01 8.797396e-01 1.797809e-03 1.078552e+00 -5.780188e-03 1.080347e-03 9.999827e-01 -1.388177e-01
8.780401e-01 -4.785593e-01 5.158101e-03 6.882567e+00 4.785588e-01 8.780545e-01 1.405269e-03 1.075088e+00 -5.201598e-03 1.234572e-03 9.999857e-01 -1.380929e-01
8.763257e-01 -4.816863e-01 5.615114e-03 6.873713e+00 4.816883e-01 8.763419e-01 1.079994e-03 1.078851e+00 -5.440978e-03 1.758308e-03 9.999837e-01 -1.408781e-01
8.735935e-01 -4.866091e-01 6.779423e-03 6.851331e+00 4.866180e-01 8.736148e-01 3.812221e-04 1.080673e+00 -6.108110e-03 2.965956e-03 9.999769e-01 -1.354548e-01
8.704258e-01 -4.922599e-01 6.255968e-03 6.813483e+00 4.922720e-01 8.704414e-01 -4.585737e-04 1.068668e+00 -5.219715e-03 3.478792e-03 9.999803e-01 -1.365603e-01
8.659338e-01 -5.001171e-01 6.440974e-03 6.778713e+00 5.001330e-01 8.659480e-01 -1.027030e-03 1.057175e+00 -5.063913e-03 4.110683e-03 9.999787e-01 -1.402449e-01
8.612214e-01 -5.081935e-01 6.083051e-03 6.732378e+00 5.082083e-01 8.612335e-01 -1.093811e-03 1.040685e+00 -4.683060e-03 4.033471e-03 9.999809e-01 -1.381640e-01
8.551810e-01 -5.183091e-01 4.591572e-03 6.675923e+00 5.183188e-01 8.551866e-01 -1.143405e-03 1.030242e+00 -3.334014e-03 3.357716e-03 9.999888e-01 -1.378003e-01
8.480082e-01 -5.299630e-01 4.631644e-03 6.619424e+00 5.299727e-01 8.480140e-01 -1.120160e-03 1.018476e+00 -3.334055e-03 3.404550e-03 9.999887e-01 -1.358780e-01
8.404940e-01 -5.418049e-01 4.161143e-03 6.543342e+00 5.418130e-01 8.404984e-01 -1.070155e-03 1.003138e+00 -2.917619e-03 3.154020e-03 9.999908e-01 -1.331216e-01
8.320630e-01 -5.546695e-01 3.586836e-03 6.478572e+00 5.546750e-01 8.320668e-01 -6.860601e-04 9.708989e-01 -2.603950e-03 2.560373e-03 9.999933e-01 -1.323677e-01
8.230912e-01 -5.679004e-01 3.164960e-03 6.401501e+00 5.679044e-01 8.230945e-01 -4.264278e-04 9.565341e-01 -2.362892e-03 2.148383e-03 9.999949e-01 -1.269322e-01
8.134074e-01 -5.816888e-01 2.536685e-03 6.319951e+00 5.816912e-01 8.134097e-01 -2.613103e-04 9.213842e-01 -1.911363e-03 1.688119e-03 9.999967e-01 -1.268239e-01
8.032340e-01 -5.956609e-01 1.823155e-03 6.234972e+00 5.956622e-01 8.032351e-01 -2.722986e-04 8.877147e-01 -1.302224e-03 1.304704e-03 9.999983e-01 -1.270430e-01
7.918949e-01 -6.106567e-01 8.295575e-04 6.132653e+00 6.106572e-01 7.918949e-01 -4.017028e-04 8.606279e-01 -4.116199e-04 8.246817e-04 9.999996e-01 -1.232991e-01
7.809572e-01 -6.245845e-01 2.585616e-04 6.060284e+00 6.245845e-01 7.809572e-01 -6.972616e-05 8.232188e-01 -1.583756e-04 2.159467e-04 9.999999e-01 -1.207135e-01
7.689267e-01 -6.393365e-01 -7.250824e-04 5.980035e+00 6.393367e-01 7.689270e-01 1.347322e-04 7.781395e-01 4.713961e-04 -5.671710e-04 9.999997e-01 -1.208877e-01
7.573854e-01 -6.529651e-01 -1.963621e-03 5.905396e+00 6.529669e-01 7.573863e-01 3.519399e-04 7.338625e-01 1.257416e-03 -1.548734e-03 9.999980e-01 -1.225761e-01
7.456070e-01 -6.663786e-01 -3.144437e-03 5.821992e+00 6.663827e-01 7.456098e-01 4.131002e-04 6.981618e-01 2.069242e-03 -2.403409e-03 9.999950e-01 -1.221627e-01
7.338449e-01 -6.793079e-01 -3.531984e-03 5.750344e+00 6.793126e-01 7.338490e-01 1.755127e-04 6.511787e-01 2.472716e-03 -2.528120e-03 9.999937e-01 -1.183984e-01
7.233049e-01 -6.905114e-01 -4.913540e-03 5.684776e+00 6.905198e-01 7.233135e-01 1.418882e-05 6.081873e-01 3.544232e-03 -3.403159e-03 9.999879e-01 -1.167542e-01
7.118056e-01 -7.023550e-01 -5.501373e-03 5.604699e+00 7.023670e-01 7.118148e-01 3.810498e-04 5.799942e-01 3.648327e-03 -4.135217e-03 9.999848e-01 -1.185782e-01
7.009951e-01 -7.131354e-01 -6.620110e-03 5.530636e+00 7.131511e-01 7.010103e-01 3.481610e-05 5.368926e-01 4.615936e-03 -4.745545e-03 9.999781e-01 -1.159896e-01
6.907275e-01 -7.230800e-01 -7.127682e-03 5.476850e+00 7.231017e-01 6.907412e-01 7.218791e-04 5.038677e-01 4.401407e-03 -5.652661e-03 9.999743e-01 -1.136568e-01
6.808575e-01 -7.323794e-01 -7.310803e-03 5.408446e+00 7.324008e-01 6.808736e-01 3.615154e-04 4.580035e-01 4.712967e-03 -5.600577e-03 9.999732e-01 -1.093904e-01
6.707624e-01 -7.416306e-01 -7.862634e-03 5.362110e+00 7.416572e-01 6.707786e-01 7.412035e-04 4.239548e-01 4.724387e-03 -6.328551e-03 9.999688e-01 -1.134394e-01
6.614466e-01 -7.499499e-01 -7.964101e-03 5.313538e+00 7.499783e-01 6.614618e-01 9.275554e-04 3.892796e-01 4.572328e-03 -6.586431e-03 9.999679e-01 -1.084869e-01
6.521040e-01 -7.580763e-01 -8.977510e-03 5.253128e+00 7.581110e-01 6.521251e-01 7.364156e-04 3.397305e-01 5.296201e-03 -7.286170e-03 9.999594e-01 -1.089073e-01
6.435874e-01 -7.653204e-01 -8.945410e-03 5.212649e+00 7.653558e-01 6.436069e-01 8.775305e-04 3.044530e-01 5.085736e-03 -7.411189e-03 9.999596e-01 -1.083332e-01
6.350919e-01 -7.723750e-01 -9.747220e-03 5.173615e+00 7.724144e-01 6.351186e-01 4.347931e-04 2.700714e-01 5.854819e-03 -7.805027e-03 9.999524e-01 -1.056414e-01
6.265577e-01 -7.793054e-01 -1.041432e-02 5.132593e+00 7.793551e-01 6.265811e-01 1.228531e-03 2.399831e-01 5.568019e-03 -8.886202e-03 9.999450e-01 -1.063749e-01
6.196085e-01 -7.848362e-01 -1.083347e-02 5.085968e+00 7.848886e-01 6.196361e-01 9.943708e-04 2.062592e-01 5.932393e-03 -9.119190e-03 9.999408e-01 -1.023413e-01
6.129318e-01 -7.900601e-01 -1.093645e-02 5.050750e+00 7.901149e-01 6.129576e-01 1.215281e-03 1.879478e-01 5.743437e-03 -9.385940e-03 9.999394e-01 -1.035349e-01
6.073616e-01 -7.943457e-01 -1.126087e-02 5.023652e+00 7.944013e-01 6.073925e-01 8.217855e-04 1.651951e-01 6.186990e-03 -9.444775e-03 9.999363e-01 -1.012813e-01
6.034107e-01 -7.973529e-01 -1.113759e-02 5.011133e+00 7.974076e-01 6.034406e-01 8.142437e-04 1.426281e-01 6.071637e-03 -9.372523e-03 9.999377e-01 -1.014049e-01
6.002878e-01 -7.996984e-01 -1.170597e-02 4.993376e+00 7.997556e-01 6.003257e-01 3.471319e-04 1.197440e-01 6.749791e-03 -9.570290e-03 9.999314e-01 -9.535808e-02
5.982670e-01 -8.012096e-01 -1.182135e-02 4.978975e+00 8.012683e-01 5.983050e-01 3.826697e-04 1.060393e-01 6.766177e-03 -9.701014e-03 9.999300e-01 -9.784640e-02
5.960188e-01 -8.028855e-01 -1.167740e-02 4.979890e+00 8.029453e-01 5.960523e-01 7.417868e-04 1.033757e-01 6.364773e-03 -9.818435e-03 9.999315e-01 -1.006006e-01
5.954573e-01 -8.032960e-01 -1.209109e-02 4.975264e+00 8.033562e-01 5.954988e-01 2.134512e-04 9.411379e-02 7.028765e-03 -9.840555e-03 9.999269e-01 -1.022523e-01
5.957730e-01 -8.030660e-01 -1.181271e-02 4.976494e+00 8.031207e-01 5.958164e-01 -1.877481e-04 9.218986e-02 7.188981e-03 -9.375178e-03 9.999302e-01 -9.756164e-02
5.959181e-01 -8.029752e-01 -1.060456e-02 4.976710e+00 8.030181e-01 5.959545e-01 -3.509047e-04 9.396749e-02 6.601606e-03 -8.306544e-03 9.999437e-01 -9.453973e-02
5.954334e-01 -8.033356e-01 -1.054491e-02 4.970595e+00 8.033804e-01 5.954663e-01 3.349548e-05 1.006568e-01 6.252231e-03 -8.491520e-03 9.999444e-01 -9.923879e-02
5.956008e-01 -8.032044e-01 -1.106138e-02 4.983508e+00 8.032541e-01 5.956364e-01 9.228382e-05 9.463085e-02 6.514439e-03 -8.940065e-03 9.999388e-01 -9.867611e-02
5.954431e-01 -8.033296e-01 -1.044151e-02 4.975634e+00 8.033695e-01 5.954807e-01 -6.220681e-04 9.090430e-02 6.717443e-03 -8.017983e-03 9.999453e-01 -9.557530e-02
5.957260e-01 -8.031151e-01 -1.079553e-02 4.976858e+00 8.031585e-01 5.957651e-01 -5.147909e-04 9.276296e-02 6.845037e-03 -8.363849e-03 9.999416e-01 -9.838966e-02
5.955659e-01 -8.032362e-01 -1.062604e-02 4.979110e+00 8.032817e-01 5.955994e-01 2.046768e-05 9.620757e-02 6.312420e-03 -8.547889e-03 9.999436e-01 -9.679032e-02
5.955714e-01 -8.032362e-01 -1.031363e-02 4.971191e+00 8.032766e-01 5.956061e-01 -3.658226e-04 9.822892e-02 6.436705e-03 -8.066826e-03 9.999468e-01 -9.500844e-02
5.956464e-01 -8.031776e-01 -1.054153e-02 4.982973e+00 8.032198e-01 5.956826e-01 -3.777463e-04 9.109674e-02 6.582807e-03 -8.242167e-03 9.999444e-01 -9.858717e-02
5.956405e-01 -8.031798e-01 -1.070084e-02 4.983907e+00 8.032252e-01 5.956756e-01 -9.346055e-05 9.584038e-02 6.449292e-03 -8.539513e-03 9.999427e-01 -9.662946e-02
5.950889e-01 -8.035880e-01 -1.075128e-02 4.977322e+00 8.036341e-01 5.951235e-01 -4.322920e-05 9.720077e-02 6.433081e-03 -8.614372e-03 9.999422e-01 -9.955132e-02
5.957816e-01 -8.030782e-01 -1.046814e-02 4.983974e+00 8.031216e-01 5.958149e-01 -9.394111e-05 9.391558e-02 6.312516e-03 -8.351220e-03 9.999452e-01 -9.639063e-02
5.957248e-01 -8.031137e-01 -1.097060e-02 4.981529e+00 8.031603e-01 5.957628e-01 -2.563684e-04 9.410362e-02 6.741768e-03 -8.658424e-03 9.999398e-01 -9.869001e-02
5.954798e-01 -8.032973e-01 -1.083194e-02 4.984852e+00 8.033442e-01 5.955149e-01 -1.870003e-05 9.839783e-02 6.465604e-03 -8.690641e-03 9.999413e-01 -1.005553e-01
5.951805e-01 -8.035214e-01 -1.065142e-02 4.982407e+00 8.035659e-01 5.952157e-01 -1.826193e-04 1.018981e-01 6.486633e-03 -8.450428e-03 9.999433e-01 -9.888912e-02
5.952228e-01 -8.034880e-01 -1.081062e-02 4.979602e+00 8.035337e-01 5.952593e-01 -1.926720e-04 9.368067e-02 6.589929e-03 -8.572011e-03 9.999415e-01 -9.757849e-02
5.952802e-01 -8.034450e-01 -1.084513e-02 4.975482e+00 8.034922e-01 5.953152e-01 -1.261802e-05 9.789468e-02 6.466407e-03 -8.706464e-03 9.999412e-01 -9.904394e-02
5.952661e-01 -8.034616e-01 -1.038214e-02 4.970707e+00 8.035052e-01 5.952977e-01 5.908078e-05 1.042183e-01 6.132996e-03 -8.377274e-03 9.999461e-01 -9.612557e-02
5.957838e-01 -8.030757e-01 -1.054453e-02 4.975979e+00 8.031212e-01 5.958157e-01 1.367559e-04 1.014028e-01 6.172770e-03 -8.550009e-03 9.999444e-01 -9.794905e-02
5.954403e-01 -8.033320e-01 -1.041935e-02 4.977563e+00 8.033761e-01 5.954720e-01 8.666469e-05 9.495784e-02 6.134813e-03 -8.422265e-03 9.999457e-01 -9.723643e-02
5.955577e-01 -8.032449e-01 -1.041696e-02 4.986681e+00 8.032883e-01 5.955902e-01 -2.329657e-05 9.865705e-02 6.222953e-03 -8.353949e-03 9.999458e-01 -9.511707e-02
5.953591e-01 -8.033920e-01 -1.043509e-02 4.986636e+00 8.034353e-01 5.953921e-01 -6.675627e-05 1.000538e-01 6.266600e-03 -8.344174e-03 9.999455e-01 -9.973553e-02
5.953599e-01 -8.033869e-01 -1.076962e-02 4.984409e+00 8.034320e-01 5.953965e-01 -2.426831e-04 9.294447e-02 6.607161e-03 -8.508170e-03 9.999420e-01 -9.867338e-02
5.952129e-01 -8.034973e-01 -1.065983e-02 4.972637e+00 8.035406e-01 5.952499e-01 -3.699274e-04 9.378545e-02 6.642499e-03 -8.345423e-03 9.999431e-01 -9.591012e-02
5.956279e-01 -8.031916e-01 -1.052290e-02 4.975900e+00 8.032356e-01 5.956615e-01 -7.062219e-05 9.581517e-02 6.324807e-03 -8.410300e-03 9.999446e-01 -9.719462e-02
5.958738e-01 -8.030102e-01 -1.044689e-02 4.974461e+00 8.030524e-01 5.959086e-01 -2.609296e-04 9.556999e-02 6.434921e-03 -8.233921e-03 9.999454e-01 -9.585709e-02
5.954434e-01 -8.033282e-01 -1.054062e-02 4.971930e+00 8.033706e-01 5.954792e-01 -3.408203e-04 9.498861e-02 6.550514e-03 -8.265088e-03 9.999444e-01 -9.862496e-02
5.951842e-01 -8.035152e-01 -1.091285e-02 4.990469e+00 8.035575e-01 5.952266e-01 -8.097354e-04 9.095012e-02 7.146251e-03 -8.287159e-03 9.999401e-01 -9.933098e-02
5.954235e-01 -8.033439e-01 -1.046271e-02 4.976099e+00 8.033878e-01 5.954562e-01 -1.075352e-05 9.775163e-02 6.238723e-03 -8.399209e-03 9.999453e-01 -9.745605e-02
5.955888e-01 -8.032160e-01 -1.086082e-02 4.987604e+00 8.032607e-01 5.956273e-01 -3.982978e-04 8.730315e-02 6.788922e-03 -8.486851e-03 9.999409e-01 -9.772786e-02
5.954778e-01 -8.033046e-01 -1.038220e-02 4.982880e+00 8.033472e-01 5.955110e-01 -1.276676e-04 9.529714e-02 6.285268e-03 -8.264486e-03 9.999461e-01 -9.672234e-02
5.959858e-01 -8.029249e-01 -1.060568e-02 4.977634e+00 8.029675e-01 5.960227e-01 -4.020375e-04 9.103787e-02 6.644032e-03 -8.276407e-03 9.999437e-01 -9.737635e-02
5.953501e-01 -8.033952e-01 -1.069829e-02 4.984358e+00 8.034408e-01 5.953847e-01 -5.214615e-05 9.733839e-02 6.411494e-03 -8.564401e-03 9.999428e-01 -9.882158e-02
5.955454e-01 -8.032485e-01 -1.084154e-02 4.986427e+00 8.032939e-01 5.955827e-01 -2.753506e-04 9.320637e-02 6.678207e-03 -8.544957e-03 9.999412e-01 -9.894937e-02
5.953444e-01 -8.034009e-01 -1.058540e-02 4.978542e+00 8.034439e-01 5.953803e-01 -3.038808e-04 9.560935e-02 6.546477e-03 -8.323861e-03 9.999439e-01 -9.755747e-02
5.959120e-01 -8.029824e-01 -1.039640e-02 4.981284e+00 8.030270e-01 5.959426e-01 1.849132e-04 9.825531e-02 6.047178e-03 -8.458785e-03 9.999459e-01 -9.626234e-02
5.955912e-01 -8.032178e-01 -1.059511e-02 4.974123e+00 8.032613e-01 5.956267e-01 -2.451492e-04 9.727828e-02 6.507642e-03 -8.364636e-03 9.999439e-01 -9.639025e-02
5.955776e-01 -8.032327e-01 -1.022911e-02 4.972013e+00 8.032731e-01 5.956109e-01 -2.649215e-04 9.241866e-02 6.305361e-03 -8.058985e-03 9.999477e-01 -9.544658e-02
5.953734e-01 -8.033727e-01 -1.108394e-02 4.988009e+00 8.034187e-01 5.954143e-01 -4.885015e-04 9.273636e-02 6.991984e-03 -8.614203e-03 9.999384e-01 -9.932434e-02
5.956415e-01 -8.031789e-01 -1.071876e-02 4.978241e+00 8.032238e-01 5.956774e-01 -1.783092e-04 9.736681e-02 6.528134e-03 -8.503351e-03 9.999425e-01 -9.940269e-02
5.955513e-01 -8.032499e-01 -1.040795e-02 4.981184e+00 8.032919e-01 5.955855e-01 -2.427078e-04 9.825648e-02 6.393781e-03 -8.216079e-03 9.999458e-01 -9.583928e-02
5.950842e-01 -8.035879e-01 -1.101441e-02 4.980814e+00 8.036331e-01 5.951248e-01 -5.253688e-04 9.497620e-02 6.977130e-03 -8.538909e-03 9.999392e-01 -1.017124e-01
5.955614e-01 -8.032408e-01 -1.053465e-02 4.985556e+00 8.032850e-01 5.955949e-01 -4.655961e-05 9.768447e-02 6.311779e-03 -8.434593e-03 9.999445e-01 -9.745974e-02
5.959191e-01 -8.029695e-01 -1.097715e-02 4.981952e+00 8.030159e-01 5.959575e-01 -2.858904e-04 9.762267e-02 6.771475e-03 -8.644456e-03 9.999397e-01 -1.007567e-01
5.956857e-01 -8.031451e-01 -1.079843e-02 4.976933e+00 8.031899e-01 5.957230e-01 -2.993490e-04 9.633560e-02 6.673291e-03 -8.494869e-03 9.999416e-01 -9.817527e-02
5.960497e-01 -8.028738e-01 -1.087786e-02 4.981507e+00 8.029232e-01 5.960823e-01 2.941242e-04 1.030101e-01 6.247956e-03 -8.909399e-03 9.999408e-01 -9.890993e-02
5.966330e-01 -8.024457e-01 -1.049482e-02 4.987609e+00 8.024912e-01 5.966640e-01 2.169758e-04 1.026001e-01 6.087767e-03 -8.551451e-03 9.999449e-01 -9.611133e-02
5.979759e-01 -8.014430e-01 -1.067069e-02 4.988773e+00 8.014908e-01 5.980068e-01 3.446559e-04 1.092312e-01 6.104927e-03 -8.758560e-03 9.999430e-01 -9.858111e-02
5.987197e-01 -8.008886e-01 -1.059337e-02 4.997112e+00 8.009353e-01 5.987509e-01 2.857866e-04 1.109210e-01 6.113904e-03 -8.655706e-03 9.999439e-01 -1.004586e-01
6.003624e-01 -7.996582e-01 -1.057428e-02 4.990387e+00 7.997071e-01 6.003901e-01 6.830841e-04 1.128961e-01 5.802460e-03 -8.866425e-03 9.999439e-01 -9.953397e-02
6.020037e-01 -7.984176e-01 -1.099485e-02 5.011938e+00 7.984735e-01 6.020286e-01 1.245948e-03 1.209963e-01 5.624425e-03 -9.529158e-03 9.999388e-01 -1.008167e-01
6.061250e-01 -7.952858e-01 -1.152839e-02 5.016807e+00 7.953540e-01 6.061397e-01 2.570302e-03 1.294316e-01 4.943691e-03 -1.072708e-02 9.999303e-01 -9.934293e-02
6.105949e-01 -7.918630e-01 -1.126167e-02 5.048601e+00 7.919351e-01 6.105909e-01 4.192896e-03 1.421869e-01 3.556075e-03 -1.147867e-02 9.999278e-01 -1.014448e-01
6.174670e-01 -7.865156e-01 -1.129857e-02 5.073179e+00 7.865913e-01 6.174526e-01 5.137865e-03 1.694024e-01 2.935319e-03 -1.205982e-02 9.999230e-01 -9.888131e-02
6.251726e-01 -7.804136e-01 -1.066612e-02 5.115053e+00 7.804810e-01 6.251609e-01 4.793357e-03 1.912694e-01 2.927241e-03 -1.132138e-02 9.999316e-01 -9.804469e-02
6.349524e-01 -7.724755e-01 -1.081298e-02 5.172925e+00 7.725472e-01 6.349325e-01 5.641425e-03 2.325878e-01 2.507645e-03 -1.193557e-02 9.999256e-01 -1.001739e-01
6.456913e-01 -7.635324e-01 -1.005417e-02 5.234060e+00 7.635945e-01 6.456749e-01 5.225404e-03 2.683294e-01 2.501962e-03 -1.105131e-02 9.999358e-01 -1.020691e-01
6.584183e-01 -7.525942e-01 -9.345267e-03 5.289415e+00 7.526494e-01 6.583989e-01 5.454762e-03 3.216660e-01 2.047692e-03 -1.062522e-02 9.999415e-01 -1.014693e-01
6.705699e-01 -7.417938e-01 -8.826299e-03 5.361768e+00 7.418438e-01 6.705515e-01 5.330344e-03 3.681639e-01 1.964473e-03 -1.012210e-02 9.999468e-01 -1.048867e-01
6.848943e-01 -7.286032e-01 -7.557882e-03 5.449714e+00 7.286406e-01 6.848795e-01 4.795211e-03 4.205387e-01 1.682432e-03 -8.791192e-03 9.999599e-01 -1.065312e-01
6.999025e-01 -7.141969e-01 -7.698925e-03 5.535438e+00 7.142352e-01 6.998909e-01 4.551246e-03 4.763710e-01 2.137923e-03 -8.684272e-03 9.999600e-01 -1.088201e-01
7.146360e-01 -6.994551e-01 -7.612281e-03 5.639197e+00 6.994931e-01 7.146245e-01 4.618759e-03 5.417753e-01 2.209307e-03 -8.625469e-03 9.999604e-01 -1.200609e-01
7.310241e-01 -6.823136e-01 -7.198941e-03 5.728359e+00 6.823476e-01 7.310153e-01 4.275088e-03 5.896739e-01 2.345586e-03 -8.037372e-03 9.999650e-01 -1.169575e-01
