1.000000e+00 0.000000e+00 0.000000e+00 0.000000e+00 0.000000e+00 1.000000e+00 0.000000e+00 0.000000e+00 0.000000e+00 0.000000e+00 1.000000e+00 0.000000e+00
9.999917e-01 -3.626917e-03 -1.853922e-03 9.105222e-01 3.626169e-03 9.999933e-01 -4.068092e-04 4.929312e-02 1.855385e-03 4.000832e-04 9.999982e-01 -1.320321e-02
9.999844e-01 -5.387714e-03 -1.424637e-03 1.460745e+00 5.388554e-03 9.999852e-01 5.867497e-04 4.269387e-02 1.421454e-03 -5.944173e-04 9.999988e-01 -1.200108e-02
9.999735e-01 -7.155139e-03 -1.298873e-03 2.013366e+00 7.156086e-03 9.999741e-01 7.256924e-04 4.356278e-02 1.293647e-03 -7.349680e-04 9.999989e-01 -3.432164e-02
9.999568e-01 -9.184142e-03 -1.431001e-03 2.586913e+00 9.184862e-03 9.999577e-01 4.980429e-04 4.841525e-02 1.426366e-03 -5.111649e-04 9.999989e-01 -1.477586e-02
9.999326e-01 -1.125694e-02 -2.832787e-03 3.164067e+00 1.125833e-02 9.999366e-01 4.750239e-04 5.462057e-02 2.827260e-03 -5.068844e-04 9.999959e-01 -7.293660e-02
9.999025e-01 -1.338974e-02 -3.972227e-03 3.756119e+00 1.338537e-02 9.999096e-01 -1.127121e-03 6.275845e-02 3.986961e-03 1.073841e-03 9.999915e-01 -6.135001e-02
9.998642e-01 -1.577650e-02 -4.754417e-03 4.360150e+00 1.576829e-02 9.998740e-01 -1.761134e-03 6.969704e-02 4.781603e-03 1.685926e-03 9.999871e-01 -7.657094e-02
9.998217e-01 -1.843261e-02 -4.102244e-03 4.968709e+00 1.842206e-02 9.998268e-01 -2.595990e-03 7.731592e-02 4.149384e-03 2.519955e-03 9.999882e-01 -7.911736e-02
9.997740e-01 -2.081119e-02 -4.346477e-03 5.597578e+00 2.080125e-02 9.997809e-01 -2.320549e-03 8.762297e-02 4.393818e-03 2.229613e-03 9.999878e-01 -7.161754e-02
9.997221e-01 -2.318188e-02 -4.289050e-03 6.238652e+00 2.318360e-02 9.997312e-01 3.522775e-04 1.028476e-01 4.279730e-03 -4.516152e-04 9.999908e-01 -1.049370e-01
9.996602e-01 -2.573734e-02 -4.135718e-03 6.890187e+00 2.575270e-02 9.996614e-01 3.704614e-03 1.100936e-01 4.038971e-03 -3.809861e-03 9.999846e-01 -9.126714e-02
9.995974e-01 -2.825862e-02 -2.533049e-03 7.548337e+00 2.827521e-02 9.995772e-01 6.771645e-03 1.235802e-01 2.340621e-03 -6.840541e-03 9.999739e-01 -1.079308e-01
9.995281e-01 -3.047542e-02 -3.858666e-03 8.229259e+00 3.050342e-02 9.995071e-01 7.418461e-03 1.453261e-01 3.630683e-03 -7.532662e-03 9.999650e-01 -1.224535e-01
9.994491e-01 -3.272079e-02 -5.545523e-03 8.918237e+00 3.276049e-02 9.994371e-01 7.225754e-03 1.638059e-01 5.305969e-03 -7.403447e-03 9.999585e-01 -1.466188e-01
9.993453e-01 -3.574103e-02 -5.619382e-03 9.629086e+00 3.577331e-02 9.993434e-01 5.752079e-03 1.862207e-01 5.410108e-03 -5.949337e-03 9.999677e-01 -1.430918e-01
9.992432e-01 -3.866158e-02 -4.280890e-03 1.033784e+01 3.868870e-02 9.992305e-01 6.444429e-03 2.105832e-01 4.028444e-03 -6.605174e-03 9.999701e-01 -1.754854e-01
9.991221e-01 -4.146429e-02 -5.976913e-03 1.106295e+01 4.149403e-02 9.991267e-01 4.941549e-03 2.341274e-01 5.766795e-03 -5.185217e-03 9.999699e-01 -1.913936e-01
9.989979e-01 -4.419419e-02 -7.071193e-03 1.180674e+01 4.423788e-02 9.990021e-01 6.146267e-03 2.700935e-01 6.792508e-03 -6.452922e-03 9.999561e-01 -1.992007e-01
9.988198e-01 -4.733082e-02 -1.089463e-02 1.255919e+01 4.737740e-02 9.988687e-01 4.057598e-03 2.976318e-01 1.069025e-02 -4.568968e-03 9.999324e-01 -2.116217e-01
9.986666e-01 -5.050615e-02 -1.068231e-02 1.332960e+01 5.053980e-02 9.987178e-01 2.903690e-03 3.322754e-01 1.052196e-02 -3.439700e-03 9.999387e-01 -2.197321e-01
9.984879e-01 -5.386256e-02 -1.098851e-02 1.411383e+01 5.388995e-02 9.985443e-01 2.211531e-03 3.678682e-01 1.085339e-02 -2.800357e-03 9.999372e-01 -2.251965e-01
9.982900e-01 -5.793148e-02 -7.811612e-03 1.490556e+01 5.794351e-02 9.983189e-01 1.322539e-03 4.085791e-01 7.721864e-03 -1.772910e-03 9.999686e-01 -2.340356e-01
9.980619e-01 -6.199310e-02 -5.416337e-03 1.571369e+01 6.199872e-02 9.980760e-01 8.755972e-04 4.480412e-01 5.351634e-03 -1.209706e-03 9.999849e-01 -2.236667e-01
9.978023e-01 -6.624733e-02 -1.402661e-03 1.653374e+01 6.624387e-02 9.978006e-01 -2.379727e-03 4.947712e-01 1.557226e-03 2.281579e-03 9.999962e-01 -2.564915e-01
9.975035e-01 -7.061591e-02 4.364550e-04 1.735809e+01 7.061671e-02 9.975011e-01 -2.263532e-03 5.401738e-01 -2.755229e-04 2.288702e-03 9.999973e-01 -2.632418e-01
9.971340e-01 -7.554822e-02 4.024896e-03 1.820050e+01 7.553664e-02 9.971386e-01 2.954202e-03 5.965281e-01 -4.236564e-03 -2.641708e-03 9.999875e-01 -2.702166e-01
9.967207e-01 -8.059948e-02 7.182791e-03 1.905145e+01 8.054665e-02 9.967235e-01 7.362575e-03 6.550311e-01 -7.752678e-03 -6.759881e-03 9.999471e-01 -2.921176e-01
9.963446e-01 -8.519548e-02 6.254833e-03 1.991013e+01 8.514686e-02 9.963387e-01 7.667867e-03 7.198479e-01 -6.885202e-03 -7.107258e-03 9.999511e-01 -3.152253e-01
9.960109e-01 -8.907182e-02 5.333182e-03 2.078476e+01 8.904866e-02 9.960173e-01 4.434058e-03 7.952656e-01 -5.706892e-03 -3.941458e-03 9.999759e-01 -3.271215e-01
9.956550e-01 -9.276400e-02 8.119866e-03 2.167542e+01 9.273676e-02 9.956839e-01 3.670008e-03 8.719298e-01 -8.425266e-03 -2.901051e-03 9.999603e-01 -3.518821e-01
9.953432e-01 -9.607883e-02 7.792911e-03 2.256116e+01 9.604105e-02 9.953643e-01 5.085554e-03 9.544859e-01 -8.245399e-03 -4.313432e-03 9.999567e-01 -3.504925e-01
9.950128e-01 -9.909322e-02 1.140456e-02 2.346195e+01 9.902110e-02 9.950627e-01 6.725227e-03 1.034549e+00 -1.201467e-02 -5.562395e-03 9.999123e-01 -3.812131e-01
9.946837e-01 -1.022851e-01 1.192194e-02 2.437443e+01 1.021871e-01 9.947282e-01 8.563073e-03 1.111479e+00 -1.273497e-02 -7.299282e-03 9.998923e-01 -3.976533e-01
9.943147e-01 -1.054841e-01 1.453802e-02 2.530412e+01 1.053605e-01 9.943930e-01 9.023950e-03 1.201883e+00 -1.540839e-02 -7.440913e-03 9.998536e-01 -4.174311e-01
9.939802e-01 -1.087151e-01 1.357556e-02 2.623221e+01 1.086052e-01 9.940478e-01 8.592534e-03 1.291035e+00 -1.442890e-02 -7.066433e-03 9.998710e-01 -4.335782e-01
9.936723e-01 -1.113972e-01 1.435679e-02 2.718240e+01 1.113437e-01 9.937718e-01 4.474625e-03 1.395222e+00 -1.476583e-02 -2.847773e-03 9.998869e-01 -4.638846e-01
9.933956e-01 -1.141359e-01 1.175977e-02 2.814404e+01 1.141329e-01 9.934651e-01 9.229950e-04 1.500468e+00 -1.178827e-02 4.252785e-04 9.999304e-01 -4.745291e-01
9.931190e-01 -1.164490e-01 1.242363e-02 2.910483e+01 1.164365e-01 9.931967e-01 1.722261e-03 1.606868e+00 -1.253966e-02 -2.638468e-04 9.999213e-01 -5.034767e-01
9.929019e-01 -1.184818e-01 1.038822e-02 3.007660e+01 1.184154e-01 9.929409e-01 6.790943e-03 1.715781e+00 -1.111949e-02 -5.512616e-03 9.999230e-01 -5.103081e-01
9.927469e-01 -1.199921e-01 7.452348e-03 3.106008e+01 1.199272e-01 9.927454e-01 8.625349e-03 1.827637e+00 -8.433256e-03 -7.669050e-03 9.999350e-01 -5.537871e-01
9.926235e-01 -1.211714e-01 4.013628e-03 3.206200e+01 1.211425e-01 9.926118e-01 6.790401e-03 1.939856e+00 -4.806778e-03 -6.254091e-03 9.999689e-01 -5.405642e-01
9.925565e-01 -1.217381e-01 3.370644e-03 3.307396e+01 1.217301e-01 9.925601e-01 2.474891e-03 2.057598e+00 -3.646855e-03 -2.046160e-03 9.999912e-01 -5.644596e-01
9.925952e-01 -1.214498e-01 2.162009e-03 3.408823e+01 1.214476e-01 9.925972e-01 1.145618e-03 2.176149e+00 -2.285139e-03 -8.745643e-04 9.999970e-01 -6.053668e-01
9.926274e-01 -1.211717e-01 -2.856112e-03 3.511332e+01 1.211723e-01 9.926316e-01 4.301473e-05 2.292239e+00 2.829854e-03 -3.887792e-04 9.999959e-01 -6.056591e-01
9.926158e-01 -1.212469e-01 -3.616698e-03 3.616866e+01 1.212408e-01 9.926213e-01 -1.863313e-03 2.409051e+00 3.815933e-03 1.411062e-03 9.999917e-01 -6.099427e-01
9.926070e-01 -1.212612e-01 -5.198989e-03 3.721475e+01 1.212361e-01 9.926116e-01 -4.890533e-03 2.528942e+00 5.753609e-03 4.224072e-03 9.999745e-01 -6.354004e-01
9.926499e-01 -1.209871e-01 -2.901258e-03 3.826803e+01 1.209888e-01 9.926538e-01 4.130107e-04 2.651863e+00 2.829976e-03 -7.609947e-04 9.999957e-01 -6.296309e-01
9.926322e-01 -1.208716e-01 -8.454002e-03 3.933554e+01 1.209155e-01 9.926506e-01 4.893769e-03 2.772183e+00 7.800353e-03 -5.879932e-03 9.999523e-01 -6.582890e-01
9.926822e-01 -1.205367e-01 -7.279267e-03 4.041187e+01 1.205574e-01 9.927032e-01 2.476033e-03 2.892389e+00 6.927699e-03 -3.335483e-03 9.999704e-01 -6.658297e-01
9.926610e-01 -1.206710e-01 -7.916981e-03 4.149754e+01 1.206778e-01 9.926916e-01 3.733958e-04 3.014816e+00 7.814063e-03 -1.326059e-03 9.999686e-01 -6.782684e-01
9.927167e-01 -1.203716e-01 -4.914257e-03 4.258723e+01 1.203628e-01 9.927278e-01 -2.049899e-03 3.133387e+00 5.125269e-03 1.443475e-03 9.999858e-01 -6.921284e-01
9.928103e-01 -1.196254e-01 -4.171493e-03 4.367678e+01 1.196274e-01 9.928188e-01 2.380222e-04 3.257056e+00 4.113063e-03 -7.353358e-04 9.999913e-01 -7.190145e-01
9.928772e-01 -1.190483e-01 -4.728692e-03 4.478820e+01 1.190504e-01 9.928882e-01 1.642591e-04 3.385782e+00 4.675508e-03 -7.260417e-04 9.999888e-01 -7.359094e-01
9.929157e-01 -1.187224e-01 -4.838902e-03 4.590866e+01 1.187225e-01 9.929276e-01 -2.756057e-04 3.509837e+00 4.837399e-03 -3.008333e-04 9.999883e-01 -7.391452e-01
9.930148e-01 -1.179420e-01 -3.354709e-03 4.703585e+01 1.179366e-01 9.930195e-01 -1.759634e-03 3.626965e+00 3.538826e-03 1.351699e-03 9.999928e-01 -7.666961e-01
9.930672e-01 -1.175226e-01 -2.436292e-03 4.816200e+01 1.175092e-01 9.930589e-01 -5.040233e-03 3.749518e+00 3.011722e-03 4.719003e-03 9.999843e-01 -7.791818e-01
9.931223e-01 -1.170529e-01 -2.590334e-03 4.930429e+01 1.170320e-01 9.931028e-01 -7.096361e-03 3.876099e+00 3.403117e-03 6.744402e-03 9.999714e-01 -7.589437e-01
9.932224e-01 -1.162270e-01 -7.553909e-04 5.045098e+01 1.162169e-01 9.931892e-01 -8.296725e-03 3.986493e+00 1.714550e-03 8.152704e-03 9.999653e-01 -7.932397e-01
9.932514e-01 -1.159483e-01 2.761621e-03 5.161208e+01 1.159619e-01 9.932388e-01 -5.430832e-03 4.116838e+00 -2.113254e-03 5.714424e-03 9.999815e-01 -7.937089e-01
9.933373e-01 -1.152082e-01 2.824468e-03 5.276550e+01 1.152175e-01 9.933345e-01 -3.385999e-03 4.242559e+00 -2.415547e-03 3.688867e-03 9.999903e-01 -8.126802e-01
9.934161e-01 -1.144926e-01 3.987372e-03 5.393757e+01 1.145138e-01 9.934058e-01 -5.591491e-03 4.355975e+00 -3.320894e-03 6.011286e-03 9.999764e-01 -8.114969e-01
9.934729e-01 -1.139743e-01 4.624116e-03 5.511006e+01 1.140134e-01 9.934355e-01 -9.318880e-03 4.471309e+00 -3.531648e-03 9.785266e-03 9.999459e-01 -8.116895e-01
9.935305e-01 -1.131923e-01 9.201381e-03 5.629856e+01 1.133128e-01 9.934627e-01 -1.385059e-02 4.585314e+00 -7.573450e-03 1.480362e-02 9.998617e-01 -8.281671e-01
9.935910e-01 -1.124081e-01 1.188582e-02 5.748653e+01 1.125617e-01 9.935576e-01 -1.315839e-02 4.712884e+00 -1.033014e-02 1.441195e-02 9.998428e-01 -8.371913e-01
9.936424e-01 -1.119412e-01 1.199927e-02 5.867887e+01 1.120705e-01 9.936426e-01 -1.069804e-02 4.834969e+00 -1.072543e-02 1.197479e-02 9.998708e-01 -8.553333e-01
9.937072e-01 -1.115343e-01 1.030517e-02 5.987069e+01 1.116339e-01 9.937025e-01 -9.654704e-03 4.959229e+00 -9.163443e-03 1.074436e-02 9.999003e-01 -8.616108e-01
9.937738e-01 -1.111599e-01 7.558898e-03 6.107247e+01 1.112427e-01 9.937258e-01 -1.159211e-02 5.087541e+00 -6.222893e-03 1.236081e-02 9.999042e-01 -8.752027e-01
9.938518e-01 -1.104798e-01 7.262214e-03 6.227155e+01 1.105524e-01 9.938148e-01 -1.050086e-02 5.218138e+00 -6.057163e-03 1.123916e-02 9.999185e-01 -8.696418e-01
9.939101e-01 -1.100825e-01 4.952669e-03 6.347857e+01 1.101152e-01 9.938946e-01 -6.916105e-03 5.340146e+00 -4.161090e-03 7.419351e-03 9.999638e-01 -8.947427e-01
9.940028e-01 -1.092828e-01 3.964373e-03 6.468436e+01 1.092994e-01 9.939997e-01 -4.245998e-03 5.460033e+00 -3.476572e-03 4.653838e-03 9.999831e-01 -8.912767e-01
9.939819e-01 -1.095200e-01 2.307243e-03 6.589278e+01 1.095226e-01 9.939839e-01 -1.029360e-03 5.581585e+00 -2.180626e-03 1.275860e-03 9.999968e-01 -9.195346e-01
9.940584e-01 -1.088134e-01 2.768456e-03 6.709841e+01 1.088143e-01 9.940621e-01 -1.811145e-04 5.700453e+00 -2.732310e-03 4.812859e-04 9.999961e-01 -9.248047e-01
9.941778e-01 -1.076773e-01 4.022120e-03 6.831772e+01 1.076831e-01 9.941844e-01 -1.250839e-03 5.815934e+00 -3.864043e-03 1.676670e-03 9.999911e-01 -9.327385e-01
9.943132e-01 -1.061113e-01 9.029382e-03 6.952995e+01 1.061535e-01 9.943404e-01 -4.331916e-03 5.931200e+00 -8.518613e-03 5.265782e-03 9.999499e-01 -9.546781e-01
9.944228e-01 -1.046113e-01 1.340771e-02 7.074725e+01 1.046863e-01 9.944928e-01 -5.017040e-03 6.045660e+00 -1.280903e-02 6.392662e-03 9.998975e-01 -9.686766e-01
9.944586e-01 -1.032287e-01 1.990032e-02 7.196407e+01 1.033025e-01 9.946462e-01 -2.715680e-03 6.148645e+00 -1.951345e-02 4.756385e-03 9.997983e-01 -9.865313e-01
9.945601e-01 -1.020705e-01 2.078367e-02 7.317504e+01 1.020907e-01 9.947752e-01 8.572242e-05 6.253455e+00 -2.068383e-02 2.036564e-03 9.997840e-01 -1.008898e+00
9.946311e-01 -1.007292e-01 2.371845e-02 7.439529e+01 1.007158e-01 9.949136e-01 1.760371e-03 6.361710e+00 -2.377513e-02 6.379029e-04 9.997171e-01 -1.023851e+00
9.947754e-01 -9.956104e-02 2.257539e-02 7.561840e+01 9.956084e-02 9.950309e-01 1.135326e-03 6.474449e+00 -2.257625e-02 1.118231e-03 9.997445e-01 -1.062577e+00
9.947276e-01 -9.850559e-02 2.852545e-02 7.684398e+01 9.839348e-02 9.951333e-01 5.311293e-03 6.573361e+00 -2.890982e-02 -2.476570e-03 9.995790e-01 -1.078745e+00
9.948059e-01 -9.799439e-02 2.753687e-02 7.804913e+01 9.783259e-02 9.951770e-01 7.166112e-03 6.679074e+00 -2.810629e-02 -4.434887e-03 9.995951e-01 -1.124089e+00
9.947924e-01 -9.737062e-02 3.011771e-02 7.927168e+01 9.718324e-02 9.952374e-01 7.627844e-03 6.780367e+00 -3.071699e-02 -4.661185e-03 9.995173e-01 -1.144124e+00
9.948795e-01 -9.635165e-02 3.051607e-02 8.048731e+01 9.630374e-02 9.953474e-01 3.039135e-03 6.880838e+00 -3.066692e-02 -8.476083e-05 9.995297e-01 -1.175449e+00
9.949753e-01 -9.516188e-02 3.112048e-02 8.171658e+01 9.513686e-02 9.954616e-01 2.287212e-03 6.975909e+00 -3.119690e-02 6.849851e-04 9.995130e-01 -1.202329e+00
9.949362e-01 -9.455399e-02 3.408118e-02 8.294027e+01 9.441726e-02 9.955169e-01 5.603064e-03 7.091009e+00 -3.445819e-02 -2.356839e-03 9.994034e-01 -1.223251e+00
9.950396e-01 -9.396574e-02 3.265784e-02 8.415997e+01 9.370494e-02 9.955553e-01 9.430057e-03 7.184700e+00 -3.339880e-02 -6.323080e-03 9.994221e-01 -1.215235e+00
9.950619e-01 -9.342095e-02 3.353024e-02 8.537532e+01 9.276447e-02 9.954742e-01 2.063138e-02 7.291910e+00 -3.530589e-02 -1.741909e-02 9.992247e-01 -1.294069e+00
9.953882e-01 -9.292436e-02 2.382057e-02 8.658972e+01 9.219441e-02 9.952859e-01 3.010309e-02 7.397069e+00 -2.650559e-02 -2.776814e-02 9.992629e-01 -1.330945e+00
9.956622e-01 -9.216736e-02 1.272695e-02 8.779794e+01 9.186832e-02 9.955199e-01 2.236481e-02 7.496811e+00 -1.473124e-02 -2.109859e-02 9.996688e-01 -1.414974e+00
9.957256e-01 -9.163025e-02 1.158961e-02 8.904034e+01 9.152973e-02 9.957623e-01 8.926372e-03 7.600272e+00 -1.235842e-02 -7.827424e-03 9.998930e-01 -1.450299e+00
9.957411e-01 -9.158725e-02 1.056155e-02 9.026394e+01 9.151732e-02 9.957793e-01 6.926267e-03 7.707631e+00 -1.115133e-02 -5.930204e-03 9.999202e-01 -1.481935e+00
9.957590e-01 -9.111241e-02 1.274710e-02 9.147729e+01 9.101341e-02 9.958163e-01 8.143330e-03 7.800361e+00 -1.343573e-02 -6.948637e-03 9.998856e-01 -1.509982e+00
9.957861e-01 -9.130030e-02 8.617224e-03 9.268742e+01 9.121644e-02 9.957842e-01 9.669857e-03 7.902001e+00 -9.463755e-03 -8.843077e-03 9.999161e-01 -1.540682e+00
9.957625e-01 -9.138563e-02 1.028341e-02 9.389806e+01 9.131363e-02 9.957956e-01 7.267704e-03 7.997540e+00 -1.090434e-02 -6.297892e-03 9.999207e-01 -1.572402e+00
9.957607e-01 -9.137109e-02 1.057573e-02 9.510549e+01 9.132543e-02 9.958098e-01 4.723736e-03 8.096268e+00 -1.096303e-02 -3.737878e-03 9.999329e-01 -1.597130e+00
9.957206e-01 -9.192087e-02 9.547344e-03 9.631359e+01 9.186320e-02 9.957516e-01 6.312784e-03 8.197303e+00 -1.008706e-02 -5.408720e-03 9.999345e-01 -1.632532e+00
9.957914e-01 -9.128048e-02 8.204795e-03 9.750182e+01 9.122077e-02 9.958034e-01 7.378956e-03 8.299518e+00 -8.843917e-03 -6.599453e-03 9.999391e-01 -1.667036e+00
9.957978e-01 -9.147105e-02 4.441961e-03 9.870682e+01 9.143439e-02 9.957802e-01 7.853056e-03 8.401896e+00 -5.141543e-03 -7.413908e-03 9.999593e-01 -1.705013e+00
9.958005e-01 -9.151804e-02 2.401471e-03 9.989621e+01 9.150282e-02 9.957877e-01 5.823345e-03 8.502480e+00 -2.924297e-03 -5.579149e-03 9.999802e-01 -1.734870e+00
9.957871e-01 -9.167892e-02 1.704496e-03 1.010819e+02 9.166960e-02 9.957775e-01 4.911130e-03 8.603871e+00 -2.147545e-03 -4.734190e-03 9.999865e-01 -1.751718e+00
9.957735e-01 -9.184238e-02 -3.673265e-04 1.022718e+02 9.184296e-02 9.957567e-01 5.789573e-03 8.708258e+00 -1.659603e-04 -5.798840e-03 9.999832e-01 -1.783276e+00
9.957705e-01 -9.183374e-02 -2.761721e-03 1.034376e+02 9.185195e-02 9.957452e-01 7.410213e-03 8.808653e+00 2.069462e-03 -7.632541e-03 9.999687e-01 -1.815268e+00
9.957608e-01 -9.186763e-02 -4.559036e-03 1.046117e+02 9.189793e-02 9.957442e-01 6.953460e-03 8.904836e+00 3.900836e-03 -7.342949e-03 9.999654e-01 -1.840575e+00
9.956524e-01 -9.310620e-02 -2.753081e-03 1.057882e+02 9.312388e-02 9.956284e-01 7.195510e-03 9.008654e+00 2.071100e-03 -7.420604e-03 9.999703e-01 -1.874964e+00
9.955161e-01 -9.451231e-02 -3.888340e-03 1.069484e+02 9.453709e-02 9.954982e-01 6.777890e-03 9.108819e+00 3.230242e-03 -7.115092e-03 9.999695e-01 -1.902333e+00
9.952780e-01 -9.703492e-02 -2.445859e-03 1.080972e+02 9.704897e-02 9.952585e-01 6.489829e-03 9.204363e+00 1.804522e-03 -6.696552e-03 9.999760e-01 -1.940888e+00
9.950904e-01 -9.891587e-02 -3.288889e-03 1.092468e+02 9.893593e-02 9.950718e-01 6.628221e-03 9.309215e+00 2.617044e-03 -6.921068e-03 9.999726e-01 -1.962744e+00
9.947882e-01 -1.018838e-01 -4.016768e-03 1.103945e+02 1.019133e-01 9.947615e-01 7.973392e-03 9.422267e+00 3.183365e-03 -8.341198e-03 9.999601e-01 -2.001918e+00
9.944206e-01 -1.052640e-01 -6.866580e-03 1.115393e+02 1.053209e-01 9.944016e-01 8.543584e-03 9.537037e+00 5.928806e-03 -9.219112e-03 9.999399e-01 -2.026594e+00
9.940473e-01 -1.087570e-01 -6.471557e-03 1.126699e+02 1.088105e-01 9.940256e-01 8.586950e-03 9.656341e+00 5.499001e-03 -9.240008e-03 9.999422e-01 -2.066056e+00
9.934983e-01 -1.135140e-01 -8.704154e-03 1.137802e+02 1.135840e-01 9.934961e-01 8.017992e-03 9.776344e+00 7.737389e-03 -8.954513e-03 9.999300e-01 -2.089652e+00
9.928682e-01 -1.188747e-01 -9.028231e-03 1.149056e+02 1.189370e-01 9.928790e-01 6.710499e-03 9.904576e+00 8.166234e-03 -7.736431e-03 9.999367e-01 -2.130970e+00
9.921103e-01 -1.249727e-01 -9.956056e-03 1.160251e+02 1.250394e-01 9.921315e-01 6.375469e-03 1.003999e+01 9.080956e-03 -7.570067e-03 9.999301e-01 -2.152057e+00
9.912010e-01 -1.317905e-01 -1.232074e-02 1.171243e+02 1.318661e-01 9.912521e-01 5.533801e-03 1.018048e+01 1.148365e-02 -7.109797e-03 9.999088e-01 -2.182835e+00
9.901646e-01 -1.392215e-01 -1.383763e-02 1.182384e+02 1.393261e-01 9.902225e-01 6.899839e-03 1.032943e+01 1.274173e-02 -8.759920e-03 9.998804e-01 -2.223457e+00
9.888421e-01 -1.480280e-01 -1.670252e-02 1.193122e+02 1.481357e-01 9.889523e-01 5.396222e-03 1.048949e+01 1.571920e-02 -7.810250e-03 9.998459e-01 -2.236336e+00
9.872957e-01 -1.578463e-01 -1.821596e-02 1.203915e+02 1.579792e-01 9.874237e-01 6.096317e-03 1.066068e+01 1.702459e-02 -8.896610e-03 9.998155e-01 -2.294501e+00
9.854546e-01 -1.688095e-01 -1.955975e-02 1.214587e+02 1.689440e-01 9.856107e-01 5.429448e-03 1.084226e+01 1.836176e-02 -8.654977e-03 9.997939e-01 -2.298161e+00
9.833440e-01 -1.803760e-01 -2.234050e-02 1.225174e+02 1.805377e-01 9.835531e-01 5.427108e-03 1.103603e+01 2.099415e-02 -9.370017e-03 9.997357e-01 -2.335995e+00
9.808516e-01 -1.930531e-01 -2.570299e-02 1.235674e+02 1.932681e-01 9.811269e-01 6.139198e-03 1.124490e+01 2.403270e-02 -1.098921e-02 9.996508e-01 -2.372246e+00
9.779195e-01 -2.067199e-01 -3.066416e-02 1.246046e+02 2.070507e-01 9.782976e-01 8.003067e-03 1.146766e+01 2.834428e-02 -1.417539e-02 9.994977e-01 -2.386874e+00
9.748823e-01 -2.201097e-01 -3.400245e-02 1.256221e+02 2.206040e-01 9.752957e-01 1.149527e-02 1.169915e+01 3.063222e-02 -1.870761e-02 9.993556e-01 -2.409478e+00
9.713622e-01 -2.349238e-01 -3.558558e-02 1.266459e+02 2.353969e-01 9.718511e-01 9.689149e-03 1.193814e+01 3.230767e-02 -1.778841e-02 9.993197e-01 -2.423717e+00
9.675843e-01 -2.498961e-01 -3.650627e-02 1.276512e+02 2.502669e-01 9.681590e-01 5.893060e-03 1.219834e+01 3.387121e-02 -1.483834e-02 9.993160e-01 -2.473937e+00
9.633551e-01 -2.655489e-01 -3.782564e-02 1.286614e+02 2.658482e-01 9.640102e-01 3.023019e-03 1.247349e+01 3.566154e-02 -1.296812e-02 9.992798e-01 -2.508264e+00
9.592363e-01 -2.802034e-01 -3.676761e-02 1.296557e+02 2.805465e-01 9.598302e-01 4.421850e-03 1.275624e+01 3.405165e-02 -1.455662e-02 9.993141e-01 -2.522542e+00
9.549584e-01 -2.945627e-01 -3.587907e-02 1.306452e+02 2.948838e-01 9.555252e-01 3.893422e-03 1.305182e+01 3.313649e-02 -1.429821e-02 9.993486e-01 -2.529915e+00
9.506390e-01 -3.084995e-01 -3.336895e-02 1.316342e+02 3.087521e-01 9.511391e-01 2.574290e-03 1.337084e+01 3.094434e-02 -1.274995e-02 9.994398e-01 -2.575509e+00
9.459953e-01 -3.223346e-01 -3.454510e-02 1.326072e+02 3.225211e-01 9.465623e-01 -1.858897e-04 1.368889e+01 3.275901e-02 -1.096567e-02 9.994031e-01 -2.576660e+00
9.411209e-01 -3.367690e-01 -2.963189e-02 1.335782e+02 3.369627e-01 9.415165e-01 1.656104e-03 1.402118e+01 2.734119e-02 -1.154344e-02 9.995595e-01 -2.591454e+00
9.360033e-01 -3.507552e-01 -2.947153e-02 1.345355e+02 3.510269e-01 9.363548e-01 4.444969e-03 1.436968e+01 2.603671e-02 -1.450580e-02 9.995558e-01 -2.638048e+00
9.308613e-01 -3.643262e-01 -2.763418e-02 1.354958e+02 3.645958e-01 9.311509e-01 5.263372e-03 1.473566e+01 2.381401e-02 -1.497478e-02 9.996042e-01 -2.644027e+00
9.252431e-01 -3.782207e-01 -2.956791e-02 1.364500e+02 3.785067e-01 9.255874e-01 4.545993e-03 1.512466e+01 2.564830e-02 -1.539780e-02 9.995524e-01 -2.684833e+00
9.197661e-01 -3.914017e-01 -2.889590e-02 1.373953e+02 3.916254e-01 9.201219e-01 2.302667e-03 1.552173e+01 2.568648e-02 -1.343428e-02 9.995798e-01 -2.693767e+00
9.143639e-01 -4.035176e-01 -3.335053e-02 1.383248e+02 4.038177e-01 9.148359e-01 2.513683e-03 1.592148e+01 2.949595e-02 -1.576596e-02 9.994406e-01 -2.735294e+00
9.099344e-01 -4.132982e-01 -3.469878e-02 1.392463e+02 4.135742e-01 9.104700e-01 8.581374e-04 1.633486e+01 3.123753e-02 -1.513137e-02 9.993975e-01 -2.731141e+00
9.055493e-01 -4.225132e-01 -3.824820e-02 1.401715e+02 4.228954e-01 9.061761e-01 2.125367e-03 1.676194e+01 3.376161e-02 -1.809961e-02 9.992660e-01 -2.770017e+00
9.013701e-01 -4.314311e-01 -3.740545e-02 1.410961e+02 4.317841e-01 9.019756e-01 1.521675e-03 1.718737e+01 3.308231e-02 -1.752267e-02 9.992990e-01 -2.756587e+00
8.964472e-01 -4.415203e-01 -3.797692e-02 1.419991e+02 4.419552e-01 8.970304e-01 3.486753e-03 1.763191e+01 3.252698e-02 -1.990979e-02 9.992725e-01 -2.811543e+00
8.915704e-01 -4.513299e-01 -3.746343e-02 1.428983e+02 4.517185e-01 8.921578e-01 2.173632e-03 1.806948e+01 3.244227e-02 -1.886087e-02 9.992957e-01 -2.806319e+00
8.863748e-01 -4.613895e-01 -3.820293e-02 1.437928e+02 4.618186e-01 8.869702e-01 2.767766e-03 1.852839e+01 3.260784e-02 -2.009610e-02 9.992661e-01 -2.840210e+00
8.811773e-01 -4.713376e-01 -3.697827e-02 1.446826e+02 4.717429e-01 8.817325e-01 2.583507e-03 1.899741e+01 3.138724e-02 -1.972077e-02 9.993128e-01 -2.847039e+00
8.752577e-01 -4.823388e-01 -3.568241e-02 1.455686e+02 4.827310e-01 8.757643e-01 2.773449e-03 1.947733e+01 2.991164e-02 -1.965249e-02 9.993593e-01 -2.865847e+00
8.689125e-01 -4.937330e-01 -3.491113e-02 1.464409e+02 4.941439e-01 8.693722e-01 3.727239e-03 1.997888e+01 2.851050e-02 -2.048977e-02 9.993834e-01 -2.896888e+00
8.621054e-01 -5.054996e-01 -3.527624e-02 1.473183e+02 5.059069e-01 8.625824e-01 3.118982e-03 2.048323e+01 2.885202e-02 -2.053539e-02 9.993727e-01 -2.918726e+00
8.551097e-01 -5.171899e-01 -3.608378e-02 1.481809e+02 5.175941e-01 8.556235e-01 2.215331e-03 2.100439e+01 2.972838e-02 -2.057110e-02 9.993463e-01 -2.945676e+00
8.480259e-01 -5.286351e-01 -3.737476e-02 1.490400e+02 5.290353e-01 8.485993e-01 9.697089e-04 2.153838e+01 3.120357e-02 -2.059490e-02 9.993008e-01 -2.967336e+00
8.408502e-01 -5.398010e-01 -3.982335e-02 1.498819e+02 5.402602e-01 8.414975e-01 9.206813e-04 2.206537e+01 3.301427e-02 -2.228913e-02 9.992063e-01 -2.979844e+00
8.336611e-01 -5.506376e-01 -4.251459e-02 1.507181e+02 5.511742e-01 8.343896e-01 1.085635e-03 2.261284e+01 3.487593e-02 -2.433799e-02 9.990953e-01 -3.005588e+00
8.266522e-01 -5.609856e-01 -4.405901e-02 1.515463e+02 5.615651e-01 8.274319e-01 9.433376e-04 2.316705e+01 3.592664e-02 -2.552181e-02 9.990285e-01 -3.019747e+00
8.198183e-01 -5.707216e-01 -4.663467e-02 1.523813e+02 5.713854e-01 8.206812e-01 1.107917e-03 2.374141e+01 3.763988e-02 -2.755466e-02 9.989114e-01 -3.031716e+00
8.128003e-01 -5.806908e-01 -4.641001e-02 1.531940e+02 5.813869e-01 8.136250e-01 1.870495e-03 2.432083e+01 3.667417e-02 -2.850251e-02 9.989207e-01 -3.052948e+00
8.055367e-01 -5.907128e-01 -4.657200e-02 1.540064e+02 5.914028e-01 8.063754e-01 1.298492e-03 2.490507e+01 3.678748e-02 -2.858879e-02 9.989141e-01 -3.063211e+00
7.983891e-01 -6.004569e-01 -4.501462e-02 1.548149e+02 6.011141e-01 7.991621e-01 1.347191e-03 2.550872e+01 3.516505e-02 -2.813451e-02 9.989854e-01 -3.094218e+00
7.908131e-01 -6.101989e-01 -4.766560e-02 1.556301e+02 6.108494e-01 7.917460e-01 -1.149688e-03 2.612319e+01 3.844059e-02 -2.820731e-02 9.988627e-01 -3.097484e+00
7.834140e-01 -6.199008e-01 -4.455890e-02 1.564267e+02 6.204447e-01 7.842476e-01 -2.034153e-03 2.675667e+01 3.620618e-02 -2.605274e-02 9.990047e-01 -3.116798e+00
7.755285e-01 -6.296422e-01 -4.589489e-02 1.572249e+02 6.301970e-01 7.764297e-01 -2.987853e-03 2.739905e+01 3.751543e-02 -2.660565e-02 9.989418e-01 -3.132723e+00
7.680730e-01 -6.388822e-01 -4.351310e-02 1.580237e+02 6.393783e-01 7.688859e-01 -3.175473e-03 2.804774e+01 3.548536e-02 -2.538234e-02 9.990478e-01 -3.148504e+00
7.598448e-01 -6.486092e-01 -4.406768e-02 1.588173e+02 6.491631e-01 7.606459e-01 -2.239967e-03 2.872039e+01 3.497276e-02 -2.690509e-02 9.990261e-01 -3.155594e+00
7.516398e-01 -6.582958e-01 -4.104083e-02 1.596108e+02 6.587225e-01 7.523755e-01 -3.984187e-03 2.940102e+01 3.350089e-02 -2.403985e-02 9.991495e-01 -3.157736e+00
7.426109e-01 -6.686101e-01 -3.859650e-02 1.604012e+02 6.690284e-01 7.432319e-01 -2.709925e-03 3.010362e+01 3.049803e-02 -2.380973e-02 9.992512e-01 -3.179020e+00
7.331431e-01 -6.790352e-01 -3.758179e-02 1.611866e+02 6.794111e-01 7.337490e-01 -3.615348e-03 3.081101e+01 3.003055e-02 -2.288291e-02 9.992870e-01 -3.177063e+00
7.232510e-01 -6.897147e-01 -3.466420e-02 1.619617e+02 6.900426e-01 7.237612e-01 -3.312885e-03 3.154728e+01 2.737355e-02 -2.152373e-02 9.993935e-01 -3.204730e+00
7.133607e-01 -6.998708e-01 -3.601854e-02 1.627316e+02 7.002204e-01 7.139162e-01 -3.870615e-03 3.228602e+01 2.842315e-02 -2.245977e-02 9.993436e-01 -3.210456e+00
7.041451e-01 -7.092406e-01 -3.402207e-02 1.634877e+02 7.095537e-01 7.046407e-01 -3.850826e-03 3.304837e+01 2.670450e-02 -2.142894e-02 9.994137e-01 -3.236800e+00
6.956239e-01 -7.174143e-01 -3.773696e-02 1.642316e+02 7.178357e-01 6.962048e-01 -3.275071e-03 3.381142e+01 2.862223e-02 -2.481072e-02 9.992824e-01 -3.245218e+00
6.889756e-01 -7.237912e-01 -3.793287e-02 1.649785e+02 7.241822e-01 6.895927e-01 -4.675519e-03 3.458409e+01 2.954233e-02 -2.424899e-02 9.992694e-01 -3.256922e+00
6.840615e-01 -7.282446e-01 -4.146902e-02 1.657158e+02 7.287702e-01 6.847498e-01 -3.419166e-03 3.537201e+01 3.088589e-02 -2.788246e-02 9.991339e-01 -3.271978e+00
6.805234e-01 -7.314989e-01 -4.239496e-02 1.664622e+02 7.320531e-01 6.812389e-01 -3.448056e-03 3.617274e+01 3.140334e-02 -2.868888e-02 9.990950e-01 -3.274236e+00
6.784315e-01 -7.333738e-01 -4.351624e-02 1.672107e+02 7.339169e-01 6.792220e-01 -4.852766e-03 3.696848e+01 3.311607e-02 -2.864504e-02 9.990410e-01 -3.282628e+00
6.770507e-01 -7.346942e-01 -4.274059e-02 1.679610e+02 7.351586e-01 6.778630e-01 -6.607658e-03 3.778569e+01 3.382687e-02 -2.694739e-02 9.990643e-01 -3.294550e+00
6.763908e-01 -7.354305e-01 -4.046572e-02 1.687332e+02 7.359215e-01 6.770557e-01 -3.876484e-03 3.860588e+01 3.024843e-02 -2.715757e-02 9.991734e-01 -3.305454e+00
6.752918e-01 -7.364965e-01 -3.942044e-02 1.695110e+02 7.369427e-01 6.759404e-01 -4.474957e-03 3.943399e+01 2.994166e-02 -2.602870e-02 9.992127e-01 -3.282937e+00
6.744093e-01 -7.375725e-01 -3.404386e-02 1.702807e+02 7.378979e-01 6.748995e-01 -4.171029e-03 4.025736e+01 2.605261e-02 -2.230791e-02 9.994116e-01 -3.340577e+00
6.739194e-01 -7.381715e-01 -3.058593e-02 1.710647e+02 7.384930e-01 6.742603e-01 -1.139930e-03 4.109071e+01 2.146434e-02 -2.181927e-02 9.995315e-01 -3.315372e+00
6.732851e-01 -7.387856e-01 -2.971666e-02 1.718476e+02 7.391424e-01 6.735475e-01 1.562159e-03 4.193064e+01 1.886148e-02 -2.301662e-02 9.995571e-01 -3.358635e+00
6.720190e-01 -7.399848e-01 -2.851250e-02 1.726336e+02 7.403366e-01 6.722306e-01 2.801288e-03 4.277933e+01 1.709406e-02 -2.299137e-02 9.995895e-01 -3.379069e+00
6.712388e-01 -7.406800e-01 -2.883609e-02 1.734252e+02 7.410231e-01 6.714770e-01 1.872751e-03 4.364502e+01 1.797566e-02 -2.262528e-02 9.995824e-01 -3.391967e+00
6.699617e-01 -7.418267e-01 -2.906318e-02 1.742298e+02 7.421436e-01 6.702409e-01 1.801718e-04 4.451736e+01 1.934567e-02 -2.168976e-02 9.995776e-01 -3.420465e+00
6.691852e-01 -7.424915e-01 -2.996014e-02 1.750241e+02 7.427793e-01 6.695328e-01 -2.186266e-03 4.539278e+01 2.168258e-02 -2.079076e-02 9.995487e-01 -3.434121e+00
6.684599e-01 -7.431918e-01 -2.876155e-02 1.758369e+02 7.434387e-01 6.687976e-01 -2.985001e-03 4.626292e+01 2.145408e-02 -1.938710e-02 9.995819e-01 -3.451947e+00
6.675509e-01 -7.440541e-01 -2.755507e-02 1.766413e+02 7.442834e-01 6.678582e-01 -2.746432e-03 4.715424e+01 2.044638e-02 -1.867540e-02 9.996165e-01 -3.473392e+00
6.664661e-01 -7.450466e-01 -2.699080e-02 1.774550e+02 7.452317e-01 6.667912e-01 -4.400087e-03 4.804672e+01 2.127550e-02 -1.718189e-02 9.996260e-01 -3.480883e+00
6.656296e-01 -7.458751e-01 -2.464710e-02 1.782775e+02 7.460102e-01 6.659158e-01 -5.008534e-03 4.893754e+01 2.014863e-02 -1.505316e-02 9.996837e-01 -3.481983e+00
6.644839e-01 -7.469308e-01 -2.356699e-02 1.790952e+02 7.470548e-01 6.647451e-01 -4.786473e-03 4.983077e+01 1.924121e-02 -1.442530e-02 9.997108e-01 -3.495602e+00
6.636174e-01 -7.477417e-01 -2.223376e-02 1.799094e+02 7.479014e-01 6.638077e-01 -1.632025e-03 5.073384e+01 1.597927e-02 -1.554562e-02 9.997514e-01 -3.512638e+00
6.625792e-01 -7.486990e-01 -2.094423e-02 1.807252e+02 7.488500e-01 6.627388e-01 -9.296536e-04 5.164221e+01 1.457659e-02 -1.506812e-02 9.997802e-01 -3.529392e+00
6.612819e-01 -7.498738e-01 -1.988802e-02 1.815503e+02 7.500238e-01 6.614107e-01 1.327470e-04 5.255393e+01 1.305461e-02 -1.500427e-02 9.998022e-01 -3.553872e+00
6.605899e-01 -7.504816e-01 -1.995838e-02 1.823565e+02 7.506247e-01 6.607286e-01 -4.876908e-04 5.346888e+01 1.355308e-02 -1.465909e-02 9.998007e-01 -3.580919e+00
6.596540e-01 -7.511574e-01 -2.488286e-02 1.831749e+02 7.513493e-01 6.599005e-01 -2.354241e-03 5.438356e+01 1.818862e-02 -1.714274e-02 9.996876e-01 -3.595619e+00
6.594576e-01 -7.513472e-01 -2.435606e-02 1.839953e+02 7.515622e-01 6.596619e-01 -4.841657e-04 5.529192e+01 1.643054e-02 -1.798581e-02 9.997032e-01 -3.610775e+00
6.595361e-01 -7.511727e-01 -2.741829e-02 1.848124e+02 7.514843e-01 6.597490e-01 1.668867e-03 5.622094e+01 1.683558e-02 -2.170509e-02 9.996226e-01 -3.633735e+00
6.591971e-01 -7.514581e-01 -2.774678e-02 1.856294e+02 7.517771e-01 6.594154e-01 1.671553e-03 5.714713e+01 1.704055e-02 -2.196128e-02 9.996136e-01 -3.656619e+00
6.592584e-01 -7.514350e-01 -2.690668e-02 1.864709e+02 7.516394e-01 6.595649e-01 -3.545336e-03 5.807494e+01 2.041079e-02 -1.788683e-02 9.996316e-01 -3.661949e+00
6.590602e-01 -7.516975e-01 -2.429923e-02 1.873022e+02 7.518528e-01 6.593199e-01 -3.820078e-03 5.900373e+01 1.889251e-02 -1.575178e-02 9.996974e-01 -3.632320e+00
6.596143e-01 -7.513474e-01 -1.965152e-02 1.881315e+02 7.514768e-01 6.597584e-01 -1.166369e-03 5.993033e+01 1.384161e-02 -1.399831e-02 9.998062e-01 -3.716016e+00
6.601359e-01 -7.508804e-01 -1.998255e-02 1.889747e+02 7.510325e-01 6.602652e-01 1.620324e-04 6.086811e+01 1.307212e-02 -1.511451e-02 9.998003e-01 -3.692832e+00
6.603376e-01 -7.507871e-01 -1.652510e-02 1.898182e+02 7.508850e-01 6.604328e-01 -4.233168e-04 6.181518e+01 1.123154e-02 -1.212892e-02 9.998634e-01 -3.725677e+00
6.605786e-01 -7.505771e-01 -1.642685e-02 1.906790e+02 7.506419e-01 6.607022e-01 -3.041361e-03 6.275728e+01 1.313603e-02 -1.032162e-02 9.998605e-01 -3.725848e+00
6.605802e-01 -7.506433e-01 -1.298079e-02 1.915314e+02 7.506690e-01 6.606680e-01 -3.758605e-03 6.372506e+01 1.139736e-02 -7.261414e-03 9.999087e-01 -3.776969e+00
6.605760e-01 -7.506432e-01 -1.319823e-02 1.923896e+02 7.506749e-01 6.606632e-01 -3.371766e-03 6.468190e+01 1.125058e-02 -7.680274e-03 9.999072e-01 -3.762797e+00
6.607640e-01 -7.504957e-01 -1.213040e-02 1.932550e+02 7.505355e-01 6.608279e-01 -1.778853e-03 6.564110e+01 9.351129e-03 -7.928897e-03 9.999248e-01 -3.803279e+00
6.608337e-01 -7.504558e-01 -1.071331e-02 1.941251e+02 7.504805e-01 6.608886e-01 -2.320697e-03 6.660224e+01 8.821885e-03 -6.506535e-03 9.999399e-01 -3.781843e+00
6.609023e-01 -7.504169e-01 -9.097250e-03 1.949951e+02 7.504228e-01 6.609492e-01 -3.430186e-03 6.758106e+01 8.586889e-03 -4.559767e-03 9.999527e-01 -3.826785e+00
6.608168e-01 -7.505236e-01 -5.959544e-03 1.958708e+02 7.505164e-01 6.608409e-01 -3.831059e-03 6.855575e+01 6.813610e-03 -1.941107e-03 9.999749e-01 -3.830012e+00
6.608174e-01 -7.505285e-01 -5.225761e-03 1.967500e+02 7.505275e-01 6.608342e-01 -2.536973e-03 6.953181e+01 5.357433e-03 -2.245602e-03 9.999831e-01 -3.863651e+00
6.610312e-01 -7.503400e-01 -5.256538e-03 1.976348e+02 7.503402e-01 6.610478e-01 -2.327162e-03 7.051020e+01 5.220985e-03 -2.405865e-03 9.999835e-01 -3.875849e+00
6.609690e-01 -7.503589e-01 -9.028583e-03 1.985165e+02 7.503890e-01 6.609964e-01 -6.179744e-05 7.149639e+01 6.014231e-03 -6.734103e-03 9.999592e-01 -3.909480e+00
6.610631e-01 -7.502667e-01 -9.777257e-03 1.994028e+02 7.502990e-01 6.610986e-01 -5.320623e-04 7.249082e+01 6.862918e-03 -6.984139e-03 9.999521e-01 -3.921640e+00
6.608625e-01 -7.503650e-01 -1.459732e-02 2.002984e+02 7.504475e-01 6.609299e-01 2.666325e-04 7.349469e+01 9.447737e-03 -1.113073e-02 9.998934e-01 -3.945881e+00
6.607953e-01 -7.504238e-01 -1.462016e-02 2.011802e+02 7.505106e-01 6.608580e-01 7.020310e-04 7.449379e+01 9.135032e-03 -1.143649e-02 9.998929e-01 -3.965184e+00
6.602763e-01 -7.508561e-01 -1.581981e-02 2.020938e+02 7.509531e-01 6.603554e-01 2.940693e-04 7.549385e+01 1.022590e-02 -1.207411e-02 9.998748e-01 -3.983889e+00
6.587430e-01 -7.522878e-01 -1.098822e-02 2.029977e+02 7.523363e-01 6.587791e-01 4.443014e-04 7.650689e+01 6.904570e-03 -8.559521e-03 9.999395e-01 -3.987485e+00
6.557784e-01 -7.548856e-01 -1.011604e-02 2.039053e+02 7.549277e-01 6.558080e-01 5.293479e-04 7.752721e+01 6.234579e-03 -7.984011e-03 9.999487e-01 -4.033925e+00
6.528806e-01 -7.574410e-01 -5.485939e-03 2.048025e+02 7.574568e-01 6.528835e-01 1.488963e-03 7.854584e+01 2.453878e-03 -5.127477e-03 9.999838e-01 -4.031953e+00
6.503525e-01 -7.595667e-01 -9.995443e-03 2.056852e+02 7.596119e-01 6.503755e-01 1.191315e-03 7.956877e+01 5.595909e-03 -8.367432e-03 9.999493e-01 -4.075504e+00
6.490448e-01 -7.607163e-01 -7.176838e-03 2.065770e+02 7.607361e-01 6.490612e-01 4.341756e-05 8.059153e+01 4.625179e-03 -5.487859e-03 9.999743e-01 -4.102904e+00
6.482179e-01 -7.613513e-01 -1.255533e-02 2.074710e+02 7.614174e-01 6.482617e-01 7.641795e-04 8.161889e+01 7.557326e-03 -1.005520e-02 9.999209e-01 -4.120934e+00
6.478547e-01 -7.617016e-01 -9.746790e-03 2.083686e+02 7.617306e-01 6.478931e-01 -1.076264e-03 8.265647e+01 7.134670e-03 -6.727165e-03 9.999519e-01 -4.130637e+00
6.471407e-01 -7.622570e-01 -1.315829e-02 2.092712e+02 7.623363e-01 6.471789e-01 1.681289e-03 8.370001e+01 7.234192e-03 -1.111907e-02 9.999120e-01 -4.147350e+00
6.467845e-01 -7.625780e-01 -1.202361e-02 2.101766e+02 7.626365e-01 6.468271e-01 4.536179e-04 8.475385e+01 7.431275e-03 -9.463035e-03 9.999276e-01 -4.177658e+00
6.458117e-01 -7.633519e-01 -1.487051e-02 2.110771e+02 7.634507e-01 6.458641e-01 1.597533e-03 8.580172e+01 8.384850e-03 -1.238461e-02 9.998881e-01 -4.209959e+00
6.455061e-01 -7.636281e-01 -1.392831e-02 2.119948e+02 7.636955e-01 6.455764e-01 -7.176395e-04 8.686511e+01 9.539796e-03 -1.017375e-02 9.999027e-01 -4.215101e+00
6.447780e-01 -7.642480e-01 -1.364923e-02 2.129082e+02 7.643094e-01 6.448488e-01 -1.069658e-03 8.793090e+01 9.619174e-03 -9.742543e-03 9.999063e-01 -4.246774e+00
6.444949e-01 -7.645012e-01 -1.281805e-02 2.138258e+02 7.645285e-01 6.445796e-01 -3.675638e-03 8.899709e+01 1.107228e-02 -7.430834e-03 9.999111e-01 -4.245809e+00
6.440148e-01 -7.649274e-01 -1.144408e-02 2.147456e+02 7.649418e-01 6.440871e-01 -4.012976e-03 9.005930e+01 1.044062e-02 -6.169637e-03 9.999264e-01 -4.285306e+00
6.441166e-01 -7.648615e-01 -1.002734e-02 2.156488e+02 7.648643e-01 6.441765e-01 -4.391838e-03 9.111110e+01 9.818522e-03 -4.840694e-03 9.999401e-01 -4.288485e+00
6.438948e-01 -7.650637e-01 -8.782256e-03 2.165629e+02 7.650718e-01 6.439375e-01 -3.119627e-03 9.217429e+01 8.041937e-03 -4.710346e-03 9.999565e-01 -4.317510e+00
6.439667e-01 -7.649922e-01 -9.690596e-03 2.174795e+02 7.650153e-01 6.440096e-01 -1.841927e-03 9.323430e+01 7.649895e-03 -6.227314e-03 9.999514e-01 -4.321485e+00
6.440185e-01 -7.649853e-01 -6.120786e-03 2.184003e+02 7.649999e-01 6.440303e-01 3.935164e-05 9.429529e+01 3.911869e-03 -4.707744e-03 9.999813e-01 -4.357109e+00
6.435697e-01 -7.653525e-01 -7.317305e-03 2.193040e+02 7.653676e-01 6.435925e-01 -1.066620e-03 9.535495e+01 5.525703e-03 -4.913984e-03 9.999726e-01 -4.370683e+00
6.436105e-01 -7.653422e-01 -4.089894e-03 2.202150e+02 7.653478e-01 6.436169e-01 -3.107458e-04 9.643010e+01 2.870152e-03 -2.930192e-03 9.999916e-01 -4.415157e+00
6.434728e-01 -7.654341e-01 -7.302460e-03 2.211286e+02 7.654433e-01 6.435001e-01 -2.045635e-03 9.748709e+01 6.264932e-03 -4.273308e-03 9.999713e-01 -4.423621e+00
6.434715e-01 -7.654528e-01 -5.135519e-03 2.220308e+02 7.654603e-01 6.434827e-01 -7.368927e-04 9.855119e+01 3.868675e-03 -3.456867e-03 9.999865e-01 -4.471695e+00
6.431396e-01 -7.657016e-01 -8.514030e-03 2.229230e+02 7.657270e-01 6.431657e-01 -4.117272e-04 9.962562e+01 5.791191e-03 -6.254625e-03 9.999636e-01 -4.466959e+00
6.432828e-01 -7.655985e-01 -6.787331e-03 2.238433e+02 7.656145e-01 6.432995e-01 -3.777922e-04 1.006653e+02 4.655525e-03 -4.953452e-03 9.999769e-01 -4.498818e+00
6.434671e-01 -7.654215e-01 -8.955088e-03 2.247777e+02 7.654546e-01 6.434897e-01 4.327719e-04 1.016951e+02 5.431255e-03 -7.133188e-03 9.999598e-01 -4.536686e+00
6.434599e-01 -7.654260e-01 -9.076694e-03 2.256508e+02 7.654582e-01 6.434858e-01 1.179348e-04 1.027844e+02 5.750452e-03 -7.023715e-03 9.999588e-01 -4.549026e+00
6.440890e-01 -7.648755e-01 -1.071784e-02 2.265620e+02 7.649174e-01 6.441283e-01 -2.924625e-04 1.038460e+02 7.127363e-03 -8.009891e-03 9.999425e-01 -4.594523e+00
6.449433e-01 -7.641515e-01 -1.098132e-02 2.274540e+02 7.641820e-01 6.449976e-01 -1.989624e-03 1.048945e+02 8.603301e-03 -7.108534e-03 9.999377e-01 -4.596498e+00
6.459649e-01 -7.632887e-01 -1.094133e-02 2.283548e+02 7.633278e-01 6.460106e-01 -8.889416e-04 1.059398e+02 7.746737e-03 -7.777600e-03 9.999397e-01 -4.645602e+00
6.467326e-01 -7.626181e-01 -1.227306e-02 2.292583e+02 7.626697e-01 6.467878e-01 -7.118252e-04 1.069896e+02 8.480918e-03 -8.899933e-03 9.999244e-01 -4.637355e+00
6.474854e-01 -7.619849e-01 -1.190447e-02 2.301546e+02 7.620394e-01 6.475307e-01 6.008474e-05 1.080278e+02 7.662728e-03 -9.110583e-03 9.999291e-01 -4.684165e+00
6.480517e-01 -7.614924e-01 -1.258193e-02 2.310624e+02 7.615325e-01 6.481228e-01 -2.236533e-03 1.090707e+02 9.857737e-03 -8.132159e-03 9.999183e-01 -4.692085e+00
6.483221e-01 -7.612742e-01 -1.183743e-02 2.319570e+02 7.613102e-01 6.483847e-01 -2.045361e-03 1.101113e+02 9.232286e-03 -7.685901e-03 9.999278e-01 -4.729293e+00
6.487200e-01 -7.609382e-01 -1.164055e-02 2.328640e+02 7.609488e-01 6.487969e-01 -4.434621e-03 1.111410e+02 1.092682e-02 -5.981036e-03 9.999224e-01 -4.722680e+00
6.491616e-01 -7.605882e-01 -9.741854e-03 2.337420e+02 7.605985e-01 6.492138e-01 -3.379840e-03 1.121717e+02 8.895211e-03 -5.215577e-03 9.999468e-01 -4.778021e+00
6.494918e-01 -7.603005e-01 -1.017104e-02 2.346486e+02 7.603164e-01 6.495459e-01 -3.032523e-03 1.131969e+02 8.912184e-03 -5.763608e-03 9.999437e-01 -4.765244e+00
