1.000000e+00 0.000000e+00 0.000000e+00 0.000000e+00 0.000000e+00 1.000000e+00 0.000000e+00 0.000000e+00 0.000000e+00 0.000000e+00 1.000000e+00 0.000000e+00
9.999913e-01 -3.918206e-03 -1.423488e-03 2.040136e+00 3.914698e-03 9.999894e-01 -2.459251e-03 -1.678786e-02 1.433108e-03 2.453657e-03 9.999959e-01 -4.286281e-02
9.999691e-01 -7.815798e-03 8.286473e-04 3.811781e+00 7.817983e-03 9.999660e-01 -2.665953e-03 -7.032509e-03 -8.077826e-04 2.672349e-03 9.999961e-01 -4.002769e-02
9.999205e-01 -1.260203e-02 -2.058095e-04 5.579041e+00 1.260122e-02 9.999142e-01 -3.552061e-03 1.533473e-02 2.505550e-04 3.549185e-03 9.999937e-01 -8.742715e-02
9.998828e-01 -1.465410e-02 4.445911e-03 7.396961e+00 1.463523e-02 9.998839e-01 4.248389e-03 7.968969e-03 -4.507652e-03 -4.182824e-03 9.999811e-01 -1.025329e-01
9.998513e-01 -1.711277e-02 2.134140e-03 9.159063e+00 1.710516e-02 9.998474e-01 3.531692e-03 1.795137e-02 -2.194251e-03 -3.494662e-03 9.999915e-01 -1.629424e-01
9.997963e-01 -1.875261e-02 7.455268e-03 1.090265e+01 1.873510e-02 9.998215e-01 2.411617e-03 1.906496e-02 -7.499162e-03 -2.271451e-03 9.999693e-01 -1.857834e-01
9.997430e-01 -2.160362e-02 6.869434e-03 1.264273e+01 2.158120e-02 9.997616e-01 3.321886e-03 3.931363e-02 -6.939561e-03 -3.172782e-03 9.999709e-01 -2.140244e-01
9.996802e-01 -2.330604e-02 9.815926e-03 1.436108e+01 2.326748e-02 9.997211e-01 4.024461e-03 4.932021e-02 -9.906983e-03 -3.794782e-03 9.999437e-01 -2.548947e-01
9.996889e-01 -2.422677e-02 5.928529e-03 1.611561e+01 2.421275e-02 9.997040e-01 2.425221e-03 6.934927e-02 -5.985529e-03 -2.280920e-03 9.999795e-01 -3.194100e-01
9.996189e-01 -2.632722e-02 8.307215e-03 1.784347e+01 2.631992e-02 9.996531e-01 9.868545e-04 1.127872e-01 -8.330313e-03 -7.678333e-04 9.999650e-01 -3.533986e-01
9.995732e-01 -2.871364e-02 5.378436e-03 1.960932e+01 2.870907e-02 9.995873e-01 9.267057e-04 1.542599e-01 -5.402826e-03 -7.719003e-04 9.999851e-01 -3.754303e-01
9.995220e-01 -3.051873e-02 4.938368e-03 2.134336e+01 3.053842e-02 9.995258e-01 -3.962858e-03 1.827936e-01 -4.815084e-03 4.111774e-03 9.999800e-01 -4.288638e-01
9.994926e-01 -3.175835e-02 2.421339e-03 2.310199e+01 3.175285e-02 9.994930e-01 2.276489e-03 2.382616e-01 -2.492409e-03 -2.198450e-03 9.999945e-01 -4.258814e-01
9.994136e-01 -3.406083e-02 3.511399e-03 2.485206e+01 3.406565e-02 9.994186e-01 -1.322705e-03 2.723064e-01 -3.464306e-03 1.441547e-03 9.999930e-01 -4.635698e-01
9.993346e-01 -3.643166e-02 1.775204e-03 2.661907e+01 3.643264e-02 9.993359e-01 -5.235213e-04 3.294518e-01 -1.754952e-03 5.878483e-04 9.999983e-01 -4.914461e-01
9.992630e-01 -3.824664e-02 3.260929e-03 2.838438e+01 3.823867e-02 9.992656e-01 2.469782e-03 3.783180e-01 -3.352995e-03 -2.343268e-03 9.999917e-01 -5.292436e-01
9.992017e-01 -3.987157e-02 2.509324e-03 3.014858e+01 3.985857e-02 9.991927e-01 5.033476e-03 4.273483e-01 -2.707991e-03 -4.929440e-03 9.999842e-01 -5.654320e-01
9.991045e-01 -4.228507e-02 1.474337e-03 3.192214e+01 4.227220e-02 9.990749e-01 7.880366e-03 4.815869e-01 -1.806196e-03 -7.810986e-03 9.999679e-01 -6.157889e-01
9.990280e-01 -4.405208e-02 -1.561271e-03 3.370668e+01 4.406255e-02 9.990009e-01 7.469438e-03 5.472187e-01 1.230667e-03 -7.530971e-03 9.999709e-01 -6.633122e-01
9.989398e-01 -4.577784e-02 -4.872566e-03 3.548613e+01 4.576975e-02 9.989505e-01 -1.758743e-03 5.982968e-01 4.947963e-03 1.533862e-03 9.999866e-01 -7.049451e-01
9.988160e-01 -4.853247e-02 3.340929e-03 3.727583e+01 4.854210e-02 9.988170e-01 -2.863187e-03 6.864581e-01 -3.198019e-03 3.021973e-03 9.999903e-01 -8.163323e-01
9.987656e-01 -4.964587e-02 -1.600002e-03 3.906266e+01 4.965094e-02 9.987612e-01 3.302930e-03 7.618763e-01 1.434044e-03 -3.378295e-03 9.999933e-01 -7.428150e-01
9.986708e-01 -5.097231e-02 -7.649423e-03 4.086909e+01 5.101652e-02 9.986815e-01 5.699056e-03 8.328561e-01 7.348843e-03 -6.081727e-03 9.999545e-01 -8.128296e-01
9.986203e-01 -5.241526e-02 -3.185017e-03 4.267130e+01 5.243288e-02 9.986080e-01 5.726626e-03 9.063275e-01 2.880421e-03 -5.885725e-03 9.999785e-01 -8.444377e-01
9.984837e-01 -5.451931e-02 -7.615183e-03 4.448050e+01 5.459375e-02 9.984592e-01 9.935192e-03 9.931299e-01 7.061791e-03 -1.033587e-02 9.999216e-01 -9.071214e-01
9.984316e-01 -5.595809e-02 1.770030e-03 4.628148e+01 5.594474e-02 9.984103e-01 6.860897e-03 1.064398e+00 -2.151139e-03 -6.751112e-03 9.999749e-01 -8.974802e-01
9.983461e-01 -5.748621e-02 5.432307e-04 4.809575e+01 5.747982e-02 9.983130e-01 8.220017e-03 1.132179e+00 -1.014852e-03 -8.175198e-03 9.999661e-01 -1.001787e+00
9.982458e-01 -5.865240e-02 8.080478e-03 4.992949e+01 5.856908e-02 9.982313e-01 1.018836e-02 1.233853e+00 -8.663758e-03 -9.697217e-03 9.999154e-01 -1.028847e+00
9.981497e-01 -6.079245e-02 1.231192e-03 5.173927e+01 6.077981e-02 9.981147e-01 8.527641e-03 1.339190e+00 -1.747287e-03 -8.437031e-03 9.999629e-01 -1.089694e+00
9.980842e-01 -6.186126e-02 1.056685e-03 5.356851e+01 6.185626e-02 9.980760e-01 4.244775e-03 1.426507e+00 -1.317239e-03 -4.171280e-03 9.999904e-01 -1.123193e+00
9.979745e-01 -6.338175e-02 5.442092e-03 5.540878e+01 6.332514e-02 9.979427e-01 1.001094e-02 1.521233e+00 -6.065408e-03 -9.646047e-03 9.999351e-01 -1.139183e+00
9.978595e-01 -6.516329e-02 5.488748e-03 5.724796e+01 6.515271e-02 9.978731e-01 2.083848e-03 1.618819e+00 -5.612865e-03 -1.721780e-03 9.999828e-01 -1.227843e+00
9.976054e-01 -6.808840e-02 1.214355e-02 5.910009e+01 6.801323e-02 9.976634e-01 6.499751e-03 1.732192e+00 -1.255773e-02 -5.658265e-03 9.999051e-01 -1.256344e+00
9.975621e-01 -6.961222e-02 4.913834e-03 6.094388e+01 6.960812e-02 9.975740e-01 1.000513e-03 1.825741e+00 -4.971561e-03 -6.560306e-04 9.999874e-01 -1.279405e+00
9.973189e-01 -7.237127e-02 1.083734e-02 6.277966e+01 7.227825e-02 9.973463e-01 8.743130e-03 1.948060e+00 -1.144133e-02 -7.936385e-03 9.999030e-01 -1.357279e+00
9.972745e-01 -7.361969e-02 4.876586e-03 6.465727e+01 7.359535e-02 9.972757e-01 4.998231e-03 2.052135e+00 -5.231269e-03 -4.625714e-03 9.999756e-01 -1.332608e+00
9.970559e-01 -7.596444e-02 1.043569e-02 6.652188e+01 7.592081e-02 9.971035e-01 4.516549e-03 2.180574e+00 -1.074856e-02 -3.710966e-03 9.999353e-01 -1.439079e+00
9.968169e-01 -7.702518e-02 2.056990e-02 6.839700e+01 7.700690e-02 9.970291e-01 1.680497e-03 2.287956e+00 -2.063823e-02 -9.112363e-05 9.997870e-01 -1.426766e+00
9.966747e-01 -7.861036e-02 2.144737e-02 7.027004e+01 7.856913e-02 9.969049e-01 2.759940e-03 2.416935e+00 -2.159795e-02 -1.065661e-03 9.997662e-01 -1.499895e+00
9.964258e-01 -7.965755e-02 2.811205e-02 7.215529e+01 7.969049e-02 9.968196e-01 -5.169108e-05 2.553618e+00 -2.801853e-02 2.291770e-03 9.996048e-01 -1.515387e+00
9.965457e-01 -7.955357e-02 2.382960e-02 7.401949e+01 7.950518e-02 9.968301e-01 2.972647e-03 2.683821e+00 -2.399054e-02 -1.067802e-03 9.997116e-01 -1.573195e+00
9.964167e-01 -8.069981e-02 2.532460e-02 7.591042e+01 8.066639e-02 9.967383e-01 2.340443e-03 2.823756e+00 -2.543087e-02 -2.892124e-04 9.996765e-01 -1.611210e+00
9.965363e-01 -8.006011e-02 2.248951e-02 7.781506e+01 8.001243e-02 9.967895e-01 3.013682e-03 2.953336e+00 -2.265858e-02 -1.203803e-03 9.997425e-01 -1.625740e+00
9.963720e-01 -8.143128e-02 2.473205e-02 7.972953e+01 8.140765e-02 9.966788e-01 1.962411e-03 3.100142e+00 -2.480971e-02 5.808653e-05 9.996922e-01 -1.693195e+00
9.962994e-01 -8.198827e-02 2.579619e-02 8.162417e+01 8.194306e-02 9.966331e-01 2.806576e-03 3.241685e+00 -2.593944e-02 -6.823712e-04 9.996633e-01 -1.704786e+00
9.963538e-01 -8.267501e-02 2.107006e-02 8.353873e+01 8.257276e-02 9.965688e-01 5.678919e-03 3.372944e+00 -2.146726e-02 -3.918400e-03 9.997619e-01 -1.759256e+00
9.962761e-01 -8.300073e-02 2.334103e-02 8.545335e+01 8.282462e-02 9.965285e-01 8.415241e-03 3.505743e+00 -2.395848e-02 -6.450691e-03 9.996921e-01 -1.806472e+00
9.962894e-01 -8.379470e-02 1.964409e-02 8.738119e+01 8.369449e-02 9.964743e-01 5.870293e-03 3.648475e+00 -2.006673e-02 -4.204409e-03 9.997898e-01 -1.853601e+00
9.961437e-01 -8.448845e-02 2.365131e-02 8.931821e+01 8.437973e-02 9.964181e-01 5.559358e-03 3.784043e+00 -2.403629e-02 -3.542229e-03 9.997048e-01 -1.915010e+00
9.960179e-01 -8.504021e-02 2.676767e-02 9.124503e+01 8.495788e-02 9.963758e-01 4.199928e-03 3.934874e+00 -2.702782e-02 -1.909079e-03 9.996328e-01 -1.943937e+00
9.958816e-01 -8.577187e-02 2.937958e-02 9.318217e+01 8.564745e-02 9.963106e-01 5.470074e-03 4.082211e+00 -2.974036e-02 -2.931260e-03 9.995534e-01 -2.001478e+00
9.958950e-01 -8.594214e-02 2.840968e-02 9.513029e+01 8.577450e-02 9.962895e-01 7.070070e-03 4.224178e+00 -2.891189e-02 -4.604220e-03 9.995714e-01 -2.035867e+00
9.957375e-01 -8.728468e-02 2.980334e-02 9.707762e+01 8.703194e-02 9.961585e-01 9.677222e-03 4.370009e+00 -3.053352e-02 -7.042130e-03 9.995089e-01 -2.110744e+00
9.956915e-01 -8.786833e-02 2.962205e-02 9.902004e+01 8.761507e-02 9.961067e-01 9.744450e-03 4.514294e+00 -3.036295e-02 -7.107129e-03 9.995137e-01 -2.142953e+00
9.953988e-01 -8.923563e-02 3.490333e-02 1.009821e+02 8.891679e-02 9.959828e-01 1.058614e-02 4.673130e+00 -3.570778e-02 -7.433943e-03 9.993346e-01 -2.207191e+00
9.953805e-01 -9.038436e-02 3.237742e-02 1.029492e+02 9.007847e-02 9.958762e-01 1.078787e-02 4.826656e+00 -3.321896e-02 -7.821528e-03 9.994175e-01 -2.262329e+00
9.952279e-01 -9.056792e-02 3.631524e-02 1.049072e+02 9.025577e-02 9.958669e-01 1.014817e-02 4.970400e+00 -3.708425e-02 -6.822082e-03 9.992889e-01 -2.322190e+00
9.952386e-01 -9.135520e-02 3.397602e-02 1.068815e+02 9.106626e-02 9.957950e-01 9.959522e-03 5.123694e+00 -3.474300e-02 -6.818031e-03 9.993730e-01 -2.385540e+00
9.953107e-01 -9.072650e-02 3.354432e-02 1.088424e+02 9.048598e-02 9.958605e-01 8.623142e-03 5.291412e+00 -3.418780e-02 -5.547415e-03 9.994000e-01 -2.433962e+00
9.955094e-01 -8.904705e-02 3.211728e-02 1.108203e+02 8.880449e-02 9.960093e-01 8.904352e-03 5.453135e+00 -3.278201e-02 -6.012208e-03 9.994444e-01 -2.487857e+00
9.955554e-01 -8.660475e-02 3.700043e-02 1.128068e+02 8.622222e-02 9.962058e-01 1.181515e-02 5.599907e+00 -3.788329e-02 -8.572379e-03 9.992454e-01 -2.551152e+00
9.956803e-01 -8.491707e-02 3.754841e-02 1.148015e+02 8.447367e-02 9.963375e-01 1.324434e-02 5.751211e+00 -3.853557e-02 -1.001527e-02 9.992070e-01 -2.596183e+00
9.955875e-01 -8.479732e-02 4.018503e-02 1.167933e+02 8.439668e-02 9.963652e-01 1.156635e-02 5.904476e+00 -4.101976e-02 -8.123829e-03 9.991253e-01 -2.663956e+00
9.956138e-01 -8.435790e-02 4.045915e-02 1.187963e+02 8.411823e-02 9.964268e-01 7.592877e-03 6.042770e+00 -4.095510e-02 -4.156221e-03 9.991524e-01 -2.716480e+00
9.955128e-01 -8.421790e-02 4.314496e-02 1.208072e+02 8.397662e-02 9.964403e-01 7.377710e-03 6.194986e+00 -4.361271e-02 -3.721437e-03 9.990416e-01 -2.775604e+00
9.955136e-01 -8.479838e-02 4.197668e-02 1.228092e+02 8.449645e-02 9.963838e-01 8.918731e-03 6.362716e+00 -4.258118e-02 -5.331838e-03 9.990788e-01 -2.821333e+00
9.956320e-01 -8.433104e-02 4.006577e-02 1.248320e+02 8.410665e-02 9.964303e-01 7.256130e-03 6.504051e+00 -4.053466e-02 -3.854637e-03 9.991707e-01 -2.873829e+00
9.956690e-01 -8.467425e-02 3.838656e-02 1.268576e+02 8.441217e-02 9.963955e-01 8.400509e-03 6.665309e+00 -3.895951e-02 -5.123834e-03 9.992276e-01 -2.932186e+00
9.956804e-01 -8.434518e-02 3.881264e-02 1.288699e+02 8.407239e-02 9.964225e-01 8.610588e-03 6.817750e+00 -3.940004e-02 -5.310323e-03 9.992094e-01 -2.976053e+00
9.957780e-01 -8.388122e-02 3.728539e-02 1.308791e+02 8.363340e-02 9.964632e-01 8.160200e-03 6.964531e+00 -3.783800e-02 -5.007443e-03 9.992713e-01 -3.039148e+00
9.957560e-01 -8.356543e-02 3.855959e-02 1.329115e+02 8.343628e-02 9.965010e-01 4.949413e-03 7.110004e+00 -3.883826e-02 -1.711139e-03 9.992440e-01 -3.095658e+00
9.957851e-01 -8.375558e-02 3.737753e-02 1.349475e+02 8.364970e-02 9.964855e-01 4.390360e-03 7.273149e+00 -3.761388e-02 -1.245236e-03 9.992916e-01 -3.136313e+00
9.958382e-01 -8.390640e-02 3.557996e-02 1.369999e+02 8.374611e-02 9.964691e-01 5.974296e-03 7.421652e+00 -3.595562e-02 -2.969749e-03 9.993490e-01 -3.190443e+00
9.959379e-01 -8.341701e-02 3.390000e-02 1.390288e+02 8.315894e-02 9.964962e-01 8.955130e-03 7.569582e+00 -3.452823e-02 -6.099666e-03 9.993851e-01 -3.232666e+00
9.959370e-01 -8.315263e-02 3.456962e-02 1.410759e+02 8.282710e-02 9.965060e-01 1.074676e-02 7.720767e+00 -3.534245e-02 -7.839794e-03 9.993445e-01 -3.289738e+00
9.959193e-01 -8.308440e-02 3.523713e-02 1.431349e+02 8.267467e-02 9.964926e-01 1.293250e-02 7.878570e+00 -3.618804e-02 -9.966506e-03 9.992953e-01 -3.348020e+00
9.959824e-01 -8.285133e-02 3.398146e-02 1.451749e+02 8.245864e-02 9.965122e-01 1.280170e-02 8.022999e+00 -3.492358e-02 -9.948203e-03 9.993405e-01 -3.424859e+00
9.960686e-01 -8.248708e-02 3.229997e-02 1.472500e+02 8.215389e-02 9.965532e-01 1.151231e-02 8.168919e+00 -3.313825e-02 -8.813486e-03 9.994119e-01 -3.493011e+00
9.962029e-01 -8.164698e-02 3.022581e-02 1.493090e+02 8.145027e-02 9.966477e-01 7.685004e-03 8.325376e+00 -3.075195e-02 -5.193923e-03 9.995136e-01 -3.537952e+00
9.960623e-01 -8.233429e-02 3.287612e-02 1.513947e+02 8.210688e-02 9.965898e-01 8.210383e-03 8.488007e+00 -3.344001e-02 -5.478698e-03 9.994257e-01 -3.588877e+00
9.958750e-01 -8.398135e-02 3.435216e-02 1.534668e+02 8.366668e-02 9.964385e-01 1.049969e-02 8.631162e+00 -3.511159e-02 -7.582251e-03 9.993547e-01 -3.648814e+00
9.956671e-01 -8.551285e-02 3.653188e-02 1.555340e+02 8.508351e-02 9.962870e-01 1.315286e-02 8.792919e+00 -3.752097e-02 -9.987606e-03 9.992459e-01 -3.706242e+00
9.955400e-01 -8.780055e-02 3.451278e-02 1.576090e+02 8.746175e-02 9.961047e-01 1.120979e-02 8.946986e+00 -3.536257e-02 -8.141248e-03 9.993414e-01 -3.775763e+00
9.951862e-01 -9.087439e-02 3.669076e-02 1.596840e+02 9.060311e-02 9.958465e-01 8.993183e-03 9.117865e+00 -3.735561e-02 -5.625594e-03 9.992862e-01 -3.832980e+00
9.951503e-01 -9.185553e-02 3.519253e-02 1.617561e+02 9.147628e-02 9.957321e-01 1.224240e-02 9.281404e+00 -3.616686e-02 -8.963750e-03 9.993055e-01 -3.899819e+00
9.952027e-01 -9.276287e-02 3.109245e-02 1.638228e+02 9.232445e-02 9.956123e-01 1.525451e-02 9.445020e+00 -3.237108e-02 -1.231074e-02 9.994001e-01 -3.974524e+00
9.954394e-01 -9.198131e-02 2.529431e-02 1.658947e+02 9.165259e-02 9.956946e-01 1.386397e-02 9.614700e+00 -2.646063e-02 -1.148245e-02 9.995839e-01 -4.038376e+00
9.954033e-01 -9.255438e-02 2.461730e-02 1.679655e+02 9.230183e-02 9.956679e-01 1.120695e-02 9.799864e+00 -2.554791e-02 -8.883212e-03 9.996341e-01 -4.102074e+00
9.954385e-01 -9.258066e-02 2.304205e-02 1.700507e+02 9.233570e-02 9.956617e-01 1.147942e-02 9.969870e+00 -2.400486e-02 -9.299451e-03 9.996686e-01 -4.177905e+00
9.954524e-01 -9.273792e-02 2.177705e-02 1.721175e+02 9.252913e-02 9.956555e-01 1.040930e-02 1.013285e+01 -2.264778e-02 -8.346948e-03 9.997087e-01 -4.228116e+00
9.952770e-01 -9.390807e-02 2.459650e-02 1.742020e+02 9.359138e-02 9.955159e-01 1.372733e-02 1.031740e+01 -2.577532e-02 -1.136048e-02 9.996032e-01 -4.316678e+00
9.951923e-01 -9.458897e-02 2.539962e-02 1.762775e+02 9.424432e-02 9.954444e-01 1.444215e-02 1.049882e+01 -2.664997e-02 -1.197895e-02 9.995731e-01 -4.355605e+00
9.951187e-01 -9.499474e-02 2.673304e-02 1.783259e+02 9.466159e-02 9.954183e-01 1.346573e-02 1.066963e+01 -2.788974e-02 -1.086941e-02 9.995519e-01 -4.440349e+00
9.951822e-01 -9.545415e-02 2.238196e-02 1.803971e+02 9.527434e-02 9.954108e-01 8.969802e-03 1.084672e+01 -2.313544e-02 -6.794162e-03 9.997092e-01 -4.499135e+00
9.950413e-01 -9.686679e-02 2.257599e-02 1.824509e+02 9.672497e-02 9.952843e-01 7.293792e-03 1.102290e+01 -2.317606e-02 -5.073962e-03 9.997185e-01 -4.573586e+00
9.950818e-01 -9.747906e-02 1.760623e-02 1.844936e+02 9.729521e-02 9.951947e-01 1.101540e-02 1.121654e+01 -1.859540e-02 -9.248221e-03 9.997843e-01 -4.627517e+00
9.950792e-01 -9.796713e-02 1.482617e-02 1.865480e+02 9.780204e-02 9.951397e-01 1.147949e-02 1.139202e+01 -1.587872e-02 -9.972976e-03 9.998242e-01 -4.688799e+00
9.949499e-01 -9.986451e-02 1.009109e-02 1.885732e+02 9.975456e-02 9.949527e-01 1.086955e-02 1.158541e+01 -1.112564e-02 -9.808023e-03 9.998900e-01 -4.757101e+00
9.948722e-01 -1.007801e-01 8.531100e-03 1.906153e+02 1.007004e-01 9.948732e-01 9.311916e-03 1.176248e+01 -9.425820e-03 -8.405082e-03 9.999202e-01 -4.814517e+00
9.946828e-01 -1.025370e-01 9.604957e-03 1.926437e+02 1.024408e-01 9.946885e-01 1.002860e-02 1.196027e+01 -1.058224e-02 -8.991341e-03 9.999036e-01 -4.882540e+00
9.945529e-01 -1.037662e-01 9.852779e-03 1.946794e+02 1.036783e-01 9.945698e-01 9.043708e-03 1.214509e+01 -1.073771e-02 -7.972926e-03 9.999105e-01 -4.931116e+00
9.943441e-01 -1.055483e-01 1.181035e-02 1.967052e+02 1.054164e-01 9.943640e-01 1.128454e-02 1.234230e+01 -1.293485e-02 -9.975707e-03 9.998666e-01 -5.018862e+00
9.942082e-01 -1.073034e-01 6.013679e-03 1.987257e+02 1.072340e-01 9.941742e-01 1.087266e-02 1.254076e+01 -7.145319e-03 -1.016481e-02 9.999228e-01 -5.059979e+00
9.940724e-01 -1.086844e-01 2.800828e-03 2.007732e+02 1.086550e-01 9.940376e-01 9.106660e-03 1.275855e+01 -3.773881e-03 -8.748354e-03 9.999546e-01 -5.138823e+00
9.939048e-01 -1.102196e-01 -2.224084e-03 2.028168e+02 1.102338e-01 9.938748e-01 7.817017e-03 1.296721e+01 1.348873e-03 -8.014539e-03 9.999670e-01 -5.183042e+00
9.935566e-01 -1.128935e-01 -1.002306e-02 2.048448e+02 1.130001e-01 9.935362e-01 1.079962e-02 1.317799e+01 8.739066e-03 -1.186264e-02 9.998915e-01 -5.239331e+00
9.932044e-01 -1.157370e-01 -1.224319e-02 2.068991e+02 1.159175e-01 9.931420e-01 1.523171e-02 1.341104e+01 1.039636e-02 -1.654740e-02 9.998090e-01 -5.304287e+00
9.925593e-01 -1.203153e-01 -1.871331e-02 2.089508e+02 1.206032e-01 9.925859e-01 1.509638e-02 1.364200e+01 1.675824e-02 -1.724094e-02 9.997109e-01 -5.369692e+00
9.917431e-01 -1.264655e-01 -2.125957e-02 2.110011e+02 1.267589e-01 9.918474e-01 1.306857e-02 1.388820e+01 1.943353e-02 -1.565550e-02 9.996886e-01 -5.448450e+00
9.907966e-01 -1.323219e-01 -2.851283e-02 2.130704e+02 1.327458e-01 9.910579e-01 1.351813e-02 1.415070e+01 2.646912e-02 -1.717868e-02 9.995020e-01 -5.510176e+00
9.899611e-01 -1.382603e-01 -2.934570e-02 2.151413e+02 1.386594e-01 9.902672e-01 1.202120e-02 1.442683e+01 2.739803e-02 -1.596958e-02 9.994971e-01 -5.582766e+00
9.888591e-01 -1.439327e-01 -3.796185e-02 2.172124e+02 1.444515e-01 9.894476e-01 1.128553e-02 1.470817e+01 3.593690e-02 -1.664345e-02 9.992155e-01 -5.641704e+00
9.878589e-01 -1.500261e-01 -4.033647e-02 2.192706e+02 1.506203e-01 9.885175e-01 1.210211e-02 1.500905e+01 3.805768e-02 -1.803067e-02 9.991128e-01 -5.705089e+00
9.867452e-01 -1.561980e-01 -4.400210e-02 2.213459e+02 1.568765e-01 9.875404e-01 1.239250e-02 1.531250e+01 4.151818e-02 -1.913113e-02 9.989546e-01 -5.755838e+00
9.859182e-01 -1.618917e-01 -4.190865e-02 2.234253e+02 1.625836e-01 9.866004e-01 1.364107e-02 1.562624e+01 3.913872e-02 -2.026264e-02 9.990283e-01 -5.818635e+00
9.847447e-01 -1.685535e-01 -4.321670e-02 2.255109e+02 1.692375e-01 9.854940e-01 1.266315e-02 1.596992e+01 4.045538e-02 -1.978385e-02 9.989855e-01 -5.882619e+00
9.836751e-01 -1.751745e-01 -4.119718e-02 2.275896e+02 1.758224e-01 9.843408e-01 1.264069e-02 1.631565e+01 3.833774e-02 -1.967772e-02 9.990711e-01 -5.959307e+00
9.824309e-01 -1.815458e-01 -4.325151e-02 2.296762e+02 1.823323e-01 9.831231e-01 1.495804e-02 1.667603e+01 3.980599e-02 -2.258139e-02 9.989522e-01 -6.026886e+00
9.811566e-01 -1.879771e-01 -4.468066e-02 2.317569e+02 1.888485e-01 9.818739e-01 1.611837e-02 1.705344e+01 4.084089e-02 -2.425253e-02 9.988713e-01 -6.101691e+00
9.797847e-01 -1.939046e-01 -4.922367e-02 2.338591e+02 1.947857e-01 9.807496e-01 1.373643e-02 1.745356e+01 4.561253e-02 -2.304681e-02 9.986933e-01 -6.173183e+00
9.785951e-01 -1.999124e-01 -4.885231e-02 2.359492e+02 2.006086e-01 9.796231e-01 9.738520e-03 1.785684e+01 4.591000e-02 -1.933026e-02 9.987586e-01 -6.238545e+00
9.768754e-01 -2.070258e-01 -5.343067e-02 2.380342e+02 2.077477e-01 9.781475e-01 8.270415e-03 1.828641e+01 5.055089e-02 -1.917926e-02 9.985373e-01 -6.297715e+00
9.756281e-01 -2.130311e-01 -5.260647e-02 2.401321e+02 2.138074e-01 9.768295e-01 9.532541e-03 1.870229e+01 4.935682e-02 -2.054787e-02 9.985698e-01 -6.350358e+00
9.741893e-01 -2.196286e-01 -5.213885e-02 2.422179e+02 2.205789e-01 9.752805e-01 1.315871e-02 1.915834e+01 4.795997e-02 -2.431980e-02 9.985532e-01 -6.414735e+00
9.726791e-01 -2.265411e-01 -5.073882e-02 2.443381e+02 2.275389e-01 9.736571e-01 1.476049e-02 1.962783e+01 4.605836e-02 -2.590227e-02 9.986029e-01 -6.467298e+00
9.708262e-01 -2.348191e-01 -4.854410e-02 2.464267e+02 2.359090e-01 9.716082e-01 1.801544e-02 2.012144e+01 4.293548e-02 -2.894185e-02 9.986585e-01 -6.570154e+00
9.692074e-01 -2.411092e-01 -5.003358e-02 2.485457e+02 2.421983e-01 9.700797e-01 1.689331e-02 2.062063e+01 4.446343e-02 -2.849117e-02 9.986047e-01 -6.619787e+00
9.671946e-01 -2.485853e-01 -5.234506e-02 2.506395e+02 2.497932e-01 9.681344e-01 1.785500e-02 2.113787e+01 4.623857e-02 -3.034470e-02 9.984694e-01 -6.722342e+00
9.652770e-01 -2.557683e-01 -5.313183e-02 2.527474e+02 2.569067e-01 9.663082e-01 1.571822e-02 2.168307e+01 4.732151e-02 -2.882236e-02 9.984638e-01 -6.780731e+00
9.630100e-01 -2.633938e-01 -5.688225e-02 2.548552e+02 2.646174e-01 9.642361e-01 1.503853e-02 2.224608e+01 5.088688e-02 -2.953429e-02 9.982677e-01 -6.866164e+00
9.606925e-01 -2.714172e-01 -5.833269e-02 2.569673e+02 2.726271e-01 9.620216e-01 1.374264e-02 2.281473e+01 5.238732e-02 -2.910552e-02 9.982026e-01 -6.929729e+00
9.586546e-01 -2.789047e-01 -5.651090e-02 2.590603e+02 2.804089e-01 9.596605e-01 2.055322e-02 2.339247e+01 4.849889e-02 -3.554960e-02 9.981904e-01 -6.986967e+00
9.564927e-01 -2.870205e-01 -5.235407e-02 2.611726e+02 2.885043e-01 9.571964e-01 2.325095e-02 2.399089e+01 4.343962e-02 -3.734374e-02 9.983579e-01 -7.068599e+00
9.540325e-01 -2.954521e-01 -5.029820e-02 2.632793e+02 2.967702e-01 9.547187e-01 2.097064e-02 2.461582e+01 4.182481e-02 -3.493368e-02 9.985141e-01 -7.178633e+00
9.512220e-01 -3.046577e-01 -4.858414e-02 2.653908e+02 3.056934e-01 9.520061e-01 1.536127e-02 2.526184e+01 4.157246e-02 -2.946382e-02 9.987010e-01 -7.264063e+00
9.484474e-01 -3.123991e-01 -5.342571e-02 2.674762e+02 3.134561e-01 9.495206e-01 1.248978e-02 2.593273e+01 4.682702e-02 -2.859251e-02 9.984937e-01 -7.358449e+00
9.466417e-01 -3.164982e-01 -6.081365e-02 2.695544e+02 3.176846e-01 9.481362e-01 1.068994e-02 2.660903e+01 5.427627e-02 -2.943910e-02 9.980919e-01 -7.410791e+00
9.448816e-01 -3.201183e-01 -6.872390e-02 2.716591e+02 3.214963e-01 9.468609e-01 9.725775e-03 2.732383e+01 6.195858e-02 -3.128418e-02 9.975883e-01 -7.482772e+00
9.437773e-01 -3.238635e-01 -6.630865e-02 2.737691e+02 3.253421e-01 9.455129e-01 1.256878e-02 2.803602e+01 5.862511e-02 -3.343513e-02 9.977200e-01 -7.527176e+00
9.418041e-01 -3.285770e-01 -7.100865e-02 2.758710e+02 3.303976e-01 9.437180e-01 1.529087e-02 2.875398e+01 6.198791e-02 -3.786209e-02 9.973585e-01 -7.601023e+00
9.395303e-01 -3.354901e-01 -6.876902e-02 2.779884e+02 3.369720e-01 9.414520e-01 1.087088e-02 2.949082e+01 6.109565e-02 -3.338676e-02 9.975734e-01 -7.687315e+00
9.371660e-01 -3.411062e-01 -7.325616e-02 2.800889e+02 3.427001e-01 9.393914e-01 1.002851e-02 3.023671e+01 6.539541e-02 -3.450327e-02 9.972627e-01 -7.749437e+00
9.345120e-01 -3.474368e-01 -7.729812e-02 2.821942e+02 3.491927e-01 9.369971e-01 1.005899e-02 3.100475e+01 6.893323e-02 -3.639219e-02 9.969573e-01 -7.773370e+00
9.321252e-01 -3.547537e-01 -7.274882e-02 2.843062e+02 3.563701e-01 9.342898e-01 1.015659e-02 3.178335e+01 6.436538e-02 -3.539271e-02 9.972986e-01 -7.854531e+00
9.299423e-01 -3.621072e-01 -6.392094e-02 2.864320e+02 3.634561e-01 9.315522e-01 1.050590e-02 3.256385e+01 5.574143e-02 -3.300234e-02 9.978997e-01 -7.906356e+00
9.264778e-01 -3.708234e-01 -6.425636e-02 2.885219e+02 3.724198e-01 9.279507e-01 1.451778e-02 3.337362e+01 5.424321e-02 -3.738074e-02 9.978278e-01 -8.003874e+00
9.241554e-01 -3.773591e-01 -5.947186e-02 2.906259e+02 3.788569e-01 9.253188e-01 1.589300e-02 3.419823e+01 4.903306e-02 -3.721892e-02 9.981034e-01 -8.064192e+00
9.208114e-01 -3.854370e-01 -5.953803e-02 2.927334e+02 3.868285e-01 9.220532e-01 1.348072e-02 3.504581e+01 4.970126e-02 -3.544421e-02 9.981350e-01 -8.136513e+00
9.174540e-01 -3.944269e-01 -5.201517e-02 2.948222e+02 3.955240e-01 9.183720e-01 1.238943e-02 3.591259e+01 4.288256e-02 -3.193998e-02 9.985694e-01 -8.234670e+00
9.142869e-01 -4.018343e-01 -5.107572e-02 2.969028e+02 4.030840e-01 9.150112e-01 1.667005e-02 3.679472e+01 4.003626e-02 -3.582902e-02 9.985557e-01 -8.305006e+00
9.103262e-01 -4.097958e-01 -5.808166e-02 2.989826e+02 4.114720e-01 9.112006e-01 2.010176e-02 3.771754e+01 4.468644e-02 -4.219813e-02 9.981095e-01 -8.416333e+00
9.070979e-01 -4.160587e-01 -6.378497e-02 3.010870e+02 4.180611e-01 9.081638e-01 2.152336e-02 3.864594e+01 4.897223e-02 -4.618981e-02 9.977316e-01 -8.460746e+00
9.036198e-01 -4.234199e-01 -6.470690e-02 3.031708e+02 4.252529e-01 9.049124e-01 1.714025e-02 3.960334e+01 5.129654e-02 -4.300506e-02 9.977571e-01 -8.545517e+00
9.001838e-01 -4.321578e-01 -5.393279e-02 3.052362e+02 4.331968e-01 9.012570e-01 8.741587e-03 4.055145e+01 4.482956e-02 -3.123255e-02 9.985063e-01 -8.616431e+00
8.961633e-01 -4.409544e-01 -4.950361e-02 3.073173e+02 4.418861e-01 8.970238e-01 9.201355e-03 4.155748e+01 4.034855e-02 -3.012088e-02 9.987316e-01 -8.693638e+00
8.923694e-01 -4.475392e-01 -5.818545e-02 3.093837e+02 4.488217e-01 8.935593e-01 1.051549e-02 4.257121e+01 4.728607e-02 -3.549860e-02 9.982504e-01 -8.761773e+00
8.902797e-01 -4.517704e-01 -5.749429e-02 3.114370e+02 4.534020e-01 8.911089e-01 1.874983e-02 4.359183e+01 4.276305e-02 -4.276061e-02 9.981698e-01 -8.838387e+00
8.875391e-01 -4.560554e-01 -6.548048e-02 3.135036e+02 4.578127e-01 8.889371e-01 1.408306e-02 4.463634e+01 5.178537e-02 -4.247706e-02 9.977545e-01 -8.866132e+00
8.848305e-01 -4.618565e-01 -6.134822e-02 3.155698e+02 4.631685e-01 8.862306e-01 8.383030e-03 4.568098e+01 5.049691e-02 -3.583212e-02 9.980812e-01 -8.983094e+00
8.819948e-01 -4.675435e-01 -5.906230e-02 3.176277e+02 4.687641e-01 8.832871e-01 7.997743e-03 4.673491e+01 4.842968e-02 -3.474025e-02 9.982222e-01 -9.024443e+00
8.797663e-01 -4.718126e-01 -5.834357e-02 3.196713e+02 4.732459e-01 8.808349e-01 1.297228e-02 4.780008e+01 4.527056e-02 -3.902343e-02 9.982123e-01 -9.117113e+00
8.780510e-01 -4.753877e-01 -5.507257e-02 3.217285e+02 4.769058e-01 8.787702e-01 1.799453e-02 4.888872e+01 3.984176e-02 -4.206454e-02 9.983202e-01 -9.180284e+00
8.758441e-01 -4.789460e-01 -5.922696e-02 3.237646e+02 4.806733e-01 8.767023e-01 1.860164e-02 5.000542e+01 4.301524e-02 -4.476096e-02 9.980712e-01 -9.274331e+00
8.742969e-01 -4.814328e-01 -6.186607e-02 3.258081e+02 4.829838e-01 8.755442e-01 1.221405e-02 5.108846e+01 4.828623e-02 -4.055902e-02 9.980097e-01 -9.353575e+00
8.731893e-01 -4.835473e-01 -6.101131e-02 3.278627e+02 4.851553e-01 8.743143e-01 1.409624e-02 5.222002e+01 4.652687e-02 -4.190864e-02 9.980375e-01 -9.431990e+00
8.727032e-01 -4.839550e-01 -6.462755e-02 3.299064e+02 4.856086e-01 8.740952e-01 1.190626e-02 5.334021e+01 5.072854e-02 -4.177433e-02 9.978384e-01 -9.479227e+00
8.729256e-01 -4.840377e-01 -6.089664e-02 3.319645e+02 4.854641e-01 8.741952e-01 1.035487e-02 5.447535e+01 4.822341e-02 -3.860217e-02 9.980904e-01 -9.593744e+00
8.722066e-01 -4.859412e-01 -5.582932e-02 3.340336e+02 4.875282e-01 8.729069e-01 1.869576e-02 5.558104e+01 3.964877e-02 -4.352494e-02 9.982653e-01 -9.623710e+00
8.723966e-01 -4.851882e-01 -5.930054e-02 3.360412e+02 4.874956e-01 8.724970e-01 3.312464e-02 5.670358e+01 3.566785e-02 -5.780658e-02 9.976904e-01 -9.736177e+00
8.716003e-01 -4.869584e-01 -5.643050e-02 3.380909e+02 4.888963e-01 8.719183e-01 2.718679e-02 5.784028e+01 3.596395e-02 -5.128467e-02 9.980363e-01 -9.850801e+00
8.714595e-01 -4.875045e-01 -5.382974e-02 3.401628e+02 4.888943e-01 8.722001e-01 1.579179e-02 5.896721e+01 3.925173e-02 -4.007896e-02 9.984252e-01 -9.927044e+00
8.708488e-01 -4.889850e-01 -5.015921e-02 3.422202e+02 4.898414e-01 8.717933e-01 5.663217e-03 6.012231e+01 4.095923e-02 -2.950187e-02 9.987252e-01 -1.005999e+01
8.708288e-01 -4.896624e-01 -4.345009e-02 3.442789e+02 4.904914e-01 8.713845e-01 1.035171e-02 6.123940e+01 3.279289e-02 -3.032646e-02 9.990020e-01 -1.011702e+01
8.708535e-01 -4.896621e-01 -4.295635e-02 3.463432e+02 4.907135e-01 8.711321e-01 1.813942e-02 6.236613e+01 2.853847e-02 -3.687604e-02 9.989123e-01 -1.012367e+01
8.700582e-01 -4.913450e-01 -3.973365e-02 3.483736e+02 4.922915e-01 8.702321e-01 1.857267e-02 6.350394e+01 2.545191e-02 -3.571985e-02 9.990377e-01 -1.022036e+01
8.688542e-01 -4.938442e-01 -3.478828e-02 3.504579e+02 4.944939e-01 8.690845e-01 1.295749e-02 6.467081e+01 2.383497e-02 -2.846076e-02 9.993107e-01 -1.031448e+01
8.670338e-01 -4.968782e-01 -3.693805e-02 3.525139e+02 4.974457e-01 8.674622e-01 7.559082e-03 6.581927e+01 2.828641e-02 -2.492865e-02 9.992890e-01 -1.039542e+01
8.658249e-01 -4.988922e-01 -3.812824e-02 3.545667e+02 4.994295e-01 8.663371e-01 5.500372e-03 6.698569e+01 3.028782e-02 -2.380473e-02 9.992577e-01 -1.044804e+01
8.646823e-01 -5.008920e-01 -3.783802e-02 3.566148e+02 5.015038e-01 8.651161e-01 8.237360e-03 6.815597e+01 2.860825e-02 -2.609861e-02 9.992499e-01 -1.051665e+01
8.632199e-01 -5.034444e-01 -3.735186e-02 3.586555e+02 5.040769e-01 8.636078e-01 9.389022e-03 6.931750e+01 2.753050e-02 -2.693300e-02 9.992580e-01 -1.056196e+01
8.624517e-01 -5.048736e-01 -3.577255e-02 3.607071e+02 5.055696e-01 8.626791e-01 1.356986e-02 7.048774e+01 2.400918e-02 -2.978886e-02 9.992678e-01 -1.063339e+01
8.615992e-01 -5.064922e-01 -3.335308e-02 3.627491e+02 5.071136e-01 8.617754e-01 1.337813e-02 7.166017e+01 2.196694e-02 -2.844039e-02 9.993541e-01 -1.068970e+01
8.605596e-01 -5.086088e-01 -2.746336e-02 3.647836e+02 5.091233e-01 8.605335e-01 1.660790e-02 7.283054e+01 1.518621e-02 -2.827433e-02 9.994848e-01 -1.079633e+01
8.600937e-01 -5.094752e-01 -2.595745e-02 3.668297e+02 5.098641e-01 8.601828e-01 1.113403e-02 7.401346e+01 1.665565e-02 -2.281108e-02 9.996011e-01 -1.085497e+01
8.599480e-01 -5.099860e-01 -2.009536e-02 3.688699e+02 5.102496e-01 8.599547e-01 1.111078e-02 7.519826e+01 1.161476e-02 -1.980834e-02 9.997363e-01 -1.097743e+01
8.603822e-01 -5.091092e-01 -2.345826e-02 3.709132e+02 5.093811e-01 8.605111e-01 7.173649e-03 7.637400e+01 1.653392e-02 -1.812127e-02 9.996991e-01 -1.099822e+01
8.607993e-01 -5.083849e-01 -2.386365e-02 3.729494e+02 5.086898e-01 8.609055e-01 8.734822e-03 7.757325e+01 1.610370e-02 -1.965812e-02 9.996771e-01 -1.110136e+01
8.615223e-01 -5.072199e-01 -2.252445e-02 3.749958e+02 5.075091e-01 8.615948e-01 9.427924e-03 7.873709e+01 1.462492e-02 -1.955373e-02 9.997019e-01 -1.112755e+01
8.620665e-01 -5.064971e-01 -1.737698e-02 3.770276e+02 5.067143e-01 8.620342e-01 1.171282e-02 7.991800e+01 9.047039e-03 -1.890239e-02 9.997804e-01 -1.120243e+01
8.620702e-01 -5.066056e-01 -1.362785e-02 3.790721e+02 5.067604e-01 8.619950e-01 1.259320e-02 8.107869e+01 5.367354e-03 -1.776228e-02 9.998278e-01 -1.127315e+01
8.622918e-01 -5.063419e-01 -8.411082e-03 3.811204e+02 5.064115e-01 8.621563e-01 1.530219e-02 8.226525e+01 -4.964727e-04 -1.745442e-02 9.998475e-01 -1.134678e+01
8.627157e-01 -5.056562e-01 -5.777874e-03 3.831699e+02 5.056808e-01 8.625791e-01 1.562263e-02 8.342653e+01 -2.915806e-03 -1.639965e-02 9.998612e-01 -1.143922e+01
8.632854e-01 -5.047031e-01 -3.623008e-03 3.852196e+02 5.046925e-01 8.631533e-01 1.587041e-02 8.460036e+01 -4.882635e-03 -1.552920e-02 9.998675e-01 -1.153349e+01
8.634859e-01 -5.043312e-01 -6.495772e-03 3.872845e+02 5.043639e-01 8.633213e-01 1.713043e-02 8.579133e+01 -3.031473e-03 -1.806812e-02 9.998322e-01 -1.158108e+01
8.640925e-01 -5.032040e-01 -1.140108e-02 3.893335e+02 5.033327e-01 8.638419e-01 2.081740e-02 8.697206e+01 -6.266711e-04 -2.372670e-02 9.997183e-01 -1.171312e+01
8.642080e-01 -5.029801e-01 -1.247350e-02 3.914022e+02 5.031322e-01 8.640158e-01 1.828654e-02 8.814556e+01 1.579535e-03 -2.207920e-02 9.997550e-01 -1.176145e+01
8.643190e-01 -5.026099e-01 -1.832751e-02 3.934613e+02 5.029059e-01 8.641278e-01 1.920049e-02 8.933396e+01 6.186952e-03 -2.581237e-02 9.996477e-01 -1.186891e+01
8.642754e-01 -5.027798e-01 -1.550529e-02 3.955449e+02 5.029978e-01 8.641111e-01 1.747412e-02 9.051612e+01 4.612656e-03 -2.290158e-02 9.997271e-01 -1.195466e+01
8.648579e-01 -5.018200e-01 -1.405466e-02 3.976238e+02 5.020139e-01 8.646072e-01 2.088634e-02 9.168245e+01 1.670573e-03 -2.511935e-02 9.996831e-01 -1.204572e+01
8.643965e-01 -5.025913e-01 -1.485406e-02 3.997054e+02 5.027850e-01 8.642738e-01 1.541954e-02 9.286694e+01 5.088252e-03 -2.079699e-02 9.997708e-01 -1.213740e+01
8.641112e-01 -5.031503e-01 -1.230925e-02 4.017772e+02 5.032992e-01 8.639125e-01 1.857107e-02 9.404887e+01 1.290075e-03 -2.224270e-02 9.997517e-01 -1.222214e+01
8.640538e-01 -5.031223e-01 -1.669890e-02 4.038359e+02 5.033823e-01 8.638221e-01 2.043260e-02 9.523175e+01 4.144790e-03 -2.606080e-02 9.996518e-01 -1.233413e+01
8.637847e-01 -5.036890e-01 -1.316624e-02 4.058954e+02 5.038592e-01 8.634167e-01 2.525172e-02 9.640240e+01 -1.351068e-03 -2.844598e-02 9.995944e-01 -1.241793e+01
8.638368e-01 -5.034433e-01 -1.819115e-02 4.079550e+02 5.037528e-01 8.635550e-01 2.249554e-02 9.756931e+01 4.383832e-03 -2.859631e-02 9.995815e-01 -1.252326e+01
8.624742e-01 -5.060219e-01 -8.948975e-03 4.100206e+02 5.060953e-01 8.622453e-01 2.000879e-02 9.874823e+01 -2.408676e-03 -2.178610e-02 9.997597e-01 -1.264571e+01
8.617721e-01 -5.070752e-01 -1.495238e-02 4.120728e+02 5.072937e-01 8.614748e-01 2.267775e-02 9.993398e+01 1.381779e-03 -2.712830e-02 9.996310e-01 -1.271309e+01
8.610914e-01 -5.081779e-01 -1.663409e-02 4.140717e+02 5.084499e-01 8.606651e-01 2.710175e-02 1.011037e+02 5.438663e-04 -3.179468e-02 9.994943e-01 -1.285965e+01
8.613208e-01 -5.075816e-01 -2.207629e-02 4.160867e+02 5.080429e-01 8.608474e-01 2.888420e-02 1.022562e+02 4.343227e-03 -3.609427e-02 9.993389e-01 -1.293809e+01
8.603913e-01 -5.091439e-01 -2.234519e-02 4.180903e+02 5.095999e-01 8.600137e-01 2.615908e-02 1.034315e+02 5.898440e-03 -3.389415e-02 9.994080e-01 -1.307235e+01
8.599817e-01 -5.098174e-01 -2.275284e-02 4.200845e+02 5.102856e-01 8.596137e-01 2.594503e-02 1.045751e+02 6.331421e-03 -3.392270e-02 9.994044e-01 -1.317409e+01
8.595518e-01 -5.105605e-01 -2.233332e-02 4.220810e+02 5.110113e-01 8.591962e-01 2.548336e-02 1.057394e+02 6.177912e-03 -3.331685e-02 9.994258e-01 -1.329270e+01
8.589579e-01 -5.116992e-01 -1.884744e-02 4.240588e+02 5.120420e-01 8.585172e-01 2.758630e-02 1.068712e+02 2.064961e-03 -3.334615e-02 9.994417e-01 -1.339962e+01
8.586460e-01 -5.122215e-01 -1.887289e-02 4.260226e+02 5.125690e-01 8.580536e-01 3.188961e-02 1.080246e+02 -1.405915e-04 -3.705554e-02 9.993132e-01 -1.348459e+01
8.586462e-01 -5.120555e-01 -2.293463e-02 4.279681e+02 5.125619e-01 8.580077e-01 3.321454e-02 1.091712e+02 2.670405e-03 -4.027495e-02 9.991851e-01 -1.364843e+01
8.579563e-01 -5.132229e-01 -2.265215e-02 4.299179e+02 5.137202e-01 8.572532e-01 3.476526e-02 1.103086e+02 1.576297e-03 -4.146394e-02 9.991388e-01 -1.375000e+01
8.578472e-01 -5.134367e-01 -2.193226e-02 4.318488e+02 5.139022e-01 8.569211e-01 3.988970e-02 1.114433e+02 -1.686627e-03 -4.549031e-02 9.989634e-01 -1.389132e+01
8.580006e-01 -5.133605e-01 -1.720111e-02 4.337608e+02 5.135729e-01 8.568186e-01 4.587671e-02 1.125558e+02 -8.813059e-03 -4.819627e-02 9.987990e-01 -1.403725e+01
8.584157e-01 -5.126606e-01 -1.736780e-02 4.356748e+02 5.129042e-01 8.573633e-01 4.309813e-02 1.136754e+02 -7.204207e-03 -4.590413e-02 9.989198e-01 -1.418417e+01
8.585370e-01 -5.125341e-01 -1.493173e-02 4.375826e+02 5.126987e-01 8.576658e-01 3.936591e-02 1.147964e+02 -7.369939e-03 -4.145257e-02 9.991133e-01 -1.434813e+01
8.588960e-01 -5.118930e-01 -1.622362e-02 4.394734e+02 5.121297e-01 8.581482e-01 3.611853e-02 1.159150e+02 -4.566552e-03 -3.933066e-02 9.992158e-01 -1.445984e+01
8.598136e-01 -5.103424e-01 -1.647051e-02 4.413392e+02 5.105876e-01 8.590420e-01 3.669999e-02 1.169950e+02 -4.580695e-03 -3.996479e-02 9.991906e-01 -1.459976e+01
8.609466e-01 -5.083579e-01 -1.852627e-02 4.431910e+02 5.086862e-01 8.601414e-01 3.734960e-02 1.180678e+02 -3.051746e-03 -4.158007e-02 9.991305e-01 -1.471370e+01
8.614736e-01 -5.074628e-01 -1.856912e-02 4.450482e+02 5.077903e-01 8.606236e-01 3.842125e-02 1.191512e+02 -3.516331e-03 -4.252810e-02 9.990891e-01 -1.486016e+01
8.622240e-01 -5.061917e-01 -1.843264e-02 4.469097e+02 5.065051e-01 8.612756e-01 4.070792e-02 1.202303e+02 -4.730432e-03 -4.443558e-02 9.990010e-01 -1.498290e+01
8.628503e-01 -5.052339e-01 -1.510273e-02 4.487465e+02 5.054195e-01 8.620207e-01 3.835870e-02 1.212820e+02 -6.361246e-03 -4.073104e-02 9.991499e-01 -1.509901e+01
8.634982e-01 -5.043318e-01 -4.509524e-03 4.505827e+02 5.041159e-01 8.627859e-01 3.830750e-02 1.223013e+02 -1.542894e-02 -3.535178e-02 9.992558e-01 -1.522358e+01
8.641270e-01 -5.031894e-01 9.214272e-03 4.524197e+02 5.025761e-01 8.637481e-01 3.683101e-02 1.233315e+02 -2.649179e-02 -2.719580e-02 9.992790e-01 -1.532807e+01
8.647280e-01 -5.018362e-01 2.014748e-02 4.542380e+02 5.008210e-01 8.646038e-01 4.048011e-02 1.243064e+02 -3.773397e-02 -2.491400e-02 9.989772e-01 -1.550010e+01
8.652363e-01 -5.006886e-01 2.602048e-02 4.560574e+02 4.993143e-01 8.652258e-01 4.549418e-02 1.253233e+02 -4.529200e-02 -2.637082e-02 9.986256e-01 -1.561830e+01
8.667369e-01 -4.981208e-01 2.535209e-02 4.578344e+02 4.964598e-01 8.664969e-01 5.206794e-02 1.263154e+02 -4.790362e-02 -3.254291e-02 9.983217e-01 -1.579919e+01
8.680555e-01 -4.961238e-01 1.846049e-02 4.596589e+02 4.948100e-01 8.675953e-01 4.941253e-02 1.273483e+02 -4.053097e-02 -3.375839e-02 9.986078e-01 -1.592326e+01
8.688790e-01 -4.945758e-01 2.107345e-02 4.614370e+02 4.932821e-01 8.686045e-01 4.689466e-02 1.283575e+02 -4.149745e-02 -3.035063e-02 9.986776e-01 -1.607552e+01
8.699557e-01 -4.927550e-01 1.922582e-02 4.632594e+02 4.915310e-01 8.696128e-01 4.659374e-02 1.293391e+02 -3.967832e-02 -3.108441e-02 9.987289e-01 -1.619471e+01
8.707196e-01 -4.913529e-01 2.049022e-02 4.650621e+02 4.901073e-01 8.704380e-01 4.617877e-02 1.303450e+02 -4.052554e-02 -3.016636e-02 9.987230e-01 -1.634780e+01
8.716633e-01 -4.896196e-01 2.180808e-02 4.668771e+02 4.882505e-01 8.713722e-01 4.818708e-02 1.313300e+02 -4.259630e-02 -3.135511e-02 9.986002e-01 -1.646978e+01
8.733270e-01 -4.867481e-01 1.939465e-02 4.686962e+02 4.852861e-01 8.727887e-01 5.231902e-02 1.323088e+02 -4.239361e-02 -3.627966e-02 9.984421e-01 -1.660828e+01
8.751326e-01 -4.835355e-01 1.834005e-02 4.705186e+02 4.821739e-01 8.745975e-01 5.086514e-02 1.332840e+02 -4.063527e-02 -3.567065e-02 9.985371e-01 -1.677073e+01
8.766289e-01 -4.809640e-01 1.397982e-02 4.723267e+02 4.798825e-01 8.760411e-01 4.759102e-02 1.342640e+02 -3.513646e-02 -3.501099e-02 9.987690e-01 -1.691599e+01
8.783563e-01 -4.779101e-01 9.602600e-03 4.741411e+02 4.769834e-01 8.776129e-01 4.777347e-02 1.352438e+02 -3.125879e-02 -3.738185e-02 9.988120e-01 -1.707537e+01
8.814967e-01 -4.721893e-01 8.837618e-04 4.759675e+02 4.716054e-01 8.804969e-01 4.810174e-02 1.362065e+02 -2.349127e-02 -4.198474e-02 9.988421e-01 -1.719870e+01
8.838415e-01 -4.677771e-01 -2.951843e-03 4.777979e+02 4.673743e-01 8.827803e-01 4.754070e-02 1.371595e+02 -1.963263e-02 -4.339806e-02 9.988649e-01 -1.732000e+01
8.861417e-01 -4.634136e-01 8.415421e-04 4.796174e+02 4.628326e-01 8.851190e-01 4.848233e-02 1.380998e+02 -2.321223e-02 -4.257273e-02 9.988237e-01 -1.747053e+01
8.884510e-01 -4.589595e-01 3.302623e-03 4.814365e+02 4.582285e-01 8.873994e-01 5.048659e-02 1.390319e+02 -2.610205e-02 -4.334151e-02 9.987193e-01 -1.759321e+01
8.907745e-01 -4.543964e-01 6.675612e-03 4.832852e+02 4.534231e-01 8.896594e-01 5.397527e-02 1.399497e+02 -3.046519e-02 -4.505292e-02 9.985200e-01 -1.774338e+01
8.934374e-01 -4.489312e-01 1.517518e-02 4.851138e+02 4.474894e-01 8.924865e-01 5.675405e-02 1.408472e+02 -3.902230e-02 -4.391546e-02 9.982728e-01 -1.789337e+01
8.972469e-01 -4.413150e-01 1.374967e-02 4.869657e+02 4.398439e-01 8.961071e-01 5.941181e-02 1.417132e+02 -3.854050e-02 -4.725935e-02 9.981388e-01 -1.807735e+01
9.003749e-01 -4.347263e-01 1.838922e-02 4.887929e+02 4.330106e-01 8.993710e-01 6.027684e-02 1.425935e+02 -4.274266e-02 -4.630902e-02 9.980123e-01 -1.823531e+01
9.045481e-01 -4.261216e-01 1.459933e-02 4.906279e+02 4.246103e-01 9.033924e-01 5.990123e-02 1.434417e+02 -3.871413e-02 -4.798451e-02 9.980975e-01 -1.840061e+01
