1.000000e+00 0.000000e+00 0.000000e+00 0.000000e+00 0.000000e+00 1.000000e+00 0.000000e+00 0.000000e+00 0.000000e+00 0.000000e+00 1.000000e+00 0.000000e+00
9.999996e-01 5.678601e-04 -6.319557e-04 1.223306e-02 -5.680528e-04 9.999998e-01 -3.046679e-04 -1.618996e-03 6.317826e-04 3.050268e-04 9.999998e-01 1.001937e-03
9.999998e-01 5.088376e-04 -3.112876e-04 1.305594e-02 -5.088810e-04 9.999998e-01 -1.393791e-04 -1.511345e-03 3.112166e-04 1.395375e-04 9.999999e-01 -2.532990e-03
9.999998e-01 5.412181e-04 -4.654938e-04 1.196619e-02 -5.413859e-04 9.999999e-01 -3.603048e-04 -6.700044e-04 4.652987e-04 3.605567e-04 9.999998e-01 -2.219588e-03
9.999999e-01 2.550062e-04 -4.721427e-04 9.802395e-03 -2.551146e-04 9.999999e-01 -2.293689e-04 1.298546e-03 4.720842e-04 2.294894e-04 9.999999e-01 -1.604723e-03
9.999999e-01 2.737509e-04 -2.204198e-04 1.331673e-02 -2.738087e-04 1.000000e+00 -2.625384e-04 3.106688e-03 2.203479e-04 2.625988e-04 9.999999e-01 -6.695911e-04
9.999999e-01 3.450067e-04 3.947047e-04 1.028614e-02 -3.449002e-04 9.999999e-01 -2.697226e-04 -5.225922e-03 -3.947977e-04 2.695865e-04 9.999999e-01 6.441073e-04
9.999999e-01 3.504502e-04 1.418959e-04 1.370375e-02 -3.503853e-04 9.999998e-01 -4.568251e-04 4.701043e-04 -1.420560e-04 4.567753e-04 9.999999e-01 -2.792122e-03
9.999993e-01 9.421463e-04 -6.888002e-04 1.087190e-02 -9.421169e-04 9.999995e-01 4.315796e-05 6.658076e-04 6.888406e-04 -4.250901e-05 9.999998e-01 -2.910447e-03
9.999993e-01 8.277528e-04 -7.540563e-04 4.918905e-03 -8.278828e-04 9.999995e-01 -1.721223e-04 -5.472824e-03 7.539135e-04 1.727465e-04 9.999997e-01 1.019025e-03
9.999995e-01 8.809594e-04 -3.713752e-04 1.142910e-02 -8.810850e-04 9.999996e-01 -3.381358e-04 -7.050941e-03 3.710772e-04 3.384628e-04 9.999999e-01 4.271590e-03
9.999999e-01 3.199448e-04 -2.251759e-04 5.752170e-03 -3.198908e-04 1.000000e+00 2.394990e-04 1.889211e-03 2.252525e-04 -2.394269e-04 9.999999e-01 -2.678017e-03
9.999998e-01 4.423303e-04 -4.180217e-04 6.907167e-03 -4.424288e-04 9.999999e-01 -2.354951e-04 -6.509842e-04 4.179175e-04 2.356800e-04 9.999999e-01 -1.322729e-03
9.999993e-01 8.800186e-04 -7.025207e-04 1.046013e-02 -8.801082e-04 9.999995e-01 -1.272219e-04 5.770950e-03 7.024085e-04 1.278401e-04 9.999998e-01 -2.065249e-03
9.999995e-01 9.329830e-04 -3.811885e-04 7.687527e-03 -9.329696e-04 9.999996e-01 3.541078e-05 -1.129974e-02 3.812214e-04 -3.505513e-05 9.999999e-01 -1.152215e-03
9.999996e-01 6.823654e-04 -4.419948e-04 1.086705e-02 -6.823175e-04 9.999999e-01 1.085617e-04 -3.004016e-03 4.420688e-04 -1.082601e-04 9.999999e-01 -7.454411e-04
9.999998e-01 4.734945e-04 -4.435307e-04 1.230957e-02 -4.736262e-04 9.999999e-01 -2.968047e-04 -2.268439e-03 4.433900e-04 2.970147e-04 9.999999e-01 -1.919499e-03
9.999996e-01 6.489493e-04 -5.992707e-04 5.280843e-03 -6.490827e-04 9.999998e-01 -2.224993e-04 4.327493e-03 5.991262e-04 2.228882e-04 9.999998e-01 -2.053027e-03
9.999998e-01 5.615700e-04 -4.614116e-04 7.512622e-03 -5.615613e-04 9.999999e-01 1.914173e-05 1.256260e-03 4.614223e-04 -1.888261e-05 9.999999e-01 -1.311765e-03
9.999998e-01 4.808298e-04 -3.591029e-04 1.280816e-02 -4.809269e-04 9.999999e-01 -2.702848e-04 -1.200016e-04 3.589729e-04 2.704575e-04 9.999999e-01 -1.637477e-03
9.999999e-01 2.543679e-04 -3.576804e-04 6.670234e-03 -2.543162e-04 1.000000e+00 1.447448e-04 2.013747e-03 3.577172e-04 -1.446538e-04 9.999999e-01 -3.656775e-03
9.999998e-01 5.760454e-04 -1.448848e-04 1.009343e-02 -5.760320e-04 9.999998e-01 9.239285e-05 -4.294986e-03 1.449381e-04 -9.230938e-05 1.000000e+00 -1.864646e-03
9.999998e-01 4.465496e-04 -3.618395e-04 1.144935e-02 -4.465342e-04 9.999999e-01 4.286203e-05 1.424648e-03 3.618586e-04 -4.270046e-05 9.999999e-01 -2.408951e-04
9.999998e-01 5.811183e-04 -3.604224e-04 7.589956e-03 -5.812491e-04 9.999999e-01 -3.626673e-04 -5.314968e-03 3.602116e-04 3.628767e-04 9.999999e-01 -3.287494e-04
9.999999e-01 3.312741e-04 -3.367742e-04 9.292983e-03 -3.312972e-04 1.000000e+00 -6.846603e-05 4.444815e-03 3.367515e-04 6.857760e-05 9.999999e-01 -3.780647e-03
9.999995e-01 9.131382e-04 -4.900093e-04 1.415010e-02 -9.132234e-04 9.999996e-01 -1.736385e-04 1.451993e-03 4.898505e-04 1.740859e-04 9.999999e-01 -9.975110e-04
9.999996e-01 7.125480e-04 -3.863645e-04 9.282898e-03 -7.126252e-04 9.999999e-01 -1.997346e-04 -2.243494e-03 3.862220e-04 2.000099e-04 9.999999e-01 1.105149e-03
9.999999e-01 5.108065e-04 7.953289e-05 1.350294e-02 -5.107978e-04 9.999998e-01 -1.088010e-04 5.808508e-03 -7.958845e-05 1.087604e-04 1.000000e+00 -2.869038e-03
9.999998e-01 4.354722e-04 -3.653599e-04 9.477092e-03 -4.355304e-04 9.999999e-01 -1.590754e-04 1.460014e-03 3.652906e-04 1.592345e-04 9.999999e-01 1.208700e-03
9.999997e-01 7.395056e-04 -8.633549e-05 1.015044e-02 -7.395299e-04 9.999998e-01 -2.826472e-04 1.559505e-03 8.612644e-05 2.827110e-04 9.999999e-01 2.837817e-04
9.999998e-01 4.218789e-04 -4.245793e-04 7.324583e-03 -4.218799e-04 9.999999e-01 -2.180396e-06 -6.238690e-03 4.245784e-04 2.359517e-06 9.999999e-01 -9.208008e-04
9.999996e-01 8.326632e-04 -2.043929e-04 4.898376e-03 -8.327558e-04 9.999995e-01 -4.531778e-04 -1.473620e-03 2.040155e-04 4.533478e-04 9.999999e-01 1.353914e-03
9.999995e-01 8.180924e-04 -5.770176e-04 9.143847e-03 -8.181793e-04 9.999996e-01 -1.504477e-04 1.108880e-03 5.768943e-04 1.509197e-04 9.999998e-01 -2.096185e-03
9.999993e-01 9.303042e-04 -6.881561e-04 7.274380e-03 -9.304091e-04 9.999995e-01 -1.521431e-04 -1.257114e-03 6.880143e-04 1.527832e-04 9.999998e-01 -1.104143e-03
9.999995e-01 8.480495e-04 -4.705924e-04 8.626156e-03 -8.482877e-04 9.999994e-01 -5.060784e-04 -3.597979e-04 4.701630e-04 5.064774e-04 9.999998e-01 9.863439e-04
9.999990e-01 2.872552e-04 -1.346898e-03 6.697332e-03 -2.865580e-04 9.999998e-01 5.178477e-04 -6.554709e-05 1.347047e-03 -5.174612e-04 9.999990e-01 -6.774182e-03
9.999994e-01 -1.240855e-06 -1.106384e-03 2.948281e-03 1.337066e-06 9.999999e-01 8.695933e-05 3.175568e-04 1.106384e-03 -8.696075e-05 9.999994e-01 -4.571195e-03
9.999992e-01 3.931136e-04 -1.211174e-03 6.503690e-03 -3.930317e-04 1.000000e+00 6.786501e-05 -2.571265e-03 1.211200e-03 -6.738893e-05 9.999993e-01 -5.070882e-03
9.999992e-01 5.377140e-04 -1.122034e-03 7.817146e-03 -5.374183e-04 9.999999e-01 2.638701e-04 -3.008421e-03 1.122176e-03 -2.632669e-04 9.999993e-01 -4.614387e-03
9.999989e-01 4.284356e-04 -1.407993e-03 6.479070e-03 -4.280311e-04 9.999998e-01 2.875505e-04 -5.059077e-05 1.408116e-03 -2.869475e-04 9.999990e-01 -6.535703e-03
9.999986e-01 7.051039e-04 -1.521012e-03 9.680935e-03 -7.050165e-04 9.999998e-01 5.803311e-05 -2.389058e-04 1.521053e-03 -5.696069e-05 9.999989e-01 -3.391439e-03
9.999988e-01 4.139035e-04 -1.495942e-03 3.727483e-03 -4.138679e-04 9.999999e-01 2.408452e-05 3.801975e-03 1.495952e-03 -2.346537e-05 9.999989e-01 -5.901671e-03
9.999989e-01 6.178727e-04 -1.337536e-03 4.255296e-03 -6.179712e-04 9.999998e-01 -7.321774e-05 4.510719e-03 1.337491e-03 7.404422e-05 9.999991e-01 -4.441060e-03
9.999979e-01 6.854040e-04 -1.930148e-03 1.145364e-02 -6.855061e-04 9.999998e-01 -5.225320e-05 -4.962638e-03 1.930111e-03 5.357621e-05 9.999982e-01 -2.436231e-03
9.999974e-01 6.249138e-04 -2.201436e-03 9.044076e-03 -6.256592e-04 9.999998e-01 -3.379269e-04 2.565688e-03 2.201224e-03 3.393033e-04 9.999975e-01 -2.342483e-03
9.999971e-01 2.798240e-04 -2.403426e-03 9.638181e-03 -2.801289e-04 1.000000e+00 -1.264954e-04 3.882851e-03 2.403391e-03 1.271683e-04 9.999971e-01 -3.712943e-03
9.999974e-01 3.641011e-04 -2.254247e-03 9.240395e-03 -3.645043e-04 9.999999e-01 -1.784610e-04 2.985703e-03 2.254182e-03 1.792822e-04 9.999974e-01 -2.920815e-03
9.999974e-01 4.959448e-04 -2.234165e-03 8.758487e-03 -4.966722e-04 9.999999e-01 -3.250313e-04 4.428219e-03 2.234003e-03 3.261401e-04 9.999974e-01 -2.927202e-03
9.999986e-01 5.594926e-04 -1.578741e-03 1.048633e-02 -5.605380e-04 9.999995e-01 -6.618315e-04 -2.078638e-03 1.578370e-03 6.627155e-04 9.999985e-01 -3.298126e-03
9.999996e-01 2.116460e-04 -8.545608e-04 9.475252e-03 -2.126063e-04 9.999994e-01 -1.123792e-03 6.691322e-03 8.543223e-04 1.123973e-03 9.999990e-01 -4.745971e-03
9.999998e-01 5.855788e-04 -3.442302e-04 1.157578e-02 -5.861547e-04 9.999983e-01 -1.675411e-03 -2.309112e-03 3.432486e-04 1.675612e-03 9.999985e-01 -5.648137e-03
9.999998e-01 3.082779e-04 -6.310515e-04 1.333491e-02 -3.093810e-04 9.999986e-01 -1.748713e-03 1.124836e-03 6.305114e-04 1.748908e-03 9.999983e-01 -6.045993e-03
9.999997e-01 7.710826e-04 -2.280401e-04 9.499011e-03 -7.715765e-04 9.999974e-01 -2.174035e-03 2.929935e-04 2.263631e-04 2.174210e-03 9.999976e-01 -7.872582e-03
9.999998e-01 4.913927e-04 -2.597723e-04 1.200072e-02 -4.919702e-04 9.999974e-01 -2.227712e-03 -4.701288e-03 2.586770e-04 2.227839e-03 9.999975e-01 -4.112238e-03
9.999999e-01 2.399277e-04 1.551463e-04 4.600051e-03 -2.395565e-04 9.999971e-01 -2.388093e-03 1.153245e-04 -1.557188e-04 2.388056e-03 9.999971e-01 -6.177001e-03
9.999998e-01 6.190618e-04 2.113187e-04 5.918533e-03 -6.185494e-04 9.999969e-01 -2.416360e-03 -3.307491e-03 -2.128139e-04 2.416229e-03 9.999971e-01 -8.755137e-03
9.999996e-01 8.131446e-04 2.991115e-05 6.958391e-03 -8.130651e-04 9.999964e-01 -2.567682e-03 -9.874335e-03 -3.199894e-05 2.567657e-03 9.999967e-01 -4.561119e-03
9.999999e-01 3.305610e-04 2.439134e-04 9.241613e-03 -3.299078e-04 9.999964e-01 -2.673015e-03 -6.101328e-04 -2.447961e-04 2.672935e-03 9.999964e-01 -6.939918e-03
9.999998e-01 4.798340e-04 3.421338e-04 8.094670e-03 -4.789311e-04 9.999964e-01 -2.634253e-03 -9.326664e-04 -3.433966e-04 2.634089e-03 9.999965e-01 -7.737957e-03
9.999999e-01 3.855708e-04 -1.129841e-04 7.158043e-03 -3.858263e-04 9.999974e-01 -2.270597e-03 -8.147893e-03 1.121083e-04 2.270640e-03 9.999974e-01 -4.989064e-03
1.000000e+00 1.062192e-04 9.696824e-05 1.345296e-02 -1.059806e-04 9.999969e-01 -2.457793e-03 -2.693017e-03 -9.722901e-05 2.457783e-03 9.999970e-01 -7.810022e-03
9.999999e-01 1.564265e-04 3.472060e-04 4.487140e-03 -1.556409e-04 9.999975e-01 -2.261358e-03 -4.211819e-03 -3.475589e-04 2.261304e-03 9.999974e-01 -7.999246e-03
9.999999e-01 3.626104e-04 2.843799e-04 9.312779e-03 -3.620127e-04 9.999976e-01 -2.099099e-03 2.323286e-03 -2.851404e-04 2.098996e-03 9.999977e-01 -1.077895e-02
9.999999e-01 3.134522e-04 4.321025e-05 1.402266e-02 -3.133425e-04 9.999967e-01 -2.518176e-03 3.289461e-03 -4.399943e-05 2.518163e-03 9.999968e-01 -5.347441e-03
1.000000e+00 2.126495e-04 -6.103355e-05 9.842943e-03 -2.127928e-04 9.999971e-01 -2.357066e-03 3.609156e-04 6.053215e-05 2.357079e-03 9.999972e-01 -3.989796e-03
9.999998e-01 5.401032e-04 4.899552e-04 1.338561e-02 -5.388584e-04 9.999965e-01 -2.537247e-03 1.691961e-03 -4.913239e-04 2.536982e-03 9.999967e-01 -6.923812e-03
1.000000e+00 1.725772e-04 6.387247e-05 6.744230e-03 -1.724042e-04 9.999964e-01 -2.699006e-03 -2.316892e-03 -6.433803e-05 2.698995e-03 9.999964e-01 -4.972352e-03
9.999996e-01 3.595497e-04 7.826156e-04 6.244930e-03 -3.576854e-04 9.999973e-01 -2.380943e-03 3.721270e-04 -7.834694e-04 2.380662e-03 9.999968e-01 -8.637195e-03
9.999996e-01 5.117023e-04 6.584853e-04 7.286241e-03 -5.101598e-04 9.999971e-01 -2.340548e-03 2.087936e-03 -6.596812e-04 2.340212e-03 9.999970e-01 -8.015973e-03
9.999994e-01 1.391925e-04 1.109194e-03 9.619361e-03 -1.366856e-04 9.999975e-01 -2.259913e-03 4.215335e-03 -1.109506e-03 2.259760e-03 9.999968e-01 -6.629811e-03
9.999993e-01 -8.673462e-05 1.132944e-03 4.944829e-03 8.934448e-05 9.999973e-01 -2.303753e-03 -8.559846e-03 -1.132741e-03 2.303852e-03 9.999967e-01 -5.558495e-03
9.999980e-01 1.022136e-03 1.749835e-03 9.936728e-03 -1.017734e-03 9.999963e-01 -2.515035e-03 -7.256338e-03 -1.752399e-03 2.513249e-03 9.999953e-01 -1.112644e-02
9.999998e-01 -2.314519e-04 6.298330e-04 1.139851e-02 2.326249e-04 9.999983e-01 -1.862917e-03 6.444673e-04 -6.294007e-04 1.863063e-03 9.999981e-01 -9.421034e-03
9.999992e-01 3.274711e-04 1.253513e-03 1.183363e-02 -3.239779e-04 9.999961e-01 -2.785867e-03 -2.984832e-03 -1.254420e-03 2.785459e-03 9.999954e-01 -2.190361e-03
9.999993e-01 3.753493e-04 1.111787e-03 8.393139e-03 -3.729611e-04 9.999975e-01 -2.147507e-03 -4.848137e-03 -1.112590e-03 2.147091e-03 9.999971e-01 -8.830926e-03
9.999988e-01 4.482955e-05 1.534909e-03 9.385119e-03 -4.026312e-05 9.999955e-01 -2.974948e-03 -1.631341e-03 -1.535036e-03 2.974883e-03 9.999944e-01 -4.758418e-03
9.999995e-01 4.402861e-04 9.648721e-04 5.509383e-03 -4.385238e-04 9.999983e-01 -1.825890e-03 -6.255604e-03 -9.656743e-04 1.825466e-03 9.999979e-01 -1.243195e-02
9.999989e-01 4.830034e-04 1.397765e-03 6.838589e-03 -4.795125e-04 9.999967e-01 -2.496729e-03 -1.134914e-02 -1.398966e-03 2.496056e-03 9.999959e-01 -5.791666e-03
9.999986e-01 6.284912e-04 1.577414e-03 5.861552e-03 -6.248932e-04 9.999971e-01 -2.280388e-03 -8.149859e-03 -1.578842e-03 2.279399e-03 9.999962e-01 -9.212161e-03
9.999988e-01 3.914595e-04 1.478785e-03 6.441935e-03 -3.873721e-04 9.999961e-01 -2.763353e-03 -3.356462e-03 -1.479861e-03 2.762777e-03 9.999951e-01 -6.503277e-03
9.999986e-01 2.097999e-04 1.650798e-03 9.522129e-03 -2.062952e-04 9.999977e-01 -2.122910e-03 2.874516e-03 -1.651240e-03 2.122567e-03 9.999964e-01 -1.110218e-02
9.999990e-01 2.253853e-04 1.421867e-03 6.531880e-03 -2.219621e-04 9.999971e-01 -2.407294e-03 -2.115535e-03 -1.422405e-03 2.406976e-03 9.999961e-01 -5.898380e-03
9.999985e-01 5.605462e-04 1.675339e-03 1.339451e-02 -5.569003e-04 9.999976e-01 -2.175894e-03 -1.951589e-03 -1.676554e-03 2.174957e-03 9.999962e-01 -1.072267e-02
9.999993e-01 3.823554e-04 1.100940e-03 1.044568e-02 -3.794993e-04 9.999965e-01 -2.593335e-03 2.354357e-03 -1.101928e-03 2.592915e-03 9.999960e-01 -5.762417e-03
9.999985e-01 2.721869e-04 1.728540e-03 6.782725e-03 -2.680473e-04 9.999973e-01 -2.394643e-03 7.439468e-04 -1.729186e-03 2.394176e-03 9.999956e-01 -1.048748e-02
9.999992e-01 3.998766e-04 1.187032e-03 9.049707e-03 -3.970880e-04 9.999971e-01 -2.348539e-03 -5.173371e-03 -1.187967e-03 2.348066e-03 9.999965e-01 -5.885623e-03
9.999987e-01 3.601404e-04 1.575074e-03 7.597546e-03 -3.565468e-04 9.999974e-01 -2.281226e-03 -3.006551e-04 -1.575891e-03 2.280662e-03 9.999962e-01 -8.943091e-03
9.999993e-01 5.278877e-04 1.099613e-03 9.065153e-03 -5.250972e-04 9.999965e-01 -2.536395e-03 -7.890315e-03 -1.100948e-03 2.535815e-03 9.999962e-01 -8.462575e-03
9.999983e-01 6.357367e-04 1.719240e-03 6.148244e-03 -6.321624e-04 9.999976e-01 -2.078777e-03 -4.315882e-03 -1.720558e-03 2.077687e-03 9.999964e-01 -1.067954e-02
9.999989e-01 4.081902e-04 1.427919e-03 5.132616e-03 -4.051380e-04 9.999977e-01 -2.137184e-03 -8.691108e-03 -1.428788e-03 2.136604e-03 9.999967e-01 -1.040802e-02
9.999987e-01 3.492098e-04 1.555129e-03 7.397578e-03 -3.455001e-04 9.999971e-01 -2.385112e-03 -4.564273e-03 -1.555957e-03 2.384572e-03 9.999959e-01 -8.462775e-03
9.999989e-01 3.868713e-04 1.462712e-03 1.121783e-03 -3.839043e-04 9.999980e-01 -2.028191e-03 -3.230124e-03 -1.463494e-03 2.027627e-03 9.999969e-01 -1.158893e-02
9.999987e-01 4.842594e-04 1.494408e-03 1.435279e-02 -4.806772e-04 9.999970e-01 -2.396487e-03 -5.062709e-03 -1.495564e-03 2.395766e-03 9.999960e-01 -5.502518e-03
9.999985e-01 7.582940e-04 1.559537e-03 3.739321e-03 -7.549486e-04 9.999974e-01 -2.144610e-03 -5.898300e-03 -1.561160e-03 2.143430e-03 9.999965e-01 -7.872241e-03
9.999987e-01 4.119512e-04 1.526423e-03 8.694385e-03 -4.080983e-04 9.999967e-01 -2.523584e-03 -5.537060e-03 -1.527457e-03 2.522958e-03 9.999956e-01 -6.867433e-03
9.999986e-01 1.987296e-04 1.673911e-03 7.607863e-03 -1.952467e-04 9.999979e-01 -2.080652e-03 -6.540996e-03 -1.674320e-03 2.080322e-03 9.999964e-01 -9.003633e-03
9.999984e-01 6.332829e-04 1.683376e-03 1.180155e-02 -6.292586e-04 9.999969e-01 -2.390010e-03 -1.788058e-04 -1.684885e-03 2.388947e-03 9.999957e-01 -8.781155e-03
9.999987e-01 4.145665e-04 1.551010e-03 8.354633e-03 -4.110526e-04 9.999974e-01 -2.265209e-03 -3.425123e-03 -1.551945e-03 2.264569e-03 9.999962e-01 -8.853933e-03
9.999985e-01 6.869664e-04 1.594371e-03 6.852553e-03 -6.831153e-04 9.999968e-01 -2.414759e-03 -2.482569e-03 -1.596025e-03 2.413666e-03 9.999958e-01 -9.226826e-03
9.999984e-01 8.073912e-04 1.589457e-03 9.659906e-03 -8.036173e-04 9.999970e-01 -2.373540e-03 -6.872727e-03 -1.591369e-03 2.372259e-03 9.999959e-01 -7.348824e-03
9.999989e-01 3.787440e-04 1.432441e-03 7.132871e-03 -3.754526e-04 9.999973e-01 -2.297310e-03 -5.175020e-03 -1.433307e-03 2.296770e-03 9.999964e-01 -8.614995e-03
9.999982e-01 6.461311e-04 1.780557e-03 1.147549e-02 -6.413357e-04 9.999961e-01 -2.692455e-03 -4.799748e-03 -1.782290e-03 2.691308e-03 9.999948e-01 -9.293208e-03
9.999987e-01 6.717598e-04 1.421690e-03 4.754479e-03 -6.681251e-04 9.999964e-01 -2.555581e-03 -1.840716e-03 -1.423402e-03 2.554628e-03 9.999957e-01 -7.336314e-03
9.999992e-01 2.552674e-04 1.214155e-03 5.331442e-03 -2.523698e-04 9.999971e-01 -2.386065e-03 -4.707116e-03 -1.214761e-03 2.385757e-03 9.999964e-01 -6.406616e-03
9.999984e-01 2.334158e-04 1.774894e-03 1.669080e-03 -2.292296e-04 9.999973e-01 -2.358428e-03 -4.953891e-03 -1.775440e-03 2.358017e-03 9.999956e-01 -9.591655e-03
9.999987e-01 6.858202e-04 1.423676e-03 8.177486e-03 -6.818904e-04 9.999961e-01 -2.759026e-03 -4.718712e-03 -1.425562e-03 2.758052e-03 9.999952e-01 -5.510766e-03
9.999990e-01 5.370611e-04 1.285365e-03 1.264263e-02 -5.340398e-04 9.999970e-01 -2.349778e-03 -4.127861e-03 -1.286623e-03 2.349089e-03 9.999964e-01 -7.864385e-03
9.999987e-01 3.847216e-04 1.582923e-03 1.351725e-02 -3.812268e-04 9.999975e-01 -2.207529e-03 -7.913645e-03 -1.583769e-03 2.206923e-03 9.999963e-01 -9.336298e-03
9.999985e-01 7.818599e-04 1.550396e-03 1.035030e-02 -7.779615e-04 9.999964e-01 -2.513494e-03 -3.535088e-03 -1.552355e-03 2.512285e-03 9.999956e-01 -8.726583e-03
9.999986e-01 8.375674e-04 1.437307e-03 1.123609e-02 -8.337912e-04 9.999963e-01 -2.625853e-03 -5.466482e-03 -1.439501e-03 2.624651e-03 9.999955e-01 -6.637711e-03
9.999988e-01 6.420222e-04 1.390948e-03 5.295124e-03 -6.383710e-04 9.999964e-01 -2.623868e-03 -3.804119e-03 -1.392627e-03 2.622977e-03 9.999956e-01 -8.283234e-03
9.999990e-01 6.082502e-04 1.288932e-03 9.463468e-03 -6.050700e-04 9.999968e-01 -2.466304e-03 -1.178148e-03 -1.290428e-03 2.465521e-03 9.999961e-01 -5.020390e-03
9.999989e-01 3.235248e-04 1.408553e-03 6.155229e-03 -3.198512e-04 9.999964e-01 -2.607524e-03 1.039488e-03 -1.409391e-03 2.607071e-03 9.999956e-01 -5.311276e-03
9.999988e-01 7.513090e-05 1.544518e-03 7.688794e-03 -7.162333e-05 9.999974e-01 -2.270906e-03 2.803192e-03 -1.544685e-03 2.270792e-03 9.999962e-01 -7.214025e-03
9.999986e-01 5.934362e-04 1.589270e-03 6.928049e-03 -5.893879e-04 9.999965e-01 -2.546564e-03 -5.559464e-03 -1.590776e-03 2.545624e-03 9.999955e-01 -7.622373e-03
9.999986e-01 2.286221e-04 1.682996e-03 8.028585e-03 -2.244143e-04 9.999969e-01 -2.499970e-03 -2.654111e-03 -1.683563e-03 2.499589e-03 9.999955e-01 -6.799868e-03
9.999989e-01 4.537576e-04 1.413077e-03 1.272843e-02 -4.498451e-04 9.999959e-01 -2.767849e-03 2.109621e-03 -1.414327e-03 2.767210e-03 9.999952e-01 -4.967115e-03
9.999986e-01 3.922124e-04 1.631055e-03 8.743618e-03 -3.883841e-04 9.999973e-01 -2.346813e-03 -3.234267e-03 -1.631971e-03 2.346177e-03 9.999959e-01 -8.941319e-03
9.999986e-01 3.340413e-04 1.653007e-03 9.042746e-03 -3.304649e-04 9.999975e-01 -2.163372e-03 2.845206e-04 -1.653725e-03 2.162823e-03 9.999963e-01 -8.227739e-03
9.999985e-01 7.460176e-04 1.585614e-03 8.762947e-03 -7.424861e-04 9.999973e-01 -2.226599e-03 -2.837446e-03 -1.587271e-03 2.225418e-03 9.999962e-01 -9.511029e-03
9.999987e-01 2.571673e-04 1.583923e-03 6.532234e-03 -2.529245e-04 9.999965e-01 -2.678261e-03 -5.182541e-03 -1.584606e-03 2.677857e-03 9.999952e-01 -6.552540e-03
9.999987e-01 2.202481e-04 1.611165e-03 6.712371e-03 -2.166106e-04 9.999975e-01 -2.257477e-03 -7.846227e-03 -1.611658e-03 2.257125e-03 9.999961e-01 -9.412484e-03
9.999989e-01 3.149447e-04 1.418821e-03 9.629797e-03 -3.113078e-04 9.999967e-01 -2.562875e-03 -1.844267e-03 -1.419623e-03 2.562431e-03 9.999957e-01 -5.925973e-03
9.999992e-01 5.884048e-04 1.130656e-03 1.171139e-02 -5.854199e-04 9.999963e-01 -2.638506e-03 -4.354996e-03 -1.132204e-03 2.637842e-03 9.999959e-01 -4.864768e-03
9.999988e-01 3.729001e-04 1.506562e-03 1.119470e-02 -3.692095e-04 9.999969e-01 -2.449194e-03 -2.407327e-03 -1.507470e-03 2.448635e-03 9.999959e-01 -6.396503e-03
9.999990e-01 2.061315e-04 1.404463e-03 1.220215e-02 -2.027215e-04 9.999969e-01 -2.427704e-03 -5.696607e-03 -1.404959e-03 2.427417e-03 9.999961e-01 -4.878918e-03
9.999988e-01 1.945523e-04 1.519932e-03 1.504769e-02 -1.909222e-04 9.999971e-01 -2.388072e-03 3.122313e-03 -1.520392e-03 2.387779e-03 9.999960e-01 -9.100386e-03
9.999989e-01 4.867345e-04 1.427811e-03 1.571520e-02 -4.830444e-04 9.999965e-01 -2.583656e-03 -4.508734e-03 -1.429063e-03 2.582964e-03 9.999956e-01 -5.010290e-03
9.999988e-01 3.401365e-04 1.506967e-03 1.120493e-02 -3.362866e-04 9.999967e-01 -2.554274e-03 -3.271561e-03 -1.507831e-03 2.553764e-03 9.999956e-01 -4.376502e-03
9.999989e-01 1.383971e-04 1.460758e-03 1.159126e-02 -1.344764e-04 9.999963e-01 -2.683759e-03 8.884654e-04 -1.461125e-03 2.683560e-03 9.999954e-01 -7.178772e-03
9.999985e-01 3.123201e-04 1.728593e-03 1.601713e-02 -3.085083e-04 9.999975e-01 -2.205008e-03 -1.553500e-03 -1.729278e-03 2.204471e-03 9.999961e-01 -1.121334e-02
9.999987e-01 5.214873e-04 1.521528e-03 7.763979e-03 -5.174746e-04 9.999964e-01 -2.636487e-03 -3.538304e-03 -1.522897e-03 2.635696e-03 9.999954e-01 -5.664022e-03
9.999985e-01 2.324392e-04 1.710308e-03 8.988906e-03 -2.287621e-04 9.999976e-01 -2.149857e-03 -2.110920e-03 -1.710804e-03 2.149462e-03 9.999962e-01 -8.682479e-03
9.999987e-01 6.182580e-04 1.502729e-03 1.094911e-02 -6.141957e-04 9.999961e-01 -2.702259e-03 -6.451574e-03 -1.504394e-03 2.701332e-03 9.999952e-01 -6.157637e-03
9.999986e-01 3.732163e-04 1.632552e-03 1.212644e-02 -3.690242e-04 9.999965e-01 -2.567351e-03 8.202455e-04 -1.633505e-03 2.566745e-03 9.999954e-01 -7.888449e-03
9.999988e-01 2.444428e-04 1.519104e-03 1.166141e-02 -2.410397e-04 9.999976e-01 -2.239988e-03 -2.528021e-03 -1.519648e-03 2.239620e-03 9.999964e-01 -8.433569e-03
9.999987e-01 2.847734e-04 1.560765e-03 9.960617e-03 -2.808518e-04 9.999967e-01 -2.512298e-03 -1.813484e-03 -1.561475e-03 2.511857e-03 9.999956e-01 -7.210235e-03
9.999985e-01 7.304224e-04 1.585561e-03 7.167169e-03 -7.264009e-04 9.999965e-01 -2.535445e-03 -9.723440e-03 -1.587408e-03 2.534289e-03 9.999955e-01 -7.450298e-03
9.999986e-01 3.757333e-04 1.666306e-03 8.913288e-03 -3.714101e-04 9.999967e-01 -2.594030e-03 -2.287129e-03 -1.667275e-03 2.593408e-03 9.999952e-01 -7.693822e-03
9.999985e-01 6.323327e-04 1.613649e-03 4.264083e-03 -6.282892e-04 9.999968e-01 -2.505044e-03 -7.480865e-03 -1.615228e-03 2.504027e-03 9.999956e-01 -4.820871e-03
9.999989e-01 1.608712e-04 1.501210e-03 6.346869e-03 -1.572482e-04 9.999970e-01 -2.413195e-03 -4.337461e-03 -1.501594e-03 2.412956e-03 9.999959e-01 -6.461774e-03
9.999986e-01 5.028410e-04 1.619876e-03 5.927647e-03 -4.987583e-04 9.999968e-01 -2.519792e-03 -4.228675e-03 -1.621138e-03 2.518981e-03 9.999955e-01 -6.726291e-03
9.999985e-01 2.698663e-04 1.689569e-03 7.248728e-03 -2.653764e-04 9.999964e-01 -2.657058e-03 -3.302590e-04 -1.690281e-03 2.656606e-03 9.999951e-01 -7.605640e-03
9.999981e-01 5.043090e-04 1.882435e-03 1.105147e-02 -5.001815e-04 9.999975e-01 -2.192460e-03 -6.359634e-03 -1.883536e-03 2.191514e-03 9.999958e-01 -9.554600e-03
9.999985e-01 8.614087e-04 1.542508e-03 8.554823e-03 -8.570036e-04 9.999955e-01 -2.854257e-03 -1.239288e-02 -1.544960e-03 2.852931e-03 9.999948e-01 -4.389367e-03
9.999987e-01 3.493572e-04 1.563047e-03 9.627959e-03 -3.456313e-04 9.999971e-01 -2.383383e-03 3.737909e-03 -1.563875e-03 2.382840e-03 9.999959e-01 -8.675547e-03
9.999989e-01 3.133251e-04 1.429772e-03 4.781943e-03 -3.095698e-04 9.999965e-01 -2.625957e-03 -8.420446e-03 -1.430590e-03 2.625511e-03 9.999955e-01 -6.614622e-03
9.999988e-01 5.484986e-04 1.423959e-03 4.336216e-03 -5.449296e-04 9.999968e-01 -2.505592e-03 -1.056756e-02 -1.425329e-03 2.504813e-03 9.999958e-01 -8.515989e-03
9.999985e-01 4.562668e-04 1.686938e-03 1.082131e-02 -4.525788e-04 9.999976e-01 -2.185944e-03 -5.442410e-03 -1.687931e-03 2.185177e-03 9.999962e-01 -9.786812e-03
9.999987e-01 1.839362e-04 1.595899e-03 5.555041e-03 -1.799139e-04 9.999968e-01 -2.520184e-03 -1.021676e-02 -1.596358e-03 2.519893e-03 9.999955e-01 -9.208149e-03
9.999986e-01 4.622267e-04 1.625245e-03 7.436214e-03 -4.584940e-04 9.999973e-01 -2.296356e-03 -7.742623e-03 -1.626302e-03 2.295608e-03 9.999961e-01 -7.841134e-03
9.999986e-01 5.715368e-04 1.604713e-03 9.039678e-03 -5.674400e-04 9.999965e-01 -2.552268e-03 -2.554769e-03 -1.606166e-03 2.551354e-03 9.999955e-01 -5.986268e-03
9.999982e-01 3.630202e-04 1.876762e-03 1.571758e-02 -3.586493e-04 9.999973e-01 -2.328780e-03 1.314916e-04 -1.877603e-03 2.328102e-03 9.999955e-01 -8.997801e-03
9.999989e-01 2.487864e-04 1.491926e-03 9.022599e-03 -2.448057e-04 9.999963e-01 -2.667795e-03 -2.000507e-03 -1.492584e-03 2.667427e-03 9.999954e-01 -7.268530e-03
9.999985e-01 1.622638e-04 1.719880e-03 1.079503e-02 -1.585441e-04 9.999976e-01 -2.162723e-03 -8.125309e-03 -1.720227e-03 2.162448e-03 9.999962e-01 -9.471034e-03
9.999988e-01 4.532864e-04 1.466074e-03 8.337663e-03 -4.491967e-04 9.999961e-01 -2.788668e-03 -7.564090e-03 -1.467332e-03 2.788007e-03 9.999951e-01 -6.807668e-03
9.999983e-01 5.144735e-04 1.761015e-03 7.849493e-03 -5.103869e-04 9.999973e-01 -2.320267e-03 -5.822044e-03 -1.762204e-03 2.319365e-03 9.999958e-01 -7.146018e-03
9.999983e-01 7.235425e-04 1.689222e-03 6.302515e-03 -7.191595e-04 9.999964e-01 -2.593905e-03 -9.254828e-03 -1.691093e-03 2.592686e-03 9.999952e-01 -8.119158e-03
9.999985e-01 5.971393e-04 1.633031e-03 9.170670e-03 -5.937041e-04 9.999975e-01 -2.103274e-03 -5.324462e-03 -1.634283e-03 2.102301e-03 9.999965e-01 -1.148117e-02
9.999987e-01 5.606522e-04 1.512400e-03 2.557287e-03 -5.567257e-04 9.999964e-01 -2.595310e-03 -7.034236e-03 -1.513850e-03 2.594465e-03 9.999955e-01 -7.137586e-03
9.999984e-01 4.542791e-04 1.732191e-03 3.064745e-03 -4.503039e-04 9.999973e-01 -2.294600e-03 -4.923568e-03 -1.733229e-03 2.293816e-03 9.999959e-01 -8.775469e-03
9.999986e-01 2.563989e-04 1.663832e-03 6.674956e-03 -2.522178e-04 9.999969e-01 -2.512662e-03 -5.851348e-03 -1.664471e-03 2.512239e-03 9.999955e-01 -6.991268e-03
9.999986e-01 7.344634e-04 1.525944e-03 8.269511e-03 -7.305794e-04 9.999964e-01 -2.544319e-03 -4.053290e-03 -1.527807e-03 2.543201e-03 9.999956e-01 -6.214694e-03
9.999987e-01 5.220546e-04 1.548704e-03 7.812311e-03 -5.182056e-04 9.999967e-01 -2.484700e-03 -3.223551e-03 -1.549996e-03 2.483894e-03 9.999957e-01 -7.871484e-03
9.999981e-01 7.728088e-04 1.779998e-03 1.257342e-02 -7.684699e-04 9.999968e-01 -2.437002e-03 -4.072032e-03 -1.781876e-03 2.435630e-03 9.999955e-01 -8.901238e-03
9.999985e-01 3.620677e-04 1.680842e-03 7.919955e-03 -3.582939e-04 9.999974e-01 -2.244994e-03 -5.458575e-03 -1.681650e-03 2.244389e-03 9.999961e-01 -8.699792e-03
9.999986e-01 4.451989e-04 1.608890e-03 9.196476e-03 -4.414586e-04 9.999973e-01 -2.324382e-03 -4.950021e-03 -1.609920e-03 2.323668e-03 9.999960e-01 -8.016126e-03
9.999983e-01 6.296645e-04 1.707769e-03 8.283210e-03 -6.259003e-04 9.999974e-01 -2.203808e-03 -6.634817e-03 -1.709152e-03 2.202736e-03 9.999961e-01 -8.705373e-03
9.999985e-01 6.771896e-04 1.625540e-03 1.086325e-02 -6.731266e-04 9.999965e-01 -2.498708e-03 -7.247491e-03 -1.627227e-03 2.497610e-03 9.999955e-01 -9.816823e-03
9.999980e-01 7.256271e-04 1.852440e-03 1.023509e-02 -7.211428e-04 9.999967e-01 -2.420298e-03 -1.706332e-03 -1.854191e-03 2.418958e-03 9.999954e-01 -8.485801e-03
9.999989e-01 4.335665e-04 1.421317e-03 9.639126e-03 -4.301720e-04 9.999969e-01 -2.387696e-03 -8.319811e-03 -1.422348e-03 2.387082e-03 9.999961e-01 -8.091447e-03
9.999986e-01 3.077894e-04 1.677947e-03 4.256288e-03 -3.040006e-04 9.999974e-01 -2.257749e-03 -7.014539e-03 -1.678638e-03 2.257236e-03 9.999961e-01 -9.705013e-03
9.999985e-01 3.914906e-04 1.708729e-03 7.116842e-03 -3.879898e-04 9.999979e-01 -2.048610e-03 -2.090900e-03 -1.709527e-03 2.047945e-03 9.999964e-01 -7.883751e-03
9.999987e-01 4.634291e-04 1.493207e-03 8.441095e-03 -4.594084e-04 9.999963e-01 -2.691884e-03 -7.342965e-03 -1.494449e-03 2.691195e-03 9.999953e-01 -7.528434e-03
9.999990e-01 6.413723e-04 1.227562e-03 6.578840e-03 -6.381292e-04 9.999962e-01 -2.640517e-03 -5.417856e-03 -1.229251e-03 2.639731e-03 9.999958e-01 -4.967055e-03
9.999986e-01 2.257431e-04 1.656771e-03 7.601111e-03 -2.219622e-04 9.999974e-01 -2.281939e-03 -1.467781e-03 -1.657282e-03 2.281568e-03 9.999960e-01 -8.812397e-03
9.999987e-01 5.599699e-04 1.515884e-03 7.236090e-03 -5.560447e-04 9.999964e-01 -2.588518e-03 -1.377475e-03 -1.517328e-03 2.587672e-03 9.999955e-01 -6.301185e-03
9.999984e-01 5.550138e-04 1.692051e-03 8.304372e-03 -5.504232e-04 9.999962e-01 -2.712279e-03 -6.863390e-03 -1.693550e-03 2.711344e-03 9.999949e-01 -6.382574e-03
9.999989e-01 9.232823e-05 1.486854e-03 7.712892e-03 -8.856611e-05 9.999968e-01 -2.530118e-03 -9.134488e-03 -1.487083e-03 2.529984e-03 9.999957e-01 -7.630354e-03
9.999983e-01 3.938341e-04 1.821525e-03 1.044969e-02 -3.895807e-04 9.999971e-01 -2.334817e-03 -1.745804e-04 -1.822439e-03 2.334103e-03 9.999956e-01 -9.637362e-03
9.999988e-01 2.373108e-04 1.518642e-03 3.925261e-03 -2.332600e-04 9.999964e-01 -2.667003e-03 -3.838693e-03 -1.519269e-03 2.666646e-03 9.999953e-01 -5.565678e-03
9.999987e-01 1.455310e-04 1.594169e-03 8.256385e-03 -1.419966e-04 9.999975e-01 -2.216945e-03 1.354327e-03 -1.594488e-03 2.216716e-03 9.999962e-01 -8.976871e-03
9.999983e-01 3.810249e-04 1.793309e-03 1.015473e-02 -3.765755e-04 9.999968e-01 -2.480833e-03 -2.763930e-03 -1.794248e-03 2.480154e-03 9.999953e-01 -8.416318e-03
9.999987e-01 3.306117e-04 1.599978e-03 1.096865e-02 -3.265334e-04 9.999968e-01 -2.548566e-03 -5.047415e-03 -1.600815e-03 2.548041e-03 9.999955e-01 -9.202041e-03
9.999982e-01 6.396274e-04 1.765284e-03 7.503297e-03 -6.346990e-04 9.999958e-01 -2.791043e-03 -6.739131e-03 -1.767062e-03 2.789918e-03 9.999946e-01 -6.946323e-03
9.999990e-01 2.150037e-04 1.381504e-03 7.075025e-03 -2.111534e-04 9.999962e-01 -2.786533e-03 -3.057667e-03 -1.382098e-03 2.786239e-03 9.999952e-01 -5.234555e-03
9.999989e-01 3.975622e-04 1.401836e-03 3.101431e-03 -3.941686e-04 9.999969e-01 -2.420264e-03 -7.066613e-03 -1.402794e-03 2.419709e-03 9.999961e-01 -5.157338e-03
9.999986e-01 3.336807e-04 1.625289e-03 4.917156e-03 -3.294486e-04 9.999965e-01 -2.603438e-03 -6.036918e-03 -1.626152e-03 2.602899e-03 9.999953e-01 -8.007884e-03
9.999990e-01 5.111666e-04 1.301128e-03 1.021682e-02 -5.074550e-04 9.999958e-01 -2.851394e-03 -4.449478e-03 -1.302580e-03 2.850731e-03 9.999951e-01 -4.753561e-03
9.999983e-01 4.793123e-04 1.796098e-03 4.205401e-03 -4.749506e-04 9.999969e-01 -2.428104e-03 -9.238639e-03 -1.797256e-03 2.427247e-03 9.999954e-01 -8.339302e-03
9.999986e-01 4.430756e-04 1.591427e-03 9.743684e-03 -4.392637e-04 9.999970e-01 -2.394811e-03 -6.456230e-03 -1.592483e-03 2.394109e-03 9.999959e-01 -7.290570e-03
9.999988e-01 7.552053e-04 1.350956e-03 1.072003e-02 -7.519889e-04 9.999969e-01 -2.379755e-03 -3.613085e-03 -1.352749e-03 2.378737e-03 9.999962e-01 -8.356099e-03
9.999988e-01 5.930343e-04 1.438121e-03 1.650488e-02 -5.897721e-04 9.999973e-01 -2.267744e-03 -5.765196e-03 -1.439461e-03 2.266893e-03 9.999964e-01 -7.129528e-03
9.999987e-01 3.529299e-04 1.579471e-03 1.050480e-02 -3.489077e-04 9.999967e-01 -2.546096e-03 -3.571861e-03 -1.580364e-03 2.545541e-03 9.999955e-01 -8.969113e-03
9.999989e-01 3.578409e-04 1.465820e-03 4.354658e-03 -3.540452e-04 9.999965e-01 -2.588867e-03 -8.457690e-03 -1.466741e-03 2.588345e-03 9.999956e-01 -5.350940e-03
9.999986e-01 1.313344e-04 1.658563e-03 6.865203e-03 -1.277543e-04 9.999976e-01 -2.158466e-03 -3.664454e-03 -1.658842e-03 2.158252e-03 9.999963e-01 -8.519339e-03
9.999987e-01 2.806379e-04 1.558422e-03 8.377774e-03 -2.773902e-04 9.999979e-01 -2.083776e-03 -4.321946e-03 -1.559004e-03 2.083341e-03 9.999966e-01 -7.064782e-03
9.999985e-01 3.438918e-04 1.725009e-03 8.107915e-03 -3.399751e-04 9.999974e-01 -2.270340e-03 -1.261060e-03 -1.725785e-03 2.269750e-03 9.999959e-01 -1.164545e-02
9.999989e-01 3.291290e-04 1.416323e-03 7.021725e-03 -3.254018e-04 9.999964e-01 -2.631036e-03 -2.572324e-03 -1.417184e-03 2.630572e-03 9.999955e-01 -5.510299e-03
9.999985e-01 5.776081e-04 1.618953e-03 1.027633e-02 -5.734451e-04 9.999965e-01 -2.570683e-03 -1.946290e-03 -1.620432e-03 2.569751e-03 9.999954e-01 -6.385996e-03
9.999986e-01 7.257144e-04 1.472679e-03 7.494661e-03 -7.222216e-04 9.999970e-01 -2.370853e-03 -4.687451e-03 -1.474395e-03 2.369787e-03 9.999961e-01 -7.887881e-03
9.999988e-01 2.824522e-04 1.524633e-03 1.023858e-02 -2.787905e-04 9.999971e-01 -2.401367e-03 -4.049733e-03 -1.525307e-03 2.400939e-03 9.999959e-01 -7.496229e-03
9.999986e-01 2.872284e-04 1.627866e-03 1.343019e-02 -2.835664e-04 9.999975e-01 -2.249351e-03 -3.383457e-03 -1.628508e-03 2.248887e-03 9.999961e-01 -9.224009e-03
9.999983e-01 2.718515e-04 1.800576e-03 1.536881e-02 -2.674485e-04 9.999971e-01 -2.445137e-03 1.451389e-03 -1.801235e-03 2.444651e-03 9.999954e-01 -8.032106e-03
9.999987e-01 -6.287066e-05 1.593985e-03 1.150643e-02 6.671094e-05 9.999970e-01 -2.409289e-03 9.028154e-03 -1.593829e-03 2.409392e-03 9.999958e-01 -7.653344e-03
9.999987e-01 1.173451e-04 1.574893e-03 5.825852e-03 -1.136714e-04 9.999971e-01 -2.332567e-03 -4.900423e-03 -1.575163e-03 2.332385e-03 9.999961e-01 -5.639519e-03
9.999988e-01 1.511021e-04 1.534504e-03 7.749650e-03 -1.475287e-04 9.999974e-01 -2.328576e-03 4.643186e-03 -1.534851e-03 2.328346e-03 9.999961e-01 -7.417669e-03
9.999984e-01 5.107649e-04 1.722423e-03 6.893620e-03 -5.067430e-04 9.999971e-01 -2.334644e-03 -2.005276e-03 -1.723610e-03 2.333768e-03 9.999958e-01 -7.341112e-03
9.999987e-01 1.610342e-04 1.608505e-03 6.241999e-03 -1.566940e-04 9.999963e-01 -2.698063e-03 -1.466995e-03 -1.608934e-03 2.697807e-03 9.999951e-01 -7.393803e-03
9.999987e-01 2.961941e-04 1.537702e-03 8.380564e-03 -2.919584e-04 9.999962e-01 -2.754058e-03 -5.636020e-03 -1.538511e-03 2.753606e-03 9.999951e-01 -4.760393e-03
9.999989e-01 4.050952e-04 1.457399e-03 8.090838e-03 -4.010850e-04 9.999961e-01 -2.750871e-03 -1.231011e-03 -1.458507e-03 2.750283e-03 9.999952e-01 -4.890551e-03
9.999987e-01 5.900037e-04 1.472695e-03 1.041601e-02 -5.862626e-04 9.999965e-01 -2.539434e-03 -6.101190e-03 -1.474188e-03 2.538567e-03 9.999957e-01 -6.435961e-03
9.999982e-01 6.252021e-04 1.800025e-03 1.278627e-02 -6.207524e-04 9.999969e-01 -2.471566e-03 -2.003479e-03 -1.801565e-03 2.470444e-03 9.999954e-01 -7.010326e-03
9.999987e-01 4.852480e-04 1.500218e-03 7.708932e-03 -4.820046e-04 9.999975e-01 -2.161552e-03 -6.212269e-03 -1.501264e-03 2.160826e-03 9.999965e-01 -7.904942e-03
9.999986e-01 2.272916e-04 1.674985e-03 1.020386e-02 -2.227200e-04 9.999962e-01 -2.729031e-03 -4.501259e-04 -1.675599e-03 2.728654e-03 9.999949e-01 -6.879921e-03
9.999986e-01 4.466269e-04 1.592114e-03 1.183221e-02 -4.423493e-04 9.999963e-01 -2.686081e-03 -3.542883e-03 -1.593307e-03 2.685373e-03 9.999951e-01 -4.676881e-03
9.999990e-01 1.890320e-04 1.395048e-03 1.143704e-02 -1.856987e-04 9.999971e-01 -2.389087e-03 -1.191648e-02 -1.395496e-03 2.388826e-03 9.999962e-01 -5.677254e-03
9.999984e-01 6.587395e-04 1.670318e-03 1.391058e-02 -6.544793e-04 9.999967e-01 -2.549835e-03 -2.934296e-03 -1.671992e-03 2.548737e-03 9.999954e-01 -6.266594e-03
9.999987e-01 2.374206e-04 1.590343e-03 7.644757e-03 -2.327419e-04 9.999956e-01 -2.941493e-03 -8.169851e-04 -1.591034e-03 2.941119e-03 9.999944e-01 -3.827712e-03
9.999984e-01 5.691949e-04 1.706670e-03 1.073488e-02 -5.641915e-04 9.999955e-01 -2.930755e-03 -7.340591e-04 -1.708330e-03 2.929787e-03 9.999943e-01 -5.013288e-03
9.999988e-01 4.830406e-04 1.482193e-03 1.179869e-02 -4.793478e-04 9.999968e-01 -2.490744e-03 -3.685246e-03 -1.483391e-03 2.490031e-03 9.999958e-01 -7.215348e-03
9.999985e-01 1.356932e-04 1.745046e-03 6.375944e-03 -1.315587e-04 9.999973e-01 -2.369199e-03 -5.096692e-03 -1.745363e-03 2.368965e-03 9.999956e-01 -7.484125e-03
9.999987e-01 3.684662e-04 1.569194e-03 1.551830e-02 -3.646637e-04 9.999969e-01 -2.422850e-03 -1.464003e-03 -1.570082e-03 2.422274e-03 9.999958e-01 -7.051674e-03
9.999986e-01 5.442559e-04 1.610845e-03 1.200438e-02 -5.398555e-04 9.999961e-01 -2.730931e-03 -4.667910e-03 -1.612325e-03 2.730058e-03 9.999950e-01 -8.873324e-03
9.999992e-01 3.364154e-04 1.260997e-03 6.916334e-03 -3.331556e-04 9.999965e-01 -2.584427e-03 -5.075485e-03 -1.261862e-03 2.584004e-03 9.999959e-01 -3.648451e-03
9.999992e-01 4.860162e-04 1.179496e-03 1.065446e-02 -4.828837e-04 9.999964e-01 -2.654647e-03 -6.706637e-03 -1.180782e-03 2.654075e-03 9.999958e-01 -4.832348e-03
9.999990e-01 4.297119e-04 1.320991e-03 7.596198e-03 -4.261613e-04 9.999963e-01 -2.686947e-03 -6.871956e-03 -1.322141e-03 2.686381e-03 9.999955e-01 -4.517757e-03
9.999982e-01 3.165343e-04 1.906955e-03 1.066836e-02 -3.118304e-04 9.999968e-01 -2.466512e-03 -2.195667e-03 -1.907729e-03 2.465913e-03 9.999951e-01 -8.626727e-03
9.999989e-01 6.847267e-04 1.339261e-03 1.342998e-02 -6.814553e-04 9.999969e-01 -2.441633e-03 -6.935757e-03 -1.340928e-03 2.440718e-03 9.999961e-01 -6.342253e-03
9.999981e-01 7.672137e-04 1.779567e-03 1.146743e-02 -7.629825e-04 9.999968e-01 -2.377152e-03 -7.179260e-03 -1.781385e-03 2.375790e-03 9.999956e-01 -8.640544e-03
9.999986e-01 4.786751e-04 1.586844e-03 3.045953e-03 -4.747551e-04 9.999968e-01 -2.469741e-03 -6.732408e-03 -1.588021e-03 2.468984e-03 9.999957e-01 -6.785499e-03
9.999984e-01 5.245402e-04 1.716113e-03 6.622911e-03 -5.201394e-04 9.999964e-01 -2.563894e-03 -4.714800e-03 -1.717452e-03 2.562997e-03 9.999952e-01 -7.262208e-03
9.999992e-01 2.154833e-04 1.231431e-03 1.159186e-02 -2.124161e-04 9.999969e-01 -2.490337e-03 -7.253764e-03 -1.231964e-03 2.490073e-03 9.999961e-01 -6.305842e-03
9.999986e-01 1.990038e-04 1.661976e-03 1.381080e-02 -1.946941e-04 9.999967e-01 -2.592846e-03 -2.895433e-03 -1.662486e-03 2.592518e-03 9.999952e-01 -6.895173e-03
9.999984e-01 1.649946e-04 1.784265e-03 7.824286e-03 -1.607068e-04 9.999970e-01 -2.402997e-03 -7.277862e-04 -1.784657e-03 2.402706e-03 9.999955e-01 -7.695423e-03
9.999990e-01 4.956122e-04 1.326273e-03 1.288187e-02 -4.919446e-04 9.999961e-01 -2.764218e-03 -1.104135e-02 -1.327638e-03 2.763563e-03 9.999953e-01 -4.239011e-03
9.999985e-01 2.259157e-04 1.706079e-03 5.573906e-03 -2.221481e-04 9.999976e-01 -2.208233e-03 -9.633884e-03 -1.706574e-03 2.207850e-03 9.999961e-01 -9.276640e-03
9.999989e-01 1.672581e-04 1.466130e-03 1.100300e-02 -1.635827e-04 9.999968e-01 -2.506650e-03 -8.907564e-03 -1.466545e-03 2.506407e-03 9.999958e-01 -6.031891e-03
9.999987e-01 4.329108e-04 1.571650e-03 7.941845e-03 -4.288233e-04 9.999964e-01 -2.600201e-03 -7.848294e-03 -1.572770e-03 2.599524e-03 9.999954e-01 -6.561124e-03
9.999986e-01 2.456591e-04 1.634644e-03 9.049562e-03 -2.415446e-04 9.999968e-01 -2.516827e-03 -5.823149e-03 -1.635257e-03 2.516428e-03 9.999955e-01 -6.795128e-03
9.999986e-01 3.901909e-04 1.637065e-03 1.487776e-02 -3.865380e-04 9.999975e-01 -2.231094e-03 -4.296752e-03 -1.637931e-03 2.230457e-03 9.999962e-01 -7.819206e-03
9.999986e-01 5.897141e-04 1.600507e-03 1.152115e-02 -5.856235e-04 9.999965e-01 -2.555111e-03 -5.357640e-03 -1.602008e-03 2.554170e-03 9.999955e-01 -7.649259e-03
9.999986e-01 2.839481e-04 1.620239e-03 1.874590e-03 -2.796676e-04 9.999965e-01 -2.641503e-03 -5.217964e-04 -1.620983e-03 2.641046e-03 9.999952e-01 -4.851212e-03
9.999986e-01 5.000581e-04 1.573138e-03 9.301757e-03 -4.963299e-04 9.999971e-01 -2.369403e-03 -2.919049e-03 -1.574318e-03 2.368619e-03 9.999959e-01 -8.639705e-03
9.999986e-01 1.958010e-04 1.697293e-03 3.890697e-03 -1.912011e-04 9.999962e-01 -2.709885e-03 -9.636347e-04 -1.697817e-03 2.709556e-03 9.999949e-01 -6.792971e-03
9.999989e-01 1.763170e-04 1.506720e-03 1.242624e-02 -1.725240e-04 9.999969e-01 -2.517123e-03 -3.020066e-03 -1.507159e-03 2.516860e-03 9.999957e-01 -6.781407e-03
9.999986e-01 2.577729e-04 1.634629e-03 1.402539e-02 -2.535289e-04 9.999965e-01 -2.596008e-03 -6.462182e-03 -1.635293e-03 2.595590e-03 9.999953e-01 -5.432116e-03
9.999985e-01 2.002253e-04 1.712467e-03 9.020438e-03 -1.958069e-04 9.999967e-01 -2.579886e-03 -8.404095e-03 -1.712978e-03 2.579547e-03 9.999952e-01 -7.496611e-03
