1.000000e+00 0.000000e+00 0.000000e+00 0.000000e+00 0.000000e+00 1.000000e+00 0.000000e+00 0.000000e+00 0.000000e+00 0.000000e+00 1.000000e+00 0.000000e+00
9.999700e-01 -6.855994e-03 -3.600563e-03 1.708954e+00 6.853362e-03 9.999762e-01 -7.426942e-04 2.509451e-02 3.605569e-03 7.179960e-04 9.999933e-01 -2.557707e-02
9.999034e-01 -1.048720e-02 -9.115604e-03 3.250656e+00 1.049039e-02 9.999449e-01 3.015393e-04 3.577482e-02 9.111940e-03 -3.971364e-04 9.999584e-01 -6.243723e-02
9.997915e-01 -1.440661e-02 -1.447045e-02 4.811094e+00 1.444460e-02 9.998925e-01 2.524680e-03 6.009900e-02 1.443252e-02 -2.733174e-03 9.998921e-01 -7.589199e-02
9.996619e-01 -1.855429e-02 -1.821900e-02 6.364299e+00 1.860499e-02 9.998235e-01 2.617590e-03 7.333298e-02 1.816721e-02 -2.955669e-03 9.998306e-01 -1.092851e-01
9.995331e-01 -2.577246e-02 -1.641611e-02 7.922481e+00 2.584034e-02 9.996582e-01 3.936161e-03 1.077350e-01 1.630905e-02 -4.358520e-03 9.998575e-01 -1.280886e-01
9.993291e-01 -3.290268e-02 -1.608268e-02 9.489751e+00 3.294606e-02 9.994541e-01 2.439565e-03 1.413741e-01 1.599363e-02 -2.967790e-03 9.998677e-01 -1.556372e-01
9.991512e-01 -3.898704e-02 -1.330255e-02 1.105232e+01 3.903029e-02 9.992335e-01 3.006977e-03 1.723925e-01 1.317512e-02 -3.523626e-03 9.999070e-01 -1.986915e-01
9.988763e-01 -4.522829e-02 -1.415834e-02 1.258947e+01 4.528575e-02 9.989668e-01 3.764582e-03 2.271467e-01 1.397344e-02 -4.401523e-03 9.998927e-01 -2.176108e-01
9.986633e-01 -5.048588e-02 -1.107915e-02 1.414672e+01 5.053791e-02 9.987121e-01 4.467293e-03 2.848700e-01 1.083935e-02 -5.021239e-03 9.999287e-01 -2.653699e-01
9.983559e-01 -5.588189e-02 -1.275974e-02 1.568254e+01 5.595511e-02 9.984185e-01 5.455113e-03 3.493372e-01 1.243472e-02 -6.160117e-03 9.999037e-01 -2.878560e-01
9.979387e-01 -6.271010e-02 -1.363332e-02 1.724662e+01 6.275193e-02 9.980255e-01 2.661390e-03 4.462306e-01 1.343951e-02 -3.511422e-03 9.999035e-01 -3.259590e-01
9.975283e-01 -6.885182e-02 -1.402440e-02 1.881090e+01 6.892928e-02 9.976083e-01 5.115891e-03 5.328140e-01 1.363862e-02 -6.069938e-03 9.998885e-01 -3.634512e-01
9.970435e-01 -7.484934e-02 -1.737241e-02 2.035472e+01 7.498696e-02 9.971570e-01 7.410056e-03 6.428470e-01 1.676838e-02 -8.690853e-03 9.998216e-01 -4.069225e-01
9.964791e-01 -8.091227e-02 -2.196833e-02 2.193028e+01 8.110099e-02 9.966750e-01 7.839015e-03 7.498816e-01 2.126102e-02 -9.593068e-03 9.997279e-01 -4.299437e-01
9.958158e-01 -8.812401e-02 -2.418806e-02 2.351827e+01 8.827486e-02 9.960825e-01 5.239001e-03 8.905742e-01 2.363162e-02 -7.352278e-03 9.996937e-01 -4.721681e-01
9.952217e-01 -9.496289e-02 -2.271089e-02 2.510009e+01 9.507519e-02 9.954623e-01 3.914759e-03 1.019133e+00 2.223608e-02 -6.055296e-03 9.997344e-01 -4.892640e-01
9.946105e-01 -1.016053e-01 -2.064451e-02 2.669910e+01 1.017029e-01 9.948078e-01 3.731426e-03 1.168885e+00 2.015819e-02 -5.810923e-03 9.997799e-01 -5.214065e-01
9.937701e-01 -1.095552e-01 -2.046327e-02 2.829654e+01 1.096822e-01 9.939532e-01 5.188032e-03 1.318045e+00 1.977116e-02 -7.400169e-03 9.997771e-01 -5.499547e-01
9.929358e-01 -1.167406e-01 -2.121619e-02 2.989057e+01 1.168591e-01 9.931387e-01 4.430403e-03 1.494273e+00 2.055341e-02 -6.878412e-03 9.997651e-01 -5.804371e-01
9.920313e-01 -1.239746e-01 -2.245606e-02 3.149084e+01 1.241247e-01 9.922518e-01 5.415834e-03 1.669209e+00 2.161065e-02 -8.160030e-03 9.997332e-01 -6.211622e-01
9.910681e-01 -1.312498e-01 -2.361100e-02 3.309541e+01 1.314028e-01 9.913162e-01 5.044844e-03 1.879346e+00 2.274383e-02 -8.102336e-03 9.997085e-01 -6.625990e-01
9.899240e-01 -1.395130e-01 -2.421895e-02 3.470725e+01 1.397029e-01 9.901732e-01 6.325558e-03 2.093883e+00 2.309845e-02 -9.645279e-03 9.996867e-01 -6.883818e-01
9.890000e-01 -1.459551e-01 -2.400471e-02 3.631385e+01 1.461830e-01 9.892249e-01 8.022678e-03 2.305363e+00 2.257512e-02 -1.144351e-02 9.996796e-01 -7.321462e-01
9.878778e-01 -1.532653e-01 -2.464043e-02 3.792417e+01 1.535034e-01 9.881153e-01 8.069275e-03 2.537607e+00 2.311084e-02 -1.175385e-02 9.996638e-01 -7.631809e-01
9.866661e-01 -1.607680e-01 -2.537033e-02 3.953567e+01 1.610086e-01 9.869227e-01 7.731837e-03 2.791210e+00 2.379553e-02 -1.171358e-02 9.996482e-01 -8.080231e-01
9.855783e-01 -1.672146e-01 -2.597584e-02 4.117522e+01 1.673989e-01 9.858762e-01 5.076758e-03 3.043586e+00 2.476005e-02 -9.351870e-03 9.996497e-01 -8.349090e-01
9.844367e-01 -1.738343e-01 -2.580813e-02 4.279019e+01 1.740280e-01 9.847256e-01 5.442518e-03 3.311122e+00 2.446783e-02 -9.849151e-03 9.996521e-01 -8.861038e-01
9.831787e-01 -1.806491e-01 -2.693696e-02 4.439011e+01 1.809009e-01 9.834749e-01 7.207521e-03 3.595277e+00 2.518979e-02 -1.195920e-02 9.996111e-01 -9.199423e-01
9.819860e-01 -1.865877e-01 -2.980617e-02 4.602473e+01 1.869065e-01 9.823430e-01 8.272391e-03 3.876706e+00 2.773635e-02 -1.369434e-02 9.995215e-01 -9.453822e-01
9.805263e-01 -1.940223e-01 -3.038942e-02 4.764207e+01 1.943846e-01 9.808800e-01 9.434046e-03 4.195732e+00 2.797796e-02 -1.515757e-02 9.994936e-01 -1.002286e+00
9.790584e-01 -2.009231e-01 -3.278031e-02 4.928630e+01 2.013691e-01 9.794549e-01 1.089137e-02 4.508784e+00 2.991851e-02 -1.726423e-02 9.994032e-01 -1.042761e+00
9.775609e-01 -2.082634e-01 -3.163977e-02 5.093143e+01 2.086601e-01 9.779395e-01 9.764422e-03 4.850421e+00 2.890821e-02 -1.614727e-02 9.994516e-01 -1.090766e+00
9.760979e-01 -2.151842e-01 -3.047543e-02 5.257944e+01 2.155572e-01 9.764451e-01 9.497217e-03 5.191819e+00 2.771393e-02 -1.583941e-02 9.994904e-01 -1.123319e+00
9.746355e-01 -2.215993e-01 -3.129368e-02 5.421265e+01 2.219982e-01 9.749972e-01 9.863126e-03 5.552568e+00 2.832558e-02 -1.656009e-02 9.994616e-01 -1.163004e+00
9.731017e-01 -2.282472e-01 -3.124582e-02 5.585388e+01 2.287042e-01 9.734236e-01 1.188286e-02 5.908611e+00 2.770318e-02 -1.870928e-02 9.994411e-01 -1.210020e+00
9.716999e-01 -2.341357e-01 -3.130208e-02 5.753090e+01 2.345765e-01 9.720333e-01 1.118748e-02 6.302412e+00 2.780728e-02 -1.821361e-02 9.994473e-01 -1.266130e+00
9.700931e-01 -2.405408e-01 -3.254836e-02 5.915625e+01 2.409764e-01 9.704779e-01 1.013608e-02 6.694921e+00 2.914933e-02 -1.767633e-02 9.994187e-01 -1.304980e+00
9.688641e-01 -2.454013e-01 -3.287185e-02 6.083711e+01 2.458060e-01 9.692788e-01 8.830831e-03 7.095607e+00 2.969489e-02 -1.663597e-02 9.994206e-01 -1.339462e+00
9.675403e-01 -2.504137e-01 -3.403993e-02 6.249884e+01 2.508708e-01 9.679708e-01 9.824168e-03 7.507171e+00 3.048955e-02 -1.804490e-02 9.993722e-01 -1.387992e+00
9.661334e-01 -2.558931e-01 -3.324343e-02 6.416702e+01 2.564040e-01 9.664943e-01 1.207009e-02 7.938896e+00 2.904093e-02 -2.018506e-02 9.993744e-01 -1.425056e+00
9.647181e-01 -2.611251e-01 -3.365541e-02 6.582516e+01 2.617039e-01 9.650460e-01 1.404844e-02 8.367320e+00 2.881061e-02 -2.236053e-02 9.993348e-01 -1.475578e+00
9.631089e-01 -2.671955e-01 -3.205897e-02 6.750452e+01 2.677587e-01 9.633735e-01 1.471298e-02 8.807209e+00 2.695353e-02 -2.275428e-02 9.993777e-01 -1.529243e+00
9.609763e-01 -2.746429e-01 -3.310265e-02 6.918181e+01 2.752396e-01 9.612590e-01 1.497658e-02 9.278517e+00 2.770701e-02 -2.350330e-02 9.993398e-01 -1.572937e+00
9.591862e-01 -2.811474e-01 -3.029765e-02 7.087525e+01 2.817060e-01 9.593670e-01 1.600627e-02 9.751326e+00 2.456645e-02 -2.388803e-02 9.994128e-01 -1.632282e+00
9.572079e-01 -2.877544e-01 -3.082965e-02 7.255358e+01 2.883551e-01 9.573704e-01 1.713259e-02 1.022886e+01 2.458541e-02 -2.528933e-02 9.993778e-01 -1.690508e+00
9.552067e-01 -2.946971e-01 -2.708861e-02 7.424124e+01 2.952135e-01 9.552710e-01 1.751053e-02 1.073722e+01 2.071666e-02 -2.472310e-02 9.994797e-01 -1.744170e+00
9.528387e-01 -3.022155e-01 -2.764411e-02 7.594449e+01 3.027089e-01 9.529526e-01 1.576220e-02 1.124375e+01 2.157995e-02 -2.338696e-02 9.994935e-01 -1.807007e+00
9.503984e-01 -3.100376e-01 -2.489186e-02 7.764996e+01 3.104365e-01 9.504895e-01 1.409987e-02 1.176585e+01 1.928796e-02 -2.112784e-02 9.995907e-01 -1.855431e+00
9.480149e-01 -3.171994e-01 -2.554030e-02 7.933422e+01 3.176101e-01 9.481188e-01 1.395563e-02 1.231452e+01 1.978852e-02 -2.134200e-02 9.995764e-01 -1.913916e+00
9.453882e-01 -3.249942e-01 -2.489800e-02 8.102715e+01 3.253888e-01 9.454796e-01 1.379117e-02 1.287761e+01 1.905851e-02 -2.113954e-02 9.995949e-01 -1.966692e+00
9.428257e-01 -3.323296e-01 -2.523341e-02 8.272073e+01 3.327456e-01 9.429053e-01 1.449788e-02 1.344834e+01 1.897464e-02 -2.206527e-02 9.995764e-01 -2.027792e+00
9.404200e-01 -3.389161e-01 -2.731559e-02 8.441757e+01 3.393942e-01 9.405214e-01 1.519942e-02 1.403891e+01 2.053957e-02 -2.356459e-02 9.995113e-01 -2.078145e+00
9.377352e-01 -3.463034e-01 -2.695555e-02 8.612608e+01 3.468070e-01 9.377846e-01 1.688391e-02 1.465209e+01 1.943155e-02 -2.518101e-02 9.994940e-01 -2.135668e+00
9.348099e-01 -3.540962e-01 -2.731864e-02 8.783199e+01 3.546053e-01 9.348674e-01 1.667580e-02 1.527540e+01 1.963447e-02 -2.527604e-02 9.994877e-01 -2.201095e+00
9.320793e-01 -3.613329e-01 -2.582017e-02 8.951995e+01 3.617965e-01 9.321159e-01 1.622197e-02 1.590793e+01 1.820586e-02 -2.446181e-02 9.995350e-01 -2.241521e+00
9.289201e-01 -3.694344e-01 -2.501330e-02 9.123121e+01 3.698883e-01 9.289244e-01 1.679058e-02 1.656584e+01 1.703245e-02 -2.484924e-02 9.995461e-01 -2.314154e+00
9.255884e-01 -3.777721e-01 -2.396501e-02 9.291668e+01 3.781428e-01 9.256514e-01 1.332832e-02 1.723300e+01 1.714818e-02 -2.139874e-02 9.996240e-01 -2.368064e+00
9.223492e-01 -3.855715e-01 -2.462929e-02 9.460663e+01 3.859512e-01 9.224279e-01 1.298478e-02 1.791492e+01 1.771218e-02 -2.148221e-02 9.996123e-01 -2.413675e+00
9.193771e-01 -3.923798e-01 -2.799652e-02 9.630777e+01 3.928626e-01 9.194853e-01 1.433651e-02 1.862556e+01 2.011704e-02 -2.417945e-02 9.995052e-01 -2.484424e+00
9.161894e-01 -3.996693e-01 -2.935186e-02 9.798544e+01 4.002470e-01 9.162443e-01 1.728746e-02 1.933573e+01 1.998421e-02 -2.758659e-02 9.994196e-01 -2.540318e+00
9.133120e-01 -4.060678e-01 -3.114694e-02 9.969045e+01 4.067057e-01 9.133874e-01 1.772231e-02 2.006159e+01 2.125276e-02 -2.885364e-02 9.993577e-01 -2.588097e+00
9.097143e-01 -4.141040e-01 -3.062196e-02 1.013629e+02 4.147636e-01 9.097199e-01 1.951895e-02 2.080198e+01 1.977453e-02 -3.045754e-02 9.993404e-01 -2.644409e+00
9.064347e-01 -4.215135e-01 -2.650382e-02 1.030660e+02 4.221095e-01 9.062411e-01 2.346535e-02 2.156819e+01 1.412788e-02 -3.245732e-02 9.993733e-01 -2.710162e+00
9.031945e-01 -4.284166e-01 -2.643459e-02 1.047794e+02 4.289949e-01 9.030277e-01 2.246282e-02 2.234562e+01 1.424772e-02 -3.162860e-02 9.993981e-01 -2.807901e+00
8.990211e-01 -4.368893e-01 -2.981306e-02 1.064785e+02 4.374286e-01 8.991345e-01 1.460212e-02 2.315546e+01 2.042645e-02 -2.616870e-02 9.994488e-01 -2.862454e+00
8.954900e-01 -4.440951e-01 -2.961681e-02 1.081769e+02 4.446375e-01 8.955857e-01 1.496733e-02 2.397392e+01 1.987747e-02 -2.657183e-02 9.994493e-01 -2.928891e+00
8.910855e-01 -4.526243e-01 -3.313404e-02 1.098672e+02 4.532916e-01 8.912156e-01 1.616845e-02 2.481625e+01 2.221134e-02 -2.942686e-02 9.993201e-01 -2.972008e+00
8.871850e-01 -4.602500e-01 -3.275162e-02 1.115642e+02 4.609240e-01 8.872776e-01 1.695799e-02 2.566029e+01 2.125486e-02 -3.014088e-02 9.993197e-01 -3.036960e+00
8.822027e-01 -4.696319e-01 -3.412118e-02 1.132300e+02 4.703009e-01 8.823814e-01 1.484102e-02 2.652667e+01 2.313807e-02 -2.914001e-02 9.993075e-01 -3.085674e+00
8.775380e-01 -4.784337e-01 -3.206829e-02 1.148965e+02 4.790251e-01 8.776911e-01 1.389627e-02 2.740811e+01 2.149762e-02 -2.755602e-02 9.993891e-01 -3.156814e+00
8.724885e-01 -4.875479e-01 -3.257005e-02 1.165569e+02 4.881666e-01 8.726308e-01 1.444365e-02 2.829665e+01 2.137966e-02 -2.850153e-02 9.993651e-01 -3.219303e+00
8.679914e-01 -4.956152e-01 -3.092780e-02 1.182103e+02 4.962294e-01 8.680335e-01 1.656188e-02 2.922318e+01 1.863805e-02 -2.972285e-02 9.993844e-01 -3.280543e+00
8.622822e-01 -5.053903e-01 -3.240329e-02 1.198479e+02 5.061232e-01 8.622169e-01 2.051890e-02 3.015843e+01 1.756862e-02 -3.409314e-02 9.992642e-01 -3.343688e+00
8.571808e-01 -5.141512e-01 -2.982755e-02 1.214786e+02 5.148142e-01 8.570271e-01 2.170747e-02 3.109562e+01 1.440209e-02 -3.396287e-02 9.993193e-01 -3.419074e+00
8.522924e-01 -5.223482e-01 -2.738710e-02 1.231181e+02 5.228928e-01 8.521880e-01 1.893351e-02 3.207579e+01 1.344908e-02 -3.045740e-02 9.994456e-01 -3.502107e+00
8.470775e-01 -5.306958e-01 -2.866559e-02 1.247420e+02 5.311610e-01 8.471909e-01 1.164772e-02 3.306015e+01 1.810383e-02 -2.509257e-02 9.995212e-01 -3.562629e+00
8.427729e-01 -5.374381e-01 -2.990163e-02 1.263416e+02 5.379161e-01 8.429314e-01 1.062682e-02 3.406408e+01 1.949376e-02 -2.504057e-02 9.994963e-01 -3.636602e+00
8.378432e-01 -5.447903e-01 -3.496200e-02 1.279254e+02 5.453993e-01 8.381116e-01 1.041368e-02 3.507508e+01 2.362878e-02 -2.779328e-02 9.993344e-01 -3.690241e+00
8.337201e-01 -5.510024e-01 -3.615537e-02 1.295208e+02 5.517704e-01 8.338467e-01 1.577882e-02 3.611858e+01 2.145387e-02 -3.310458e-02 9.992216e-01 -3.751740e+00
8.289006e-01 -5.579315e-01 -4.045138e-02 1.311054e+02 5.588483e-01 8.291203e-01 1.575885e-02 3.715918e+01 2.474669e-02 -3.566871e-02 9.990572e-01 -3.812389e+00
8.250360e-01 -5.637640e-01 -3.854617e-02 1.326820e+02 5.645515e-01 8.252943e-01 1.307835e-02 3.820973e+01 2.443883e-02 -3.255141e-02 9.991713e-01 -3.876558e+00
8.203599e-01 -5.705104e-01 -3.908239e-02 1.342422e+02 5.712315e-01 8.207315e-01 9.711614e-03 3.926663e+01 2.653557e-02 -3.029211e-02 9.991888e-01 -3.918340e+00
8.159318e-01 -5.769147e-01 -3.774499e-02 1.357951e+02 5.776713e-01 8.161705e-01 1.270583e-02 4.035088e+01 2.347617e-02 -3.217129e-02 9.992066e-01 -3.991518e+00
8.115928e-01 -5.827351e-01 -4.167699e-02 1.373389e+02 5.836605e-01 8.118761e-01 1.406081e-02 4.143588e+01 2.564283e-02 -3.573687e-02 9.990322e-01 -4.033731e+00
8.076557e-01 -5.880529e-01 -4.342868e-02 1.388857e+02 5.890551e-01 8.079633e-01 1.447395e-02 4.253854e+01 2.657733e-02 -3.727185e-02 9.989517e-01 -4.102496e+00
8.031535e-01 -5.942528e-01 -4.252245e-02 1.404313e+02 5.952857e-01 8.033348e-01 1.697703e-02 4.364795e+01 2.407111e-02 -3.894817e-02 9.989513e-01 -4.142935e+00
7.990091e-01 -6.000266e-01 -3.940229e-02 1.419587e+02 6.009839e-01 7.990351e-01 1.901724e-02 4.475379e+01 2.007296e-02 -3.887509e-02 9.990425e-01 -4.204522e+00
7.948275e-01 -6.059549e-01 -3.267797e-02 1.434973e+02 6.066458e-01 7.947726e-01 1.782327e-02 4.588531e+01 1.517145e-02 -3.399038e-02 9.993070e-01 -4.276548e+00
7.912524e-01 -6.106498e-01 -3.203850e-02 1.450128e+02 6.112643e-01 7.912968e-01 1.432917e-02 4.703131e+01 1.660186e-02 -3.092199e-02 9.993839e-01 -4.352956e+00
7.871701e-01 -6.159425e-01 -3.127280e-02 1.465180e+02 6.165189e-01 7.872260e-01 1.340639e-02 4.818366e+01 1.636120e-02 -2.983338e-02 9.994210e-01 -4.405875e+00
7.843245e-01 -6.194568e-01 -3.329168e-02 1.480229e+02 6.201631e-01 7.842770e-01 1.752230e-02 4.935351e+01 1.525560e-02 -3.438944e-02 9.992921e-01 -4.486451e+00
7.814822e-01 -6.230472e-01 -3.313269e-02 1.495118e+02 6.237944e-01 7.813101e-01 2.086505e-02 5.051209e+01 1.288699e-02 -3.697365e-02 9.992331e-01 -4.538314e+00
7.786283e-01 -6.266365e-01 -3.262989e-02 1.510103e+02 6.273527e-01 7.784797e-01 1.994253e-02 5.169198e+01 1.290499e-02 -3.599827e-02 9.992685e-01 -4.605884e+00
7.763439e-01 -6.296880e-01 -2.798220e-02 1.524907e+02 6.302125e-01 7.762380e-01 1.693702e-02 5.283944e+01 1.105580e-02 -3.078369e-02 9.994649e-01 -4.677600e+00
7.743213e-01 -6.322799e-01 -2.547062e-02 1.539607e+02 6.327382e-01 7.741555e-01 1.804941e-02 5.401944e+01 8.305939e-03 -3.009227e-02 9.995126e-01 -4.758719e+00
7.726087e-01 -6.344294e-01 -2.398249e-02 1.554288e+02 6.348361e-01 7.724576e-01 1.710274e-02 5.518756e+01 7.674973e-03 -2.843867e-02 9.995661e-01 -4.826064e+00
7.711733e-01 -6.362121e-01 -2.293172e-02 1.568904e+02 6.365762e-01 7.710607e-01 1.536590e-02 5.636672e+01 7.905778e-03 -2.644756e-02 9.996189e-01 -4.908374e+00
7.692230e-01 -6.385090e-01 -2.454008e-02 1.583308e+02 6.388762e-01 7.692237e-01 1.148723e-02 5.753419e+01 1.154211e-02 -2.451431e-02 9.996328e-01 -4.954646e+00
7.674339e-01 -6.407086e-01 -2.318661e-02 1.597599e+02 6.410493e-01 7.674043e-01 1.209445e-02 5.871577e+01 1.004449e-02 -2.414546e-02 9.996580e-01 -5.025081e+00
7.659587e-01 -6.425897e-01 -1.964132e-02 1.612045e+02 6.428727e-01 7.658033e-01 1.611953e-02 5.988708e+01 4.683144e-03 -2.497377e-02 9.996771e-01 -5.050745e+00
7.641473e-01 -6.447451e-01 -1.956272e-02 1.626145e+02 6.450418e-01 7.637889e-01 2.339447e-02 6.105563e+01 -1.416830e-04 -3.049559e-02 9.995349e-01 -5.158925e+00
7.629829e-01 -6.461887e-01 -1.724353e-02 1.640471e+02 6.464185e-01 7.626899e-01 2.114829e-02 6.222672e+01 -5.143210e-04 -2.728231e-02 9.996276e-01 -5.200816e+00
7.614510e-01 -6.480689e-01 -1.410693e-02 1.654158e+02 6.482214e-01 7.612302e-01 1.836796e-02 6.337828e+01 -1.165079e-03 -2.313071e-02 9.997318e-01 -5.290406e+00
7.600325e-01 -6.497254e-01 -1.440299e-02 1.668239e+02 6.498780e-01 7.599406e-01 1.220528e-02 6.454430e+01 3.015332e-03 -1.863660e-02 9.998218e-01 -5.343710e+00
7.610247e-01 -6.486671e-01 -8.505455e-03 1.681811e+02 6.487156e-01 7.608885e-01 1.471718e-02 6.568723e+01 -3.074850e-03 -1.671776e-02 9.998555e-01 -5.416002e+00
7.621792e-01 -6.471745e-01 -1.574694e-02 1.695479e+02 6.473460e-01 7.621218e-01 1.065221e-02 6.682862e+01 5.107249e-03 -1.831261e-02 9.998193e-01 -5.484670e+00
7.649366e-01 -6.440075e-01 -1.124014e-02 1.709121e+02 6.441049e-01 7.648447e-01 1.190098e-02 6.797718e+01 9.326381e-04 -1.634332e-02 9.998660e-01 -5.517615e+00
7.669357e-01 -6.415508e-01 -1.490809e-02 1.722771e+02 6.417202e-01 7.668042e-01 1.437482e-02 6.908707e+01 2.209413e-03 -2.059139e-02 9.997855e-01 -5.571048e+00
7.695100e-01 -6.385983e-01 -6.821921e-03 1.736409e+02 6.386044e-01 7.693255e-01 1.796123e-02 7.021260e+01 -6.221736e-03 -1.817786e-02 9.998154e-01 -5.634604e+00
7.714879e-01 -6.361031e-01 -1.338750e-02 1.750005e+02 6.362427e-01 7.713575e-01 1.423391e-02 7.129656e+01 1.272317e-03 -1.949899e-02 9.998091e-01 -5.715402e+00
7.734637e-01 -6.338006e-01 -7.129531e-03 1.763514e+02 6.338393e-01 7.733898e-01 1.075993e-02 7.239106e+01 -1.305740e-03 -1.284139e-02 9.999167e-01 -5.770354e+00
7.742894e-01 -6.327999e-01 -6.334367e-03 1.777005e+02 6.328291e-01 7.742195e-01 1.055327e-02 7.347098e+01 -1.773918e-03 -1.217986e-02 9.999242e-01 -5.808910e+00
7.759422e-01 -6.307946e-01 -3.448091e-03 1.790194e+02 6.307678e-01 7.758274e-01 1.496043e-02 7.452246e+01 -6.761836e-03 -1.378338e-02 9.998822e-01 -5.867188e+00
7.764891e-01 -6.301302e-01 -8.651107e-04 1.803556e+02 6.300317e-01 7.763420e-01 1.879437e-02 7.558243e+01 -1.117127e-02 -1.513867e-02 9.998230e-01 -5.920138e+00
7.768790e-01 -6.296499e-01 2.560443e-04 1.816914e+02 6.295443e-01 7.767558e-01 1.800103e-02 7.663672e+01 -1.153323e-02 -1.382343e-02 9.998379e-01 -6.014781e+00
7.765644e-01 -6.300277e-01 3.584562e-03 1.829997e+02 6.298903e-01 7.764931e-01 1.722475e-02 7.767593e+01 -1.363545e-02 -1.111824e-02 9.998452e-01 -6.060884e+00
7.762443e-01 -6.304152e-01 4.637590e-03 1.842996e+02 6.302993e-01 7.762107e-01 1.482497e-02 7.871523e+01 -1.294564e-02 -8.584729e-03 9.998794e-01 -6.131048e+00
7.759872e-01 -6.307032e-01 7.575113e-03 1.856290e+02 6.305612e-01 7.759935e-01 1.505804e-02 7.976790e+01 -1.537539e-02 -6.908271e-03 9.998579e-01 -6.181194e+00
7.762285e-01 -6.304305e-01 5.162907e-03 1.869392e+02 6.303186e-01 7.762067e-01 1.418714e-02 8.081225e+01 -1.295149e-02 -7.758189e-03 9.998860e-01 -6.245439e+00
7.755139e-01 -6.312518e-01 9.965612e-03 1.882492e+02 6.310648e-01 7.755489e-01 1.676499e-02 8.185632e+01 -1.831175e-02 -6.712537e-03 9.998098e-01 -6.298429e+00
7.754546e-01 -6.313521e-01 8.040754e-03 1.895471e+02 6.311609e-01 7.754468e-01 1.783146e-02 8.288337e+01 -1.749311e-02 -8.752478e-03 9.998087e-01 -6.353046e+00
7.751287e-01 -6.317221e-01 1.013364e-02 1.908391e+02 6.314982e-01 7.751533e-01 1.864726e-02 8.392307e+01 -1.963500e-02 -8.054657e-03 9.997748e-01 -6.422870e+00
7.750046e-01 -6.318640e-01 1.076575e-02 1.921491e+02 6.316196e-01 7.750354e-01 1.940919e-02 8.496471e+01 -2.060780e-02 -8.242348e-03 9.997537e-01 -6.475182e+00
7.751634e-01 -6.316860e-01 9.716139e-03 1.934362e+02 6.314418e-01 7.751690e-01 1.985213e-02 8.598655e+01 -2.007196e-02 -9.253468e-03 9.997557e-01 -6.559906e+00
7.744750e-01 -6.325284e-01 9.813696e-03 1.947364e+02 6.322799e-01 7.744812e-01 2.002258e-02 8.703191e+01 -2.026538e-02 -9.301987e-03 9.997514e-01 -6.606541e+00
7.745946e-01 -6.323428e-01 1.207224e-02 1.960130e+02 6.320622e-01 7.746439e-01 2.059274e-02 8.804550e+01 -2.237336e-02 -8.320622e-03 9.997150e-01 -6.685299e+00
7.738904e-01 -6.331616e-01 1.414053e-02 1.972957e+02 6.328722e-01 7.739902e-01 2.030446e-02 8.907442e+01 -2.380063e-02 -6.764278e-03 9.996938e-01 -6.739131e+00
7.737565e-01 -6.333283e-01 1.400867e-02 1.985869e+02 6.330650e-01 7.738601e-01 1.922118e-02 9.010130e+01 -2.301406e-02 -6.004120e-03 9.997171e-01 -6.804566e+00
7.737160e-01 -6.332901e-01 1.752765e-02 1.998612e+02 6.329586e-01 7.738966e-01 2.115906e-02 9.112328e+01 -2.696441e-02 -5.276827e-03 9.996225e-01 -6.866485e+00
7.733107e-01 -6.337939e-01 1.720425e-02 2.011274e+02 6.334754e-01 7.734849e-01 2.073758e-02 9.214145e+01 -2.645058e-02 -5.138127e-03 9.996369e-01 -6.923020e+00
7.729002e-01 -6.342294e-01 1.945493e-02 2.024175e+02 6.338962e-01 7.731354e-01 2.090726e-02 9.317383e+01 -2.830130e-02 -3.826813e-03 9.995921e-01 -7.002100e+00
7.724323e-01 -6.348484e-01 1.777381e-02 2.036800e+02 6.345475e-01 7.726256e-01 1.998098e-02 9.418983e+01 -2.641739e-02 -4.155622e-03 9.996424e-01 -7.060472e+00
7.720423e-01 -6.353422e-01 1.705771e-02 2.049458e+02 6.350384e-01 7.722160e-01 2.021750e-02 9.520700e+01 -2.601726e-02 -4.776464e-03 9.996501e-01 -7.131186e+00
7.712954e-01 -6.362894e-01 1.546699e-02 2.062046e+02 6.359816e-01 7.714260e-01 2.072063e-02 9.622653e+01 -2.511596e-02 -6.145007e-03 9.996657e-01 -7.188051e+00
7.707782e-01 -6.369341e-01 1.469340e-02 2.074673e+02 6.365977e-01 7.708802e-01 2.206750e-02 9.724215e+01 -2.538239e-02 -7.655367e-03 9.996485e-01 -7.264524e+00
7.700112e-01 -6.379015e-01 1.281878e-02 2.087183e+02 6.375760e-01 7.700658e-01 2.226547e-02 9.827003e+01 -2.407448e-02 -8.971715e-03 9.996699e-01 -7.318556e+00
7.700309e-01 -6.378720e-01 1.309966e-02 2.099592e+02 6.375833e-01 7.701055e-01 2.061194e-02 9.926994e+01 -2.323591e-02 -7.519708e-03 9.997017e-01 -7.399806e+00
7.694132e-01 -6.386482e-01 1.148299e-02 2.112110e+02 6.383771e-01 7.694534e-01 2.040167e-02 1.002869e+02 -2.186512e-02 -8.366832e-03 9.997259e-01 -7.472674e+00
7.686790e-01 -6.395222e-01 1.199825e-02 2.124537e+02 6.392974e-01 7.687473e-01 1.805950e-02 1.013098e+02 -2.077307e-02 -6.211506e-03 9.997649e-01 -7.526814e+00
7.687621e-01 -6.394301e-01 1.157211e-02 2.136799e+02 6.392356e-01 7.688301e-01 1.667967e-02 1.023079e+02 -1.956247e-02 -5.425390e-03 9.997939e-01 -7.576133e+00
7.683402e-01 -6.399548e-01 1.054710e-02 2.149027e+02 6.397651e-01 7.683880e-01 1.673597e-02 1.033025e+02 -1.881453e-02 -6.111246e-03 9.998043e-01 -7.645710e+00
7.681042e-01 -6.402149e-01 1.186643e-02 2.161201e+02 6.399725e-01 7.681643e-01 1.893722e-02 1.042978e+02 -2.123926e-02 -6.951571e-03 9.997503e-01 -7.694446e+00
7.679235e-01 -6.404145e-01 1.275925e-02 2.173325e+02 6.401608e-01 7.680014e-01 1.918283e-02 1.052955e+02 -2.208409e-02 -6.562979e-03 9.997346e-01 -7.760932e+00
7.677369e-01 -6.406863e-01 1.005884e-02 2.185407e+02 6.404492e-01 7.677567e-01 1.935723e-02 1.062820e+02 -2.012465e-02 -8.419085e-03 9.997621e-01 -7.830678e+00
7.674025e-01 -6.410909e-01 9.796487e-03 2.197398e+02 6.409091e-01 7.674382e-01 1.656701e-02 1.072601e+02 -1.813915e-02 -6.434908e-03 9.998147e-01 -7.882532e+00
7.669127e-01 -6.416537e-01 1.119546e-02 2.209259e+02 6.414526e-01 7.669711e-01 1.713271e-02 1.082409e+02 -1.957987e-02 -5.957935e-03 9.997905e-01 -7.940372e+00
7.668148e-01 -6.418115e-01 8.551272e-03 2.221102e+02 6.416515e-01 7.668340e-01 1.577912e-02 1.092045e+02 -1.668462e-02 -6.612726e-03 9.998389e-01 -8.009548e+00
7.667297e-01 -6.418949e-01 9.820442e-03 2.232926e+02 6.417191e-01 7.667679e-01 1.623332e-02 1.101739e+02 -1.795008e-02 -6.144601e-03 9.998200e-01 -8.054153e+00
7.662730e-01 -6.424249e-01 1.077014e-02 2.244531e+02 6.422456e-01 7.663293e-01 1.612085e-02 1.111345e+02 -1.860991e-02 -5.435897e-03 9.998121e-01 -8.110667e+00
7.659462e-01 -6.428413e-01 9.021293e-03 2.256211e+02 6.426673e-01 7.659692e-01 1.642541e-02 1.120905e+02 -1.746896e-02 -6.783288e-03 9.998244e-01 -8.162691e+00
7.656736e-01 -6.431601e-01 9.433564e-03 2.267714e+02 6.429687e-01 7.656984e-01 1.723809e-02 1.130381e+02 -1.831011e-02 -7.133263e-03 9.998069e-01 -8.227700e+00
7.657200e-01 -6.431149e-01 8.719198e-03 2.279220e+02 6.429605e-01 7.657448e-01 1.538582e-02 1.139868e+02 -1.657153e-02 -6.175132e-03 9.998436e-01 -8.275115e+00
7.654252e-01 -6.434721e-01 8.241689e-03 2.290731e+02 6.433558e-01 7.654549e-01 1.311479e-02 1.149345e+02 -1.474764e-02 -4.736052e-03 9.998800e-01 -8.339500e+00
7.656375e-01 -6.432351e-01 6.905244e-03 2.302092e+02 6.431144e-01 7.656435e-01 1.393457e-02 1.158764e+02 -1.425016e-02 -6.227965e-03 9.998791e-01 -8.377328e+00
7.658058e-01 -6.430384e-01 6.558480e-03 2.313566e+02 6.429390e-01 7.658151e-01 1.251514e-02 1.168137e+02 -1.307030e-02 -5.367466e-03 9.999002e-01 -8.428414e+00
7.660320e-01 -6.427509e-01 8.147372e-03 2.324931e+02 6.426233e-01 7.660563e-01 1.389938e-02 1.177533e+02 -1.517518e-02 -5.411680e-03 9.998702e-01 -8.474273e+00
7.667447e-01 -6.419260e-01 5.793757e-03 2.336345e+02 6.418090e-01 7.667331e-01 1.419152e-02 1.186823e+02 -1.355217e-02 -7.162789e-03 9.998825e-01 -8.528373e+00
7.676433e-01 -6.408189e-01 8.650979e-03 2.347662e+02 6.406648e-01 7.676665e-01 1.539224e-02 1.196121e+02 -1.650471e-02 -6.273376e-03 9.998441e-01 -8.586119e+00
7.684655e-01 -6.398613e-01 6.185945e-03 2.359167e+02 6.397156e-01 7.684451e-01 1.599550e-02 1.205461e+02 -1.498846e-02 -8.334739e-03 9.998530e-01 -8.627480e+00
7.689917e-01 -6.392151e-01 7.474768e-03 2.370473e+02 6.390916e-01 7.690054e-01 1.387609e-02 1.214833e+02 -1.461794e-02 -5.893536e-03 9.998758e-01 -8.661851e+00
7.696561e-01 -6.384489e-01 3.541327e-03 2.381916e+02 6.383590e-01 7.696222e-01 1.339969e-02 1.224148e+02 -1.128050e-02 -8.052513e-03 9.999040e-01 -8.725616e+00
7.700226e-01 -6.380100e-01 2.877739e-03 2.393326e+02 6.379386e-01 7.699914e-01 1.215878e-02 1.233540e+02 -9.973261e-03 -7.526719e-03 9.999219e-01 -8.758531e+00
7.707071e-01 -6.371889e-01 -8.321572e-04 2.404750e+02 6.371548e-01 7.706509e-01 1.144194e-02 1.242780e+02 -6.649374e-03 -9.348596e-03 9.999342e-01 -8.815101e+00
7.710953e-01 -6.367197e-01 -6.680028e-05 2.416078e+02 6.366868e-01 7.710544e-01 1.024489e-02 1.251946e+02 -6.471619e-03 -7.942319e-03 9.999475e-01 -8.844163e+00
7.710397e-01 -6.367796e-01 -3.095133e-03 2.427468e+02 6.367738e-01 7.709830e-01 1.022770e-02 1.261117e+02 -4.126493e-03 -9.856857e-03 9.999429e-01 -8.911911e+00
7.711941e-01 -6.365988e-01 -1.310308e-03 2.438860e+02 6.365654e-01 7.711289e-01 1.203544e-02 1.270431e+02 -6.651327e-03 -1.011575e-02 9.999267e-01 -8.933960e+00
7.713600e-01 -6.363708e-01 -5.989664e-03 2.450058e+02 6.363906e-01 7.712673e-01 1.240680e-02 1.279658e+02 -3.275696e-03 -1.338188e-02 9.999051e-01 -8.983557e+00
7.712666e-01 -6.364907e-01 -5.233704e-03 2.461439e+02 6.365103e-01 7.712176e-01 8.848076e-03 1.288846e+02 -1.595394e-03 -1.015553e-02 9.999471e-01 -9.035479e+00
7.711922e-01 -6.365791e-01 -5.445460e-03 2.472742e+02 6.366016e-01 7.711499e-01 8.141104e-03 1.298094e+02 -9.831917e-04 -9.744944e-03 9.999520e-01 -9.055723e+00
7.712090e-01 -6.365547e-01 -5.903419e-03 2.484052e+02 6.365809e-01 7.711918e-01 5.285703e-03 1.307203e+02 1.188030e-03 -7.834386e-03 9.999686e-01 -9.103426e+00
7.708930e-01 -6.369522e-01 -3.994457e-03 2.495362e+02 6.369635e-01 7.708642e-01 6.774883e-03 1.316381e+02 -1.236092e-03 -7.767033e-03 9.999691e-01 -9.146462e+00
7.708718e-01 -6.369625e-01 -5.959429e-03 2.506605e+02 6.369900e-01 7.708485e-01 6.047015e-03 1.325504e+02 7.420948e-04 -8.457569e-03 9.999639e-01 -9.175679e+00
7.707760e-01 -6.370879e-01 -4.825010e-03 2.517829e+02 6.371062e-01 7.707523e-01 6.024204e-03 1.334557e+02 -1.190596e-04 -7.717356e-03 9.999702e-01 -9.214269e+00
7.708223e-01 -6.370344e-01 -4.501410e-03 2.529061e+02 6.370500e-01 7.707956e-01 6.454836e-03 1.343653e+02 -6.422856e-04 -7.843154e-03 9.999691e-01 -9.249999e+00
7.705599e-01 -6.373658e-01 -1.492841e-03 2.540283e+02 6.373547e-01 7.705275e-01 8.160342e-03 1.352836e+02 -4.050848e-03 -7.239501e-03 9.999656e-01 -9.293299e+00
7.704107e-01 -6.375164e-01 -6.343609e-03 2.551400e+02 6.375456e-01 7.703966e-01 4.980242e-03 1.361987e+02 1.712108e-03 -7.881172e-03 9.999675e-01 -9.327262e+00
7.700466e-01 -6.379683e-01 -4.961357e-03 2.562686e+02 6.379712e-01 7.700593e-01 -1.197902e-03 1.371254e+02 4.584763e-03 -2.242763e-03 9.999869e-01 -9.362311e+00
7.697910e-01 -6.382175e-01 -1.001050e-02 2.573857e+02 6.382480e-01 7.698308e-01 -1.835569e-04 1.380264e+02 7.823542e-03 -6.247883e-03 9.999499e-01 -9.379541e+00
7.694175e-01 -6.386670e-01 -1.006054e-02 2.584935e+02 6.387295e-01 7.694159e-01 4.877413e-03 1.389321e+02 4.625696e-03 -1.017873e-02 9.999375e-01 -9.414885e+00
7.692837e-01 -6.387882e-01 -1.234029e-02 2.596067e+02 6.389014e-01 7.692169e-01 1.050215e-02 1.398302e+02 2.783710e-03 -1.596336e-02 9.998687e-01 -9.439506e+00
7.689396e-01 -6.392189e-01 -1.145380e-02 2.607225e+02 6.393164e-01 7.688817e-01 9.775214e-03 1.407456e+02 2.558116e-03 -1.483915e-02 9.998866e-01 -9.494238e+00
7.688254e-01 -6.393588e-01 -1.131117e-02 2.618297e+02 6.394501e-01 7.687871e-01 8.374527e-03 1.416465e+02 3.341552e-03 -1.367148e-02 9.999009e-01 -9.539586e+00
7.682062e-01 -6.400782e-01 -1.261233e-02 2.629502e+02 6.401332e-01 7.682638e-01 4.168916e-04 1.425627e+02 9.422754e-03 -8.393830e-03 9.999204e-01 -9.568438e+00
7.682995e-01 -6.399597e-01 -1.294413e-02 2.640632e+02 6.399933e-01 7.683783e-01 -1.890701e-03 1.434753e+02 1.115596e-02 -6.831530e-03 9.999144e-01 -9.606513e+00
7.685711e-01 -6.395370e-01 -1.705750e-02 2.651691e+02 6.396103e-01 7.686980e-01 -1.454570e-03 1.443684e+02 1.404232e-02 -9.792212e-03 9.998534e-01 -9.626575e+00
7.691631e-01 -6.389018e-01 -1.387993e-02 2.662838e+02 6.389657e-01 7.692353e-01 2.241903e-04 1.452828e+02 1.053370e-02 -9.041240e-03 9.999036e-01 -9.646012e+00
7.694687e-01 -6.385058e-01 -1.511353e-02 2.674162e+02 6.385379e-01 7.695837e-01 -3.221905e-03 1.461937e+02 1.368833e-02 -7.171409e-03 9.998806e-01 -9.676682e+00
7.691191e-01 -6.389779e-01 -1.276877e-02 2.685368e+02 6.389513e-01 7.692189e-01 -6.593875e-03 1.471052e+02 1.403532e-02 -3.087146e-03 9.998967e-01 -9.690613e+00
7.689421e-01 -6.390822e-01 -1.737648e-02 2.696448e+02 6.391045e-01 7.691038e-01 -4.963327e-03 1.480091e+02 1.653629e-02 -7.288877e-03 9.998367e-01 -9.732806e+00
7.687082e-01 -6.392909e-01 -1.987111e-02 2.707560e+02 6.393657e-01 7.688962e-01 -3.157431e-03 1.489137e+02 1.729734e-02 -1.027776e-02 9.997976e-01 -9.738521e+00
7.688735e-01 -6.389596e-01 -2.375283e-02 2.718718e+02 6.391308e-01 7.690978e-01 -4.961551e-04 1.498388e+02 1.858527e-02 -1.479968e-02 9.997177e-01 -9.757976e+00
7.683198e-01 -6.396201e-01 -2.389019e-02 2.729827e+02 6.397679e-01 7.685661e-01 -1.837163e-03 1.507545e+02 1.953627e-02 -1.387265e-02 9.997129e-01 -9.779937e+00
7.680445e-01 -6.399378e-01 -2.423462e-02 2.741107e+02 6.400904e-01 7.682974e-01 -1.842177e-03 1.516653e+02 1.979828e-02 -1.409747e-02 9.997046e-01 -9.821277e+00
7.672405e-01 -6.409549e-01 -2.277723e-02 2.752376e+02 6.410380e-01 7.674966e-01 -4.402910e-03 1.525813e+02 2.030351e-02 -1.122298e-02 9.997309e-01 -9.825587e+00
7.669306e-01 -6.412554e-01 -2.467607e-02 2.763539e+02 6.413799e-01 7.672154e-01 -3.532575e-03 1.535205e+02 2.119714e-02 -1.311750e-02 9.996893e-01 -9.863914e+00
7.662876e-01 -6.420140e-01 -2.492713e-02 2.774675e+02 6.421281e-01 7.665859e-01 -4.180484e-03 1.544468e+02 2.179272e-02 -1.280296e-02 9.996805e-01 -9.881797e+00
7.654047e-01 -6.429455e-01 -2.786854e-02 2.785906e+02 6.431286e-01 7.657523e-01 -2.987821e-03 1.553672e+02 2.326140e-02 -1.563617e-02 9.996071e-01 -9.911759e+00
7.645502e-01 -6.439654e-01 -2.777751e-02 2.797182e+02 6.441197e-01 7.649133e-01 -4.170671e-03 1.563028e+02 2.393316e-02 -1.470336e-02 9.996054e-01 -9.908902e+00
7.628148e-01 -6.457560e-01 -3.335962e-02 2.808362e+02 6.459863e-01 7.633342e-01 -4.786370e-03 1.572504e+02 2.855536e-02 -1.789874e-02 9.994320e-01 -9.952375e+00
7.610024e-01 -6.479129e-01 -3.292920e-02 2.819820e+02 6.480893e-01 7.615373e-01 -6.444036e-03 1.581878e+02 2.925198e-02 -1.643713e-02 9.994369e-01 -9.976930e+00
7.591027e-01 -6.498011e-01 -3.900792e-02 2.831003e+02 6.502212e-01 7.597411e-01 -2.455833e-03 1.591493e+02 3.123172e-02 -2.349954e-02 9.992359e-01 -9.972732e+00
7.568055e-01 -6.521401e-01 -4.425681e-02 2.842266e+02 6.526133e-01 7.576762e-01 -4.741668e-03 1.601271e+02 3.662457e-02 -2.529407e-02 9.990090e-01 -1.000202e+01
7.545975e-01 -6.547309e-01 -4.370402e-02 2.853776e+02 6.553277e-01 7.553442e-01 -8.819867e-04 1.610780e+02 3.358904e-02 -2.797491e-02 9.990441e-01 -1.002950e+01
7.524330e-01 -6.570991e-01 -4.544606e-02 2.865074e+02 6.578765e-01 7.531202e-01 2.935181e-03 1.620725e+02 3.229764e-02 -3.210642e-02 9.989625e-01 -1.001388e+01
7.502050e-01 -6.598260e-01 -4.268394e-02 2.876648e+02 6.605747e-01 7.507449e-01 4.810896e-03 1.630559e+02 2.887040e-02 -3.180509e-02 9.990770e-01 -1.007542e+01
7.480536e-01 -6.622583e-01 -4.277655e-02 2.888300e+02 6.629754e-01 7.486327e-01 3.575047e-03 1.640701e+02 2.965632e-02 -3.103413e-02 9.990783e-01 -1.007952e+01
7.459759e-01 -6.647363e-01 -4.056786e-02 2.899879e+02 6.653258e-01 7.465519e-01 1.400596e-03 1.650737e+02 2.935499e-02 -2.803566e-02 9.991758e-01 -1.012951e+01
7.442272e-01 -6.666546e-01 -4.120158e-02 2.911452e+02 6.671555e-01 7.449155e-01 -2.089206e-03 1.660861e+02 3.208447e-02 -2.593302e-02 9.991487e-01 -1.013052e+01
7.421916e-01 -6.689671e-01 -4.042974e-02 2.923274e+02 6.691831e-01 7.430313e-01 -9.927558e-03 1.671345e+02 3.668177e-02 -1.968675e-02 9.991331e-01 -1.016492e+01
7.404342e-01 -6.708196e-01 -4.193153e-02 2.934998e+02 6.709119e-01 7.414064e-01 -1.392417e-02 1.681720e+02 4.042891e-02 -1.782243e-02 9.990234e-01 -1.015762e+01
7.377504e-01 -6.734404e-01 -4.693045e-02 2.946614e+02 6.735848e-01 7.389569e-01 -1.504277e-02 1.692340e+02 4.480998e-02 -2.051383e-02 9.987849e-01 -1.020555e+01
7.354264e-01 -6.755143e-01 -5.318355e-02 2.958399e+02 6.758237e-01 7.369176e-01 -1.466242e-02 1.702996e+02 4.909656e-02 -2.515957e-02 9.984771e-01 -1.019535e+01
7.331678e-01 -6.770946e-01 -6.330908e-02 2.970038e+02 6.771473e-01 7.354594e-01 -2.389795e-02 1.713781e+02 6.274243e-02 -2.534836e-02 9.977078e-01 -1.018938e+01
7.298219e-01 -6.806656e-01 -6.367374e-02 2.981911e+02 6.806285e-01 7.321801e-01 -2.563464e-02 1.724564e+02 6.406926e-02 -2.462943e-02 9.976415e-01 -1.016575e+01
7.276183e-01 -6.832263e-01 -6.142705e-02 2.993654e+02 6.835713e-01 7.296492e-01 -1.850201e-02 1.735327e+02 5.746125e-02 -2.852737e-02 9.979401e-01 -1.016883e+01
7.250420e-01 -6.866838e-01 -5.272009e-02 3.005540e+02 6.872984e-01 7.263278e-01 -8.295801e-03 1.746216e+02 4.398866e-02 -3.021963e-02 9.985749e-01 -1.018508e+01
7.217170e-01 -6.901342e-01 -5.328500e-02 3.017415e+02 6.909152e-01 7.229185e-01 -4.986743e-03 1.757230e+02 4.196224e-02 -3.321639e-02 9.985669e-01 -1.014490e+01
7.182271e-01 -6.942755e-01 -4.616711e-02 3.029335e+02 6.946479e-01 7.192799e-01 -1.003804e-02 1.768663e+02 4.017624e-02 -2.486029e-02 9.988833e-01 -1.018481e+01
7.146671e-01 -6.980914e-01 -4.380967e-02 3.041383e+02 6.983736e-01 7.156483e-01 -1.103295e-02 1.779934e+02 3.905433e-02 -2.271063e-02 9.989790e-01 -1.016509e+01
7.115841e-01 -7.013960e-01 -4.112983e-02 3.053251e+02 7.015495e-01 7.125021e-01 -1.300038e-02 1.791496e+02 3.842351e-02 -1.960374e-02 9.990692e-01 -1.019808e+01
7.080901e-01 -7.050406e-01 -3.906540e-02 3.065273e+02 7.051981e-01 7.089097e-01 -1.193839e-02 1.803221e+02 3.611090e-02 -1.909539e-02 9.991654e-01 -1.020497e+01
7.051219e-01 -7.079708e-01 -3.975530e-02 3.077224e+02 7.080171e-01 7.060289e-01 -1.533234e-02 1.815002e+02 3.892324e-02 -1.733625e-02 9.990918e-01 -1.017456e+01
7.016743e-01 -7.114715e-01 -3.822912e-02 3.089276e+02 7.113753e-01 7.025704e-01 -1.844067e-02 1.826952e+02 3.997866e-02 -1.425591e-02 9.990988e-01 -1.020532e+01
6.995659e-01 -7.135603e-01 -3.793825e-02 3.101401e+02 7.134606e-01 7.004513e-01 -1.849010e-02 1.838919e+02 3.976770e-02 -1.413240e-02 9.991090e-01 -1.017394e+01
6.968225e-01 -7.163118e-01 -3.654764e-02 3.113470e+02 7.160507e-01 6.976974e-01 -2.212582e-02 1.851212e+02 4.134819e-02 -1.075219e-02 9.990869e-01 -1.019749e+01
6.940503e-01 -7.188383e-01 -3.956848e-02 3.125478e+02 7.186075e-01 6.950570e-01 -2.233721e-02 1.863447e+02 4.355920e-02 -1.293106e-02 9.989672e-01 -1.016701e+01
6.918380e-01 -7.208760e-01 -4.120588e-02 3.137525e+02 7.205816e-01 6.929444e-01 -2.429686e-02 1.875876e+02 4.606841e-02 -1.288271e-02 9.988552e-01 -1.017528e+01
6.891463e-01 -7.233839e-01 -4.234396e-02 3.149610e+02 7.231754e-01 6.902858e-01 -2.286145e-02 1.888255e+02 4.576705e-02 -1.486723e-02 9.988415e-01 -1.014573e+01
6.872815e-01 -7.250314e-01 -4.442340e-02 3.161640e+02 7.249785e-01 6.884732e-01 -2.026862e-02 1.900804e+02 4.527971e-02 -1.827576e-02 9.988071e-01 -1.015578e+01
6.847638e-01 -7.274048e-01 -4.450615e-02 3.173797e+02 7.273957e-01 6.859434e-01 -1.941889e-02 1.913283e+02 4.465410e-02 -1.907623e-02 9.988204e-01 -1.013220e+01
6.824180e-01 -7.295523e-01 -4.537715e-02 3.185894e+02 7.294258e-01 6.836931e-01 -2.239993e-02 1.926006e+02 4.736596e-02 -1.781315e-02 9.987187e-01 -1.012718e+01
6.801629e-01 -7.318295e-01 -4.247442e-02 3.197946e+02 7.316257e-01 6.813147e-01 -2.310768e-02 1.938643e+02 4.584933e-02 -1.535839e-02 9.988303e-01 -1.012546e+01
6.778365e-01 -7.338905e-01 -4.407222e-02 3.210014e+02 7.337333e-01 6.790569e-01 -2.274108e-02 1.951571e+02 4.661701e-02 -1.692252e-02 9.987695e-01 -1.010919e+01
6.764868e-01 -7.352402e-01 -4.227811e-02 3.222080e+02 7.350657e-01 6.776216e-01 -2.252543e-02 1.964324e+02 4.521016e-02 -1.583903e-02 9.988519e-01 -1.011303e+01
6.743832e-01 -7.370992e-01 -4.349884e-02 3.234043e+02 7.369791e-01 6.755626e-01 -2.184289e-02 1.977124e+02 4.548656e-02 -1.732726e-02 9.988146e-01 -1.009732e+01
6.726856e-01 -7.386515e-01 -4.345102e-02 3.246137e+02 7.384760e-01 6.738842e-01 -2.309130e-02 1.989973e+02 4.633738e-02 -1.655435e-02 9.987887e-01 -1.008964e+01
6.705004e-01 -7.408158e-01 -4.026516e-02 3.258035e+02 7.406200e-01 6.715467e-01 -2.251181e-02 2.003021e+02 4.371704e-02 -1.472701e-02 9.989354e-01 -1.007617e+01
6.686396e-01 -7.425045e-01 -4.010079e-02 3.270127e+02 7.423914e-01 6.696500e-01 -2.059290e-02 2.016030e+02 4.214381e-02 -1.600125e-02 9.989834e-01 -1.007334e+01
6.669061e-01 -7.442558e-01 -3.632633e-02 3.282102e+02 7.442744e-01 6.676892e-01 -1.570385e-02 2.029166e+02 3.594238e-02 -1.656377e-02 9.992166e-01 -1.005437e+01
6.656536e-01 -7.452549e-01 -3.873278e-02 3.294243e+02 7.453300e-01 6.665188e-01 -1.535676e-02 2.042359e+02 3.726083e-02 -1.864642e-02 9.991316e-01 -1.005567e+01
6.648250e-01 -7.463111e-01 -3.205186e-02 3.306561e+02 7.460551e-01 6.655297e-01 -2.172244e-02 2.055706e+02 3.754317e-02 -9.470832e-03 9.992501e-01 -1.006172e+01
6.636895e-01 -7.470618e-01 -3.761594e-02 3.318982e+02 7.465904e-01 6.646882e-01 -2.815147e-02 2.069159e+02 4.603375e-02 -9.399865e-03 9.988956e-01 -1.007670e+01
6.626803e-01 -7.487035e-01 -1.725982e-02 3.331041e+02 7.482178e-01 6.628838e-01 -2.748097e-02 2.082684e+02 3.201636e-02 5.296988e-03 9.994733e-01 -9.986487e+00
6.615773e-01 -7.496200e-01 -1.962599e-02 3.343386e+02 7.493327e-01 6.618677e-01 -2.077370e-02 2.096237e+02 2.856219e-02 -9.629894e-04 9.995915e-01 -9.998900e+00
6.608576e-01 -7.504110e-01 -1.227241e-02 3.355569e+02 7.502061e-01 6.609669e-01 -1.771441e-02 2.109879e+02 2.140475e-02 2.499862e-03 9.997678e-01 -9.983276e+00
6.604797e-01 -7.505794e-01 -1.993114e-02 3.368257e+02 7.503301e-01 6.607770e-01 -1.945834e-02 2.124012e+02 2.777507e-02 -2.103089e-03 9.996120e-01 -1.000633e+01
6.589841e-01 -7.519820e-01 -1.621723e-02 3.380415e+02 7.518430e-01 6.591789e-01 -1.467575e-02 2.137879e+02 2.172596e-02 -2.521722e-03 9.997608e-01 -9.983780e+00
6.584044e-01 -7.522321e-01 -2.550447e-02 3.392965e+02 7.521351e-01 6.588342e-01 -1.517888e-02 2.151805e+02 2.822125e-02 -9.188965e-03 9.995595e-01 -9.996479e+00
