1.000000e+00 0.000000e+00 0.000000e+00 0.000000e+00 0.000000e+00 1.000000e+00 0.000000e+00 0.000000e+00 0.000000e+00 0.000000e+00 1.000000e+00 0.000000e+00
9.999830e-01 5.591354e-03 -1.637170e-03 1.050858e+00 -5.598606e-03 9.999744e-01 -4.458757e-03 -3.363078e-02 1.612198e-03 4.467847e-03 9.999887e-01 2.646728e-02
9.999189e-01 7.657110e-03 1.017147e-02 1.537946e+00 -7.666225e-03 9.999702e-01 8.574349e-04 -4.806565e-02 -1.016460e-02 -9.353422e-04 9.999479e-01 6.123439e-02
9.998708e-01 7.177860e-03 1.438068e-02 1.516688e+00 -7.167108e-03 9.999740e-01 -7.990869e-04 -6.707872e-02 -1.438604e-02 6.959158e-04 9.998963e-01 1.075733e-01
9.997473e-01 1.079723e-02 1.971642e-02 1.716350e+00 -1.076685e-02 9.999406e-01 -1.646436e-03 -8.715856e-02 -1.973303e-02 1.433736e-03 9.998043e-01 1.433041e-01
9.996508e-01 1.080459e-02 2.411642e-02 1.885889e+00 -1.074217e-02 9.999386e-01 -2.716044e-03 -8.546021e-02 -2.414429e-02 2.456033e-03 9.997055e-01 1.300490e-01
9.994206e-01 1.422227e-02 3.092362e-02 2.262081e+00 -1.428700e-02 9.998960e-01 1.873372e-03 -1.221975e-01 -3.089376e-02 -2.314093e-03 9.995200e-01 1.571779e-01
9.993165e-01 1.794150e-02 3.232230e-02 3.058066e+00 -1.802466e-02 9.998349e-01 2.283092e-03 -1.767895e-01 -3.227600e-02 -2.864129e-03 9.994749e-01 1.600321e-01
9.992856e-01 1.837899e-02 3.302266e-02 3.895026e+00 -1.853408e-02 9.998187e-01 4.396525e-03 -2.160584e-01 -3.293587e-02 -5.005429e-03 9.994450e-01 1.934447e-01
9.992650e-01 1.590013e-02 3.487936e-02 3.952645e+00 -1.609506e-02 9.998562e-01 5.315065e-03 -2.288559e-01 -3.478984e-02 -5.872543e-03 9.993774e-01 2.533856e-01
9.991817e-01 1.909027e-02 3.565595e-02 3.962970e+00 -1.920228e-02 9.998118e-01 2.801509e-03 -2.607418e-01 -3.559576e-02 -3.483892e-03 9.993602e-01 3.135166e-01
9.991258e-01 2.136242e-02 3.593472e-02 4.135592e+00 -2.150808e-02 9.997618e-01 3.671566e-03 -3.112388e-01 -3.584773e-02 -4.441243e-03 9.993474e-01 3.103161e-01
9.990132e-01 2.212587e-02 3.851143e-02 4.436566e+00 -2.232737e-02 9.997392e-01 4.810032e-03 -3.403283e-01 -3.839495e-02 -5.665144e-03 9.992466e-01 3.251337e-01
9.988979e-01 2.307775e-02 4.087181e-02 4.878158e+00 -2.366030e-02 9.996245e-01 1.382726e-02 -3.829341e-01 -4.053736e-02 -1.477906e-02 9.990687e-01 3.740397e-01
9.989650e-01 1.965606e-02 4.101992e-02 4.927881e+00 -2.022987e-02 9.997025e-01 1.362066e-02 -4.115951e-01 -4.074000e-02 -1.443639e-02 9.990655e-01 4.303505e-01
9.989835e-01 1.804219e-02 4.130946e-02 5.171861e+00 -1.879797e-02 9.996614e-01 1.798077e-02 -4.558493e-01 -4.097107e-02 -1.873902e-02 9.989846e-01 4.406378e-01
9.989772e-01 1.514846e-02 4.260308e-02 5.473693e+00 -1.603376e-02 9.996608e-01 2.051586e-02 -4.921140e-01 -4.227785e-02 -2.117796e-02 9.988814e-01 4.904947e-01
9.989837e-01 1.203996e-02 4.343582e-02 5.732753e+00 -1.337818e-02 9.994407e-01 3.065138e-02 -5.253814e-01 -4.304248e-02 -3.120132e-02 9.985859e-01 4.938616e-01
9.990923e-01 7.630916e-03 4.190807e-02 6.016618e+00 -8.998152e-03 9.994302e-01 3.253353e-02 -5.414132e-01 -4.163593e-02 -3.288109e-02 9.985917e-01 4.986618e-01
9.990857e-01 2.967010e-03 4.265068e-02 6.461752e+00 -4.568833e-03 9.992859e-01 3.750851e-02 -5.613397e-01 -4.250893e-02 -3.766908e-02 9.983857e-01 4.802498e-01
9.992608e-01 -9.456602e-04 3.843062e-02 6.610509e+00 -5.383659e-04 9.992549e-01 3.858704e-02 -5.913353e-01 -3.843848e-02 -3.857921e-02 9.985160e-01 4.706091e-01
9.993696e-01 -4.396940e-03 3.522880e-02 6.796745e+00 2.978330e-03 9.991864e-01 4.022022e-02 -5.877417e-01 -3.537698e-02 -4.008994e-02 9.985696e-01 4.760335e-01
9.995532e-01 -1.346407e-03 2.985940e-02 7.243773e+00 -1.950281e-04 9.986699e-01 5.156021e-02 -6.248242e-01 -2.988911e-02 -5.154300e-02 9.982234e-01 4.657549e-01
9.996250e-01 2.840036e-03 2.723412e-02 8.622998e+00 -4.350017e-03 9.984466e-01 5.554654e-02 -6.492807e-01 -2.703406e-02 -5.564418e-02 9.980846e-01 3.743303e-01
9.995897e-01 4.719045e-03 2.825015e-02 1.025000e+01 -6.228397e-03 9.985442e-01 5.358089e-02 -6.612435e-01 -2.795617e-02 -5.373486e-02 9.981638e-01 2.461256e-01
9.996101e-01 7.539547e-03 2.688632e-02 1.179401e+01 -8.961080e-03 9.985464e-01 5.314964e-02 -6.964239e-01 -2.644651e-02 -5.336985e-02 9.982246e-01 1.341291e-01
9.995375e-01 1.120528e-02 2.827006e-02 1.334021e+01 -1.271110e-02 9.984783e-01 5.366077e-02 -7.264405e-01 -2.762575e-02 -5.399529e-02 9.981590e-01 2.698793e-02
9.995285e-01 1.396006e-02 2.734651e-02 1.485131e+01 -1.545365e-02 9.983562e-01 5.518977e-02 -7.603071e-01 -2.653111e-02 -5.558635e-02 9.981014e-01 -8.765088e-02
9.994632e-01 1.721251e-02 2.787557e-02 1.642800e+01 -1.876511e-02 9.982303e-01 5.642890e-02 -8.061108e-01 -2.685496e-02 -5.692170e-02 9.980174e-01 -1.696682e-01
9.993919e-01 1.962445e-02 2.882095e-02 1.793520e+01 -2.127888e-02 9.980743e-01 5.826589e-02 -8.412616e-01 -2.762201e-02 -5.884374e-02 9.978850e-01 -3.058854e-01
9.993342e-01 2.245110e-02 2.876093e-02 1.950209e+01 -2.409221e-02 9.980232e-01 5.804560e-02 -8.999756e-01 -2.740088e-02 -5.869986e-02 9.978995e-01 -3.934496e-01
9.992271e-01 2.436352e-02 3.084840e-02 2.107236e+01 -2.614363e-02 9.979343e-01 5.868157e-02 -9.502769e-01 -2.935498e-02 -5.944271e-02 9.978000e-01 -5.298895e-01
9.991828e-01 2.636338e-02 3.063726e-02 2.266275e+01 -2.809890e-02 9.979403e-01 5.767035e-02 -1.011037e+00 -2.905377e-02 -5.848410e-02 9.978654e-01 -6.378433e-01
9.991134e-01 2.849846e-02 3.098835e-02 2.422446e+01 -3.024654e-02 9.978880e-01 5.748778e-02 -1.068403e+00 -2.928459e-02 -5.837410e-02 9.978651e-01 -7.603059e-01
9.991074e-01 3.070244e-02 2.901143e-02 2.571772e+01 -3.222740e-02 9.980397e-01 5.364693e-02 -1.134691e+00 -2.730747e-02 -5.453401e-02 9.981384e-01 -8.594511e-01
9.989224e-01 3.475203e-02 3.076238e-02 2.724369e+01 -3.641076e-02 9.978160e-01 5.511243e-02 -1.201896e+00 -2.877993e-02 -5.617312e-02 9.980062e-01 -9.655988e-01
9.988557e-01 3.814312e-02 2.885276e-02 2.880573e+01 -3.967301e-02 9.977278e-01 5.445468e-02 -1.278815e+00 -2.671013e-02 -5.553705e-02 9.980993e-01 -1.073151e+00
9.986691e-01 4.165028e-02 3.041690e-02 3.034542e+01 -4.328960e-02 9.975260e-01 5.538866e-02 -1.362522e+00 -2.803469e-02 -5.663168e-02 9.980015e-01 -1.187785e+00
9.985755e-01 4.446953e-02 2.948681e-02 3.187432e+01 -4.606104e-02 9.973851e-01 5.569205e-02 -1.441787e+00 -2.693310e-02 -5.697091e-02 9.980125e-01 -1.316480e+00
9.984650e-01 4.763146e-02 2.826517e-02 3.342251e+01 -4.916948e-02 9.971926e-01 5.647455e-02 -1.530900e+00 -2.549585e-02 -5.777764e-02 9.980038e-01 -1.418206e+00
9.983574e-01 5.016748e-02 2.767196e-02 3.494637e+01 -5.166629e-02 9.970701e-01 5.640831e-02 -1.616335e+00 -2.476102e-02 -5.774536e-02 9.980242e-01 -1.540061e+00
9.983654e-01 5.109565e-02 2.560799e-02 3.650707e+01 -5.238198e-02 9.972531e-01 5.236932e-02 -1.709958e+00 -2.286180e-02 -5.362511e-02 9.982994e-01 -1.654245e+00
9.982459e-01 5.443019e-02 2.329079e-02 3.799678e+01 -5.560983e-02 9.970226e-01 5.341825e-02 -1.806439e+00 -2.031388e-02 -5.461974e-02 9.983006e-01 -1.762635e+00
9.979824e-01 6.098605e-02 1.766004e-02 3.950455e+01 -6.184383e-02 9.966791e-01 5.297498e-02 -1.913682e+00 -1.437066e-02 -5.396026e-02 9.984397e-01 -1.893916e+00
9.974991e-01 6.878164e-02 1.626777e-02 4.100205e+01 -6.956196e-02 9.961362e-01 5.361000e-02 -2.024979e+00 -1.251752e-02 -5.460754e-02 9.984294e-01 -1.973256e+00
9.969769e-01 7.562331e-02 1.784005e-02 4.254601e+01 -7.647707e-02 9.956419e-01 5.337047e-02 -2.151448e+00 -1.372625e-02 -5.457348e-02 9.984154e-01 -2.097428e+00
9.966053e-01 8.014188e-02 1.884302e-02 4.400152e+01 -8.098295e-02 9.955015e-01 4.917881e-02 -2.284884e+00 -1.481698e-02 -5.053782e-02 9.986122e-01 -2.197941e+00
9.963522e-01 8.229870e-02 2.256611e-02 4.552878e+01 -8.334329e-02 9.952606e-01 5.010187e-02 -2.426707e+00 -1.833584e-02 -5.179984e-02 9.984891e-01 -2.293479e+00
9.962180e-01 8.361857e-02 2.361621e-02 4.696533e+01 -8.472321e-02 9.951258e-01 5.046503e-02 -2.559591e+00 -1.928129e-02 -5.227501e-02 9.984466e-01 -2.433646e+00
9.962859e-01 8.274318e-02 2.383087e-02 4.839427e+01 -8.387577e-02 9.951563e-01 5.127221e-02 -2.688584e+00 -1.947302e-02 -5.308061e-02 9.984003e-01 -2.505433e+00
9.964019e-01 8.142222e-02 2.353106e-02 4.979560e+01 -8.257563e-02 9.951688e-01 5.310645e-02 -2.812180e+00 -1.909333e-02 -5.485846e-02 9.983116e-01 -2.640124e+00
9.964707e-01 8.085041e-02 2.256554e-02 5.116693e+01 -8.192597e-02 9.952964e-01 5.170306e-02 -2.941645e+00 -1.827919e-02 -5.336929e-02 9.984075e-01 -2.723528e+00
9.965342e-01 7.995997e-02 2.293612e-02 5.250311e+01 -8.105715e-02 9.953655e-01 5.174547e-02 -3.059975e+00 -1.869226e-02 -5.342526e-02 9.983969e-01 -2.860208e+00
9.965901e-01 8.035760e-02 1.872711e-02 5.379325e+01 -8.118435e-02 9.955124e-01 4.862091e-02 -3.188542e+00 -1.473601e-02 -4.997547e-02 9.986417e-01 -2.922287e+00
9.964770e-01 8.128311e-02 2.065637e-02 5.511238e+01 -8.223338e-02 9.953426e-01 5.030446e-02 -3.301590e+00 -1.647126e-02 -5.182587e-02 9.985203e-01 -3.041501e+00
9.966221e-01 7.977478e-02 1.950027e-02 5.639125e+01 -8.067037e-02 9.954593e-01 5.052899e-02 -3.411198e+00 -1.538078e-02 -5.193141e-02 9.985322e-01 -3.133369e+00
9.968029e-01 7.740968e-02 1.979367e-02 5.760045e+01 -7.836389e-02 9.955090e-01 5.311413e-02 -3.522446e+00 -1.559323e-02 -5.449542e-02 9.983923e-01 -3.232928e+00
9.970464e-01 7.451862e-02 1.858857e-02 5.882272e+01 -7.544127e-02 9.956210e-01 5.520296e-02 -3.615795e+00 -1.439352e-02 -5.644226e-02 9.983021e-01 -3.329993e+00
9.972433e-01 7.165981e-02 1.925408e-02 6.002810e+01 -7.264363e-02 9.957571e-01 5.648742e-02 -3.724943e+00 -1.512451e-02 -5.773039e-02 9.982176e-01 -3.420069e+00
9.975542e-01 6.773230e-02 1.726069e-02 6.121529e+01 -6.860293e-02 9.960611e-01 5.617562e-02 -3.808752e+00 -1.338780e-02 -5.722236e-02 9.982717e-01 -3.505518e+00
9.978335e-01 6.330849e-02 1.789367e-02 6.237466e+01 -6.422491e-02 9.963413e-01 5.638315e-02 -3.901123e+00 -1.425867e-02 -5.741022e-02 9.982488e-01 -3.606608e+00
9.981267e-01 5.914606e-02 1.564582e-02 6.351890e+01 -5.995570e-02 9.965334e-01 5.767388e-02 -3.978602e+00 -1.218040e-02 -5.850390e-02 9.982129e-01 -3.707544e+00
9.983407e-01 5.602135e-02 1.332432e-02 6.466210e+01 -5.670836e-02 9.966774e-01 5.846885e-02 -4.056312e+00 -1.000455e-02 -5.912743e-02 9.982003e-01 -3.784477e+00
9.985169e-01 5.331225e-02 1.104136e-02 6.580447e+01 -5.388014e-02 9.967499e-01 5.988809e-02 -4.125539e+00 -7.812707e-03 -6.039418e-02 9.981440e-01 -3.870117e+00
9.986652e-01 5.060522e-02 1.034105e-02 6.695042e+01 -5.113674e-02 9.968853e-01 6.004030e-02 -4.193276e+00 -7.270484e-03 -6.048897e-02 9.981424e-01 -3.959507e+00
9.987908e-01 4.842173e-02 8.502787e-03 6.807650e+01 -4.885235e-02 9.969306e-01 6.117654e-02 -4.256318e+00 -5.514416e-03 -6.151795e-02 9.980907e-01 -4.050057e+00
9.988727e-01 4.690374e-02 7.302562e-03 6.921852e+01 -4.726312e-02 9.970111e-01 6.111344e-02 -4.318590e+00 -4.414287e-03 -6.138969e-02 9.981041e-01 -4.141301e+00
9.989645e-01 4.503135e-02 6.477996e-03 7.035172e+01 -4.534859e-02 9.970163e-01 6.246550e-02 -4.386042e+00 -3.645762e-03 -6.269459e-02 9.980261e-01 -4.220020e+00
9.991043e-01 4.170499e-02 7.168412e-03 7.152209e+01 -4.207061e-02 9.971793e-01 6.215626e-02 -4.454582e+00 -4.555965e-03 -6.240217e-02 9.980407e-01 -4.317504e+00
9.992912e-01 3.659542e-02 8.826796e-03 7.264546e+01 -3.707207e-02 9.973994e-01 6.180588e-02 -4.502957e+00 -6.542030e-03 -6.208930e-02 9.980491e-01 -4.404257e+00
9.994947e-01 3.047707e-02 9.030331e-03 7.378424e+01 -3.098336e-02 9.975597e-01 6.256714e-02 -4.546905e+00 -7.101431e-03 -6.281532e-02 9.979999e-01 -4.502539e+00
9.996701e-01 2.458911e-02 7.421430e-03 7.488307e+01 -2.501112e-02 9.976703e-01 6.347134e-02 -4.588072e+00 -5.843436e-03 -6.363601e-02 9.979560e-01 -4.597486e+00
9.998034e-01 1.922658e-02 4.850771e-03 7.604564e+01 -1.949804e-02 9.977548e-01 6.407244e-02 -4.617259e+00 -3.607986e-03 -6.415442e-02 9.979334e-01 -4.679758e+00
9.998937e-01 1.416290e-02 3.453792e-03 7.718871e+01 -1.435550e-02 9.978334e-01 6.420673e-02 -4.636293e+00 -2.536955e-03 -6.424949e-02 9.979306e-01 -4.787160e+00
9.999542e-01 9.545160e-03 7.648015e-04 7.832925e+01 -9.574496e-03 9.979222e-01 6.371735e-02 -4.661466e+00 -1.550200e-04 -6.372175e-02 9.979677e-01 -4.871476e+00
9.999761e-01 6.760961e-03 -1.434139e-03 7.944958e+01 -6.656403e-03 9.979645e-01 6.342191e-02 -4.665998e+00 1.860013e-03 -6.341085e-02 9.979858e-01 -4.969032e+00
9.999762e-01 5.195141e-03 -4.545441e-03 8.059997e+01 -4.898909e-03 9.980067e-01 6.291867e-02 -4.693695e+00 4.863252e-03 -6.289490e-02 9.980083e-01 -5.060289e+00
9.999725e-01 4.101440e-03 -6.176010e-03 8.175843e+01 -3.703065e-03 9.979948e-01 6.318833e-02 -4.703685e+00 6.422789e-03 -6.316373e-02 9.979825e-01 -5.147386e+00
9.999738e-01 3.352294e-03 -6.405913e-03 8.292350e+01 -2.934992e-03 9.979407e-01 6.407759e-02 -4.721432e+00 6.607528e-03 -6.405712e-02 9.979244e-01 -5.236478e+00
9.999747e-01 1.334620e-03 -6.987851e-03 8.406794e+01 -8.848446e-04 9.979510e-01 6.397718e-02 -4.724345e+00 7.058918e-03 -6.396937e-02 9.979269e-01 -5.326937e+00
9.999810e-01 -1.608414e-03 -5.950108e-03 8.525495e+01 1.990998e-03 9.978923e-01 6.486209e-02 -4.728732e+00 5.833242e-03 -6.487270e-02 9.978765e-01 -5.411796e+00
9.999713e-01 -4.906233e-03 -5.775374e-03 8.644218e+01 5.273309e-03 9.978477e-01 6.536096e-02 -4.738706e+00 5.442268e-03 -6.538954e-02 9.978450e-01 -5.513515e+00
9.999429e-01 -8.298930e-03 -6.732374e-03 8.758678e+01 8.718375e-03 9.978554e-01 6.487232e-02 -4.741612e+00 6.179565e-03 -6.492731e-02 9.978709e-01 -5.616349e+00
9.999129e-01 -1.113479e-02 -7.095930e-03 8.876068e+01 1.156250e-02 9.979216e-01 6.339554e-02 -4.743892e+00 6.375286e-03 -6.347205e-02 9.979632e-01 -5.711325e+00
9.998722e-01 -1.393283e-02 -7.836209e-03 8.995390e+01 1.439849e-02 9.979165e-01 6.289331e-02 -4.728330e+00 6.943599e-03 -6.299811e-02 9.979895e-01 -5.798546e+00
9.998388e-01 -1.600500e-02 -8.141194e-03 9.111825e+01 1.648074e-02 9.979289e-01 6.218152e-02 -4.723923e+00 7.129117e-03 -6.230567e-02 9.980317e-01 -5.893595e+00
9.998025e-01 -1.785867e-02 -8.718659e-03 9.232027e+01 1.837798e-02 9.978033e-01 6.364556e-02 -4.716674e+00 7.562882e-03 -6.379321e-02 9.979345e-01 -5.987004e+00
9.997800e-01 -1.908469e-02 -8.702639e-03 9.349406e+01 1.959156e-02 9.978557e-01 6.244991e-02 -4.698600e+00 7.492141e-03 -6.260667e-02 9.980102e-01 -6.074381e+00
9.997633e-01 -1.998912e-02 -8.596062e-03 9.465687e+01 2.048379e-02 9.978700e-01 6.193614e-02 -4.686407e+00 7.339702e-03 -6.209756e-02 9.980431e-01 -6.175504e+00
9.997173e-01 -2.198334e-02 -9.060994e-03 9.587524e+01 2.250901e-02 9.977783e-01 6.270287e-02 -4.665854e+00 7.662445e-03 -6.288909e-02 9.979911e-01 -6.274463e+00
9.996764e-01 -2.346605e-02 -9.818377e-03 9.707865e+01 2.404131e-02 9.977063e-01 6.328018e-02 -4.649022e+00 8.310920e-03 -6.349576e-02 9.979475e-01 -6.363976e+00
9.996594e-01 -2.365296e-02 -1.103013e-02 9.827770e+01 2.430202e-02 9.977185e-01 6.298649e-02 -4.632073e+00 9.515145e-03 -6.323309e-02 9.979534e-01 -6.467992e+00
9.996367e-01 -2.493496e-02 -1.024060e-02 9.949590e+01 2.552705e-02 9.977208e-01 6.246175e-02 -4.603949e+00 8.659775e-03 -6.270047e-02 9.979948e-01 -6.556520e+00
9.995964e-01 -2.596352e-02 -1.153296e-02 1.006812e+02 2.662450e-02 9.977561e-01 6.143293e-02 -4.583364e+00 9.912064e-03 -6.171519e-02 9.980446e-01 -6.650158e+00
9.995458e-01 -2.823889e-02 -1.052918e-02 1.019142e+02 2.884375e-02 9.976234e-01 6.257588e-02 -4.554317e+00 8.737080e-03 -6.285115e-02 9.979846e-01 -6.750696e+00
9.995303e-01 -2.821545e-02 -1.195827e-02 1.031149e+02 2.890575e-02 9.976490e-01 6.213802e-02 -4.538569e+00 1.017690e-02 -6.245450e-02 9.979959e-01 -6.840192e+00
9.994578e-01 -3.078546e-02 -1.167765e-02 1.043161e+02 3.145023e-02 9.975920e-01 6.181453e-02 -4.498250e+00 9.746545e-03 -6.214828e-02 9.980193e-01 -6.934592e+00
9.994371e-01 -3.102316e-02 -1.276915e-02 1.055421e+02 3.176214e-02 9.975431e-01 6.244174e-02 -4.469264e+00 1.080064e-02 -6.281216e-02 9.979669e-01 -7.030349e+00
9.993903e-01 -3.234106e-02 -1.315587e-02 1.067553e+02 3.310450e-02 9.974846e-01 6.268034e-02 -4.427907e+00 1.109563e-02 -6.307765e-02 9.979469e-01 -7.134534e+00
9.993973e-01 -3.122894e-02 -1.515651e-02 1.079734e+02 3.211480e-02 9.975452e-01 6.222864e-02 -4.405998e+00 1.317597e-02 -6.267789e-02 9.979469e-01 -7.226365e+00
9.994137e-01 -3.008543e-02 -1.634711e-02 1.092036e+02 3.104085e-02 9.976100e-01 6.173130e-02 -4.371506e+00 1.445082e-02 -6.220253e-02 9.979589e-01 -7.334279e+00
9.994718e-01 -2.826004e-02 -1.604315e-02 1.104449e+02 2.922177e-02 9.975686e-01 6.326720e-02 -4.347292e+00 1.421621e-02 -6.370260e-02 9.978676e-01 -7.425014e+00
9.994424e-01 -2.803226e-02 -1.813951e-02 1.116760e+02 2.912686e-02 9.975762e-01 6.319424e-02 -4.318697e+00 1.632406e-02 -6.368735e-02 9.978364e-01 -7.515133e+00
9.995394e-01 -2.487252e-02 -1.738709e-02 1.129273e+02 2.594293e-02 9.975920e-01 6.432132e-02 -4.308952e+00 1.574539e-02 -6.474277e-02 9.977778e-01 -7.623085e+00
9.995503e-01 -2.324247e-02 -1.894744e-02 1.141717e+02 2.441943e-02 9.976218e-01 6.445491e-02 -4.283030e+00 1.740429e-02 -6.488860e-02 9.977407e-01 -7.709576e+00
9.996092e-01 -2.200140e-02 -1.724631e-02 1.154224e+02 2.307092e-02 9.976518e-01 6.448720e-02 -4.264800e+00 1.578700e-02 -6.485987e-02 9.977695e-01 -7.824593e+00
9.996285e-01 -2.083883e-02 -1.756567e-02 1.166732e+02 2.190843e-02 9.977684e-01 6.307562e-02 -4.247886e+00 1.621204e-02 -6.343702e-02 9.978542e-01 -7.907075e+00
9.996200e-01 -2.187274e-02 -1.677582e-02 1.179140e+02 2.287314e-02 9.978163e-01 6.196226e-02 -4.232069e+00 1.538390e-02 -6.232243e-02 9.979375e-01 -8.015414e+00
9.996087e-01 -2.205807e-02 -1.720148e-02 1.191614e+02 2.309323e-02 9.977775e-01 6.250310e-02 -4.209064e+00 1.578455e-02 -6.287588e-02 9.978966e-01 -8.105675e+00
9.996245e-01 -2.157162e-02 -1.689638e-02 1.204191e+02 2.259682e-02 9.977553e-01 6.303951e-02 -4.191968e+00 1.549859e-02 -6.339765e-02 9.978680e-01 -8.216562e+00
9.996361e-01 -2.111804e-02 -1.678616e-02 1.216752e+02 2.215515e-02 9.976906e-01 6.420895e-02 -4.171274e+00 1.539142e-02 -6.455749e-02 9.977953e-01 -8.316538e+00
9.996037e-01 -2.205710e-02 -1.748825e-02 1.229863e+02 2.313114e-02 9.976945e-01 6.379881e-02 -4.153862e+00 1.604072e-02 -6.417806e-02 9.978095e-01 -8.420309e+00
9.996151e-01 -2.177210e-02 -1.719374e-02 1.242498e+02 2.284049e-02 9.976496e-01 6.460352e-02 -4.142773e+00 1.574678e-02 -6.497137e-02 9.977629e-01 -8.530234e+00
9.996225e-01 -2.072247e-02 -1.803943e-02 1.255023e+02 2.183530e-02 9.977206e-01 6.385054e-02 -4.120678e+00 1.667517e-02 -6.422033e-02 9.977964e-01 -8.618502e+00
9.996497e-01 -2.011335e-02 -1.720284e-02 1.267822e+02 2.120226e-02 9.976174e-01 6.565238e-02 -4.097044e+00 1.584136e-02 -6.599412e-02 9.976943e-01 -8.730466e+00
9.996389e-01 -1.962656e-02 -1.835712e-02 1.280673e+02 2.079667e-02 9.976104e-01 6.588692e-02 -4.083404e+00 1.702012e-02 -6.624489e-02 9.976583e-01 -8.837928e+00
9.996240e-01 -1.942113e-02 -1.935873e-02 1.293786e+02 2.065109e-02 9.976387e-01 6.550306e-02 -4.070107e+00 1.804087e-02 -6.587821e-02 9.976646e-01 -8.945193e+00
9.996021e-01 -1.966167e-02 -2.022337e-02 1.306580e+02 2.093236e-02 9.976871e-01 6.466953e-02 -4.048465e+00 1.890509e-02 -6.506712e-02 9.977018e-01 -9.051956e+00
9.996244e-01 -1.874052e-02 -1.999609e-02 1.319461e+02 1.998088e-02 9.977659e-01 6.374871e-02 -4.036517e+00 1.875673e-02 -6.412431e-02 9.977657e-01 -9.163695e+00
9.996121e-01 -1.706138e-02 -2.201195e-02 1.332134e+02 1.843142e-02 9.978040e-01 6.361781e-02 -4.018735e+00 2.087821e-02 -6.399885e-02 9.977316e-01 -9.246467e+00
9.996917e-01 -1.457158e-02 -2.010348e-02 1.345284e+02 1.582611e-02 9.978421e-01 6.372520e-02 -4.007877e+00 1.913151e-02 -6.402372e-02 9.977650e-01 -9.364980e+00
9.996585e-01 -1.333360e-02 -2.247375e-02 1.358614e+02 1.470028e-02 9.979812e-01 6.178671e-02 -4.003187e+00 2.160454e-02 -6.209598e-02 9.978364e-01 -9.444155e+00
9.997330e-01 -1.280987e-02 -1.923402e-02 1.371685e+02 1.401488e-02 9.978591e-01 6.388127e-02 -3.983332e+00 1.837453e-02 -6.413377e-02 9.977722e-01 -9.581647e+00
9.997037e-01 -1.280420e-02 -2.070252e-02 1.384793e+02 1.405877e-02 9.979995e-01 6.163589e-02 -3.984703e+00 1.987191e-02 -6.190867e-02 9.978840e-01 -9.653634e+00
9.997012e-01 -1.378985e-02 -2.018420e-02 1.397786e+02 1.502639e-02 9.979348e-01 6.245089e-02 -3.962150e+00 1.928133e-02 -6.273552e-02 9.978439e-01 -9.783930e+00
9.996436e-01 -1.538485e-02 -2.181604e-02 1.410653e+02 1.667455e-02 9.980457e-01 6.022319e-02 -3.949431e+00 2.084688e-02 -6.056550e-02 9.979465e-01 -9.862620e+00
9.996583e-01 -1.642840e-02 -2.032937e-02 1.423568e+02 1.764269e-02 9.979775e-01 6.106880e-02 -3.943878e+00 1.928499e-02 -6.140660e-02 9.979265e-01 -9.980394e+00
9.996042e-01 -1.787821e-02 -2.172371e-02 1.436679e+02 1.917685e-02 9.979460e-01 6.112079e-02 -3.936073e+00 2.058636e-02 -6.151319e-02 9.978939e-01 -1.008114e+01
9.995767e-01 -1.985855e-02 -2.126190e-02 1.449317e+02 2.113410e-02 9.978801e-01 6.155195e-02 -3.914892e+00 1.999449e-02 -6.197524e-02 9.978774e-01 -1.017580e+01
9.995139e-01 -2.157407e-02 -2.250576e-02 1.462283e+02 2.296259e-02 9.977252e-01 6.338067e-02 -3.902479e+00 2.108719e-02 -6.386665e-02 9.977356e-01 -1.027481e+01
9.994566e-01 -2.454106e-02 -2.200655e-02 1.475172e+02 2.589555e-02 9.976434e-01 6.353810e-02 -3.870296e+00 2.039539e-02 -6.407344e-02 9.977368e-01 -1.037817e+01
9.993191e-01 -2.805237e-02 -2.396720e-02 1.488183e+02 2.949658e-02 9.976280e-01 6.219622e-02 -3.847850e+00 2.216559e-02 -6.286082e-02 9.977762e-01 -1.047173e+01
9.992627e-01 -3.097976e-02 -2.267781e-02 1.501110e+02 3.235370e-02 9.974915e-01 6.296026e-02 -3.815348e+00 2.067043e-02 -6.364755e-02 9.977583e-01 -1.060637e+01
9.990952e-01 -3.383786e-02 -2.576398e-02 1.514120e+02 3.535659e-02 9.975132e-01 6.097269e-02 -3.778597e+00 2.363672e-02 -6.182845e-02 9.978068e-01 -1.067592e+01
9.990031e-01 -3.679450e-02 -2.527710e-02 1.526969e+02 3.829647e-02 9.973562e-01 6.175825e-02 -3.734305e+00 2.293791e-02 -6.266470e-02 9.977710e-01 -1.080115e+01
9.988173e-01 -3.947112e-02 -2.839114e-02 1.539783e+02 4.111370e-02 9.973627e-01 5.980930e-02 -3.694180e+00 2.595553e-02 -6.090583e-02 9.978060e-01 -1.087388e+01
9.988177e-01 -4.139361e-02 -2.549028e-02 1.552531e+02 4.288312e-02 9.972185e-01 6.096240e-02 -3.647411e+00 2.289592e-02 -6.198343e-02 9.978145e-01 -1.099052e+01
9.986275e-01 -4.328662e-02 -2.948641e-02 1.565339e+02 4.498296e-02 9.972126e-01 5.952779e-02 -3.601896e+00 2.682746e-02 -6.077247e-02 9.977911e-01 -1.108397e+01
9.986335e-01 -4.552810e-02 -2.565671e-02 1.578247e+02 4.702835e-02 9.970126e-01 6.127012e-02 -3.548484e+00 2.279055e-02 -6.239299e-02 9.977914e-01 -1.119745e+01
9.984468e-01 -4.621961e-02 -3.110769e-02 1.590841e+02 4.803738e-02 9.970132e-01 6.047427e-02 -3.502449e+00 2.821968e-02 -6.187468e-02 9.976849e-01 -1.127905e+01
9.985564e-01 -4.621578e-02 -2.737217e-02 1.603629e+02 4.783005e-02 9.969547e-01 6.159408e-02 -3.452676e+00 2.444219e-02 -6.281437e-02 9.977259e-01 -1.139843e+01
9.984441e-01 -4.681396e-02 -3.029388e-02 1.616131e+02 4.864699e-02 9.968333e-01 6.290339e-02 -3.404774e+00 2.725319e-02 -6.427923e-02 9.975597e-01 -1.149144e+01
9.984376e-01 -4.788684e-02 -2.879749e-02 1.628790e+02 4.961712e-02 9.967972e-01 6.271809e-02 -3.343779e+00 2.570189e-02 -6.404894e-02 9.976158e-01 -1.158504e+01
9.983945e-01 -4.824550e-02 -2.967562e-02 1.641179e+02 5.004731e-02 9.967382e-01 6.331227e-02 -3.288148e+00 2.652429e-02 -6.469581e-02 9.975525e-01 -1.169224e+01
9.983644e-01 -4.897348e-02 -2.949720e-02 1.653317e+02 5.074590e-02 9.967425e-01 6.268206e-02 -3.242440e+00 2.633136e-02 -6.407641e-02 9.975976e-01 -1.178592e+01
9.983296e-01 -4.961035e-02 -2.961222e-02 1.665553e+02 5.144864e-02 9.965622e-01 6.493594e-02 -3.179450e+00 2.628893e-02 -6.635099e-02 9.974500e-01 -1.190214e+01
9.982767e-01 -4.970842e-02 -3.118986e-02 1.677676e+02 5.161693e-02 9.966329e-01 6.370406e-02 -3.127845e+00 2.791821e-02 -6.520420e-02 9.974813e-01 -1.199339e+01
9.982366e-01 -5.063460e-02 -3.098099e-02 1.689637e+02 5.258472e-02 9.964491e-01 6.575572e-02 -3.070325e+00 2.754147e-02 -6.726889e-02 9.973547e-01 -1.211236e+01
9.981269e-01 -5.179272e-02 -3.255965e-02 1.701330e+02 5.378768e-02 9.965174e-01 6.371640e-02 -3.016571e+00 2.914622e-02 -6.534836e-02 9.974368e-01 -1.219561e+01
9.981062e-01 -5.273975e-02 -3.166172e-02 1.713117e+02 5.471501e-02 9.963740e-01 6.515377e-02 -2.962056e+00 2.811072e-02 -6.676275e-02 9.973728e-01 -1.231889e+01
9.980114e-01 -5.365671e-02 -3.307965e-02 1.724836e+02 5.572642e-02 9.963152e-01 6.519406e-02 -2.902903e+00 2.945966e-02 -6.690783e-02 9.973242e-01 -1.239976e+01
9.979215e-01 -5.549652e-02 -3.275551e-02 1.736235e+02 5.757346e-02 9.961375e-01 6.629816e-02 -2.844531e+00 2.894967e-02 -6.804620e-02 9.972621e-01 -1.250981e+01
9.978082e-01 -5.694255e-02 -3.371003e-02 1.747877e+02 5.911750e-02 9.959671e-01 6.748780e-02 -2.781825e+00 2.973116e-02 -6.933273e-02 9.971505e-01 -1.260003e+01
9.977209e-01 -5.918051e-02 -3.241348e-02 1.758930e+02 6.124823e-02 9.958694e-01 6.702705e-02 -2.715811e+00 2.831290e-02 -6.885957e-02 9.972245e-01 -1.270035e+01
9.974851e-01 -6.169413e-02 -3.488969e-02 1.770331e+02 6.387444e-02 9.958206e-01 6.527732e-02 -2.657656e+00 3.071665e-02 -6.734171e-02 9.972571e-01 -1.279275e+01
9.972287e-01 -6.583074e-02 -3.465908e-02 1.781821e+02 6.797710e-02 9.955739e-01 6.489936e-02 -2.578406e+00 3.023330e-02 -6.707553e-02 9.972897e-01 -1.290142e+01
9.970325e-01 -6.803382e-02 -3.602069e-02 1.793048e+02 7.029629e-02 9.953541e-01 6.579439e-02 -2.512395e+00 3.137709e-02 -6.813126e-02 9.971828e-01 -1.299135e+01
9.967517e-01 -7.144949e-02 -3.716221e-02 1.804474e+02 7.374597e-02 9.951818e-01 6.461383e-02 -2.433703e+00 3.236652e-02 -6.714451e-02 9.972181e-01 -1.309028e+01
9.965147e-01 -7.394109e-02 -3.861490e-02 1.815505e+02 7.636523e-02 9.949186e-01 6.561490e-02 -2.361676e+00 3.356704e-02 -6.833505e-02 9.970976e-01 -1.319995e+01
9.963234e-01 -7.620719e-02 -3.914260e-02 1.826589e+02 7.872650e-02 9.946113e-01 6.745916e-02 -2.286357e+00 3.379080e-02 -7.029270e-02 9.969539e-01 -1.329256e+01
9.962592e-01 -7.664053e-02 -3.992398e-02 1.837760e+02 7.923853e-02 9.945225e-01 6.816398e-02 -2.197784e+00 3.448118e-02 -7.107250e-02 9.968750e-01 -1.338890e+01
9.961100e-01 -7.771992e-02 -4.152793e-02 1.849364e+02 8.040185e-02 9.944828e-01 6.737510e-02 -2.112629e+00 3.606242e-02 -7.045194e-02 9.968631e-01 -1.347905e+01
9.959899e-01 -7.950992e-02 -4.101608e-02 1.860166e+02 8.212391e-02 9.943969e-01 6.656348e-02 -2.030882e+00 3.549380e-02 -6.966495e-02 9.969388e-01 -1.357898e+01
9.957964e-01 -8.177792e-02 -4.125521e-02 1.871373e+02 8.438831e-02 9.942384e-01 6.609644e-02 -1.941842e+00 3.561229e-02 -6.930006e-02 9.969600e-01 -1.366604e+01
9.956777e-01 -8.314003e-02 -4.139620e-02 1.882478e+02 8.572531e-02 9.941843e-01 6.518117e-02 -1.856657e+00 3.573629e-02 -6.844815e-02 9.970144e-01 -1.376970e+01
9.955568e-01 -8.440451e-02 -4.174278e-02 1.893300e+02 8.697695e-02 9.941381e-01 6.422101e-02 -1.774817e+00 3.607754e-02 -6.756632e-02 9.970623e-01 -1.384456e+01
9.953643e-01 -8.594646e-02 -4.316305e-02 1.904668e+02 8.864651e-02 9.939326e-01 6.511583e-02 -1.673827e+00 3.730468e-02 -6.864022e-02 9.969438e-01 -1.393933e+01
9.953519e-01 -8.670177e-02 -4.192043e-02 1.915381e+02 8.930635e-02 9.938897e-01 6.486718e-02 -1.592118e+00 3.604019e-02 -6.830943e-02 9.970130e-01 -1.404240e+01
9.951090e-01 -8.924659e-02 -4.234413e-02 1.926432e+02 9.189941e-02 9.936119e-01 6.549843e-02 -1.489488e+00 3.622812e-02 -6.906948e-02 9.969538e-01 -1.411682e+01
9.948973e-01 -9.127829e-02 -4.298451e-02 1.937358e+02 9.392943e-02 9.934982e-01 6.433307e-02 -1.396079e+00 3.683282e-02 -6.804231e-02 9.970023e-01 -1.422028e+01
9.946387e-01 -9.356660e-02 -4.403426e-02 1.948149e+02 9.631186e-02 9.932259e-01 6.501185e-02 -1.294004e+00 3.765303e-02 -6.890433e-02 9.969125e-01 -1.432666e+01
9.945494e-01 -9.332594e-02 -4.649548e-02 1.959123e+02 9.623887e-02 9.932374e-01 6.494118e-02 -1.195300e+00 4.012035e-02 -6.906189e-02 9.968053e-01 -1.439851e+01
9.946221e-01 -9.281729e-02 -4.595580e-02 1.969813e+02 9.576009e-02 9.931728e-01 6.661852e-02 -1.106923e+00 3.945869e-02 -7.066098e-02 9.967197e-01 -1.450060e+01
9.944269e-01 -9.432300e-02 -4.709880e-02 1.980777e+02 9.732165e-02 9.930587e-01 6.605253e-02 -9.976856e-01 4.054160e-02 -7.026815e-02 9.967039e-01 -1.458530e+01
9.943917e-01 -9.491960e-02 -4.664121e-02 1.991655e+02 9.788907e-02 9.929963e-01 6.614876e-02 -9.017524e-01 4.003575e-02 -7.034343e-02 9.967191e-01 -1.468400e+01
9.943207e-01 -9.513666e-02 -4.770048e-02 2.002558e+02 9.820776e-02 9.929208e-01 6.680945e-02 -8.068039e-01 4.100677e-02 -7.111458e-02 9.966249e-01 -1.477037e+01
9.942368e-01 -9.585481e-02 -4.801084e-02 2.013299e+02 9.887349e-02 9.929724e-01 6.503687e-02 -7.014297e-01 4.143935e-02 -6.940905e-02 9.967272e-01 -1.486015e+01
9.942527e-01 -9.598126e-02 -4.742610e-02 2.023958e+02 9.904712e-02 9.928118e-01 6.718966e-02 -6.065057e-01 4.063624e-02 -7.150093e-02 9.966124e-01 -1.495317e+01
9.942018e-01 -9.646697e-02 -4.750750e-02 2.035067e+02 9.947447e-02 9.928730e-01 6.563722e-02 -4.968122e-01 4.083709e-02 -6.998242e-02 9.967120e-01 -1.504307e+01
9.942296e-01 -9.685121e-02 -4.612352e-02 2.045589e+02 9.987416e-02 9.926393e-01 6.850172e-02 -4.153022e-01 3.914955e-02 -7.271298e-02 9.965842e-01 -1.514430e+01
9.941778e-01 -9.758218e-02 -4.569799e-02 2.056285e+02 1.005386e-01 9.926330e-01 6.761579e-02 -3.051061e-01 3.876323e-02 -7.181652e-02 9.966643e-01 -1.521812e+01
9.941870e-01 -9.813415e-02 -4.429352e-02 2.067355e+02 1.010238e-01 9.925194e-01 6.855325e-02 -2.002236e-01 3.723476e-02 -7.262945e-02 9.966637e-01 -1.532342e+01
9.941328e-01 -9.842627e-02 -4.485936e-02 2.077998e+02 1.013702e-01 9.924591e-01 6.891366e-02 -1.042896e-01 3.773816e-02 -7.305674e-02 9.966136e-01 -1.540826e+01
9.940914e-01 -9.896597e-02 -4.458731e-02 2.088393e+02 1.018301e-01 9.925196e-01 6.734631e-02 -1.091958e-02 3.758879e-02 -7.148872e-02 9.967329e-01 -1.549752e+01
9.939373e-01 -1.007370e-01 -4.405492e-02 2.099110e+02 1.036287e-01 9.922057e-01 6.920144e-02 1.016326e-01 3.674040e-02 -7.334724e-02 9.966295e-01 -1.559548e+01
9.938874e-01 -1.007726e-01 -4.508681e-02 2.109778e+02 1.036985e-01 9.922745e-01 6.810239e-02 1.970385e-01 3.787564e-02 -7.236154e-02 9.966590e-01 -1.567898e+01
9.937776e-01 -1.025833e-01 -4.339103e-02 2.120320e+02 1.054126e-01 9.920379e-01 6.891182e-02 3.076152e-01 3.597634e-02 -7.305698e-02 9.966787e-01 -1.578201e+01
9.936118e-01 -1.038005e-01 -4.428540e-02 2.131053e+02 1.067245e-01 9.918382e-01 6.976140e-02 4.187909e-01 3.668269e-02 -7.404209e-02 9.965802e-01 -1.585748e+01
9.934514e-01 -1.066660e-01 -4.094801e-02 2.141839e+02 1.093559e-01 9.915130e-01 7.030752e-02 5.284697e-01 3.310107e-02 -7.432501e-02 9.966846e-01 -1.596163e+01
9.931117e-01 -1.091524e-01 -4.260278e-02 2.152928e+02 1.119962e-01 9.911453e-01 7.132898e-02 6.414117e-01 3.443981e-02 -7.560899e-02 9.965426e-01 -1.605659e+01
9.928014e-01 -1.126508e-01 -4.068378e-02 2.163839e+02 1.153488e-01 9.907463e-01 7.152894e-02 7.597805e-01 3.224951e-02 -7.570685e-02 9.966085e-01 -1.615219e+01
9.923860e-01 -1.158151e-01 -4.191459e-02 2.174503e+02 1.186565e-01 9.902314e-01 7.322744e-02 8.803633e-01 3.302430e-02 -7.764332e-02 9.964341e-01 -1.625859e+01
9.918920e-01 -1.201013e-01 -4.154499e-02 2.185078e+02 1.228644e-01 9.898089e-01 7.199175e-02 1.008898e+00 3.247530e-02 -7.651243e-02 9.965396e-01 -1.633650e+01
9.916730e-01 -1.218369e-01 -4.171891e-02 2.196595e+02 1.246364e-01 9.895271e-01 7.281186e-02 1.147534e+00 3.241082e-02 -7.740524e-02 9.964728e-01 -1.646349e+01
9.913319e-01 -1.242213e-01 -4.277946e-02 2.207133e+02 1.271189e-01 9.891651e-01 7.344034e-02 1.278582e+00 3.319309e-02 -7.824183e-02 9.963817e-01 -1.653930e+01
9.910530e-01 -1.265858e-01 -4.230835e-02 2.218060e+02 1.294634e-01 9.888107e-01 7.411398e-02 1.410430e+00 3.245316e-02 -7.892826e-02 9.963519e-01 -1.664893e+01
9.907753e-01 -1.285474e-01 -4.289304e-02 2.228931e+02 1.314247e-01 9.886463e-01 7.284338e-02 1.547604e+00 3.304222e-02 -7.780863e-02 9.964206e-01 -1.675075e+01
9.906969e-01 -1.292168e-01 -4.269299e-02 2.240087e+02 1.321138e-01 9.884715e-01 7.396153e-02 1.693522e+00 3.264373e-02 -7.891379e-02 9.963468e-01 -1.685435e+01
9.905391e-01 -1.295462e-01 -4.527888e-02 2.250841e+02 1.325300e-01 9.886571e-01 7.065988e-02 1.830212e+00 3.561157e-02 -7.599218e-02 9.964723e-01 -1.694062e+01
9.905216e-01 -1.296951e-01 -4.523585e-02 2.261696e+02 1.327132e-01 9.885563e-01 7.172140e-02 1.973019e+00 3.541626e-02 -7.704499e-02 9.963984e-01 -1.705137e+01
9.906136e-01 -1.288372e-01 -4.566875e-02 2.272646e+02 1.320386e-01 9.883370e-01 7.586539e-02 2.118052e+00 3.536183e-02 -8.118333e-02 9.960717e-01 -1.714673e+01
9.909047e-01 -1.267325e-01 -4.523932e-02 2.283996e+02 1.299004e-01 9.886280e-01 7.576559e-02 2.251082e+00 3.512290e-02 -8.095308e-02 9.960989e-01 -1.723857e+01
9.910771e-01 -1.258890e-01 -4.379707e-02 2.295375e+02 1.289662e-01 9.886951e-01 7.648153e-02 2.394832e+00 3.367377e-02 -8.144743e-02 9.961087e-01 -1.735063e+01
9.910487e-01 -1.257470e-01 -4.483530e-02 2.306154e+02 1.288605e-01 9.888160e-01 7.508365e-02 2.522026e+00 3.489233e-02 -8.018906e-02 9.961688e-01 -1.745254e+01
9.911561e-01 -1.252908e-01 -4.372464e-02 2.317140e+02 1.282910e-01 9.889463e-01 7.434027e-02 2.663769e+00 3.392718e-02 -7.929228e-02 9.962739e-01 -1.755295e+01
9.910666e-01 -1.256193e-01 -4.479787e-02 2.328445e+02 1.286860e-01 9.889336e-01 7.382657e-02 2.802477e+00 3.502809e-02 -7.893191e-02 9.962644e-01 -1.765405e+01
9.911602e-01 -1.246508e-01 -4.542775e-02 2.339274e+02 1.278499e-01 9.888711e-01 7.608036e-02 2.934794e+00 3.543871e-02 -8.121576e-02 9.960663e-01 -1.775990e+01
9.912696e-01 -1.239970e-01 -4.482625e-02 2.350706e+02 1.271370e-01 9.889889e-01 7.574525e-02 3.078058e+00 3.494047e-02 -8.078304e-02 9.961191e-01 -1.785279e+01
9.913989e-01 -1.224635e-01 -4.616075e-02 2.361774e+02 1.257392e-01 9.891163e-01 7.640863e-02 3.201531e+00 3.630109e-02 -8.155566e-02 9.960075e-01 -1.796026e+01
9.914604e-01 -1.222199e-01 -4.548100e-02 2.373018e+02 1.254347e-01 9.891678e-01 7.624295e-02 3.344414e+00 3.566995e-02 -8.129677e-02 9.960514e-01 -1.805408e+01
9.915898e-01 -1.210117e-01 -4.588893e-02 2.384771e+02 1.242747e-01 9.892884e-01 7.657663e-02 3.489115e+00 3.613073e-02 -8.163544e-02 9.960071e-01 -1.818340e+01
9.916513e-01 -1.204033e-01 -4.616009e-02 2.396259e+02 1.236544e-01 9.894408e-01 7.560868e-02 3.623663e+00 3.656915e-02 -8.068534e-02 9.960685e-01 -1.826385e+01
9.919060e-01 -1.184867e-01 -4.564347e-02 2.408151e+02 1.217665e-01 9.895337e-01 7.743403e-02 3.756942e+00 3.599085e-02 -8.236512e-02 9.959521e-01 -1.838727e+01
9.920827e-01 -1.169358e-01 -4.580411e-02 2.419798e+02 1.202164e-01 9.897575e-01 7.699158e-02 3.891179e+00 3.633190e-02 -8.188841e-02 9.959791e-01 -1.848656e+01
9.923632e-01 -1.151655e-01 -4.418316e-02 2.431318e+02 1.183717e-01 9.898582e-01 7.854240e-02 4.014692e+00 3.468969e-02 -8.317263e-02 9.959312e-01 -1.860065e+01
9.924877e-01 -1.143482e-01 -4.350371e-02 2.442820e+02 1.174388e-01 9.901092e-01 7.675963e-02 4.159422e+00 3.429609e-02 -8.129201e-02 9.961001e-01 -1.869332e+01
9.925795e-01 -1.141033e-01 -4.202773e-02 2.455157e+02 1.170902e-01 9.901130e-01 7.724040e-02 4.290052e+00 3.279882e-02 -8.158828e-02 9.961263e-01 -1.881468e+01
9.923419e-01 -1.164002e-01 -4.133449e-02 2.467143e+02 1.193371e-01 9.898146e-01 7.762435e-02 4.436925e+00 3.187799e-02 -8.196263e-02 9.961255e-01 -1.890559e+01
9.922335e-01 -1.179162e-01 -3.960264e-02 2.479292e+02 1.207454e-01 9.895434e-01 7.889429e-02 4.573110e+00 2.988563e-02 -8.306339e-02 9.960960e-01 -1.903404e+01
9.919041e-01 -1.200119e-01 -4.151371e-02 2.491547e+02 1.229798e-01 9.893055e-01 7.842591e-02 4.719314e+00 3.165770e-02 -8.289634e-02 9.960552e-01 -1.914515e+01
9.917067e-01 -1.220919e-01 -4.014309e-02 2.503513e+02 1.249726e-01 9.889712e-01 7.948560e-02 4.862298e+00 2.999581e-02 -8.384319e-02 9.960274e-01 -1.925219e+01
9.914261e-01 -1.236849e-01 -4.214668e-02 2.515490e+02 1.267653e-01 9.886528e-01 8.059978e-02 5.008840e+00 3.169946e-02 -8.525147e-02 9.958551e-01 -1.936579e+01
9.911268e-01 -1.262795e-01 -4.148540e-02 2.527536e+02 1.292620e-01 9.884188e-01 7.949668e-02 5.163833e+00 3.096614e-02 -8.415379e-02 9.959715e-01 -1.947531e+01
9.909657e-01 -1.268455e-01 -4.355571e-02 2.539845e+02 1.300495e-01 9.881966e-01 8.096038e-02 5.316286e+00 3.277215e-02 -8.589336e-02 9.957652e-01 -1.959711e+01
9.906551e-01 -1.294289e-01 -4.301804e-02 2.552118e+02 1.325347e-01 9.879792e-01 7.957438e-02 5.476655e+00 3.220170e-02 -8.453215e-02 9.959003e-01 -1.970634e+01
9.905600e-01 -1.303889e-01 -4.230428e-02 2.564324e+02 1.334862e-01 9.877096e-01 8.130901e-02 5.636505e+00 3.118256e-02 -8.618849e-02 9.957907e-01 -1.982875e+01
9.903271e-01 -1.319640e-01 -4.287014e-02 2.576257e+02 1.350397e-01 9.876665e-01 7.924055e-02 5.789931e+00 3.188450e-02 -8.426323e-02 9.959333e-01 -1.992428e+01
9.901777e-01 -1.332155e-01 -4.244770e-02 2.587986e+02 1.363054e-01 9.873552e-01 8.093733e-02 5.941852e+00 3.112884e-02 -8.592819e-02 9.958149e-01 -2.005355e+01
9.903065e-01 -1.323437e-01 -4.216857e-02 2.597746e+02 1.353511e-01 9.876447e-01 7.898374e-02 6.077478e+00 3.119455e-02 -8.392568e-02 9.959836e-01 -2.012788e+01
9.906198e-01 -1.305735e-01 -4.028497e-02 2.607037e+02 1.333612e-01 9.880915e-01 7.674649e-02 6.189298e+00 2.978417e-02 -8.139905e-02 9.962364e-01 -2.020863e+01
9.905148e-01 -1.312396e-01 -4.070029e-02 2.618331e+02 1.340458e-01 9.880338e-01 7.629462e-02 6.344518e+00 3.020038e-02 -8.102667e-02 9.962543e-01 -2.031821e+01
9.905354e-01 -1.314816e-01 -3.939730e-02 2.629414e+02 1.341731e-01 9.880391e-01 7.600371e-02 6.492962e+00 2.893298e-02 -8.057042e-02 9.963289e-01 -2.042830e+01
9.905307e-01 -1.317224e-01 -3.870428e-02 2.640186e+02 1.343772e-01 9.879576e-01 7.669777e-02 6.638005e+00 2.813537e-02 -8.117247e-02 9.963029e-01 -2.051496e+01
9.906644e-01 -1.313833e-01 -3.636483e-02 2.647840e+02 1.338558e-01 9.880085e-01 7.695280e-02 6.731527e+00 2.581845e-02 -8.110204e-02 9.963713e-01 -2.058068e+01
9.907228e-01 -1.313972e-01 -3.468498e-02 2.657002e+02 1.337776e-01 9.878751e-01 7.878116e-02 6.874843e+00 2.391280e-02 -8.269037e-02 9.962884e-01 -2.068167e+01
9.913719e-01 -1.274056e-01 -3.081349e-02 2.662048e+02 1.294539e-01 9.885451e-01 7.758947e-02 6.916000e+00 2.057519e-02 -8.090895e-02 9.965091e-01 -2.072408e+01
9.922037e-01 -1.220550e-01 -2.518917e-02 2.665596e+02 1.236309e-01 9.894631e-01 7.535458e-02 6.950985e+00 1.572635e-02 -7.788125e-02 9.968386e-01 -2.075397e+01
9.918382e-01 -1.261349e-01 -1.862516e-02 2.665994e+02 1.272200e-01 9.887445e-01 7.873562e-02 6.959924e+00 8.484219e-03 -8.046249e-02 9.967215e-01 -2.078678e+01
9.925303e-01 -1.215130e-01 -1.087058e-02 2.667126e+02 1.219900e-01 9.895530e-01 7.683399e-02 6.971231e+00 1.420685e-03 -7.758617e-02 9.969847e-01 -2.079921e+01
9.928255e-01 -1.193555e-01 -7.199313e-03 2.668678e+02 1.195555e-01 9.898725e-01 7.654472e-02 6.974907e+00 -2.009633e-03 -7.685627e-02 9.970402e-01 -2.083570e+01
9.933689e-01 -1.149451e-01 -2.408058e-03 2.671547e+02 1.148180e-01 9.907569e-01 7.223487e-02 7.012107e+00 -5.917245e-03 -7.203236e-02 9.973847e-01 -2.088676e+01
9.935743e-01 -1.131815e-01 1.344597e-05 2.672591e+02 1.129141e-01 9.912356e-01 6.857261e-02 7.004465e+00 -7.774476e-03 -6.813046e-02 9.976462e-01 -2.091378e+01
9.937251e-01 -1.116013e-01 7.453938e-03 2.674615e+02 1.108057e-01 9.913443e-01 7.041826e-02 7.004169e+00 -1.524819e-02 -6.915046e-02 9.974897e-01 -2.099469e+01
9.943133e-01 -1.060411e-01 9.813555e-03 2.676404e+02 1.051654e-01 9.922403e-01 6.632777e-02 6.997442e+00 -1.677087e-02 -6.491853e-02 9.977496e-01 -2.098255e+01
9.942936e-01 -1.054192e-01 1.634445e-02 2.678201e+02 1.041274e-01 9.923626e-01 6.613266e-02 6.995575e+00 -2.319127e-02 -6.405336e-02 9.976770e-01 -2.103484e+01
9.948441e-01 -9.981956e-02 1.792316e-02 2.680047e+02 9.860128e-02 9.933565e-01 5.933604e-02 6.979109e+00 -2.372699e-02 -5.726286e-02 9.980772e-01 -2.104258e+01
9.948667e-01 -9.807222e-02 2.494017e-02 2.682056e+02 9.647670e-02 9.936039e-01 5.867968e-02 6.974725e+00 -3.053550e-02 -5.597232e-02 9.979653e-01 -2.110444e+01
9.949501e-01 -9.682904e-02 2.643015e-02 2.683957e+02 9.521283e-02 9.938372e-01 5.676442e-02 6.963338e+00 -3.176371e-02 -5.396127e-02 9.980377e-01 -2.108175e+01
9.950116e-01 -9.565330e-02 2.832522e-02 2.685444e+02 9.404840e-02 9.941338e-01 5.341276e-02 6.947991e+00 -3.326816e-02 -5.048237e-02 9.981707e-01 -2.112890e+01
