1.000000e+00 0.000000e+00 0.000000e+00 0.000000e+00 0.000000e+00 1.000000e+00 0.000000e+00 0.000000e+00 0.000000e+00 0.000000e+00 1.000000e+00 0.000000e+00
1.000000e+00 7.592577e-05 -6.378214e-05 3.609679e-03 -7.593282e-05 1.000000e+00 -1.103808e-04 -3.274421e-03 6.377376e-05 1.103856e-04 1.000000e+00 1.506922e-03
9.999999e-01 4.326133e-04 -5.120645e-05 4.304129e-03 -4.326152e-04 1.000000e+00 -3.593684e-05 -2.327389e-03 5.119091e-05 3.595899e-05 1.000000e+00 2.871770e-04
1.000000e+00 2.367151e-04 5.682115e-06 -1.272180e-03 -2.367147e-04 1.000000e+00 -8.440989e-05 -3.689712e-03 -5.702096e-06 8.440854e-05 1.000000e+00 8.958202e-04
1.000000e+00 6.694852e-05 3.231698e-05 1.182258e-03 -6.694417e-05 1.000000e+00 -1.347985e-04 2.315032e-03 -3.232600e-05 1.347963e-04 1.000000e+00 -8.274652e-04
1.000000e+00 2.254982e-04 -1.267142e-05 2.588172e-03 -2.255008e-04 1.000000e+00 -2.055641e-04 -1.118373e-03 1.262506e-05 2.055669e-04 1.000000e+00 1.481646e-04
9.999999e-01 2.952823e-04 -6.370818e-05 2.462676e-03 -2.952766e-04 1.000000e+00 9.069958e-05 -4.755273e-04 6.373495e-05 -9.068077e-05 1.000000e+00 1.620984e-03
1.000000e+00 1.738850e-04 -1.249593e-04 5.276658e-03 -1.739008e-04 1.000000e+00 -1.263635e-04 -4.188567e-03 1.249373e-04 1.263853e-04 1.000000e+00 1.112925e-03
9.999999e-01 -3.438879e-04 -2.642348e-05 8.553895e-03 3.438819e-04 1.000000e+00 -2.261521e-04 2.159251e-03 2.650125e-05 2.261430e-04 1.000000e+00 1.861781e-03
1.000000e+00 -1.300069e-05 5.649536e-06 1.051223e-03 1.300076e-05 1.000000e+00 -1.183471e-05 2.835897e-03 -5.649382e-06 1.183479e-05 1.000000e+00 1.512587e-03
1.000000e+00 1.200202e-04 4.044159e-06 3.107969e-03 -1.200202e-04 1.000000e+00 1.487284e-05 -2.572941e-03 -4.042374e-06 -1.487333e-05 1.000000e+00 2.498700e-03
1.000000e+00 -1.928079e-04 9.826426e-05 1.123949e-02 1.928212e-04 1.000000e+00 -1.349704e-04 7.884339e-03 -9.823824e-05 1.349893e-04 1.000000e+00 -1.523287e-03
1.000000e+00 2.088670e-04 -2.327137e-05 5.912122e-03 -2.088723e-04 1.000000e+00 -2.284182e-04 1.453532e-03 2.322367e-05 2.284230e-04 1.000000e+00 3.961062e-04
9.999999e-01 2.800555e-04 -7.804628e-05 3.704302e-03 -2.800664e-04 1.000000e+00 -1.396655e-04 -2.558236e-03 7.800716e-05 1.396874e-04 1.000000e+00 1.518618e-03
1.000000e+00 1.699181e-04 -4.753792e-05 7.387996e-04 -1.699175e-04 1.000000e+00 1.241523e-05 -4.141352e-03 4.754003e-05 -1.240715e-05 1.000000e+00 1.265444e-03
9.999999e-01 4.254989e-04 -9.871009e-05 1.801405e-03 -4.255040e-04 1.000000e+00 -5.126252e-05 -7.487715e-04 9.868827e-05 5.130452e-05 1.000000e+00 1.628214e-03
1.000000e+00 4.905458e-05 -5.795146e-05 -2.863945e-03 -4.905490e-05 1.000000e+00 -5.468710e-06 -1.426310e-03 5.795119e-05 5.471553e-06 1.000000e+00 1.779930e-03
1.000000e+00 1.348260e-04 -1.218175e-05 1.574090e-03 -1.348255e-04 1.000000e+00 4.081248e-05 5.456220e-03 1.218725e-05 -4.081084e-05 1.000000e+00 1.053381e-03
9.999999e-01 3.219826e-04 -1.126779e-04 -2.040859e-03 -3.219764e-04 1.000000e+00 5.500389e-05 5.309431e-04 1.126956e-04 -5.496761e-05 1.000000e+00 1.795848e-03
1.000000e+00 -1.716996e-04 6.693221e-05 9.170276e-03 1.717001e-04 1.000000e+00 -7.680525e-06 8.930096e-03 -6.693089e-05 7.692017e-06 1.000000e+00 3.396839e-06
9.999999e-01 -2.634165e-04 -7.144523e-05 6.575190e-03 2.634069e-04 1.000000e+00 -1.334445e-04 7.386721e-03 7.148038e-05 1.334257e-04 1.000000e+00 1.015874e-03
9.999997e-01 7.506060e-04 -2.730750e-05 -6.297894e-03 -7.506094e-04 9.999998e-01 -1.247782e-04 1.395200e-04 2.721383e-05 1.247986e-04 1.000000e+00 -3.652430e-04
1.000000e+00 1.280363e-04 -3.956853e-05 5.582989e-03 -1.280356e-04 1.000000e+00 1.742586e-05 1.375945e-03 3.957076e-05 -1.742080e-05 1.000000e+00 1.362928e-03
1.000000e+00 -1.735232e-04 -4.296365e-05 6.182387e-03 1.735156e-04 1.000000e+00 -1.765688e-04 3.647114e-03 4.299428e-05 1.765613e-04 1.000000e+00 1.054294e-04
9.999999e-01 -2.917493e-04 -7.812228e-05 1.038295e-02 2.917509e-04 1.000000e+00 1.909077e-05 4.866340e-03 7.811670e-05 -1.911356e-05 1.000000e+00 1.953942e-03
9.999999e-01 3.895305e-04 -1.571689e-05 1.734411e-04 -3.895311e-04 1.000000e+00 -3.477753e-05 -1.916412e-03 1.570334e-05 3.478365e-05 1.000000e+00 -7.183902e-04
1.000000e+00 1.864543e-04 -2.937085e-05 4.203483e-03 -1.864589e-04 1.000000e+00 -1.578442e-04 -2.685539e-03 2.934142e-05 1.578496e-04 1.000000e+00 -5.266169e-04
1.000000e+00 5.785630e-05 -5.396901e-05 3.303518e-03 -5.785969e-05 1.000000e+00 -6.263163e-05 4.064451e-03 5.396539e-05 6.263476e-05 1.000000e+00 2.482370e-03
1.000000e+00 2.401886e-04 -2.143901e-06 3.696842e-03 -2.401885e-04 1.000000e+00 4.040855e-05 1.501115e-03 2.153606e-06 -4.040804e-05 1.000000e+00 1.301665e-03
1.000000e+00 9.033189e-05 2.332437e-05 7.893530e-04 -9.032785e-05 1.000000e+00 -1.732469e-04 -1.935855e-03 -2.334002e-05 1.732448e-04 1.000000e+00 3.351909e-04
9.999999e-01 4.140059e-04 -1.400100e-04 -8.734858e-04 -4.140200e-04 1.000000e+00 -1.005863e-04 -3.709409e-04 1.399683e-04 1.006443e-04 1.000000e+00 1.904369e-03
1.000000e+00 2.152861e-04 2.533191e-05 3.483137e-04 -2.152885e-04 1.000000e+00 9.330577e-05 1.058019e-03 -2.531183e-05 -9.331122e-05 1.000000e+00 -2.637866e-04
1.000000e+00 8.072525e-05 -1.638457e-05 3.639398e-03 -8.072666e-05 1.000000e+00 -8.604355e-05 2.354556e-03 1.637763e-05 8.604487e-05 1.000000e+00 5.617288e-04
1.000000e+00 -2.104788e-05 -3.588678e-05 8.264229e-04 2.104608e-05 1.000000e+00 -5.003000e-05 3.546733e-03 3.588783e-05 5.002924e-05 1.000000e+00 8.420789e-04
9.999999e-01 -2.172661e-04 -1.218975e-04 2.308258e-03 2.172680e-04 1.000000e+00 1.556220e-05 3.173539e-03 1.218941e-04 -1.558868e-05 1.000000e+00 1.471644e-03
9.999999e-01 2.230540e-04 -3.392491e-04 1.616442e-03 -2.230497e-04 1.000000e+00 1.254970e-05 2.089272e-03 3.392519e-04 -1.247403e-05 9.999999e-01 -1.110776e-03
9.999999e-01 -1.663769e-04 -4.883747e-04 2.917293e-03 1.663153e-04 9.999999e-01 -1.261703e-04 7.053500e-03 4.883956e-04 1.260891e-04 9.999999e-01 -7.750703e-04
9.999998e-01 -2.288146e-04 -6.897812e-04 6.937009e-03 2.288876e-04 1.000000e+00 1.058485e-04 4.174868e-03 6.897570e-04 -1.060064e-04 9.999998e-01 -5.838147e-04
9.999998e-01 -2.237847e-05 -6.952640e-04 3.941113e-03 2.239803e-05 1.000000e+00 2.812127e-05 1.032902e-02 6.952634e-04 -2.813683e-05 9.999998e-01 6.237855e-04
9.999996e-01 9.683699e-05 -9.018296e-04 1.693622e-03 -9.674117e-05 9.999999e-01 1.062934e-04 1.377830e-03 9.018399e-04 -1.062061e-04 9.999996e-01 4.254798e-05
9.999996e-01 2.176690e-04 -9.116646e-04 1.787864e-03 -2.175083e-04 9.999999e-01 1.763062e-04 3.271084e-03 9.117029e-04 -1.761078e-04 9.999996e-01 1.254133e-03
9.999995e-01 -3.502747e-04 -9.427583e-04 4.211706e-03 3.503739e-04 1.000000e+00 1.051221e-04 4.916145e-03 9.427214e-04 -1.054523e-04 9.999995e-01 2.278284e-03
9.999995e-01 2.887066e-04 -9.637104e-04 6.612872e-03 -2.885771e-04 1.000000e+00 1.344612e-04 4.280064e-03 9.637492e-04 -1.341830e-04 9.999995e-01 1.916356e-03
9.999995e-01 2.275056e-04 -9.287720e-04 5.958678e-04 -2.274050e-04 1.000000e+00 1.083563e-04 3.720737e-03 9.287967e-04 -1.081450e-04 9.999996e-01 1.157565e-03
9.999995e-01 -1.599899e-04 -9.458812e-04 -2.657329e-03 1.602050e-04 1.000000e+00 2.273302e-04 1.144908e-02 9.458448e-04 -2.274816e-04 9.999995e-01 1.725215e-03
9.999994e-01 5.026066e-05 -1.103087e-03 2.433795e-03 -5.019521e-05 9.999999e-01 5.936132e-05 4.045199e-03 1.103090e-03 -5.930592e-05 9.999994e-01 1.755478e-03
9.999995e-01 -7.492648e-05 -9.773667e-04 6.564112e-04 7.510080e-05 1.000000e+00 1.783237e-04 2.313385e-03 9.773534e-04 -1.783971e-04 9.999995e-01 2.646954e-04
9.999995e-01 1.730201e-04 -1.019707e-03 3.545563e-03 -1.729044e-04 1.000000e+00 1.135764e-04 5.608048e-04 1.019727e-03 -1.134001e-04 9.999995e-01 9.771355e-04
9.999995e-01 9.816997e-05 -9.819627e-04 -2.291992e-03 -9.807759e-05 1.000000e+00 9.412396e-05 1.099720e-02 9.819720e-04 -9.402761e-05 9.999995e-01 1.016646e-03
9.999994e-01 -4.374903e-04 -1.014615e-03 9.205976e-03 4.376502e-04 9.999998e-01 1.574558e-04 1.106052e-02 1.014546e-03 -1.578997e-04 9.999995e-01 1.155185e-04
9.999993e-01 -3.302128e-04 -1.142566e-03 9.899634e-03 3.303811e-04 9.999999e-01 1.470652e-04 4.673555e-03 1.142518e-03 -1.474426e-04 9.999993e-01 1.984072e-03
9.999994e-01 2.850949e-04 -1.056818e-03 -4.469345e-04 -2.850117e-04 9.999999e-01 7.886118e-05 2.350808e-03 1.056840e-03 -7.855993e-05 9.999995e-01 2.521047e-03
9.999994e-01 -3.132705e-05 -1.092855e-03 5.289932e-03 3.169915e-05 9.999999e-01 3.404691e-04 1.031936e-03 1.092845e-03 -3.405036e-04 9.999993e-01 1.721356e-03
9.999994e-01 1.635286e-05 -1.096812e-03 6.343251e-03 -1.619353e-05 9.999999e-01 1.452727e-04 5.233331e-03 1.096815e-03 -1.452548e-04 9.999994e-01 2.213946e-03
9.999993e-01 4.307253e-04 -1.056094e-03 5.349236e-03 -4.305178e-04 9.999999e-01 1.966955e-04 5.842454e-03 1.056178e-03 -1.962407e-04 9.999994e-01 -3.839839e-04
9.999991e-01 -2.025725e-04 -1.324216e-03 -1.544197e-03 2.027210e-04 9.999999e-01 1.120418e-04 4.215174e-03 1.324193e-03 -1.123101e-04 9.999991e-01 -5.719217e-05
9.999992e-01 -4.327816e-04 -1.212150e-03 -3.007092e-03 4.330569e-04 9.999998e-01 2.268198e-04 4.121189e-03 1.212051e-03 -2.273445e-04 9.999992e-01 2.189967e-03
9.999991e-01 1.435826e-04 -1.326728e-03 -3.661084e-03 -1.433252e-04 9.999999e-01 1.940881e-04 5.619763e-04 1.326756e-03 -1.938977e-04 9.999991e-01 -8.159592e-04
9.999988e-01 2.715609e-04 -1.515320e-03 -1.762990e-03 -2.711941e-04 1.000000e+00 2.423336e-04 -2.804242e-03 1.515385e-03 -2.419224e-04 9.999988e-01 8.355738e-04
9.999987e-01 -2.726394e-04 -1.598794e-03 1.445787e-03 2.733645e-04 9.999999e-01 4.533654e-04 5.693942e-03 1.598670e-03 -4.538019e-04 9.999986e-01 1.201011e-03
9.999985e-01 -1.600599e-04 -1.739010e-03 -4.907917e-04 1.602531e-04 1.000000e+00 1.109832e-04 1.152418e-02 1.738992e-03 -1.112617e-04 9.999985e-01 3.389804e-03
9.999973e-01 -4.580760e-04 -2.295374e-03 1.706069e-03 4.598386e-04 9.999995e-01 7.674516e-04 1.328096e-02 2.295021e-03 -7.685050e-04 9.999971e-01 -3.786719e-03
9.999974e-01 -3.318978e-04 -2.227995e-03 -3.827501e-03 3.322201e-04 9.999999e-01 1.443205e-04 5.551060e-03 2.227947e-03 -1.450603e-04 9.999975e-01 6.106620e-03
9.999985e-01 -2.681133e-04 -1.749435e-03 -2.241416e-03 2.694365e-04 9.999996e-01 7.561620e-04 6.013262e-03 1.749231e-03 -7.566322e-04 9.999982e-01 -4.037677e-04
9.999978e-01 -7.760864e-05 -2.106974e-03 -6.604517e-03 7.819897e-05 1.000000e+00 2.800957e-04 9.227419e-03 2.106952e-03 -2.802598e-04 9.999977e-01 2.092311e-03
9.999981e-01 -1.724691e-04 -1.945951e-03 -1.884734e-03 1.735209e-04 9.999998e-01 5.403510e-04 4.243746e-03 1.945858e-03 -5.406876e-04 9.999980e-01 -6.209254e-04
9.999970e-01 -1.734725e-04 -2.456843e-03 -4.505004e-03 1.742838e-04 9.999999e-01 3.300372e-04 1.711318e-03 2.456786e-03 -3.304644e-04 9.999969e-01 3.157363e-03
9.999984e-01 -1.863132e-04 -1.786411e-03 -3.962462e-03 1.871844e-04 9.999999e-01 4.875264e-04 6.201435e-04 1.786320e-03 -4.878600e-04 9.999983e-01 9.733008e-04
9.999973e-01 -2.530848e-05 -2.349029e-03 3.507178e-04 2.640319e-05 9.999999e-01 4.659949e-04 6.426529e-03 2.349017e-03 -4.660556e-04 9.999971e-01 -5.310138e-04
9.999978e-01 -3.095893e-04 -2.089569e-03 -5.060361e-03 3.098660e-04 1.000000e+00 1.320508e-04 5.977728e-03 2.089528e-03 -1.326980e-04 9.999978e-01 3.031533e-03
9.999977e-01 1.357289e-04 -2.126351e-03 -3.608462e-03 -1.347476e-04 9.999999e-01 4.616005e-04 3.882951e-03 2.126413e-03 -4.613130e-04 9.999976e-01 -9.588347e-04
9.999978e-01 -5.109513e-04 -2.038508e-03 4.810094e-03 5.117072e-04 9.999996e-01 3.702885e-04 5.665996e-03 2.038318e-03 -3.713309e-04 9.999979e-01 3.108740e-03
9.999977e-01 2.771767e-04 -2.150339e-03 -3.868586e-03 -2.759842e-04 9.999996e-01 5.548414e-04 -2.642064e-03 2.150492e-03 -5.542466e-04 9.999976e-01 -5.217663e-04
9.999977e-01 5.111477e-05 -2.129219e-03 -9.864809e-04 -5.028694e-05 9.999999e-01 3.888461e-04 5.234495e-03 2.129239e-03 -3.887381e-04 9.999977e-01 1.350528e-03
9.999980e-01 1.730341e-04 -1.995716e-03 -1.022148e-03 -1.719371e-04 9.999999e-01 5.498563e-04 3.177686e-03 1.995811e-03 -5.495120e-04 9.999979e-01 -3.203837e-04
9.999974e-01 -2.005390e-04 -2.273005e-03 1.315070e-03 2.016879e-04 1.000000e+00 5.052677e-04 -4.223349e-04 2.272903e-03 -5.057249e-04 9.999973e-01 2.284869e-03
9.999980e-01 -2.242546e-04 -1.978748e-03 -4.931214e-03 2.250430e-04 9.999998e-01 3.982652e-04 3.686263e-03 1.978659e-03 -3.987097e-04 9.999980e-01 1.678635e-04
9.999974e-01 -2.577596e-04 -2.251582e-03 -7.035258e-03 2.584198e-04 9.999999e-01 2.929437e-04 4.148616e-03 2.251506e-03 -2.935248e-04 9.999974e-01 -7.470229e-05
9.999980e-01 -4.892987e-05 -2.020767e-03 -6.859469e-03 4.958006e-05 9.999999e-01 3.217073e-04 -1.216296e-04 2.020751e-03 -3.218069e-04 9.999979e-01 1.625391e-03
9.999976e-01 -3.901093e-04 -2.155645e-03 -6.888178e-04 3.908876e-04 9.999999e-01 3.606218e-04 4.180055e-03 2.155504e-03 -3.614636e-04 9.999976e-01 3.148609e-04
9.999978e-01 -4.004636e-04 -2.066601e-03 -3.856487e-03 4.009427e-04 1.000000e+00 2.314046e-04 7.035390e-03 2.066508e-03 -2.322327e-04 9.999979e-01 2.199652e-03
9.999976e-01 3.338753e-04 -2.164796e-03 -7.670069e-03 -3.329697e-04 1.000000e+00 4.186838e-04 6.546425e-03 2.164936e-03 -4.179620e-04 9.999976e-01 2.729641e-04
9.999977e-01 3.926212e-04 -2.112033e-03 -2.881363e-03 -3.918516e-04 9.999999e-01 3.647875e-04 2.077776e-03 2.112176e-03 -3.639591e-04 9.999977e-01 1.353362e-03
9.999980e-01 -3.836987e-04 -1.954869e-03 -1.012068e-03 3.845079e-04 9.999998e-01 4.135853e-04 1.077576e-02 1.954711e-03 -4.143361e-04 9.999980e-01 -2.094001e-03
9.999979e-01 -2.426515e-04 -2.036819e-03 -5.237406e-03 2.432214e-04 9.999999e-01 2.795401e-04 9.238265e-03 2.036751e-03 -2.800349e-04 9.999979e-01 4.942309e-04
9.999978e-01 3.752896e-04 -2.061584e-03 -4.350452e-03 -3.744283e-04 9.999998e-01 4.181931e-04 2.632208e-03 2.061740e-03 -4.174203e-04 9.999978e-01 2.299897e-03
9.999977e-01 -1.502721e-04 -2.137861e-03 -1.884136e-03 1.511657e-04 9.999999e-01 4.177979e-04 -4.727769e-04 2.137799e-03 -4.181202e-04 9.999976e-01 1.026438e-03
9.999979e-01 -2.549288e-04 -2.068558e-03 -6.495769e-03 2.556864e-04 1.000000e+00 3.659897e-04 3.588628e-03 2.068465e-03 -3.665179e-04 9.999978e-01 8.034566e-05
9.999977e-01 3.147960e-04 -2.124279e-03 -6.376382e-03 -3.135035e-04 9.999999e-01 6.087834e-04 3.569280e-03 2.124470e-03 -6.081160e-04 9.999976e-01 9.231119e-04
9.999979e-01 2.026054e-04 -2.048085e-03 8.846226e-04 -2.016472e-04 1.000000e+00 4.680447e-04 3.156152e-03 2.048180e-03 -4.676307e-04 9.999978e-01 1.010335e-03
9.999979e-01 1.748518e-04 -2.050927e-03 -1.345784e-02 -1.740330e-04 1.000000e+00 3.994089e-04 1.412351e-03 2.050997e-03 -3.990511e-04 9.999978e-01 1.297197e-03
9.999978e-01 -2.601628e-04 -2.079716e-03 -8.524018e-03 2.607278e-04 1.000000e+00 2.713992e-04 4.777585e-03 2.079645e-03 -2.719408e-04 9.999978e-01 6.010103e-04
9.999974e-01 -2.318531e-04 -2.279650e-03 -6.856606e-03 2.325826e-04 1.000000e+00 3.197460e-04 -6.734846e-04 2.279575e-03 -3.202754e-04 9.999974e-01 2.593879e-03
9.999977e-01 -3.702355e-04 -2.084601e-03 -5.542371e-03 3.707022e-04 9.999998e-01 2.234809e-04 1.517336e-03 2.084518e-03 -2.242532e-04 9.999978e-01 1.040357e-04
9.999975e-01 3.180735e-04 -2.213450e-03 -1.217053e-02 -3.174319e-04 9.999999e-01 2.902084e-04 -6.166951e-03 2.213542e-03 -2.895050e-04 9.999975e-01 1.189187e-03
9.999974e-01 1.576249e-04 -2.267360e-03 -2.936092e-03 -1.570201e-04 1.000000e+00 2.669088e-04 8.950422e-04 2.267401e-03 -2.665521e-04 9.999974e-01 2.158561e-03
9.999979e-01 -4.757998e-05 -2.050126e-03 -1.194106e-02 4.833900e-05 1.000000e+00 3.701882e-04 1.137286e-03 2.050109e-03 -3.702865e-04 9.999979e-01 8.897989e-04
9.999977e-01 -2.569689e-05 -2.133036e-03 -8.657033e-03 2.639467e-05 9.999999e-01 3.271020e-04 2.491329e-03 2.133027e-03 -3.271576e-04 9.999977e-01 -2.229302e-04
9.999978e-01 -1.829408e-04 -2.098505e-03 -5.236231e-03 1.837133e-04 9.999998e-01 3.679054e-04 -1.573793e-04 2.098437e-03 -3.682901e-04 9.999977e-01 5.332140e-04
9.999974e-01 2.441246e-04 -2.258482e-03 -1.962369e-03 -2.428422e-04 9.999999e-01 5.680819e-04 7.326432e-04 2.258620e-03 -5.675319e-04 9.999973e-01 1.508652e-03
9.999977e-01 -7.322486e-05 -2.119467e-03 -5.447444e-03 7.404665e-05 9.999999e-01 3.876614e-04 3.989891e-03 2.119438e-03 -3.878174e-04 9.999977e-01 1.384557e-04
9.999980e-01 3.223745e-04 -1.970589e-03 -3.841782e-03 -3.213859e-04 9.999998e-01 5.020085e-04 5.066840e-03 1.970750e-03 -5.013741e-04 9.999979e-01 9.016736e-04
9.999976e-01 -9.999997e-06 -2.176212e-03 -7.919365e-03 1.059380e-05 1.000000e+00 2.728517e-04 1.368056e-03 2.176209e-03 -2.728741e-04 9.999976e-01 2.442403e-03
9.999979e-01 -2.334333e-04 -2.033816e-03 -2.703582e-03 2.342667e-04 9.999999e-01 4.095659e-04 1.100977e-03 2.033720e-03 -4.100415e-04 9.999979e-01 7.773315e-04
9.999978e-01 -9.298439e-05 -2.109846e-03 -4.451262e-03 9.363361e-05 9.999999e-01 3.076107e-04 5.732088e-03 2.109817e-03 -3.078075e-04 9.999977e-01 1.847739e-03
9.999977e-01 -2.655572e-04 -2.123249e-03 -4.319018e-03 2.663372e-04 9.999999e-01 3.670666e-04 4.851410e-03 2.123151e-03 -3.676313e-04 9.999977e-01 1.030551e-03
9.999979e-01 1.919008e-04 -2.054415e-03 -2.977582e-03 -1.910252e-04 1.000000e+00 4.264205e-04 4.055100e-03 2.054497e-03 -4.260271e-04 9.999978e-01 2.682158e-04
9.999973e-01 2.832297e-04 -2.297812e-03 -3.101374e-04 -2.823611e-04 9.999998e-01 3.783134e-04 -5.106335e-03 2.297919e-03 -3.776636e-04 9.999973e-01 2.443811e-03
9.999976e-01 -7.448308e-05 -2.203706e-03 -3.090390e-03 7.552745e-05 9.999998e-01 4.738297e-04 1.452168e-03 2.203671e-03 -4.739950e-04 9.999974e-01 6.809661e-04
9.999976e-01 9.670931e-05 -2.176596e-03 -6.437232e-03 -9.569590e-05 1.000000e+00 4.656962e-04 -1.122274e-03 2.176641e-03 -4.654868e-04 9.999975e-01 2.458256e-03
9.999978e-01 1.605797e-04 -2.082246e-03 -6.284191e-05 -1.598069e-04 1.000000e+00 3.713027e-04 2.235540e-03 2.082305e-03 -3.709691e-04 9.999977e-01 1.221935e-03
9.999978e-01 8.079193e-05 -2.091891e-03 -2.783232e-03 -8.007222e-05 1.000000e+00 3.441288e-04 4.284860e-03 2.091919e-03 -3.439605e-04 9.999977e-01 -1.650469e-04
9.999975e-01 -6.317345e-04 -2.138528e-03 4.045472e-03 6.325044e-04 9.999996e-01 3.593584e-04 9.611454e-03 2.138300e-03 -3.607101e-04 9.999977e-01 1.073255e-03
9.999979e-01 -1.460258e-04 -2.063432e-03 -4.650330e-03 1.468241e-04 1.000000e+00 3.867444e-04 1.045321e-02 2.063375e-03 -3.870465e-04 9.999978e-01 1.326398e-03
9.999979e-01 -3.933803e-04 -2.023322e-03 2.624636e-03 3.940837e-04 9.999999e-01 3.472383e-04 7.848900e-03 2.023185e-03 -3.480349e-04 9.999979e-01 8.644928e-04
9.999978e-01 -1.722223e-04 -2.100122e-03 -5.855147e-03 1.731126e-04 9.999998e-01 4.237254e-04 7.174456e-03 2.100049e-03 -4.240881e-04 9.999977e-01 -3.151364e-04
9.999976e-01 1.355547e-04 -2.211191e-03 -7.467558e-03 -1.347114e-04 9.999999e-01 3.815329e-04 2.727540e-03 2.211243e-03 -3.812342e-04 9.999975e-01 1.412283e-03
9.999978e-01 2.108037e-04 -2.079928e-03 -3.586469e-03 -2.101901e-04 1.000000e+00 2.952317e-04 2.048888e-03 2.079990e-03 -2.947939e-04 9.999978e-01 -4.080074e-04
9.999978e-01 1.810073e-05 -2.098129e-03 -2.932654e-04 -1.715370e-05 9.999998e-01 4.513886e-04 3.663065e-03 2.098137e-03 -4.513516e-04 9.999977e-01 -1.477470e-04
9.999977e-01 -2.008526e-04 -2.138128e-03 -7.819341e-04 2.017842e-04 9.999999e-01 4.355089e-04 4.209876e-03 2.138040e-03 -4.359393e-04 9.999976e-01 1.757876e-03
9.999979e-01 4.544595e-05 -2.027598e-03 -4.732586e-03 -4.484041e-05 9.999999e-01 2.986890e-04 1.004237e-02 2.027612e-03 -2.985974e-04 9.999979e-01 2.354368e-04
9.999980e-01 -7.231736e-05 -2.018485e-03 3.668900e-03 7.324578e-05 9.999999e-01 4.598944e-04 4.613260e-03 2.018451e-03 -4.600413e-04 9.999979e-01 4.579352e-04
9.999977e-01 -1.692221e-04 -2.120802e-03 -3.600676e-03 1.700010e-04 9.999999e-01 3.670617e-04 5.538751e-03 2.120740e-03 -3.674214e-04 9.999977e-01 2.958259e-03
9.999977e-01 2.296176e-04 -2.138939e-03 -1.298178e-03 -2.287235e-04 9.999999e-01 4.182142e-04 -1.099839e-03 2.139035e-03 -4.177240e-04 9.999976e-01 1.050386e-03
9.999977e-01 2.017913e-04 -2.125407e-03 -2.976029e-03 -2.007780e-04 9.999999e-01 4.769567e-04 1.486952e-03 2.125503e-03 -4.765288e-04 9.999976e-01 1.020258e-03
9.999976e-01 -2.282834e-04 -2.162096e-03 -1.712277e-03 2.289416e-04 1.000000e+00 3.041778e-04 3.315622e-03 2.162026e-03 -3.046721e-04 9.999976e-01 4.798613e-05
9.999976e-01 -1.755629e-04 -2.209552e-03 -5.025193e-03 1.763620e-04 9.999998e-01 3.614534e-04 1.455332e-03 2.209488e-03 -3.618421e-04 9.999975e-01 8.002642e-04
9.999974e-01 -6.978105e-05 -2.259278e-03 1.249381e-03 7.094091e-05 9.999999e-01 5.132996e-04 2.972879e-03 2.259242e-03 -5.134585e-04 9.999973e-01 8.813935e-04
9.999977e-01 7.149440e-05 -2.131744e-03 -6.704953e-03 -7.079618e-05 9.999999e-01 3.276085e-04 1.450898e-03 2.131767e-03 -3.274568e-04 9.999977e-01 2.314604e-03
9.999974e-01 -2.534225e-04 -2.270454e-03 -2.132947e-03 2.542904e-04 1.000000e+00 3.819893e-04 4.700693e-03 2.270357e-03 -3.825657e-04 9.999974e-01 2.366012e-03
9.999976e-01 -1.809348e-04 -2.211917e-03 -6.367001e-04 1.823081e-04 9.999999e-01 6.206519e-04 2.240466e-03 2.211805e-03 -6.210537e-04 9.999974e-01 2.238872e-03
9.999979e-01 2.756560e-04 -2.060334e-03 -8.136658e-03 -2.746939e-04 9.999998e-01 4.672044e-04 3.412529e-03 2.060462e-03 -4.666375e-04 9.999978e-01 -8.777984e-04
9.999979e-01 -8.273459e-05 -2.047173e-03 -2.267424e-03 8.368334e-05 1.000000e+00 4.633674e-04 6.536577e-03 2.047134e-03 -4.635377e-04 9.999978e-01 2.418862e-04
9.999980e-01 2.441981e-05 -2.021445e-03 -9.663208e-03 -2.371800e-05 9.999999e-01 3.472049e-04 3.421978e-03 2.021453e-03 -3.471562e-04 9.999979e-01 -4.125490e-04
9.999978e-01 1.435561e-04 -2.098153e-03 6.504349e-04 -1.425680e-04 9.999998e-01 4.710568e-04 2.536233e-03 2.098221e-03 -4.707566e-04 9.999977e-01 3.899863e-04
9.999979e-01 -6.407885e-05 -2.053011e-03 2.761135e-03 6.501176e-05 1.000000e+00 4.543459e-04 9.713842e-03 2.052982e-03 -4.544785e-04 9.999978e-01 1.681421e-03
9.999979e-01 -5.647899e-06 -2.083455e-03 -3.893228e-03 6.376433e-06 1.000000e+00 3.496690e-04 5.598566e-03 2.083452e-03 -3.496816e-04 9.999978e-01 5.671511e-04
9.999977e-01 1.846579e-04 -2.155707e-03 -3.721222e-03 -1.838237e-04 9.999999e-01 3.871490e-04 1.114510e-04 2.155778e-03 -3.867519e-04 9.999976e-01 2.403596e-03
9.999977e-01 1.866486e-05 -2.159473e-03 -4.907615e-03 -1.760417e-05 1.000000e+00 4.911990e-04 -2.154323e-03 2.159482e-03 -4.911599e-04 9.999976e-01 9.541907e-04
9.999979e-01 -3.042043e-04 -2.006977e-03 -2.814495e-03 3.052661e-04 9.999999e-01 5.288070e-04 8.328648e-03 2.006816e-03 -5.294185e-04 9.999979e-01 9.648605e-04
9.999979e-01 -1.317268e-04 -2.077654e-03 -1.767312e-03 1.325889e-04 1.000000e+00 4.148311e-04 7.287893e-03 2.077599e-03 -4.151056e-04 9.999977e-01 2.138794e-03
9.999976e-01 2.149593e-04 -2.161486e-03 -4.843691e-03 -2.141675e-04 1.000000e+00 3.665508e-04 -7.966140e-04 2.161565e-03 -3.660870e-04 9.999976e-01 2.369276e-03
9.999976e-01 2.579956e-04 -2.156164e-03 -1.573516e-03 -2.570738e-04 1.000000e+00 4.278300e-04 1.118296e-03 2.156274e-03 -4.272747e-04 9.999976e-01 6.060794e-04
9.999976e-01 2.115809e-04 -2.168333e-03 -8.508909e-03 -2.104376e-04 9.999998e-01 5.275040e-04 -8.339428e-04 2.168444e-03 -5.270465e-04 9.999975e-01 9.261352e-04
9.999979e-01 -2.170684e-04 -2.071565e-03 -1.062766e-03 2.175325e-04 1.000000e+00 2.238048e-04 5.276304e-03 2.071516e-03 -2.242550e-04 9.999979e-01 1.997138e-04
9.999980e-01 2.312103e-04 -1.981776e-03 -4.324484e-03 -2.305735e-04 9.999998e-01 3.215292e-04 6.615090e-03 1.981850e-03 -3.210717e-04 9.999980e-01 1.756561e-03
9.999982e-01 -7.823707e-05 -1.926656e-03 4.053325e-03 7.912587e-05 1.000000e+00 4.612488e-04 5.884829e-03 1.926620e-03 -4.614003e-04 9.999980e-01 -2.818282e-03
9.999978e-01 -4.031866e-04 -2.069605e-03 3.371692e-03 4.038341e-04 9.999998e-01 3.124295e-04 1.353838e-02 2.069478e-03 -3.132646e-04 9.999978e-01 2.416043e-03
9.999979e-01 -5.948606e-04 -1.981899e-03 2.830226e-03 5.958428e-04 9.999998e-01 4.950268e-04 1.254569e-02 1.981604e-03 -4.962066e-04 9.999979e-01 2.195975e-04
9.999974e-01 -4.346337e-04 -2.208516e-03 -5.021077e-03 4.351169e-04 9.999998e-01 2.183213e-04 8.672654e-04 2.208421e-03 -2.192817e-04 9.999976e-01 1.166237e-03
9.999978e-01 -2.525312e-04 -2.078358e-03 -7.567923e-05 2.534433e-04 9.999998e-01 4.385865e-04 2.305387e-03 2.078247e-03 -4.391122e-04 9.999977e-01 8.701223e-04
9.999977e-01 -4.204827e-04 -2.087756e-03 4.821247e-03 4.210943e-04 9.999998e-01 2.925278e-04 5.973092e-03 2.087632e-03 -2.934063e-04 9.999978e-01 1.938865e-04
9.999979e-01 -3.149633e-04 -2.028046e-03 1.485003e-03 3.160265e-04 9.999999e-01 5.239454e-04 2.371396e-03 2.027881e-03 -5.245853e-04 9.999978e-01 2.511067e-03
9.999981e-01 6.594379e-05 -1.961963e-03 -2.805015e-03 -6.493631e-05 9.999998e-01 5.135582e-04 1.184663e-02 1.961997e-03 -5.134298e-04 9.999979e-01 7.909904e-04
9.999979e-01 -2.498258e-04 -2.049135e-03 -3.576043e-03 2.506581e-04 1.000000e+00 4.059186e-04 5.698116e-03 2.049033e-03 -4.064314e-04 9.999978e-01 8.013575e-05
9.999980e-01 7.183618e-05 -2.004448e-03 -4.769521e-03 -7.108106e-05 9.999999e-01 3.767938e-04 3.535154e-03 2.004475e-03 -3.766505e-04 9.999979e-01 6.017281e-04
9.999976e-01 -3.914188e-05 -2.206177e-03 -7.545197e-06 3.997472e-05 9.999998e-01 3.774592e-04 2.127128e-03 2.206162e-03 -3.775465e-04 9.999975e-01 2.106998e-04
9.999980e-01 -5.786461e-05 -2.005378e-03 3.582955e-03 5.887257e-05 9.999999e-01 5.025740e-04 5.109630e-03 2.005349e-03 -5.026910e-04 9.999979e-01 4.348826e-04
9.999981e-01 -4.009726e-04 -1.914161e-03 1.655740e-03 4.019944e-04 9.999996e-01 5.334748e-04 9.467649e-03 1.913946e-03 -5.342433e-04 9.999980e-01 4.111006e-04
9.999977e-01 2.731769e-04 -2.118851e-03 2.515186e-03 -2.723979e-04 9.999999e-01 3.679106e-04 2.105832e-03 2.118951e-03 -3.673326e-04 9.999977e-01 1.084845e-03
9.999977e-01 -9.177966e-05 -2.122528e-03 -2.663259e-03 9.261970e-05 9.999999e-01 3.956787e-04 4.760695e-03 2.122492e-03 -3.958744e-04 9.999977e-01 6.707156e-04
9.999977e-01 4.836630e-04 -2.097717e-03 -4.993929e-03 -4.827739e-04 9.999998e-01 4.243441e-04 -2.034328e-03 2.097922e-03 -4.233304e-04 9.999977e-01 6.355252e-04
9.999980e-01 -2.461413e-04 -1.970303e-03 -9.142638e-03 2.469037e-04 9.999998e-01 3.867359e-04 2.719895e-03 1.970207e-03 -3.872216e-04 9.999980e-01 7.827629e-04
9.999978e-01 3.934024e-04 -2.064282e-03 -1.578431e-03 -3.925623e-04 9.999998e-01 4.073927e-04 5.024065e-03 2.064442e-03 -4.065815e-04 9.999978e-01 3.861994e-04
9.999978e-01 3.416520e-04 -2.079365e-03 -6.723178e-03 -3.405119e-04 9.999998e-01 5.485901e-04 -3.357456e-03 2.079553e-03 -5.478808e-04 9.999977e-01 1.501037e-03
9.999976e-01 -9.524111e-05 -2.178506e-03 1.356518e-03 9.605649e-05 1.000000e+00 3.741771e-04 -2.494295e-03 2.178471e-03 -3.743855e-04 9.999976e-01 1.537566e-03
9.999979e-01 -5.914494e-05 -2.039452e-03 1.630926e-03 6.003715e-05 9.999999e-01 4.374181e-04 2.882831e-03 2.039426e-03 -4.375397e-04 9.999979e-01 -7.767307e-05
9.999978e-01 2.460996e-04 -2.080252e-03 -8.279335e-04 -2.450021e-04 9.999998e-01 5.278341e-04 2.019958e-03 2.080382e-03 -5.273232e-04 9.999977e-01 1.141475e-03
9.999977e-01 -1.906228e-04 -2.141923e-03 9.877901e-04 1.911204e-04 9.999999e-01 2.321280e-04 5.144773e-03 2.141879e-03 -2.325368e-04 9.999977e-01 1.818636e-03
9.999977e-01 -2.755951e-04 -2.137641e-03 -2.005596e-03 2.764430e-04 9.999999e-01 3.963640e-04 2.993658e-03 2.137531e-03 -3.969540e-04 9.999976e-01 9.541852e-04
9.999977e-01 -1.918206e-04 -2.147506e-03 -6.901632e-04 1.924933e-04 9.999999e-01 3.130384e-04 -5.114240e-04 2.147446e-03 -3.134510e-04 9.999976e-01 2.711915e-03
9.999977e-01 -2.383935e-04 -2.149220e-03 -1.271743e-03 2.396016e-04 9.999999e-01 5.618524e-04 3.772586e-03 2.149086e-03 -5.623660e-04 9.999976e-01 1.201593e-03
9.999977e-01 6.462512e-06 -2.147405e-03 6.045857e-03 -5.185032e-06 9.999999e-01 5.948997e-04 7.022421e-03 2.147408e-03 -5.948872e-04 9.999975e-01 1.869169e-03
9.999978e-01 1.781855e-04 -2.099730e-03 -7.033758e-03 -1.770795e-04 9.999998e-01 5.268831e-04 1.570872e-05 2.099824e-03 -5.265101e-04 9.999977e-01 2.071386e-03
9.999979e-01 -1.522563e-04 -2.061754e-03 3.411052e-04 1.528085e-04 1.000000e+00 2.676982e-04 5.302052e-03 2.061713e-03 -2.680127e-04 9.999979e-01 5.792934e-04
9.999980e-01 2.271873e-04 -2.005109e-03 1.837716e-03 -2.260974e-04 9.999999e-01 5.437777e-04 6.671847e-03 2.005232e-03 -5.433232e-04 9.999979e-01 3.039651e-04
9.999976e-01 6.755934e-06 -2.179602e-03 3.060147e-03 -5.840542e-06 1.000000e+00 4.199873e-04 2.640706e-03 2.179604e-03 -4.199735e-04 9.999976e-01 1.747891e-03
9.999978e-01 3.622903e-05 -2.097595e-03 -1.751259e-03 -3.539864e-05 9.999998e-01 3.959114e-04 4.278074e-04 2.097609e-03 -3.958362e-04 9.999977e-01 6.653604e-04
9.999977e-01 -6.061798e-06 -2.117700e-03 -4.752385e-03 6.986319e-06 9.999999e-01 4.365616e-04 -3.331867e-03 2.117698e-03 -4.365754e-04 9.999977e-01 1.453138e-03
9.999976e-01 -2.661476e-04 -2.168119e-03 5.956840e-04 2.670568e-04 1.000000e+00 4.190631e-04 3.169043e-03 2.168008e-03 -4.196411e-04 9.999976e-01 2.668716e-03
9.999975e-01 7.943786e-05 -2.230024e-03 -8.486595e-03 -7.850151e-05 9.999999e-01 4.199687e-04 3.114710e-03 2.230057e-03 -4.197926e-04 9.999974e-01 2.181256e-03
9.999977e-01 5.567020e-05 -2.137187e-03 4.171890e-03 -5.495839e-05 9.999999e-01 3.331147e-04 3.620203e-03 2.137206e-03 -3.329965e-04 9.999977e-01 1.432358e-03
9.999977e-01 -3.949992e-04 -2.088401e-03 9.884337e-03 3.960857e-04 9.999998e-01 5.198994e-04 8.430091e-03 2.088195e-03 -5.207253e-04 9.999977e-01 2.003327e-03
9.999977e-01 1.673573e-04 -2.145181e-03 4.574427e-04 -1.663163e-04 9.999999e-01 4.854324e-04 2.778588e-03 2.145262e-03 -4.850745e-04 9.999976e-01 1.683840e-03
9.999978e-01 1.566222e-04 -2.094117e-03 -7.124682e-03 -1.557877e-04 9.999998e-01 3.986311e-04 8.013144e-03 2.094179e-03 -3.983040e-04 9.999977e-01 1.134154e-03
9.999979e-01 -9.780922e-06 -2.028436e-03 -1.930204e-03 1.058205e-05 9.999999e-01 3.949395e-04 4.149610e-03 2.028432e-03 -3.949601e-04 9.999979e-01 1.649370e-03
9.999979e-01 2.074877e-04 -2.030561e-03 -1.319986e-03 -2.066924e-04 9.999999e-01 3.918803e-04 6.324584e-03 2.030642e-03 -3.914598e-04 9.999979e-01 -1.111090e-03
9.999979e-01 -3.770961e-05 -2.069390e-03 3.742196e-03 3.876600e-05 9.999998e-01 5.104461e-04 6.079129e-03 2.069371e-03 -5.105252e-04 9.999977e-01 2.507278e-03
9.999979e-01 2.492196e-04 -2.025476e-03 -2.404261e-03 -2.483581e-04 9.999999e-01 4.255699e-04 3.728524e-03 2.025582e-03 -4.250660e-04 9.999979e-01 8.207050e-05
9.999980e-01 -2.234519e-04 -2.000666e-03 1.851164e-03 2.240124e-04 9.999999e-01 2.799783e-04 7.456010e-03 2.000603e-03 -2.804259e-04 9.999980e-01 6.293593e-04
9.999980e-01 1.256063e-04 -2.004796e-03 -4.958798e-03 -1.245456e-04 9.999999e-01 5.291955e-04 6.656356e-03 2.004862e-03 -5.289447e-04 9.999979e-01 1.114041e-03
9.999977e-01 3.782204e-04 -2.105406e-03 -6.055154e-03 -3.771763e-04 9.999999e-01 4.962806e-04 -3.395432e-03 2.105593e-03 -4.954854e-04 9.999977e-01 2.086526e-04
9.999979e-01 2.238488e-04 -2.035760e-03 1.079347e-04 -2.233439e-04 9.999999e-01 2.481878e-04 2.231688e-03 2.035816e-03 -2.477326e-04 9.999979e-01 8.825502e-04
9.999979e-01 2.197191e-04 -2.066498e-03 -1.109842e-02 -2.184327e-04 9.999998e-01 6.227394e-04 -2.993883e-03 2.066635e-03 -6.222866e-04 9.999977e-01 8.018846e-04
9.999977e-01 2.606225e-04 -2.099270e-03 -7.641632e-03 -2.599457e-04 9.999998e-01 3.226734e-04 2.419051e-03 2.099354e-03 -3.221270e-04 9.999977e-01 1.004343e-03
9.999977e-01 8.613200e-05 -2.123140e-03 -7.731596e-04 -8.522325e-05 9.999999e-01 4.281071e-04 6.535727e-03 2.123176e-03 -4.279252e-04 9.999977e-01 2.373081e-03
9.999979e-01 3.569007e-04 -2.019434e-03 -5.592005e-03 -3.561076e-04 9.999999e-01 3.930585e-04 2.240250e-03 2.019575e-03 -3.923386e-04 9.999979e-01 3.589505e-05
9.999980e-01 -8.165657e-05 -2.003613e-03 4.883625e-03 8.265633e-05 9.999999e-01 4.988996e-04 7.340046e-03 2.003572e-03 -4.990642e-04 9.999979e-01 1.275258e-03
9.999980e-01 2.405153e-04 -2.009897e-03 -1.348501e-03 -2.395236e-04 9.999999e-01 4.936078e-04 1.202446e-03 2.010016e-03 -4.931254e-04 9.999979e-01 -1.192295e-04
9.999976e-01 1.276016e-04 -2.183964e-03 -5.966302e-03 -1.268534e-04 1.000000e+00 3.427292e-04 -4.203757e-04 2.184008e-03 -3.424513e-04 9.999976e-01 2.226805e-03
9.999977e-01 1.993836e-04 -2.110855e-03 1.624428e-03 -1.985594e-04 9.999999e-01 3.906518e-04 1.629870e-03 2.110933e-03 -3.902317e-04 9.999977e-01 2.278857e-03
9.999976e-01 1.898757e-04 -2.197482e-03 -2.841328e-03 -1.892439e-04 1.000000e+00 2.877048e-04 1.307864e-03 2.197536e-03 -2.872883e-04 9.999976e-01 3.029868e-03
9.999976e-01 -1.567201e-04 -2.195866e-03 -2.557608e-03 1.574493e-04 1.000000e+00 3.319403e-04 2.537206e-03 2.195813e-03 -3.322852e-04 9.999976e-01 1.709479e-03
9.999979e-01 -9.830426e-05 -2.064128e-03 2.725657e-03 9.877328e-05 1.000000e+00 2.271284e-04 6.886978e-03 2.064105e-03 -2.273318e-04 9.999979e-01 2.321806e-03
9.999977e-01 6.509302e-05 -2.121948e-03 -4.229991e-05 -6.435179e-05 9.999999e-01 3.493852e-04 3.577291e-03 2.121971e-03 -3.492479e-04 9.999977e-01 2.525525e-03
9.999976e-01 3.480073e-05 -2.176934e-03 -1.509368e-03 -3.380005e-05 1.000000e+00 4.597101e-04 2.387421e-03 2.176950e-03 -4.596354e-04 9.999975e-01 2.489568e-03
9.999978e-01 7.773760e-05 -2.104785e-03 -4.220558e-03 -7.679886e-05 9.999999e-01 4.460826e-04 3.427465e-03 2.104820e-03 -4.459200e-04 9.999977e-01 8.474872e-04
9.999978e-01 -2.426316e-05 -2.090264e-03 1.362407e-03 2.500096e-05 1.000000e+00 3.529470e-04 4.736414e-03 2.090255e-03 -3.529986e-04 9.999977e-01 5.670047e-04
9.999977e-01 -1.574714e-04 -2.150200e-03 2.986802e-03 1.582626e-04 9.999999e-01 3.678071e-04 7.881257e-03 2.150142e-03 -3.681465e-04 9.999976e-01 2.019116e-03
9.999979e-01 1.292911e-04 -2.046529e-03 3.198989e-03 -1.280546e-04 9.999998e-01 6.042701e-04 4.570980e-03 2.046607e-03 -6.040068e-04 9.999977e-01 6.411499e-04
9.999978e-01 3.359858e-05 -2.094727e-03 1.111950e-03 -3.292001e-05 1.000000e+00 3.239739e-04 3.157347e-03 2.094737e-03 -3.239042e-04 9.999977e-01 1.727159e-03
9.999977e-01 -2.399548e-04 -2.141351e-03 9.804594e-04 2.408358e-04 9.999999e-01 4.112075e-04 1.440961e-03 2.141252e-03 -4.117223e-04 9.999976e-01 -5.696024e-04
9.999980e-01 -2.260009e-04 -1.961320e-03 3.103778e-03 2.268678e-04 9.999998e-01 4.417826e-04 1.449086e-02 1.961220e-03 -4.422267e-04 9.999980e-01 9.930985e-04
9.999976e-01 -7.052605e-05 -2.213501e-03 -2.014339e-03 7.163231e-05 9.999999e-01 4.997053e-04 2.265456e-03 2.213466e-03 -4.998626e-04 9.999974e-01 2.485185e-03
9.999977e-01 3.515650e-04 -2.114039e-03 2.698663e-04 -3.504811e-04 9.999999e-01 5.130714e-04 1.394395e-03 2.114219e-03 -5.123292e-04 9.999976e-01 2.221822e-03
9.999979e-01 -7.262119e-05 -2.044129e-03 4.768846e-03 7.369702e-05 1.000000e+00 5.262290e-04 8.478927e-03 2.044090e-03 -5.263786e-04 9.999978e-01 8.870313e-04
9.999978e-01 2.031833e-07 -2.093622e-03 -9.843680e-04 4.237336e-07 1.000000e+00 2.994408e-04 5.336106e-03 2.093622e-03 -2.994410e-04 9.999977e-01 2.074192e-03
9.999978e-01 1.410913e-04 -2.084196e-03 -4.617796e-03 -1.400720e-04 9.999998e-01 4.891927e-04 4.796519e-03 2.084265e-03 -4.888997e-04 9.999977e-01 1.586441e-03
9.999980e-01 -1.756227e-05 -1.973721e-03 -1.686678e-03 1.862844e-05 9.999998e-01 5.401645e-04 1.099345e-02 1.973711e-03 -5.402002e-04 9.999979e-01 8.260045e-04
9.999977e-01 1.595219e-04 -2.138495e-03 1.936484e-03 -1.585205e-04 9.999999e-01 4.684153e-04 6.948870e-03 2.138569e-03 -4.680752e-04 9.999976e-01 3.184702e-03
9.999977e-01 2.330324e-04 -2.144872e-03 -5.818438e-03 -2.323229e-04 9.999999e-01 3.310448e-04 2.070955e-03 2.144949e-03 -3.305457e-04 9.999976e-01 8.144337e-04
9.999979e-01 1.627573e-04 -2.073549e-03 -2.072914e-03 -1.619517e-04 1.000000e+00 3.886839e-04 4.517164e-03 2.073611e-03 -3.883472e-04 9.999978e-01 2.383130e-03
9.999979e-01 1.785782e-04 -2.060021e-03 -6.200165e-03 -1.776184e-04 1.000000e+00 4.660517e-04 7.532706e-03 2.060104e-03 -4.656848e-04 9.999978e-01 6.205442e-04
9.999980e-01 -8.712480e-05 -2.022407e-03 1.372258e-03 8.781419e-05 9.999999e-01 3.407939e-04 8.687345e-03 2.022377e-03 -3.409708e-04 9.999979e-01 -1.081102e-04
9.999979e-01 -1.122754e-04 -2.069767e-03 -5.299919e-03 1.129396e-04 1.000000e+00 3.207709e-04 4.704549e-03 2.069731e-03 -3.210040e-04 9.999978e-01 1.280498e-03
9.999977e-01 3.797639e-04 -2.095749e-03 -9.801308e-03 -3.788395e-04 9.999998e-01 4.414660e-04 -2.185238e-03 2.095917e-03 -4.406710e-04 9.999977e-01 1.907022e-03
9.999977e-01 -6.016363e-05 -2.119743e-03 1.908153e-03 6.079466e-05 9.999999e-01 2.976285e-04 7.221104e-03 2.119725e-03 -2.977566e-04 9.999977e-01 1.287346e-03
9.999976e-01 1.826572e-04 -2.197345e-03 -4.525107e-03 -1.819329e-04 1.000000e+00 3.297876e-04 4.050433e-03 2.197405e-03 -3.293870e-04 9.999976e-01 2.120199e-03
9.999980e-01 -1.387477e-04 -1.990051e-03 -8.944924e-03 1.396324e-04 9.999999e-01 4.444421e-04 8.506189e-03 1.989989e-03 -4.447191e-04 9.999979e-01 6.238036e-04
9.999978e-01 -4.250156e-04 -2.056756e-03 4.416324e-04 4.257689e-04 9.999998e-01 3.658018e-04 1.132596e-02 2.056600e-03 -3.666767e-04 9.999978e-01 1.373934e-03
9.999976e-01 -3.982853e-04 -2.154617e-03 -1.953803e-03 3.990853e-04 9.999999e-01 3.709085e-04 7.002715e-03 2.154469e-03 -3.717675e-04 9.999976e-01 2.518391e-03
9.999979e-01 -1.261758e-04 -2.024861e-03 -1.003778e-03 1.270850e-04 9.999999e-01 4.488890e-04 4.925168e-03 2.024804e-03 -4.491454e-04 9.999979e-01 6.037052e-04
9.999976e-01 -3.255417e-04 -2.156428e-03 -3.752570e-03 3.262030e-04 1.000000e+00 3.063297e-04 4.850328e-03 2.156327e-03 -3.070324e-04 9.999976e-01 2.188654e-03
9.999977e-01 -2.710889e-04 -2.110856e-03 3.952861e-03 2.718591e-04 9.999999e-01 3.645755e-04 2.628951e-03 2.110757e-03 -3.651485e-04 9.999977e-01 1.505466e-03
9.999978e-01 -1.286395e-04 -2.089947e-03 -5.827031e-03 1.291665e-04 1.000000e+00 2.520152e-04 5.989081e-03 2.089914e-03 -2.522846e-04 9.999978e-01 -8.109409e-05
9.999977e-01 -1.872902e-04 -2.120549e-03 -2.552498e-03 1.882913e-04 9.999999e-01 4.718959e-04 5.816883e-03 2.120461e-03 -4.722941e-04 9.999976e-01 2.282563e-03
9.999980e-01 -3.170950e-04 -1.990580e-03 2.824045e-03 3.182412e-04 9.999999e-01 5.755593e-04 4.245373e-03 1.990397e-03 -5.761917e-04 9.999979e-01 1.861273e-04
9.999979e-01 5.147949e-05 -2.082644e-03 -4.059357e-03 -5.065311e-05 1.000000e+00 3.968441e-04 -4.334830e-03 2.082664e-03 -3.967377e-04 9.999977e-01 1.294795e-04
9.999977e-01 -1.921028e-04 -2.143127e-03 -8.560730e-04 1.931846e-04 9.999999e-01 5.046059e-04 5.158379e-03 2.143030e-03 -5.050187e-04 9.999976e-01 2.001038e-03
9.999978e-01 -1.095369e-04 -2.107165e-03 -8.735106e-04 1.105030e-04 9.999999e-01 4.583520e-04 4.130807e-03 2.107114e-03 -4.585839e-04 9.999977e-01 7.183366e-04
9.999980e-01 -2.498130e-04 -2.008249e-03 -8.062512e-04 2.503843e-04 9.999999e-01 2.842171e-04 3.236870e-03 2.008178e-03 -2.847194e-04 9.999979e-01 7.430527e-04
9.999977e-01 -1.076396e-04 -2.160827e-03 -1.045722e-03 1.084411e-04 1.000000e+00 3.708098e-04 3.591109e-03 2.160787e-03 -3.710433e-04 9.999976e-01 1.697301e-03
9.999978e-01 -1.010809e-04 -2.094742e-03 5.410832e-03 1.020397e-04 9.999998e-01 4.576049e-04 9.748227e-03 2.094696e-03 -4.578176e-04 9.999977e-01 5.287273e-04
9.999979e-01 1.003287e-04 -2.042949e-03 2.966307e-03 -9.939427e-05 1.000000e+00 4.574966e-04 5.639170e-03 2.042994e-03 -4.572925e-04 9.999978e-01 2.474422e-03
9.999977e-01 -3.699418e-04 -2.131260e-03 -2.483976e-03 3.707946e-04 9.999999e-01 3.997796e-04 6.723373e-03 2.131112e-03 -4.005689e-04 9.999977e-01 2.114433e-03
9.999978e-01 1.078841e-04 -2.106493e-03 -5.087166e-03 -1.067330e-04 9.999999e-01 5.465522e-04 5.722362e-03 2.106552e-03 -5.463261e-04 9.999976e-01 1.759813e-03
9.999977e-01 5.505576e-05 -2.154776e-03 -3.951572e-03 -5.402542e-05 9.999999e-01 4.782206e-04 1.334731e-04 2.154802e-03 -4.781030e-04 9.999976e-01 2.729810e-03
9.999979e-01 -9.368032e-05 -2.027644e-03 -3.489982e-03 9.418531e-05 9.999999e-01 2.489606e-04 4.569002e-03 2.027621e-03 -2.491511e-04 9.999979e-01 7.938276e-04
9.999978e-01 -2.500212e-04 -2.073846e-03 4.514962e-03 2.508084e-04 1.000000e+00 3.793184e-04 8.786067e-03 2.073751e-03 -3.798377e-04 9.999978e-01 1.824223e-03
9.999977e-01 -1.165528e-04 -2.117176e-03 -3.101580e-03 1.175263e-04 9.999999e-01 4.597049e-04 4.401647e-03 2.117122e-03 -4.599527e-04 9.999977e-01 2.700893e-03
