1.000000e+00 0.000000e+00 0.000000e+00 0.000000e+00 0.000000e+00 1.000000e+00 0.000000e+00 0.000000e+00 0.000000e+00 0.000000e+00 1.000000e+00 0.000000e+00
9.999996e-01 1.935165e-04 -8.288196e-04 1.070823e-01 -1.946349e-04 9.999992e-01 -1.349413e-03 -2.720708e-02 8.285577e-04 1.349574e-03 9.999987e-01 -4.412785e-03
9.999927e-01 1.149633e-03 -3.634779e-03 1.313229e-01 -1.157243e-03 9.999970e-01 -2.092048e-03 -4.403728e-02 3.632364e-03 2.096239e-03 9.999912e-01 -2.623614e-05
9.999937e-01 2.391013e-03 -2.624459e-03 1.417070e-01 -2.399456e-03 9.999920e-01 -3.218668e-03 -6.105451e-02 2.616742e-03 3.224945e-03 9.999914e-01 -3.266481e-04
9.999908e-01 1.224644e-03 -4.114020e-03 1.420581e-01 -1.235474e-03 9.999958e-01 -2.631061e-03 -7.553575e-02 4.110781e-03 2.636120e-03 9.999881e-01 2.227713e-02
9.999942e-01 6.404834e-04 -3.355236e-03 1.231879e-01 -6.451950e-04 9.999987e-01 -1.403355e-03 -9.524142e-02 3.354334e-03 1.405512e-03 9.999934e-01 9.242080e-03
9.999928e-01 -2.089833e-04 -3.788073e-03 1.120424e-01 2.047107e-04 9.999993e-01 -1.128256e-03 -1.050053e-01 3.788307e-03 1.127473e-03 9.999922e-01 5.786475e-03
9.999915e-01 -4.140855e-04 -4.101876e-03 9.165452e-02 3.999072e-04 9.999939e-01 -3.456746e-03 -1.215513e-01 4.103282e-03 3.455077e-03 9.999856e-01 2.387810e-03
9.999970e-01 -6.400959e-04 -2.385502e-03 4.160151e-02 6.311360e-04 9.999928e-01 -3.754829e-03 -1.364172e-01 2.387888e-03 3.753312e-03 9.999901e-01 1.401610e-02
9.999936e-01 -1.523158e-03 -3.247311e-03 -1.137375e-02 1.519516e-03 9.999981e-01 -1.123697e-03 -1.449482e-01 3.249017e-03 1.118755e-03 9.999941e-01 2.981932e-03
9.999929e-01 -1.928398e-03 -3.229147e-03 -3.298082e-02 1.928391e-03 9.999981e-01 -5.116517e-06 -1.544260e-01 3.229150e-03 -1.110578e-06 9.999948e-01 1.178595e-02
9.999807e-01 -2.438510e-03 -5.714345e-03 -9.770073e-02 2.430927e-03 9.999961e-01 -1.333729e-03 -1.622084e-01 5.717576e-03 1.319812e-03 9.999828e-01 1.433867e-02
9.999872e-01 -2.657362e-03 -4.306454e-03 -1.323249e-01 2.651794e-03 9.999957e-01 -1.298229e-03 -1.689009e-01 4.309885e-03 1.286793e-03 9.999899e-01 1.885598e-02
9.999710e-01 -3.011160e-03 -6.993413e-03 -2.043337e-01 2.994673e-03 9.999927e-01 -2.366796e-03 -1.815820e-01 7.000489e-03 2.345784e-03 9.999728e-01 2.590921e-02
9.999707e-01 -2.966034e-03 -7.062336e-03 -2.675774e-01 2.934715e-03 9.999859e-01 -4.440787e-03 -1.895573e-01 7.075407e-03 4.419931e-03 9.999652e-01 4.856364e-02
9.999638e-01 -3.000015e-03 -7.967349e-03 -3.440073e-01 2.973392e-03 9.999901e-01 -3.351342e-03 -1.967044e-01 7.977324e-03 3.327531e-03 9.999626e-01 5.465582e-02
9.999695e-01 -3.166636e-03 -7.135860e-03 -4.029973e-01 3.146314e-03 9.999909e-01 -2.857210e-03 -1.997243e-01 7.144843e-03 2.834671e-03 9.999704e-01 5.601639e-02
9.999608e-01 -2.995214e-03 -8.327436e-03 -4.770658e-01 2.953865e-03 9.999832e-01 -4.973307e-03 -2.089816e-01 8.342192e-03 4.948514e-03 9.999530e-01 5.430778e-02
9.999533e-01 -3.091021e-03 -9.159657e-03 -5.440030e-01 3.038701e-03 9.999791e-01 -5.720409e-03 -2.166347e-01 9.177147e-03 5.692308e-03 9.999417e-01 7.470280e-02
9.999558e-01 -2.523002e-03 -9.056402e-03 -6.055663e-01 2.480804e-03 9.999859e-01 -4.667675e-03 -2.190172e-01 9.068053e-03 4.645002e-03 9.999481e-01 9.718753e-02
9.999409e-01 -1.060248e-03 -1.082296e-02 -6.943362e-01 1.031089e-03 9.999958e-01 -2.699446e-03 -2.328453e-01 1.082577e-02 2.688127e-03 9.999378e-01 9.173251e-02
9.999112e-01 2.859291e-04 -1.332055e-02 -7.484009e-01 -3.321064e-04 9.999938e-01 -3.464537e-03 -2.473801e-01 1.331948e-02 3.468653e-03 9.999053e-01 1.070122e-01
9.999273e-01 1.031941e-03 -1.200918e-02 -8.130936e-01 -1.066551e-03 9.999954e-01 -2.875884e-03 -2.524612e-01 1.200615e-02 2.888484e-03 9.999238e-01 1.134789e-01
9.999521e-01 2.692620e-03 -9.414799e-03 -8.692167e-01 -2.712420e-03 9.999943e-01 -2.090949e-03 -2.722246e-01 9.409114e-03 2.116386e-03 9.999535e-01 1.346996e-01
9.999534e-01 4.025515e-03 -8.772433e-03 -9.373533e-01 -4.025644e-03 9.999920e-01 2.934293e-06 -2.864141e-01 8.772373e-03 3.238053e-05 9.999615e-01 1.267292e-01
9.999281e-01 5.695754e-03 -1.055245e-02 -9.660146e-01 -5.665846e-03 9.999800e-01 2.861965e-03 -3.044794e-01 1.056853e-02 -2.801971e-03 9.999402e-01 1.212647e-01
9.999260e-01 7.343350e-03 -9.697730e-03 -1.029732e+00 -7.324689e-03 9.999713e-01 1.958411e-03 -3.339852e-01 9.711832e-03 -1.887233e-03 9.999511e-01 1.270231e-01
9.999114e-01 7.917661e-03 -1.070460e-02 -1.060854e+00 -7.860711e-03 9.999548e-01 5.351853e-03 -3.568550e-01 1.074649e-02 -5.267233e-03 9.999284e-01 1.461128e-01
9.999272e-01 7.865581e-03 -9.146729e-03 -1.098786e+00 -7.813846e-03 9.999534e-01 5.678234e-03 -3.812675e-01 9.190965e-03 -5.606350e-03 9.999421e-01 1.468210e-01
9.999206e-01 6.526638e-03 -1.078069e-02 -1.129277e+00 -6.463307e-03 9.999617e-01 5.898904e-03 -4.052847e-01 1.081878e-02 -5.828757e-03 9.999245e-01 1.492955e-01
9.999390e-01 4.223994e-03 -1.021104e-02 -1.168421e+00 -4.162617e-03 9.999731e-01 6.024707e-03 -4.291402e-01 1.023622e-02 -5.981835e-03 9.999297e-01 1.531545e-01
9.999493e-01 1.673094e-03 -9.925662e-03 -1.160601e+00 -1.612768e-03 9.999802e-01 6.082666e-03 -4.445810e-01 9.935642e-03 -6.066350e-03 9.999322e-01 1.411794e-01
9.998788e-01 -1.044215e-03 -1.553167e-02 -1.164252e+00 1.111436e-03 9.999900e-01 4.319958e-03 -4.583409e-01 1.552701e-02 -4.336697e-03 9.998701e-01 1.683167e-01
9.999363e-01 -4.295347e-03 -1.043211e-02 -1.177902e+00 4.353271e-03 9.999751e-01 5.536213e-03 -4.634330e-01 1.040807e-02 -5.581274e-03 9.999303e-01 1.411526e-01
9.999434e-01 -7.536673e-03 -7.503867e-03 -1.184990e+00 7.574543e-03 9.999586e-01 5.031215e-03 -4.542391e-01 7.465638e-03 -5.087768e-03 9.999592e-01 1.204526e-01
9.999427e-01 -9.695403e-03 -4.549268e-03 -1.173071e+00 9.703977e-03 9.999511e-01 1.866415e-03 -4.523418e-01 4.530950e-03 -1.910454e-03 9.999879e-01 7.619081e-02
9.999221e-01 -1.176376e-02 -4.174988e-03 -1.135014e+00 1.177018e-02 9.999295e-01 1.516690e-03 -4.383590e-01 4.156853e-03 -1.565712e-03 9.999901e-01 4.736697e-02
9.998051e-01 -1.356426e-02 -1.434703e-02 -1.152656e+00 1.360035e-02 9.999045e-01 2.421008e-03 -4.256955e-01 1.431282e-02 -2.615661e-03 9.998941e-01 5.073449e-02
9.996952e-01 -1.473895e-02 -1.980695e-02 -1.111979e+00 1.477359e-02 9.998896e-01 1.603556e-03 -4.128959e-01 1.978112e-02 -1.895687e-03 9.998025e-01 2.744291e-02
9.996881e-01 -1.548564e-02 -1.959016e-02 -1.110236e+00 1.549739e-02 9.998797e-01 4.477231e-04 -3.976919e-01 1.958087e-02 -7.511798e-04 9.998080e-01 4.158106e-02
9.996606e-01 -1.647023e-02 -2.018755e-02 -1.111245e+00 1.650552e-02 9.998626e-01 1.582938e-03 -3.911201e-01 2.015871e-02 -1.915607e-03 9.997950e-01 2.561587e-02
9.996778e-01 -1.695990e-02 -1.888493e-02 -1.094114e+00 1.699926e-02 9.998535e-01 1.925312e-03 -3.749323e-01 1.884951e-02 -2.245721e-03 9.998198e-01 3.914701e-02
9.997166e-01 -1.732419e-02 -1.632774e-02 -1.075004e+00 1.737150e-02 9.998454e-01 2.760071e-03 -3.602628e-01 1.627740e-02 -3.042926e-03 9.998629e-01 1.734326e-02
9.997423e-01 -1.606969e-02 -1.603107e-02 -1.050137e+00 1.608482e-02 9.998702e-01 8.151458e-04 -3.512123e-01 1.601590e-02 -1.072793e-03 9.998711e-01 1.962029e-02
9.997244e-01 -1.475852e-02 -1.825878e-02 -1.000410e+00 1.473634e-02 9.998906e-01 -1.348543e-03 -3.329594e-01 1.827668e-02 1.079104e-03 9.998324e-01 6.130450e-03
9.998196e-01 -1.329601e-02 -1.356647e-02 -9.773701e-01 1.328482e-02 9.999114e-01 -9.146694e-04 -3.275830e-01 1.357743e-02 7.342763e-04 9.999076e-01 -1.619571e-02
9.998173e-01 -1.183124e-02 -1.501116e-02 -9.828163e-01 1.184023e-02 9.999298e-01 5.100668e-04 -3.160137e-01 1.500407e-02 -6.877093e-04 9.998872e-01 -9.283806e-03
9.998425e-01 -1.111066e-02 -1.383683e-02 -1.005887e+00 1.112621e-02 9.999375e-01 1.046980e-03 -3.106602e-01 1.382433e-02 -1.200766e-03 9.999037e-01 -3.922273e-02
9.998146e-01 -9.579307e-03 -1.670613e-02 -1.023576e+00 9.569603e-03 9.999539e-01 -6.606834e-04 -2.972107e-01 1.671170e-02 5.006898e-04 9.998602e-01 -4.355669e-03
9.998946e-01 -7.800173e-03 -1.224408e-02 -1.025049e+00 7.812812e-03 9.999690e-01 9.847899e-04 -2.998750e-01 1.223602e-02 -1.080347e-03 9.999245e-01 -3.956445e-02
9.999446e-01 -6.612920e-03 -8.184345e-03 -1.045594e+00 6.625657e-03 9.999770e-01 1.530126e-03 -2.991892e-01 8.174038e-03 -1.584268e-03 9.999653e-01 -4.238961e-02
9.999300e-01 -6.411497e-03 -9.950100e-03 -1.046428e+00 6.411723e-03 9.999794e-01 -9.193309e-06 -3.038641e-01 9.949955e-03 -5.460461e-05 9.999505e-01 -4.409875e-02
9.999379e-01 -7.752773e-03 -8.003128e-03 -1.079914e+00 7.739617e-03 9.999686e-01 -1.673638e-03 -2.968371e-01 8.015851e-03 1.611593e-03 9.999666e-01 -5.805373e-02
9.999353e-01 -7.967274e-03 -8.120812e-03 -1.083183e+00 7.938229e-03 9.999621e-01 -3.602422e-03 -2.898446e-01 8.149204e-03 3.537724e-03 9.999605e-01 -8.279454e-02
9.999248e-01 -6.103892e-03 -1.063131e-02 -1.112043e+00 6.079366e-03 9.999789e-01 -2.337779e-03 -2.968698e-01 1.064535e-02 2.272972e-03 9.999408e-01 -6.784742e-02
9.998911e-01 -4.995788e-03 -1.388473e-02 -1.150023e+00 4.981387e-03 9.999870e-01 -1.071597e-03 -2.922319e-01 1.388991e-02 1.002315e-03 9.999030e-01 -7.309239e-02
9.997994e-01 -4.536482e-03 -1.951000e-02 -1.175066e+00 4.529330e-03 9.999896e-01 -4.107309e-04 -2.931505e-01 1.951166e-02 3.222812e-04 9.998096e-01 -5.496774e-02
9.998862e-01 -3.418996e-03 -1.469610e-02 -1.221985e+00 3.359377e-03 9.999861e-01 -4.079525e-03 -3.011325e-01 1.470984e-02 4.029691e-03 9.998837e-01 -8.831890e-02
9.999059e-01 -4.247613e-03 -1.304147e-02 -1.194722e+00 4.209897e-03 9.999869e-01 -2.918059e-03 -3.220502e-01 1.305369e-02 2.862882e-03 9.999107e-01 -8.259299e-02
9.999303e-01 -5.432593e-03 -1.048465e-02 -1.232587e+00 5.410371e-03 9.999831e-01 -2.146662e-03 -3.278200e-01 1.049613e-02 2.089786e-03 9.999427e-01 -6.511401e-02
9.999470e-01 -6.543620e-03 -7.957744e-03 -1.228121e+00 6.518280e-03 9.999735e-01 -3.206073e-03 -3.312854e-01 7.978513e-03 3.154032e-03 9.999632e-01 -6.671841e-02
9.999342e-01 -7.777785e-03 -8.434825e-03 -1.250115e+00 7.761083e-03 9.999679e-01 -2.011114e-03 -3.328085e-01 8.450195e-03 1.945518e-03 9.999624e-01 -7.069665e-02
9.998931e-01 -9.102538e-03 -1.143920e-02 -1.235983e+00 9.118890e-03 9.999573e-01 1.378198e-03 -3.361490e-01 1.142617e-02 -1.482363e-03 9.999336e-01 -1.179925e-01
9.999145e-01 -7.514206e-03 -1.069793e-02 -1.235182e+00 7.517451e-03 9.999716e-01 2.631974e-04 -3.414150e-01 1.069565e-02 -3.435961e-04 9.999427e-01 -7.390632e-02
9.999339e-01 -8.195255e-03 -8.063261e-03 -1.219419e+00 8.214306e-03 9.999635e-01 2.332548e-03 -3.416212e-01 8.043851e-03 -2.398628e-03 9.999648e-01 -7.409234e-02
9.999417e-01 -7.856131e-03 -7.410971e-03 -1.236264e+00 7.869249e-03 9.999676e-01 1.742789e-03 -3.298492e-01 7.397038e-03 -1.801006e-03 9.999710e-01 -8.469529e-02
9.998876e-01 -8.423384e-03 -1.240529e-02 -1.214646e+00 8.387201e-03 9.999605e-01 -2.966014e-03 -3.262221e-01 1.242978e-02 2.861635e-03 9.999186e-01 -1.108698e-01
9.998509e-01 -8.111669e-03 -1.524646e-02 -1.206443e+00 8.056214e-03 9.999608e-01 -3.695153e-03 -3.248269e-01 1.527584e-02 3.571774e-03 9.998769e-01 -9.903800e-02
9.997230e-01 -6.153419e-03 -2.271846e-02 -1.185459e+00 6.020122e-03 9.999644e-01 -5.931064e-03 -3.239982e-01 2.275415e-02 5.792653e-03 9.997243e-01 -9.612225e-02
9.998021e-01 -5.249990e-03 -1.919034e-02 -1.171460e+00 5.108695e-03 9.999595e-01 -7.404418e-03 -3.110077e-01 1.922844e-02 7.304914e-03 9.997884e-01 -8.775164e-02
9.998048e-01 -1.938479e-03 -1.966105e-02 -1.151576e+00 1.783284e-03 9.999672e-01 -7.907972e-03 -3.199790e-01 1.967573e-02 7.871367e-03 9.997754e-01 -1.105194e-01
9.997853e-01 -1.426636e-03 -2.067247e-02 -1.128105e+00 1.314235e-03 9.999841e-01 -5.449803e-03 -3.252300e-01 2.067992e-02 5.421465e-03 9.997715e-01 -1.175681e-01
9.998038e-01 2.764013e-04 -1.980521e-02 -1.100450e+00 -3.529236e-04 9.999925e-01 -3.860357e-03 -3.453507e-01 1.980400e-02 3.866589e-03 9.997964e-01 -1.062948e-01
9.997935e-01 9.546934e-04 -2.029787e-02 -1.105177e+00 -1.107559e-03 9.999712e-01 -7.521190e-03 -3.653890e-01 2.029010e-02 7.542118e-03 9.997657e-01 -1.105407e-01
9.999189e-01 1.157276e-03 -1.268206e-02 -1.075194e+00 -1.255037e-03 9.999695e-01 -7.703356e-03 -3.782346e-01 1.267276e-02 7.718647e-03 9.998899e-01 -1.082154e-01
9.998958e-01 2.484052e-03 -1.421805e-02 -1.061914e+00 -2.606070e-03 9.999598e-01 -8.569833e-03 -3.898245e-01 1.419619e-02 8.605994e-03 9.998622e-01 -9.935834e-02
9.999139e-01 1.872599e-03 -1.298899e-02 -1.016989e+00 -1.957833e-03 9.999765e-01 -6.552365e-03 -4.056256e-01 1.297641e-02 6.577231e-03 9.998941e-01 -1.193209e-01
9.999346e-01 2.150253e-03 -1.123195e-02 -1.013485e+00 -2.258349e-03 9.999511e-01 -9.620151e-03 -4.178123e-01 1.121072e-02 9.644886e-03 9.998906e-01 -1.081029e-01
9.999215e-01 1.345627e-03 -1.245859e-02 -9.975404e-01 -1.460337e-03 9.999566e-01 -9.202779e-03 -4.284641e-01 1.244567e-02 9.220251e-03 9.998800e-01 -1.007706e-01
9.998521e-01 1.342980e-03 -1.714871e-02 -9.932708e-01 -1.493228e-03 9.999605e-01 -8.751689e-03 -4.442306e-01 1.713629e-02 8.776000e-03 9.998146e-01 -1.098128e-01
9.999054e-01 1.816299e-03 -1.363462e-02 -1.002426e+00 -1.918903e-03 9.999698e-01 -7.515957e-03 -4.695186e-01 1.362055e-02 7.541409e-03 9.998788e-01 -8.768211e-02
9.998519e-01 2.219147e-03 -1.706484e-02 -9.948373e-01 -2.366766e-03 9.999599e-01 -8.635141e-03 -4.806955e-01 1.704499e-02 8.674251e-03 9.998171e-01 -1.075932e-01
9.998807e-01 2.833737e-03 -1.518135e-02 -9.662857e-01 -2.949821e-03 9.999665e-01 -7.629621e-03 -5.096712e-01 1.515922e-02 7.673494e-03 9.998556e-01 -1.094151e-01
9.998352e-01 1.665993e-03 -1.807880e-02 -9.103242e-01 -1.790245e-03 9.999750e-01 -6.858781e-03 -5.203433e-01 1.806692e-02 6.890016e-03 9.998130e-01 -1.057178e-01
9.997267e-01 4.830067e-03 -2.287241e-02 -9.540073e-01 -4.983286e-03 9.999655e-01 -6.646628e-03 -5.386750e-01 2.283952e-02 6.758792e-03 9.997163e-01 -9.558645e-02
9.997774e-01 2.237173e-03 -2.098006e-02 -9.419645e-01 -2.324615e-03 9.999888e-01 -4.144426e-03 -5.539175e-01 2.097055e-02 4.192274e-03 9.997713e-01 -8.391510e-02
9.997190e-01 2.646624e-03 -2.355649e-02 -9.483101e-01 -2.748335e-03 9.999870e-01 -4.286422e-03 -5.692128e-01 2.354484e-02 4.349959e-03 9.997133e-01 -1.057970e-01
9.996258e-01 2.556957e-03 -2.723556e-02 -9.582833e-01 -2.746427e-03 9.999723e-01 -6.921563e-03 -5.801824e-01 2.721711e-02 6.993773e-03 9.996051e-01 -1.137339e-01
9.997597e-01 1.663947e-03 -2.185641e-02 -9.672312e-01 -1.717314e-03 9.999956e-01 -2.423155e-03 -5.916514e-01 2.185228e-02 2.460107e-03 9.997582e-01 -1.137517e-01
9.997720e-01 9.628828e-04 -2.133131e-02 -9.679453e-01 -1.078067e-03 9.999850e-01 -5.388918e-03 -6.135899e-01 2.132580e-02 5.410686e-03 9.997579e-01 -9.762563e-02
9.997809e-01 8.410975e-04 -2.091558e-02 -9.368997e-01 -9.214563e-04 9.999923e-01 -3.832714e-03 -6.293470e-01 2.091219e-02 3.851147e-03 9.997739e-01 -8.854830e-02
9.997702e-01 3.693293e-04 -2.143267e-02 -9.977121e-01 -4.728397e-04 9.999882e-01 -4.824695e-03 -6.403777e-01 2.143064e-02 4.833720e-03 9.997587e-01 -9.161926e-02
9.995585e-01 -9.616159e-04 -2.969666e-02 -9.700179e-01 8.364579e-04 9.999907e-01 -4.226683e-03 -6.413369e-01 2.970045e-02 4.199977e-03 9.995500e-01 -1.180230e-01
9.997246e-01 -8.092293e-04 -2.345603e-02 -9.625873e-01 7.234152e-04 9.999931e-01 -3.666761e-03 -6.633866e-01 2.345883e-02 3.648782e-03 9.997181e-01 -1.061259e-01
9.996140e-01 -1.516784e-03 -2.774079e-02 -9.414006e-01 1.421652e-03 9.999930e-01 -3.448706e-03 -6.926479e-01 2.774583e-02 3.407937e-03 9.996092e-01 -3.442740e-02
9.995434e-01 -4.564425e-03 -2.986785e-02 -9.146441e-01 4.448658e-03 9.999822e-01 -3.941267e-03 -6.737598e-01 2.988531e-02 3.806596e-03 9.995461e-01 -6.570174e-02
9.993497e-01 -7.933946e-03 -3.517309e-02 -9.314935e-01 7.816510e-03 9.999634e-01 -3.475067e-03 -6.725310e-01 3.519937e-02 3.197876e-03 9.993752e-01 -1.257541e-01
9.996040e-01 -1.057926e-02 -2.607340e-02 -9.350122e-01 1.046159e-02 9.999346e-01 -4.645183e-03 -6.802878e-01 2.612084e-02 4.370574e-03 9.996492e-01 -1.305649e-01
9.997557e-01 -1.267487e-02 -1.810577e-02 -9.136761e-01 1.253838e-02 9.998922e-01 -7.632173e-03 -6.881322e-01 1.820056e-02 7.403292e-03 9.998069e-01 -9.964652e-02
9.998257e-01 -1.637685e-02 -8.967375e-03 -9.155493e-01 1.632625e-02 9.998506e-01 -5.687043e-03 -6.740582e-01 9.059170e-03 5.539648e-03 9.999436e-01 -9.205501e-02
9.997981e-01 -1.799055e-02 -8.947180e-03 -8.805650e-01 1.791598e-02 9.998046e-01 -8.345868e-03 -6.609775e-01 9.095578e-03 8.183885e-03 9.999251e-01 -9.207076e-02
9.996733e-01 -2.044253e-02 -1.534253e-02 -8.338327e-01 2.041727e-02 9.997900e-01 -1.801441e-03 -6.389592e-01 1.537613e-02 1.487600e-03 9.998807e-01 -8.666349e-02
9.995541e-01 -2.409145e-02 -1.764011e-02 -8.507516e-01 2.402344e-02 9.997032e-01 -4.057006e-03 -6.075813e-01 1.773261e-02 3.631421e-03 9.998361e-01 -1.044708e-01
9.995273e-01 -2.666104e-02 -1.530662e-02 -8.191920e-01 2.656393e-02 9.996259e-01 -6.513289e-03 -5.848893e-01 1.547454e-02 6.103607e-03 9.998617e-01 -8.655615e-02
9.995574e-01 -2.799053e-02 -1.007769e-02 -8.071997e-01 2.791312e-02 9.995803e-01 -7.741530e-03 -5.589411e-01 1.029015e-02 7.456804e-03 9.999192e-01 -8.256166e-02
9.994409e-01 -2.920043e-02 -1.628425e-02 -7.826683e-01 2.908901e-02 9.995520e-01 -7.037487e-03 -5.332543e-01 1.648245e-02 6.559860e-03 9.998426e-01 -7.620524e-02
9.995435e-01 -2.806183e-02 -1.119123e-02 -7.712035e-01 2.797376e-02 9.995770e-01 -7.949789e-03 -4.953136e-01 1.140958e-02 7.633099e-03 9.999058e-01 -7.885965e-02
9.994227e-01 -2.831262e-02 -1.877921e-02 -7.800616e-01 2.817548e-02 9.995747e-01 -7.527730e-03 -4.610778e-01 1.898435e-02 6.994272e-03 9.997953e-01 -7.931270e-02
9.994835e-01 -2.624337e-02 -1.854537e-02 -7.891269e-01 2.609736e-02 9.996268e-01 -8.071791e-03 -4.301402e-01 1.875028e-02 7.583637e-03 9.997954e-01 -5.788860e-02
9.995458e-01 -2.508815e-02 -1.669556e-02 -7.941481e-01 2.496506e-02 9.996598e-01 -7.541003e-03 -4.074078e-01 1.687908e-02 7.120773e-03 9.998322e-01 -6.457383e-02
9.995897e-01 -2.297455e-02 -1.710742e-02 -8.223239e-01 2.288084e-02 9.997221e-01 -5.653578e-03 -3.761764e-01 1.723256e-02 5.259826e-03 9.998377e-01 -6.387403e-02
9.996592e-01 -2.250949e-02 -1.322230e-02 -8.327345e-01 2.245987e-02 9.997401e-01 -3.889777e-03 -3.479242e-01 1.330642e-02 3.591480e-03 9.999050e-01 -6.626480e-02
9.996835e-01 -2.129955e-02 -1.338682e-02 -8.485611e-01 2.126842e-02 9.997708e-01 -2.463560e-03 -3.259736e-01 1.343623e-02 2.178064e-03 9.999074e-01 -7.909091e-02
9.997171e-01 -2.005432e-02 -1.278715e-02 -8.257741e-01 1.999571e-02 9.997891e-01 -4.695260e-03 -3.132188e-01 1.287861e-02 4.438243e-03 9.999072e-01 -6.043350e-02
9.997549e-01 -1.921103e-02 -1.100312e-02 -8.034164e-01 1.916724e-02 9.998080e-01 -4.071156e-03 -2.795620e-01 1.107921e-02 3.859258e-03 9.999312e-01 -6.127439e-02
9.997549e-01 -2.006663e-02 -9.353903e-03 -7.937227e-01 2.003604e-02 9.997938e-01 -3.352485e-03 -2.694277e-01 9.419247e-03 3.164248e-03 9.999506e-01 -5.899094e-02
9.997501e-01 -1.980364e-02 -1.037488e-02 -7.412497e-01 1.974951e-02 9.997909e-01 -5.294616e-03 -2.481560e-01 1.047757e-02 5.088395e-03 9.999322e-01 -7.288229e-02
9.997832e-01 -1.853503e-02 -9.482469e-03 -7.070706e-01 1.851370e-02 9.998258e-01 -2.332525e-03 -2.395469e-01 9.524051e-03 2.156464e-03 9.999523e-01 -4.226380e-02
9.997924e-01 -1.716547e-02 -1.097679e-02 -6.933759e-01 1.711700e-02 9.998435e-01 -4.494704e-03 -2.230776e-01 1.105223e-02 4.305881e-03 9.999297e-01 -7.867147e-02
9.997473e-01 -1.860419e-02 -1.261920e-02 -6.403674e-01 1.861506e-02 9.998263e-01 7.445309e-04 -1.913528e-01 1.260316e-02 -9.792501e-04 9.999201e-01 -7.015093e-02
9.997382e-01 -1.707098e-02 -1.523453e-02 -5.654988e-01 1.706632e-02 9.998543e-01 -4.359539e-04 -1.722060e-01 1.523975e-02 1.758424e-04 9.998838e-01 -7.018542e-02
9.997315e-01 -1.791302e-02 -1.469399e-02 -4.843915e-01 1.790286e-02 9.998393e-01 -8.224953e-04 -1.578158e-01 1.470637e-02 5.592101e-04 9.998917e-01 -8.513726e-02
9.997272e-01 -1.552619e-02 -1.744735e-02 -3.122013e-01 1.544225e-02 9.998686e-01 -4.935556e-03 -1.896813e-01 1.752168e-02 4.664783e-03 9.998356e-01 2.081495e-01
9.996949e-01 -1.352634e-02 -2.066548e-02 -2.331014e-01 1.337820e-02 9.998839e-01 -7.289968e-03 -1.738972e-01 2.076169e-02 7.011278e-03 9.997599e-01 2.369658e-01
9.996564e-01 -1.250222e-02 -2.303931e-02 -1.153843e-01 1.232494e-02 9.998934e-01 -7.820704e-03 -1.699609e-01 2.313464e-02 7.534058e-03 9.997039e-01 2.894794e-01
9.996048e-01 -1.064068e-02 -2.601822e-02 2.759873e-02 1.046845e-02 9.999225e-01 -6.746811e-03 -1.689722e-01 2.608800e-02 6.471775e-03 9.996387e-01 3.172090e-01
9.996126e-01 -8.108994e-03 -2.662534e-02 1.983907e-01 7.992078e-03 9.999580e-01 -4.494681e-03 -1.770115e-01 2.666066e-02 4.280148e-03 9.996354e-01 3.404911e-01
9.996233e-01 -8.900813e-03 -2.596117e-02 3.291816e-01 8.780505e-03 9.999502e-01 -4.744488e-03 -1.710567e-01 2.600211e-02 4.514749e-03 9.996517e-01 3.850293e-01
9.995978e-01 -8.212361e-03 -2.714175e-02 4.897348e-01 8.062861e-03 9.999518e-01 -5.612976e-03 -1.858332e-01 2.718654e-02 5.391878e-03 9.996158e-01 4.112889e-01
9.995862e-01 -9.678285e-03 -2.708951e-02 6.357086e-01 9.529839e-03 9.999388e-01 -5.603535e-03 -1.796180e-01 2.714209e-02 5.343057e-03 9.996173e-01 4.309550e-01
9.995907e-01 -1.022371e-02 -2.671938e-02 8.004960e-01 1.013377e-02 9.999424e-01 -3.499142e-03 -1.734526e-01 2.675362e-02 3.226942e-03 9.996368e-01 4.707763e-01
9.996252e-01 -1.264166e-02 -2.428283e-02 9.270142e-01 1.260629e-02 9.999192e-01 -1.608950e-03 -1.604215e-01 2.430121e-02 1.302231e-03 9.997038e-01 4.920713e-01
9.995906e-01 -1.524875e-02 -2.420717e-02 1.127364e+00 1.529879e-02 9.998811e-01 1.883614e-03 -1.781540e-01 2.417557e-02 -2.253183e-03 9.997052e-01 5.158621e-01
9.995530e-01 -1.801931e-02 -2.385781e-02 1.302601e+00 1.810086e-02 9.998310e-01 3.206710e-03 -1.769602e-01 2.379600e-02 -3.637123e-03 9.997102e-01 5.308294e-01
9.994624e-01 -2.159422e-02 -2.466843e-02 1.475888e+00 2.171843e-02 9.997528e-01 4.778470e-03 -1.665868e-01 2.455915e-02 -5.311661e-03 9.996843e-01 5.434790e-01
9.993651e-01 -2.363817e-02 -2.665803e-02 1.642802e+00 2.381587e-02 9.996960e-01 6.368142e-03 -1.521359e-01 2.649940e-02 -6.998982e-03 9.996243e-01 5.645717e-01
9.993159e-01 -2.628186e-02 -2.601842e-02 1.807194e+00 2.647839e-02 9.996233e-01 7.238058e-03 -1.157468e-01 2.581838e-02 -7.922033e-03 9.996353e-01 5.735584e-01
9.992411e-01 -2.801868e-02 -2.705997e-02 1.946280e+00 2.827518e-02 9.995583e-01 9.143216e-03 -8.986546e-02 2.679184e-02 -9.901402e-03 9.995920e-01 5.899653e-01
9.992163e-01 -2.754528e-02 -2.842585e-02 2.141228e+00 2.786197e-02 9.995536e-01 1.080562e-02 -4.808088e-02 2.811551e-02 -1.158915e-02 9.995375e-01 6.079126e-01
9.991765e-01 -2.740281e-02 -2.992355e-02 2.381107e+00 2.776282e-02 9.995464e-01 1.168226e-02 -1.944329e-02 2.958984e-02 -1.250340e-02 9.994839e-01 6.218410e-01
9.991925e-01 -2.829167e-02 -2.852934e-02 2.531261e+00 2.871159e-02 9.994838e-01 1.441832e-02 2.436625e-02 2.810670e-02 -1.522580e-02 9.994889e-01 6.311856e-01
9.991682e-01 -2.773344e-02 -2.989696e-02 2.717163e+00 2.826574e-02 9.994467e-01 1.753122e-02 5.289451e-02 2.939422e-02 -1.836170e-02 9.993992e-01 6.343842e-01
9.992073e-01 -2.662985e-02 -2.958990e-02 2.948382e+00 2.723832e-02 9.994216e-01 2.035404e-02 9.112315e-02 2.903076e-02 -2.114388e-02 9.993548e-01 6.406665e-01
9.992459e-01 -2.520688e-02 -2.953217e-02 3.189522e+00 2.587894e-02 9.994096e-01 2.260011e-02 1.051058e-01 2.894505e-02 -2.334733e-02 9.993083e-01 6.196511e-01
9.992872e-01 -2.472365e-02 -2.852781e-02 3.390046e+00 2.541679e-02 9.993840e-01 2.419560e-02 1.486021e-01 2.791203e-02 -2.490344e-02 9.993001e-01 6.219717e-01
9.992900e-01 -2.460564e-02 -2.853014e-02 3.636765e+00 2.533590e-02 9.993532e-01 2.552390e-02 1.783319e-01 2.788365e-02 -2.622861e-02 9.992670e-01 5.982203e-01
9.993005e-01 -2.389297e-02 -2.876832e-02 3.871490e+00 2.466266e-02 9.993390e-01 2.670383e-02 1.927504e-01 2.811127e-02 -2.739466e-02 9.992294e-01 5.767981e-01
9.993510e-01 -2.126661e-02 -2.907422e-02 4.133646e+00 2.203806e-02 9.994066e-01 2.647591e-02 2.282232e-01 2.849392e-02 -2.709947e-02 9.992266e-01 5.590074e-01
9.993547e-01 -2.030155e-02 -2.963322e-02 4.377521e+00 2.106824e-02 9.994453e-01 2.579382e-02 2.636769e-01 2.909313e-02 -2.640149e-02 9.992280e-01 5.257040e-01
9.993509e-01 -1.805657e-02 -3.117161e-02 4.678611e+00 1.885547e-02 9.994962e-01 2.552821e-02 2.887269e-01 3.069496e-02 -2.609939e-02 9.991880e-01 5.242506e-01
9.993484e-01 -1.521994e-02 -3.272758e-02 4.892417e+00 1.608884e-02 9.995205e-01 2.645209e-02 3.024060e-01 3.230929e-02 -2.696140e-02 9.991142e-01 5.123162e-01
9.993644e-01 -1.143902e-02 -3.376328e-02 5.163842e+00 1.241064e-02 9.995108e-01 2.870932e-02 3.138418e-01 3.341835e-02 -2.911009e-02 9.990174e-01 5.117278e-01
9.994212e-01 -7.783202e-03 -3.311585e-02 5.411412e+00 8.777188e-03 9.995120e-01 2.997668e-02 3.303284e-01 3.286637e-02 -3.025000e-02 9.990019e-01 4.897580e-01
9.994350e-01 -4.959404e-03 -3.324240e-02 5.637021e+00 5.923003e-03 9.995632e-01 2.895151e-02 3.166649e-01 3.308430e-02 -2.913205e-02 9.990279e-01 4.774939e-01
9.995220e-01 -2.914202e-03 -3.077624e-02 5.881367e+00 3.777287e-03 9.996001e-01 2.802304e-02 3.308054e-01 3.068227e-02 -2.812589e-02 9.991334e-01 4.681137e-01
9.995534e-01 -1.509924e-03 -2.984368e-02 6.143209e+00 2.410869e-03 9.995416e-01 3.017591e-02 3.074961e-01 2.978444e-02 -3.023439e-02 9.990990e-01 4.627596e-01
9.995199e-01 -6.986427e-04 -3.097341e-02 6.402017e+00 1.642516e-03 9.995346e-01 3.045871e-02 3.046687e-01 3.093771e-02 -3.049496e-02 9.990560e-01 4.177042e-01
9.995072e-01 5.938233e-04 -3.138359e-02 6.663878e+00 3.224602e-04 9.995741e-01 2.918313e-02 3.105775e-01 3.138756e-02 -2.917887e-02 9.990813e-01 4.138799e-01
9.994162e-01 3.078508e-03 -3.402613e-02 6.916619e+00 -2.082550e-03 9.995694e-01 2.926718e-02 2.857062e-01 3.410158e-02 -2.917923e-02 9.989923e-01 3.886511e-01
9.993414e-01 5.491380e-03 -3.586962e-02 7.088517e+00 -4.411013e-03 9.995362e-01 3.012927e-02 2.627286e-01 3.601843e-02 -2.995121e-02 9.989022e-01 4.086439e-01
9.993715e-01 4.404597e-03 -3.517364e-02 7.332614e+00 -3.319348e-03 9.995185e-01 3.085304e-02 2.727772e-01 3.529260e-02 -3.071690e-02 9.989048e-01 3.712622e-01
9.994544e-01 5.762054e-03 -3.252253e-02 7.589477e+00 -4.774592e-03 9.995276e-01 3.035882e-02 2.619995e-01 3.268209e-02 -3.018697e-02 9.990098e-01 3.832470e-01
9.994512e-01 5.982068e-03 -3.257944e-02 7.850521e+00 -4.997373e-03 9.995308e-01 3.022244e-02 2.296544e-01 3.274494e-02 -3.004305e-02 9.990121e-01 3.402680e-01
9.994088e-01 8.316030e-03 -3.335846e-02 8.061090e+00 -7.333095e-03 9.995385e-01 2.948073e-02 2.144876e-01 3.358823e-02 -2.921868e-02 9.990085e-01 3.341665e-01
9.993151e-01 9.140972e-03 -3.585734e-02 8.309469e+00 -8.126305e-03 9.995652e-01 2.834170e-02 1.859076e-01 3.610082e-02 -2.803090e-02 9.989550e-01 2.885736e-01
9.992748e-01 1.321057e-02 -3.571281e-02 8.544988e+00 -1.226425e-02 9.995713e-01 2.658867e-02 1.734410e-01 3.604875e-02 -2.613140e-02 9.990083e-01 2.975043e-01
9.992483e-01 1.502654e-02 -3.573423e-02 8.789515e+00 -1.413471e-02 9.995854e-01 2.508039e-02 1.456917e-01 3.609629e-02 -2.455644e-02 9.990466e-01 2.769697e-01
9.992944e-01 1.656413e-02 -3.371037e-02 9.023331e+00 -1.573517e-02 9.995708e-01 2.470931e-02 1.239017e-01 3.410519e-02 -2.416144e-02 9.991261e-01 2.949451e-01
9.993793e-01 1.560296e-02 -3.158407e-02 9.235905e+00 -1.480875e-02 9.995723e-01 2.522555e-02 1.106182e-01 3.196415e-02 -2.474217e-02 9.991827e-01 2.827449e-01
9.994039e-01 1.516808e-02 -3.101244e-02 9.491924e+00 -1.440432e-02 9.995911e-01 2.470432e-02 5.410965e-02 3.137447e-02 -2.424288e-02 9.992136e-01 2.928900e-01
9.994721e-01 1.386448e-02 -2.938237e-02 9.689747e+00 -1.321120e-02 9.996638e-01 2.231239e-02 2.712817e-02 2.968184e-02 -2.191244e-02 9.993192e-01 2.795661e-01
9.994469e-01 1.232757e-02 -3.088412e-02 9.925840e+00 -1.168508e-02 9.997133e-01 2.089797e-02 -1.844764e-02 3.113289e-02 -2.052553e-02 9.993045e-01 2.930309e-01
9.994364e-01 1.146689e-02 -3.155030e-02 1.016570e+01 -1.080632e-02 9.997205e-01 2.102850e-02 -3.937315e-02 3.178261e-02 -2.067571e-02 9.992809e-01 2.696066e-01
9.995001e-01 9.088151e-03 -3.028209e-02 1.036857e+01 -8.394441e-03 9.997013e-01 2.295716e-02 -4.578720e-02 3.048168e-02 -2.269149e-02 9.992777e-01 2.886531e-01
9.995428e-01 7.107153e-03 -2.938730e-02 1.062574e+01 -6.439172e-03 9.997203e-01 2.276276e-02 -5.610679e-02 2.954086e-02 -2.256313e-02 9.993089e-01 2.825999e-01
9.994751e-01 6.740965e-03 -3.168697e-02 1.081047e+01 -6.044618e-03 9.997393e-01 2.202049e-02 -8.227946e-02 3.182714e-02 -2.181739e-02 9.992552e-01 2.734427e-01
9.995010e-01 5.212488e-03 -3.115440e-02 1.101504e+01 -4.539203e-03 9.997555e-01 2.164303e-02 -9.720188e-02 3.125959e-02 -2.149081e-02 9.992802e-01 2.692315e-01
9.994401e-01 4.843128e-03 -3.310552e-02 1.122475e+01 -4.167687e-03 9.997823e-01 2.044130e-02 -1.035927e-01 3.319732e-02 -2.029189e-02 9.992428e-01 2.573214e-01
9.994530e-01 4.091580e-03 -3.281699e-02 1.142432e+01 -3.449686e-03 9.998021e-01 1.959265e-02 -1.221367e-01 3.289066e-02 -1.946872e-02 9.992693e-01 2.644848e-01
9.994706e-01 2.597594e-03 -3.243135e-02 1.166680e+01 -1.999775e-03 9.998279e-01 1.845221e-02 -1.231859e-01 3.247369e-02 -1.837759e-02 9.993036e-01 2.676229e-01
9.995059e-01 1.067170e-03 -3.141484e-02 1.186041e+01 -4.200655e-04 9.997878e-01 2.059809e-02 -1.408998e-01 3.143015e-02 -2.057472e-02 9.992942e-01 2.563142e-01
9.995151e-01 2.169471e-04 -3.113653e-02 1.198564e+01 4.369344e-04 9.997795e-01 2.099212e-02 -1.520796e-01 3.113422e-02 -2.099555e-02 9.992947e-01 2.554917e-01
9.995465e-01 -5.513702e-04 -3.010758e-02 1.216617e+01 1.205729e-03 9.997634e-01 2.172020e-02 -1.769453e-01 3.008848e-02 -2.174666e-02 9.993107e-01 2.640219e-01
9.995591e-01 -1.193272e-03 -2.966680e-02 1.230455e+01 1.831662e-03 9.997672e-01 2.150081e-02 -1.636581e-01 2.963424e-02 -2.154567e-02 9.993286e-01 2.557467e-01
9.995619e-01 -2.027782e-03 -2.952854e-02 1.253281e+01 2.656046e-03 9.997706e-01 2.125286e-02 -1.698676e-01 2.947867e-02 -2.132198e-02 9.993380e-01 2.685987e-01
9.995497e-01 -3.675619e-03 -2.977899e-02 1.263745e+01 4.325166e-03 9.997535e-01 2.177731e-02 -1.619729e-01 2.969160e-02 -2.189631e-02 9.993193e-01 2.665217e-01
9.995306e-01 -5.727275e-03 -3.009721e-02 1.277225e+01 6.387647e-03 9.997400e-01 2.189114e-02 -1.642788e-01 2.996401e-02 -2.207311e-02 9.993072e-01 2.874982e-01
9.995785e-01 -7.625683e-03 -2.801086e-02 1.289230e+01 8.281053e-03 9.996930e-01 2.335600e-02 -1.613547e-01 2.782415e-02 -2.357812e-02 9.993348e-01 2.766040e-01
9.995431e-01 -8.586384e-03 -2.897843e-02 1.298117e+01 9.274991e-03 9.996759e-01 2.371260e-02 -1.563835e-01 2.876543e-02 -2.397054e-02 9.992988e-01 2.798761e-01
9.995591e-01 -9.897045e-03 -2.799385e-02 1.311316e+01 1.052182e-02 9.996970e-01 2.225985e-02 -1.373570e-01 2.776506e-02 -2.254458e-02 9.993602e-01 2.787578e-01
9.995288e-01 -1.159207e-02 -2.842160e-02 1.319476e+01 1.217459e-02 9.997175e-01 2.040898e-02 -1.279938e-01 2.817699e-02 -2.074539e-02 9.993877e-01 2.874817e-01
9.994735e-01 -1.287954e-02 -2.978042e-02 1.323895e+01 1.352474e-02 9.996760e-01 2.156636e-02 -1.103768e-01 2.949300e-02 -2.195777e-02 9.993238e-01 2.843226e-01
9.994003e-01 -1.377487e-02 -3.176962e-02 1.335494e+01 1.447760e-02 9.996531e-01 2.199668e-02 -9.392695e-02 3.145560e-02 -2.244344e-02 9.992532e-01 2.870206e-01
9.993963e-01 -1.333377e-02 -3.208057e-02 1.345231e+01 1.402622e-02 9.996715e-01 2.145722e-02 -6.560147e-02 3.178392e-02 -2.189424e-02 9.992549e-01 3.085381e-01
9.994004e-01 -1.218746e-02 -3.240979e-02 1.347729e+01 1.286783e-02 9.996995e-01 2.086789e-02 -5.061935e-02 3.214572e-02 -2.127242e-02 9.992568e-01 3.121588e-01
9.993914e-01 -1.133372e-02 -3.299143e-02 1.349684e+01 1.204992e-02 9.996942e-01 2.159120e-02 -3.791887e-02 3.273663e-02 -2.197560e-02 9.992224e-01 3.322978e-01
9.994235e-01 -1.042744e-02 -3.230952e-02 1.352643e+01 1.113607e-02 9.996997e-01 2.183081e-02 -2.485697e-02 3.207218e-02 -2.217803e-02 9.992394e-01 3.361408e-01
9.994579e-01 -1.076014e-02 -3.111397e-02 1.353197e+01 1.148538e-02 9.996642e-01 2.322507e-02 -5.461298e-03 3.085362e-02 -2.356984e-02 9.992460e-01 3.417353e-01
9.994744e-01 -9.575019e-03 -3.097231e-02 1.354120e+01 1.034264e-02 9.996409e-01 2.471972e-02 -1.532451e-03 3.072450e-02 -2.502707e-02 9.992145e-01 3.452877e-01
9.994835e-01 -1.002073e-02 -3.053356e-02 1.357426e+01 1.078404e-02 9.996309e-01 2.493769e-02 -2.994669e-03 3.027239e-02 -2.525409e-02 9.992226e-01 3.542295e-01
9.995238e-01 -1.023329e-02 -2.910955e-02 1.354404e+01 1.094714e-02 9.996406e-01 2.447007e-02 9.946045e-03 2.884868e-02 -2.477709e-02 9.992766e-01 3.517750e-01
9.995360e-01 -1.058994e-02 -2.855926e-02 1.350275e+01 1.130482e-02 9.996238e-01 2.498722e-02 1.249144e-02 2.828390e-02 -2.529849e-02 9.992797e-01 3.632730e-01
9.995397e-01 -1.065412e-02 -2.840633e-02 1.350442e+01 1.139102e-02 9.995996e-01 2.590711e-02 6.621788e-03 2.811893e-02 -2.621876e-02 9.992607e-01 3.599631e-01
9.995540e-01 -1.045401e-02 -2.797272e-02 1.349018e+01 1.120495e-02 9.995773e-01 2.682501e-02 2.920026e-02 2.768046e-02 -2.712648e-02 9.992487e-01 3.545228e-01
9.995381e-01 -1.090562e-02 -2.836750e-02 1.344259e+01 1.161049e-02 9.996250e-01 2.480307e-02 2.650174e-02 2.808637e-02 -2.512097e-02 9.992898e-01 3.626777e-01
9.995124e-01 -1.175457e-02 -2.892808e-02 1.344328e+01 1.244871e-02 9.996361e-01 2.393340e-02 4.122992e-02 2.863623e-02 -2.428185e-02 9.992949e-01 3.618127e-01
9.995273e-01 -1.234045e-02 -2.816015e-02 1.343071e+01 1.301869e-02 9.996264e-01 2.403036e-02 5.251648e-02 2.785309e-02 -2.438560e-02 9.993145e-01 3.586455e-01
9.995484e-01 -1.296662e-02 -2.710614e-02 1.337208e+01 1.362901e-02 9.996096e-01 2.439699e-02 7.162663e-02 2.677920e-02 -2.475540e-02 9.993348e-01 3.629612e-01
9.995314e-01 -1.373923e-02 -2.735183e-02 1.332358e+01 1.444686e-02 9.995615e-01 2.584406e-02 9.056685e-02 2.698477e-02 -2.622710e-02 9.992917e-01 3.727111e-01
9.995385e-01 -1.438162e-02 -2.675849e-02 1.331466e+01 1.509174e-02 9.995340e-01 2.652829e-02 9.132056e-02 2.636451e-02 -2.691988e-02 9.992899e-01 3.725989e-01
9.995614e-01 -1.432822e-02 -2.591666e-02 1.323995e+01 1.507145e-02 9.994739e-01 2.871366e-02 9.898839e-02 2.549161e-02 -2.909167e-02 9.992517e-01 3.816501e-01
9.995370e-01 -1.483700e-02 -2.656543e-02 1.316646e+01 1.563316e-02 9.994272e-01 3.001735e-02 1.062346e-01 2.610484e-02 -3.041875e-02 9.991963e-01 3.800777e-01
9.995552e-01 -1.457134e-02 -2.601873e-02 1.313458e+01 1.533320e-02 9.994524e-01 2.932619e-02 1.229692e-01 2.557715e-02 -2.971210e-02 9.992312e-01 3.792768e-01
9.995811e-01 -1.535768e-02 -2.453165e-02 1.308975e+01 1.602412e-02 9.995015e-01 2.720527e-02 1.425271e-01 2.410161e-02 -2.758697e-02 9.993288e-01 4.026583e-01
9.995632e-01 -1.482860e-02 -2.556493e-02 1.302627e+01 1.552264e-02 9.995104e-01 2.716703e-02 1.562471e-01 2.514956e-02 -2.755200e-02 9.993039e-01 3.829102e-01
9.995763e-01 -1.285462e-02 -2.611360e-02 1.288939e+01 1.358171e-02 9.995196e-01 2.785935e-02 1.711883e-01 2.574294e-02 -2.820222e-02 9.992707e-01 4.028710e-01
9.995660e-01 -1.236637e-02 -2.673865e-02 1.288951e+01 1.310528e-02 9.995321e-01 2.763834e-02 1.777554e-01 2.638436e-02 -2.797676e-02 9.992603e-01 4.104201e-01
9.995589e-01 -1.233922e-02 -2.701391e-02 1.279675e+01 1.309981e-02 9.995174e-01 2.816179e-02 1.850474e-01 2.665338e-02 -2.850325e-02 9.992383e-01 4.120281e-01
9.995675e-01 -1.169844e-02 -2.697936e-02 1.273039e+01 1.245629e-02 9.995278e-01 2.809531e-02 1.989718e-01 2.663794e-02 -2.841922e-02 9.992411e-01 4.147006e-01
9.995305e-01 -9.547595e-03 -2.911385e-02 1.262948e+01 1.037498e-02 9.995428e-01 2.840156e-02 1.946507e-01 2.882937e-02 -2.869028e-02 9.991725e-01 4.277067e-01
9.995322e-01 -7.416810e-03 -2.967001e-02 1.258333e+01 8.256924e-03 9.995655e-01 2.829368e-02 1.992845e-01 2.944727e-02 -2.852543e-02 9.991592e-01 4.223512e-01
9.996055e-01 -6.439440e-03 -2.733619e-02 1.251354e+01 7.219556e-03 9.995668e-01 2.853575e-02 2.054427e-01 2.714059e-02 -2.872185e-02 9.992189e-01 4.345013e-01
9.996317e-01 -5.469755e-03 -2.658125e-02 1.245866e+01 6.224288e-03 9.995776e-01 2.838656e-02 2.068091e-01 2.641476e-02 -2.854155e-02 9.992436e-01 4.409728e-01
9.996280e-01 -5.452337e-03 -2.672275e-02 1.234724e+01 6.158709e-03 9.996319e-01 2.642274e-02 2.002601e-01 2.656885e-02 -2.657749e-02 9.992936e-01 4.355078e-01
9.995949e-01 -5.172957e-03 -2.798584e-02 1.225916e+01 5.907493e-03 9.996386e-01 2.622800e-02 2.009783e-01 2.784005e-02 -2.638271e-02 9.992642e-01 4.293774e-01
9.995834e-01 -5.373108e-03 -2.835622e-02 1.217935e+01 6.119082e-03 9.996358e-01 2.628638e-02 2.090271e-01 2.820465e-02 -2.644894e-02 9.992522e-01 4.333342e-01
9.995480e-01 -3.986791e-03 -2.979787e-02 1.210072e+01 4.769601e-03 9.996440e-01 2.624594e-02 2.035237e-01 2.968263e-02 -2.637620e-02 9.992113e-01 4.516621e-01
9.995649e-01 -2.494769e-03 -2.939017e-02 1.202231e+01 3.292490e-03 9.996266e-01 2.712541e-02 2.148136e-01 2.931153e-02 -2.721037e-02 9.991999e-01 4.533886e-01
9.995757e-01 -6.708473e-04 -2.911882e-02 1.189632e+01 1.461780e-03 9.996303e-01 2.714949e-02 2.190542e-01 2.908984e-02 -2.718053e-02 9.992072e-01 4.414163e-01
9.995509e-01 6.975486e-04 -2.995743e-02 1.184077e+01 1.219708e-04 9.996262e-01 2.734559e-02 2.116551e-01 2.996531e-02 -2.733697e-02 9.991770e-01 4.541971e-01
9.995272e-01 3.986789e-03 -3.048916e-02 1.177348e+01 -3.147097e-03 9.996157e-01 2.753926e-02 2.115526e-01 3.058724e-02 -2.743028e-02 9.991556e-01 4.567314e-01
9.995444e-01 6.344943e-03 -2.950634e-02 1.167499e+01 -5.501706e-03 9.995767e-01 2.857205e-02 2.027696e-01 2.967513e-02 -2.839670e-02 9.991562e-01 4.729729e-01
9.995482e-01 6.804143e-03 -2.927646e-02 1.157656e+01 -5.955187e-03 9.995620e-01 2.898802e-02 1.857429e-01 2.946088e-02 -2.880058e-02 9.991509e-01 4.861855e-01
9.996220e-01 6.581802e-03 -2.669127e-02 1.145955e+01 -5.792463e-03 9.995469e-01 2.954320e-02 1.647796e-01 2.687361e-02 -2.937742e-02 9.992071e-01 4.693129e-01
9.996160e-01 7.537189e-03 -2.666585e-02 1.136500e+01 -6.723571e-03 9.995130e-01 3.047082e-02 1.452720e-01 2.688253e-02 -3.027983e-02 9.991799e-01 4.849012e-01
9.996423e-01 6.524367e-03 -2.593900e-02 1.126193e+01 -5.749656e-03 9.995384e-01 2.982983e-02 1.508159e-01 2.612165e-02 -2.967002e-02 9.992183e-01 4.715219e-01
9.995862e-01 6.740895e-03 -2.796395e-02 1.116359e+01 -5.887027e-03 9.995173e-01 3.050536e-02 1.125573e-01 2.815609e-02 -3.032811e-02 9.991434e-01 4.908293e-01
9.995864e-01 7.625120e-03 -2.772884e-02 1.104292e+01 -6.780262e-03 9.995137e-01 3.043602e-02 9.917704e-02 2.794743e-02 -3.023542e-02 9.991520e-01 4.844811e-01
9.995461e-01 8.654202e-03 -2.885601e-02 1.096948e+01 -7.737734e-03 9.994668e-01 3.172186e-02 7.249270e-02 2.911515e-02 -3.148418e-02 9.990801e-01 4.775130e-01
9.995220e-01 1.054194e-02 -2.906359e-02 1.085751e+01 -9.643574e-03 9.994767e-01 3.087896e-02 6.506298e-02 2.937390e-02 -3.058392e-02 9.991005e-01 4.773806e-01
9.995314e-01 1.242434e-02 -2.797639e-02 1.076473e+01 -1.151939e-02 9.994127e-01 3.227898e-02 3.451015e-02 2.836100e-02 -3.194158e-02 9.990873e-01 4.896654e-01
9.996005e-01 1.324256e-02 -2.496786e-02 1.065968e+01 -1.239881e-02 9.993567e-01 3.365071e-02 1.332658e-02 2.539742e-02 -3.332770e-02 9.991217e-01 4.943145e-01
9.996212e-01 1.394351e-02 -2.372660e-02 1.059624e+01 -1.311547e-02 9.993114e-01 3.470379e-02 -2.167802e-02 2.419416e-02 -3.437946e-02 9.991159e-01 4.889651e-01
9.996365e-01 1.340483e-02 -2.339117e-02 1.049299e+01 -1.262053e-02 9.993637e-01 3.336138e-02 -5.619543e-02 2.382349e-02 -3.305404e-02 9.991696e-01 4.786570e-01
9.997212e-01 1.069477e-02 -2.105042e-02 1.039540e+01 -9.996613e-03 9.994055e-01 3.299648e-02 -7.374940e-02 2.139079e-02 -3.277685e-02 9.992338e-01 4.773862e-01
9.996806e-01 1.122855e-02 -2.264223e-02 1.033172e+01 -1.050355e-02 9.994363e-01 3.188860e-02 -9.900101e-02 2.298753e-02 -3.164059e-02 9.992349e-01 4.751179e-01
9.996487e-01 1.122070e-02 -2.401026e-02 1.025532e+01 -1.040526e-02 9.993738e-01 3.382137e-02 -1.162218e-01 2.437472e-02 -3.355966e-02 9.991394e-01 4.621852e-01
9.995968e-01 1.130506e-02 -2.604732e-02 1.017027e+01 -1.044061e-02 9.993979e-01 3.308801e-02 -1.321838e-01 2.640570e-02 -3.280272e-02 9.991130e-01 4.725700e-01
9.995677e-01 1.056679e-02 -2.743707e-02 1.009303e+01 -9.651248e-03 9.993991e-01 3.328959e-02 -1.467785e-01 2.777235e-02 -3.301040e-02 9.990691e-01 4.633030e-01
