1.000000e+00 0.000000e+00 0.000000e+00 0.000000e+00 0.000000e+00 1.000000e+00 0.000000e+00 0.000000e+00 0.000000e+00 0.000000e+00 1.000000e+00 0.000000e+00
9.999951e-01 -1.126895e-03 2.939961e-03 1.832152e+00 1.112032e-03 9.999866e-01 5.052062e-03 -4.979667e-03 -2.945615e-03 -5.048768e-03 9.999829e-01 -5.494482e-02
9.999874e-01 -1.480132e-03 4.807463e-03 3.302684e+00 1.446352e-03 9.999744e-01 7.022446e-03 -9.067675e-03 -4.817734e-03 -7.015404e-03 9.999638e-01 -6.704842e-02
9.999383e-01 -8.828355e-03 6.739940e-03 4.907761e+00 8.776277e-03 9.999316e-01 7.717695e-03 -2.713268e-02 -6.807615e-03 -7.658067e-03 9.999475e-01 -8.098650e-02
9.999529e-01 -9.580601e-03 1.584630e-03 6.581406e+00 9.574035e-03 9.999458e-01 4.100280e-03 -2.584649e-02 -1.623827e-03 -4.084915e-03 9.999903e-01 -1.122537e-01
9.998208e-01 -9.955801e-03 1.609764e-02 8.587967e+00 9.895915e-03 9.999439e-01 3.795597e-03 -3.023077e-02 -1.613452e-02 -3.635616e-03 9.998632e-01 -1.638271e-01
9.999416e-01 -1.000165e-02 -4.078985e-03 1.048585e+01 9.996225e-03 9.999492e-01 -1.349382e-03 -3.100291e-02 4.092273e-03 1.308529e-03 9.999908e-01 -9.730452e-02
9.998791e-01 -1.024867e-02 1.169383e-02 1.230957e+01 1.023921e-02 9.999473e-01 8.690927e-04 -6.179044e-03 -1.170212e-02 -7.492521e-04 9.999313e-01 -3.584339e-01
9.999429e-01 -1.060815e-02 -1.297628e-03 1.418370e+01 1.060782e-02 9.999436e-01 -2.591343e-04 -2.731804e-02 1.300304e-03 2.453545e-04 9.999991e-01 -1.911094e-01
9.999387e-01 -1.069344e-02 2.892960e-03 1.601437e+01 1.068416e-02 9.999378e-01 3.203365e-03 -2.277258e-02 -2.927036e-03 -3.172260e-03 9.999907e-01 -2.698180e-01
9.999309e-01 -1.165914e-02 1.507501e-03 1.783321e+01 1.165823e-02 9.999318e-01 6.058219e-04 -1.933644e-02 -1.514462e-03 -5.882052e-04 9.999987e-01 -2.995992e-01
9.999129e-01 -1.171297e-02 6.076771e-03 1.968353e+01 1.168483e-02 9.999208e-01 4.645240e-03 -1.598879e-02 -6.130700e-03 -4.573830e-03 9.999707e-01 -2.514990e-01
9.999277e-01 -1.183361e-02 -2.123839e-03 2.153001e+01 1.184991e-02 9.998991e-01 7.833784e-03 -1.615823e-02 2.030923e-03 -7.858385e-03 9.999670e-01 -2.874897e-01
9.999323e-01 -1.108622e-02 3.517379e-03 2.333787e+01 1.105436e-02 9.998988e-01 8.950996e-03 -1.234063e-02 -3.616255e-03 -8.911508e-03 9.999537e-01 -4.563508e-01
9.999260e-01 -1.193331e-02 2.386911e-03 2.516908e+01 1.191763e-02 9.999081e-01 6.477479e-03 -9.562864e-03 -2.463989e-03 -6.448553e-03 9.999762e-01 -4.707626e-01
9.999252e-01 -1.219194e-02 9.916086e-04 2.702755e+01 1.219113e-02 9.999254e-01 8.192262e-04 -3.547793e-03 -1.001523e-03 -8.070761e-04 9.999992e-01 -3.830340e-01
9.999124e-01 -1.314996e-02 1.527672e-03 2.881914e+01 1.313640e-02 9.998771e-01 8.575012e-03 4.561629e-03 -1.640245e-03 -8.554193e-03 9.999621e-01 -5.671524e-01
9.999106e-01 -1.332388e-02 1.157221e-03 3.066873e+01 1.332341e-02 9.999113e-01 4.122806e-04 8.358737e-03 -1.162611e-03 -3.968256e-04 9.999992e-01 -4.669299e-01
9.999155e-01 -1.271329e-02 2.706476e-03 3.244337e+01 1.268569e-02 9.998696e-01 9.981976e-03 7.383556e-03 -2.833026e-03 -9.946800e-03 9.999465e-01 -6.124964e-01
9.999065e-01 -1.354124e-02 -1.902114e-03 3.428734e+01 1.353782e-02 9.999067e-01 -1.802561e-03 1.763744e-02 1.926346e-03 1.776642e-03 9.999965e-01 -5.175732e-01
9.999017e-01 -1.377809e-02 2.608414e-03 3.610765e+01 1.375504e-02 9.998679e-01 8.655116e-03 2.175811e-02 -2.727321e-03 -8.618386e-03 9.999592e-01 -6.715406e-01
9.998885e-01 -1.379778e-02 -5.709767e-03 3.790982e+01 1.379023e-02 9.999040e-01 -1.358822e-03 2.598700e-02 5.727968e-03 1.279932e-03 9.999828e-01 -5.941494e-01
9.998979e-01 -1.414018e-02 2.050410e-03 3.967386e+01 1.412907e-02 9.998858e-01 5.336781e-03 4.302806e-02 -2.125639e-03 -5.307266e-03 9.999837e-01 -7.625582e-01
9.998969e-01 -1.407723e-02 -2.831580e-03 4.150271e+01 1.408646e-02 9.998955e-01 3.266110e-03 4.620954e-02 2.785306e-03 -3.305660e-03 9.999906e-01 -6.082163e-01
9.998936e-01 -1.386786e-02 4.520413e-03 4.327716e+01 1.381123e-02 9.998287e-01 1.232756e-02 5.962201e-02 -4.690595e-03 -1.226382e-02 9.999138e-01 -8.187569e-01
9.999059e-01 -1.337020e-02 -3.049638e-03 4.508987e+01 1.338929e-02 9.998903e-01 6.326187e-03 4.436435e-02 2.964721e-03 -6.366425e-03 9.999753e-01 -7.109683e-01
9.999000e-01 -1.387444e-02 2.730407e-03 4.684499e+01 1.383376e-02 9.998007e-01 1.439247e-02 7.010050e-02 -2.929550e-03 -1.435326e-02 9.998927e-01 -9.262818e-01
9.998857e-01 -1.451260e-02 -4.239473e-03 4.860947e+01 1.452718e-02 9.998887e-01 3.427197e-03 8.834707e-02 4.189264e-03 -3.488393e-03 9.999852e-01 -7.971974e-01
9.999178e-01 -1.276992e-02 -1.134383e-03 5.041299e+01 1.278278e-02 9.998444e-01 1.215838e-02 7.873330e-02 9.789451e-04 -1.217188e-02 9.999254e-01 -8.978090e-01
9.999081e-01 -1.287231e-02 -4.238505e-03 5.217747e+01 1.289245e-02 9.999056e-01 4.759618e-03 9.668252e-02 4.176838e-03 -4.813825e-03 9.999797e-01 -9.326019e-01
9.999226e-01 -1.241325e-02 -8.573623e-04 5.395108e+01 1.241972e-02 9.998909e-01 8.011469e-03 9.374771e-02 7.578203e-04 -8.021497e-03 9.999675e-01 -9.597239e-01
9.999217e-01 -1.206164e-02 -3.325131e-03 5.572551e+01 1.209433e-02 9.998769e-01 9.991530e-03 1.065646e-01 3.204207e-03 -1.003096e-02 9.999446e-01 -1.002565e+00
9.999185e-01 -1.276081e-02 -3.772139e-04 5.742605e+01 1.276085e-02 9.999186e-01 8.982857e-05 1.191066e-01 3.760369e-04 -9.463482e-05 9.999999e-01 -1.073471e+00
9.999072e-01 -1.101232e-02 -8.016992e-03 5.925842e+01 1.106494e-02 9.999174e-01 6.549903e-03 1.073763e-01 7.944200e-03 -6.638003e-03 9.999464e-01 -1.011890e+00
9.999442e-01 -1.051490e-02 -1.051787e-03 6.100328e+01 1.052034e-02 9.999306e-01 5.303971e-03 1.093141e-01 9.959432e-04 -5.314740e-03 9.999854e-01 -1.171557e+00
9.999400e-01 -1.037336e-02 -3.510765e-03 6.276577e+01 1.037470e-02 9.999461e-01 3.622621e-04 1.128924e-01 3.506819e-03 -3.986635e-04 9.999938e-01 -1.088463e+00
9.999451e-01 -1.005348e-02 -2.961892e-03 6.453055e+01 1.005455e-02 9.999493e-01 3.454012e-04 1.164152e-01 2.958270e-03 -3.751627e-04 9.999955e-01 -1.124477e+00
9.999465e-01 -1.025055e-02 -1.397100e-03 6.629053e+01 1.025413e-02 9.999440e-01 2.584873e-03 1.246197e-01 1.370525e-03 -2.599061e-03 9.999957e-01 -1.169564e+00
9.999555e-01 -9.190000e-03 -2.125039e-03 6.805534e+01 9.206227e-03 9.999275e-01 7.757220e-03 1.174243e-01 2.053597e-03 -7.776439e-03 9.999676e-01 -1.166755e+00
9.999499e-01 -9.996564e-03 5.790846e-04 6.979972e+01 9.991909e-03 9.999216e-01 7.548151e-03 1.215475e-01 -6.544947e-04 -7.541987e-03 9.999713e-01 -1.186113e+00
9.999602e-01 -8.739262e-03 -1.797317e-03 7.160419e+01 8.763420e-03 9.998649e-01 1.390364e-02 1.007811e-01 1.675566e-03 -1.391884e-02 9.999017e-01 -1.220701e+00
9.999403e-01 -1.010667e-02 4.158976e-03 7.335652e+01 1.005317e-02 9.998690e-01 1.268958e-02 1.178723e-01 -4.286681e-03 -1.264702e-02 9.999108e-01 -1.295918e+00
9.999557e-01 -9.409301e-03 -3.834631e-05 7.519241e+01 9.408487e-03 9.997964e-01 1.784796e-02 1.115911e-01 -1.295983e-04 -1.784753e-02 9.998407e-01 -1.301354e+00
9.999442e-01 -9.285599e-03 5.029477e-03 7.697288e+01 9.224281e-03 9.998844e-01 1.208060e-02 1.106817e-01 -5.141072e-03 -1.203353e-02 9.999144e-01 -1.397256e+00
9.999617e-01 -8.755832e-03 2.117340e-04 7.882895e+01 8.750592e-03 9.997990e-01 1.802898e-02 1.010567e-01 -3.695502e-04 -1.802644e-02 9.998375e-01 -1.378832e+00
9.999571e-01 -9.023982e-03 2.065853e-03 8.060637e+01 8.976403e-03 9.997180e-01 2.198576e-02 9.438365e-02 -2.263670e-03 -2.196628e-02 9.997562e-01 -1.435443e+00
9.999439e-01 -1.057696e-02 -5.176058e-04 8.246974e+01 1.058396e-02 9.998127e-01 1.620579e-02 1.087312e-01 3.461008e-04 -1.621036e-02 9.998686e-01 -1.527052e+00
9.999345e-01 -1.085848e-02 3.624467e-03 8.428758e+01 1.080013e-02 9.998176e-01 1.574836e-02 1.031586e-01 -3.794810e-03 -1.570818e-02 9.998694e-01 -1.541254e+00
9.998989e-01 -1.364223e-02 -4.011508e-03 8.618305e+01 1.368905e-02 9.998356e-01 1.188400e-02 1.127955e-01 3.848725e-03 -1.193772e-02 9.999213e-01 -1.588963e+00
9.998589e-01 -1.443050e-02 8.598165e-03 8.804652e+01 1.429469e-02 9.997752e-01 1.565295e-02 1.154788e-01 -8.822112e-03 -1.552784e-02 9.998405e-01 -1.658473e+00
9.998789e-01 -1.550933e-02 1.265295e-03 8.992937e+01 1.549017e-02 9.997826e-01 1.396308e-02 1.294917e-01 -1.481578e-03 -1.394179e-02 9.999017e-01 -1.609351e+00
9.998520e-01 -1.661936e-02 4.450035e-03 9.178855e+01 1.655775e-02 9.997712e-01 1.353957e-02 1.445772e-01 -4.674036e-03 -1.346388e-02 9.998984e-01 -1.754629e+00
9.998508e-01 -1.721266e-02 1.454284e-03 9.369353e+01 1.719104e-02 9.997575e-01 1.376178e-02 1.591599e-01 -1.690808e-03 -1.373473e-02 9.999042e-01 -1.743688e+00
9.998316e-01 -1.821493e-02 2.236903e-03 9.560715e+01 1.818230e-02 9.997391e-01 1.383224e-02 1.744104e-01 -2.488273e-03 -1.378924e-02 9.999018e-01 -1.804014e+00
9.998316e-01 -1.823822e-02 2.047271e-03 9.751129e+01 1.819754e-02 9.996654e-01 1.838753e-02 1.961523e-01 -2.381942e-03 -1.834717e-02 9.998288e-01 -1.863251e+00
9.998301e-01 -1.831945e-02 -2.047181e-03 9.942635e+01 1.834629e-02 9.997340e-01 1.397015e-02 2.100561e-01 1.790712e-03 -1.400533e-02 9.999003e-01 -1.852140e+00
9.998410e-01 -1.781639e-02 -7.183428e-04 1.013498e+02 1.782638e-02 9.996816e-01 1.784940e-02 2.320341e-01 4.001023e-04 -1.785937e-02 9.998404e-01 -1.999940e+00
9.998335e-01 -1.819350e-02 -1.423985e-03 1.033206e+02 1.821146e-02 9.997386e-01 1.382531e-02 2.468976e-01 1.172082e-03 -1.384894e-02 9.999034e-01 -1.954353e+00
9.998393e-01 -1.788585e-02 -1.231916e-03 1.052429e+02 1.790511e-02 9.996783e-01 1.797087e-02 2.686684e-01 9.100955e-04 -1.799004e-02 9.998378e-01 -2.033288e+00
9.998453e-01 -1.714311e-02 -3.933985e-03 1.072048e+02 1.720036e-02 9.997393e-01 1.501266e-02 2.836538e-01 3.675596e-03 -1.507800e-02 9.998795e-01 -2.082592e+00
9.998715e-01 -1.514453e-02 -5.259659e-03 1.091671e+02 1.520744e-02 9.998107e-01 1.213535e-02 2.976354e-01 5.074879e-03 -1.221377e-02 9.999126e-01 -2.131142e+00
9.998752e-01 -1.543951e-02 -3.352519e-03 1.111175e+02 1.547153e-02 9.998327e-01 9.743619e-03 3.119854e-01 3.201522e-03 -9.794272e-03 9.999469e-01 -2.187787e+00
9.999050e-01 -1.378556e-02 -5.170159e-05 1.131017e+02 1.378542e-02 9.998584e-01 9.658419e-03 3.115571e-01 -8.145246e-05 -9.658214e-03 9.999533e-01 -2.195571e+00
9.999158e-01 -1.268355e-02 -2.738196e-03 1.150511e+02 1.271053e-02 9.998684e-01 1.007163e-02 3.163851e-01 2.610093e-03 -1.010558e-02 9.999455e-01 -2.262078e+00
9.999066e-01 -1.280192e-02 4.790531e-03 1.170291e+02 1.275665e-02 9.998747e-01 9.363392e-03 3.358311e-01 -4.909801e-03 -9.301407e-03 9.999447e-01 -2.294422e+00
9.999086e-01 -1.304695e-02 -3.552239e-03 1.190119e+02 1.308620e-02 9.998511e-01 1.126065e-02 3.373857e-01 3.404792e-03 -1.130610e-02 9.999303e-01 -2.302763e+00
9.999021e-01 -1.398823e-02 -3.510416e-04 1.209845e+02 1.399117e-02 9.998460e-01 1.058735e-02 3.444822e-01 2.028892e-04 -1.059123e-02 9.999439e-01 -2.405202e+00
9.998736e-01 -1.532407e-02 -4.237300e-03 1.229639e+02 1.537982e-02 9.997911e-01 1.345491e-02 3.597563e-01 4.030231e-03 -1.351838e-02 9.999005e-01 -2.438691e+00
9.998605e-01 -1.663939e-02 -1.490457e-03 1.249570e+02 1.665837e-02 9.997661e-01 1.378427e-02 3.692711e-01 1.260747e-03 -1.380718e-02 9.999039e-01 -2.489871e+00
9.998429e-01 -1.771593e-02 5.473268e-04 1.269351e+02 1.770821e-02 9.997730e-01 1.184248e-02 3.786163e-01 -7.570031e-04 -1.183093e-02 9.999297e-01 -2.532837e+00
9.998068e-01 -1.950773e-02 2.415754e-03 1.289189e+02 1.946963e-02 9.996994e-01 1.490234e-02 3.940258e-01 -2.705739e-03 -1.485242e-02 9.998860e-01 -2.540060e+00
9.997836e-01 -2.057436e-02 3.075149e-03 1.308913e+02 2.052049e-02 9.996512e-01 1.662878e-02 4.286068e-01 -3.416202e-03 -1.656208e-02 9.998570e-01 -2.640702e+00
9.997787e-01 -2.095788e-02 1.826068e-03 1.328867e+02 2.093086e-02 9.996865e-01 1.373849e-02 4.463605e-01 -2.113425e-03 -1.369723e-02 9.999040e-01 -2.685860e+00
9.997680e-01 -2.145131e-02 -1.952274e-03 1.348831e+02 2.146998e-02 9.997184e-01 1.010439e-02 4.767964e-01 1.734972e-03 -1.014396e-02 9.999471e-01 -2.766356e+00
9.997900e-01 -2.045772e-02 -1.205542e-03 1.368593e+02 2.045313e-02 9.997840e-01 -3.700349e-03 5.086601e-01 1.280982e-03 3.674915e-03 9.999924e-01 -2.788464e+00
9.997858e-01 -1.978505e-02 -6.078694e-03 1.388601e+02 1.974213e-02 9.997803e-01 -7.042033e-03 5.346864e-01 6.216685e-03 6.920518e-03 9.999567e-01 -2.785985e+00
9.998214e-01 -1.836539e-02 4.473044e-03 1.408766e+02 1.836449e-02 9.998314e-01 2.420729e-04 5.530723e-01 -4.476735e-03 -1.598844e-04 9.999900e-01 -2.754192e+00
9.998420e-01 -1.773311e-02 -1.217879e-03 1.429018e+02 1.774290e-02 9.998058e-01 8.563343e-03 5.691679e-01 1.065788e-03 -8.583600e-03 9.999626e-01 -2.808958e+00
9.998093e-01 -1.762305e-02 8.417435e-03 1.449120e+02 1.746612e-02 9.996787e-01 1.836623e-02 5.801886e-01 -8.738400e-03 -1.821570e-02 9.997959e-01 -2.804076e+00
9.998180e-01 -1.889308e-02 2.669804e-03 1.469167e+02 1.886014e-02 9.997516e-01 1.186613e-02 5.955622e-01 -2.893328e-03 -1.181361e-02 9.999260e-01 -2.891587e+00
9.997895e-01 -1.749707e-02 1.071774e-02 1.489163e+02 1.737990e-02 9.997892e-01 1.092968e-02 6.119084e-01 -1.090672e-02 -1.074111e-02 9.998828e-01 -3.023244e+00
9.998137e-01 -1.824162e-02 6.307320e-03 1.509472e+02 1.816943e-02 9.997709e-01 1.131894e-02 6.327422e-01 -6.512351e-03 -1.120223e-02 9.999160e-01 -3.006046e+00
9.998476e-01 -1.679415e-02 4.772455e-03 1.529681e+02 1.672121e-02 9.997488e-01 1.493310e-02 6.546523e-01 -5.022043e-03 -1.485102e-02 9.998771e-01 -3.093762e+00
9.998584e-01 -1.677049e-02 1.366732e-03 1.550014e+02 1.674712e-02 9.997376e-01 1.561777e-02 6.688854e-01 -1.628291e-03 -1.559267e-02 9.998771e-01 -3.111656e+00
9.998637e-01 -1.649080e-02 8.010464e-04 1.570453e+02 1.647671e-02 9.997487e-01 1.520808e-02 6.866007e-01 -1.051638e-03 -1.519280e-02 9.998840e-01 -3.155368e+00
9.998446e-01 -1.759313e-02 1.133687e-03 1.590657e+02 1.757999e-02 9.997880e-01 1.071220e-02 7.061518e-01 -1.321908e-03 -1.069060e-02 9.999420e-01 -3.203136e+00
9.998091e-01 -1.876443e-02 5.433363e-03 1.610962e+02 1.870643e-02 9.997694e-01 1.053552e-02 7.312807e-01 -5.629804e-03 -1.043187e-02 9.999297e-01 -3.247772e+00
9.998113e-01 -1.877958e-02 4.967106e-03 1.631326e+02 1.871886e-02 9.997528e-01 1.200016e-02 7.501340e-01 -5.191236e-03 -1.190492e-02 9.999157e-01 -3.299794e+00
9.998164e-01 -1.760161e-02 7.569643e-03 1.651781e+02 1.748810e-02 9.997374e-01 1.480849e-02 7.662616e-01 -7.828308e-03 -1.467339e-02 9.998617e-01 -3.341244e+00
9.998170e-01 -1.818962e-02 5.927915e-03 1.672035e+02 1.809718e-02 9.997191e-01 1.529071e-02 7.805217e-01 -6.204383e-03 -1.518063e-02 9.998655e-01 -3.396746e+00
9.998341e-01 -1.800734e-02 2.746992e-03 1.692392e+02 1.796821e-02 9.997452e-01 1.365881e-02 8.023199e-01 -2.992251e-03 -1.360718e-02 9.999030e-01 -3.450097e+00
9.998522e-01 -1.719092e-02 2.192020e-04 1.712903e+02 1.718589e-02 9.997458e-01 1.459194e-02 8.187096e-01 -4.699951e-04 -1.458602e-02 9.998935e-01 -3.509233e+00
9.998579e-01 -1.672030e-02 -2.145961e-03 1.733309e+02 1.675183e-02 9.997374e-01 1.563080e-02 8.432092e-01 1.884046e-03 -1.566453e-02 9.998755e-01 -3.534329e+00
9.998625e-01 -1.645299e-02 -2.067975e-03 1.754054e+02 1.648678e-02 9.997101e-01 1.755131e-02 8.638022e-01 1.778604e-03 -1.758299e-02 9.998438e-01 -3.589770e+00
9.998521e-01 -1.719809e-02 2.850416e-05 1.774476e+02 1.719542e-02 9.997234e-01 1.604227e-02 8.783020e-01 -3.043927e-04 -1.603941e-02 9.998713e-01 -3.656241e+00
9.998640e-01 -1.647830e-02 6.554142e-04 1.794992e+02 1.646589e-02 9.997395e-01 1.580231e-02 8.928562e-01 -9.156388e-04 -1.578937e-02 9.998749e-01 -3.720370e+00
9.998715e-01 -1.603050e-02 -1.711055e-04 1.815631e+02 1.603109e-02 9.997270e-01 1.699634e-02 9.002787e-01 -1.014010e-04 -1.699689e-02 9.998555e-01 -3.774911e+00
9.998734e-01 -1.579403e-02 -1.931569e-03 1.836190e+02 1.582451e-02 9.997313e-01 1.693928e-02 9.218358e-01 1.663510e-03 -1.696770e-02 9.998547e-01 -3.823424e+00
9.998794e-01 -1.550073e-02 -9.451953e-04 1.856842e+02 1.551465e-02 9.997331e-01 1.711622e-02 9.303997e-01 6.796290e-04 -1.712882e-02 9.998531e-01 -3.859327e+00
9.998706e-01 -1.594231e-02 -2.163330e-03 1.877607e+02 1.597418e-02 9.997505e-01 1.561675e-02 9.475747e-01 1.913823e-03 -1.564929e-02 9.998757e-01 -3.932786e+00
9.998849e-01 -1.466972e-02 3.864662e-03 1.898270e+02 1.460378e-02 9.997560e-01 1.657056e-02 9.523171e-01 -4.106805e-03 -1.651221e-02 9.998552e-01 -4.001030e+00
9.998896e-01 -1.451303e-02 3.184317e-03 1.919012e+02 1.445618e-02 9.997475e-01 1.720187e-02 9.578720e-01 -3.433164e-03 -1.715394e-02 9.998470e-01 -4.047460e+00
9.998527e-01 -1.496419e-02 8.405270e-03 1.939662e+02 1.479915e-02 9.997030e-01 1.936612e-02 9.681693e-01 -8.692572e-03 -1.923888e-02 9.997771e-01 -4.103954e+00
9.998736e-01 -1.448301e-02 6.558967e-03 1.960288e+02 1.434090e-02 9.996721e-01 2.121933e-02 9.639394e-01 -6.864135e-03 -2.112258e-02 9.997534e-01 -4.172474e+00
9.998813e-01 -1.468805e-02 4.649356e-03 1.981095e+02 1.459304e-02 9.996965e-01 1.984781e-02 9.931967e-01 -4.939470e-03 -1.977761e-02 9.997922e-01 -4.236056e+00
9.998969e-01 -1.421710e-02 1.982696e-03 2.002041e+02 1.417286e-02 9.996835e-01 2.077996e-02 1.006267e+00 -2.277499e-03 -2.074971e-02 9.997821e-01 -4.316200e+00
9.998938e-01 -1.455021e-02 7.962813e-04 2.022708e+02 1.452975e-02 9.996636e-01 2.148153e-02 1.005346e+00 -1.108574e-03 -2.146768e-02 9.997689e-01 -4.359820e+00
9.999065e-01 -1.366574e-02 -3.275349e-04 2.043628e+02 1.366966e-02 9.996090e-01 2.438754e-02 1.014444e+00 -5.867027e-06 -2.438974e-02 9.997025e-01 -4.444388e+00
9.999112e-01 -1.325521e-02 -1.362780e-03 2.064583e+02 1.327906e-02 9.997253e-01 1.930809e-02 1.015082e+00 1.106473e-03 -1.932447e-02 9.998127e-01 -4.489378e+00
9.999133e-01 -1.296617e-02 -2.303496e-03 2.085563e+02 1.300437e-02 9.997635e-01 1.742621e-02 1.037678e+00 2.077000e-03 -1.745466e-02 9.998455e-01 -4.567218e+00
9.999355e-01 -1.084980e-02 -3.352279e-03 2.106780e+02 1.090210e-02 9.998127e-01 1.599771e-02 1.032720e+00 3.178079e-03 -1.603322e-02 9.998664e-01 -4.618708e+00
9.999152e-01 -9.815805e-03 -8.557042e-03 2.127681e+02 9.977926e-03 9.997675e-01 1.911375e-02 1.047414e+00 8.367436e-03 -1.919751e-02 9.997807e-01 -4.677630e+00
9.999107e-01 -8.936927e-03 -9.940637e-03 2.148833e+02 9.120544e-03 9.997859e-01 1.858214e-02 1.058211e+00 9.772440e-03 -1.867115e-02 9.997779e-01 -4.720105e+00
9.999236e-01 -7.757976e-03 -9.626551e-03 2.169874e+02 7.927790e-03 9.998113e-01 1.772925e-02 1.061317e+00 9.487191e-03 -1.780422e-02 9.997965e-01 -4.787729e+00
9.999288e-01 -7.981550e-03 -8.869181e-03 2.191030e+02 8.132827e-03 9.998199e-01 1.715331e-02 1.062190e+00 8.730673e-03 -1.722422e-02 9.998136e-01 -4.849278e+00
9.999419e-01 -7.681740e-03 -7.564361e-03 2.212252e+02 7.822603e-03 9.997932e-01 1.877189e-02 1.044004e+00 7.418596e-03 -1.882997e-02 9.997952e-01 -4.905205e+00
9.999421e-01 -6.496289e-03 -8.575819e-03 2.233363e+02 6.669241e-03 9.997718e-01 2.029532e-02 1.040975e+00 8.442017e-03 -2.035134e-02 9.997572e-01 -4.959564e+00
9.999222e-01 -5.686472e-03 -1.110555e-02 2.254623e+02 5.920611e-03 9.997585e-01 2.116528e-02 1.033524e+00 1.098251e-02 -2.122939e-02 9.997143e-01 -5.035848e+00
9.998904e-01 -4.529132e-03 -1.409151e-02 2.275962e+02 4.811804e-03 9.997865e-01 2.009095e-02 1.034634e+00 1.399750e-02 -2.015655e-02 9.996988e-01 -5.099520e+00
9.998832e-01 -2.285002e-03 -1.511022e-02 2.297482e+02 2.534125e-03 9.998609e-01 1.648853e-02 1.015710e+00 1.507045e-02 -1.652490e-02 9.997499e-01 -5.143312e+00
9.998971e-01 -1.215276e-03 -1.429691e-02 2.318723e+02 1.465153e-03 9.998462e-01 1.748022e-02 1.003268e+00 1.427346e-02 -1.749936e-02 9.997450e-01 -5.218983e+00
9.999287e-01 -5.349086e-04 -1.193109e-02 2.340473e+02 7.722581e-04 9.998016e-01 1.989764e-02 9.928750e-01 1.191808e-02 -1.990544e-02 9.997308e-01 -5.262102e+00
9.999391e-01 8.460105e-04 -1.100339e-02 2.361830e+02 -6.237306e-04 9.997960e-01 2.018880e-02 9.695580e-01 1.101823e-02 -2.018071e-02 9.997357e-01 -5.337831e+00
9.999650e-01 2.018496e-03 -8.119398e-03 2.383338e+02 -1.873197e-03 9.998388e-01 1.786326e-02 9.415395e-01 8.154145e-03 -1.784743e-02 9.998075e-01 -5.387511e+00
9.999563e-01 2.723732e-03 -8.939197e-03 2.404858e+02 -2.553173e-03 9.998156e-01 1.903610e-02 9.106581e-01 8.989397e-03 -1.901244e-02 9.997788e-01 -5.459920e+00
9.999447e-01 4.830978e-03 -9.340659e-03 2.426281e+02 -4.645643e-03 9.997940e-01 1.976269e-02 8.934128e-01 9.434206e-03 -1.971821e-02 9.997610e-01 -5.514300e+00
9.998994e-01 6.765510e-03 -1.246647e-02 2.447902e+02 -6.508899e-03 9.997684e-01 2.051100e-02 8.543767e-01 1.260235e-02 -2.042779e-02 9.997119e-01 -5.583468e+00
9.998571e-01 8.814341e-03 -1.442713e-02 2.469485e+02 -8.521968e-03 9.997597e-01 2.020308e-02 8.255877e-01 1.460174e-02 -2.007724e-02 9.996918e-01 -5.668727e+00
9.997972e-01 1.011525e-02 -1.741667e-02 2.491101e+02 -9.837490e-03 9.998243e-01 1.596043e-02 7.894759e-01 1.757505e-02 -1.578585e-02 9.997209e-01 -5.700232e+00
9.996188e-01 1.244600e-02 -2.464217e-02 2.513012e+02 -1.198866e-02 9.997548e-01 1.862094e-02 7.566980e-01 2.486788e-02 -1.831842e-02 9.995229e-01 -5.768066e+00
9.996585e-01 1.386677e-02 -2.214910e-02 2.534608e+02 -1.347383e-02 9.997510e-01 1.779256e-02 7.167224e-01 2.239031e-02 -1.748805e-02 9.995964e-01 -5.803897e+00
9.997431e-01 1.610675e-02 -1.594813e-02 2.556465e+02 -1.580514e-02 9.996971e-01 1.886044e-02 6.567628e-01 1.624708e-02 -1.860354e-02 9.996949e-01 -5.865261e+00
9.998360e-01 1.647057e-02 -7.527906e-03 2.578390e+02 -1.634118e-02 9.997231e-01 1.693809e-02 5.879158e-01 7.804801e-03 -1.681230e-02 9.998282e-01 -5.910941e+00
9.998204e-01 1.825500e-02 -5.090286e-03 2.600378e+02 -1.815008e-02 9.996363e-01 1.994806e-02 5.216176e-01 5.452587e-03 -1.985209e-02 9.997880e-01 -6.001883e+00
9.998017e-01 1.959051e-02 -3.571371e-03 2.622203e+02 -1.951022e-02 9.995832e-01 2.128023e-02 4.499540e-01 3.986773e-03 -2.120633e-02 9.997672e-01 -6.043609e+00
9.997550e-01 2.180749e-02 -3.797252e-03 2.644105e+02 -2.171364e-02 9.994947e-01 2.321476e-02 3.871242e-01 4.301589e-03 -2.312662e-02 9.997233e-01 -6.135037e+00
9.996939e-01 2.451816e-02 -3.315730e-03 2.666335e+02 -2.445851e-02 9.995568e-01 1.697301e-02 3.154378e-01 3.730407e-03 -1.688672e-02 9.998505e-01 -6.162836e+00
9.995910e-01 2.778534e-02 -6.768921e-03 2.688268e+02 -2.764977e-02 9.994302e-01 1.935993e-02 2.445594e-01 7.302986e-03 -1.916485e-02 9.997897e-01 -6.287466e+00
9.994582e-01 3.165614e-02 -9.010669e-03 2.710132e+02 -3.145309e-02 9.992664e-01 2.184879e-02 1.572129e-01 9.695707e-03 -2.155354e-02 9.997207e-01 -6.327525e+00
9.993572e-01 3.432814e-02 -1.032976e-02 2.732354e+02 -3.408064e-02 9.991486e-01 2.325088e-02 6.992068e-02 1.111913e-02 -2.288389e-02 9.996763e-01 -6.384485e+00
9.992788e-01 3.641427e-02 -1.076687e-02 2.754563e+02 -3.620526e-02 9.991635e-01 1.900873e-02 -3.402191e-02 1.145005e-02 -1.860520e-02 9.997613e-01 -6.463866e+00
9.992003e-01 3.810817e-02 -1.210458e-02 2.776783e+02 -3.788212e-02 9.991130e-01 1.838560e-02 -1.286837e-01 1.279448e-02 -1.791235e-02 9.997577e-01 -6.519912e+00
9.991066e-01 4.011064e-02 -1.330440e-02 2.798855e+02 -3.981940e-02 9.989760e-01 2.147714e-02 -2.339759e-01 1.415224e-02 -2.092819e-02 9.996808e-01 -6.583796e+00
9.990613e-01 4.197532e-02 -1.070103e-02 2.821037e+02 -4.171326e-02 9.988501e-01 2.363681e-02 -3.480355e-01 1.168089e-02 -2.316825e-02 9.996634e-01 -6.642565e+00
9.989718e-01 4.437192e-02 -9.295123e-03 2.843188e+02 -4.413828e-02 9.987375e-01 2.399110e-02 -4.671373e-01 1.034792e-02 -2.355617e-02 9.996690e-01 -6.724662e+00
9.989053e-01 4.608493e-02 -8.026195e-03 2.865621e+02 -4.589787e-02 9.987015e-01 2.210992e-02 -5.967281e-01 9.034705e-03 -2.171733e-02 9.997233e-01 -6.790627e+00
9.987964e-01 4.816502e-02 -9.263969e-03 2.887905e+02 -4.794858e-02 9.986006e-01 2.231627e-02 -7.252972e-01 1.032587e-02 -2.184521e-02 9.997081e-01 -6.882020e+00
9.986774e-01 5.052239e-02 -9.541925e-03 2.910198e+02 -5.030450e-02 9.984951e-01 2.184023e-02 -8.604129e-01 1.063099e-02 -2.133134e-02 9.997159e-01 -6.938964e+00
9.985181e-01 5.314987e-02 -1.169151e-02 2.932638e+02 -5.285350e-02 9.983054e-01 2.434523e-02 -9.833575e-01 1.296564e-02 -2.369121e-02 9.996352e-01 -7.020225e+00
9.983895e-01 5.497615e-02 -1.400010e-02 2.955102e+02 -5.460764e-02 9.981830e-01 2.546903e-02 -1.129663e+00 1.537485e-02 -2.466350e-02 9.995776e-01 -7.100990e+00
9.982399e-01 5.760004e-02 -1.412159e-02 2.977620e+02 -5.724421e-02 9.980613e-01 2.442489e-02 -1.293381e+00 1.550108e-02 -2.357352e-02 9.996019e-01 -7.174126e+00
9.981728e-01 5.897141e-02 -1.317026e-02 3.000110e+02 -5.866256e-02 9.980195e-01 2.272035e-02 -1.436219e+00 1.448402e-02 -2.190623e-02 9.996551e-01 -7.247043e+00
9.980742e-01 6.080486e-02 -1.227217e-02 3.022620e+02 -6.050438e-02 9.978907e-01 2.352754e-02 -1.593514e+00 1.367688e-02 -2.273971e-02 9.996479e-01 -7.323058e+00
9.979726e-01 6.243230e-02 -1.236396e-02 3.045163e+02 -6.209975e-02 9.977398e-01 2.566630e-02 -1.760953e+00 1.393842e-02 -2.484647e-02 9.995941e-01 -7.410174e+00
9.978629e-01 6.399283e-02 -1.320725e-02 3.067958e+02 -6.363848e-02 9.976419e-01 2.570205e-02 -1.932017e+00 1.482085e-02 -2.480664e-02 9.995824e-01 -7.439102e+00
9.977888e-01 6.516259e-02 -1.308834e-02 3.090538e+02 -6.482586e-02 9.975913e-01 2.468738e-02 -2.085465e+00 1.466550e-02 -2.378433e-02 9.996095e-01 -7.539755e+00
9.976953e-01 6.694195e-02 -1.108132e-02 3.113116e+02 -6.667106e-02 9.975045e-01 2.323633e-02 -2.287143e+00 1.260915e-02 -2.244398e-02 9.996686e-01 -7.671406e+00
9.976346e-01 6.822262e-02 -8.422269e-03 3.136145e+02 -6.801441e-02 9.974208e-01 2.293123e-02 -2.452101e+00 9.964976e-03 -2.230415e-02 9.997016e-01 -7.680427e+00
9.975607e-01 6.898889e-02 -1.063522e-02 3.158775e+02 -6.874540e-02 9.973965e-01 2.177355e-02 -2.635765e+00 1.210966e-02 -2.098932e-02 9.997064e-01 -7.794896e+00
9.974937e-01 7.051947e-02 -5.775062e-03 3.181591e+02 -7.037693e-02 9.972782e-01 2.198803e-02 -2.812828e+00 7.309928e-03 -2.152649e-02 9.997416e-01 -7.861272e+00
9.972601e-01 7.304343e-02 -1.170359e-02 3.204440e+02 -7.273992e-02 9.970490e-01 2.454354e-02 -3.003847e+00 1.346179e-02 -2.362497e-02 9.996303e-01 -7.927441e+00
9.969541e-01 7.724308e-02 -1.076701e-02 3.227205e+02 -7.695115e-02 9.967136e-01 2.530500e-02 -3.204706e+00 1.268626e-02 -2.439939e-02 9.996218e-01 -8.035750e+00
9.966850e-01 8.044802e-02 -1.212740e-02 3.250132e+02 -8.008232e-02 9.963918e-01 2.810987e-02 -3.401741e+00 1.434503e-02 -2.704549e-02 9.995313e-01 -8.095317e+00
9.964777e-01 8.280780e-02 -1.323123e-02 3.273108e+02 -8.240419e-02 9.961889e-01 2.858957e-02 -3.602906e+00 1.554825e-02 -2.739856e-02 9.995037e-01 -8.198820e+00
9.963007e-01 8.500871e-02 -1.258544e-02 3.296212e+02 -8.464596e-02 9.960455e-01 2.699185e-02 -3.823400e+00 1.483021e-02 -2.582669e-02 9.995564e-01 -8.255273e+00
9.960308e-01 8.801340e-02 -1.327746e-02 3.319064e+02 -8.761956e-02 9.957662e-01 2.779109e-02 -4.051778e+00 1.566724e-02 -2.651742e-02 9.995255e-01 -8.369897e+00
9.957660e-01 9.154645e-02 -8.323148e-03 3.341999e+02 -9.128785e-02 9.954467e-01 2.742606e-02 -4.283750e+00 1.079601e-02 -2.655014e-02 9.995892e-01 -8.511240e+00
9.955471e-01 9.412980e-02 -5.065436e-03 3.365217e+02 -9.396167e-02 9.952137e-01 2.685027e-02 -4.520694e+00 7.568602e-03 -2.625475e-02 9.996266e-01 -8.510750e+00
9.951660e-01 9.761714e-02 -1.074706e-02 3.388089e+02 -9.729768e-02 9.948876e-01 2.705327e-02 -4.763396e+00 1.333298e-02 -2.587683e-02 9.995762e-01 -8.619764e+00
9.950181e-01 9.957475e-02 -4.876153e-03 3.411300e+02 -9.941224e-02 9.946929e-01 2.651892e-02 -5.014324e+00 7.490888e-03 -2.590205e-02 9.996364e-01 -8.732862e+00
9.946968e-01 1.025023e-01 -8.457079e-03 3.434454e+02 -1.022486e-01 9.944096e-01 2.635820e-02 -5.273162e+00 1.111158e-02 -2.535370e-02 9.996168e-01 -8.786907e+00
9.945837e-01 1.038520e-01 -4.259442e-03 3.457476e+02 -1.036931e-01 9.942133e-01 2.805841e-02 -5.535992e+00 7.148716e-03 -2.746476e-02 9.995972e-01 -8.896948e+00
9.942975e-01 1.063824e-01 -7.431583e-03 3.480630e+02 -1.061016e-01 9.938618e-01 3.132764e-02 -5.812550e+00 1.071868e-02 -3.036049e-02 9.994816e-01 -8.956320e+00
9.940727e-01 1.084985e-01 -6.890288e-03 3.503875e+02 -1.082294e-01 9.936203e-01 3.169805e-02 -6.083260e+00 1.028552e-02 -3.076443e-02 9.994738e-01 -9.087073e+00
9.939861e-01 1.093812e-01 -5.227317e-03 3.527038e+02 -1.091649e-01 9.935250e-01 3.147522e-02 -6.359760e+00 8.636268e-03 -3.071530e-02 9.994909e-01 -9.156642e+00
9.937611e-01 1.110026e-01 -1.083429e-02 3.550470e+02 -1.106506e-01 9.934371e-01 2.896779e-02 -6.633285e+00 1.397868e-02 -2.758824e-02 9.995216e-01 -9.278118e+00
9.938026e-01 1.110650e-01 -4.576975e-03 3.573677e+02 -1.108965e-01 9.934421e-01 2.783158e-02 -6.918835e+00 7.638074e-03 -2.715153e-02 9.996021e-01 -9.371758e+00
9.936267e-01 1.125714e-01 -5.802316e-03 3.596735e+02 -1.123310e-01 9.931548e-01 3.202554e-02 -7.212964e+00 9.367757e-03 -3.116965e-02 9.994702e-01 -9.429321e+00
9.932944e-01 1.153550e-01 -7.715237e-03 3.620197e+02 -1.150678e-01 9.928805e-01 3.078864e-02 -7.507227e+00 1.121193e-02 -2.969441e-02 9.994962e-01 -9.542720e+00
9.932017e-01 1.162945e-01 -5.083114e-03 3.643756e+02 -1.160925e-01 9.927862e-01 2.996921e-02 -7.808903e+00 8.531701e-03 -2.917536e-02 9.995379e-01 -9.631347e+00
9.928613e-01 1.190606e-01 -7.149184e-03 3.666610e+02 -1.188137e-01 9.925095e-01 2.842959e-02 -8.098107e+00 1.048048e-02 -2.737722e-02 9.995703e-01 -9.727050e+00
9.925997e-01 1.214100e-01 -2.308140e-03 3.690428e+02 -1.212894e-01 9.921759e-01 2.959263e-02 -8.406123e+00 5.882923e-03 -2.909368e-02 9.995594e-01 -9.827831e+00
9.923382e-01 1.234612e-01 -4.723499e-03 3.713955e+02 -1.232694e-01 9.919306e-01 2.964196e-02 -8.719612e+00 8.345014e-03 -2.883258e-02 9.995494e-01 -9.901454e+00
9.920558e-01 1.257897e-01 -1.455890e-03 3.737549e+02 -1.256914e-01 9.916241e-01 2.971689e-02 -9.050388e+00 5.181774e-03 -2.929782e-02 9.995573e-01 -1.000346e+01
9.917517e-01 1.281573e-01 -2.070142e-03 3.760558e+02 -1.280414e-01 9.913307e-01 2.947457e-02 -9.373509e+00 5.829579e-03 -2.896640e-02 9.995634e-01 -1.008372e+01
9.915003e-01 1.301042e-01 1.876386e-04 3.784090e+02 -1.300524e-01 9.910632e-01 2.966262e-02 -9.705630e+00 3.673269e-03 -2.943490e-02 9.995599e-01 -1.017738e+01
9.911749e-01 1.325537e-01 -1.351317e-03 3.807805e+02 -1.324503e-01 9.907147e-01 3.068455e-02 -1.003919e+01 5.406120e-03 -3.023477e-02 9.995282e-01 -1.026610e+01
9.907256e-01 1.358585e-01 -2.296770e-03 3.831216e+02 -1.357197e-01 9.902464e-01 3.149787e-02 -1.039006e+01 6.553621e-03 -3.089403e-02 9.995012e-01 -1.037435e+01
9.904253e-01 1.380208e-01 -2.830029e-03 3.854828e+02 -1.378586e-01 9.899242e-01 3.233016e-02 -1.073088e+01 7.263747e-03 -3.163046e-02 9.994732e-01 -1.047507e+01
9.900661e-01 1.405504e-01 -3.847823e-03 3.878634e+02 -1.403458e-01 9.895391e-01 3.339401e-02 -1.109017e+01 8.501112e-03 -3.252225e-02 9.994348e-01 -1.058216e+01
9.896652e-01 1.433517e-01 -3.633770e-03 3.902108e+02 -1.431502e-01 9.891274e-01 3.368733e-02 -1.145191e+01 8.423400e-03 -3.281900e-02 9.994258e-01 -1.067856e+01
9.892787e-01 1.459088e-01 -6.187508e-03 3.925995e+02 -1.456366e-01 9.888073e-01 3.240630e-02 -1.182887e+01 1.084662e-02 -3.115774e-02 9.994556e-01 -1.078159e+01
9.889644e-01 1.480796e-01 -4.681371e-03 3.949686e+02 -1.478457e-01 9.884524e-01 3.321564e-02 -1.219165e+01 9.545871e-03 -3.215696e-02 9.994373e-01 -1.090253e+01
9.885046e-01 1.508266e-01 -1.048058e-02 3.973376e+02 -1.504122e-01 9.880755e-01 3.291116e-02 -1.257683e+01 1.531948e-02 -3.095643e-02 9.994034e-01 -1.097938e+01
9.881353e-01 1.531495e-01 -1.156974e-02 3.997255e+02 -1.527037e-01 9.877304e-01 3.271718e-02 -1.295683e+01 1.643840e-02 -3.056226e-02 9.993977e-01 -1.108868e+01
9.877598e-01 1.553723e-01 -1.378751e-02 4.020967e+02 -1.548429e-01 9.873697e-01 3.353478e-02 -1.335542e+01 1.882375e-02 -3.098940e-02 9.993424e-01 -1.118549e+01
9.876257e-01 1.563382e-01 -1.240391e-02 4.044723e+02 -1.557898e-01 9.870969e-01 3.700195e-02 -1.375202e+01 1.802868e-02 -3.461166e-02 9.992382e-01 -1.129208e+01
9.872087e-01 1.587650e-01 -1.457920e-02 4.068700e+02 -1.581390e-01 9.867206e-01 3.707623e-02 -1.415675e+01 2.027200e-02 -3.429644e-02 9.992061e-01 -1.139733e+01
9.869202e-01 1.603320e-01 -1.679951e-02 4.092619e+02 -1.597278e-01 9.866214e-01 3.264250e-02 -1.456558e+01 2.180839e-02 -2.953220e-02 9.993259e-01 -1.153381e+01
9.867046e-01 1.620173e-01 -1.282488e-02 4.116532e+02 -1.615278e-01 9.863220e-01 3.282738e-02 -1.497512e+01 1.796807e-02 -3.031935e-02 9.993787e-01 -1.164306e+01
9.862012e-01 1.648176e-01 -1.556418e-02 4.140511e+02 -1.641520e-01 9.857328e-01 3.721661e-02 -1.538910e+01 2.147608e-02 -3.414818e-02 9.991860e-01 -1.173443e+01
9.855716e-01 1.682365e-01 -1.857873e-02 4.164587e+02 -1.674633e-01 9.851696e-01 3.737473e-02 -1.581994e+01 2.459099e-02 -3.372421e-02 9.991286e-01 -1.186537e+01
9.851046e-01 1.709737e-01 -1.835736e-02 4.188401e+02 -1.702382e-01 9.847417e-01 3.608882e-02 -1.625742e+01 2.424750e-02 -3.242613e-02 9.991800e-01 -1.195573e+01
9.845366e-01 1.740916e-01 -1.948655e-02 4.212521e+02 -1.733428e-01 9.842348e-01 3.513184e-02 -1.669671e+01 2.529549e-02 -3.121073e-02 9.991927e-01 -1.206205e+01
9.841360e-01 1.766490e-01 -1.647542e-02 4.236436e+02 -1.760164e-01 9.837954e-01 3.413444e-02 -1.714380e+01 2.223826e-02 -3.069299e-02 9.992815e-01 -1.220122e+01
9.836150e-01 1.796710e-01 -1.482949e-02 4.260601e+02 -1.790937e-01 9.832491e-01 3.386144e-02 -1.760524e+01 2.066500e-02 -3.065075e-02 9.993165e-01 -1.230751e+01
9.830858e-01 1.825152e-01 -1.518587e-02 4.284747e+02 -1.819064e-01 9.827005e-01 3.478396e-02 -1.807215e+01 2.127176e-02 -3.143321e-02 9.992795e-01 -1.240389e+01
9.826090e-01 1.852077e-01 -1.332511e-02 4.308733e+02 -1.846133e-01 9.821155e-01 3.697419e-02 -1.854457e+01 1.993470e-02 -3.387118e-02 9.992274e-01 -1.252729e+01
9.820254e-01 1.883855e-01 -1.170458e-02 4.332838e+02 -1.878183e-01 9.814535e-01 3.838404e-02 -1.903061e+01 1.871850e-02 -3.549577e-02 9.991945e-01 -1.262411e+01
9.814652e-01 1.911015e-01 -1.436261e-02 4.356834e+02 -1.904237e-01 9.809229e-01 3.910125e-02 -1.951439e+01 2.156092e-02 -3.564154e-02 9.991320e-01 -1.277992e+01
9.809437e-01 1.937340e-01 -1.471319e-02 4.381127e+02 -1.931430e-01 9.805664e-01 3.442854e-02 -2.001129e+01 2.109723e-02 -3.093071e-02 9.992989e-01 -1.288226e+01
9.802524e-01 1.967897e-01 -1.946852e-02 4.405128e+02 -1.960332e-01 9.799654e-01 3.519172e-02 -2.050992e+01 2.600385e-02 -3.068029e-02 9.991909e-01 -1.299488e+01
9.796540e-01 1.996373e-01 -2.056845e-02 4.429174e+02 -1.987775e-01 9.793191e-01 3.770429e-02 -2.101352e+01 2.767026e-02 -3.284861e-02 9.990773e-01 -1.311628e+01
9.791443e-01 2.023081e-01 -1.865255e-02 4.453283e+02 -2.014346e-01 9.786601e-01 4.060063e-02 -2.153026e+01 2.646834e-02 -3.599660e-02 9.990013e-01 -1.321184e+01
9.784969e-01 2.054314e-01 -1.848471e-02 4.477432e+02 -2.046188e-01 9.780862e-01 3.845175e-02 -2.206845e+01 2.597883e-02 -3.384260e-02 9.990895e-01 -1.333714e+01
9.782186e-01 2.071961e-01 -1.257739e-02 4.501534e+02 -2.066208e-01 9.777317e-01 3.672196e-02 -2.260464e+01 1.990596e-02 -3.332336e-02 9.992464e-01 -1.346095e+01
9.777364e-01 2.093972e-01 -1.357826e-02 4.525523e+02 -2.087789e-01 9.772576e-01 3.713427e-02 -2.313051e+01 2.104527e-02 -3.347268e-02 9.992180e-01 -1.358337e+01
9.771757e-01 2.119255e-01 -1.467503e-02 4.549720e+02 -2.112520e-01 9.766959e-01 3.791603e-02 -2.367892e+01 2.236841e-02 -3.395049e-02 9.991732e-01 -1.370665e+01
9.763890e-01 2.151953e-01 -1.885636e-02 4.573680e+02 -2.143933e-01 9.760300e-01 3.743124e-02 -2.422751e+01 2.645940e-02 -3.250477e-02 9.991213e-01 -1.383520e+01
9.756460e-01 2.184817e-01 -1.951320e-02 4.597875e+02 -2.176639e-01 9.753153e-01 3.718331e-02 -2.478223e+01 2.715540e-02 -3.203043e-02 9.991179e-01 -1.397862e+01
9.747946e-01 2.220581e-01 -2.157791e-02 4.621814e+02 -2.211822e-01 9.745344e-01 3.689389e-02 -2.534385e+01 2.922100e-02 -3.119132e-02 9.990862e-01 -1.405581e+01
9.738384e-01 2.261081e-01 -2.266578e-02 4.645904e+02 -2.252541e-01 9.736704e-01 3.501749e-02 -2.592119e+01 2.998674e-02 -2.899582e-02 9.991297e-01 -1.419897e+01
9.731118e-01 2.294362e-01 -2.030957e-02 4.669839e+02 -2.286457e-01 9.728737e-01 3.518365e-02 -2.650771e+01 2.783104e-02 -2.959393e-02 9.991745e-01 -1.430851e+01
9.721848e-01 2.332797e-01 -2.091425e-02 4.693741e+02 -2.324820e-01 9.719788e-01 3.478030e-02 -2.709642e+01 2.844174e-02 -2.895069e-02 9.991761e-01 -1.442079e+01
9.714670e-01 2.364632e-01 -1.835917e-02 4.717685e+02 -2.356965e-01 9.711443e-01 3.641374e-02 -2.769526e+01 2.643992e-02 -3.104755e-02 9.991682e-01 -1.454233e+01
9.704655e-01 2.404327e-01 -1.972143e-02 4.741504e+02 -2.395987e-01 9.701563e-01 3.727230e-02 -2.831165e+01 2.809435e-02 -3.144626e-02 9.991105e-01 -1.464763e+01
9.696829e-01 2.437376e-01 -1.752271e-02 4.765420e+02 -2.430015e-01 9.693525e-01 3.613964e-02 -2.892339e+01 2.579427e-02 -3.078594e-02 9.991931e-01 -1.479794e+01
9.691112e-01 2.462401e-01 -1.375978e-02 4.789237e+02 -2.455590e-01 9.686023e-01 3.886188e-02 -2.955349e+01 2.289710e-02 -3.428264e-02 9.991499e-01 -1.490306e+01
9.681520e-01 2.498805e-01 -1.553495e-02 4.813065e+02 -2.490467e-01 9.675605e-01 4.245162e-02 -3.018778e+01 2.563884e-02 -3.723070e-02 9.989777e-01 -1.504406e+01
9.675357e-01 2.522050e-01 -1.634649e-02 4.836773e+02 -2.513739e-01 9.670150e-01 4.115028e-02 -3.082592e+01 2.618561e-02 -3.570528e-02 9.990193e-01 -1.516582e+01
9.672204e-01 2.533906e-01 -1.667339e-02 4.860620e+02 -2.525283e-01 9.666834e-01 4.186454e-02 -3.146717e+01 2.672597e-02 -3.628173e-02 9.989842e-01 -1.530344e+01
9.671742e-01 2.537205e-01 -1.414370e-02 4.884377e+02 -2.529210e-01 9.665276e-01 4.307234e-02 -3.211259e+01 2.459861e-02 -3.808122e-02 9.989718e-01 -1.543500e+01
9.671965e-01 2.537724e-01 -1.142254e-02 4.908030e+02 -2.530801e-01 9.664910e-01 4.295679e-02 -3.276633e+01 2.194103e-02 -3.865684e-02 9.990116e-01 -1.556051e+01
9.671605e-01 2.539139e-01 -1.133125e-02 4.931694e+02 -2.532295e-01 9.664612e-01 4.274832e-02 -3.341727e+01 2.180561e-02 -3.847508e-02 9.990216e-01 -1.569930e+01
9.668427e-01 2.549588e-01 -1.453518e-02 4.955391e+02 -2.541327e-01 9.661903e-01 4.350736e-02 -3.406226e+01 2.513634e-02 -3.837091e-02 9.989474e-01 -1.583565e+01
9.662173e-01 2.570029e-01 -1.932841e-02 4.978919e+02 -2.560074e-01 9.657146e-01 4.307855e-02 -3.470457e+01 2.973704e-02 -3.667502e-02 9.988847e-01 -1.597866e+01
9.656419e-01 2.591333e-01 -1.963937e-02 5.002412e+02 -2.581943e-01 9.652324e-01 4.076717e-02 -3.535705e+01 2.952069e-02 -3.429572e-02 9.989756e-01 -1.610183e+01
9.652596e-01 2.606028e-01 -1.897676e-02 5.026083e+02 -2.596486e-01 9.647874e-01 4.205015e-02 -3.600888e+01 2.926692e-02 -3.566202e-02 9.989353e-01 -1.625093e+01
9.647694e-01 2.623777e-01 -1.944223e-02 5.049642e+02 -2.613356e-01 9.642267e-01 4.439140e-02 -3.666512e+01 3.039404e-02 -3.774652e-02 9.988250e-01 -1.638292e+01
9.639652e-01 2.648482e-01 -2.502939e-02 5.073336e+02 -2.635970e-01 9.636095e-01 4.442312e-02 -3.732926e+01 3.588394e-02 -3.622466e-02 9.986992e-01 -1.649916e+01
9.632393e-01 2.674873e-01 -2.491143e-02 5.096714e+02 -2.662534e-01 9.628967e-01 4.403538e-02 -3.800109e+01 3.576604e-02 -3.578386e-02 9.987193e-01 -1.666362e+01
9.624851e-01 2.701197e-01 -2.564622e-02 5.120239e+02 -2.688238e-01 9.621384e-01 4.498300e-02 -3.867589e+01 3.682601e-02 -3.640115e-02 9.986585e-01 -1.678218e+01
9.615913e-01 2.730191e-01 -2.833158e-02 5.143746e+02 -2.716176e-01 9.613439e-01 4.518578e-02 -3.936426e+01 3.957298e-02 -3.575490e-02 9.985768e-01 -1.694366e+01
9.612373e-01 2.746401e-01 -2.440896e-02 5.167294e+02 -2.733611e-01 9.608244e-01 4.571982e-02 -4.005826e+01 3.600922e-02 -3.727514e-02 9.986560e-01 -1.707195e+01
9.602183e-01 2.775982e-01 -3.033078e-02 5.190630e+02 -2.761169e-01 9.600524e-01 4.537540e-02 -4.074979e+01 4.171526e-02 -3.519545e-02 9.985095e-01 -1.720018e+01
9.596812e-01 2.794781e-01 -3.006761e-02 5.213853e+02 -2.780486e-01 9.595430e-01 4.434282e-02 -4.143356e+01 4.124401e-02 -3.419471e-02 9.985638e-01 -1.736544e+01
9.589194e-01 2.820771e-01 -3.010165e-02 5.237265e+02 -2.806021e-01 9.587499e-01 4.539984e-02 -4.214176e+01 4.166621e-02 -3.508820e-02 9.985152e-01 -1.747898e+01
9.582508e-01 2.843985e-01 -2.954383e-02 5.260634e+02 -2.829444e-01 9.580634e-01 4.535771e-02 -4.285587e+01 4.120452e-02 -3.510480e-02 9.985338e-01 -1.762735e+01
9.580067e-01 2.858776e-01 -2.229352e-02 5.283903e+02 -2.847099e-01 9.575744e-01 4.463170e-02 -4.357503e+01 3.410690e-02 -3.641028e-02 9.987547e-01 -1.774599e+01
