1.000000e+00 0.000000e+00 0.000000e+00 0.000000e+00 0.000000e+00 1.000000e+00 0.000000e+00 0.000000e+00 0.000000e+00 0.000000e+00 1.000000e+00 0.000000e+00
9.999755e-01 -5.692962e-03 4.074620e-03 1.199050e-01 5.689002e-03 9.999833e-01 9.827970e-04 4.673298e-02 -4.080147e-03 -9.595923e-04 9.999912e-01 2.115604e-02
9.999294e-01 -3.333339e-03 1.140955e-02 2.591672e-02 3.357595e-03 9.999921e-01 -2.107401e-03 4.210212e-02 -1.140244e-02 2.145561e-03 9.999327e-01 1.143106e-01
9.998494e-01 -4.955195e-03 1.663366e-02 9.735268e-02 5.036624e-03 9.999756e-01 -4.857125e-03 5.181427e-02 -1.660919e-02 4.940171e-03 9.998499e-01 1.237164e-01
9.997609e-01 -4.311763e-03 2.143662e-02 3.892780e-02 4.477154e-03 9.999605e-01 -7.673332e-03 8.532912e-02 -2.140269e-02 7.767473e-03 9.997408e-01 2.073590e-01
9.997537e-01 -1.365398e-02 1.749413e-02 1.212946e-01 1.379119e-02 9.998748e-01 -7.746533e-03 1.437733e-01 -1.738617e-02 7.985890e-03 9.998170e-01 1.866876e-01
9.994996e-01 -1.820391e-02 2.586944e-02 1.832591e-02 1.842550e-02 9.997953e-01 -8.353314e-03 2.127973e-01 -2.571208e-02 8.825791e-03 9.996305e-01 2.004884e-01
9.996284e-01 -2.018684e-02 1.832051e-02 -2.948703e-03 2.034449e-02 9.997572e-01 -8.459873e-03 2.623503e-01 -1.814528e-02 8.829450e-03 9.997964e-01 1.907133e-01
9.996496e-01 -2.070284e-02 1.649164e-02 1.386568e-01 2.076042e-02 9.997790e-01 -3.328093e-03 2.690462e-01 -1.641909e-02 3.669301e-03 9.998584e-01 1.298848e-01
9.994153e-01 -2.604998e-02 2.214498e-02 -3.991785e-02 2.621951e-02 9.996289e-01 -7.400052e-03 3.704833e-01 -2.194399e-02 7.976356e-03 9.997274e-01 1.987607e-01
9.996650e-01 -2.198251e-02 1.366421e-02 6.151458e-02 2.207340e-02 9.997350e-01 -6.536979e-03 3.593596e-01 -1.351689e-02 6.836405e-03 9.998853e-01 2.174809e-01
9.995816e-01 -1.672666e-02 2.359872e-02 1.686047e-01 1.684614e-02 9.998462e-01 -4.873260e-03 4.204939e-01 -2.351358e-02 5.268769e-03 9.997096e-01 2.047099e-01
9.994447e-01 -2.410965e-02 2.300281e-02 1.371309e-01 2.410608e-02 9.997091e-01 4.326722e-04 5.470589e-01 -2.300656e-02 1.220758e-04 9.997353e-01 2.289201e-01
9.994963e-01 -1.451821e-02 2.821802e-02 2.711997e-01 1.461760e-02 9.998876e-01 -3.319305e-03 4.953153e-01 -2.816666e-02 3.730113e-03 9.995963e-01 2.346362e-01
9.996204e-01 -1.777366e-02 2.104967e-02 2.583590e-01 1.773613e-02 9.998407e-01 1.968643e-03 5.678201e-01 -2.108131e-02 -1.594556e-03 9.997765e-01 2.082568e-01
9.995610e-01 -1.796549e-02 2.356262e-02 2.623907e-01 1.803420e-02 9.998336e-01 -2.706830e-03 6.055815e-01 -2.351007e-02 3.130574e-03 9.997187e-01 2.426174e-01
9.995782e-01 -1.793433e-03 2.898713e-02 4.652327e-01 1.837518e-03 9.999973e-01 -1.494269e-03 5.687742e-01 -2.898437e-02 1.546903e-03 9.995787e-01 2.211474e-01
9.997690e-01 -1.261867e-05 2.149240e-02 5.374606e-01 8.743723e-05 9.999940e-01 -3.480228e-03 5.668355e-01 -2.149222e-02 3.481303e-03 9.997630e-01 2.344879e-01
9.997604e-01 -6.517622e-03 2.089339e-02 4.569943e-01 6.586957e-03 9.999729e-01 -3.251405e-03 6.015475e-01 -2.087163e-02 3.388250e-03 9.997764e-01 2.401682e-01
9.992574e-01 1.236081e-02 3.649561e-02 7.313440e-01 -1.234850e-02 9.999237e-01 -5.627268e-04 5.474225e-01 -3.649977e-02 1.116431e-04 9.993337e-01 2.206239e-01
9.996493e-01 1.259503e-02 2.329264e-02 7.584287e-01 -1.248144e-02 9.999094e-01 -5.015518e-03 5.348751e-01 -2.335370e-02 4.723033e-03 9.997161e-01 2.723221e-01
9.997139e-01 1.336767e-03 2.388143e-02 8.655165e-01 -1.368903e-03 9.999981e-01 1.329352e-03 5.662156e-01 -2.387960e-02 -1.361664e-03 9.997139e-01 2.055308e-01
9.996485e-01 2.832560e-03 2.636174e-02 8.527430e-01 -2.699325e-03 9.999834e-01 -5.088344e-03 5.555114e-01 -2.637571e-02 5.015396e-03 9.996395e-01 2.520895e-01
9.991928e-01 1.903052e-02 3.537882e-02 1.217250e+00 -1.908111e-02 9.998175e-01 1.092942e-03 4.488546e-01 -3.535156e-02 -1.767127e-03 9.993734e-01 2.226961e-01
9.993584e-01 2.512581e-02 2.552290e-02 1.747945e+00 -2.548096e-02 9.995816e-01 1.368612e-02 3.799836e-01 -2.516835e-02 -1.432769e-02 9.995806e-01 1.431723e-01
9.992683e-01 9.595610e-03 3.702403e-02 1.245667e+00 -9.499151e-03 9.999511e-01 -2.780361e-03 4.975979e-01 -3.704889e-02 2.426630e-03 9.993105e-01 1.932339e-01
9.994371e-01 1.250597e-02 3.113035e-02 1.360491e+00 -1.235067e-02 9.999104e-01 -5.176021e-03 4.371330e-01 -3.119229e-02 4.788627e-03 9.995019e-01 2.069525e-01
9.994556e-01 1.714068e-02 2.819227e-02 1.940595e+00 -1.744060e-02 9.997934e-01 1.042693e-02 3.610739e-01 -2.800772e-02 -1.091294e-02 9.995481e-01 1.002721e-01
9.993638e-01 2.093162e-02 2.887638e-02 2.615402e+00 -2.150723e-02 9.995732e-01 1.976904e-02 2.909998e-01 -2.845026e-02 -2.037751e-02 9.993875e-01 7.958215e-02
9.993262e-01 2.195483e-02 2.941309e-02 2.775136e+00 -2.242203e-02 9.996260e-01 1.564936e-02 3.000342e-01 -2.905851e-02 -1.629832e-02 9.994448e-01 4.924001e-02
9.994345e-01 1.707873e-02 2.896487e-02 2.375823e+00 -1.734051e-02 9.998108e-01 8.811102e-03 3.452650e-01 -2.880890e-02 -9.308386e-03 9.995416e-01 9.661921e-02
9.995198e-01 1.486032e-02 2.718934e-02 2.872626e+00 -1.533164e-02 9.997344e-01 1.720931e-02 3.094553e-01 -2.692638e-02 -1.761790e-02 9.994822e-01 6.725396e-02
9.996479e-01 1.852821e-02 1.899732e-02 3.370612e+00 -1.895941e-02 9.995608e-01 2.277478e-02 2.742175e-01 -1.856700e-02 -2.312694e-02 9.995601e-01 5.070466e-02
9.993960e-01 2.458546e-02 2.455770e-02 3.261669e+00 -2.490561e-02 9.996077e-01 1.281719e-02 2.919572e-01 -2.423295e-02 -1.342108e-02 9.996163e-01 5.215639e-02
9.995508e-01 2.138487e-02 2.100016e-02 3.457656e+00 -2.182684e-02 9.995401e-01 2.104720e-02 2.735299e-01 -2.054041e-02 -2.149611e-02 9.995579e-01 1.981270e-02
9.996057e-01 1.967895e-02 2.002733e-02 3.629096e+00 -2.016695e-02 9.994973e-01 2.446353e-02 2.520717e-01 -1.953584e-02 -2.485777e-02 9.995001e-01 -1.486134e-02
9.991521e-01 2.445068e-02 3.312345e-02 3.574125e+00 -2.476293e-02 9.996525e-01 9.049700e-03 2.666660e-01 -3.289066e-02 -9.862260e-03 9.994103e-01 2.893483e-02
9.994880e-01 2.046783e-02 2.459222e-02 3.755728e+00 -2.083153e-02 9.996760e-01 1.462521e-02 2.490888e-01 -2.428490e-02 -1.513002e-02 9.995906e-01 1.255561e-02
9.996054e-01 1.946376e-02 2.025261e-02 3.994876e+00 -1.985404e-02 9.996175e-01 1.925146e-02 2.319283e-01 -1.987016e-02 -1.964596e-02 9.996095e-01 -2.992070e-02
9.992197e-01 2.674075e-02 2.906621e-02 4.266176e+00 -2.715081e-02 9.995360e-01 1.380572e-02 2.234533e-01 -2.868355e-02 -1.458412e-02 9.994822e-01 8.380000e-03
9.994534e-01 2.448903e-02 2.220659e-02 4.313421e+00 -2.476437e-02 9.996185e-01 1.220984e-02 2.079809e-01 -2.189912e-02 -1.275310e-02 9.996789e-01 1.730132e-02
9.995288e-01 2.432983e-02 1.871661e-02 4.538973e+00 -2.465018e-02 9.995502e-01 1.707955e-02 1.958841e-01 -1.829265e-02 -1.753287e-02 9.996789e-01 -4.767056e-04
9.992562e-01 2.688070e-02 2.764930e-02 4.754046e+00 -2.709387e-02 9.996058e-01 7.364143e-03 1.692939e-01 -2.744044e-02 -8.107792e-03 9.995906e-01 8.031065e-03
9.992504e-01 2.848645e-02 2.621578e-02 5.086169e+00 -2.861094e-02 9.995811e-01 4.385439e-03 1.411185e-01 -2.607987e-02 -5.132210e-03 9.996467e-01 2.247358e-02
9.992543e-01 2.849486e-02 2.605561e-02 5.244666e+00 -2.877483e-02 9.995315e-01 1.043379e-02 1.203217e-01 -2.574609e-02 -1.117575e-02 9.996060e-01 1.523656e-02
9.991996e-01 2.835462e-02 2.821822e-02 5.356416e+00 -2.844929e-02 9.995910e-01 2.959205e-03 9.622069e-02 -2.812276e-02 -3.759625e-03 9.995974e-01 2.353929e-02
9.991372e-01 2.977557e-02 2.895147e-02 5.678353e+00 -2.989178e-02 9.995468e-01 3.589260e-03 6.862616e-02 -2.883147e-02 -4.451574e-03 9.995744e-01 3.759447e-02
9.990671e-01 3.084577e-02 3.022493e-02 5.913091e+00 -3.079434e-02 9.995233e-01 -2.165664e-03 3.357168e-02 -3.027733e-02 1.232887e-03 9.995408e-01 5.866940e-02
9.990323e-01 3.087495e-02 3.132451e-02 6.023213e+00 -3.091302e-02 9.995220e-01 7.316136e-04 1.628193e-02 -3.128694e-02 -1.699241e-03 9.995090e-01 7.199080e-02
9.990953e-01 3.197001e-02 2.804412e-02 6.289201e+00 -3.206997e-02 9.994807e-01 3.121713e-03 -2.179707e-02 -2.792976e-02 -4.018263e-03 9.996018e-01 3.636095e-02
9.990077e-01 3.321462e-02 2.967227e-02 6.563319e+00 -3.328501e-02 9.994442e-01 1.881571e-03 -5.497798e-02 -2.959328e-02 -2.867345e-03 9.995579e-01 4.520249e-02
9.989220e-01 3.317599e-02 3.246664e-02 6.740299e+00 -3.320629e-02 9.994483e-01 3.945203e-04 -9.033269e-02 -3.243565e-02 -1.472192e-03 9.994727e-01 5.362744e-02
9.989458e-01 3.254445e-02 3.237600e-02 7.031183e+00 -3.270500e-02 9.994552e-01 4.441555e-03 -1.258880e-01 -3.221381e-02 -5.495729e-03 9.994659e-01 2.388162e-02
9.989787e-01 3.128055e-02 3.260323e-02 7.249691e+00 -3.143270e-02 9.994972e-01 4.164529e-03 -1.576278e-01 -3.245657e-02 -5.185083e-03 9.994597e-01 2.331281e-02
9.989774e-01 3.070138e-02 3.318896e-02 7.497479e+00 -3.080627e-02 9.995220e-01 2.653430e-03 -1.934407e-01 -3.309162e-02 -3.673145e-03 9.994456e-01 4.002105e-02
9.990118e-01 2.932720e-02 3.339772e-02 7.725285e+00 -2.943061e-02 9.995633e-01 2.609044e-03 -2.285807e-01 -3.330662e-02 -3.589381e-03 9.994388e-01 3.700880e-02
9.989273e-01 2.700105e-02 3.761924e-02 8.004797e+00 -2.714527e-02 9.996259e-01 3.328092e-03 -2.623133e-01 -3.751530e-02 -4.345706e-03 9.992866e-01 5.168724e-02
9.992052e-01 2.378060e-02 3.199282e-02 8.323714e+00 -2.398326e-02 9.996945e-01 5.965905e-03 -3.034290e-01 -3.184118e-02 -6.728455e-03 9.994703e-01 -4.990401e-03
9.992919e-01 1.941906e-02 3.222691e-02 8.584592e+00 -1.964228e-02 9.997852e-01 6.624572e-03 -3.194427e-01 -3.209134e-02 -7.252891e-03 9.994586e-01 -3.397518e-02
9.993154e-01 1.615205e-02 3.328402e-02 8.787864e+00 -1.641558e-02 9.998358e-01 7.659742e-03 -3.256471e-01 -3.315483e-02 -8.200875e-03 9.994166e-01 -2.319994e-02
9.993451e-01 1.326112e-02 3.366858e-02 9.031218e+00 -1.356908e-02 9.998682e-01 8.934860e-03 -3.278928e-01 -3.354565e-02 -9.385861e-03 9.993931e-01 -3.218750e-02
9.994177e-01 1.271861e-02 3.166230e-02 9.326982e+00 -1.307355e-02 9.998537e-01 1.102830e-02 -3.414367e-01 -3.151740e-02 -1.143581e-02 9.994378e-01 -4.489897e-02
9.994678e-01 1.207758e-02 3.030217e-02 9.613232e+00 -1.242016e-02 9.998606e-01 1.114306e-02 -3.460978e-01 -3.016337e-02 -1.151349e-02 9.994787e-01 -6.242727e-02
9.995252e-01 1.297393e-02 2.794676e-02 9.898375e+00 -1.331566e-02 9.998384e-01 1.207685e-02 -3.578302e-01 -2.778556e-02 -1.244325e-02 9.995365e-01 -6.944163e-02
9.994936e-01 1.361627e-02 2.875986e-02 1.015068e+01 -1.397103e-02 9.998283e-01 1.217029e-02 -3.748856e-01 -2.858921e-02 -1.256593e-02 9.995123e-01 -8.643036e-02
9.994680e-01 1.449096e-02 2.921931e-02 1.040114e+01 -1.481110e-02 9.998322e-01 1.077017e-02 -3.853737e-01 -2.905834e-02 -1.119721e-02 9.995150e-01 -6.268116e-02
9.994495e-01 1.476222e-02 2.971265e-02 1.074841e+01 -1.509385e-02 9.998258e-01 1.096820e-02 -4.025759e-01 -2.954557e-02 -1.141064e-02 9.994983e-01 -6.511018e-02
9.993962e-01 1.623324e-02 3.071986e-02 1.099713e+01 -1.658129e-02 9.998009e-01 1.110917e-02 -4.246333e-01 -3.053340e-02 -1.161184e-02 9.994663e-01 -6.603225e-02
9.993929e-01 1.733419e-02 3.022349e-02 1.128568e+01 -1.771147e-02 9.997679e-01 1.226022e-02 -4.478485e-01 -3.000395e-02 -1.278807e-02 9.994680e-01 -8.061650e-02
9.994580e-01 1.815241e-02 2.746252e-02 1.156938e+01 -1.847845e-02 9.997612e-01 1.166513e-02 -4.673169e-01 -2.724421e-02 -1.216627e-02 9.995548e-01 -1.072780e-01
9.993851e-01 1.886226e-02 2.955829e-02 1.189032e+01 -1.916336e-02 9.997671e-01 9.936793e-03 -4.908941e-01 -2.936397e-02 -1.049712e-02 9.995137e-01 -1.039538e-01
9.993067e-01 1.926424e-02 3.185768e-02 1.210625e+01 -1.955324e-02 9.997704e-01 8.785095e-03 -5.120646e-01 -3.168112e-02 -9.401925e-03 9.994538e-01 -7.263903e-02
9.991202e-01 1.969479e-02 3.702654e-02 1.235635e+01 -1.993700e-02 9.997821e-01 6.183547e-03 -5.332467e-01 -3.689669e-02 -6.916304e-03 9.992952e-01 -4.257000e-02
9.992376e-01 2.018016e-02 3.342069e-02 1.261947e+01 -2.043550e-02 9.997644e-01 7.316376e-03 -5.637271e-01 -3.326517e-02 -7.993767e-03 9.994146e-01 -6.492206e-02
9.992444e-01 2.085630e-02 3.279815e-02 1.281180e+01 -2.114846e-02 9.997395e-01 8.586401e-03 -5.962346e-01 -3.261052e-02 -9.273544e-03 9.994251e-01 -6.839836e-02
9.993118e-01 2.058607e-02 3.085730e-02 1.316031e+01 -2.084206e-02 9.997509e-01 7.997400e-03 -6.309137e-01 -3.068498e-02 -8.635026e-03 9.994918e-01 -8.669607e-02
9.994082e-01 1.955286e-02 2.830083e-02 1.345323e+01 -1.978285e-02 9.997731e-01 7.869598e-03 -6.664928e-01 -2.814054e-02 -8.424812e-03 9.995685e-01 -1.156625e-01
9.994144e-01 1.767015e-02 2.930247e-02 1.367038e+01 -1.790724e-02 9.998089e-01 7.848362e-03 -6.916371e-01 -2.915819e-02 -8.368492e-03 9.995398e-01 -1.155198e-01
9.995191e-01 1.590529e-02 2.662111e-02 1.395123e+01 -1.611210e-02 9.998416e-01 7.572071e-03 -7.142043e-01 -2.649646e-02 -7.997352e-03 9.996169e-01 -1.267058e-01
9.995441e-01 1.530129e-02 2.602795e-02 1.418731e+01 -1.550930e-02 9.998492e-01 7.808789e-03 -7.367740e-01 -2.590454e-02 -8.208904e-03 9.996307e-01 -1.240698e-01
9.995440e-01 1.470585e-02 2.637235e-02 1.442211e+01 -1.491835e-02 9.998578e-01 7.879113e-03 -7.499403e-01 -2.625272e-02 -8.268951e-03 9.996212e-01 -1.446919e-01
9.994192e-01 1.471671e-02 3.073670e-02 1.462274e+01 -1.496879e-02 9.998560e-01 7.987302e-03 -7.688493e-01 -3.061473e-02 -8.442754e-03 9.994956e-01 -1.153394e-01
9.995579e-01 1.444656e-02 2.598557e-02 1.481236e+01 -1.466484e-02 9.998586e-01 8.229113e-03 -7.896284e-01 -2.586301e-02 -8.606550e-03 9.996284e-01 -1.596130e-01
9.995018e-01 1.389875e-02 2.833528e-02 1.508735e+01 -1.407857e-02 9.998820e-01 6.156578e-03 -8.049866e-01 -2.824637e-02 -6.552431e-03 9.995795e-01 -1.204914e-01
9.995698e-01 1.322341e-02 2.617798e-02 1.528246e+01 -1.341331e-02 9.998848e-01 7.091923e-03 -8.287290e-01 -2.608119e-02 -7.440005e-03 9.996321e-01 -1.483473e-01
9.995840e-01 1.287690e-02 2.580629e-02 1.549266e+01 -1.307444e-02 9.998864e-01 7.500648e-03 -8.497249e-01 -2.570677e-02 -7.834931e-03 9.996388e-01 -1.458787e-01
9.996357e-01 1.118413e-02 2.456319e-02 1.568132e+01 -1.138095e-02 9.999042e-01 7.887665e-03 -8.678355e-01 -2.447262e-02 -8.164344e-03 9.996672e-01 -1.513669e-01
9.997607e-01 9.923255e-03 1.949602e-02 1.591727e+01 -1.009406e-02 9.999114e-01 8.682327e-03 -8.851404e-01 -1.940814e-02 -8.877045e-03 9.997723e-01 -1.800293e-01
9.996894e-01 8.482053e-03 2.343441e-02 1.611650e+01 -8.667163e-03 9.999319e-01 7.808842e-03 -9.003561e-01 -2.336658e-02 -8.009527e-03 9.996949e-01 -1.426256e-01
9.997079e-01 7.189548e-03 2.307602e-02 1.625435e+01 -7.424963e-03 9.999212e-01 1.013229e-02 -9.115848e-01 -2.300135e-02 -1.030067e-02 9.996824e-01 -1.708452e-01
9.997647e-01 5.367487e-03 2.101715e-02 1.644832e+01 -5.549088e-03 9.999477e-01 8.591876e-03 -9.211227e-01 -2.096994e-02 -8.706481e-03 9.997422e-01 -1.854255e-01
9.997306e-01 3.250696e-03 2.298059e-02 1.661634e+01 -3.466542e-03 9.999502e-01 9.358946e-03 -9.279667e-01 -2.294903e-02 -9.436088e-03 9.996921e-01 -1.906121e-01
9.997994e-01 7.274387e-04 2.001363e-02 1.685504e+01 -8.905338e-04 9.999664e-01 8.141491e-03 -9.315779e-01 -2.000704e-02 -8.157681e-03 9.997665e-01 -1.889383e-01
9.998518e-01 1.786221e-04 1.721424e-02 1.707289e+01 -3.156774e-04 9.999682e-01 7.959346e-03 -9.363636e-01 -1.721228e-02 -7.963601e-03 9.998202e-01 -2.017428e-01
9.997581e-01 6.398401e-05 2.199346e-02 1.726389e+01 -2.866609e-04 9.999486e-01 1.012168e-02 -9.334524e-01 -2.199168e-02 -1.012554e-02 9.997069e-01 -1.982184e-01
9.997320e-01 5.859177e-04 2.314388e-02 1.747480e+01 -8.454184e-04 9.999368e-01 1.120431e-02 -9.374120e-01 -2.313585e-02 -1.122087e-02 9.996694e-01 -1.933629e-01
9.996747e-01 1.047651e-03 2.548428e-02 1.767002e+01 -1.386173e-03 9.999110e-01 1.326950e-02 -9.489099e-01 -2.546811e-02 -1.330051e-02 9.995872e-01 -2.241431e-01
9.997343e-01 4.625201e-04 2.304629e-02 1.785457e+01 -7.284121e-04 9.999331e-01 1.153024e-02 -9.429584e-01 -2.303942e-02 -1.154396e-02 9.996679e-01 -2.181423e-01
9.994934e-01 6.998422e-04 3.181838e-02 1.811485e+01 -1.152241e-03 9.998984e-01 1.420204e-02 -9.442809e-01 -3.180521e-02 -1.423151e-02 9.993927e-01 -2.148200e-01
9.996003e-01 1.237938e-03 2.824371e-02 1.834659e+01 -1.647591e-03 9.998937e-01 1.448554e-02 -9.496195e-01 -2.822278e-02 -1.452629e-02 9.994961e-01 -2.339102e-01
9.994385e-01 3.329996e-04 3.350604e-02 1.853659e+01 -8.147514e-04 9.998964e-01 1.436543e-02 -9.461936e-01 -3.349778e-02 -1.438467e-02 9.993353e-01 -2.361910e-01
9.994615e-01 1.399409e-04 3.281258e-02 1.878242e+01 -5.816108e-04 9.999093e-01 1.345122e-02 -9.471748e-01 -3.280772e-02 -1.346307e-02 9.993710e-01 -2.332611e-01
9.993637e-01 -4.954832e-04 3.566428e-02 1.904565e+01 -2.987136e-05 9.998915e-01 1.472851e-02 -9.507892e-01 -3.566771e-02 -1.472021e-02 9.992553e-01 -2.526107e-01
9.993489e-01 -1.272405e-03 3.605850e-02 1.930860e+01 7.395920e-04 9.998904e-01 1.478583e-02 -9.455299e-01 -3.607337e-02 -1.474953e-02 9.992403e-01 -2.373409e-01
9.994545e-01 -1.804048e-03 3.297615e-02 1.958007e+01 1.299618e-03 9.998820e-01 1.531186e-02 -9.551986e-01 -3.299988e-02 -1.526065e-02 9.993389e-01 -2.731860e-01
9.991214e-01 -3.093938e-03 4.179603e-02 1.983707e+01 2.445920e-03 9.998761e-01 1.554654e-02 -9.510095e-01 -4.183895e-02 -1.543065e-02 9.990052e-01 -2.504205e-01
9.993034e-01 -3.656418e-03 3.714024e-02 2.012696e+01 3.082305e-03 9.998752e-01 1.550348e-02 -9.501767e-01 -3.719229e-02 -1.537821e-02 9.991898e-01 -2.470431e-01
9.992872e-01 -4.513473e-03 3.748022e-02 2.042152e+01 3.916928e-03 9.998648e-01 1.597448e-02 -9.524758e-01 -3.754726e-02 -1.581628e-02 9.991697e-01 -2.645972e-01
9.991938e-01 -5.455270e-03 3.977261e-02 2.074146e+01 4.813713e-03 9.998571e-01 1.620859e-02 -9.528069e-01 -3.985535e-02 -1.600407e-02 9.990773e-01 -2.714327e-01
9.991745e-01 -6.366799e-03 4.012171e-02 2.108460e+01 5.693293e-03 9.998413e-01 1.687851e-02 -9.431473e-01 -4.022281e-02 -1.663616e-02 9.990522e-01 -2.820448e-01
9.992330e-01 -6.367135e-03 3.863799e-02 2.139065e+01 5.721383e-03 9.998426e-01 1.680051e-02 -9.398884e-01 -3.873888e-02 -1.656656e-02 9.991120e-01 -2.884894e-01
9.994341e-01 -6.320708e-03 3.303935e-02 2.173531e+01 5.737294e-03 9.998264e-01 1.772322e-02 -9.385673e-01 -3.314564e-02 -1.752364e-02 9.992969e-01 -3.198686e-01
9.993436e-01 -6.491830e-03 3.563919e-02 2.208204e+01 5.881083e-03 9.998345e-01 1.721513e-02 -9.302196e-01 -3.574505e-02 -1.699424e-02 9.992164e-01 -3.070657e-01
9.994577e-01 -5.498447e-03 3.246692e-02 2.240893e+01 4.964700e-03 9.998515e-01 1.649752e-02 -9.298623e-01 -3.255281e-02 -1.632739e-02 9.993367e-01 -3.200847e-01
9.992652e-01 -5.927508e-03 3.786733e-02 2.277759e+01 5.305994e-03 9.998499e-01 1.649239e-02 -9.284544e-01 -3.795941e-02 -1.627934e-02 9.991466e-01 -3.190393e-01
9.995388e-01 -5.291636e-03 2.990204e-02 2.313162e+01 4.711974e-03 9.998002e-01 1.942270e-02 -9.291342e-01 -2.999884e-02 -1.927284e-02 9.993641e-01 -3.772211e-01
9.994888e-01 -5.032727e-03 3.157182e-02 2.348736e+01 4.409289e-03 9.997947e-01 1.978529e-02 -9.259731e-01 -3.166490e-02 -1.963596e-02 9.993057e-01 -3.810906e-01
9.994708e-01 -6.250099e-03 3.192433e-02 2.382600e+01 5.674091e-03 9.998202e-01 1.810175e-02 -9.196671e-01 -3.203173e-02 -1.791103e-02 9.993263e-01 -3.695542e-01
9.995010e-01 -6.456736e-03 3.091821e-02 2.418277e+01 5.840627e-03 9.997835e-01 1.997608e-02 -9.242467e-01 -3.104050e-02 -1.978553e-02 9.993223e-01 -3.961770e-01
9.993873e-01 -8.096989e-03 3.405266e-02 2.457313e+01 7.462273e-03 9.997967e-01 1.872521e-02 -9.140432e-01 -3.419736e-02 -1.845963e-02 9.992446e-01 -3.941663e-01
9.994248e-01 -8.404142e-03 3.285413e-02 2.494228e+01 7.769474e-03 9.997818e-01 1.939794e-02 -9.158470e-01 -3.300998e-02 -1.913152e-02 9.992719e-01 -4.063511e-01
9.993604e-01 -9.726717e-03 3.441145e-02 2.533552e+01 9.054109e-03 9.997659e-01 1.964819e-02 -9.066244e-01 -3.459451e-02 -1.932406e-02 9.992146e-01 -4.162287e-01
9.993621e-01 -1.052691e-02 3.412515e-02 2.567010e+01 9.875145e-03 9.997667e-01 1.921194e-02 -9.038112e-01 -3.431943e-02 -1.886269e-02 9.992329e-01 -4.303095e-01
9.992421e-01 -1.205369e-02 3.701268e-02 2.606376e+01 1.135398e-02 9.997540e-01 1.905691e-02 -8.951722e-01 -3.723328e-02 -1.862222e-02 9.991331e-01 -4.315004e-01
9.992761e-01 -1.310821e-02 3.571308e-02 2.653988e+01 1.239037e-02 9.997181e-01 2.024773e-02 -8.889252e-01 -3.596842e-02 -1.979057e-02 9.991570e-01 -4.497268e-01
9.992187e-01 -1.415203e-02 3.690198e-02 2.698141e+01 1.346898e-02 9.997345e-01 1.869335e-02 -8.723040e-01 -3.715673e-02 -1.818171e-02 9.991440e-01 -4.429846e-01
9.992351e-01 -1.447049e-02 3.632922e-02 2.742160e+01 1.374459e-02 9.997025e-01 2.015214e-02 -8.662828e-01 -3.661003e-02 -1.963739e-02 9.991367e-01 -4.677143e-01
9.993072e-01 -1.432046e-02 3.435183e-02 2.786538e+01 1.362608e-02 9.996997e-01 2.036338e-02 -8.624611e-01 -3.463313e-02 -1.988119e-02 9.992023e-01 -4.993019e-01
9.992504e-01 -1.518043e-02 3.561385e-02 2.833172e+01 1.444315e-02 9.996778e-01 2.086894e-02 -8.535610e-01 -3.591917e-02 -2.033892e-02 9.991477e-01 -5.107231e-01
9.992522e-01 -1.559078e-02 3.538233e-02 2.883111e+01 1.484347e-02 9.996631e-01 2.128636e-02 -8.461215e-01 -3.570228e-02 -2.074525e-02 9.991471e-01 -5.324062e-01
9.992384e-01 -1.607183e-02 3.555885e-02 2.928203e+01 1.532114e-02 9.996560e-01 2.128391e-02 -8.376923e-01 -3.588869e-02 -2.072290e-02 9.991409e-01 -5.387045e-01
9.992542e-01 -1.674196e-02 3.479473e-02 2.982649e+01 1.602693e-02 9.996567e-01 2.072853e-02 -8.229018e-01 -3.512982e-02 -2.015542e-02 9.991795e-01 -5.579797e-01
9.991977e-01 -1.717134e-02 3.618158e-02 3.032863e+01 1.644940e-02 9.996613e-01 2.015742e-02 -8.178524e-01 -3.651546e-02 -1.954608e-02 9.991419e-01 -5.709285e-01
9.991044e-01 -1.848285e-02 3.806382e-02 3.085628e+01 1.772587e-02 9.996403e-01 2.012946e-02 -8.095322e-01 -3.842218e-02 -1.943672e-02 9.990726e-01 -5.913236e-01
9.990498e-01 -2.042878e-02 3.849987e-02 3.136830e+01 1.972183e-02 9.996315e-01 1.865347e-02 -7.986814e-01 -3.886675e-02 -1.787646e-02 9.990845e-01 -6.088412e-01
9.988527e-01 -2.354281e-02 4.170137e-02 3.184897e+01 2.278370e-02 9.995675e-01 1.858623e-02 -7.729647e-01 -4.212091e-02 -1.761479e-02 9.989572e-01 -6.144418e-01
9.987873e-01 -2.570301e-02 4.199104e-02 3.238556e+01 2.491738e-02 9.995065e-01 1.912689e-02 -7.535455e-01 -4.246194e-02 -1.805739e-02 9.989349e-01 -6.189919e-01
9.988208e-01 -2.809892e-02 3.959128e-02 3.292348e+01 2.733084e-02 9.994302e-01 1.980971e-02 -7.305332e-01 -4.012536e-02 -1.870429e-02 9.990196e-01 -6.662170e-01
9.987803e-01 -3.034810e-02 3.894944e-02 3.345166e+01 2.959245e-02 9.993653e-01 1.983294e-02 -7.043587e-01 -3.952661e-02 -1.865613e-02 9.990444e-01 -6.927263e-01
9.986863e-01 -3.223158e-02 3.983584e-02 3.400896e+01 3.140908e-02 9.992838e-01 2.110356e-02 -6.716477e-01 -4.048751e-02 -1.982463e-02 9.989834e-01 -7.138731e-01
9.987054e-01 -3.380295e-02 3.801077e-02 3.453907e+01 3.298897e-02 9.992170e-01 2.184185e-02 -6.352032e-01 -3.871933e-02 -2.055964e-02 9.990386e-01 -7.434358e-01
9.987786e-01 -3.371862e-02 3.611705e-02 3.507197e+01 3.288693e-02 9.991857e-01 2.337945e-02 -6.073271e-01 -3.687596e-02 -2.216311e-02 9.990740e-01 -7.751266e-01
9.986876e-01 -3.348082e-02 3.875798e-02 3.565800e+01 3.257321e-02 9.991856e-01 2.381677e-02 -5.627027e-01 -3.952382e-02 -2.252304e-02 9.989647e-01 -7.760455e-01
9.988458e-01 -3.278081e-02 3.510864e-02 3.616633e+01 3.190589e-02 9.991732e-01 2.519747e-02 -5.303124e-01 -3.590561e-02 -2.404821e-02 9.990658e-01 -8.231968e-01
9.988894e-01 -3.184183e-02 3.472751e-02 3.677551e+01 3.099904e-02 9.992180e-01 2.454321e-02 -4.972490e-01 -3.548186e-02 -2.343943e-02 9.990954e-01 -8.399982e-01
9.988399e-01 -3.127737e-02 3.661494e-02 3.738094e+01 3.039279e-02 9.992384e-01 2.447148e-02 -4.733706e-01 -3.735246e-02 -2.333026e-02 9.990298e-01 -8.615781e-01
9.987865e-01 -3.184230e-02 3.757060e-02 3.799273e+01 3.098334e-02 9.992499e-01 2.322759e-02 -4.366954e-01 -3.828204e-02 -2.203534e-02 9.990240e-01 -8.673698e-01
9.987456e-01 -3.164891e-02 3.880062e-02 3.854170e+01 3.076468e-02 9.992579e-01 2.317829e-02 -4.150980e-01 -3.950539e-02 -2.195553e-02 9.989781e-01 -8.989390e-01
9.986601e-01 -3.233505e-02 4.040438e-02 3.930028e+01 3.138992e-02 9.992237e-01 2.381141e-02 -3.763227e-01 -4.114295e-02 -2.251122e-02 9.988996e-01 -9.281013e-01
9.986132e-01 -3.203255e-02 4.177869e-02 3.993817e+01 3.090258e-02 9.991463e-01 2.741778e-02 -3.583102e-01 -4.262128e-02 -2.608869e-02 9.987506e-01 -9.427186e-01
9.987444e-01 -3.207541e-02 3.848074e-02 4.058372e+01 3.108786e-02 9.991788e-01 2.599326e-02 -3.478513e-01 -3.928288e-02 -2.476434e-02 9.989212e-01 -9.755713e-01
9.988205e-01 -3.120033e-02 3.720301e-02 4.120959e+01 3.038841e-02 9.992917e-01 2.219334e-02 -3.394213e-01 -3.786910e-02 -2.103662e-02 9.990612e-01 -1.022198e+00
9.989253e-01 -3.062325e-02 3.479090e-02 4.186342e+01 2.982070e-02 9.992824e-01 2.335728e-02 -3.302346e-01 -3.548120e-02 -2.229469e-02 9.991216e-01 -1.049952e+00
9.989064e-01 -2.987377e-02 3.596554e-02 4.273368e+01 2.904902e-02 9.993078e-01 2.324003e-02 -3.190737e-01 -3.663491e-02 -2.216985e-02 9.990827e-01 -1.100654e+00
9.991069e-01 -2.964531e-02 3.010877e-02 4.385575e+01 2.890244e-02 9.992740e-01 2.481544e-02 -3.138480e-01 -3.082258e-02 -2.392306e-02 9.992386e-01 -1.206527e+00
9.989617e-01 -3.040300e-02 3.392785e-02 4.581303e+01 2.965571e-02 9.993111e-01 2.231589e-02 -2.719567e-01 -3.458294e-02 -2.128657e-02 9.991751e-01 -1.290022e+00
9.989191e-01 -3.317641e-02 3.255756e-02 4.789951e+01 3.242016e-02 9.991982e-01 2.348781e-02 -2.007521e-01 -3.331070e-02 -2.240690e-02 9.991938e-01 -1.367466e+00
9.988343e-01 -3.525556e-02 3.297173e-02 4.996568e+01 3.455989e-02 9.991727e-01 2.143621e-02 -1.333977e-01 -3.370020e-02 -2.027172e-02 9.992264e-01 -1.395382e+00
9.987451e-01 -3.764059e-02 3.303623e-02 5.199242e+01 3.696412e-02 9.990990e-01 2.085399e-02 -7.293294e-02 -3.379142e-02 -1.960666e-02 9.992366e-01 -1.415422e+00
9.987929e-01 -4.123111e-02 2.669596e-02 5.406004e+01 4.061142e-02 9.989020e-01 2.335367e-02 1.604806e-03 -2.762955e-02 -2.224132e-02 9.993708e-01 -1.490760e+00
9.986855e-01 -4.386023e-02 2.652599e-02 5.609863e+01 4.339746e-02 9.988997e-01 1.777729e-02 6.266025e-02 -2.727652e-02 -1.660276e-02 9.994900e-01 -1.594973e+00
9.982350e-01 -4.653420e-02 3.689604e-02 5.806396e+01 4.625640e-02 9.988947e-01 8.347957e-03 1.426905e-01 -3.724372e-02 -6.626546e-03 9.992843e-01 -1.598193e+00
9.981899e-01 -4.882709e-02 3.511200e-02 6.008801e+01 4.854181e-02 9.987812e-01 8.932315e-03 2.197408e-01 -3.550535e-02 -7.211745e-03 9.993435e-01 -1.631074e+00
9.980704e-01 -5.155760e-02 3.460346e-02 6.206267e+01 5.134588e-02 9.986566e-01 6.980079e-03 3.081766e-01 -3.491684e-02 -5.189864e-03 9.993768e-01 -1.662363e+00
9.979866e-01 -5.478464e-02 3.195928e-02 6.404354e+01 5.467209e-02 9.984946e-01 4.385872e-03 4.070708e-01 -3.215145e-02 -2.629760e-03 9.994795e-01 -1.692519e+00
9.969646e-01 -6.032185e-02 4.922133e-02 6.563496e+01 6.126586e-02 9.979609e-01 -1.789971e-02 5.182845e-01 -4.804122e-02 2.086096e-02 9.986275e-01 -1.687452e+00
9.955550e-01 -6.342538e-02 6.962334e-02 6.697050e+01 6.794789e-02 9.955931e-01 -6.463335e-02 6.126201e-01 -6.521713e-02 6.907682e-02 9.954773e-01 -1.585430e+00
9.932588e-01 -6.928348e-02 9.293355e-02 6.791803e+01 7.951725e-02 9.905933e-01 -1.113642e-01 6.994737e-01 -8.434366e-02 1.180033e-01 9.894248e-01 -1.540409e+00
9.935263e-01 -7.006964e-02 8.941916e-02 6.847131e+01 7.931185e-02 9.913701e-01 -1.043786e-01 7.425084e-01 -8.133372e-02 1.107949e-01 9.905096e-01 -1.457462e+00
9.935228e-01 -7.059128e-02 8.904731e-02 6.901274e+01 7.913356e-02 9.921957e-01 -9.636026e-02 7.904236e-01 -8.155017e-02 1.027827e-01 9.913553e-01 -1.401937e+00
9.937600e-01 -7.178099e-02 8.537253e-02 6.971989e+01 8.004271e-02 9.919968e-01 -9.765145e-02 8.585049e-01 -7.767975e-02 1.038756e-01 9.915522e-01 -1.335729e+00
9.937560e-01 -7.014154e-02 8.677058e-02 7.030048e+01 7.760744e-02 9.932774e-01 -8.589166e-02 9.065080e-01 -8.016267e-02 9.208940e-02 9.925188e-01 -1.341063e+00
9.939930e-01 -6.963825e-02 8.442928e-02 7.087695e+01 7.765369e-02 9.923767e-01 -9.569968e-02 9.608666e-01 -7.712129e-02 1.016811e-01 9.918232e-01 -1.282135e+00
9.941294e-01 -6.987061e-02 8.261220e-02 7.159286e+01 7.752053e-02 9.926118e-01 -9.334028e-02 1.029948e+00 -7.548010e-02 9.919646e-02 9.922010e-01 -1.259570e+00
9.947203e-01 -6.785051e-02 7.699276e-02 7.214096e+01 7.479986e-02 9.930111e-01 -9.128930e-02 1.066686e+00 -7.026065e-02 9.656636e-02 9.928436e-01 -1.191804e+00
9.945899e-01 -6.507823e-02 8.096731e-02 7.278593e+01 7.202804e-02 9.936792e-01 -8.610241e-02 1.098777e+00 -7.485215e-02 9.146851e-02 9.929908e-01 -1.208132e+00
9.943520e-01 -6.567986e-02 8.336748e-02 7.347731e+01 7.323991e-02 9.931427e-01 -9.112403e-02 1.138681e+00 -7.681079e-02 9.671520e-02 9.923438e-01 -1.148856e+00
9.941948e-01 -6.490071e-02 8.581714e-02 7.403838e+01 7.250176e-02 9.934211e-01 -8.864339e-02 1.176458e+00 -7.949955e-02 9.435070e-02 9.923597e-01 -1.129066e+00
9.938815e-01 -6.596951e-02 8.858687e-02 7.459191e+01 7.428202e-02 9.927901e-01 -9.407309e-02 1.213778e+00 -8.174221e-02 1.000779e-01 9.916162e-01 -1.063459e+00
9.943269e-01 -6.496261e-02 8.422460e-02 7.525935e+01 7.218134e-02 9.937025e-01 -8.570351e-02 1.259877e+00 -7.812668e-02 9.129675e-02 9.927543e-01 -1.055482e+00
9.942937e-01 -6.555377e-02 8.415885e-02 7.590078e+01 7.300957e-02 9.933697e-01 -8.880630e-02 1.296578e+00 -7.777924e-02 9.444395e-02 9.924871e-01 -1.003357e+00
9.942212e-01 -6.714010e-02 8.376358e-02 7.656990e+01 7.430719e-02 9.935545e-01 -8.560326e-02 1.345712e+00 -7.747627e-02 9.133282e-02 9.928020e-01 -9.415573e-01
9.940874e-01 -6.772468e-02 8.487422e-02 7.721931e+01 7.554952e-02 9.928281e-01 -9.265302e-02 1.385065e+00 -7.799061e-02 9.851740e-02 9.920745e-01 -9.006263e-01
9.939585e-01 -6.994268e-02 8.458459e-02 7.782171e+01 7.725650e-02 9.932492e-01 -8.653180e-02 1.434976e+00 -7.796130e-02 9.254374e-02 9.926518e-01 -8.528941e-01
9.938753e-01 -7.326570e-02 8.272904e-02 7.856181e+01 8.073308e-02 9.925865e-01 -9.085147e-02 1.500649e+00 -7.545944e-02 9.697400e-02 9.924222e-01 -7.875485e-01
9.939042e-01 -7.316967e-02 8.246659e-02 7.903613e+01 8.028653e-02 9.930052e-01 -8.657140e-02 1.547444e+00 -7.555535e-02 9.266464e-02 9.928266e-01 -7.700469e-01
9.936775e-01 -7.452101e-02 8.397397e-02 7.956777e+01 8.238853e-02 9.921110e-01 -9.448785e-02 1.604245e+00 -7.627017e-02 1.008089e-01 9.919780e-01 -6.892607e-01
9.936396e-01 -7.566051e-02 8.340172e-02 8.004617e+01 8.285104e-02 9.928077e-01 -8.642203e-02 1.652811e+00 -7.626312e-02 9.278227e-02 9.927615e-01 -6.791309e-01
9.936090e-01 -7.796061e-02 8.162995e-02 8.046528e+01 8.571666e-02 9.916575e-01 -9.627125e-02 1.695439e+00 -7.344358e-02 1.026530e-01 9.920022e-01 -6.281853e-01
9.935657e-01 -7.861841e-02 8.152478e-02 8.093602e+01 8.578663e-02 9.923743e-01 -8.851020e-02 1.736826e+00 -7.394456e-02 9.493443e-02 9.927334e-01 -6.327092e-01
9.938812e-01 -8.032131e-02 7.582058e-02 8.138176e+01 8.744669e-02 9.915447e-01 -9.587707e-02 1.794688e+00 -6.747851e-02 1.019207e-01 9.925013e-01 -5.805668e-01
9.933220e-01 -8.002234e-02 8.311303e-02 8.169083e+01 8.751691e-02 9.920133e-01 -9.083097e-02 1.841836e+00 -7.518072e-02 9.749819e-02 9.923921e-01 -5.674779e-01
9.935043e-01 -8.032474e-02 8.060482e-02 8.192990e+01 8.791113e-02 9.915439e-01 -9.546071e-02 1.886656e+00 -7.225534e-02 1.019267e-01 9.921644e-01 -5.091916e-01
9.931761e-01 -7.922791e-02 8.558156e-02 8.221833e+01 8.684890e-02 9.922076e-01 -8.933844e-02 1.928401e+00 -7.783657e-02 9.616148e-02 9.923177e-01 -5.113962e-01
9.931464e-01 -8.402409e-02 8.124217e-02 8.252305e+01 9.167298e-02 9.911973e-01 -9.551968e-02 1.978835e+00 -7.250106e-02 1.023127e-01 9.921067e-01 -4.626040e-01
9.925746e-01 -8.649150e-02 8.552673e-02 8.273946e+01 9.387908e-02 9.918187e-01 -8.650051e-02 2.040853e+00 -7.734546e-02 9.388739e-02 9.925739e-01 -4.913791e-01
9.925961e-01 -9.213979e-02 7.914015e-02 8.291733e+01 9.942471e-02 9.906272e-01 -9.366179e-02 2.091321e+00 -6.976841e-02 1.008368e-01 9.924537e-01 -4.684168e-01
9.921618e-01 -9.375254e-02 8.261587e-02 8.328809e+01 1.011338e-01 9.907738e-01 -9.021880e-02 2.167003e+00 -7.339539e-02 9.786689e-02 9.924894e-01 -4.470886e-01
9.919390e-01 -9.659647e-02 8.201267e-02 8.368375e+01 1.042955e-01 9.899549e-01 -9.545578e-02 2.253778e+00 -7.196815e-02 1.032399e-01 9.920495e-01 -3.844416e-01
9.916348e-01 -9.655105e-02 8.566312e-02 8.414552e+01 1.045189e-01 9.900709e-01 -9.399795e-02 2.341448e+00 -7.573695e-02 1.021651e-01 9.918801e-01 -3.747375e-01
9.917185e-01 -9.859322e-02 8.230339e-02 8.434007e+01 1.056980e-01 9.905883e-01 -8.696277e-02 2.406262e+00 -7.295485e-02 9.494188e-02 9.928060e-01 -3.629106e-01
9.914191e-01 -1.003119e-01 8.381964e-02 8.444941e+01 1.075179e-01 9.904417e-01 -8.640192e-02 2.459699e+00 -7.435133e-02 9.467264e-02 9.927281e-01 -3.863675e-01
9.912986e-01 -1.026737e-01 8.237281e-02 8.436295e+01 1.099124e-01 9.899694e-01 -8.876952e-02 2.534333e+00 -7.243226e-02 9.705088e-02 9.926403e-01 -3.748120e-01
9.910751e-01 -1.024974e-01 8.523151e-02 8.428165e+01 1.097835e-01 9.902532e-01 -8.571042e-02 2.596540e+00 -7.561567e-02 9.430248e-02 9.926678e-01 -3.932045e-01
9.909474e-01 -1.036040e-01 8.537813e-02 8.415112e+01 1.109193e-01 9.901079e-01 -8.592451e-02 2.653236e+00 -7.563145e-02 9.461676e-02 9.926367e-01 -4.208426e-01
9.907982e-01 -1.065717e-01 8.343470e-02 8.427264e+01 1.138483e-01 9.895980e-01 -8.794397e-02 2.737963e+00 -7.319449e-02 9.663363e-02 9.926251e-01 -4.212332e-01
9.908062e-01 -1.086688e-01 8.058687e-02 8.423678e+01 1.154587e-01 9.896673e-01 -8.501701e-02 2.805028e+00 -7.051548e-02 9.353983e-02 9.931152e-01 -4.348639e-01
9.904748e-01 -1.105702e-01 8.205994e-02 8.433051e+01 1.180627e-01 9.886519e-01 -9.289129e-02 2.890408e+00 -7.085770e-02 1.016947e-01 9.922889e-01 -4.364122e-01
9.908227e-01 -1.076137e-01 8.179078e-02 8.421886e+01 1.145007e-01 9.897991e-01 -8.477697e-02 2.960768e+00 -7.183328e-02 9.336405e-02 9.930373e-01 -4.432745e-01
9.908066e-01 -1.097646e-01 7.908253e-02 8.421900e+01 1.166235e-01 9.892632e-01 -8.807578e-02 3.045722e+00 -6.856582e-02 9.648895e-02 9.929696e-01 -4.509051e-01
9.908604e-01 -1.096752e-01 7.853048e-02 8.422008e+01 1.161511e-01 9.897337e-01 -8.328355e-02 3.120885e+00 -6.859013e-02 9.164377e-02 9.934268e-01 -4.492798e-01
9.904593e-01 -1.122946e-01 7.987662e-02 8.405011e+01 1.192492e-01 9.889212e-01 -8.839930e-02 3.205202e+00 -6.906492e-02 9.708113e-02 9.928773e-01 -4.806095e-01
9.909450e-01 -1.099625e-01 7.704650e-02 8.388138e+01 1.167251e-01 9.891154e-01 -8.958849e-02 3.264433e+00 -6.635650e-02 9.777052e-02 9.929943e-01 -4.995684e-01
9.907914e-01 -1.103744e-01 7.842062e-02 8.388602e+01 1.172551e-01 9.890741e-01 -8.934975e-02 3.364306e+00 -6.770189e-02 9.772217e-02 9.929082e-01 -4.945116e-01
9.912177e-01 -1.082307e-01 7.598373e-02 8.391449e+01 1.148772e-01 9.893520e-01 -8.936217e-02 3.441976e+00 -6.550293e-02 9.730617e-02 9.930966e-01 -4.807152e-01
9.914907e-01 -1.074277e-01 7.352272e-02 8.397863e+01 1.139395e-01 9.893112e-01 -9.100015e-02 3.520212e+00 -6.296092e-02 9.860294e-02 9.931331e-01 -4.753974e-01
9.917339e-01 -1.027901e-01 7.679881e-02 8.388260e+01 1.095796e-01 9.898809e-01 -9.015572e-02 3.577517e+00 -6.675456e-02 9.782606e-02 9.929622e-01 -5.034338e-01
9.917281e-01 -1.013838e-01 7.871850e-02 8.388889e+01 1.082810e-01 9.901329e-01 -8.894765e-02 3.634550e+00 -6.892394e-02 9.673560e-02 9.929208e-01 -4.896568e-01
9.920477e-01 -9.769644e-02 7.935151e-02 8.385402e+01 1.046440e-01 9.905456e-01 -8.870748e-02 3.674191e+00 -6.993488e-02 9.630571e-02 9.928919e-01 -5.235804e-01
9.925054e-01 -9.397095e-02 7.811894e-02 8.377426e+01 1.009294e-01 9.907693e-01 -9.049664e-02 3.723943e+00 -6.889378e-02 9.770291e-02 9.928282e-01 -5.109996e-01
9.928573e-01 -9.106947e-02 7.707540e-02 8.374266e+01 9.773836e-02 9.913408e-01 -8.769824e-02 3.765539e+00 -6.842134e-02 9.460506e-02 9.931608e-01 -5.348588e-01
9.930598e-01 -8.816686e-02 7.783851e-02 8.370191e+01 9.525491e-02 9.911358e-01 -9.260827e-02 3.799400e+00 -6.898355e-02 9.938004e-02 9.926555e-01 -5.336211e-01
9.932960e-01 -8.699366e-02 7.612613e-02 8.373914e+01 9.415077e-02 9.909073e-01 -9.611591e-02 3.842828e+00 -6.707247e-02 1.026389e-01 9.924548e-01 -5.262341e-01
9.931476e-01 -8.560717e-02 7.955705e-02 8.375333e+01 9.260777e-02 9.917239e-01 -8.892360e-02 3.878450e+00 -7.128613e-02 9.568186e-02 9.928561e-01 -5.447519e-01
9.931986e-01 -8.421677e-02 8.039903e-02 8.367405e+01 9.124947e-02 9.919122e-01 -8.822514e-02 3.903172e+00 -7.231874e-02 9.496146e-02 9.928506e-01 -5.560001e-01
9.932861e-01 -8.222842e-02 8.137143e-02 8.364893e+01 8.920318e-02 9.922801e-01 -8.615610e-02 3.935146e+00 -7.365878e-02 9.283625e-02 9.929531e-01 -5.430030e-01
9.935653e-01 -8.127154e-02 7.888519e-02 8.369147e+01 8.822870e-02 9.921046e-01 -8.913099e-02 3.949069e+00 -7.101854e-02 9.551740e-02 9.928911e-01 -5.696311e-01
9.936128e-01 -8.083083e-02 7.874033e-02 8.367136e+01 8.768894e-02 9.922594e-01 -8.793063e-02 3.974162e+00 -7.102333e-02 9.427366e-02 9.930096e-01 -5.632178e-01
9.937347e-01 -7.916573e-02 7.889295e-02 8.369852e+01 8.603827e-02 9.924067e-01 -8.789892e-02 3.995587e+00 -7.133532e-02 9.413603e-02 9.930003e-01 -5.526603e-01
9.935912e-01 -7.967841e-02 8.017346e-02 8.369025e+01 8.660289e-02 9.924406e-01 -8.695883e-02 4.022698e+00 -7.263865e-02 9.334479e-02 9.929805e-01 -5.547004e-01
9.936824e-01 -7.910350e-02 7.961123e-02 8.365163e+01 8.593185e-02 9.925518e-01 -8.635276e-02 4.043971e+00 -7.218746e-02 9.264835e-02 9.930786e-01 -5.592590e-01
9.936955e-01 -7.854968e-02 7.999489e-02 8.359029e+01 8.530836e-02 9.927305e-01 -8.490366e-02 4.053433e+00 -7.274421e-02 9.119262e-02 9.931728e-01 -5.711264e-01
9.938858e-01 -7.753428e-02 7.860906e-02 8.360209e+01 8.415435e-02 9.928441e-01 -8.472766e-02 4.075271e+00 -7.147723e-02 9.082492e-02 9.932985e-01 -5.742647e-01
9.940196e-01 -7.771070e-02 7.672083e-02 8.361541e+01 8.427896e-02 9.926847e-01 -8.645265e-02 4.087783e+00 -6.944130e-02 9.240158e-02 9.932975e-01 -5.854676e-01
9.940956e-01 -7.825362e-02 7.516935e-02 8.369581e+01 8.473184e-02 9.925760e-01 -8.725470e-02 4.115494e+00 -6.778329e-02 9.310874e-02 9.933460e-01 -5.641718e-01
9.941748e-01 -7.711007e-02 7.530200e-02 8.369764e+01 8.355656e-02 9.927343e-01 -8.658483e-02 4.134442e+00 -6.807832e-02 9.237244e-02 9.933945e-01 -5.727484e-01
9.942686e-01 -7.558719e-02 7.560785e-02 8.371423e+01 8.200715e-02 9.929352e-01 -8.575743e-02 4.143406e+00 -6.859154e-02 9.146630e-02 9.934431e-01 -5.794709e-01
9.940379e-01 -7.663278e-02 7.756297e-02 8.364565e+01 8.333861e-02 9.926925e-01 -8.727034e-02 4.164833e+00 -7.030841e-02 9.321401e-02 9.931605e-01 -5.964445e-01
9.942644e-01 -7.626893e-02 7.497579e-02 8.366122e+01 8.242850e-02 9.931500e-01 -8.281658e-02 4.177948e+00 -6.814587e-02 8.852171e-02 9.937404e-01 -6.129534e-01
9.941108e-01 -7.442755e-02 7.876720e-02 8.367953e+01 8.041997e-02 9.938704e-01 -7.585669e-02 4.178943e+00 -7.263856e-02 8.174440e-02 9.940028e-01 -6.421982e-01
9.946337e-01 -7.568759e-02 7.053577e-02 8.373852e+01 8.137056e-02 9.933447e-01 -8.151958e-02 4.205303e+00 -6.389631e-02 8.682165e-02 9.941726e-01 -6.703458e-01
9.947488e-01 -7.406473e-02 7.063427e-02 8.361404e+01 7.965189e-02 9.936179e-01 -7.987053e-02 4.202225e+00 -6.426788e-02 8.507726e-02 9.942995e-01 -7.162750e-01
9.952207e-01 -7.365751e-02 6.411127e-02 8.367759e+01 7.858407e-02 9.938471e-01 -7.805499e-02 4.224526e+00 -5.796746e-02 8.272006e-02 9.948855e-01 -7.082127e-01
9.954791e-01 -6.961025e-02 6.462007e-02 8.370141e+01 7.435364e-02 9.944706e-01 -7.415844e-02 4.230395e+00 -5.910058e-02 7.862791e-02 9.951506e-01 -7.233196e-01
9.957402e-01 -6.827792e-02 6.196411e-02 8.377055e+01 7.277229e-02 9.946414e-01 -7.343344e-02 4.231426e+00 -5.661819e-02 7.762991e-02 9.953733e-01 -6.988387e-01
9.957424e-01 -6.994291e-02 6.004277e-02 8.373684e+01 7.470821e-02 9.938956e-01 -8.117817e-02 4.238055e+00 -5.399842e-02 8.531824e-02 9.948894e-01 -7.307691e-01
9.955304e-01 -6.766682e-02 6.588219e-02 8.384535e+01 7.294836e-02 9.940110e-01 -8.136864e-02 4.250478e+00 -5.998166e-02 8.581094e-02 9.945042e-01 -6.744505e-01
9.953430e-01 -7.053523e-02 6.570503e-02 8.392752e+01 7.569744e-02 9.939400e-01 -7.970653e-02 4.269289e+00 -5.968474e-02 8.430904e-02 9.946505e-01 -6.333869e-01
9.947861e-01 -7.295394e-02 7.126214e-02 8.433408e+01 7.844080e-02 9.939018e-01 -7.749919e-02 4.324391e+00 -6.517371e-02 8.268497e-02 9.944423e-01 -5.737320e-01
