1.000000e+00 0.000000e+00 0.000000e+00 0.000000e+00 0.000000e+00 1.000000e+00 0.000000e+00 0.000000e+00 0.000000e+00 0.000000e+00 1.000000e+00 0.000000e+00
9.999968e-01 2.221224e-04 -2.519849e-03 1.863299e+00 -2.165941e-04 9.999975e-01 2.193957e-03 -8.991449e-02 2.520330e-03 -2.193404e-03 9.999944e-01 -3.818420e-02
9.999904e-01 3.093218e-03 -3.110307e-03 3.378168e+00 -3.088062e-03 9.999939e-01 1.661084e-03 -7.592554e-02 3.115426e-03 -1.651464e-03 9.999938e-01 -5.892850e-02
9.999784e-01 5.956033e-03 -2.777405e-03 4.914272e+00 -5.948442e-03 9.999787e-01 2.733546e-03 -8.052327e-02 2.793626e-03 -2.716965e-03 9.999924e-01 -8.857782e-02
9.999549e-01 9.309416e-03 -1.887323e-03 6.420939e+00 -9.306273e-03 9.999553e-01 1.666511e-03 -1.030765e-01 1.902753e-03 -1.648872e-03 9.999968e-01 -1.352097e-01
9.999230e-01 1.237673e-02 -9.414605e-04 7.871127e+00 -1.237491e-02 9.999216e-01 1.906419e-03 -1.333384e-01 9.649820e-04 -1.894622e-03 9.999977e-01 -1.624235e-01
9.998687e-01 1.619146e-02 6.723757e-04 9.314198e+00 -1.619258e-02 9.998674e-01 1.690917e-03 -1.666292e-01 -6.449082e-04 -1.701582e-03 9.999983e-01 -1.891946e-01
9.998317e-01 1.828032e-02 1.535314e-03 1.076735e+01 -1.828306e-02 9.998312e-01 1.787958e-03 -1.996398e-01 -1.502370e-03 -1.815727e-03 9.999972e-01 -2.132599e-01
9.997729e-01 2.099674e-02 3.636795e-03 1.220656e+01 -2.099888e-02 9.997793e-01 5.519597e-04 -2.701315e-01 -3.624403e-03 -6.282030e-04 9.999932e-01 -2.384548e-01
9.997151e-01 2.309644e-02 6.012801e-03 1.364022e+01 -2.309882e-02 9.997331e-01 3.272903e-04 -3.256787e-01 -6.003636e-03 -4.660857e-04 9.999819e-01 -2.814646e-01
9.996512e-01 2.531282e-02 7.536832e-03 1.508997e+01 -2.532169e-02 9.996787e-01 1.083921e-03 -3.852233e-01 -7.506974e-03 -1.274388e-03 9.999710e-01 -2.909941e-01
9.995909e-01 2.659936e-02 1.050848e-02 1.652628e+01 -2.662878e-02 9.996419e-01 2.669825e-03 -4.227930e-01 -1.043370e-02 -2.948561e-03 9.999412e-01 -3.407370e-01
9.995701e-01 2.666755e-02 1.218773e-02 1.796173e+01 -2.669707e-02 9.996409e-01 2.265628e-03 -4.771941e-01 -1.212294e-02 -2.590031e-03 9.999232e-01 -3.549145e-01
9.995566e-01 2.727834e-02 1.193483e-02 1.939617e+01 -2.729970e-02 9.996260e-01 1.630470e-03 -5.331587e-01 -1.188589e-02 -1.955565e-03 9.999275e-01 -3.882957e-01
9.995155e-01 2.811498e-02 1.335071e-02 2.082821e+01 -2.813681e-02 9.996029e-01 1.450035e-03 -5.834842e-01 -1.330464e-02 -1.824979e-03 9.999098e-01 -4.111461e-01
9.994993e-01 2.997599e-02 1.012853e-02 2.226313e+01 -3.001235e-02 9.995434e-01 3.456922e-03 -6.508090e-01 -1.002028e-02 -3.759172e-03 9.999427e-01 -4.699213e-01
9.994527e-01 3.086004e-02 1.191187e-02 2.369357e+01 -3.089959e-02 9.995174e-01 3.150662e-03 -7.058277e-01 -1.180889e-02 -3.517010e-03 9.999241e-01 -4.634990e-01
9.994147e-01 3.179019e-02 1.263345e-02 2.512113e+01 -3.186044e-02 9.994776e-01 5.399787e-03 -7.643749e-01 -1.245519e-02 -5.799134e-03 9.999056e-01 -5.120733e-01
9.993613e-01 3.293937e-02 1.385217e-02 2.655641e+01 -3.297321e-02 9.994538e-01 2.221499e-03 -8.260617e-01 -1.377143e-02 -2.676831e-03 9.999016e-01 -5.199056e-01
9.993237e-01 3.363025e-02 1.487199e-02 2.799227e+01 -3.365124e-02 9.994329e-01 1.163150e-03 -8.906583e-01 -1.482444e-02 -1.662824e-03 9.998887e-01 -5.603886e-01
9.992846e-01 3.428390e-02 1.596300e-02 2.943216e+01 -3.429104e-02 9.994119e-01 1.740309e-04 -9.482331e-01 -1.594764e-02 -7.212943e-04 9.998726e-01 -5.841799e-01
9.992498e-01 3.518182e-02 1.618929e-02 3.086096e+01 -3.527135e-02 9.993638e-01 5.278263e-03 -1.017916e+00 -1.599329e-02 -5.845321e-03 9.998550e-01 -6.232838e-01
9.991937e-01 3.729408e-02 1.486630e-02 3.230423e+01 -3.739025e-02 9.992813e-01 6.244597e-03 -1.083587e+00 -1.462273e-02 -6.795417e-03 9.998700e-01 -6.221510e-01
9.990994e-01 3.949243e-02 1.551243e-02 3.374104e+01 -3.957303e-02 9.992045e-01 4.923484e-03 -1.157569e+00 -1.530565e-02 -5.532924e-03 9.998676e-01 -6.723145e-01
9.989873e-01 4.142186e-02 1.756721e-02 3.519457e+01 -4.145866e-02 9.991388e-01 1.735525e-03 -1.229773e+00 -1.748019e-02 -2.462081e-03 9.998442e-01 -6.661274e-01
9.987624e-01 4.428865e-02 2.263289e-02 3.663268e+01 -4.432594e-02 9.990164e-01 1.148223e-03 -1.316449e+00 -2.255978e-02 -2.150027e-03 9.997432e-01 -7.406874e-01
9.985230e-01 4.836878e-02 2.474355e-02 3.807080e+01 -4.836608e-02 9.988294e-01 -7.078651e-04 -1.405737e+00 -2.474883e-02 -4.899292e-04 9.996936e-01 -7.155776e-01
9.982178e-01 5.253260e-02 2.831208e-02 3.952167e+01 -5.252326e-02 9.986191e-01 -1.073704e-03 -1.504007e+00 -2.832939e-02 -4.152523e-04 9.995986e-01 -7.873095e-01
9.980828e-01 5.590059e-02 2.656901e-02 4.096739e+01 -5.586014e-02 9.984361e-01 -2.262644e-03 -1.600965e+00 -2.665394e-02 7.741567e-04 9.996444e-01 -7.716818e-01
9.978149e-01 6.000000e-02 2.766610e-02 4.240337e+01 -5.991482e-02 9.981959e-01 -3.898513e-03 -1.691735e+00 -2.785010e-02 2.232385e-03 9.996096e-01 -8.280631e-01
9.976017e-01 6.306935e-02 2.851505e-02 4.385128e+01 -6.297972e-02 9.980066e-01 -4.031586e-03 -1.803573e+00 -2.871248e-02 2.226047e-03 9.995852e-01 -8.225618e-01
9.973324e-01 6.737947e-02 2.807337e-02 4.528663e+01 -6.734501e-02 9.977273e-01 -2.172480e-03 -1.920047e+00 -2.815595e-02 2.760837e-04 9.996035e-01 -8.662170e-01
9.970343e-01 7.093411e-02 2.984960e-02 4.673363e+01 -7.096038e-02 9.974792e-01 -1.797953e-04 -2.038699e+00 -2.978710e-02 -1.938877e-03 9.995544e-01 -8.800104e-01
9.967237e-01 7.489965e-02 3.052624e-02 4.815479e+01 -7.508465e-02 9.971648e-01 4.957896e-03 -2.162018e+00 -3.006835e-02 -7.233704e-03 9.995217e-01 -9.153063e-01
9.965163e-01 7.861982e-02 2.782479e-02 4.959476e+01 -7.877199e-02 9.968828e-01 4.414083e-03 -2.289202e+00 -2.739102e-02 -6.590520e-03 9.996031e-01 -9.465293e-01
9.962570e-01 8.202467e-02 2.727478e-02 5.102468e+01 -8.216416e-02 9.966108e-01 4.031461e-03 -2.419429e+00 -2.685166e-02 -6.257380e-03 9.996198e-01 -9.657305e-01
9.958103e-01 8.636425e-02 3.005284e-02 5.247200e+01 -8.644690e-02 9.962554e-01 1.459021e-03 -2.559908e+00 -2.981430e-02 -4.050883e-03 9.995472e-01 -9.884594e-01
9.953991e-01 8.974646e-02 3.356032e-02 5.390495e+01 -8.986613e-02 9.959517e-01 2.071703e-03 -2.715030e+00 -3.323853e-02 -5.078108e-03 9.994345e-01 -1.032349e+00
9.950728e-01 9.356065e-02 3.281187e-02 5.533637e+01 -9.376018e-02 9.955842e-01 4.592692e-03 -2.848123e+00 -3.223728e-02 -7.646509e-03 9.994510e-01 -1.057223e+00
9.946615e-01 9.840307e-02 3.107228e-02 5.676472e+01 -9.868699e-02 9.950883e-01 7.736176e-03 -3.006287e+00 -3.015840e-02 -1.076131e-02 9.994872e-01 -1.112121e+00
9.942667e-01 1.030949e-01 2.837524e-02 5.818076e+01 -1.033000e-01 9.946330e-01 5.857280e-03 -3.159502e+00 -2.761910e-02 -8.754862e-03 9.995802e-01 -1.139790e+00
9.938671e-01 1.069763e-01 2.800504e-02 5.961907e+01 -1.070955e-01 9.942448e-01 2.785205e-03 -3.324524e+00 -2.754592e-02 -5.767338e-03 9.996039e-01 -1.180653e+00
9.933208e-01 1.112870e-01 3.047831e-02 6.106177e+01 -1.114219e-01 9.937693e-01 2.757959e-03 -3.484950e+00 -2.998149e-02 -6.135490e-03 9.995316e-01 -1.157396e+00
9.927506e-01 1.160437e-01 3.130671e-02 6.248678e+01 -1.163603e-01 9.931710e-01 8.481643e-03 -3.675639e+00 -3.010867e-02 -1.206301e-02 9.994738e-01 -1.210678e+00
9.920665e-01 1.210406e-01 3.395947e-02 6.390622e+01 -1.214408e-01 9.925486e-01 9.975142e-03 -3.871116e+00 -3.249903e-02 -1.402007e-02 9.993734e-01 -1.239970e+00
9.915645e-01 1.253631e-01 3.292539e-02 6.531960e+01 -1.259122e-01 9.919255e-01 1.516031e-02 -4.066222e+00 -3.075899e-02 -1.917813e-02 9.993428e-01 -1.303676e+00
9.910278e-01 1.301719e-01 3.031977e-02 6.675253e+01 -1.305761e-01 9.913685e-01 1.174928e-02 -4.271970e+00 -2.852864e-02 -1.560290e-02 9.994712e-01 -1.354437e+00
9.903200e-01 1.353600e-01 3.072538e-02 6.819858e+01 -1.357588e-01 9.906778e-01 1.127554e-02 -4.482187e+00 -2.891270e-02 -1.533763e-02 9.994643e-01 -1.409139e+00
9.896617e-01 1.402352e-01 3.006361e-02 6.963865e+01 -1.405389e-01 9.900411e-01 8.227551e-03 -4.694967e+00 -2.861042e-02 -1.236760e-02 9.995141e-01 -1.431242e+00
9.889160e-01 1.450589e-01 3.167103e-02 7.106539e+01 -1.453715e-01 9.893464e-01 7.787708e-03 -4.918499e+00 -3.020395e-02 -1.230545e-02 9.994680e-01 -1.462612e+00
9.882742e-01 1.496691e-01 3.022033e-02 7.250458e+01 -1.499728e-01 9.886576e-01 8.034669e-03 -5.148193e+00 -2.867501e-02 -1.247268e-02 9.995109e-01 -1.503753e+00
9.874579e-01 1.545656e-01 3.219447e-02 7.394998e+01 -1.549270e-01 9.878845e-01 9.037543e-03 -5.394236e+00 -3.040753e-02 -1.391199e-02 9.994408e-01 -1.538738e+00
9.867223e-01 1.594564e-01 3.086738e-02 7.539577e+01 -1.597743e-01 9.871203e-01 8.105373e-03 -5.646743e+00 -2.917736e-02 -1.292957e-02 9.994906e-01 -1.576528e+00
9.858763e-01 1.640424e-01 3.373356e-02 7.682895e+01 -1.643496e-01 9.863806e-01 6.526293e-03 -5.906145e+00 -3.220354e-02 -1.197821e-02 9.994096e-01 -1.600989e+00
9.851647e-01 1.680529e-01 3.476670e-02 7.828410e+01 -1.683860e-01 9.856972e-01 6.863505e-03 -6.165823e+00 -3.311601e-02 -1.261591e-02 9.993719e-01 -1.637670e+00
9.843194e-01 1.728336e-01 3.526653e-02 7.971591e+01 -1.731739e-01 9.848676e-01 6.810485e-03 -6.434927e+00 -3.355579e-02 -1.281094e-02 9.993547e-01 -1.678201e+00
9.836841e-01 1.764175e-01 3.524886e-02 8.118845e+01 -1.767965e-01 9.842156e-01 7.915568e-03 -6.711885e+00 -3.329603e-02 -1.401829e-02 9.993472e-01 -1.717281e+00
9.830227e-01 1.805995e-01 3.240582e-02 8.263430e+01 -1.808658e-01 9.834927e-01 5.460174e-03 -6.982306e+00 -3.088478e-02 -1.122858e-02 9.994599e-01 -1.738757e+00
9.823065e-01 1.847609e-01 3.061726e-02 8.410692e+01 -1.850575e-01 9.827019e-01 7.130126e-03 -7.278904e+00 -2.877027e-02 -1.266992e-02 9.995058e-01 -1.765743e+00
9.814783e-01 1.896408e-01 2.714147e-02 8.557369e+01 -1.899123e-01 9.817703e-01 7.778022e-03 -7.574171e+00 -2.517166e-02 -1.278846e-02 9.996014e-01 -1.804628e+00
9.807217e-01 1.932461e-01 2.899849e-02 8.704695e+01 -1.935301e-01 9.810673e-01 7.302213e-03 -7.878548e+00 -2.703834e-02 -1.277352e-02 9.995528e-01 -1.864320e+00
9.800193e-01 1.972050e-01 2.592901e-02 8.853129e+01 -1.973575e-01 9.803255e-01 3.435858e-03 -8.188809e+00 -2.474130e-02 -8.484492e-03 9.996579e-01 -1.883961e+00
9.792228e-01 2.009013e-01 2.759469e-02 9.003478e+01 -2.008048e-01 9.796112e-01 -6.254923e-03 -8.503248e+00 -2.828870e-02 5.838154e-04 9.995996e-01 -1.915702e+00
9.782833e-01 2.052064e-01 2.918980e-02 9.153020e+01 -2.053295e-01 9.786922e-01 1.252089e-03 -8.841021e+00 -2.831088e-02 -7.218424e-03 9.995731e-01 -1.908880e+00
9.774403e-01 2.094082e-01 2.754293e-02 9.300228e+01 -2.099160e-01 9.775710e-01 1.702598e-02 -9.167270e+00 -2.335979e-02 -2.242359e-02 9.994756e-01 -1.895162e+00
9.764509e-01 2.135065e-01 3.096013e-02 9.449767e+01 -2.141560e-01 9.766066e-01 1.940915e-02 -9.518803e+00 -2.609188e-02 -2.558238e-02 9.993321e-01 -2.041544e+00
9.756986e-01 2.169500e-01 3.074001e-02 9.601121e+01 -2.174299e-01 9.759867e-01 1.319900e-02 -9.876604e+00 -2.713832e-02 -1.956205e-02 9.994403e-01 -2.048807e+00
9.750749e-01 2.199539e-01 2.914217e-02 9.753417e+01 -2.202190e-01 9.754308e-01 6.180258e-03 -1.022612e+01 -2.706680e-02 -1.244387e-02 9.995562e-01 -2.088672e+00
9.739980e-01 2.240333e-01 3.371981e-02 9.903590e+01 -2.242858e-01 9.745158e-01 3.855625e-03 -1.058545e+01 -3.199670e-02 -1.131825e-02 9.994239e-01 -2.115736e+00
9.730884e-01 2.282983e-01 3.128754e-02 1.005432e+02 -2.286315e-01 9.734845e-01 7.471849e-03 -1.094499e+01 -2.875212e-02 -1.442408e-02 9.994825e-01 -2.126441e+00
9.720558e-01 2.323124e-01 3.374201e-02 1.020652e+02 -2.328345e-01 9.724370e-01 1.241509e-02 -1.132970e+01 -2.992780e-02 -1.992446e-02 9.993535e-01 -2.187926e+00
9.711086e-01 2.363892e-01 3.268369e-02 1.035779e+02 -2.369975e-01 9.713762e-01 1.613975e-02 -1.172820e+01 -2.793289e-02 -2.341940e-02 9.993354e-01 -2.230731e+00
9.701442e-01 2.396972e-01 3.695384e-02 1.051175e+02 -2.402484e-01 9.706466e-01 1.120960e-02 -1.212624e+01 -3.318221e-02 -1.975302e-02 9.992541e-01 -2.303394e+00
9.690250e-01 2.438883e-01 3.884532e-02 1.066426e+02 -2.443621e-01 9.696521e-01 7.884041e-03 -1.253055e+01 -3.574361e-02 -1.713216e-02 9.992141e-01 -2.326470e+00
9.678957e-01 2.479247e-01 4.136795e-02 1.081826e+02 -2.483706e-01 9.686469e-01 5.931074e-03 -1.293619e+01 -3.860048e-02 -1.601525e-02 9.991264e-01 -2.367572e+00
9.668635e-01 2.517782e-01 4.222198e-02 1.097053e+02 -2.523106e-01 9.676156e-01 7.707269e-03 -1.335364e+01 -3.891412e-02 -1.810493e-02 9.990785e-01 -2.387226e+00
9.654915e-01 2.566395e-01 4.429821e-02 1.112227e+02 -2.573636e-01 9.662474e-01 1.140251e-02 -1.378018e+01 -3.987670e-02 -2.240977e-02 9.989533e-01 -2.416275e+00
9.641576e-01 2.607616e-01 4.902468e-02 1.127282e+02 -2.616521e-01 9.650798e-01 1.260803e-02 -1.420965e+01 -4.402504e-02 -2.498354e-02 9.987180e-01 -2.489668e+00
9.628442e-01 2.648281e-01 5.288853e-02 1.142904e+02 -2.657922e-01 9.639559e-01 1.198537e-02 -1.464936e+01 -4.780814e-02 -2.559740e-02 9.985285e-01 -2.505624e+00
9.615567e-01 2.693711e-01 5.336606e-02 1.157978e+02 -2.702470e-01 9.627411e-01 9.802269e-03 -1.510698e+01 -4.873725e-02 -2.384746e-02 9.985269e-01 -2.594632e+00
9.599077e-01 2.739246e-01 5.951899e-02 1.173277e+02 -2.748812e-01 9.614416e-01 8.367803e-03 -1.555912e+01 -5.493190e-02 -2.439297e-02 9.981921e-01 -2.596560e+00
9.582954e-01 2.784829e-01 6.416504e-02 1.188680e+02 -2.794994e-01 9.601184e-01 7.268994e-03 -1.601937e+01 -5.958174e-02 -2.489993e-02 9.979128e-01 -2.640889e+00
9.569139e-01 2.835364e-01 6.263337e-02 1.203699e+02 -2.845580e-01 9.586267e-01 7.853724e-03 -1.649085e+01 -5.781521e-02 -2.533817e-02 9.980057e-01 -2.686422e+00
9.554417e-01 2.880568e-01 6.445455e-02 1.218963e+02 -2.890522e-01 9.572912e-01 6.489143e-03 -1.696024e+01 -5.983254e-02 -2.483073e-02 9.978995e-01 -2.720918e+00
9.540424e-01 2.929688e-01 6.302726e-02 1.234182e+02 -2.936756e-01 9.559029e-01 2.051679e-03 -1.744608e+01 -5.964686e-02 -2.046696e-02 9.980097e-01 -2.763376e+00
9.526371e-01 2.978349e-01 6.145591e-02 1.249296e+02 -2.985663e-01 9.543847e-01 2.868054e-03 -1.793620e+01 -5.779837e-02 -2.108088e-02 9.981057e-01 -2.777796e+00
9.507353e-01 3.032752e-01 6.423756e-02 1.264221e+02 -3.040703e-01 9.526455e-01 2.749693e-03 -1.844489e+01 -6.036171e-02 -2.214697e-02 9.979308e-01 -2.811805e+00
9.487946e-01 3.076635e-01 7.163747e-02 1.279385e+02 -3.087815e-01 9.511207e-01 4.817352e-03 -1.896260e+01 -6.665376e-02 -2.669100e-02 9.974191e-01 -2.844939e+00
9.468877e-01 3.127860e-01 7.462253e-02 1.294399e+02 -3.142164e-01 9.493181e-01 7.962515e-03 -1.948582e+01 -6.834995e-02 -3.098723e-02 9.971800e-01 -2.894468e+00
9.458036e-01 3.170570e-01 7.021686e-02 1.309540e+02 -3.190493e-01 9.475484e-01 1.895802e-02 -2.000313e+01 -6.052311e-02 -4.033321e-02 9.973516e-01 -2.917834e+00
9.444750e-01 3.212573e-01 6.899852e-02 1.324617e+02 -3.233188e-01 9.460608e-01 2.083650e-02 -2.053753e+01 -5.858291e-02 -4.198807e-02 9.973992e-01 -3.006021e+00
9.429861e-01 3.263419e-01 6.540823e-02 1.340028e+02 -3.278370e-01 9.446406e-01 1.329962e-02 -2.108610e+01 -5.744705e-02 -3.398459e-02 9.977700e-01 -3.045406e+00
9.415848e-01 3.300831e-01 6.680653e-02 1.355121e+02 -3.313682e-01 9.434600e-01 8.846892e-03 -2.163396e+01 -6.010909e-02 -3.046766e-02 9.977267e-01 -3.075556e+00
9.400618e-01 3.341036e-01 6.825344e-02 1.370551e+02 -3.353406e-01 9.420693e-01 7.209546e-03 -2.220184e+01 -6.189073e-02 -2.966557e-02 9.976420e-01 -3.100823e+00
9.383401e-01 3.384193e-01 7.064158e-02 1.385874e+02 -3.402052e-01 9.402373e-01 1.463162e-02 -2.277719e+01 -6.146824e-02 -3.776207e-02 9.973944e-01 -3.140872e+00
9.365708e-01 3.428991e-01 7.249333e-02 1.401246e+02 -3.449037e-01 9.384872e-01 1.683417e-02 -2.337070e+01 -6.226164e-02 -4.076961e-02 9.972268e-01 -3.187835e+00
9.351479e-01 3.466684e-01 7.293465e-02 1.416804e+02 -3.485380e-01 9.371856e-01 1.428548e-02 -2.396658e+01 -6.340099e-02 -3.877953e-02 9.972344e-01 -3.242154e+00
9.337319e-01 3.512706e-01 6.894739e-02 1.432260e+02 -3.527572e-01 9.356581e-01 1.031994e-02 -2.456551e+01 -6.088609e-02 -3.395774e-02 9.975669e-01 -3.280000e+00
9.323754e-01 3.553513e-01 6.634392e-02 1.448052e+02 -3.569562e-01 9.340200e-01 1.374692e-02 -2.516976e+01 -5.708156e-02 -3.649916e-02 9.977021e-01 -3.354419e+00
9.308314e-01 3.606436e-01 5.906812e-02 1.463569e+02 -3.620211e-01 9.320617e-01 1.419610e-02 -2.579638e+01 -4.993541e-02 -3.459809e-02 9.981530e-01 -3.381060e+00
9.291980e-01 3.652556e-01 5.638634e-02 1.479121e+02 -3.666672e-01 9.302011e-01 1.676254e-02 -2.642024e+01 -4.632803e-02 -3.625074e-02 9.982683e-01 -3.455168e+00
9.274933e-01 3.701265e-01 5.255943e-02 1.495025e+02 -3.711954e-01 9.284781e-01 1.192803e-02 -2.706977e+01 -4.438541e-02 -3.057298e-02 9.985465e-01 -3.469547e+00
9.256983e-01 3.746568e-01 5.210434e-02 1.510678e+02 -3.755861e-01 9.267439e-01 8.993876e-03 -2.771919e+01 -4.491776e-02 -2.789528e-02 9.986011e-01 -3.515994e+00
9.235998e-01 3.795495e-01 5.390210e-02 1.526273e+02 -3.804164e-01 9.247929e-01 6.453266e-03 -2.838274e+01 -4.739894e-02 -2.646548e-02 9.985254e-01 -3.546456e+00
9.217755e-01 3.834952e-01 5.710915e-02 1.541697e+02 -3.846732e-01 9.229889e-01 1.086613e-02 -2.904425e+01 -4.854401e-02 -3.198449e-02 9.983088e-01 -3.617086e+00
9.197446e-01 3.884328e-01 5.647833e-02 1.557280e+02 -3.898214e-01 9.207575e-01 1.564672e-02 -2.972383e+01 -4.592515e-02 -3.640745e-02 9.982812e-01 -3.676519e+00
9.179179e-01 3.931100e-01 5.377077e-02 1.572820e+02 -3.943243e-01 9.188681e-01 1.378370e-02 -3.040954e+01 -4.398973e-02 -3.385543e-02 9.984581e-01 -3.712285e+00
9.154415e-01 3.987074e-01 5.476515e-02 1.588370e+02 -3.997068e-01 9.166061e-01 8.227742e-03 -3.111653e+01 -4.691761e-02 -2.942202e-02 9.984654e-01 -3.753256e+00
9.135153e-01 4.031902e-01 5.410643e-02 1.603945e+02 -4.040071e-01 9.147440e-01 4.636502e-03 -3.181650e+01 -4.762414e-02 -2.609490e-02 9.985244e-01 -3.784738e+00
9.115442e-01 4.076300e-01 5.408325e-02 1.619389e+02 -4.085617e-01 9.127043e-01 6.960237e-03 -3.252019e+01 -4.652480e-02 -2.844091e-02 9.985121e-01 -3.822557e+00
9.091254e-01 4.128887e-01 5.489822e-02 1.634861e+02 -4.138786e-01 9.103009e-01 7.553522e-03 -3.325232e+01 -4.685513e-02 -2.958830e-02 9.984634e-01 -3.869872e+00
9.072078e-01 4.171237e-01 5.460515e-02 1.650207e+02 -4.181177e-01 9.083602e-01 7.711304e-03 -3.395699e+01 -4.638457e-02 -2.982713e-02 9.984782e-01 -3.925750e+00
9.049576e-01 4.218832e-01 5.537431e-02 1.665740e+02 -4.228148e-01 9.061977e-01 5.776149e-03 -3.470868e+01 -4.774321e-02 -2.864025e-02 9.984490e-01 -3.928555e+00
9.027548e-01 4.268004e-01 5.362011e-02 1.681193e+02 -4.277901e-01 9.038427e-01 8.003778e-03 -3.546131e+01 -4.504813e-02 -3.016360e-02 9.985293e-01 -4.005746e+00
9.006655e-01 4.312026e-01 5.353506e-02 1.696451e+02 -4.321242e-01 9.017912e-01 6.438902e-03 -3.619912e+01 -4.550098e-02 -2.893309e-02 9.985452e-01 -4.029238e+00
8.983765e-01 4.361055e-01 5.226490e-02 1.711940e+02 -4.370951e-01 8.993733e-01 8.694613e-03 -3.697280e+01 -4.321389e-02 -3.065577e-02 9.985954e-01 -4.069987e+00
8.963678e-01 4.399351e-01 5.460659e-02 1.727148e+02 -4.409085e-01 8.975275e-01 6.635432e-03 -3.774103e+01 -4.609176e-02 -3.002430e-02 9.984859e-01 -4.117023e+00
8.940382e-01 4.447046e-01 5.416121e-02 1.742310e+02 -4.457624e-01 8.951093e-01 8.665345e-03 -3.850970e+01 -4.462668e-02 -3.189018e-02 9.984946e-01 -4.147209e+00
8.917801e-01 4.491989e-01 5.430024e-02 1.757563e+02 -4.503259e-01 8.928081e-01 1.000402e-02 -3.929859e+01 -4.398591e-02 -3.337420e-02 9.984745e-01 -4.176175e+00
8.898119e-01 4.531475e-01 5.377935e-02 1.772518e+02 -4.543860e-01 8.907113e-01 1.291180e-02 -4.007998e+01 -4.205092e-02 -3.592566e-02 9.984694e-01 -4.305917e+00
8.876674e-01 4.578053e-01 4.960626e-02 1.787936e+02 -4.589655e-01 8.883339e-01 1.460981e-02 -4.087794e+01 -3.737848e-02 -3.573621e-02 9.986620e-01 -4.284881e+00
8.854323e-01 4.624157e-01 4.670522e-02 1.802887e+02 -4.633611e-01 8.860971e-01 1.134156e-02 -4.170419e+01 -3.614084e-02 -3.168356e-02 9.988443e-01 -4.378325e+00
8.832014e-01 4.665439e-01 4.787550e-02 1.818159e+02 -4.674266e-01 8.839900e-01 8.597853e-03 -4.252341e+01 -3.831019e-02 -2.997192e-02 9.988163e-01 -4.355785e+00
8.814085e-01 4.698046e-01 4.901749e-02 1.833289e+02 -4.706939e-01 8.822621e-01 7.810956e-03 -4.334422e+01 -3.957665e-02 -2.995688e-02 9.987674e-01 -4.455918e+00
8.803493e-01 4.712263e-01 5.413700e-02 1.848686e+02 -4.723483e-01 8.813614e-01 9.435967e-03 -4.417171e+01 -4.326779e-02 -3.387847e-02 9.984889e-01 -4.437352e+00
8.804124e-01 4.708827e-01 5.606687e-02 1.863777e+02 -4.723727e-01 8.812464e-01 1.639161e-02 -4.500777e+01 -4.169021e-02 -4.091583e-02 9.982924e-01 -4.512790e+00
8.807473e-01 4.705470e-01 5.356879e-02 1.878775e+02 -4.717932e-01 8.816154e-01 1.286382e-02 -4.582668e+01 -4.117404e-02 -3.660316e-02 9.984813e-01 -4.613549e+00
8.802109e-01 4.720546e-01 4.892027e-02 1.893908e+02 -4.732154e-01 8.808186e-01 1.502087e-02 -4.667813e+01 -3.599922e-02 -3.637137e-02 9.986897e-01 -4.639968e+00
8.800151e-01 4.724936e-01 4.819995e-02 1.909310e+02 -4.734742e-01 8.807418e-01 1.077897e-02 -4.752245e+01 -3.735871e-02 -3.230709e-02 9.987795e-01 -4.666209e+00
8.794720e-01 4.736748e-01 4.648913e-02 1.924509e+02 -4.745614e-01 8.801693e-01 9.667386e-03 -4.836080e+01 -3.633910e-02 -3.056414e-02 9.988720e-01 -4.729223e+00
8.784890e-01 4.750873e-01 5.049038e-02 1.939700e+02 -4.760841e-01 8.793514e-01 9.229888e-03 -4.922155e+01 -4.001378e-02 -3.214602e-02 9.986819e-01 -4.715153e+00
8.777025e-01 4.759715e-01 5.558269e-02 1.954903e+02 -4.770415e-01 8.788526e-01 7.047989e-03 -5.006986e+01 -4.549435e-02 -3.270129e-02 9.984292e-01 -4.804784e+00
8.770761e-01 4.768938e-01 5.753092e-02 1.970321e+02 -4.777648e-01 8.784863e-01 1.587888e-03 -5.093786e+01 -4.978287e-02 -2.887894e-02 9.983425e-01 -4.800861e+00
8.761057e-01 4.782488e-01 6.096575e-02 1.985388e+02 -4.794294e-01 8.775630e-01 5.533264e-03 -5.178758e+01 -5.085501e-02 -3.407650e-02 9.981245e-01 -4.921216e+00
8.751166e-01 4.805480e-01 5.696023e-02 2.000709e+02 -4.816123e-01 8.763652e-01 5.818909e-03 -5.263919e+01 -4.712169e-02 -3.252497e-02 9.983595e-01 -4.887591e+00
8.736756e-01 4.829824e-01 5.847170e-02 2.015808e+02 -4.841757e-01 8.749396e-01 7.389881e-03 -5.351261e+01 -4.759002e-02 -3.476693e-02 9.982617e-01 -4.962712e+00
8.728071e-01 4.843683e-01 5.995829e-02 2.031011e+02 -4.855244e-01 8.742056e-01 5.531394e-03 -5.437167e+01 -4.973664e-02 -3.393905e-02 9.981856e-01 -4.979429e+00
8.713459e-01 4.866369e-01 6.277549e-02 2.046186e+02 -4.879797e-01 8.728255e-01 7.167990e-03 -5.524960e+01 -5.130384e-02 -3.687896e-02 9.980019e-01 -5.031920e+00
8.703618e-01 4.885036e-01 6.192389e-02 2.061359e+02 -4.895748e-01 8.719578e-01 2.465007e-03 -5.611596e+01 -5.279086e-02 -3.246183e-02 9.980778e-01 -5.046196e+00
8.691044e-01 4.906078e-01 6.294028e-02 2.076250e+02 -4.917161e-01 8.707520e-01 2.461826e-03 -5.701431e+01 -5.359759e-02 -3.308834e-02 9.980143e-01 -5.104699e+00
8.682427e-01 4.921420e-01 6.285508e-02 2.091489e+02 -4.931352e-01 8.699527e-01 3.312193e-04 -5.789927e+01 -5.451793e-02 -3.128363e-02 9.980226e-01 -5.144761e+00
8.673660e-01 4.930982e-01 6.730890e-02 2.106718e+02 -4.944646e-01 8.691872e-01 4.264578e-03 -5.875278e+01 -5.640119e-02 -3.698082e-02 9.977230e-01 -5.165254e+00
8.663609e-01 4.951604e-01 6.507619e-02 2.121673e+02 -4.964024e-01 8.680857e-01 3.408501e-03 -5.965959e+01 -5.480397e-02 -3.525697e-02 9.978745e-01 -5.178462e+00
8.649732e-01 4.972713e-01 6.739876e-02 2.136610e+02 -4.987282e-01 8.667399e-01 5.662577e-03 -6.055359e+01 -5.560136e-02 -3.851164e-02 9.977100e-01 -5.265566e+00
8.641750e-01 4.987119e-01 6.699261e-02 2.151713e+02 -4.999623e-01 8.660445e-01 2.212830e-03 -6.143264e+01 -5.691501e-02 -3.540605e-02 9.977510e-01 -5.274465e+00
8.632623e-01 5.007790e-01 6.323480e-02 2.166604e+02 -5.021453e-01 8.647563e-01 6.820951e-03 -6.233191e+01 -5.126690e-02 -3.764133e-02 9.979753e-01 -5.338030e+00
8.621713e-01 5.029268e-01 6.103517e-02 2.181724e+02 -5.041322e-01 8.636111e-01 5.161571e-03 -6.322327e+01 -5.011475e-02 -3.521995e-02 9.981223e-01 -5.358563e+00
8.610346e-01 5.050336e-01 5.966999e-02 2.196740e+02 -5.061728e-01 8.624191e-01 4.717890e-03 -6.412328e+01 -4.907785e-02 -3.426559e-02 9.982070e-01 -5.400641e+00
8.595941e-01 5.071150e-01 6.270826e-02 2.211561e+02 -5.083030e-01 8.611709e-01 3.532184e-03 -6.502252e+01 -5.221131e-02 -3.491104e-02 9.980257e-01 -5.429595e+00
8.582546e-01 5.094234e-01 6.234467e-02 2.226472e+02 -5.106573e-01 8.597722e-01 4.586230e-03 -6.592936e+01 -5.126588e-02 -3.577291e-02 9.980441e-01 -5.468677e+00
8.568527e-01 5.120204e-01 6.032117e-02 2.241278e+02 -5.132331e-01 8.582314e-01 5.523018e-03 -6.683353e+01 -4.894163e-02 -3.569124e-02 9.981638e-01 -5.517820e+00
8.546423e-01 5.159432e-01 5.821751e-02 2.256081e+02 -5.170851e-01 8.559165e-01 5.470373e-03 -6.775549e+01 -4.700692e-02 -3.477861e-02 9.982889e-01 -5.565870e+00
8.530947e-01 5.188238e-01 5.523881e-02 2.270800e+02 -5.197653e-01 8.543031e-01 3.190449e-03 -6.866453e+01 -4.553541e-02 -3.143297e-02 9.984681e-01 -5.600736e+00
8.503233e-01 5.233813e-01 5.497492e-02 2.285376e+02 -5.243844e-01 8.514694e-01 4.606719e-03 -6.958158e+01 -4.439839e-02 -3.274519e-02 9.984771e-01 -5.648210e+00
8.486351e-01 5.267005e-01 4.904165e-02 2.300191e+02 -5.275499e-01 8.495073e-01 5.331088e-03 -7.050916e+01 -3.885335e-02 -3.039607e-02 9.987825e-01 -5.659128e+00
8.456367e-01 5.315457e-01 4.855648e-02 2.314671e+02 -5.322316e-01 8.465976e-01 1.427966e-03 -7.145306e+01 -4.034877e-02 -2.705084e-02 9.988194e-01 -5.732261e+00
8.436477e-01 5.349339e-01 4.587149e-02 2.329298e+02 -5.354695e-01 8.445543e-01 -7.217648e-04 -7.238702e+01 -3.912706e-02 -2.395387e-02 9.989471e-01 -5.727674e+00
8.408221e-01 5.394309e-01 4.508280e-02 2.343917e+02 -5.399829e-01 8.416760e-01 7.734727e-05 -7.333837e+01 -3.790339e-02 -2.440897e-02 9.989833e-01 -5.764368e+00
8.385584e-01 5.431956e-01 4.193179e-02 2.358403e+02 -5.436555e-01 8.393083e-01 -5.174046e-04 -7.429129e+01 -3.547475e-02 -2.236257e-02 9.991204e-01 -5.774700e+00
8.354762e-01 5.477098e-01 4.464879e-02 2.372614e+02 -5.482953e-01 8.362840e-01 1.047801e-03 -7.525513e+01 -3.676518e-02 -2.535614e-02 9.990022e-01 -5.831598e+00
8.329060e-01 5.516375e-01 4.431266e-02 2.387079e+02 -5.520802e-01 8.337867e-01 -2.642179e-03 -7.622573e+01 -3.840483e-02 -2.226346e-02 9.990142e-01 -5.838447e+00
8.301404e-01 5.555742e-01 4.694992e-02 2.401403e+02 -5.560379e-01 8.311485e-01 -3.730101e-03 -7.721034e+01 -4.109470e-02 -2.300943e-02 9.988903e-01 -5.874417e+00
8.283262e-01 5.584347e-01 4.501520e-02 2.415889e+02 -5.589055e-01 8.292276e-01 -2.517735e-03 -7.819212e+01 -3.873383e-02 -2.307374e-02 9.989831e-01 -5.894475e+00
8.267809e-01 5.609993e-01 4.139139e-02 2.430113e+02 -5.614173e-01 8.275309e-01 -1.815113e-03 -7.917336e+01 -3.527093e-02 -2.173714e-02 9.991413e-01 -5.916040e+00
8.262305e-01 5.620431e-01 3.808674e-02 2.444369e+02 -5.624301e-01 8.268446e-01 -6.676130e-04 -8.016159e+01 -3.186704e-02 -2.086953e-02 9.992742e-01 -5.959972e+00
8.254891e-01 5.631738e-01 3.745599e-02 2.458716e+02 -5.634320e-01 8.261514e-01 -4.267438e-03 -8.115060e+01 -3.334763e-02 -1.758118e-02 9.992892e-01 -5.965163e+00
8.251522e-01 5.640876e-01 3.048050e-02 2.472903e+02 -5.642456e-01 8.255974e-01 -3.965443e-03 -8.213518e+01 -2.740148e-02 -1.392640e-02 9.995275e-01 -5.984421e+00
8.243753e-01 5.648616e-01 3.656235e-02 2.487396e+02 -5.649034e-01 8.250943e-01 -1.016545e-02 -8.314214e+01 -3.590946e-02 -1.227405e-02 9.992797e-01 -6.013223e+00
8.240407e-01 5.655838e-01 3.274065e-02 2.501813e+02 -5.657222e-01 8.245759e-01 -5.759789e-03 -8.415027e+01 -3.025479e-02 -1.377581e-02 9.994473e-01 -5.965029e+00
8.229855e-01 5.664956e-01 4.216233e-02 2.516061e+02 -5.669091e-01 8.237764e-01 -2.553258e-03 -8.515399e+01 -3.617874e-02 -2.180092e-02 9.991075e-01 -6.043669e+00
8.219432e-01 5.683833e-01 3.674142e-02 2.530282e+02 -5.686951e-01 8.225452e-01 -2.335053e-03 -8.617510e+01 -3.154868e-02 -1.897539e-02 9.993221e-01 -6.039467e+00
8.215013e-01 5.688936e-01 3.867523e-02 2.544816e+02 -5.691313e-01 8.222274e-01 -5.632323e-03 -8.718596e+01 -3.500402e-02 -1.738432e-02 9.992360e-01 -6.087893e+00
8.215047e-01 5.690793e-01 3.575740e-02 2.559333e+02 -5.690199e-01 8.222238e-01 -1.281397e-02 -8.820981e+01 -3.669276e-02 -9.819930e-03 9.992784e-01 -6.067373e+00
8.206159e-01 5.703671e-01 3.564858e-02 2.573731e+02 -5.706120e-01 8.212107e-01 -3.879614e-03 -8.922985e+01 -3.148780e-02 -1.715783e-02 9.993569e-01 -6.087101e+00
8.208125e-01 5.703768e-01 3.061126e-02 2.588245e+02 -5.704470e-01 8.213024e-01 -7.246385e-03 -9.025980e+01 -2.927428e-02 -1.151418e-02 9.995051e-01 -6.104182e+00
8.201567e-01 5.712199e-01 3.241675e-02 2.602725e+02 -5.714585e-01 8.206279e-01 -2.266125e-03 -9.128294e+01 -2.789655e-02 -1.666625e-02 9.994718e-01 -6.128722e+00
8.201093e-01 5.713878e-01 3.060676e-02 2.617494e+02 -5.714384e-01 8.206067e-01 -7.928226e-03 -9.233244e+01 -2.964620e-02 -1.098787e-02 9.995000e-01 -6.133292e+00
8.196747e-01 5.718414e-01 3.362840e-02 2.632018e+02 -5.720842e-01 8.201900e-01 -2.845475e-03 -9.336855e+01 -2.920884e-02 -1.690591e-02 9.994304e-01 -6.167243e+00
8.195710e-01 5.721781e-01 3.025878e-02 2.646667e+02 -5.723655e-01 8.199934e-01 -2.912817e-03 -9.441204e+01 -2.647865e-02 -1.493182e-02 9.995378e-01 -6.175907e+00
8.193874e-01 5.724894e-01 2.932780e-02 2.661161e+02 -5.726833e-01 8.197738e-01 -2.125744e-03 -9.544749e+01 -2.525913e-02 -1.505373e-02 9.995676e-01 -6.223498e+00
8.188922e-01 5.731430e-01 3.037515e-02 2.675998e+02 -5.732819e-01 8.193443e-01 -4.786479e-03 -9.650927e+01 -2.763105e-02 -1.349392e-02 9.995271e-01 -6.220108e+00
8.181689e-01 5.737125e-01 3.812675e-02 2.690596e+02 -5.740540e-01 8.188139e-01 -2.376329e-03 -9.756020e+01 -3.258204e-02 -1.994257e-02 9.992701e-01 -6.264188e+00
8.182282e-01 5.739052e-01 3.369396e-02 2.705306e+02 -5.740029e-01 8.188174e-01 -7.664866e-03 -9.859843e+01 -3.198811e-02 -1.306882e-02 9.994028e-01 -6.235845e+00
8.174791e-01 5.748435e-01 3.581688e-02 2.720175e+02 -5.752996e-01 8.179370e-01 3.061088e-03 -9.966883e+01 -2.753630e-02 -2.310781e-02 9.993537e-01 -6.312147e+00
8.173755e-01 5.753638e-01 2.921922e-02 2.735103e+02 -5.755550e-01 8.177601e-01 -2.225076e-03 -1.007349e+02 -2.517454e-02 -1.499854e-02 9.995705e-01 -6.330901e+00
8.167952e-01 5.762299e-01 2.836594e-02 2.749970e+02 -5.764363e-01 8.171414e-01 -1.088679e-03 -1.017974e+02 -2.380631e-02 -1.546193e-02 9.995970e-01 -6.366013e+00
8.169196e-01 5.761555e-01 2.621265e-02 2.764816e+02 -5.761995e-01 8.172824e-01 -6.602628e-03 -1.028620e+02 -2.522728e-02 -9.709900e-03 9.996346e-01 -6.369323e+00
8.168383e-01 5.762071e-01 2.757870e-02 2.779693e+02 -5.764316e-01 8.171453e-01 2.296688e-04 -1.039308e+02 -2.240347e-02 -1.608483e-02 9.996196e-01 -6.411612e+00
8.162658e-01 5.770017e-01 2.791411e-02 2.794601e+02 -5.771909e-01 8.166080e-01 -1.538542e-03 -1.050173e+02 -2.368262e-02 -1.485591e-02 9.996091e-01 -6.418729e+00
8.162947e-01 5.768441e-01 3.023122e-02 2.809630e+02 -5.770336e-01 8.167151e-01 -2.905133e-03 -1.060957e+02 -2.636610e-02 -1.507299e-02 9.995387e-01 -6.460960e+00
8.160841e-01 5.768436e-01 3.546945e-02 2.824478e+02 -5.769720e-01 8.167293e-01 -7.536846e-03 -1.071785e+02 -3.331652e-02 -1.431418e-02 9.993423e-01 -6.456416e+00
8.163053e-01 5.764854e-01 3.619673e-02 2.839584e+02 -5.767710e-01 8.169003e-01 -3.031963e-03 -1.082727e+02 -3.131700e-02 -1.840222e-02 9.993401e-01 -6.493759e+00
8.162160e-01 5.763570e-01 4.004990e-02 2.854630e+02 -5.767096e-01 8.169425e-01 -3.270082e-03 -1.093613e+02 -3.460320e-02 -2.042807e-02 9.991924e-01 -6.521619e+00
8.166152e-01 5.759367e-01 3.790239e-02 2.869816e+02 -5.762349e-01 8.172762e-01 -3.616187e-03 -1.104631e+02 -3.305941e-02 -1.888765e-02 9.992749e-01 -6.536316e+00
8.164691e-01 5.757967e-01 4.285402e-02 2.884843e+02 -5.762059e-01 8.172977e-01 -3.336995e-03 -1.115527e+02 -3.694593e-02 -2.196819e-02 9.990758e-01 -6.557364e+00
8.166921e-01 5.753706e-01 4.430238e-02 2.900133e+02 -5.758795e-01 8.175333e-01 -1.541561e-03 -1.126387e+02 -3.710563e-02 -2.425385e-02 9.990170e-01 -6.587859e+00
8.171642e-01 5.745510e-01 4.619170e-02 2.915345e+02 -5.750200e-01 8.181309e-01 -3.726364e-03 -1.137353e+02 -3.993184e-02 -2.351610e-02 9.989256e-01 -6.624169e+00
8.168250e-01 5.750119e-01 4.645680e-02 2.930609e+02 -5.755070e-01 8.177904e-01 -3.244306e-03 -1.148293e+02 -3.985744e-02 -2.408618e-02 9.989150e-01 -6.640459e+00
8.174609e-01 5.743345e-01 4.356252e-02 2.946024e+02 -5.748005e-01 8.182907e-01 -2.194940e-03 -1.159311e+02 -3.690743e-02 -2.324548e-02 9.990483e-01 -6.666034e+00
8.180763e-01 5.736321e-01 4.119973e-02 2.961396e+02 -5.740310e-01 8.188295e-01 -2.566488e-03 -1.170328e+02 -3.520778e-02 -2.155034e-02 9.991477e-01 -6.690821e+00
8.185208e-01 5.731073e-01 3.964625e-02 2.976858e+02 -5.734857e-01 8.192127e-01 -2.189772e-03 -1.181367e+02 -3.373369e-02 -2.094419e-02 9.992114e-01 -6.715456e+00
8.191717e-01 5.719736e-01 4.247323e-02 2.992263e+02 -5.724507e-01 8.199384e-01 -1.123540e-03 -1.192414e+02 -3.546807e-02 -2.339346e-02 9.990970e-01 -6.739790e+00
8.195446e-01 5.714098e-01 4.286537e-02 3.007626e+02 -5.719612e-01 8.202803e-01 7.329164e-04 -1.203477e+02 -3.474283e-02 -2.511799e-02 9.990806e-01 -6.793680e+00
8.199416e-01 5.708557e-01 4.265623e-02 3.023134e+02 -5.712553e-01 8.207657e-01 -3.346646e-03 -1.214405e+02 -3.692122e-02 -2.162354e-02 9.990842e-01 -6.810423e+00
8.209128e-01 5.694520e-01 4.273801e-02 3.038700e+02 -5.698387e-01 8.217483e-01 -3.701470e-03 -1.225423e+02 -3.722769e-02 -2.131519e-02 9.990795e-01 -6.837507e+00
8.208462e-01 5.695979e-01 4.206856e-02 3.054145e+02 -5.700082e-01 8.216345e-01 -2.668131e-03 -1.236441e+02 -3.608475e-02 -2.178930e-02 9.991112e-01 -6.842519e+00
8.211411e-01 5.692407e-01 4.113624e-02 3.069710e+02 -5.696846e-01 8.218627e-01 -1.125840e-03 -1.247427e+02 -3.444922e-02 -2.251021e-02 9.991529e-01 -6.906265e+00
8.212235e-01 5.691213e-01 4.114414e-02 3.085258e+02 -5.694786e-01 8.219984e-01 -3.587083e-03 -1.258506e+02 -3.586190e-02 -2.048491e-02 9.991468e-01 -6.900380e+00
8.214123e-01 5.689966e-01 3.904805e-02 3.100841e+02 -5.693926e-01 8.220649e-01 -1.177352e-03 -1.269554e+02 -3.276994e-02 -2.126658e-02 9.992366e-01 -6.941227e+00
8.215692e-01 5.687382e-01 3.950921e-02 3.116488e+02 -5.691239e-01 8.222497e-01 -1.775805e-03 -1.280524e+02 -3.349641e-02 -2.102669e-02 9.992176e-01 -6.960206e+00
8.210439e-01 5.698057e-01 3.476136e-02 3.131982e+02 -5.701295e-01 8.215547e-01 -7.222332e-04 -1.291606e+02 -2.896988e-02 -1.922549e-02 9.993954e-01 -7.003272e+00
8.212371e-01 5.692795e-01 3.860789e-02 3.147594e+02 -5.695761e-01 8.219295e-01 -3.897845e-03 -1.302676e+02 -3.395192e-02 -1.878908e-02 9.992468e-01 -7.033661e+00
8.212827e-01 5.694300e-01 3.527391e-02 3.163294e+02 -5.697095e-01 8.218423e-01 -2.524278e-03 -1.313756e+02 -3.042699e-02 -1.802273e-02 9.993745e-01 -7.039114e+00
8.208160e-01 5.697687e-01 4.030698e-02 3.178732e+02 -5.702617e-01 8.214624e-01 9.008301e-04 -1.324790e+02 -3.259741e-02 -2.372494e-02 9.991869e-01 -7.101193e+00
8.207722e-01 5.700070e-01 3.774928e-02 3.194363e+02 -5.704579e-01 8.213255e-01 1.451783e-03 -1.335855e+02 -3.017692e-02 -2.272596e-02 9.992862e-01 -7.114674e+00
8.204859e-01 5.703632e-01 3.858400e-02 3.209841e+02 -5.708288e-01 8.210680e-01 1.296110e-03 -1.346824e+02 -3.094084e-02 -2.308830e-02 9.992545e-01 -7.165789e+00
8.193620e-01 5.719709e-01 3.866644e-02 3.225312e+02 -5.723835e-01 8.199860e-01 -4.869495e-04 -1.358100e+02 -3.198446e-02 -2.173304e-02 9.992521e-01 -7.180733e+00
8.193473e-01 5.706798e-01 5.472228e-02 3.240903e+02 -5.712283e-01 8.207649e-01 -6.570569e-03 -1.369218e+02 -4.866382e-02 -2.587534e-02 9.984800e-01 -7.238503e+00
8.197012e-01 5.706185e-01 4.984497e-02 3.256281e+02 -5.712665e-01 8.207633e-01 -1.501610e-03 -1.380211e+02 -4.176776e-02 -2.724389e-02 9.987558e-01 -7.248909e+00
8.200927e-01 5.698302e-01 5.235908e-02 3.271855e+02 -5.706419e-01 8.211987e-01 6.775996e-04 -1.391030e+02 -4.261109e-02 -3.043398e-02 9.986281e-01 -7.279529e+00
8.195003e-01 5.714732e-01 4.286652e-02 3.287236e+02 -5.721434e-01 8.201425e-01 4.250544e-03 -1.402116e+02 -3.272759e-02 -2.800912e-02 9.990718e-01 -7.323106e+00
8.196878e-01 5.710232e-01 4.521509e-02 3.302654e+02 -5.715954e-01 8.205358e-01 -3.340598e-04 -1.413132e+02 -3.729135e-02 -2.557091e-02 9.989772e-01 -7.355261e+00
8.198606e-01 5.710443e-01 4.167787e-02 3.318159e+02 -5.715184e-01 8.205891e-01 -6.545158e-04 -1.424143e+02 -3.457416e-02 -2.328306e-02 9.991309e-01 -7.394339e+00
8.204798e-01 5.700467e-01 4.312347e-02 3.333637e+02 -5.704799e-01 8.213071e-01 -2.695585e-03 -1.435075e+02 -3.695422e-02 -2.238940e-02 9.990661e-01 -7.425802e+00
8.207667e-01 5.697812e-01 4.112535e-02 3.349077e+02 -5.703018e-01 8.214346e-01 1.138036e-03 -1.446048e+02 -3.313335e-02 -2.438792e-02 9.991534e-01 -7.451881e+00
8.209324e-01 5.694665e-01 4.216511e-02 3.364462e+02 -5.699856e-01 8.216548e-01 3.535748e-04 -1.456929e+02 -3.444380e-02 -2.432377e-02 9.991106e-01 -7.502134e+00
8.210747e-01 5.694302e-01 3.981951e-02 3.379962e+02 -5.699725e-01 8.216590e-01 2.827157e-03 -1.467903e+02 -3.110819e-02 -2.501733e-02 9.992029e-01 -7.523762e+00
8.212649e-01 5.689549e-01 4.259463e-02 3.395348e+02 -5.694994e-01 8.219914e-01 7.945504e-04 -1.478807e+02 -3.456035e-02 -2.491015e-02 9.990921e-01 -7.571562e+00
8.216885e-01 5.682074e-01 4.436594e-02 3.410768e+02 -5.688363e-01 8.224485e-01 1.913726e-03 -1.489705e+02 -3.540131e-02 -2.680944e-02 9.990135e-01 -7.590338e+00
8.219793e-01 5.676132e-01 4.653157e-02 3.426155e+02 -5.682994e-01 8.228196e-01 1.871257e-03 -1.500548e+02 -3.722494e-02 -2.798200e-02 9.989151e-01 -7.641258e+00
8.221946e-01 5.673785e-01 4.558224e-02 3.441489e+02 -5.681351e-01 8.229226e-01 4.588007e-03 -1.511500e+02 -3.490751e-02 -2.966911e-02 9.989501e-01 -7.681639e+00
8.224844e-01 5.670620e-01 4.427337e-02 3.456877e+02 -5.677781e-01 8.231691e-01 4.530684e-03 -1.522350e+02 -3.387529e-02 -2.886387e-02 9.990092e-01 -7.732851e+00
8.222341e-01 5.676815e-01 4.085075e-02 3.472378e+02 -5.682989e-01 8.228102e-01 4.418261e-03 -1.533344e+02 -3.110426e-02 -2.684828e-02 9.991555e-01 -7.778288e+00
8.222057e-01 5.677883e-01 3.992887e-02 3.487779e+02 -5.682977e-01 8.228213e-01 1.737107e-03 -1.544162e+02 -3.186801e-02 -2.411974e-02 9.992010e-01 -7.812175e+00
8.219133e-01 5.683251e-01 3.827642e-02 3.503079e+02 -5.688031e-01 8.224713e-01 1.980439e-03 -1.554962e+02 -3.035572e-02 -2.339950e-02 9.992653e-01 -7.840793e+00
8.216498e-01 5.684533e-01 4.186197e-02 3.518355e+02 -5.691047e-01 8.222522e-01 4.605868e-03 -1.565860e+02 -3.180287e-02 -2.760826e-02 9.991128e-01 -7.877697e+00
8.211874e-01 5.692305e-01 4.034678e-02 3.533619e+02 -5.699212e-01 8.216670e-01 7.293552e-03 -1.576714e+02 -2.899990e-02 -2.898386e-02 9.991591e-01 -7.922787e+00
8.213339e-01 5.691934e-01 3.780784e-02 3.549000e+02 -5.697414e-01 8.218104e-01 4.731729e-03 -1.587661e+02 -2.837761e-02 -2.542702e-02 9.992738e-01 -7.985497e+00
8.212375e-01 5.693820e-01 3.705543e-02 3.564347e+02 -5.698292e-01 8.217609e-01 1.865916e-03 -1.598427e+02 -2.938829e-02 -2.264763e-02 9.993114e-01 -8.005970e+00
8.209049e-01 5.696622e-01 4.000231e-02 3.579486e+02 -5.702366e-01 8.214722e-01 3.712499e-03 -1.609223e+02 -3.074591e-02 -2.585839e-02 9.991927e-01 -8.019157e+00
8.210104e-01 5.697564e-01 3.632574e-02 3.594651e+02 -5.703254e-01 8.213899e-01 6.907842e-03 -1.620010e+02 -2.590180e-02 -2.638890e-02 9.993162e-01 -8.073133e+00
8.208599e-01 5.699695e-01 3.638352e-02 3.609887e+02 -5.705521e-01 8.212283e-01 7.370852e-03 -1.630728e+02 -2.567801e-02 -2.680913e-02 9.993107e-01 -8.130742e+00
8.211975e-01 5.696531e-01 3.361481e-02 3.624923e+02 -5.700837e-01 8.215765e-01 4.098378e-03 -1.641324e+02 -2.528248e-02 -2.252883e-02 9.994265e-01 -8.167193e+00
8.210196e-01 5.697702e-01 3.589886e-02 3.639919e+02 -5.702726e-01 8.214417e-01 4.791506e-03 -1.652023e+02 -2.675876e-02 -2.440605e-02 9.993439e-01 -8.210207e+00
8.208450e-01 5.700925e-01 3.475631e-02 3.654784e+02 -5.705915e-01 8.212141e-01 5.731133e-03 -1.662653e+02 -2.527510e-02 -2.453603e-02 9.993794e-01 -8.237457e+00
8.208306e-01 5.700926e-01 3.509340e-02 3.669623e+02 -5.706490e-01 8.211582e-01 7.693729e-03 -1.673163e+02 -2.443110e-02 -2.634126e-02 9.993544e-01 -8.304373e+00
8.207452e-01 5.702204e-01 3.501619e-02 3.684313e+02 -5.707493e-01 8.210975e-01 6.660501e-03 -1.683735e+02 -2.495375e-02 -2.545204e-02 9.993646e-01 -8.360249e+00
8.211132e-01 5.695560e-01 3.713669e-02 3.699064e+02 -5.700781e-01 8.215785e-01 4.407326e-03 -1.694132e+02 -2.800049e-02 -2.478973e-02 9.993005e-01 -8.394823e+00
