1.000000e+00 0.000000e+00 0.000000e+00 0.000000e+00 0.000000e+00 1.000000e+00 0.000000e+00 0.000000e+00 0.000000e+00 0.000000e+00 1.000000e+00 0.000000e+00
9.999893e-01 -3.808747e-03 2.621039e-03 2.219955e+00 3.806783e-03 9.999925e-01 7.540117e-04 9.756276e-03 -2.623891e-03 -7.440259e-04 9.999963e-01 -3.677017e-02
9.999791e-01 -3.797538e-03 5.236774e-03 4.072343e+00 3.803340e-03 9.999923e-01 -1.098360e-03 -8.295936e-03 -5.232562e-03 1.118254e-03 9.999857e-01 -3.586387e-02
9.999749e-01 -3.598937e-03 6.098970e-03 5.928255e+00 3.600786e-03 9.999936e-01 -2.923297e-04 -2.138954e-02 -6.097879e-03 3.142835e-04 9.999813e-01 -9.985079e-02
9.999801e-01 -3.802534e-03 5.034832e-03 7.778816e+00 3.798892e-03 9.999924e-01 7.329445e-04 -2.874133e-02 -5.037582e-03 -7.138032e-04 9.999871e-01 -1.389581e-01
9.999831e-01 -3.580652e-03 4.576953e-03 9.639056e+00 3.574665e-03 9.999928e-01 1.315703e-03 -3.782120e-02 -4.581631e-03 -1.299320e-03 9.999887e-01 -1.744111e-01
9.999899e-01 -3.652289e-03 2.609015e-03 1.149725e+01 3.646807e-03 9.999913e-01 2.102762e-03 -3.890982e-02 -2.616672e-03 -2.093226e-03 9.999944e-01 -1.882426e-01
9.999803e-01 -3.373054e-03 5.286153e-03 1.331510e+01 3.366817e-03 9.999937e-01 1.188396e-03 -4.166146e-02 -5.290128e-03 -1.170576e-03 9.999853e-01 -2.327806e-01
9.999930e-01 -3.535307e-03 1.180878e-03 1.514409e+01 3.534902e-03 9.999938e-01 3.448405e-04 -5.833531e-02 -1.182089e-03 -3.406638e-04 9.999992e-01 -2.621339e-01
9.999837e-01 -3.451305e-03 4.559828e-03 1.695696e+01 3.442856e-03 9.999923e-01 1.859229e-03 -7.137356e-02 -4.566209e-03 -1.843499e-03 9.999879e-01 -2.886980e-01
9.999924e-01 -3.508413e-03 1.678757e-03 1.876475e+01 3.507345e-03 9.999936e-01 6.385015e-04 -8.095236e-02 -1.680987e-03 -6.326087e-04 9.999984e-01 -3.143861e-01
9.999556e-01 -3.573488e-03 8.722809e-03 2.057297e+01 3.547948e-03 9.999895e-01 2.941679e-03 -9.711108e-02 -8.733229e-03 -2.910600e-03 9.999576e-01 -3.449785e-01
9.999565e-01 -3.215292e-03 8.752421e-03 2.238535e+01 3.211995e-03 9.999946e-01 3.906882e-04 -1.089828e-01 -8.753632e-03 -3.625585e-04 9.999616e-01 -3.564958e-01
9.998946e-01 -2.941085e-03 1.421794e-02 2.419536e+01 2.917593e-03 9.999943e-01 1.672738e-03 -1.284190e-01 -1.422278e-02 -1.631079e-03 9.998975e-01 -4.352630e-01
9.999403e-01 -2.911532e-03 1.053036e-02 2.599733e+01 2.870993e-03 9.999886e-01 3.862778e-03 -1.454756e-01 -1.054148e-02 -3.832315e-03 9.999371e-01 -4.690979e-01
9.999188e-01 -1.921974e-03 1.259526e-02 2.780669e+01 1.878039e-03 9.999921e-01 3.499172e-03 -1.554929e-01 -1.260188e-02 -3.475234e-03 9.999145e-01 -5.119333e-01
9.999668e-01 -1.158150e-03 8.068072e-03 2.961316e+01 1.135639e-03 9.999954e-01 2.794157e-03 -1.702469e-01 -8.071272e-03 -2.784902e-03 9.999635e-01 -5.430971e-01
9.999471e-01 -1.086570e-03 1.022910e-02 3.141249e+01 1.077545e-03 9.999989e-01 8.878486e-04 -1.853190e-01 -1.023006e-02 -8.767794e-04 9.999473e-01 -5.871968e-01
9.999767e-01 -6.358647e-04 6.801454e-03 3.323263e+01 6.323486e-04 9.999998e-01 5.190948e-04 -2.058766e-01 -6.801782e-03 -5.147819e-04 9.999768e-01 -6.167263e-01
9.999591e-01 -5.733635e-04 9.025691e-03 3.501837e+01 5.735330e-04 9.999998e-01 -1.619364e-05 -2.138821e-01 -9.025680e-03 2.136951e-05 9.999593e-01 -6.590359e-01
9.999870e-01 -4.634873e-04 5.073717e-03 3.681861e+01 4.636312e-04 1.000000e+00 -2.718160e-05 -2.340199e-01 -5.073704e-03 2.953358e-05 9.999871e-01 -6.710658e-01
9.999725e-01 2.476209e-04 7.417595e-03 3.862467e+01 -2.466289e-04 9.999999e-01 -1.346433e-04 -2.520123e-01 -7.417628e-03 1.328102e-04 9.999725e-01 -7.190755e-01
9.999849e-01 8.980759e-04 5.426378e-03 4.042994e+01 -8.937453e-04 9.999993e-01 -8.004141e-04 -2.741008e-01 -5.427093e-03 7.955522e-04 9.999850e-01 -7.339572e-01
9.999742e-01 1.256590e-03 7.074585e-03 4.221056e+01 -1.237990e-03 9.999957e-01 -2.632925e-03 -2.887047e-01 -7.077863e-03 2.624099e-03 9.999715e-01 -7.754976e-01
9.999810e-01 2.677260e-03 5.553247e-03 4.400878e+01 -2.673331e-03 9.999961e-01 -7.149167e-04 -3.158748e-01 -5.555139e-03 7.000574e-04 9.999843e-01 -8.120618e-01
9.999641e-01 4.027363e-03 7.459278e-03 4.579361e+01 -4.019460e-03 9.999914e-01 -1.074196e-03 -3.412671e-01 -7.463540e-03 1.044175e-03 9.999716e-01 -8.171797e-01
9.999588e-01 5.529625e-03 7.209098e-03 4.758823e+01 -5.529598e-03 9.999847e-01 -2.371550e-05 -3.705885e-01 -7.209119e-03 -1.614889e-05 9.999740e-01 -8.627397e-01
9.999289e-01 6.439402e-03 1.003434e-02 4.936314e+01 -6.419760e-03 9.999775e-01 -1.988408e-03 -3.867619e-01 -1.004692e-02 1.923849e-03 9.999477e-01 -8.564510e-01
9.999120e-01 7.583869e-03 1.088001e-02 5.116751e+01 -7.575761e-03 9.999710e-01 -7.862729e-04 -4.208994e-01 -1.088566e-02 7.037794e-04 9.999405e-01 -9.199186e-01
9.998485e-01 8.705954e-03 1.506769e-02 5.293727e+01 -8.661463e-03 9.999580e-01 -3.015436e-03 -4.552439e-01 -1.509331e-02 2.884471e-03 9.998819e-01 -9.146144e-01
9.998110e-01 1.022710e-02 1.653540e-02 5.471675e+01 -1.020646e-02 9.999471e-01 -1.332639e-03 -4.940403e-01 -1.654815e-02 1.163620e-03 9.998624e-01 -9.842213e-01
9.997397e-01 1.193685e-02 1.944221e-02 5.651377e+01 -1.189120e-02 9.999263e-01 -2.461987e-03 -5.349408e-01 -1.947017e-02 2.230155e-03 9.998080e-01 -9.796646e-01
9.997091e-01 1.370848e-02 1.984210e-02 5.826749e+01 -1.366560e-02 9.999039e-01 -2.295053e-03 -5.860302e-01 -1.987166e-02 2.023231e-03 9.998005e-01 -1.034330e+00
9.996603e-01 1.510307e-02 2.124064e-02 6.003389e+01 -1.504862e-02 9.998829e-01 -2.720622e-03 -6.291410e-01 -2.127925e-02 2.400056e-03 9.997707e-01 -1.053813e+00
9.996131e-01 1.695250e-02 2.205083e-02 6.178969e+01 -1.689436e-02 9.998534e-01 -2.820182e-03 -6.701410e-01 -2.209540e-02 2.446557e-03 9.997529e-01 -1.101264e+00
9.995437e-01 1.909419e-02 2.340579e-02 6.355128e+01 -1.906544e-02 9.998173e-01 -1.451034e-03 -7.307763e-01 -2.342922e-02 1.004130e-03 9.997250e-01 -1.108181e+00
9.994867e-01 2.095970e-02 2.422669e-02 6.531977e+01 -2.095326e-02 9.997803e-01 -5.196540e-04 -7.775783e-01 -2.423226e-02 1.175926e-05 9.997063e-01 -1.148813e+00
9.993786e-01 2.350134e-02 2.626933e-02 6.707601e+01 -2.353415e-02 9.997225e-01 9.405408e-04 -8.430913e-01 -2.623994e-02 -1.558183e-03 9.996545e-01 -1.165180e+00
9.992706e-01 2.618958e-02 2.779292e-02 6.883051e+01 -2.626066e-02 9.996526e-01 2.195463e-03 -9.096322e-01 -2.772577e-02 -2.923722e-03 9.996113e-01 -1.199963e+00
9.991081e-01 2.947589e-02 3.023685e-02 7.056702e+01 -2.957452e-02 9.995586e-01 2.819724e-03 -9.796376e-01 -3.014039e-02 -3.711449e-03 9.995388e-01 -1.245957e+00
9.989626e-01 3.266132e-02 3.173292e-02 7.231277e+01 -3.276023e-02 9.994599e-01 2.601846e-03 -1.059399e+00 -3.163080e-02 -3.638725e-03 9.994930e-01 -1.274032e+00
9.987562e-01 3.598653e-02 3.451092e-02 7.405975e+01 -3.605338e-02 9.993489e-01 1.316572e-03 -1.139339e+00 -3.444107e-02 -2.559169e-03 9.994035e-01 -1.314549e+00
9.985484e-01 3.977979e-02 3.631191e-02 7.579974e+01 -3.985493e-02 9.992046e-01 1.347417e-03 -1.227056e+00 -3.622943e-02 -2.792669e-03 9.993396e-01 -1.328954e+00
9.983137e-01 4.375125e-02 3.815365e-02 7.753091e+01 -4.385222e-02 9.990364e-01 1.812998e-03 -1.323410e+00 -3.803756e-02 -3.483063e-03 9.992703e-01 -1.388327e+00
9.980967e-01 4.746596e-02 3.936910e-02 7.926568e+01 -4.763406e-02 9.988593e-01 3.342312e-03 -1.423833e+00 -3.916554e-02 -5.211261e-03 9.992191e-01 -1.400497e+00
9.978324e-01 5.133025e-02 4.118043e-02 8.099525e+01 -5.148291e-02 9.986705e-01 2.654652e-03 -1.524215e+00 -4.098941e-02 -4.768986e-03 9.991482e-01 -1.457138e+00
9.976558e-01 5.569033e-02 3.976804e-02 8.272958e+01 -5.583561e-02 9.984368e-01 2.551093e-03 -1.644903e+00 -3.956380e-02 -4.765585e-03 9.992057e-01 -1.482024e+00
9.973170e-01 6.069108e-02 4.093055e-02 8.445628e+01 -6.078381e-02 9.981505e-01 1.023948e-03 -1.755420e+00 -4.079270e-02 -3.509116e-03 9.991615e-01 -1.540494e+00
9.970303e-01 6.610761e-02 3.950084e-02 8.616944e+01 -6.619873e-02 9.978058e-01 1.001799e-03 -1.894304e+00 -3.934795e-02 -3.613729e-03 9.992191e-01 -1.556692e+00
9.966604e-01 7.200871e-02 3.850745e-02 8.788965e+01 -7.219266e-02 9.973850e-01 3.406203e-03 -2.027242e+00 -3.816148e-02 -6.174783e-03 9.992525e-01 -1.597573e+00
9.962493e-01 7.841291e-02 3.658767e-02 8.960673e+01 -7.856401e-02 9.969053e-01 2.708392e-03 -2.176935e+00 -3.626208e-02 -5.572708e-03 9.993268e-01 -1.622796e+00
9.956148e-01 8.597812e-02 3.686358e-02 9.132356e+01 -8.614384e-02 9.962783e-01 2.927821e-03 -2.333114e+00 -3.647466e-02 -6.090552e-03 9.993160e-01 -1.664286e+00
9.949864e-01 9.352934e-02 3.541829e-02 9.303756e+01 -9.374586e-02 9.955859e-01 4.498884e-03 -2.492969e+00 -3.484117e-02 -7.796646e-03 9.993625e-01 -1.699938e+00
9.941860e-01 1.016553e-01 3.550142e-02 9.474940e+01 -1.018488e-01 9.947931e-01 3.680191e-03 -2.680054e+00 -3.494246e-02 -7.274573e-03 9.993628e-01 -1.740867e+00
9.934123e-01 1.096649e-01 3.325205e-02 9.644793e+01 -1.098465e-01 9.939419e-01 3.677642e-03 -2.887833e+00 -3.264730e-02 -7.306034e-03 9.994403e-01 -1.785819e+00
9.925327e-01 1.174131e-01 3.306145e-02 9.815486e+01 -1.175571e-01 9.930631e-01 2.438991e-03 -3.089396e+00 -3.254573e-02 -6.307385e-03 9.994503e-01 -1.812351e+00
9.916380e-01 1.249229e-01 3.237735e-02 9.983796e+01 -1.250556e-01 9.921476e-01 2.097396e-03 -3.320251e+00 -3.186109e-02 -6.128825e-03 9.994735e-01 -1.845789e+00
9.906512e-01 1.321851e-01 3.372274e-02 1.015382e+02 -1.323364e-01 9.912024e-01 2.285641e-03 -3.562237e+00 -3.312393e-02 -6.727020e-03 9.994286e-01 -1.874520e+00
9.896877e-01 1.390338e-01 3.446401e-02 1.032278e+02 -1.392120e-01 9.902586e-01 2.816265e-03 -3.823285e+00 -3.373673e-02 -7.585028e-03 9.994020e-01 -1.920367e+00
9.888143e-01 1.449721e-01 3.506202e-02 1.049211e+02 -1.451862e-01 9.893976e-01 3.625518e-03 -4.076944e+00 -3.416468e-02 -8.675484e-03 9.993786e-01 -1.939612e+00
9.877161e-01 1.520533e-01 3.600965e-02 1.066021e+02 -1.522689e-01 9.883335e-01 3.305240e-03 -4.354634e+00 -3.508697e-02 -8.747786e-03 9.993460e-01 -1.985373e+00
9.866465e-01 1.588682e-01 3.591212e-02 1.082682e+02 -1.590855e-01 9.872595e-01 3.257057e-03 -4.639930e+00 -3.493714e-02 -8.926660e-03 9.993497e-01 -2.017318e+00
9.854639e-01 1.658753e-01 3.669064e-02 1.099455e+02 -1.660717e-01 9.861109e-01 2.349511e-03 -4.931454e+00 -3.579131e-02 -8.408634e-03 9.993239e-01 -2.072323e+00
9.842814e-01 1.731403e-01 3.482023e-02 1.116160e+02 -1.733171e-01 9.848638e-01 2.101527e-03 -5.232600e+00 -3.392932e-02 -8.103436e-03 9.993914e-01 -2.100752e+00
9.829334e-01 1.804745e-01 3.564902e-02 1.132643e+02 -1.806024e-01 9.835562e-01 3.740059e-04 -5.554450e+00 -3.499532e-02 -6.805922e-03 9.993643e-01 -2.144089e+00
9.816048e-01 1.878574e-01 3.408339e-02 1.149112e+02 -1.880128e-01 9.821656e-01 1.383021e-03 -5.885463e+00 -3.321572e-02 -7.765693e-03 9.994180e-01 -2.156461e+00
9.802820e-01 1.940402e-01 3.735753e-02 1.165369e+02 -1.942756e-01 9.809432e-01 2.744723e-03 -6.225522e+00 -3.611303e-02 -9.948260e-03 9.992982e-01 -2.194852e+00
9.792671e-01 1.986591e-01 3.962873e-02 1.181694e+02 -1.989086e-01 9.800150e-01 2.416415e-03 -6.588518e+00 -3.835670e-02 -1.024881e-02 9.992115e-01 -2.224433e+00
9.782143e-01 2.032537e-01 4.224651e-02 1.197758e+02 -2.035411e-01 9.790629e-01 2.570835e-03 -6.943809e+00 -4.083946e-02 -1.111373e-02 9.991039e-01 -2.275161e+00
9.773818e-01 2.070231e-01 4.319893e-02 1.213407e+02 -2.073118e-01 9.782724e-01 2.264709e-03 -7.279848e+00 -4.179147e-02 -1.116913e-02 9.990639e-01 -2.306583e+00
9.763438e-01 2.118503e-01 4.326892e-02 1.229082e+02 -2.121644e-01 9.772302e-01 2.748567e-03 -7.639326e+00 -4.170141e-02 -1.186367e-02 9.990597e-01 -2.341319e+00
9.752022e-01 2.169788e-01 4.359906e-02 1.244435e+02 -2.173027e-01 9.761003e-01 2.775842e-03 -7.993962e+00 -4.195476e-02 -1.218120e-02 9.990453e-01 -2.393546e+00
9.739892e-01 2.222994e-01 4.390839e-02 1.259937e+02 -2.226373e-01 9.748969e-01 2.900235e-03 -8.353982e+00 -4.216144e-02 -1.260044e-02 9.990314e-01 -2.421007e+00
9.727615e-01 2.277081e-01 4.340580e-02 1.275026e+02 -2.279859e-01 9.736634e-01 1.493591e-03 -8.738100e+00 -4.192253e-02 -1.134882e-02 9.990564e-01 -2.457429e+00
9.715648e-01 2.324793e-01 4.489022e-02 1.289957e+02 -2.328005e-01 9.725225e-01 1.991404e-03 -9.109726e+00 -4.319379e-02 -1.238524e-02 9.989899e-01 -2.484382e+00
9.705670e-01 2.367772e-01 4.400159e-02 1.304827e+02 -2.371114e-01 9.714794e-01 2.462484e-03 -9.485332e+00 -4.216358e-02 -1.282328e-02 9.990284e-01 -2.542442e+00
9.696271e-01 2.405491e-01 4.426556e-02 1.319423e+02 -2.408342e-01 9.705656e-01 1.145730e-03 -9.867353e+00 -4.268703e-02 -1.177159e-02 9.990191e-01 -2.578008e+00
9.686041e-01 2.448449e-01 4.309390e-02 1.333908e+02 -2.450962e-01 9.694986e-01 5.651540e-04 -1.025584e+01 -4.164110e-02 -1.110956e-02 9.990709e-01 -2.603643e+00
9.676400e-01 2.485096e-01 4.377022e-02 1.348160e+02 -2.486580e-01 9.685889e-01 -2.107154e-03 -1.063760e+01 -4.291901e-02 -8.844852e-03 9.990394e-01 -2.628471e+00
9.667919e-01 2.515488e-01 4.512885e-02 1.362341e+02 -2.517260e-01 9.677968e-01 -1.805714e-03 -1.102318e+01 -4.412979e-02 -9.614357e-03 9.989796e-01 -2.664091e+00
9.658161e-01 2.551783e-01 4.564176e-02 1.376143e+02 -2.552976e-01 9.668568e-01 -3.294697e-03 -1.139744e+01 -4.496979e-02 -8.470162e-03 9.989524e-01 -2.687283e+00
9.649644e-01 2.580778e-01 4.732379e-02 1.389939e+02 -2.583202e-01 9.660590e-01 -1.024791e-03 -1.178097e+01 -4.598203e-02 -1.123581e-02 9.988791e-01 -2.701094e+00
9.639185e-01 2.618529e-01 4.789736e-02 1.403320e+02 -2.621057e-01 9.650387e-01 -1.036105e-03 -1.216939e+01 -4.649411e-02 -1.155545e-02 9.988517e-01 -2.748716e+00
9.632173e-01 2.645010e-01 4.745173e-02 1.416741e+02 -2.648271e-01 9.642957e-01 6.099222e-04 -1.253747e+01 -4.559618e-02 -1.315399e-02 9.988734e-01 -2.771089e+00
9.622743e-01 2.679975e-01 4.696415e-02 1.429877e+02 -2.683752e-01 9.633126e-01 1.814208e-03 -1.291737e+01 -4.475496e-02 -1.434978e-02 9.988949e-01 -2.814842e+00
9.614013e-01 2.713063e-01 4.582955e-02 1.442887e+02 -2.716659e-01 9.623902e-01 1.691956e-03 -1.330082e+01 -4.364686e-02 -1.407697e-02 9.989479e-01 -2.838581e+00
9.603055e-01 2.754211e-01 4.423450e-02 1.455564e+02 -2.757697e-01 9.612221e-01 1.860511e-03 -1.366919e+01 -4.200675e-02 -1.398519e-02 9.990194e-01 -2.871194e+00
9.591373e-01 2.796350e-01 4.312772e-02 1.468339e+02 -2.799407e-01 9.600166e-01 1.095227e-03 -1.405763e+01 -4.109706e-02 -1.312368e-02 9.990690e-01 -2.900393e+00
9.578663e-01 2.839073e-01 4.346184e-02 1.480927e+02 -2.842477e-01 9.587492e-01 1.733336e-03 -1.444973e+01 -4.117690e-02 -1.401423e-02 9.990536e-01 -2.922117e+00
9.565243e-01 2.884950e-01 4.280036e-02 1.493458e+02 -2.888781e-01 9.573616e-01 2.919005e-03 -1.483663e+01 -4.013330e-02 -1.515619e-02 9.990794e-01 -2.952585e+00
9.551508e-01 2.929689e-01 4.308375e-02 1.505721e+02 -2.933454e-01 9.560032e-01 2.550816e-03 -1.523959e+01 -4.044088e-02 -1.507483e-02 9.990682e-01 -2.981323e+00
9.536996e-01 2.974192e-01 4.470889e-02 1.518060e+02 -2.977831e-01 9.546324e-01 1.557898e-03 -1.563206e+01 -4.221720e-02 -1.479932e-02 9.989988e-01 -3.011939e+00
9.520941e-01 3.026759e-01 4.363621e-02 1.530225e+02 -3.030047e-01 9.529886e-01 9.691739e-04 -1.603403e+01 -4.129147e-02 -1.414472e-02 9.990470e-01 -3.036919e+00
9.499093e-01 3.093431e-01 4.448840e-02 1.542173e+02 -3.096865e-01 9.508384e-01 8.733510e-04 -1.643858e+01 -4.203111e-02 -1.460706e-02 9.990095e-01 -3.059282e+00
9.479045e-01 3.156143e-01 4.318228e-02 1.554032e+02 -3.159661e-01 9.487695e-01 1.400573e-03 -1.685779e+01 -4.052799e-02 -1.497175e-02 9.990662e-01 -3.083141e+00
9.457805e-01 3.216724e-01 4.501206e-02 1.565933e+02 -3.220541e-01 9.467204e-01 1.302562e-03 -1.727057e+01 -4.219484e-02 -1.572825e-02 9.989856e-01 -3.097489e+00
9.437019e-01 3.277712e-01 4.463988e-02 1.577681e+02 -3.281584e-01 9.446217e-01 1.434261e-03 -1.770247e+01 -4.169768e-02 -1.600247e-02 9.990021e-01 -3.135208e+00
9.418920e-01 3.327220e-01 4.621265e-02 1.589310e+02 -3.331665e-01 9.428657e-01 2.047372e-03 -1.812176e+01 -4.289113e-02 -1.732491e-02 9.989295e-01 -3.141834e+00
9.401175e-01 3.378375e-01 4.521926e-02 1.600954e+02 -3.383574e-01 9.410086e-01 4.151957e-03 -1.855665e+01 -4.114903e-02 -1.920360e-02 9.989685e-01 -3.191121e+00
9.383660e-01 3.423126e-01 4.786819e-02 1.612397e+02 -3.428816e-01 9.393703e-01 3.972111e-03 -1.899850e+01 -4.360625e-02 -2.014042e-02 9.988458e-01 -3.213403e+00
9.369546e-01 3.462172e-01 4.743171e-02 1.624014e+02 -3.468201e-01 9.379190e-01 4.871342e-03 -1.944334e+01 -4.280056e-02 -2.101450e-02 9.988626e-01 -3.243807e+00
9.357138e-01 3.492208e-01 4.984430e-02 1.635483e+02 -3.499092e-01 9.367672e-01 5.544730e-03 -1.988854e+01 -4.475617e-02 -2.262926e-02 9.987416e-01 -3.272903e+00
9.349163e-01 3.513763e-01 4.966121e-02 1.646859e+02 -3.520972e-01 9.359421e-01 6.312666e-03 -2.031608e+01 -4.426190e-02 -2.338739e-02 9.987462e-01 -3.302922e+00
9.341531e-01 3.531788e-01 5.121210e-02 1.658196e+02 -3.539414e-01 9.352458e-01 6.374566e-03 -2.076128e+01 -4.564454e-02 -2.408090e-02 9.986675e-01 -3.336915e+00
9.332920e-01 3.553664e-01 5.177499e-02 1.669515e+02 -3.561087e-01 9.344277e-01 5.585037e-03 -2.121265e+01 -4.639526e-02 -2.365000e-02 9.986432e-01 -3.363560e+00
9.325210e-01 3.572709e-01 5.255628e-02 1.680701e+02 -3.580258e-01 9.336960e-01 5.406326e-03 -2.166822e+01 -4.714006e-02 -2.385802e-02 9.986033e-01 -3.395945e+00
9.314974e-01 3.598733e-01 5.295025e-02 1.691742e+02 -3.605906e-01 9.327140e-01 4.349211e-03 -2.212226e+01 -4.782227e-02 -2.314464e-02 9.985877e-01 -3.414857e+00
9.311360e-01 3.605937e-01 5.438648e-02 1.702925e+02 -3.613138e-01 9.324371e-01 3.703948e-03 -2.256115e+01 -4.937635e-02 -2.309947e-02 9.985131e-01 -3.454740e+00
9.307753e-01 3.614151e-01 5.510434e-02 1.713920e+02 -3.621475e-01 9.321139e-01 3.591525e-03 -2.299155e+01 -5.006549e-02 -2.329880e-02 9.984741e-01 -3.475947e+00
9.306148e-01 3.618720e-01 5.481501e-02 1.724483e+02 -3.625773e-01 9.319483e-01 3.171503e-03 -2.342921e+01 -4.993708e-02 -2.282613e-02 9.984915e-01 -3.516199e+00
9.304675e-01 3.622500e-01 5.481925e-02 1.735138e+02 -3.629558e-01 9.318011e-01 3.168916e-03 -2.384336e+01 -4.993269e-02 -2.284554e-02 9.984913e-01 -3.531645e+00
9.303498e-01 3.625574e-01 5.478404e-02 1.745607e+02 -3.632135e-01 9.317034e-01 2.184487e-03 -2.427477e+01 -5.025048e-02 -2.193064e-02 9.984958e-01 -3.567830e+00
9.302775e-01 3.626803e-01 5.519734e-02 1.755984e+02 -3.633215e-01 9.316623e-01 1.706643e-03 -2.468372e+01 -5.080631e-02 -2.164203e-02 9.984740e-01 -3.583910e+00
9.299784e-01 3.634562e-01 5.513349e-02 1.766066e+02 -3.641728e-01 9.313259e-01 3.202606e-03 -2.509417e+01 -5.018324e-02 -2.305647e-02 9.984739e-01 -3.620339e+00
9.296534e-01 3.646291e-01 5.282202e-02 1.775851e+02 -3.653104e-01 9.308791e-01 3.530473e-03 -2.549299e+01 -4.788360e-02 -2.257855e-02 9.985977e-01 -3.646996e+00
9.286417e-01 3.668856e-01 5.495055e-02 1.785595e+02 -3.677374e-01 9.299108e-01 5.922628e-03 -2.588545e+01 -4.892618e-02 -2.570738e-02 9.984715e-01 -3.660883e+00
9.277454e-01 3.693121e-01 5.382473e-02 1.794943e+02 -3.700606e-01 9.289976e-01 4.309070e-03 -2.629206e+01 -4.841166e-02 -2.391613e-02 9.985411e-01 -3.710261e+00
9.268994e-01 3.711315e-01 5.584604e-02 1.804346e+02 -3.717929e-01 9.283143e-01 1.575539e-03 -2.667247e+01 -5.125795e-02 -2.222353e-02 9.984381e-01 -3.729658e+00
9.262311e-01 3.731521e-01 5.341809e-02 1.813360e+02 -3.737159e-01 9.275430e-01 6.115921e-04 -2.705800e+01 -4.931936e-02 -2.052967e-02 9.985721e-01 -3.753132e+00
9.257304e-01 3.740871e-01 5.551643e-02 1.821928e+02 -3.746144e-01 9.271801e-01 -9.756759e-04 -2.741726e+01 -5.183872e-02 -1.989404e-02 9.984573e-01 -3.781660e+00
9.252847e-01 3.755993e-01 5.266200e-02 1.830627e+02 -3.760718e-01 9.265901e-01 -1.008129e-03 -2.777486e+01 -4.917474e-02 -1.887189e-02 9.986119e-01 -3.797293e+00
9.248487e-01 3.764343e-01 5.433245e-02 1.838860e+02 -3.769413e-01 9.262366e-01 -9.842496e-04 -2.811886e+01 -5.069521e-02 -1.956986e-02 9.985224e-01 -3.821206e+00
9.246013e-01 3.771208e-01 5.378026e-02 1.846931e+02 -3.776885e-01 9.259326e-01 4.235459e-04 -2.845233e+01 -4.963717e-02 -2.070379e-02 9.985527e-01 -3.839476e+00
9.247475e-01 3.765545e-01 5.521542e-02 1.854858e+02 -3.774248e-01 9.260215e-01 5.887986e-03 -2.879033e+01 -4.891352e-02 -2.628457e-02 9.984571e-01 -3.840412e+00
9.248926e-01 3.757948e-01 5.789551e-02 1.862617e+02 -3.767692e-01 9.262842e-01 6.532924e-03 -2.912924e+01 -5.117266e-02 -2.785549e-02 9.983013e-01 -3.876179e+00
9.255382e-01 3.738046e-01 6.040758e-02 1.870137e+02 -3.747812e-01 9.270980e-01 5.309750e-03 -2.944226e+01 -5.401894e-02 -2.755400e-02 9.981596e-01 -3.902407e+00
9.267564e-01 3.709374e-01 5.939803e-02 1.877558e+02 -3.718712e-01 9.282703e-01 5.115972e-03 -2.975054e+01 -5.323971e-02 -2.682967e-02 9.982213e-01 -3.917142e+00
9.281055e-01 3.669573e-01 6.294799e-02 1.884895e+02 -3.680035e-01 9.298081e-01 5.500898e-03 -3.004704e+01 -5.651096e-02 -2.827050e-02 9.980016e-01 -3.932154e+00
9.299382e-01 3.620111e-01 6.452015e-02 1.891808e+02 -3.633216e-01 9.316156e-01 9.476481e-03 -3.032663e+01 -5.667739e-02 -3.225411e-02 9.978714e-01 -3.973715e+00
9.319189e-01 3.570302e-01 6.369238e-02 1.898886e+02 -3.584603e-01 9.334644e-01 1.226113e-02 -3.059397e+01 -5.507698e-02 -3.425758e-02 9.978942e-01 -3.995706e+00
9.339257e-01 3.520387e-01 6.206055e-02 1.905663e+02 -3.534927e-01 9.353341e-01 1.389174e-02 -3.086809e+01 -5.315692e-02 -3.491181e-02 9.979757e-01 -4.023161e+00
9.361070e-01 3.461055e-01 6.256743e-02 1.912444e+02 -3.476318e-01 9.375099e-01 1.507521e-02 -3.112212e+01 -5.343997e-02 -3.586243e-02 9.979269e-01 -4.042778e+00
9.383006e-01 3.399412e-01 6.349725e-02 1.919155e+02 -3.414111e-01 9.398154e-01 1.361021e-02 -3.137190e+01 -5.504903e-02 -3.444914e-02 9.978892e-01 -4.066342e+00
9.407821e-01 3.329662e-01 6.373853e-02 1.925621e+02 -3.344467e-01 9.423128e-01 1.385493e-02 -3.160586e+01 -5.544841e-02 -3.435161e-02 9.978704e-01 -4.092978e+00
9.429193e-01 3.269408e-01 6.334697e-02 1.932094e+02 -3.284011e-01 9.444361e-01 1.390923e-02 -3.184199e+01 -5.527966e-02 -3.391850e-02 9.978946e-01 -4.127875e+00
9.451057e-01 3.206193e-01 6.307565e-02 1.938676e+02 -3.221284e-01 9.465748e-01 1.514387e-02 -3.206178e+01 -5.485041e-02 -3.463101e-02 9.978939e-01 -4.136190e+00
9.474169e-01 3.134147e-01 6.459449e-02 1.945044e+02 -3.150609e-01 9.489222e-01 1.684122e-02 -3.227517e+01 -5.601685e-02 -3.630685e-02 9.977695e-01 -4.174524e+00
9.494805e-01 3.073256e-01 6.354293e-02 1.951452e+02 -3.089945e-01 9.508913e-01 1.811470e-02 -3.249263e+01 -5.485531e-02 -3.683398e-02 9.978147e-01 -4.183504e+00
9.514871e-01 3.009867e-01 6.386904e-02 1.957761e+02 -3.026191e-01 9.529525e-01 1.741278e-02 -3.269378e+01 -5.562315e-02 -3.589603e-02 9.978064e-01 -4.219365e+00
9.536056e-01 2.944549e-01 6.271178e-02 1.964017e+02 -2.960477e-01 9.550104e-01 1.762399e-02 -3.289485e+01 -5.470095e-02 -3.537202e-02 9.978760e-01 -4.241431e+00
9.555411e-01 2.882912e-01 6.188277e-02 1.970192e+02 -2.897405e-01 9.569767e-01 1.569207e-02 -3.308957e+01 -5.469647e-02 -3.292436e-02 9.979600e-01 -4.273053e+00
9.572468e-01 2.827928e-01 6.088281e-02 1.976345e+02 -2.841162e-01 9.586859e-01 1.412351e-02 -3.328100e+01 -5.437346e-02 -3.081748e-02 9.980450e-01 -4.293265e+00
9.588473e-01 2.772862e-01 6.102676e-02 1.982420e+02 -2.784905e-01 9.603637e-01 1.203357e-02 -3.344361e+01 -5.527113e-02 -2.853373e-02 9.980636e-01 -4.303797e+00
9.599173e-01 2.742928e-01 5.763844e-02 1.988218e+02 -2.754294e-01 9.612383e-01 1.264465e-02 -3.361121e+01 -5.193593e-02 -2.801315e-02 9.982575e-01 -4.337041e+00
9.603608e-01 2.729037e-01 5.683925e-02 1.994159e+02 -2.742389e-01 9.615105e-01 1.703889e-02 -3.379075e+01 -5.000157e-02 -3.195102e-02 9.982379e-01 -4.341199e+00
9.604886e-01 2.728242e-01 5.503244e-02 1.999890e+02 -2.742093e-01 9.614769e-01 1.927518e-02 -3.395872e+01 -4.765368e-02 -3.360400e-02 9.982985e-01 -4.369610e+00
9.603928e-01 2.732424e-01 5.462842e-02 2.005526e+02 -2.746933e-01 9.613035e-01 2.095100e-02 -3.412530e+01 -4.678980e-02 -3.512726e-02 9.982869e-01 -4.390873e+00
9.600950e-01 2.749744e-01 5.105543e-02 2.011304e+02 -2.763955e-01 9.607660e-01 2.310957e-02 -3.430759e+01 -4.269778e-02 -3.629887e-02 9.984284e-01 -4.435061e+00
9.596286e-01 2.773358e-01 4.688085e-02 2.016950e+02 -2.785208e-01 9.602039e-01 2.085532e-02 -3.447533e+01 -3.923124e-02 -3.307065e-02 9.986827e-01 -4.440707e+00
9.583356e-01 2.817449e-01 4.703879e-02 2.022384e+02 -2.828973e-01 9.589452e-01 1.982594e-02 -3.464455e+01 -3.952177e-02 -3.230704e-02 9.986963e-01 -4.462890e+00
9.566724e-01 2.872810e-01 4.740867e-02 2.027779e+02 -2.883267e-01 9.573852e-01 1.678332e-02 -3.482129e+01 -4.056682e-02 -2.972532e-02 9.987346e-01 -4.481372e+00
9.544411e-01 2.942451e-01 4.961903e-02 2.032973e+02 -2.952955e-01 9.552850e-01 1.520073e-02 -3.499214e+01 -4.292757e-02 -2.916048e-02 9.986525e-01 -4.493966e+00
9.521731e-01 3.019859e-01 4.659322e-02 2.038022e+02 -3.028456e-01 9.529580e-01 1.248217e-02 -3.517319e+01 -4.063193e-02 -2.599573e-02 9.988360e-01 -4.524629e+00
9.489106e-01 3.118443e-01 4.818578e-02 2.043046e+02 -3.126856e-01 9.497949e-01 1.084607e-02 -3.534061e+01 -4.238432e-02 -2.535895e-02 9.987795e-01 -4.539876e+00
9.455528e-01 3.221159e-01 4.659766e-02 2.047953e+02 -3.229646e-01 9.463376e-01 1.179819e-02 -3.552645e+01 -4.029673e-02 -2.620520e-02 9.988441e-01 -4.541430e+00
9.418489e-01 3.326005e-01 4.793209e-02 2.052621e+02 -3.334792e-01 9.426881e-01 1.144370e-02 -3.570762e+01 -4.137883e-02 -2.676259e-02 9.987850e-01 -4.559320e+00
9.382653e-01 3.426951e-01 4.709975e-02 2.057314e+02 -3.436016e-01 9.390327e-01 1.247453e-02 -3.589701e+01 -3.995324e-02 -2.788796e-02 9.988123e-01 -4.569633e+00
9.344813e-01 3.525676e-01 4.940404e-02 2.061932e+02 -3.534352e-01 9.354076e-01 9.798911e-03 -3.608692e+01 -4.275814e-02 -2.661803e-02 9.987308e-01 -4.583047e+00
9.306468e-01 3.625640e-01 4.943465e-02 2.066254e+02 -3.634422e-01 9.315652e-01 9.797689e-03 -3.626841e+01 -4.249931e-02 -2.708483e-02 9.987293e-01 -4.597040e+00
9.265898e-01 3.725791e-01 5.114694e-02 2.070516e+02 -3.734535e-01 9.276108e-01 8.403129e-03 -3.645719e+01 -4.431362e-02 -2.688726e-02 9.986558e-01 -4.603677e+00
9.224472e-01 3.826309e-01 5.181400e-02 2.074625e+02 -3.834829e-01 9.235195e-01 7.249869e-03 -3.664617e+01 -4.507722e-02 -2.655741e-02 9.986305e-01 -4.626111e+00
9.181896e-01 3.927922e-01 5.140115e-02 2.078698e+02 -3.935814e-01 9.192713e-01 5.830772e-03 -3.683502e+01 -4.496133e-02 -2.558429e-02 9.986610e-01 -4.645483e+00
9.139929e-01 4.024353e-01 5.160155e-02 2.082635e+02 -4.032238e-01 9.150852e-01 5.447972e-03 -3.701903e+01 -4.502736e-02 -2.578638e-02 9.986529e-01 -4.646659e+00
9.101114e-01 4.111831e-01 5.124079e-02 2.086397e+02 -4.119537e-01 9.111907e-01 5.026921e-03 -3.719427e+01 -4.462316e-02 -2.568389e-02 9.986737e-01 -4.654674e+00
9.060934e-01 4.200219e-01 5.075731e-02 2.090122e+02 -4.207844e-01 9.071476e-01 4.888716e-03 -3.737553e+01 -4.399100e-02 -2.578751e-02 9.986991e-01 -4.673383e+00
9.019617e-01 4.288195e-01 5.078189e-02 2.093832e+02 -4.295537e-01 9.030325e-01 3.999351e-03 -3.756546e+01 -4.414270e-02 -2.542081e-02 9.987018e-01 -4.672015e+00
8.982365e-01 4.364688e-01 5.163568e-02 2.097129e+02 -4.372128e-01 8.993511e-01 3.520869e-03 -3.773814e+01 -4.490186e-02 -2.573836e-02 9.986598e-01 -4.682865e+00
8.945197e-01 4.440100e-01 5.186093e-02 2.100327e+02 -4.447923e-01 8.956246e-01 4.032084e-03 -3.791772e+01 -4.465764e-02 -2.667412e-02 9.986462e-01 -4.691318e+00
8.904155e-01 4.521096e-01 5.250770e-02 2.103565e+02 -4.528785e-01 8.915668e-01 3.125409e-03 -3.810125e+01 -4.540109e-02 -2.656252e-02 9.986156e-01 -4.705532e+00
8.871275e-01 4.584260e-01 5.338922e-02 2.106608e+02 -4.591963e-01 8.883314e-01 2.461847e-03 -3.826546e+01 -4.629875e-02 -2.670010e-02 9.985707e-01 -4.710610e+00
8.831800e-01 4.659674e-01 5.354781e-02 2.109643e+02 -4.667113e-01 8.844082e-01 1.581951e-03 -3.843624e+01 -4.662099e-02 -2.638851e-02 9.985640e-01 -4.723851e+00
8.795545e-01 4.727112e-01 5.411055e-02 2.112480e+02 -4.734342e-01 8.808289e-01 6.184848e-04 -3.859882e+01 -4.736977e-02 -2.616178e-02 9.985347e-01 -4.725745e+00
8.762003e-01 4.789372e-01 5.377829e-02 2.115333e+02 -4.796633e-01 8.774523e-01 6.805658e-04 -3.876039e+01 -4.686194e-02 -2.639179e-02 9.985527e-01 -4.738600e+00
8.725314e-01 4.855931e-01 5.374344e-02 2.117805e+02 -4.863245e-01 8.737780e-01 6.086463e-04 -3.890957e+01 -4.666428e-02 -2.666781e-02 9.985546e-01 -4.741046e+00
8.692378e-01 4.915192e-01 5.324105e-02 2.120394e+02 -4.922490e-01 8.704543e-01 6.854367e-04 -3.905958e+01 -4.600699e-02 -2.680366e-02 9.985815e-01 -4.753284e+00
8.665684e-01 4.961216e-01 5.406076e-02 2.122845e+02 -4.968724e-01 8.678235e-01 5.178964e-04 -3.921033e+01 -4.665826e-02 -2.731009e-02 9.985375e-01 -4.753971e+00
8.643661e-01 4.999143e-01 5.437843e-02 2.125169e+02 -5.006753e-01 8.656352e-01 4.278319e-04 -3.934682e+01 -4.685800e-02 -2.759574e-02 9.985203e-01 -4.763449e+00
8.627649e-01 5.026577e-01 5.451536e-02 2.127284e+02 -5.034248e-01 8.640389e-01 3.920011e-04 -3.947979e+01 -4.690635e-02 -2.778259e-02 9.985129e-01 -4.769011e+00
8.614168e-01 5.050241e-01 5.396047e-02 2.129251e+02 -5.057896e-01 8.626567e-01 6.142957e-04 -3.960035e+01 -4.623913e-02 -2.782181e-02 9.985429e-01 -4.772327e+00
8.600075e-01 5.073888e-01 5.425613e-02 2.131266e+02 -5.081787e-01 8.612511e-01 8.889465e-04 -3.972323e+01 -4.627712e-02 -2.833631e-02 9.985266e-01 -4.772308e+00
8.586133e-01 5.096999e-01 5.467382e-02 2.133053e+02 -5.105296e-01 8.598591e-01 1.416738e-03 -3.983483e+01 -4.628967e-02 -2.912904e-02 9.985033e-01 -4.777318e+00
8.574910e-01 5.115541e-01 5.496840e-02 2.134560e+02 -5.123928e-01 8.587502e-01 1.363845e-03 -3.993897e+01 -4.650644e-02 -2.933490e-02 9.984872e-01 -4.783165e+00
8.562494e-01 5.135552e-01 5.566067e-02 2.136238e+02 -5.144079e-01 8.575448e-01 1.164468e-03 -4.003814e+01 -4.713350e-02 -2.962936e-02 9.984491e-01 -4.782726e+00
8.555441e-01 5.147110e-01 5.583016e-02 2.137484e+02 -5.155484e-01 8.568603e-01 7.006414e-04 -4.012305e+01 -4.747801e-02 -2.938258e-02 9.984400e-01 -4.791539e+00
8.543438e-01 5.166337e-01 5.644656e-02 2.138673e+02 -5.174959e-01 8.556854e-01 7.708753e-04 -4.020506e+01 -4.790224e-02 -2.986946e-02 9.984053e-01 -4.795397e+00
8.534688e-01 5.180213e-01 5.696365e-02 2.139765e+02 -5.189182e-01 8.548231e-01 1.123185e-03 -4.027166e+01 -4.811201e-02 -3.051808e-02 9.983756e-01 -4.796098e+00
8.527514e-01 5.192115e-01 5.687150e-02 2.140745e+02 -5.201094e-01 8.540988e-01 1.161115e-03 -4.034100e+01 -4.797103e-02 -3.056954e-02 9.983808e-01 -4.800513e+00
8.519769e-01 5.205167e-01 5.654832e-02 2.141700e+02 -5.214275e-01 8.532940e-01 1.598102e-03 -4.039690e+01 -4.742051e-02 -3.084739e-02 9.983986e-01 -4.806588e+00
8.517180e-01 5.209633e-01 5.633558e-02 2.142504e+02 -5.219083e-01 8.529979e-01 2.451335e-03 -4.044704e+01 -4.677708e-02 -3.148986e-02 9.984089e-01 -4.809649e+00
8.511466e-01 5.218875e-01 5.641736e-02 2.143118e+02 -5.228705e-01 8.524063e-01 3.178785e-03 -4.049379e+01 -4.643154e-02 -3.220458e-02 9.984022e-01 -4.801679e+00
8.508512e-01 5.223258e-01 5.681656e-02 2.143856e+02 -5.233295e-01 8.521239e-01 3.331713e-03 -4.053349e+01 -4.667451e-02 -3.256858e-02 9.983791e-01 -4.808883e+00
8.501174e-01 5.235342e-01 5.667697e-02 2.144469e+02 -5.245340e-01 8.513831e-01 3.305617e-03 -4.057741e+01 -4.652322e-02 -3.253916e-02 9.983871e-01 -4.810431e+00
8.497716e-01 5.241074e-01 5.656648e-02 2.145158e+02 -5.251185e-01 8.510215e-01 3.609189e-03 -4.062249e+01 -4.624769e-02 -3.277110e-02 9.983923e-01 -4.813980e+00
8.494215e-01 5.247528e-01 5.583502e-02 2.145788e+02 -5.257648e-01 8.506200e-01 4.132329e-03 -4.066063e+01 -4.532593e-02 -3.286618e-02 9.984314e-01 -4.814903e+00
8.489150e-01 5.255661e-01 5.588953e-02 2.146462e+02 -5.266082e-01 8.500949e-01 4.733566e-03 -4.070541e+01 -4.502360e-02 -3.345028e-02 9.984257e-01 -4.816766e+00
8.482681e-01 5.266000e-01 5.597909e-02 2.147143e+02 -5.276523e-01 8.494464e-01 4.859506e-03 -4.074675e+01 -4.499222e-02 -3.365966e-02 9.984201e-01 -4.816028e+00
8.481159e-01 5.268389e-01 5.603796e-02 2.147672e+02 -5.278987e-01 8.492928e-01 4.974193e-03 -4.078239e+01 -4.497204e-02 -3.380106e-02 9.984162e-01 -4.823494e+00
8.476704e-01 5.275816e-01 5.578954e-02 2.148396e+02 -5.286306e-01 8.488380e-01 4.896183e-03 -4.082928e+01 -4.477314e-02 -3.364240e-02 9.984306e-01 -4.822314e+00
8.471928e-01 5.283434e-01 5.583457e-02 2.149041e+02 -5.293914e-01 8.483640e-01 4.817973e-03 -4.087480e+01 -4.482249e-02 -3.364009e-02 9.984284e-01 -4.820860e+00
8.467721e-01 5.289643e-01 5.633668e-02 2.149686e+02 -5.300131e-01 8.479778e-01 4.442342e-03 -4.091414e+01 -4.542242e-02 -3.362083e-02 9.984019e-01 -4.821311e+00
8.462553e-01 5.297695e-01 5.653485e-02 2.150321e+02 -5.308336e-01 8.474636e-01 4.604322e-03 -4.095800e+01 -4.547200e-02 -3.390703e-02 9.983900e-01 -4.826228e+00
8.457906e-01 5.305519e-01 5.615099e-02 2.150969e+02 -5.315738e-01 8.470029e-01 3.937386e-03 -4.100092e+01 -4.547106e-02 -3.317859e-02 9.984145e-01 -4.827866e+00
8.455250e-01 5.309478e-01 5.640749e-02 2.151512e+02 -5.319880e-01 8.467417e-01 4.138748e-03 -4.103622e+01 -4.556512e-02 -3.350752e-02 9.983993e-01 -4.827461e+00
8.450738e-01 5.317184e-01 5.591019e-02 2.152191e+02 -5.327309e-01 8.462759e-01 3.871965e-03 -4.108368e+01 -4.525665e-02 -3.305718e-02 9.984283e-01 -4.830293e+00
8.446273e-01 5.324180e-01 5.599865e-02 2.152798e+02 -5.334375e-01 8.458304e-01 3.939056e-03 -4.112335e+01 -4.526813e-02 -3.319881e-02 9.984231e-01 -4.833427e+00
8.443754e-01 5.328472e-01 5.571492e-02 2.153313e+02 -5.338641e-01 8.455607e-01 4.076434e-03 -4.115787e+01 -4.493822e-02 -3.318623e-02 9.984384e-01 -4.833868e+00
8.440008e-01 5.334581e-01 5.554431e-02 2.154009e+02 -5.344619e-01 8.451836e-01 3.893809e-03 -4.119782e+01 -4.486795e-02 -3.297269e-02 9.984486e-01 -4.834976e+00
8.436842e-01 5.339585e-01 5.554479e-02 2.154449e+02 -5.349693e-01 8.448619e-01 4.030936e-03 -4.123746e+01 -4.477533e-02 -3.311560e-02 9.984481e-01 -4.836260e+00
8.429910e-01 5.350249e-01 5.580722e-02 2.155005e+02 -5.360393e-01 8.441842e-01 3.883126e-03 -4.127465e+01 -4.503400e-02 -3.318830e-02 9.984340e-01 -4.836291e+00
8.426389e-01 5.355768e-01 5.583275e-02 2.155561e+02 -5.366008e-01 8.438264e-01 4.061794e-03 -4.131187e+01 -4.493775e-02 -3.338252e-02 9.984319e-01 -4.840691e+00
8.423480e-01 5.360259e-01 5.591132e-02 2.156040e+02 -5.370345e-01 8.435526e-01 3.645551e-03 -4.134170e+01 -4.521003e-02 -3.309713e-02 9.984291e-01 -4.841382e+00
8.418629e-01 5.367807e-01 5.597714e-02 2.156563e+02 -5.377874e-01 8.430731e-01 3.536073e-03 -4.137742e+01 -4.529472e-02 -3.308069e-02 9.984258e-01 -4.841641e+00
8.415489e-01 5.372673e-01 5.602934e-02 2.157111e+02 -5.382538e-01 8.427773e-01 3.036644e-03 -4.141122e+01 -4.558877e-02 -3.271349e-02 9.984245e-01 -4.841828e+00
8.413063e-01 5.375900e-01 5.657445e-02 2.157573e+02 -5.385872e-01 8.425649e-01 2.868269e-03 -4.143778e+01 -4.612570e-02 -3.288336e-02 9.983943e-01 -4.842366e+00
8.409539e-01 5.381175e-01 5.679887e-02 2.157859e+02 -5.391206e-01 8.422239e-01 2.822154e-03 -4.146617e+01 -4.631871e-02 -3.299474e-02 9.983817e-01 -4.842444e+00
8.409451e-01 5.380894e-01 5.719436e-02 2.158212e+02 -5.391191e-01 8.422238e-01 3.111033e-03 -4.148538e+01 -4.649643e-02 -3.345078e-02 9.983582e-01 -4.843609e+00
8.406273e-01 5.385943e-01 5.711355e-02 2.158461e+02 -5.396107e-01 8.419098e-01 2.864932e-03 -4.150490e+01 -4.654142e-02 -3.322742e-02 9.983636e-01 -4.846832e+00
8.406475e-01 5.385352e-01 5.737290e-02 2.158662e+02 -5.395637e-01 8.419397e-01 2.941355e-03 -4.151759e+01 -4.672049e-02 -3.342898e-02 9.983485e-01 -4.844086e+00
8.404123e-01 5.389230e-01 5.717696e-02 2.158882e+02 -5.399455e-01 8.416948e-01 2.938922e-03 -4.153006e+01 -4.654170e-02 -3.334234e-02 9.983597e-01 -4.844332e+00
8.403155e-01 5.390748e-01 5.716861e-02 2.159020e+02 -5.401080e-01 8.415898e-01 3.169684e-03 -4.154473e+01 -4.640382e-02 -3.354076e-02 9.983595e-01 -4.847353e+00
8.402385e-01 5.392082e-01 5.704197e-02 2.159092e+02 -5.402316e-01 8.415109e-01 3.046755e-03 -4.154991e+01 -4.635860e-02 -3.337587e-02 9.983671e-01 -4.846846e+00
8.401864e-01 5.392703e-01 5.722131e-02 2.159030e+02 -5.402927e-01 8.414721e-01 2.894355e-03 -4.154893e+01 -4.658930e-02 -3.334805e-02 9.983573e-01 -4.848083e+00
8.401430e-01 5.393298e-01 5.729781e-02 2.159142e+02 -5.403659e-01 8.414245e-01 3.130127e-03 -4.155159e+01 -4.652360e-02 -3.359153e-02 9.983522e-01 -4.842897e+00
8.401027e-01 5.394161e-01 5.707730e-02 2.159167e+02 -5.404614e-01 8.413615e-01 3.488740e-03 -4.155237e+01 -4.614076e-02 -3.377897e-02 9.983637e-01 -4.847352e+00
8.402631e-01 5.391983e-01 5.677275e-02 2.159041e+02 -5.402399e-01 8.415031e-01 3.638950e-03 -4.155138e+01 -4.581233e-02 -3.372858e-02 9.983805e-01 -4.850407e+00
8.401175e-01 5.394159e-01 5.685978e-02 2.159200e+02 -5.404497e-01 8.413694e-01 3.397335e-03 -4.155442e+01 -4.600750e-02 -3.358401e-02 9.983764e-01 -4.843915e+00
8.402976e-01 5.391462e-01 5.675727e-02 2.159073e+02 -5.401769e-01 8.415446e-01 3.414685e-03 -4.154901e+01 -4.592276e-02 -3.352831e-02 9.983822e-01 -4.845788e+00
8.403184e-01 5.390996e-01 5.689139e-02 2.159105e+02 -5.401539e-01 8.415574e-01 3.830051e-03 -4.155148e+01 -4.581260e-02 -3.394857e-02 9.983730e-01 -4.846237e+00
8.402456e-01 5.392112e-01 5.690902e-02 2.159105e+02 -5.402576e-01 8.414918e-01 3.642155e-03 -4.155536e+01 -4.592459e-02 -3.380583e-02 9.983727e-01 -4.847618e+00
8.403710e-01 5.390247e-01 5.682528e-02 2.159108e+02 -5.400522e-01 8.416249e-01 3.300792e-03 -4.155003e+01 -4.604637e-02 -3.346251e-02 9.983787e-01 -4.844939e+00
8.402692e-01 5.391731e-01 5.692121e-02 2.159140e+02 -5.402213e-01 8.415151e-01 3.673324e-03 -4.155095e+01 -4.591949e-02 -3.383663e-02 9.983719e-01 -4.845722e+00
8.403150e-01 5.391272e-01 5.667919e-02 2.159117e+02 -5.401585e-01 8.415561e-01 3.484547e-03 -4.155508e+01 -4.582011e-02 -3.354387e-02 9.983864e-01 -4.845686e+00
8.402102e-01 5.392832e-01 5.674924e-02 2.159112e+02 -5.403166e-01 8.414547e-01 3.475982e-03 -4.155249e+01 -4.587737e-02 -3.358311e-02 9.983824e-01 -4.847599e+00
8.401552e-01 5.393463e-01 5.696284e-02 2.159169e+02 -5.403882e-01 8.414086e-01 3.501159e-03 -4.155370e+01 -4.604069e-02 -3.372357e-02 9.983702e-01 -4.846132e+00
8.401271e-01 5.393989e-01 5.687981e-02 2.159106e+02 -5.404378e-01 8.413767e-01 3.494441e-03 -4.155313e+01 -4.597245e-02 -3.367577e-02 9.983749e-01 -4.845371e+00
8.401524e-01 5.393520e-01 5.695048e-02 2.159119e+02 -5.404034e-01 8.413978e-01 3.716854e-03 -4.155169e+01 -4.591332e-02 -3.389896e-02 9.983701e-01 -4.845325e+00
8.400561e-01 5.394949e-01 5.701815e-02 2.159102e+02 -5.405334e-01 8.413157e-01 3.378996e-03 -4.154895e+01 -4.614732e-02 -3.365876e-02 9.983674e-01 -4.844458e+00
8.400071e-01 5.395954e-01 5.678755e-02 2.159146e+02 -5.406395e-01 8.412465e-01 3.666716e-03 -4.155703e+01 -4.579378e-02 -3.378166e-02 9.983795e-01 -4.845674e+00
8.401761e-01 5.393167e-01 5.693528e-02 2.159087e+02 -5.403528e-01 8.414317e-01 3.394014e-03 -4.154770e+01 -4.607670e-02 -3.361671e-02 9.983721e-01 -4.846842e+00
8.402220e-01 5.392176e-01 5.719581e-02 2.159169e+02 -5.402610e-01 8.414906e-01 3.368231e-03 -4.154972e+01 -4.631354e-02 -3.373073e-02 9.983573e-01 -4.847545e+00
8.401767e-01 5.393233e-01 5.686425e-02 2.159095e+02 -5.403644e-01 8.414235e-01 3.557052e-03 -4.154881e+01 -4.592852e-02 -3.371597e-02 9.983756e-01 -4.847557e+00
8.402138e-01 5.392396e-01 5.710865e-02 2.159077e+02 -5.402836e-01 8.414758e-01 3.443261e-03 -4.154692e+01 -4.619881e-02 -3.374795e-02 9.983620e-01 -4.843546e+00
8.400697e-01 5.394874e-01 5.688837e-02 2.159077e+02 -5.405303e-01 8.413169e-01 3.573007e-03 -4.155074e+01 -4.593356e-02 -3.375147e-02 9.983742e-01 -4.848301e+00
8.401073e-01 5.394242e-01 5.693213e-02 2.159112e+02 -5.404713e-01 8.413547e-01 3.630769e-03 -4.154965e+01 -4.594158e-02 -3.382041e-02 9.983714e-01 -4.846543e+00
8.400564e-01 5.395098e-01 5.687147e-02 2.159086e+02 -5.405577e-01 8.412988e-01 3.692133e-03 -4.155291e+01 -4.585396e-02 -3.384391e-02 9.983747e-01 -4.848143e+00
8.402615e-01 5.391830e-01 5.694073e-02 2.159114e+02 -5.402292e-01 8.415102e-01 3.613528e-03 -4.155154e+01 -4.596785e-02 -3.379735e-02 9.983710e-01 -4.846877e+00
8.401092e-01 5.394056e-01 5.708085e-02 2.159104e+02 -5.404626e-01 8.413597e-01 3.739302e-03 -4.155037e+01 -4.600853e-02 -3.399149e-02 9.983625e-01 -4.847514e+00
8.401927e-01 5.393114e-01 5.673977e-02 2.159091e+02 -5.403516e-01 8.414315e-01 3.629387e-03 -4.155511e+01 -4.578526e-02 -3.370881e-02 9.983824e-01 -4.846887e+00
