1.000000e+00 0.000000e+00 0.000000e+00 0.000000e+00 0.000000e+00 1.000000e+00 0.000000e+00 0.000000e+00 0.000000e+00 0.000000e+00 1.000000e+00 0.000000e+00
9.999657e-01 -7.187631e-03 4.124764e-03 1.636785e-01 7.174144e-03 9.999690e-01 3.275217e-03 6.017231e-02 -4.148176e-03 -3.245513e-03 9.999861e-01 1.648070e-02
9.999545e-01 -9.206483e-03 2.505531e-03 2.403819e-01 9.194549e-03 9.999465e-01 4.733612e-03 1.009874e-01 -2.548977e-03 -4.710359e-03 9.999856e-01 3.149045e-02
9.999203e-01 -1.070279e-02 6.691965e-03 3.661329e-01 1.066863e-02 9.999300e-01 5.119975e-03 1.370677e-01 -6.746295e-03 -5.048173e-03 9.999645e-01 3.661637e-02
9.999315e-01 -1.136628e-02 2.807979e-03 4.677753e-01 1.136024e-02 9.999331e-01 2.158070e-03 1.725465e-01 -2.832321e-03 -2.126023e-03 9.999937e-01 4.863914e-02
9.998691e-01 -1.475449e-02 6.640469e-03 6.477576e-01 1.473650e-02 9.998877e-01 2.750201e-03 1.999259e-01 -6.680301e-03 -2.651984e-03 9.999742e-01 4.760313e-02
9.997839e-01 -2.012247e-02 5.209971e-03 1.201314e+00 2.009634e-02 9.997854e-01 5.019102e-03 2.281098e-01 -5.309850e-03 -4.913316e-03 9.999738e-01 5.692107e-02
9.997362e-01 -2.281616e-02 2.613747e-03 1.654656e+00 2.279699e-02 9.997146e-01 7.142491e-03 2.687606e-01 -2.775965e-03 -7.081022e-03 9.999711e-01 4.138030e-02
9.996598e-01 -2.607635e-02 4.284093e-04 2.190806e+00 2.607271e-02 9.996353e-01 7.020622e-03 2.901616e-01 -6.113254e-04 -7.007064e-03 9.999753e-01 2.894303e-02
9.996065e-01 -2.802850e-02 -1.078745e-03 2.579040e+00 2.803250e-02 9.995995e-01 3.882854e-03 3.226107e-01 9.694819e-04 -3.911566e-03 9.999919e-01 3.912356e-02
9.994748e-01 -3.237282e-02 1.477951e-03 3.141784e+00 3.236733e-02 9.994695e-01 3.604332e-03 3.609677e-01 -1.593850e-03 -3.554602e-03 9.999924e-01 3.175987e-02
9.992960e-01 -3.736258e-02 3.392270e-03 3.658188e+00 3.734298e-02 9.992864e-01 5.668893e-03 3.919493e-01 -3.601654e-03 -5.538225e-03 9.999782e-01 5.881773e-02
9.991899e-01 -4.023914e-02 6.978385e-04 4.280433e+00 4.022783e-02 9.991180e-01 1.204262e-02 4.228348e-01 -1.181808e-03 -1.200479e-02 9.999272e-01 1.475890e-02
9.989079e-01 -4.667760e-02 2.064377e-03 5.099733e+00 4.665045e-02 9.988430e-01 1.167274e-02 4.509068e-01 -2.606844e-03 -1.156368e-02 9.999297e-01 1.332851e-02
9.982471e-01 -5.916125e-02 -1.596838e-03 6.330589e+00 5.917474e-02 9.981930e-01 1.042986e-02 5.181909e-01 9.769099e-04 -1.050607e-02 9.999443e-01 -2.698909e-02
9.973508e-01 -7.271075e-02 2.145589e-03 7.662860e+00 7.269061e-02 9.973198e-01 8.314793e-03 5.971505e-01 -2.744414e-03 -8.136800e-03 9.999631e-01 -7.798199e-02
9.960229e-01 -8.908433e-02 1.546927e-03 9.189095e+00 8.906389e-02 9.959729e-01 1.028471e-02 7.147359e-01 -2.456904e-03 -1.010603e-02 9.999459e-01 -1.214071e-01
9.944562e-01 -1.049674e-01 6.222197e-03 1.065950e+01 1.048928e-01 9.944195e-01 1.129450e-02 8.759803e-01 -7.373027e-03 -1.057922e-02 9.999169e-01 -1.793958e-01
9.928255e-01 -1.195555e-01 -1.987910e-03 1.207487e+01 1.195720e-01 9.926984e-01 1.588955e-02 1.014973e+00 7.371197e-05 -1.601325e-02 9.998718e-01 -1.945744e-01
9.906357e-01 -1.364314e-01 -5.233072e-03 1.352320e+01 1.364978e-01 9.905168e-01 1.565372e-02 1.208856e+00 3.047785e-03 -1.622144e-02 9.998638e-01 -2.804913e-01
9.882196e-01 -1.530259e-01 -2.240300e-03 1.494505e+01 1.530420e-01 9.880828e-01 1.645059e-02 1.419593e+00 -3.037642e-04 -1.659966e-02 9.998622e-01 -3.322643e-01
9.853325e-01 -1.705590e-01 -5.421326e-03 1.636174e+01 1.706265e-01 9.851968e-01 1.655718e-02 1.629049e+00 2.517097e-03 -1.723935e-02 9.998482e-01 -3.398703e-01
9.818455e-01 -1.896088e-01 -5.288178e-03 1.776409e+01 1.896694e-01 9.817243e-01 1.558809e-02 1.902661e+00 2.235895e-03 -1.630810e-02 9.998645e-01 -4.581428e-01
9.782773e-01 -2.072370e-01 -5.127618e-03 1.912784e+01 2.072916e-01 9.781654e-01 1.492518e-02 2.162603e+00 1.922606e-03 -1.566388e-02 9.998755e-01 -4.738368e-01
9.740319e-01 -2.258561e-01 -1.584207e-02 2.053369e+01 2.261413e-01 9.739013e-01 1.940055e-02 2.492269e+00 1.104688e-02 -2.247930e-02 9.996863e-01 -5.419810e-01
9.701533e-01 -2.421731e-01 -1.243525e-02 2.191057e+01 2.423804e-01 9.699874e-01 1.940131e-02 2.814979e+00 7.363561e-03 -2.183631e-02 9.997345e-01 -5.926570e-01
9.657269e-01 -2.590557e-01 -1.618018e-02 2.322690e+01 2.593527e-01 9.655708e-01 2.022289e-02 3.153907e+00 1.038425e-02 -2.372617e-02 9.996645e-01 -6.341712e-01
9.607652e-01 -2.770585e-01 -1.299454e-02 2.461017e+01 2.772779e-01 9.605763e-01 2.025383e-02 3.533048e+00 6.870749e-03 -2.306228e-02 9.997104e-01 -7.137032e-01
9.554231e-01 -2.948401e-01 -1.536354e-02 2.594714e+01 2.951413e-01 9.551554e-01 2.387035e-02 3.925062e+00 7.636631e-03 -2.734070e-02 9.995970e-01 -7.611052e-01
9.497218e-01 -3.126056e-01 -1.749851e-02 2.726975e+01 3.129705e-01 9.494363e-01 2.490791e-02 4.348368e+00 8.827364e-03 -2.913211e-02 9.995366e-01 -8.235375e-01
9.437398e-01 -3.301261e-01 -1.928795e-02 2.859589e+01 3.305267e-01 9.434981e-01 2.373710e-02 4.793622e+00 1.036191e-02 -2.877682e-02 9.995322e-01 -9.041352e-01
9.372187e-01 -3.480525e-01 -2.192104e-02 2.992157e+01 3.484876e-01 9.370837e-01 2.075065e-02 5.268504e+00 1.331953e-02 -2.708711e-02 9.995443e-01 -9.210650e-01
9.305273e-01 -3.653541e-01 -2.520566e-02 3.122544e+01 3.658910e-01 9.304082e-01 2.154786e-02 5.771453e+00 1.557896e-02 -2.927340e-02 9.994500e-01 -1.014066e+00
9.232067e-01 -3.834722e-01 -2.526535e-02 3.253232e+01 3.839548e-01 9.231738e-01 1.813396e-02 6.296358e+00 1.637044e-02 -2.644215e-02 9.995163e-01 -1.052124e+00
9.158881e-01 -4.001151e-01 -3.251043e-02 3.382350e+01 4.008241e-01 9.159549e-01 1.915305e-02 6.835431e+00 2.211466e-02 -3.057301e-02 9.992878e-01 -1.114014e+00
9.079779e-01 -4.177445e-01 -3.264517e-02 3.512212e+01 4.184055e-01 9.081060e-01 1.674297e-02 7.426549e+00 2.265099e-02 -2.886117e-02 9.993268e-01 -1.169335e+00
9.003058e-01 -4.335712e-01 -3.828128e-02 3.640283e+01 4.344369e-01 9.005247e-01 1.787742e-02 8.019332e+00 2.672211e-02 -3.272594e-02 9.991071e-01 -1.216646e+00
8.927172e-01 -4.488558e-01 -3.980430e-02 3.766777e+01 4.497626e-01 8.929789e-01 1.738689e-02 8.648259e+00 2.774020e-02 -3.342406e-02 9.990562e-01 -1.277414e+00
8.854736e-01 -4.628398e-01 -4.142189e-02 3.893026e+01 4.638167e-01 8.857532e-01 1.775743e-02 9.289570e+00 2.847072e-02 -3.493590e-02 9.989839e-01 -1.321077e+00
8.778727e-01 -4.767578e-01 -4.518295e-02 4.019628e+01 4.778749e-01 8.782489e-01 1.773550e-02 9.955993e+00 3.122634e-02 -3.716131e-02 9.988213e-01 -1.362719e+00
8.704806e-01 -4.901569e-01 -4.483028e-02 4.142200e+01 4.912750e-01 8.708180e-01 1.802107e-02 1.064470e+01 3.020587e-02 -3.771099e-02 9.988320e-01 -1.438698e+00
8.626348e-01 -5.034774e-01 -4.869920e-02 4.265807e+01 5.048153e-01 8.629966e-01 1.995800e-02 1.135942e+01 3.197885e-02 -4.180057e-02 9.986141e-01 -1.483910e+00
8.556066e-01 -5.149361e-01 -5.270847e-02 4.389386e+01 5.165050e-01 8.560146e-01 2.148027e-02 1.207948e+01 3.405826e-02 -4.560285e-02 9.983789e-01 -1.538055e+00
8.483317e-01 -5.265342e-01 -5.563319e-02 4.512356e+01 5.282828e-01 8.487700e-01 2.251466e-02 1.282419e+01 3.536504e-02 -4.848995e-02 9.981974e-01 -1.621455e+00
8.408269e-01 -5.382531e-01 -5.738983e-02 4.633412e+01 5.400363e-01 8.413815e-01 2.092140e-02 1.357981e+01 3.702575e-02 -4.858387e-02 9.981326e-01 -1.650703e+00
8.330673e-01 -5.499007e-01 -6.006763e-02 4.752127e+01 5.518701e-01 8.336372e-01 2.209694e-02 1.435697e+01 3.792349e-02 -5.155777e-02 9.979497e-01 -1.724831e+00
8.251948e-01 -5.617263e-01 -5.930582e-02 4.871324e+01 5.636410e-01 8.257408e-01 2.147123e-02 1.516000e+01 3.691028e-02 -5.114514e-02 9.980089e-01 -1.774793e+00
8.166938e-01 -5.736301e-01 -6.292742e-02 4.993295e+01 5.758252e-01 8.172330e-01 2.357452e-02 1.599636e+01 3.790331e-02 -5.548836e-02 9.977396e-01 -1.833071e+00
8.091038e-01 -5.841860e-01 -6.385741e-02 5.109893e+01 5.864455e-01 8.096416e-01 2.370922e-02 1.683794e+01 3.785102e-02 -5.663211e-02 9.976773e-01 -1.899536e+00
8.007176e-01 -5.954421e-01 -6.557503e-02 5.224384e+01 5.978598e-01 8.012091e-01 2.505987e-02 1.767172e+01 3.761761e-02 -5.927055e-02 9.975329e-01 -1.975231e+00
7.921011e-01 -6.061395e-01 -7.190828e-02 5.341301e+01 6.090245e-01 7.927012e-01 2.672135e-02 1.856766e+01 4.080491e-02 -6.495991e-02 9.970533e-01 -2.026399e+00
7.832332e-01 -6.170537e-01 -7.609607e-02 5.457364e+01 6.202099e-01 7.839946e-01 2.631224e-02 1.946966e+01 4.342284e-02 -6.780416e-02 9.967533e-01 -2.095149e+00
7.746933e-01 -6.271247e-01 -8.102535e-02 5.569893e+01 6.305950e-01 7.756958e-01 2.542109e-02 2.037203e+01 4.690883e-02 -7.078771e-02 9.963878e-01 -2.151618e+00
7.664208e-01 -6.373343e-01 -8.002505e-02 5.684538e+01 6.406722e-01 7.674453e-01 2.380941e-02 2.130246e+01 4.624029e-02 -6.951787e-02 9.965085e-01 -2.213407e+00
7.570904e-01 -6.482992e-01 -8.076072e-02 5.797461e+01 6.517397e-01 7.580436e-01 2.460065e-02 2.225043e+01 4.527156e-02 -7.125988e-02 9.964299e-01 -2.272880e+00
7.484691e-01 -6.583688e-01 -7.965230e-02 5.909937e+01 6.617411e-01 7.493294e-01 2.457741e-02 2.321317e+01 4.350482e-02 -7.110464e-02 9.965197e-01 -2.354127e+00
7.388625e-01 -6.690542e-01 -8.030365e-02 6.020026e+01 6.725039e-01 7.396710e-01 2.500434e-02 2.419663e+01 4.266902e-02 -7.247929e-02 9.964568e-01 -2.414324e+00
7.282257e-01 -6.804466e-01 -8.173026e-02 6.130184e+01 6.840526e-01 7.289721e-01 2.591730e-02 2.522171e+01 4.194374e-02 -7.478144e-02 9.963174e-01 -2.480198e+00
7.174038e-01 -6.914886e-01 -8.470659e-02 6.239196e+01 6.954006e-01 7.180970e-01 2.747354e-02 2.625404e+01 4.182990e-02 -7.861464e-02 9.960271e-01 -2.547627e+00
7.050158e-01 -7.040250e-01 -8.544947e-02 6.344308e+01 7.079157e-01 7.058446e-01 2.527263e-02 2.729730e+01 4.252149e-02 -7.830863e-02 9.960219e-01 -2.587877e+00
6.923649e-01 -7.161253e-01 -8.829109e-02 6.450570e+01 7.201809e-01 6.933879e-01 2.350646e-02 2.836720e+01 4.438641e-02 -7.986061e-02 9.958173e-01 -2.685971e+00
6.782951e-01 -7.291437e-01 -9.091313e-02 6.553885e+01 7.332640e-01 6.796545e-01 1.983703e-02 2.947739e+01 4.732548e-02 -8.011869e-02 9.956613e-01 -2.707132e+00
6.647208e-01 -7.409543e-01 -9.556647e-02 6.654872e+01 7.454442e-01 6.662970e-01 1.901033e-02 3.058637e+01 4.958986e-02 -8.387604e-02 9.952415e-01 -2.805763e+00
6.513507e-01 -7.530201e-01 -9.328964e-02 6.754548e+01 7.572321e-01 6.529342e-01 1.662631e-02 3.172812e+01 4.839205e-02 -8.147146e-02 9.955002e-01 -2.835891e+00
6.367725e-01 -7.646872e-01 -9.886444e-02 6.853867e+01 7.695068e-01 6.383640e-01 1.873262e-02 3.288931e+01 4.878689e-02 -8.800526e-02 9.949246e-01 -2.892326e+00
6.227887e-01 -7.761867e-01 -9.832849e-02 6.950275e+01 7.808852e-01 6.244535e-01 1.661699e-02 3.406749e+01 4.850368e-02 -8.713213e-02 9.950153e-01 -2.951546e+00
6.085955e-01 -7.868915e-01 -1.020462e-01 7.045020e+01 7.920312e-01 6.102090e-01 1.821141e-02 3.523997e+01 4.793913e-02 -9.190719e-02 9.946129e-01 -2.990103e+00
5.939299e-01 -7.982398e-01 -1.003022e-01 7.136864e+01 8.031556e-01 5.955483e-01 1.622949e-02 3.646316e+01 4.677977e-02 -9.019744e-02 9.948246e-01 -3.059728e+00
5.789254e-01 -8.090836e-01 -1.011389e-01 7.227576e+01 8.141800e-01 5.803374e-01 1.787578e-02 3.770334e+01 4.423171e-02 -9.269404e-02 9.947117e-01 -3.120545e+00
5.639148e-01 -8.195775e-01 -1.014537e-01 7.316639e+01 8.247247e-01 5.652547e-01 1.778568e-02 3.896138e+01 4.277044e-02 -9.370099e-02 9.946812e-01 -3.165416e+00
5.490213e-01 -8.296279e-01 -1.014551e-01 7.403600e+01 8.348981e-01 5.500315e-01 2.025872e-02 4.025630e+01 3.899632e-02 -9.582716e-02 9.946338e-01 -3.235502e+00
5.335509e-01 -8.395634e-01 -1.022585e-01 7.487576e+01 8.448505e-01 5.346923e-01 1.821609e-02 4.156094e+01 3.938324e-02 -9.611231e-02 9.945911e-01 -3.292105e+00
5.198944e-01 -8.479753e-01 -1.031879e-01 7.570721e+01 8.533036e-01 5.211533e-01 1.649971e-02 4.287169e+01 3.978538e-02 -9.662872e-02 9.945250e-01 -3.360210e+00
5.068440e-01 -8.554416e-01 -1.064362e-01 7.651162e+01 8.610110e-01 5.083913e-01 1.408551e-02 4.419484e+01 4.206190e-02 -9.878188e-02 9.942198e-01 -3.405045e+00
4.960554e-01 -8.615400e-01 -1.080647e-01 7.729637e+01 8.673352e-01 4.974947e-01 1.512809e-02 4.553316e+01 4.072813e-02 -1.012326e-01 9.940287e-01 -3.467891e+00
4.847417e-01 -8.676635e-01 -1.103880e-01 7.807653e+01 8.737378e-01 4.861457e-01 1.563891e-02 4.690207e+01 4.009533e-02 -1.040310e-01 9.937655e-01 -3.510778e+00
4.729021e-01 -8.740643e-01 -1.112446e-01 7.883163e+01 8.803359e-01 4.740115e-01 1.794444e-02 4.826716e+01 3.704660e-02 -1.064185e-01 9.936311e-01 -3.563954e+00
4.588544e-01 -8.812205e-01 -1.135915e-01 7.956860e+01 8.877007e-01 4.601339e-01 1.625014e-02 4.965773e+01 3.794737e-02 -1.082917e-01 9.933946e-01 -3.626754e+00
4.448297e-01 -8.880724e-01 -1.159918e-01 8.029382e+01 8.947943e-01 4.462228e-01 1.511377e-02 5.107381e+01 3.833603e-02 -1.105118e-01 9.931352e-01 -3.678307e+00
4.307878e-01 -8.945211e-01 -1.193896e-01 8.098751e+01 9.015709e-01 4.324327e-01 1.311415e-02 5.248043e+01 3.989708e-02 -1.132876e-01 9.927609e-01 -3.731900e+00
4.167790e-01 -9.009758e-01 -1.205730e-01 8.166466e+01 9.082319e-01 4.182234e-01 1.428880e-02 5.391692e+01 3.755261e-02 -1.154636e-01 9.926016e-01 -3.787589e+00
4.019340e-01 -9.071829e-01 -1.243707e-01 8.231132e+01 9.149653e-01 4.032259e-01 1.572627e-02 5.535318e+01 3.588289e-02 -1.201158e-01 9.921112e-01 -3.838310e+00
3.867525e-01 -9.135210e-01 -1.261030e-01 8.293476e+01 9.215483e-01 3.879305e-01 1.608602e-02 5.679097e+01 3.422429e-02 -1.224313e-01 9.918867e-01 -3.895218e+00
3.698528e-01 -9.205208e-01 -1.258981e-01 8.354314e+01 9.284812e-01 3.711077e-01 1.421041e-02 5.826343e+01 3.364078e-02 -1.221498e-01 9.919414e-01 -3.934783e+00
3.527486e-01 -9.273292e-01 -1.250162e-01 8.412775e+01 9.351445e-01 3.540493e-01 1.240368e-02 5.975526e+01 3.275961e-02 -1.212836e-01 9.920772e-01 -3.991854e+00
3.352630e-01 -9.340085e-01 -1.233973e-01 8.468277e+01 9.416927e-01 3.361881e-01 1.387607e-02 6.124229e+01 2.852433e-02 -1.208545e-01 9.922603e-01 -4.056367e+00
3.174975e-01 -9.400064e-01 -1.248333e-01 8.521095e+01 9.479038e-01 3.182201e-01 1.464451e-02 6.274401e+01 2.595854e-02 -1.229796e-01 9.920697e-01 -4.098670e+00
2.982266e-01 -9.458144e-01 -1.284369e-01 8.570827e+01 9.540992e-01 2.992671e-01 1.157576e-02 6.425566e+01 2.748838e-02 -1.259937e-01 9.916501e-01 -4.149961e+00
2.800583e-01 -9.514853e-01 -1.274493e-01 8.617436e+01 9.595699e-01 2.813543e-01 8.090250e-03 6.576997e+01 2.816063e-02 -1.245622e-01 9.918121e-01 -4.198925e+00
2.599323e-01 -9.567745e-01 -1.304522e-01 8.661184e+01 9.652460e-01 2.612417e-01 7.277265e-03 6.729623e+01 2.711684e-02 -1.278100e-01 9.914279e-01 -4.241728e+00
2.396092e-01 -9.618284e-01 -1.321882e-01 8.701820e+01 9.705216e-01 2.409372e-01 6.094903e-03 6.884780e+01 2.598680e-02 -1.297519e-01 9.912059e-01 -4.274729e+00
2.185063e-01 -9.663837e-01 -1.354899e-01 8.737887e+01 9.755348e-01 2.197703e-01 5.743578e-03 7.040279e+01 2.422615e-02 -1.334301e-01 9.907621e-01 -4.322836e+00
1.987556e-01 -9.695858e-01 -1.428265e-01 8.772068e+01 9.796968e-01 2.004700e-01 2.431549e-03 7.196373e+01 2.627484e-02 -1.404099e-01 9.897448e-01 -4.361200e+00
1.786055e-01 -9.732298e-01 -1.446506e-01 8.803252e+01 9.835333e-01 1.807208e-01 -1.509733e-03 7.353831e+01 2.761069e-02 -1.419990e-01 9.894816e-01 -4.387158e+00
1.583422e-01 -9.763662e-01 -1.470945e-01 8.828960e+01 9.870509e-01 1.603934e-01 -2.113402e-03 7.509863e+01 2.565643e-02 -1.448551e-01 9.891202e-01 -4.413908e+00
1.400867e-01 -9.785519e-01 -1.510365e-01 8.852516e+01 9.899161e-01 1.416548e-01 3.809705e-04 7.666943e+01 2.102224e-02 -1.495668e-01 9.885281e-01 -4.456127e+00
1.223447e-01 -9.803318e-01 -1.548596e-01 8.873699e+01 9.923548e-01 1.233838e-01 2.921455e-03 7.825124e+01 1.624315e-02 -1.540331e-01 9.879321e-01 -4.476096e+00
1.043260e-01 -9.827058e-01 -1.529888e-01 8.893511e+01 9.944686e-01 1.049598e-01 3.950261e-03 7.983580e+01 1.217574e-02 -1.525547e-01 9.882200e-01 -4.498004e+00
8.452266e-02 -9.851885e-01 -1.491959e-01 8.910053e+01 9.964048e-01 8.443701e-02 6.919973e-03 8.144469e+01 5.780183e-03 -1.492444e-01 9.887834e-01 -4.550622e+00
6.282032e-02 -9.867918e-01 -1.493168e-01 8.924221e+01 9.980224e-01 6.244707e-02 7.191151e-03 8.304822e+01 2.228245e-03 -1.494733e-01 9.887633e-01 -4.583593e+00
4.179162e-02 -9.881407e-01 -1.477543e-01 8.932839e+01 9.991198e-01 4.186952e-02 2.583958e-03 8.463106e+01 3.633089e-03 -1.477322e-01 9.890207e-01 -4.623154e+00
2.065450e-02 -9.893949e-01 -1.437751e-01 8.938890e+01 9.997723e-01 2.121103e-02 -2.338029e-03 8.623018e+01 5.362839e-03 -1.436940e-01 9.896076e-01 -4.644363e+00
-6.568432e-05 -9.901150e-01 -1.402572e-01 8.942104e+01 9.999906e-01 5.437136e-04 -4.307121e-03 8.783705e+01 4.340798e-03 -1.402562e-01 9.901057e-01 -4.687567e+00
-2.090144e-02 -9.901994e-01 -1.380882e-01 8.941155e+01 9.997796e-01 -2.043033e-02 -4.828587e-03 8.942993e+01 1.960076e-03 -1.381587e-01 9.904082e-01 -4.709180e+00
-4.189348e-02 -9.893277e-01 -1.395552e-01 8.936287e+01 9.991219e-01 -4.139638e-02 -6.464541e-03 9.102435e+01 6.184801e-04 -1.397035e-01 9.901932e-01 -4.735012e+00
-6.160223e-02 -9.888389e-01 -1.356569e-01 8.929761e+01 9.981000e-01 -6.086344e-02 -9.590715e-03 9.262481e+01 1.227126e-03 -1.359899e-01 9.907095e-01 -4.756457e+00
-8.230674e-02 -9.870015e-01 -1.380345e-01 8.917898e+01 9.966069e-01 -8.146483e-02 -1.174796e-02 9.422828e+01 3.503114e-04 -1.385331e-01 9.903578e-01 -4.777020e+00
-1.014807e-01 -9.851001e-01 -1.388508e-01 8.904071e+01 9.948373e-01 -1.004046e-01 -1.475067e-02 9.582658e+01 5.896240e-04 -1.396309e-01 9.902034e-01 -4.785997e+00
-1.217127e-01 -9.825644e-01 -1.405455e-01 8.885767e+01 9.925640e-01 -1.207260e-01 -1.555777e-02 9.742033e+01 -1.680978e-03 -1.413940e-01 9.899520e-01 -4.794758e+00
-1.416414e-01 -9.798076e-01 -1.411203e-01 8.864690e+01 9.899176e-01 -1.403363e-01 -1.920867e-02 9.901447e+01 -9.834990e-04 -1.424183e-01 9.898061e-01 -4.800103e+00
-1.627972e-01 -9.765592e-01 -1.408162e-01 8.841582e+01 9.866594e-01 -1.611766e-01 -2.291649e-02 1.005951e+02 -3.169551e-04 -1.426683e-01 9.897705e-01 -4.784436e+00
-1.859071e-01 -9.729057e-01 -1.374514e-01 8.814220e+01 9.825673e-01 -1.840922e-01 -2.591473e-02 1.021741e+02 -9.115040e-05 -1.398730e-01 9.901695e-01 -4.777193e+00
-2.101176e-01 -9.669134e-01 -1.446690e-01 8.783110e+01 9.776627e-01 -2.085772e-01 -2.590752e-02 1.037499e+02 -5.124331e-03 -1.468811e-01 9.891409e-01 -4.771861e+00
-2.332413e-01 -9.619294e-01 -1.424438e-01 8.747857e+01 9.723942e-01 -2.317635e-01 -2.711450e-02 1.053036e+02 -6.931044e-03 -1.448357e-01 9.894314e-01 -4.775860e+00
-2.563169e-01 -9.562075e-01 -1.413109e-01 8.711589e+01 9.665914e-01 -2.538150e-01 -3.576430e-02 1.068762e+02 -1.668751e-03 -1.457569e-01 9.893190e-01 -4.717165e+00
-2.808855e-01 -9.491873e-01 -1.419390e-01 8.666948e+01 9.597413e-01 -2.777907e-01 -4.158153e-02 1.084294e+02 3.934652e-05 -1.479043e-01 9.890017e-01 -4.710072e+00
-3.035333e-01 -9.430108e-01 -1.363758e-01 8.622143e+01 9.528143e-01 -3.009365e-01 -3.977526e-02 1.099532e+02 -3.531978e-03 -1.420139e-01 9.898583e-01 -4.676165e+00
-3.250705e-01 -9.357106e-01 -1.370215e-01 8.572787e+01 9.456666e-01 -3.226476e-01 -4.016565e-02 1.114712e+02 -6.626211e-03 -1.426333e-01 9.897534e-01 -4.628027e+00
-3.460864e-01 -9.283758e-01 -1.354354e-01 8.519620e+01 9.381865e-01 -3.433047e-01 -4.413666e-02 1.129849e+02 -5.520195e-03 -1.423387e-01 9.898026e-01 -4.608108e+00
-3.668945e-01 -9.202145e-01 -1.363589e-01 8.463126e+01 9.302337e-01 -3.640748e-01 -4.598689e-02 1.144868e+02 -7.327005e-03 -1.437179e-01 9.895915e-01 -4.559026e+00
-3.874433e-01 -9.114034e-01 -1.386779e-01 8.404008e+01 9.218215e-01 -3.848856e-01 -4.591577e-02 1.159739e+02 -1.152735e-02 -1.456260e-01 9.892725e-01 -4.512245e+00
-4.075562e-01 -9.025652e-01 -1.388311e-01 8.340450e+01 9.130805e-01 -4.050200e-01 -4.735733e-02 1.174437e+02 -1.348630e-02 -1.460648e-01 9.891831e-01 -4.482820e+00
-4.257666e-01 -8.940015e-01 -1.395855e-01 8.275510e+01 9.047861e-01 -4.222180e-01 -5.562357e-02 1.189082e+02 -9.207956e-03 -1.499777e-01 9.886465e-01 -4.408841e+00
-4.444379e-01 -8.847902e-01 -1.400747e-01 8.206640e+01 8.957419e-01 -4.408600e-01 -5.734897e-02 1.203544e+02 -1.101153e-02 -1.509589e-01 9.884787e-01 -4.363028e+00
-4.622240e-01 -8.749973e-01 -1.439751e-01 8.134446e+01 8.866168e-01 -4.589654e-01 -5.710828e-02 1.217851e+02 -1.611000e-02 -1.540475e-01 9.879321e-01 -4.320307e+00
-4.779811e-01 -8.657526e-01 -1.483460e-01 8.060975e+01 8.780068e-01 -4.757771e-01 -5.234688e-02 1.231872e+02 -2.526020e-02 -1.552697e-01 9.875491e-01 -4.223866e+00
-4.928701e-01 -8.566470e-01 -1.524301e-01 7.982887e+01 8.693700e-01 -4.920280e-01 -4.587158e-02 1.245937e+02 -3.570412e-02 -1.551269e-01 9.872491e-01 -4.189919e+00
-5.083605e-01 -8.481270e-01 -1.491649e-01 7.904750e+01 8.602502e-01 -5.080476e-01 -4.309593e-02 1.259813e+02 -3.923204e-02 -1.502274e-01 9.878728e-01 -4.114976e+00
-5.261213e-01 -8.382371e-01 -1.433698e-01 7.820454e+01 8.496590e-01 -5.252141e-01 -4.721908e-02 1.273834e+02 -3.571906e-02 -1.466584e-01 9.885421e-01 -4.071097e+00
-5.432397e-01 -8.283420e-01 -1.368938e-01 7.735031e+01 8.389004e-01 -5.420849e-01 -4.888764e-02 1.287690e+02 -3.371239e-02 -1.413980e-01 9.893786e-01 -4.037627e+00
-5.607686e-01 -8.172556e-01 -1.327839e-01 7.646045e+01 8.273754e-01 -5.592006e-01 -5.238888e-02 1.301245e+02 -3.143772e-02 -1.392402e-01 9.897595e-01 -3.982200e+00
-5.772768e-01 -8.058720e-01 -1.316122e-01 7.554239e+01 8.159399e-01 -5.755261e-01 -5.487951e-02 1.314747e+02 -3.152042e-02 -1.390683e-01 9.897810e-01 -3.944545e+00
-5.937243e-01 -7.933675e-01 -1.343852e-01 7.458992e+01 8.040155e-01 -5.916374e-01 -5.936486e-02 1.328088e+02 -3.240918e-02 -1.432942e-01 9.891493e-01 -3.852753e+00
-6.098064e-01 -7.812245e-01 -1.335084e-01 7.361200e+01 7.918809e-01 -6.075071e-01 -6.212702e-02 1.341235e+02 -3.257213e-02 -1.436082e-01 9.890984e-01 -3.785896e+00
-6.255460e-01 -7.684750e-01 -1.346798e-01 7.260475e+01 7.793635e-01 -6.234359e-01 -6.261271e-02 1.354246e+02 -3.584794e-02 -1.441317e-01 9.889090e-01 -3.714540e+00
-6.413655e-01 -7.559101e-01 -1.313404e-01 7.157586e+01 7.664102e-01 -6.391565e-01 -6.398790e-02 1.367083e+02 -3.557795e-02 -1.417002e-01 9.892701e-01 -3.637221e+00
-6.571183e-01 -7.422546e-01 -1.313532e-01 7.049792e+01 7.529453e-01 -6.545767e-01 -6.784432e-02 1.379877e+02 -3.562298e-02 -1.434835e-01 9.890113e-01 -3.546352e+00
-6.727700e-01 -7.285333e-01 -1.289168e-01 6.940581e+01 7.390485e-01 -6.698751e-01 -7.123496e-02 1.392286e+02 -3.446113e-02 -1.432005e-01 9.890935e-01 -3.464585e+00
-6.872871e-01 -7.148880e-01 -1.287301e-01 6.827340e+01 7.254577e-01 -6.844996e-01 -7.191177e-02 1.404656e+02 -3.670682e-02 -1.428123e-01 9.890689e-01 -3.385026e+00
-7.017107e-01 -7.009748e-01 -1.274227e-01 6.712663e+01 7.114141e-01 -6.990781e-01 -7.197064e-02 1.416615e+02 -3.862882e-02 -1.411529e-01 9.892339e-01 -3.274667e+00
-7.145890e-01 -6.874193e-01 -1.296816e-01 6.594030e+01 6.981591e-01 -7.124738e-01 -7.039200e-02 1.428566e+02 -4.400594e-02 -1.408398e-01 9.890539e-01 -3.186884e+00
-7.275802e-01 -6.737286e-01 -1.292930e-01 6.473782e+01 6.846280e-01 -7.250999e-01 -7.426058e-02 1.440234e+02 -4.371883e-02 -1.425481e-01 9.888219e-01 -3.112186e+00
-7.394968e-01 -6.600848e-01 -1.320324e-01 6.350673e+01 6.715402e-01 -7.369866e-01 -7.671005e-02 1.451708e+02 -4.667097e-02 -1.453919e-01 9.882727e-01 -2.979476e+00
-7.495630e-01 -6.478376e-01 -1.358746e-01 6.225382e+01 6.598613e-01 -7.475333e-01 -7.600716e-02 1.462998e+02 -5.233046e-02 -1.466305e-01 9.878061e-01 -2.889791e+00
-7.573699e-01 -6.373949e-01 -1.418403e-01 6.100459e+01 6.500710e-01 -7.564881e-01 -7.164799e-02 1.474145e+02 -6.163246e-02 -1.464703e-01 9.872932e-01 -2.805694e+00
-7.644581e-01 -6.281604e-01 -1.449770e-01 5.972324e+01 6.413953e-01 -7.637391e-01 -7.290167e-02 1.485233e+02 -6.493065e-02 -1.487178e-01 9.867457e-01 -2.690798e+00
-7.718251e-01 -6.192313e-01 -1.443561e-01 5.838962e+01 6.323335e-01 -7.713245e-01 -7.220053e-02 1.496311e+02 -6.663659e-02 -1.470074e-01 9.868882e-01 -2.593801e+00
-7.790707e-01 -6.102709e-01 -1.435910e-01 5.705985e+01 6.233364e-01 -7.785158e-01 -7.324622e-02 1.507257e+02 -6.708781e-02 -1.465695e-01 9.869228e-01 -2.469832e+00
-7.863803e-01 -6.016218e-01 -1.402040e-01 5.571718e+01 6.143587e-01 -7.853869e-01 -7.570213e-02 1.518011e+02 -6.457029e-02 -1.456662e-01 9.872244e-01 -2.400669e+00
-7.931149e-01 -5.926775e-01 -1.403634e-01 5.434264e+01 6.054992e-01 -7.921641e-01 -7.646339e-02 1.528793e+02 -6.587272e-02 -1.456342e-01 9.871431e-01 -2.272456e+00
-7.989100e-01 -5.846822e-01 -1.410298e-01 5.297403e+01 5.976173e-01 -7.981178e-01 -7.656065e-02 1.539296e+02 -6.779477e-02 -1.454470e-01 9.870406e-01 -2.191573e+00
-8.045487e-01 -5.767170e-01 -1.417703e-01 5.157931e+01 5.898146e-01 -8.038381e-01 -7.722002e-02 1.549708e+02 -6.942625e-02 -1.457454e-01 9.868831e-01 -2.065045e+00
-8.104101e-01 -5.683200e-01 -1.422956e-01 5.016464e+01 5.814548e-01 -8.099670e-01 -7.657543e-02 1.560049e+02 -7.173541e-02 -1.447960e-01 9.868577e-01 -1.974947e+00
-8.161293e-01 -5.598400e-01 -1.432212e-01 4.874399e+01 5.730367e-01 -8.160401e-01 -7.554785e-02 1.570269e+02 -7.457953e-02 -1.437278e-01 9.868031e-01 -1.853340e+00
-8.221143e-01 -5.515999e-01 -1.409442e-01 4.729716e+01 5.645687e-01 -8.217970e-01 -7.688818e-02 1.580480e+02 -7.341601e-02 -1.427836e-01 9.870273e-01 -1.731268e+00
-8.276151e-01 -5.434922e-01 -1.402479e-01 4.584394e+01 5.562323e-01 -8.276213e-01 -7.515685e-02 1.590499e+02 -7.522501e-02 -1.402114e-01 9.872598e-01 -1.668285e+00
-8.335333e-01 -5.359076e-01 -1.342586e-01 4.436934e+01 5.478513e-01 -8.331429e-01 -7.570973e-02 1.600537e+02 -7.128321e-02 -1.366603e-01 9.880499e-01 -1.476341e+00
-8.383949e-01 -5.282381e-01 -1.343817e-01 4.288912e+01 5.400443e-01 -8.384137e-01 -7.358460e-02 1.610259e+02 -7.379728e-02 -1.342650e-01 9.881938e-01 -1.451281e+00
-8.437946e-01 -5.213200e-01 -1.274218e-01 4.138604e+01 5.321707e-01 -8.434674e-01 -7.319236e-02 1.620163e+02 -6.931946e-02 -1.295694e-01 9.891444e-01 -1.317676e+00
-8.482062e-01 -5.126039e-01 -1.333563e-01 3.986591e+01 5.243140e-01 -8.482894e-01 -7.416159e-02 1.629639e+02 -7.510924e-02 -1.328249e-01 9.882895e-01 -1.225903e+00
-8.524908e-01 -5.057544e-01 -1.321820e-01 3.833755e+01 5.174527e-01 -8.523220e-01 -7.609171e-02 1.639265e+02 -7.417794e-02 -1.332654e-01 9.883006e-01 -1.128888e+00
-8.564565e-01 -4.978715e-01 -1.364045e-01 3.680287e+01 5.101779e-01 -8.566565e-01 -7.653920e-02 1.648737e+02 -7.874508e-02 -1.351430e-01 9.876921e-01 -9.902015e-01
-8.611163e-01 -4.902643e-01 -1.346098e-01 3.524129e+01 5.024915e-01 -8.609971e-01 -7.865314e-02 1.657995e+02 -7.733786e-02 -1.353698e-01 9.877722e-01 -9.270751e-01
-8.656851e-01 -4.817574e-01 -1.360111e-01 3.366308e+01 4.942728e-01 -8.656322e-01 -7.984523e-02 1.667247e+02 -7.926957e-02 -1.363474e-01 9.874845e-01 -7.720470e-01
-8.711697e-01 -4.721659e-01 -1.346208e-01 3.208181e+01 4.847370e-01 -8.707197e-01 -8.292969e-02 1.676197e+02 -7.806037e-02 -1.375015e-01 9.874209e-01 -6.709927e-01
-8.759719e-01 -4.627402e-01 -1.361789e-01 3.048911e+01 4.755011e-01 -8.758328e-01 -8.255716e-02 1.685234e+02 -8.106747e-02 -1.370710e-01 9.872383e-01 -5.465553e-01
-8.811672e-01 -4.531574e-01 -1.348805e-01 2.887448e+01 4.656222e-01 -8.812571e-01 -8.112971e-02 1.694003e+02 -8.209990e-02 -1.342922e-01 9.875349e-01 -4.114566e-01
-8.864434e-01 -4.428447e-01 -1.345610e-01 2.724484e+01 4.551048e-01 -8.869044e-01 -7.924848e-02 1.702650e+02 -8.424801e-02 -1.314887e-01 9.877312e-01 -3.003412e-01
-8.923955e-01 -4.318121e-01 -1.310291e-01 2.560422e+01 4.438044e-01 -8.923932e-01 -8.168294e-02 1.710992e+02 -8.165777e-02 -1.310448e-01 9.880077e-01 -1.911070e-01
-8.974837e-01 -4.204302e-01 -1.332723e-01 2.396363e+01 4.325285e-01 -8.981084e-01 -7.950135e-02 1.719319e+02 -8.626823e-02 -1.289952e-01 9.878857e-01 -7.784098e-02
-9.031087e-01 -4.088431e-01 -1.313093e-01 2.229513e+01 4.207961e-01 -9.035453e-01 -8.084930e-02 1.727318e+02 -8.558920e-02 -1.282701e-01 9.880391e-01 5.684924e-02
-9.085735e-01 -3.975279e-01 -1.283196e-01 2.059869e+01 4.091537e-01 -9.088113e-01 -8.157995e-02 1.735315e+02 -8.418800e-02 -1.266238e-01 9.883718e-01 1.761556e-01
-9.136548e-01 -3.838412e-01 -1.337940e-01 1.890862e+01 3.961836e-01 -9.145202e-01 -8.180109e-02 1.743017e+02 -9.095867e-02 -1.277449e-01 9.876273e-01 2.524918e-01
-9.196953e-01 -3.714311e-01 -1.272768e-01 1.719311e+01 3.837409e-01 -9.189271e-01 -9.119199e-02 1.750423e+02 -8.308652e-02 -1.327102e-01 9.876662e-01 4.045761e-01
-9.241719e-01 -3.583124e-01 -1.323570e-01 1.548281e+01 3.715611e-01 -9.236439e-01 -9.393737e-02 1.757688e+02 -8.859182e-02 -1.359930e-01 9.867408e-01 5.536997e-01
-9.285159e-01 -3.480844e-01 -1.292111e-01 1.374686e+01 3.608005e-01 -9.280244e-01 -9.270269e-02 1.764533e+02 -8.764270e-02 -1.326953e-01 9.872744e-01 6.792186e-01
-9.312741e-01 -3.380748e-01 -1.357716e-01 1.199102e+01 3.515236e-01 -9.317364e-01 -9.109638e-02 1.771442e+02 -9.570598e-02 -1.325626e-01 9.865432e-01 8.246471e-01
-9.347026e-01 -3.297536e-01 -1.326414e-01 1.024969e+01 3.426582e-01 -9.351581e-01 -8.980387e-02 1.778065e+02 -9.442748e-02 -1.293906e-01 9.870874e-01 9.689279e-01
-9.383684e-01 -3.198449e-01 -1.310116e-01 8.478514e+00 3.323747e-01 -9.390181e-01 -8.815870e-02 1.784653e+02 -9.482515e-02 -1.262703e-01 9.874533e-01 1.124493e+00
-9.429593e-01 -3.088382e-01 -1.242851e-01 6.721972e+00 3.205564e-01 -9.430749e-01 -8.861893e-02 1.791045e+02 -8.984126e-02 -1.234044e-01 9.882813e-01 1.239862e+00
-9.471649e-01 -2.978616e-01 -1.189832e-01 4.926163e+00 3.088924e-01 -9.469953e-01 -8.823464e-02 1.797188e+02 -8.639479e-02 -1.203258e-01 9.889680e-01 1.386804e+00
-9.507989e-01 -2.884853e-01 -1.129495e-01 3.150716e+00 2.987119e-01 -9.503476e-01 -8.723911e-02 1.803186e+02 -8.217411e-02 -1.166862e-01 9.897635e-01 1.498406e+00
-9.541390e-01 -2.802586e-01 -1.052316e-01 1.360711e+00 2.898187e-01 -9.528227e-01 -9.018866e-02 1.809084e+02 -7.499089e-02 -1.165506e-01 9.903496e-01 1.663158e+00
-9.570905e-01 -2.733922e-01 -9.609438e-02 -4.684019e-01 2.821515e-01 -9.547685e-01 -9.384891e-02 1.814829e+02 -6.609033e-02 -1.169351e-01 9.909381e-01 1.772537e+00
-9.599960e-01 -2.661276e-01 -8.708495e-02 -2.285959e+00 2.739434e-01 -9.570159e-01 -9.526563e-02 1.820401e+02 -5.798887e-02 -1.153110e-01 9.916353e-01 1.933032e+00
-9.621657e-01 -2.585461e-01 -8.597139e-02 -4.097234e+00 2.663755e-01 -9.589446e-01 -9.731075e-02 1.825763e+02 -5.728249e-02 -1.165297e-01 9.915339e-01 2.054494e+00
-9.638604e-01 -2.509776e-01 -8.934963e-02 -5.934774e+00 2.595608e-01 -9.602455e-01 -1.027460e-01 1.830966e+02 -6.001063e-02 -1.222245e-01 9.906866e-01 2.219610e+00
-9.653308e-01 -2.432042e-01 -9.480574e-02 -7.778489e+00 2.525359e-01 -9.620406e-01 -1.034576e-01 1.835916e+02 -6.604565e-02 -1.238127e-01 9.901053e-01 2.378131e+00
-9.668969e-01 -2.359967e-01 -9.703429e-02 -9.603562e+00 2.455485e-01 -9.639720e-01 -1.022932e-01 1.840821e+02 -6.939749e-02 -1.227336e-01 9.900103e-01 2.546938e+00
-9.685881e-01 -2.287462e-01 -9.752941e-02 -1.145236e+01 2.380613e-01 -9.663076e-01 -9.785915e-02 1.845599e+02 -7.185850e-02 -1.180032e-01 9.904098e-01 2.718534e+00
-9.706041e-01 -2.213154e-01 -9.458970e-02 -1.330713e+01 2.302636e-01 -9.682487e-01 -9.733064e-02 1.850276e+02 -7.004558e-02 -1.162501e-01 9.907470e-01 2.870555e+00
-9.721013e-01 -2.145313e-01 -9.484535e-02 -1.517344e+01 2.237312e-01 -9.694857e-01 -1.002091e-01 1.854864e+02 -7.045323e-02 -1.186333e-01 9.904355e-01 3.040126e+00
-9.734217e-01 -2.084602e-01 -9.483942e-02 -1.703285e+01 2.179432e-01 -9.704095e-01 -1.039534e-01 1.859237e+02 -7.036293e-02 -1.218601e-01 9.900501e-01 3.207891e+00
-9.740489e-01 -2.058362e-01 -9.413028e-02 -1.891676e+01 2.152226e-01 -9.710435e-01 -1.037009e-01 1.863520e+02 -7.005920e-02 -1.212687e-01 9.901443e-01 3.374426e+00
-9.740839e-01 -2.045338e-01 -9.657264e-02 -2.077447e+01 2.142343e-01 -9.712453e-01 -1.038566e-01 1.867722e+02 -7.255353e-02 -1.218542e-01 9.898927e-01 3.544847e+00
-9.742061e-01 -2.039205e-01 -9.663838e-02 -2.266921e+01 2.137259e-01 -9.712178e-01 -1.051535e-01 1.872097e+02 -7.241397e-02 -1.230953e-01 9.897494e-01 3.732999e+00
-9.739051e-01 -2.043632e-01 -9.871383e-02 -2.455146e+01 2.143588e-01 -9.711733e-01 -1.042720e-01 1.876306e+02 -7.455888e-02 -1.227112e-01 9.896378e-01 3.898986e+00
-9.739598e-01 -2.041177e-01 -9.868321e-02 -2.645896e+01 2.142049e-01 -9.710714e-01 -1.055306e-01 1.880652e+02 -7.428776e-02 -1.239210e-01 9.895074e-01 4.086618e+00
-9.741186e-01 -2.041694e-01 -9.699462e-02 -2.835795e+01 2.140109e-01 -9.711658e-01 -1.050537e-01 1.884941e+02 -7.274912e-02 -1.230926e-01 9.897251e-01 4.244136e+00
-9.741683e-01 -2.030922e-01 -9.873945e-02 -3.027073e+01 2.132208e-01 -9.712425e-01 -1.059471e-01 1.889339e+02 -7.438292e-02 -1.242636e-01 9.894573e-01 4.430692e+00
-9.740760e-01 -2.029542e-01 -9.992605e-02 -3.218041e+01 2.131834e-01 -9.713199e-01 -1.053119e-01 1.893637e+02 -7.568666e-02 -1.238844e-01 9.894060e-01 4.594316e+00
-9.740325e-01 -2.021944e-01 -1.018739e-01 -3.410186e+01 2.127023e-01 -9.713795e-01 -1.057336e-01 1.898015e+02 -7.757950e-02 -1.246568e-01 9.891623e-01 4.786023e+00
-9.742986e-01 -2.020800e-01 -9.952744e-02 -3.601660e+01 2.120664e-01 -9.718380e-01 -1.027560e-01 1.902417e+02 -7.595963e-02 -1.212214e-01 9.897149e-01 4.949311e+00
-9.743922e-01 -2.009147e-01 -1.009602e-01 -3.795755e+01 2.111129e-01 -9.720000e-01 -1.031861e-01 1.906859e+02 -7.740175e-02 -1.218577e-01 9.895250e-01 5.123456e+00
-9.745765e-01 -2.007940e-01 -9.941178e-02 -3.988893e+01 2.107582e-01 -9.721381e-01 -1.026086e-01 1.911188e+02 -7.603879e-02 -1.209518e-01 9.897417e-01 5.306186e+00
-9.749300e-01 -1.999151e-01 -9.770054e-02 -4.184888e+01 2.096221e-01 -9.724554e-01 -1.019272e-01 1.915636e+02 -7.463261e-02 -1.198521e-01 9.899825e-01 5.471865e+00
-9.750402e-01 -1.997984e-01 -9.683524e-02 -4.378452e+01 2.093428e-01 -9.725973e-01 -1.011437e-01 1.920041e+02 -7.397334e-02 -1.188909e-01 9.901479e-01 5.642735e+00
-9.752179e-01 -1.989964e-01 -9.669695e-02 -4.573353e+01 2.084065e-01 -9.729634e-01 -9.954374e-02 1.924431e+02 -7.427374e-02 -1.172291e-01 9.903235e-01 5.802094e+00
-9.753100e-01 -1.980156e-01 -9.777604e-02 -4.768253e+01 2.076666e-01 -9.729710e-01 -1.010047e-01 1.928751e+02 -7.513274e-02 -1.188157e-01 9.900696e-01 5.964581e+00
-9.754936e-01 -1.972139e-01 -9.756620e-02 -4.963868e+01 2.069992e-01 -9.728946e-01 -1.030893e-01 1.933041e+02 -7.459100e-02 -1.207590e-01 9.898755e-01 6.121127e+00
-9.755489e-01 -1.965009e-01 -9.844788e-02 -5.159741e+01 2.064359e-01 -9.729579e-01 -1.036200e-01 1.937308e+02 -7.542422e-02 -1.214096e-01 9.897327e-01 6.293818e+00
-9.754456e-01 -1.962746e-01 -9.991135e-02 -5.354604e+01 2.062871e-01 -9.731286e-01 -1.023049e-01 1.941513e+02 -7.714672e-02 -1.204033e-01 9.897229e-01 6.468686e+00
-9.754128e-01 -1.966487e-01 -9.949291e-02 -5.549537e+01 2.064645e-01 -9.732857e-01 -1.004364e-01 1.945887e+02 -7.708434e-02 -1.185087e-01 9.899564e-01 6.625493e+00
-9.756827e-01 -1.957924e-01 -9.853202e-02 -5.745245e+01 2.054222e-01 -9.736037e-01 -9.948687e-02 1.950129e+02 -7.645236e-02 -1.173083e-01 9.901484e-01 6.786012e+00
-9.757543e-01 -1.952462e-01 -9.890643e-02 -5.940180e+01 2.050369e-01 -9.735313e-01 -1.009786e-01 1.954405e+02 -7.657282e-02 -1.188098e-01 9.899600e-01 6.960149e+00
-9.759089e-01 -1.944996e-01 -9.885175e-02 -6.135583e+01 2.044533e-01 -9.734262e-01 -1.031520e-01 1.958745e+02 -7.616185e-02 -1.208775e-01 9.897414e-01 7.128647e+00
-9.761442e-01 -1.944292e-01 -9.664202e-02 -6.330807e+01 2.041086e-01 -9.735066e-01 -1.030750e-01 1.963020e+02 -7.404087e-02 -1.203415e-01 9.899676e-01 7.302479e+00
-9.763384e-01 -1.938324e-01 -9.587757e-02 -6.524751e+01 2.034106e-01 -9.736674e-01 -1.029362e-01 1.967292e+02 -7.340051e-02 -1.200031e-01 9.900564e-01 7.459950e+00
-9.766924e-01 -1.931692e-01 -9.358282e-02 -6.719548e+01 2.023402e-01 -9.740825e-01 -1.011024e-01 1.971460e+02 -7.162752e-02 -1.176815e-01 9.904648e-01 7.629076e+00
-9.766756e-01 -1.924036e-01 -9.531763e-02 -6.912959e+01 2.019968e-01 -9.738482e-01 -1.040044e-01 1.975699e+02 -7.281408e-02 -1.208325e-01 9.899988e-01 7.799481e+00
-9.769458e-01 -1.917843e-01 -9.378482e-02 -7.107333e+01 2.013083e-01 -9.738185e-01 -1.056057e-01 1.979877e+02 -7.107587e-02 -1.220507e-01 9.899757e-01 7.963314e+00
-9.775182e-01 -1.904976e-01 -9.038231e-02 -7.301961e+01 1.995883e-01 -9.742054e-01 -1.053011e-01 1.984019e+02 -6.799133e-02 -1.209729e-01 9.903246e-01 8.141025e+00
-9.777241e-01 -1.897212e-01 -8.978642e-02 -7.493851e+01 1.985921e-01 -9.746435e-01 -1.031080e-01 1.988152e+02 -6.794798e-02 -1.186421e-01 9.906095e-01 8.296889e+00
-9.777391e-01 -1.896624e-01 -8.974570e-02 -7.687115e+01 1.984033e-01 -9.748729e-01 -1.012859e-01 1.992277e+02 -6.828055e-02 -1.168370e-01 9.908012e-01 8.469966e+00
-9.781343e-01 -1.890991e-01 -8.657183e-02 -7.879787e+01 1.974281e-01 -9.751363e-01 -1.006544e-01 1.996345e+02 -6.538568e-02 -1.155452e-01 9.911478e-01 8.641889e+00
-9.784671e-01 -1.882391e-01 -8.466569e-02 -8.073740e+01 1.963023e-01 -9.754395e-01 -9.991605e-02 2.000482e+02 -6.377815e-02 -1.143846e-01 9.913872e-01 8.808832e+00
-9.784812e-01 -1.882372e-01 -8.450681e-02 -8.267620e+01 1.961460e-01 -9.756852e-01 -9.780192e-02 2.004569e+02 -6.404209e-02 -1.122730e-01 9.916115e-01 8.956071e+00
-9.785336e-01 -1.876707e-01 -8.515608e-02 -8.463420e+01 1.957765e-01 -9.755697e-01 -9.967631e-02 2.008659e+02 -6.436937e-02 -1.142082e-01 9.913693e-01 9.118019e+00
-9.787920e-01 -1.866562e-01 -8.441612e-02 -8.655472e+01 1.946006e-01 -9.759302e-01 -9.844252e-02 2.012513e+02 -6.400934e-02 -1.127822e-01 9.915559e-01 9.273319e+00
-9.786497e-01 -1.853232e-01 -8.888113e-02 -8.847775e+01 1.936239e-01 -9.763483e-01 -9.619590e-02 2.016545e+02 -6.895162e-02 -1.113516e-01 9.913862e-01 9.426645e+00
-9.782383e-01 -1.852832e-01 -9.337934e-02 -9.039851e+01 1.940705e-01 -9.762859e-01 -9.592903e-02 2.020561e+02 -7.339089e-02 -1.119636e-01 9.909984e-01 9.573558e+00
-9.783670e-01 -1.836641e-01 -9.521240e-02 -9.233131e+01 1.929650e-01 -9.761027e-01 -9.994079e-02 2.024492e+02 -7.458153e-02 -1.161514e-01 9.904274e-01 9.748825e+00
-9.787835e-01 -1.819515e-01 -9.421328e-02 -9.425969e+01 1.911775e-01 -9.764021e-01 -1.004492e-01 2.028371e+02 -7.371316e-02 -1.163295e-01 9.904715e-01 9.899181e+00
-9.792258e-01 -1.802683e-01 -9.284580e-02 -9.616487e+01 1.891767e-01 -9.770159e-01 -9.824489e-02 2.032262e+02 -7.300139e-02 -1.137682e-01 9.908217e-01 1.006489e+01
-9.792602e-01 -1.789971e-01 -9.491916e-02 -9.809174e+01 1.879055e-01 -9.775736e-01 -9.508616e-02 2.036100e+02 -7.577032e-02 -1.109499e-01 9.909334e-01 1.020645e+01
-9.794792e-01 -1.769385e-01 -9.650464e-02 -1.000290e+02 1.861609e-01 -9.777399e-01 -9.679259e-02 2.039875e+02 -7.723011e-02 -1.127717e-01 9.906150e-01 1.038249e+01
-9.796487e-01 -1.747733e-01 -9.870667e-02 -1.019629e+02 1.841977e-01 -9.781756e-01 -9.614382e-02 2.043733e+02 -7.974909e-02 -1.123687e-01 9.904612e-01 1.053756e+01
-9.799141e-01 -1.730436e-01 -9.911592e-02 -1.038963e+02 1.825089e-01 -9.785019e-01 -9.604443e-02 2.047505e+02 -8.036523e-02 -1.122048e-01 9.904299e-01 1.070263e+01
-9.800825e-01 -1.714382e-01 -1.002356e-01 -1.058334e+02 1.807557e-01 -9.791496e-01 -9.270069e-02 2.051251e+02 -8.225322e-02 -1.089725e-01 9.906359e-01 1.084906e+01
-9.801638e-01 -1.700025e-01 -1.018733e-01 -1.077971e+02 1.798628e-01 -9.788995e-01 -9.698021e-02 2.054883e+02 -8.323682e-02 -1.133797e-01 9.900589e-01 1.103555e+01
-9.798689e-01 -1.692931e-01 -1.058156e-01 -1.097367e+02 1.794160e-01 -9.791930e-01 -9.482076e-02 2.058592e+02 -8.756144e-02 -1.118969e-01 9.898546e-01 1.116587e+01
-9.799684e-01 -1.687664e-01 -1.057331e-01 -1.116847e+02 1.786745e-01 -9.795507e-01 -9.249834e-02 2.062322e+02 -8.796035e-02 -1.095373e-01 9.900831e-01 1.133847e+01
-9.794503e-01 -1.702605e-01 -1.081114e-01 -1.136488e+02 1.803423e-01 -9.793373e-01 -9.151534e-02 2.066015e+02 -9.029607e-02 -1.091318e-01 9.899176e-01 1.146856e+01
-9.796635e-01 -1.700809e-01 -1.064515e-01 -1.156199e+02 1.805913e-01 -9.786251e-01 -9.838579e-02 2.069754e+02 -8.744254e-02 -1.156092e-01 9.894384e-01 1.165332e+01
-9.797196e-01 -1.699755e-01 -1.061035e-01 -1.175816e+02 1.804812e-01 -9.786046e-01 -9.879096e-02 2.073478e+02 -8.704136e-02 -1.159371e-01 9.894354e-01 1.180316e+01
-9.798975e-01 -1.705297e-01 -1.035408e-01 -1.195340e+02 1.806388e-01 -9.786888e-01 -9.766172e-02 2.077359e+02 -8.467995e-02 -1.144020e-01 9.898189e-01 1.197736e+01
