1.000000e+00 0.000000e+00 0.000000e+00 0.000000e+00 0.000000e+00 1.000000e+00 0.000000e+00 0.000000e+00 0.000000e+00 0.000000e+00 1.000000e+00 0.000000e+00
9.999878e-01 -4.815693e-03 -1.112974e-03 1.136670e+00 4.816914e-03 9.999877e-01 1.096645e-03 4.878673e-02 1.107679e-03 -1.101993e-03 9.999988e-01 -1.531461e-02
9.999842e-01 -5.413811e-03 -1.492879e-03 2.138181e+00 5.415811e-03 9.999844e-01 1.338374e-03 2.946012e-02 1.485610e-03 -1.346438e-03 9.999980e-01 -2.453830e-02
9.999788e-01 -6.068667e-03 -2.334323e-03 3.150069e+00 6.070232e-03 9.999813e-01 6.637512e-04 2.250073e-02 2.330251e-03 -6.779070e-04 9.999971e-01 -4.216967e-02
9.999807e-01 -5.461860e-03 -2.956011e-03 4.171632e+00 5.466073e-03 9.999841e-01 1.418705e-03 1.593294e-02 2.948215e-03 -1.434835e-03 9.999946e-01 -5.837404e-02
9.999824e-01 -5.473192e-03 -2.284193e-03 5.191465e+00 5.477380e-03 9.999833e-01 1.831498e-03 7.340911e-03 2.274131e-03 -1.843978e-03 9.999957e-01 -7.054929e-02
9.999786e-01 -4.367294e-03 -4.873762e-03 6.221241e+00 4.373109e-03 9.999897e-01 1.183152e-03 6.056956e-03 4.868545e-03 -1.204440e-03 9.999874e-01 -1.001229e-01
9.999769e-01 -3.754852e-03 -5.663652e-03 7.272440e+00 3.742504e-03 9.999906e-01 -2.189114e-03 -1.607742e-03 5.671818e-03 2.167867e-03 9.999816e-01 -8.987887e-02
9.999949e-01 -2.817200e-03 -1.534154e-03 8.369711e+00 2.815295e-03 9.999952e-01 -1.242158e-03 -1.880572e-02 1.537646e-03 1.237833e-03 9.999980e-01 -1.044107e-01
9.999787e-01 -2.623193e-03 -5.969376e-03 9.428187e+00 2.634642e-03 9.999946e-01 1.910852e-03 -2.120593e-02 5.964332e-03 -1.926538e-03 9.999803e-01 -1.242887e-01
9.999814e-01 -2.523306e-03 -5.557112e-03 1.053234e+01 2.550765e-03 9.999846e-01 4.939821e-03 -2.573652e-02 5.544562e-03 -4.953903e-03 9.999723e-01 -1.158652e-01
9.999783e-01 -3.416775e-03 -5.627754e-03 1.163039e+01 3.436098e-03 9.999882e-01 3.427478e-03 -3.316481e-02 5.615976e-03 -3.446741e-03 9.999783e-01 -1.542843e-01
9.999821e-01 -3.120276e-03 -5.113245e-03 1.277189e+01 3.140643e-03 9.999870e-01 3.979913e-03 -3.474461e-02 5.100760e-03 -3.995901e-03 9.999790e-01 -1.466608e-01
9.999692e-01 -3.025668e-03 -7.236157e-03 1.393321e+01 3.056783e-03 9.999861e-01 4.292800e-03 -4.245980e-02 7.223068e-03 -4.314788e-03 9.999646e-01 -1.985949e-01
9.999776e-01 -3.262883e-03 -5.831978e-03 1.506949e+01 3.277402e-03 9.999914e-01 2.481769e-03 -4.676704e-02 5.823831e-03 -2.500827e-03 9.999799e-01 -1.764095e-01
9.999857e-01 -3.378557e-03 -4.145957e-03 1.623967e+01 3.394261e-03 9.999871e-01 3.786555e-03 -4.949274e-02 4.133110e-03 -3.800573e-03 9.999843e-01 -2.140544e-01
9.999947e-01 -2.729279e-03 -1.787319e-03 1.743595e+01 2.741867e-03 9.999713e-01 7.078656e-03 -6.427934e-02 1.767948e-03 -7.083519e-03 9.999734e-01 -2.174690e-01
9.999952e-01 -2.965773e-03 -8.934815e-04 1.865979e+01 2.970699e-03 9.999801e-01 5.563460e-03 -7.839207e-02 8.769638e-04 -5.566088e-03 9.999841e-01 -2.499409e-01
9.999910e-01 -4.146218e-03 -8.832236e-04 1.986977e+01 4.149449e-03 9.999846e-01 3.688002e-03 -8.444339e-02 8.679187e-04 -3.691633e-03 9.999928e-01 -2.521435e-01
9.999744e-01 -6.856949e-03 2.034458e-03 2.111215e+01 6.847362e-03 9.999657e-01 4.682327e-03 -8.205003e-02 -2.066495e-03 -4.668276e-03 9.999869e-01 -2.693677e-01
9.999653e-01 -8.333824e-03 2.026447e-04 2.236111e+01 8.332827e-03 9.999552e-01 4.503109e-03 -9.109752e-02 -2.401638e-04 -4.501265e-03 9.999899e-01 -2.848884e-01
9.999459e-01 -1.039880e-02 2.504269e-04 2.362795e+01 1.039794e-02 9.999406e-01 3.221921e-03 -7.818615e-02 -2.839162e-04 -3.219143e-03 9.999948e-01 -3.138981e-01
9.999382e-01 -1.103423e-02 -1.300971e-03 2.490214e+01 1.103619e-02 9.999379e-01 1.504977e-03 -7.831758e-02 1.284284e-03 -1.519242e-03 9.999980e-01 -3.354447e-01
9.999403e-01 -1.072158e-02 -2.118583e-03 2.620717e+01 1.072214e-02 9.999424e-01 2.521469e-04 -7.078412e-02 2.115757e-03 -2.748476e-04 9.999977e-01 -3.417584e-01
9.999625e-01 -8.554035e-03 -1.338185e-03 2.751496e+01 8.558395e-03 9.999579e-01 3.287510e-03 -7.185013e-02 1.310008e-03 -3.298840e-03 9.999937e-01 -3.432241e-01
9.999822e-01 -5.829149e-03 -1.258847e-03 2.882616e+01 5.834314e-03 9.999744e-01 4.138884e-03 -7.965067e-02 1.234688e-03 -4.146155e-03 9.999906e-01 -3.745134e-01
9.999934e-01 -3.616011e-03 3.162216e-04 3.016937e+01 3.615127e-03 9.999895e-01 2.752383e-03 -8.940040e-02 -3.261710e-04 -2.751221e-03 9.999962e-01 -3.835678e-01
9.999983e-01 -1.737807e-03 5.573518e-04 3.152632e+01 1.736389e-03 9.999954e-01 2.533320e-03 -1.047206e-01 -5.617516e-04 -2.532348e-03 9.999967e-01 -4.056389e-01
9.999994e-01 -8.806323e-04 6.732238e-04 3.285392e+01 8.783904e-04 9.999940e-01 3.323191e-03 -1.120711e-01 -6.761463e-04 -3.322598e-03 9.999943e-01 -4.415973e-01
9.999989e-01 1.276839e-03 7.355349e-04 3.419349e+01 -1.278836e-03 9.999955e-01 2.720126e-03 -1.300585e-01 -7.320584e-04 -2.721064e-03 9.999960e-01 -4.687717e-01
9.999934e-01 3.386245e-03 -1.288707e-03 3.553680e+01 -3.383971e-03 9.999927e-01 1.762438e-03 -1.461602e-01 1.294666e-03 -1.758065e-03 9.999976e-01 -4.825434e-01
9.999861e-01 5.207870e-03 -9.102235e-04 3.688557e+01 -5.208593e-03 9.999861e-01 -7.940066e-04 -1.608413e-01 9.060758e-04 7.987364e-04 9.999993e-01 -5.011850e-01
9.999785e-01 5.110447e-03 4.095955e-03 3.824846e+01 -5.105725e-03 9.999862e-01 -1.162766e-03 -1.879725e-01 -4.101841e-03 1.141829e-03 9.999909e-01 -5.279885e-01
9.999564e-01 1.511955e-03 9.218906e-03 3.959254e+01 -1.502393e-03 9.999985e-01 -1.044001e-03 -2.108522e-01 -9.220469e-03 1.030105e-03 9.999570e-01 -5.474164e-01
9.999533e-01 -3.141456e-03 9.141295e-03 4.092542e+01 3.159249e-03 9.999931e-01 -1.932652e-03 -2.177689e-01 -9.135162e-03 1.961441e-03 9.999564e-01 -5.730057e-01
9.999277e-01 -7.477029e-03 9.417900e-03 4.227073e+01 7.519473e-03 9.999617e-01 -4.479422e-03 -2.242882e-01 -9.384046e-03 4.549915e-03 9.999456e-01 -6.104057e-01
9.999012e-01 -1.133135e-02 8.317796e-03 4.358576e+01 1.136488e-02 9.999274e-01 -3.995311e-03 -2.134518e-01 -8.271920e-03 4.089447e-03 9.999574e-01 -6.119180e-01
9.998645e-01 -1.420098e-02 8.321266e-03 4.492192e+01 1.421338e-02 9.998980e-01 -1.432052e-03 -2.094372e-01 -8.300080e-03 1.550131e-03 9.999644e-01 -6.141259e-01
9.998223e-01 -1.451898e-02 1.202843e-02 4.620985e+01 1.454737e-02 9.998916e-01 -2.275763e-03 -2.147887e-01 -1.199409e-02 2.450340e-03 9.999251e-01 -6.767393e-01
9.997315e-01 -1.208182e-02 1.976952e-02 4.753205e+01 1.207547e-02 9.999270e-01 4.409442e-04 -2.127449e-01 -1.977341e-02 -2.020997e-04 9.998044e-01 -6.225665e-01
9.998839e-01 -1.144082e-02 1.006392e-02 4.883802e+01 1.139650e-02 9.999253e-01 4.450037e-03 -2.117749e-01 -1.011408e-02 -4.334826e-03 9.999394e-01 -6.891235e-01
9.998612e-01 -1.171222e-02 1.184720e-02 5.014748e+01 1.151432e-02 9.997952e-01 1.663686e-02 -2.183339e-01 -1.203963e-02 -1.649814e-02 9.997914e-01 -7.482618e-01
9.999362e-01 -1.087479e-02 3.051751e-03 5.142427e+01 1.086796e-02 9.999384e-01 2.248774e-03 -2.014865e-01 -3.076018e-03 -2.215465e-03 9.999928e-01 -8.637723e-01
9.999563e-01 -9.129145e-03 2.018792e-03 5.274141e+01 9.141142e-03 9.999403e-01 -6.016119e-03 -2.016167e-01 -1.963749e-03 6.034311e-03 9.999799e-01 -8.229128e-01
9.999564e-01 -8.118553e-03 -4.616434e-03 5.404905e+01 8.091545e-03 9.999502e-01 -5.839518e-03 -1.891831e-01 4.663613e-03 5.801909e-03 9.999723e-01 -8.286462e-01
9.999667e-01 -7.589278e-03 -3.014823e-03 5.532815e+01 7.568885e-03 9.999489e-01 -6.719012e-03 -2.078016e-01 3.065661e-03 6.695969e-03 9.999729e-01 -8.201623e-01
9.999751e-01 -5.696919e-03 -4.174307e-03 5.659056e+01 5.701130e-03 9.999832e-01 9.977291e-04 -2.009889e-01 4.168553e-03 -1.021503e-03 9.999908e-01 -8.519377e-01
9.999906e-01 -2.827252e-03 -3.290377e-03 5.785402e+01 2.821162e-03 9.999942e-01 -1.854216e-03 -2.134093e-01 3.295601e-03 1.844916e-03 9.999928e-01 -8.724931e-01
9.999998e-01 1.301725e-04 6.044289e-04 5.914244e+01 -1.305719e-04 9.999998e-01 6.606989e-04 -2.288361e-01 -6.043427e-04 -6.607777e-04 9.999996e-01 -8.987871e-01
9.999955e-01 2.654364e-03 -1.386967e-03 6.042430e+01 -2.660497e-03 9.999866e-01 -4.438959e-03 -2.486215e-01 1.375166e-03 4.442629e-03 9.999892e-01 -9.586230e-01
9.999769e-01 6.417126e-03 2.254103e-03 6.167970e+01 -6.402546e-03 9.999590e-01 -6.417002e-03 -2.676494e-01 -2.295190e-03 6.402421e-03 9.999769e-01 -9.221774e-01
9.999552e-01 9.449118e-03 4.946300e-04 6.292306e+01 -9.449393e-03 9.999553e-01 5.578288e-04 -2.950537e-01 -4.893368e-04 -5.624777e-04 9.999997e-01 -9.737576e-01
9.999436e-01 1.049375e-02 1.653635e-03 6.417573e+01 -1.050287e-02 9.999291e-01 5.607315e-03 -3.154378e-01 -1.594676e-03 -5.624366e-03 9.999829e-01 -9.681138e-01
9.999517e-01 9.636899e-03 1.942553e-03 6.543108e+01 -9.647098e-03 9.999393e-01 5.311730e-03 -3.405778e-01 -1.891247e-03 -5.330213e-03 9.999840e-01 -1.029444e+00
9.999501e-01 9.926242e-03 1.151409e-03 6.667634e+01 -9.923429e-03 9.999478e-01 -2.423866e-03 -3.675496e-01 -1.175409e-03 2.412319e-03 9.999964e-01 -1.049937e+00
9.999512e-01 9.819400e-03 -1.114985e-03 6.790845e+01 -9.824253e-03 9.999419e-01 -4.432641e-03 -3.915157e-01 1.071395e-03 4.443378e-03 9.999896e-01 -1.084254e+00
9.999391e-01 1.103462e-02 -1.403081e-04 6.914901e+01 -1.103527e-02 9.999211e-01 -5.995215e-03 -4.156807e-01 7.414206e-05 5.996399e-03 9.999820e-01 -1.096528e+00
9.999320e-01 1.162358e-02 -9.628103e-04 7.036276e+01 -1.162670e-02 9.999270e-01 -3.300851e-03 -4.394730e-01 9.243723e-04 3.311821e-03 9.999941e-01 -1.106875e+00
9.999344e-01 1.139634e-02 1.155358e-03 7.159772e+01 -1.139604e-02 9.999352e-01 -2.580590e-04 -4.668345e-01 -1.158224e-03 2.448755e-04 9.999993e-01 -1.114901e+00
9.999564e-01 9.112959e-03 2.021555e-03 7.281856e+01 -9.118185e-03 9.999551e-01 2.591834e-03 -4.924473e-01 -1.997845e-03 -2.610154e-03 9.999946e-01 -1.132424e+00
9.999659e-01 7.286740e-03 3.884026e-03 7.403354e+01 -7.286673e-03 9.999734e-01 -3.145971e-05 -5.186893e-01 -3.884152e-03 3.157013e-06 9.999924e-01 -1.182969e+00
9.999774e-01 4.514833e-03 4.984284e-03 7.521304e+01 -4.498095e-03 9.999844e-01 -3.364341e-03 -5.343946e-01 -4.999395e-03 3.341845e-03 9.999819e-01 -1.193155e+00
9.999834e-01 2.813897e-03 5.029421e-03 7.641319e+01 -2.789543e-03 9.999843e-01 -4.842830e-03 -5.553082e-01 -5.042970e-03 4.828720e-03 9.999756e-01 -1.218059e+00
9.999911e-01 5.401428e-04 4.175476e-03 7.760937e+01 -5.257681e-04 9.999939e-01 -3.442961e-03 -5.660284e-01 -4.177311e-03 3.440735e-03 9.999853e-01 -1.222521e+00
9.999937e-01 -1.810761e-03 3.053538e-03 7.876833e+01 1.815018e-03 9.999973e-01 -1.392198e-03 -5.684368e-01 -3.051009e-03 1.397731e-03 9.999944e-01 -1.271975e+00
9.999884e-01 -4.173280e-03 2.417315e-03 7.995187e+01 4.178900e-03 9.999886e-01 -2.324557e-03 -5.795034e-01 -2.407587e-03 2.334632e-03 9.999944e-01 -1.269948e+00
9.999797e-01 -5.918830e-03 2.346453e-03 8.109819e+01 5.930389e-03 9.999701e-01 -4.949911e-03 -5.837578e-01 -2.317086e-03 4.963726e-03 9.999850e-01 -1.305524e+00
9.999605e-01 -8.057547e-03 3.744743e-03 8.229338e+01 8.073798e-03 9.999580e-01 -4.344971e-03 -5.867000e-01 -3.709575e-03 4.375034e-03 9.999835e-01 -1.304463e+00
9.999434e-01 -1.011592e-02 3.292739e-03 8.340938e+01 1.013153e-02 9.999374e-01 -4.758568e-03 -5.884666e-01 -3.244395e-03 4.791659e-03 9.999833e-01 -1.337860e+00
9.999171e-01 -1.217875e-02 4.179050e-03 8.455466e+01 1.221119e-02 9.998949e-01 -7.826156e-03 -5.785446e-01 -4.083298e-03 7.876539e-03 9.999607e-01 -1.354901e+00
9.998861e-01 -1.456549e-02 3.949376e-03 8.567915e+01 1.459183e-02 9.998710e-01 -6.725269e-03 -5.769063e-01 -3.850910e-03 6.782132e-03 9.999696e-01 -1.357567e+00
9.998353e-01 -1.744577e-02 5.007541e-03 8.678783e+01 1.746538e-02 9.998398e-01 -3.898599e-03 -5.785089e-01 -4.938724e-03 3.985415e-03 9.999799e-01 -1.366434e+00
9.998080e-01 -1.918414e-02 3.997746e-03 8.791415e+01 1.919680e-02 9.998107e-01 -3.150779e-03 -5.649351e-01 -3.936544e-03 3.226917e-03 9.999871e-01 -1.407262e+00
9.997523e-01 -2.163183e-02 5.223244e-03 8.899865e+01 2.165961e-02 9.997513e-01 -5.322255e-03 -5.513729e-01 -5.106815e-03 5.434071e-03 9.999722e-01 -1.395918e+00
9.996837e-01 -2.437657e-02 6.180831e-03 9.009526e+01 2.441173e-02 9.996859e-01 -5.679406e-03 -5.356463e-01 -6.040446e-03 5.828495e-03 9.999648e-01 -1.431857e+00
9.996263e-01 -2.680003e-02 5.393563e-03 9.118810e+01 2.682620e-02 9.996284e-01 -4.838368e-03 -5.141962e-01 -5.261891e-03 4.981249e-03 9.999738e-01 -1.459571e+00
9.995816e-01 -2.862547e-02 4.133452e-03 9.224611e+01 2.865059e-02 9.995705e-01 -6.150134e-03 -4.912733e-01 -3.955626e-03 6.265987e-03 9.999725e-01 -1.483272e+00
9.995592e-01 -2.954274e-02 2.945770e-03 9.330158e+01 2.956475e-02 9.995329e-01 -7.730371e-03 -4.701786e-01 -2.716018e-03 7.814054e-03 9.999658e-01 -1.483655e+00
9.995782e-01 -2.896203e-02 2.151571e-03 9.431938e+01 2.897770e-02 9.995507e-01 -7.648330e-03 -4.429445e-01 -1.929093e-03 7.707451e-03 9.999684e-01 -1.495690e+00
9.996127e-01 -2.781310e-02 9.333674e-04 9.536751e+01 2.781991e-02 9.995784e-01 -8.308753e-03 -4.311307e-01 -7.018817e-04 8.331502e-03 9.999651e-01 -1.502181e+00
9.996120e-01 -2.780669e-02 1.653094e-03 9.640569e+01 2.781637e-02 9.995940e-01 -6.152860e-03 -4.146638e-01 -1.481332e-03 6.196455e-03 9.999797e-01 -1.502091e+00
9.996145e-01 -2.756326e-02 3.328477e-03 9.739737e+01 2.757731e-02 9.996105e-01 -4.252876e-03 -3.988973e-01 -3.209958e-03 4.343027e-03 9.999854e-01 -1.533494e+00
9.996382e-01 -2.680351e-02 2.252354e-03 9.843777e+01 2.681453e-02 9.996278e-01 -5.017880e-03 -3.795383e-01 -2.117018e-03 5.076460e-03 9.999849e-01 -1.561391e+00
9.996545e-01 -2.626681e-02 1.023440e-03 9.939361e+01 2.627341e-02 9.996297e-01 -7.072685e-03 -3.619484e-01 -8.372841e-04 7.097131e-03 9.999745e-01 -1.566872e+00
9.996669e-01 -2.580888e-02 3.240676e-04 1.004004e+02 2.581063e-02 9.996362e-01 -7.828537e-03 -3.356461e-01 -1.219039e-04 7.834293e-03 9.999693e-01 -1.585264e+00
9.996843e-01 -2.512582e-02 9.563702e-05 1.013712e+02 2.512584e-02 9.996564e-01 -7.472123e-03 -3.406102e-01 9.213907e-05 7.472167e-03 9.999721e-01 -1.592928e+00
9.996961e-01 -2.465164e-02 -3.316551e-04 1.023439e+02 2.464816e-02 9.996637e-01 -8.064574e-03 -3.123941e-01 5.303484e-04 8.053947e-03 9.999674e-01 -1.614501e+00
9.997098e-01 -2.408680e-02 1.232396e-04 1.032937e+02 2.408697e-02 9.996736e-01 -8.520362e-03 -3.078844e-01 8.202886e-05 8.520859e-03 9.999637e-01 -1.605219e+00
9.997000e-01 -2.449160e-02 -2.777931e-04 1.042402e+02 2.448855e-02 9.996673e-01 -8.098947e-03 -2.916274e-01 4.760569e-04 8.089714e-03 9.999672e-01 -1.622865e+00
9.996943e-01 -2.472174e-02 1.437982e-04 1.051882e+02 2.472216e-02 9.996786e-01 -5.591624e-03 -2.904446e-01 -5.517279e-06 5.593470e-03 9.999844e-01 -1.609449e+00
9.996693e-01 -2.569523e-02 1.037142e-03 1.061312e+02 2.569908e-02 9.996622e-01 -3.883113e-03 -2.681293e-01 -9.370141e-04 3.908482e-03 9.999919e-01 -1.652459e+00
9.996314e-01 -2.714754e-02 -2.432311e-04 1.070805e+02 2.714641e-02 9.996240e-01 -3.835985e-03 -2.489335e-01 3.472772e-04 3.827968e-03 9.999926e-01 -1.679836e+00
9.996203e-01 -2.747363e-02 -2.100215e-03 1.080299e+02 2.745984e-02 9.996028e-01 -6.331891e-03 -2.353754e-01 2.273341e-03 6.271815e-03 9.999778e-01 -1.693051e+00
9.996085e-01 -2.734984e-02 -5.910575e-03 1.089333e+02 2.731282e-02 9.996074e-01 -6.255019e-03 -2.092337e-01 6.079328e-03 6.091135e-03 9.999630e-01 -1.695172e+00
9.996569e-01 -2.477909e-02 -8.489119e-03 1.098714e+02 2.474333e-02 9.996846e-01 -4.292672e-03 -1.949011e-01 8.592810e-03 4.081150e-03 9.999548e-01 -1.716966e+00
9.996929e-01 -2.297702e-02 -9.287776e-03 1.108375e+02 2.296063e-02 9.997345e-01 -1.868100e-03 -1.860633e-01 9.328235e-03 1.654273e-03 9.999551e-01 -1.692543e+00
9.997418e-01 -2.121234e-02 -8.148614e-03 1.117973e+02 2.120087e-02 9.997742e-01 -1.491983e-03 -1.748605e-01 8.178422e-03 1.318840e-03 9.999657e-01 -1.709599e+00
9.997901e-01 -1.916845e-02 -7.226240e-03 1.127689e+02 1.914965e-02 9.998132e-01 -2.662156e-03 -1.674646e-01 7.275919e-03 2.523218e-03 9.999704e-01 -1.725928e+00
9.998404e-01 -1.654275e-02 -6.741263e-03 1.137322e+02 1.650767e-02 9.998502e-01 -5.225690e-03 -1.629627e-01 6.826699e-03 5.113573e-03 9.999636e-01 -1.724478e+00
9.998822e-01 -1.350623e-02 -7.295886e-03 1.146907e+02 1.347615e-02 9.999005e-01 -4.156483e-03 -1.631528e-01 7.351298e-03 4.057673e-03 9.999648e-01 -1.748976e+00
9.999242e-01 -9.778276e-03 -7.476519e-03 1.157023e+02 9.773875e-03 9.999522e-01 -6.250746e-04 -1.706657e-01 7.482273e-03 5.519527e-04 9.999719e-01 -1.748045e+00
9.999553e-01 -6.069572e-03 -7.251699e-03 1.166965e+02 6.081398e-03 9.999802e-01 1.609790e-03 -1.810290e-01 7.241785e-03 -1.653819e-03 9.999724e-01 -1.756863e+00
9.999740e-01 -2.634764e-03 -6.722207e-03 1.177190e+02 2.639782e-03 9.999963e-01 7.376412e-04 -1.815234e-01 6.720238e-03 -7.553672e-04 9.999771e-01 -1.777709e+00
9.999728e-01 5.035580e-04 -7.352100e-03 1.187184e+02 -5.084954e-04 9.999996e-01 -6.697168e-04 -2.023373e-01 7.351760e-03 6.734371e-04 9.999728e-01 -1.792439e+00
9.999830e-01 2.259010e-03 -5.367827e-03 1.197518e+02 -2.267601e-03 9.999961e-01 -1.594943e-03 -2.091330e-01 5.364203e-03 1.607088e-03 9.999843e-01 -1.783648e+00
9.999813e-01 3.862730e-03 -4.734546e-03 1.207928e+02 -3.858055e-03 9.999921e-01 9.962147e-04 -2.208911e-01 4.738357e-03 -9.779300e-04 9.999883e-01 -1.817919e+00
9.999698e-01 5.501196e-03 -5.483302e-03 1.218455e+02 -5.501944e-03 9.999847e-01 -1.213657e-04 -2.434721e-01 5.482551e-03 1.515309e-04 9.999850e-01 -1.831407e+00
9.999718e-01 6.112624e-03 -4.357986e-03 1.229027e+02 -6.114970e-03 9.999812e-01 -5.251640e-04 -2.626652e-01 4.354693e-03 5.517982e-04 9.999903e-01 -1.829483e+00
9.999669e-01 6.594495e-03 -4.759853e-03 1.239823e+02 -6.602291e-03 9.999770e-01 -1.623962e-03 -2.719178e-01 4.749034e-03 1.655334e-03 9.999874e-01 -1.859134e+00
9.999595e-01 6.931274e-03 -5.746723e-03 1.250366e+02 -6.948656e-03 9.999714e-01 -3.010222e-03 -2.894680e-01 5.725694e-03 3.050031e-03 9.999790e-01 -1.875841e+00
9.999599e-01 6.834177e-03 -5.774901e-03 1.260984e+02 -6.852262e-03 9.999715e-01 -3.117691e-03 -3.146581e-01 5.753430e-03 3.157138e-03 9.999785e-01 -1.880581e+00
9.999605e-01 6.876554e-03 -5.621222e-03 1.271562e+02 -6.889584e-03 9.999735e-01 -2.302001e-03 -3.248569e-01 5.605245e-03 2.340639e-03 9.999815e-01 -1.894336e+00
9.999641e-01 6.585547e-03 -5.332170e-03 1.282308e+02 -6.583595e-03 9.999782e-01 3.835758e-04 -3.475633e-01 5.334580e-03 -3.484572e-04 9.999857e-01 -1.900335e+00
9.999672e-01 5.827719e-03 -5.616585e-03 1.293109e+02 -5.810204e-03 9.999782e-01 3.129789e-03 -3.628668e-01 5.634702e-03 -3.097053e-03 9.999793e-01 -1.915451e+00
9.999622e-01 5.312338e-03 -6.885909e-03 1.304580e+02 -5.273824e-03 9.999704e-01 5.599398e-03 -3.790686e-01 6.915451e-03 -5.562872e-03 9.999606e-01 -1.934224e+00
9.999608e-01 4.120836e-03 -7.839445e-03 1.315662e+02 -4.082546e-03 9.999797e-01 4.894090e-03 -3.879580e-01 7.859454e-03 -4.861893e-03 9.999573e-01 -1.963572e+00
9.999638e-01 2.765241e-03 -8.053920e-03 1.327185e+02 -2.744756e-03 9.999928e-01 2.553472e-03 -4.079259e-01 8.060924e-03 -2.531273e-03 9.999643e-01 -1.979272e+00
9.999492e-01 1.566549e-03 -9.958777e-03 1.338589e+02 -1.542312e-03 9.999957e-01 2.440928e-03 -4.160170e-01 9.962560e-03 -2.425445e-03 9.999474e-01 -1.991703e+00
9.999464e-01 4.449660e-04 -1.033968e-02 1.350595e+02 -4.208971e-04 9.999971e-01 2.329880e-03 -4.277441e-01 1.034069e-02 -2.325403e-03 9.999439e-01 -2.000847e+00
9.999573e-01 -1.915566e-03 -9.046960e-03 1.362439e+02 1.915385e-03 9.999982e-01 -2.871991e-05 -4.364045e-01 9.046999e-03 1.139027e-05 9.999591e-01 -1.993294e+00
9.999511e-01 -4.039947e-03 -9.023237e-03 1.374466e+02 4.014512e-03 9.999878e-01 -2.835158e-03 -4.414298e-01 9.034582e-03 2.798795e-03 9.999553e-01 -2.038179e+00
9.999165e-01 -6.688142e-03 -1.105998e-02 1.386289e+02 6.644588e-03 9.999700e-01 -3.969965e-03 -4.445385e-01 1.108620e-02 3.896144e-03 9.999310e-01 -2.043039e+00
9.998971e-01 -8.872692e-03 -1.127213e-02 1.397890e+02 8.819210e-03 9.999496e-01 -4.785488e-03 -4.406666e-01 1.131402e-02 4.685584e-03 9.999250e-01 -2.048287e+00
9.998642e-01 -1.098655e-02 -1.227954e-02 1.409536e+02 1.092237e-02 9.999264e-01 -5.281019e-03 -4.448820e-01 1.233666e-02 5.146180e-03 9.999107e-01 -2.082066e+00
9.998379e-01 -1.316035e-02 -1.228324e-02 1.421352e+02 1.309870e-02 9.999013e-01 -5.085886e-03 -4.399378e-01 1.234896e-02 4.924167e-03 9.999116e-01 -2.072038e+00
9.997957e-01 -1.666388e-02 -1.144284e-02 1.433224e+02 1.662233e-02 9.998548e-01 -3.717192e-03 -4.323243e-01 1.150312e-02 3.526226e-03 9.999276e-01 -2.082947e+00
9.997304e-01 -2.058725e-02 -1.073518e-02 1.444986e+02 2.056594e-02 9.997863e-01 -2.091431e-03 -4.207565e-01 1.077594e-02 1.870088e-03 9.999402e-01 -2.117367e+00
9.996348e-01 -2.423036e-02 -1.196407e-02 1.456888e+02 2.421260e-02 9.997056e-01 -1.627055e-03 -3.980677e-01 1.199997e-02 1.336779e-03 9.999271e-01 -2.124676e+00
9.995244e-01 -2.715760e-02 -1.460740e-02 1.468961e+02 2.712552e-02 9.996291e-01 -2.389842e-03 -3.823970e-01 1.466688e-02 1.992472e-03 9.998904e-01 -2.158542e+00
9.994179e-01 -2.999257e-02 -1.625886e-02 1.480761e+02 2.998498e-02 9.995501e-01 -7.109076e-04 -3.503769e-01 1.627287e-02 2.229722e-04 9.998676e-01 -2.151554e+00
9.993795e-01 -3.045353e-02 -1.769666e-02 1.492882e+02 3.044750e-02 9.995362e-01 -6.097967e-04 -3.317203e-01 1.770702e-02 7.059923e-05 9.998432e-01 -2.189916e+00
9.993245e-01 -3.052532e-02 -2.046379e-02 1.505283e+02 3.049774e-02 9.995335e-01 -1.658734e-03 -3.004853e-01 2.050487e-02 1.033514e-03 9.997892e-01 -2.195645e+00
9.993415e-01 -3.077964e-02 -1.921481e-02 1.517560e+02 3.076256e-02 9.995259e-01 -1.183986e-03 -2.863354e-01 1.924215e-02 5.921097e-04 9.998147e-01 -2.184168e+00
9.993802e-01 -3.015961e-02 -1.815834e-02 1.530011e+02 3.014230e-02 9.995449e-01 -1.226464e-03 -2.563621e-01 1.818707e-02 6.783701e-04 9.998344e-01 -2.213266e+00
9.994105e-01 -2.861468e-02 -1.896855e-02 1.542556e+02 2.856696e-02 9.995879e-01 -2.781652e-03 -2.347819e-01 1.904034e-02 2.238138e-03 9.998162e-01 -2.241560e+00
9.994261e-01 -2.633712e-02 -2.130072e-02 1.554506e+02 2.632649e-02 9.996530e-01 -7.794963e-04 -2.184223e-01 2.131386e-02 2.182760e-04 9.997728e-01 -2.260134e+00
9.994779e-01 -2.320941e-02 -2.247586e-02 1.567535e+02 2.323792e-02 9.997295e-01 1.007956e-03 -1.927550e-01 2.244639e-02 -1.529722e-03 9.997469e-01 -2.269851e+00
9.994694e-01 -1.989344e-02 -2.579065e-02 1.580187e+02 1.990073e-02 9.998019e-01 2.586868e-05 -1.781873e-01 2.578503e-02 -5.391076e-04 9.996673e-01 -2.308730e+00
9.994822e-01 -1.611397e-02 -2.785107e-02 1.593044e+02 1.607589e-02 9.998695e-01 -1.590641e-03 -1.611845e-01 2.787307e-02 1.142086e-03 9.996108e-01 -2.302146e+00
9.995267e-01 -1.285372e-02 -2.795055e-02 1.605758e+02 1.282218e-02 9.999169e-01 -1.307335e-03 -1.600092e-01 2.796504e-02 9.483297e-04 9.996085e-01 -2.287635e+00
9.996788e-01 -9.771795e-03 -2.338551e-02 1.618625e+02 9.694097e-03 9.999470e-01 -3.433548e-03 -1.698892e-01 2.341782e-02 3.205743e-03 9.997206e-01 -2.291465e+00
9.997277e-01 -7.779244e-03 -2.200081e-02 1.631529e+02 7.720824e-03 9.999664e-01 -2.739036e-03 -1.690813e-01 2.202138e-02 2.568426e-03 9.997542e-01 -2.320951e+00
9.997995e-01 -5.719426e-03 -1.918565e-02 1.644583e+02 5.732603e-03 9.999833e-01 6.319241e-04 -1.848431e-01 1.918172e-02 -7.417812e-04 9.998158e-01 -2.325722e+00
9.998572e-01 -3.259126e-03 -1.658155e-02 1.657999e+02 3.291682e-03 9.999927e-01 1.936472e-03 -1.910476e-01 1.657512e-02 -1.990776e-03 9.998606e-01 -2.353523e+00
9.998518e-01 -2.227225e-03 -1.707474e-02 1.671247e+02 2.251432e-03 9.999965e-01 1.398611e-03 -1.994627e-01 1.707157e-02 -1.436847e-03 9.998533e-01 -2.377061e+00
9.998792e-01 -8.507014e-04 -1.552148e-02 1.684724e+02 8.749091e-04 9.999983e-01 1.552907e-03 -2.130295e-01 1.552014e-02 -1.566299e-03 9.998783e-01 -2.386419e+00
9.998661e-01 5.926744e-04 -1.635022e-02 1.698106e+02 -5.344313e-04 9.999934e-01 3.566355e-03 -2.316444e-01 1.635223e-02 -3.557140e-03 9.998600e-01 -2.428190e+00
9.998568e-01 2.474803e-03 -1.673837e-02 1.711637e+02 -2.416191e-03 9.999909e-01 3.520977e-03 -2.396102e-01 1.674693e-02 -3.480030e-03 9.998537e-01 -2.427615e+00
9.998610e-01 3.758788e-03 -1.624455e-02 1.725287e+02 -3.723983e-03 9.999906e-01 2.172249e-03 -2.627986e-01 1.625257e-02 -2.111453e-03 9.998657e-01 -2.471863e+00
9.998791e-01 5.199778e-03 -1.465634e-02 1.739099e+02 -5.167067e-03 9.999840e-01 2.268903e-03 -2.841301e-01 1.466790e-02 -2.192898e-03 9.998900e-01 -2.471488e+00
9.999077e-01 5.420400e-03 -1.245536e-02 1.753114e+02 -5.390079e-03 9.999825e-01 2.466683e-03 -3.103549e-01 1.246851e-02 -2.399320e-03 9.999194e-01 -2.493876e+00
9.999141e-01 5.966408e-03 -1.167121e-02 1.766966e+02 -5.924269e-03 9.999757e-01 3.641788e-03 -3.347298e-01 1.169265e-02 -3.572332e-03 9.999253e-01 -2.517845e+00
9.999078e-01 5.844085e-03 -1.225545e-02 1.781418e+02 -5.805566e-03 9.999782e-01 3.176277e-03 -3.606901e-01 1.227374e-02 -3.104834e-03 9.999198e-01 -2.542751e+00
9.999313e-01 6.452114e-03 -9.790524e-03 1.795344e+02 -6.426671e-03 9.999760e-01 2.628053e-03 -3.794304e-01 9.807245e-03 -2.564952e-03 9.999486e-01 -2.545227e+00
9.999190e-01 7.424715e-03 -1.033550e-02 1.809844e+02 -7.399707e-03 9.999696e-01 2.455765e-03 -4.096580e-01 1.035342e-02 -2.379087e-03 9.999436e-01 -2.590675e+00
9.999250e-01 7.642102e-03 -9.571454e-03 1.824213e+02 -7.620820e-03 9.999684e-01 2.257951e-03 -4.337411e-01 9.588408e-03 -2.184840e-03 9.999517e-01 -2.599130e+00
9.999400e-01 7.397448e-03 -8.084777e-03 1.838656e+02 -7.378154e-03 9.999698e-01 2.413610e-03 -4.617455e-01 8.102388e-03 -2.353815e-03 9.999644e-01 -2.621588e+00
9.999602e-01 6.880364e-03 -5.672575e-03 1.853383e+02 -6.875400e-03 9.999760e-01 8.943353e-04 -4.861615e-01 5.678592e-03 -8.552985e-04 9.999835e-01 -2.636084e+00
9.999759e-01 6.263830e-03 -2.980518e-03 1.867975e+02 -6.259802e-03 9.999794e-01 1.358720e-03 -5.137033e-01 2.988968e-03 -1.340029e-03 9.999946e-01 -2.658278e+00
9.999837e-01 5.348716e-03 -2.002649e-03 1.882751e+02 -5.342370e-03 9.999808e-01 3.160680e-03 -5.456405e-01 2.019516e-03 -3.149930e-03 9.999930e-01 -2.661889e+00
9.999912e-01 4.148835e-03 -6.597891e-04 1.897669e+02 -4.146024e-03 9.999826e-01 4.205444e-03 -5.665414e-01 6.772254e-04 -4.202672e-03 9.999909e-01 -2.687635e+00
9.999920e-01 3.095593e-03 -2.531389e-03 1.912840e+02 -3.077475e-03 9.999698e-01 7.130017e-03 -5.769815e-01 2.553384e-03 -7.122170e-03 9.999714e-01 -2.730849e+00
9.999956e-01 4.476796e-04 -2.933048e-03 1.927601e+02 -4.264945e-04 9.999738e-01 7.219557e-03 -5.974005e-01 2.936203e-03 -7.218275e-03 9.999697e-01 -2.751372e+00
9.999880e-01 -2.541694e-03 -4.198149e-03 1.942662e+02 2.564847e-03 9.999814e-01 5.518964e-03 -6.002362e-01 4.184044e-03 -5.529665e-03 9.999760e-01 -2.793188e+00
9.999592e-01 -5.339980e-03 -7.293369e-03 1.958058e+02 5.386517e-03 9.999652e-01 6.376086e-03 -6.045487e-01 7.259067e-03 -6.415111e-03 9.999531e-01 -2.809376e+00
9.999251e-01 -7.501554e-03 -9.664406e-03 1.973728e+02 7.556539e-03 9.999554e-01 5.665565e-03 -6.040498e-01 9.621474e-03 -5.738171e-03 9.999372e-01 -2.837922e+00
9.998887e-01 -9.308946e-03 -1.165910e-02 1.989179e+02 9.380461e-03 9.999374e-01 6.094268e-03 -6.111874e-01 1.160164e-02 -6.202957e-03 9.999135e-01 -2.868934e+00
9.998785e-01 -1.088464e-02 -1.115352e-02 2.004650e+02 1.094286e-02 9.999267e-01 5.171876e-03 -6.194219e-01 1.109641e-02 -5.293299e-03 9.999244e-01 -2.885381e+00
9.998702e-01 -1.393738e-02 -8.087360e-03 2.020309e+02 1.393371e-02 9.999028e-01 -5.098539e-04 -6.151830e-01 8.093680e-03 3.971008e-04 9.999672e-01 -2.893740e+00
9.998351e-01 -1.788371e-02 -3.156943e-03 2.036194e+02 1.788200e-02 9.998400e-01 -5.700511e-04 -6.081905e-01 3.166633e-03 5.135047e-04 9.999949e-01 -2.925185e+00
9.997883e-01 -2.054564e-02 1.116485e-03 2.051618e+02 2.054680e-02 9.997884e-01 -1.036315e-03 -5.961239e-01 -1.094957e-03 1.059036e-03 9.999989e-01 -2.946491e+00
9.997129e-01 -2.385072e-02 2.308946e-03 2.067131e+02 2.385546e-02 9.997134e-01 -2.047806e-03 -5.834773e-01 -2.259443e-03 2.102299e-03 9.999952e-01 -2.974929e+00
9.996501e-01 -2.632338e-02 2.596711e-03 2.082123e+02 2.632263e-02 9.996533e-01 3.249405e-04 -5.504851e-01 -2.604364e-03 -2.564745e-04 9.999966e-01 -3.010701e+00
9.995192e-01 -3.089243e-02 -2.632346e-03 2.097384e+02 3.089091e-02 9.995226e-01 -6.168060e-04 -5.024268e-01 2.650144e-03 5.351939e-04 9.999964e-01 -3.046948e+00
9.994432e-01 -3.317018e-02 -3.621312e-03 2.112699e+02 3.315472e-02 9.994410e-01 -4.248404e-03 -4.730051e-01 3.760209e-03 4.125975e-03 9.999844e-01 -3.048583e+00
9.993570e-01 -3.564620e-02 -3.849744e-03 2.127753e+02 3.562353e-02 9.993484e-01 -5.804835e-03 -4.342304e-01 4.054156e-03 5.663961e-03 9.999757e-01 -3.093202e+00
9.992300e-01 -3.900842e-02 -4.208585e-03 2.142344e+02 3.897659e-02 9.992127e-01 -7.396644e-03 -4.082906e-01 4.493804e-03 7.226912e-03 9.999638e-01 -3.095725e+00
9.991711e-01 -4.057877e-02 -3.226544e-03 2.156826e+02 4.055504e-02 9.991521e-01 -7.108050e-03 -3.482015e-01 3.512244e-03 6.971306e-03 9.999695e-01 -3.123230e+00
9.991003e-01 -4.227420e-02 -3.371935e-03 2.171391e+02 4.225914e-02 9.990970e-01 -4.419012e-03 -3.190648e-01 3.555700e-03 4.272541e-03 9.999846e-01 -3.154887e+00
9.990958e-01 -4.227649e-02 -4.502017e-03 2.185301e+02 4.225675e-02 9.990971e-01 -4.391757e-03 -2.609210e-01 4.683620e-03 4.197546e-03 9.999802e-01 -3.171342e+00
9.990193e-01 -4.361439e-02 -7.633605e-03 2.199601e+02 4.357503e-02 9.990364e-01 -5.249140e-03 -2.178175e-01 7.855187e-03 4.911358e-03 9.999571e-01 -3.198912e+00
9.990293e-01 -4.318182e-02 -8.707334e-03 2.213096e+02 4.313653e-02 9.990550e-01 -5.323531e-03 -1.639623e-01 8.928985e-03 4.942759e-03 9.999479e-01 -3.221112e+00
9.989864e-01 -4.356796e-02 -1.131083e-02 2.226638e+02 4.351207e-02 9.990396e-01 -5.140880e-03 -1.179346e-01 1.152395e-02 4.643511e-03 9.999228e-01 -3.239990e+00
9.989511e-01 -4.472845e-02 -9.804403e-03 2.239944e+02 4.466419e-02 9.989796e-01 -6.678035e-03 -7.704857e-02 1.009310e-02 6.233125e-03 9.999296e-01 -3.249044e+00
9.989228e-01 -4.585343e-02 -7.121966e-03 2.253273e+02 4.583021e-02 9.989433e-01 -3.389963e-03 -3.356398e-02 7.269884e-03 3.059910e-03 9.999689e-01 -3.291326e+00
9.988225e-01 -4.782778e-02 -8.128515e-03 2.266874e+02 4.781499e-02 9.988545e-01 -1.761121e-03 2.224339e-02 8.203437e-03 1.370382e-03 9.999654e-01 -3.299594e+00
9.987656e-01 -4.872800e-02 -9.639380e-03 2.279639e+02 4.870632e-02 9.988101e-01 -2.471360e-03 7.675257e-02 9.748333e-03 1.998810e-03 9.999505e-01 -3.329767e+00
9.987788e-01 -4.824876e-02 -1.063469e-02 2.292432e+02 4.820562e-02 9.988283e-01 -4.276366e-03 1.298349e-01 1.082856e-02 3.758492e-03 9.999343e-01 -3.360750e+00
9.987273e-01 -4.850150e-02 -1.383607e-02 2.305466e+02 4.840123e-02 9.988000e-01 -7.492190e-03 1.761971e-01 1.418285e-02 6.812972e-03 9.998762e-01 -3.373599e+00
9.987426e-01 -4.858387e-02 -1.236507e-02 2.318084e+02 4.851273e-02 9.988046e-01 -5.990340e-03 2.217555e-01 1.264132e-02 5.382945e-03 9.999056e-01 -3.396353e+00
9.986606e-01 -5.025711e-02 -1.230126e-02 2.330506e+02 5.023514e-02 9.987352e-01 -2.088304e-03 2.758181e-01 1.239066e-02 1.467551e-03 9.999222e-01 -3.418476e+00
9.985622e-01 -5.245240e-02 -1.106398e-02 2.342596e+02 5.244990e-02 9.986234e-01 -5.161283e-04 3.291731e-01 1.107582e-02 -6.491861e-05 9.999387e-01 -3.434345e+00
9.984602e-01 -5.450168e-02 -1.033199e-02 2.354852e+02 5.448433e-02 9.985127e-01 -1.953293e-03 3.811751e-01 1.042308e-02 1.387354e-03 9.999447e-01 -3.461227e+00
9.982713e-01 -5.784275e-02 -1.041799e-02 2.367145e+02 5.783294e-02 9.983255e-01 -1.240784e-03 4.482197e-01 1.047231e-02 6.361360e-04 9.999450e-01 -3.482411e+00
9.981036e-01 -6.070382e-02 -1.020683e-02 2.379379e+02 6.069507e-02 9.981558e-01 -1.165007e-03 5.060006e-01 1.025873e-02 5.432934e-04 9.999472e-01 -3.507286e+00
9.978126e-01 -6.560440e-02 -8.130899e-03 2.391364e+02 6.559956e-02 9.978456e-01 -8.613352e-04 5.778514e-01 8.169889e-03 3.260678e-04 9.999666e-01 -3.514625e+00
9.974493e-01 -7.111052e-02 -6.174238e-03 2.403754e+02 7.110009e-02 9.974673e-01 -1.893431e-03 6.468801e-01 6.293244e-03 1.449612e-03 9.999791e-01 -3.539723e+00
9.968659e-01 -7.899725e-02 -4.226539e-03 2.416051e+02 7.899287e-02 9.968743e-01 -1.194219e-03 7.328888e-01 4.307669e-03 8.566098e-04 9.999903e-01 -3.560706e+00
9.962267e-01 -8.665297e-02 -4.869442e-03 2.427924e+02 8.665331e-02 9.962386e-01 -1.394799e-04 8.229201e-01 4.863212e-03 -2.829997e-04 9.999881e-01 -3.594469e+00
9.954853e-01 -9.455368e-02 -8.282645e-03 2.439745e+02 9.456439e-02 9.955183e-01 9.101784e-04 9.358799e-01 8.159464e-03 -1.689312e-03 9.999653e-01 -3.606672e+00
9.948643e-01 -1.004283e-01 -1.261864e-02 2.451867e+02 1.004619e-01 9.949387e-01 2.059236e-03 1.046923e+00 1.234797e-02 -3.316353e-03 9.999183e-01 -3.641194e+00
9.943998e-01 -1.039101e-01 -1.928112e-02 2.463925e+02 1.039751e-01 9.945769e-01 2.394308e-03 1.170740e+00 1.892777e-02 -4.385656e-03 9.998112e-01 -3.664751e+00
9.941287e-01 -1.056011e-01 -2.359074e-02 2.476425e+02 1.056673e-01 9.944003e-01 1.573645e-03 1.294285e+00 2.329246e-02 -4.057175e-03 9.997205e-01 -3.689146e+00
9.938547e-01 -1.066798e-01 -2.953305e-02 2.488330e+02 1.067460e-01 9.942861e-01 6.702940e-04 1.411516e+00 2.929279e-02 -3.818711e-03 9.995636e-01 -3.708997e+00
9.935799e-01 -1.082028e-01 -3.303365e-02 2.501146e+02 1.083087e-01 9.941163e-01 1.427063e-03 1.545263e+00 3.268488e-02 -4.995732e-03 9.994532e-01 -3.719411e+00
9.933618e-01 -1.094834e-01 -3.529429e-02 2.513497e+02 1.095939e-01 9.939758e-01 1.204605e-03 1.667567e+00 3.494979e-02 -5.064646e-03 9.993762e-01 -3.730876e+00
9.931875e-01 -1.106373e-01 -3.657705e-02 2.526001e+02 1.107313e-01 9.938502e-01 5.488314e-04 1.793676e+00 3.629139e-02 -4.595318e-03 9.993307e-01 -3.767049e+00
9.930413e-01 -1.113408e-01 -3.836769e-02 2.538329e+02 1.114287e-01 9.937725e-01 1.539930e-04 1.931616e+00 3.811161e-02 -4.428185e-03 9.992637e-01 -3.776975e+00
9.927573e-01 -1.133382e-01 -3.984319e-02 2.550885e+02 1.133858e-01 9.935504e-01 -1.072433e-03 2.067389e+00 3.970776e-02 -3.452985e-03 9.992054e-01 -3.797182e+00
9.926197e-01 -1.138926e-01 -4.164852e-02 2.563317e+02 1.139951e-01 9.934812e-01 8.774246e-05 2.198006e+00 4.136703e-02 -4.834822e-03 9.991323e-01 -3.819155e+00
9.923769e-01 -1.156254e-01 -4.264877e-02 2.575965e+02 1.158119e-01 9.932692e-01 1.921526e-03 2.337265e+00 4.213954e-02 -6.846114e-03 9.990883e-01 -3.834455e+00
9.923105e-01 -1.160803e-01 -4.295754e-02 2.588542e+02 1.162346e-01 9.932210e-01 1.103079e-03 2.475374e+00 4.253830e-02 -6.087751e-03 9.990763e-01 -3.844924e+00
9.920924e-01 -1.177422e-01 -4.346766e-02 2.601553e+02 1.178811e-01 9.930276e-01 6.359578e-04 2.618226e+00 4.308971e-02 -5.754943e-03 9.990546e-01 -3.868560e+00
9.920362e-01 -1.184034e-01 -4.295209e-02 2.614306e+02 1.185190e-01 9.929519e-01 1.453487e-04 2.759496e+00 4.263214e-02 -5.234830e-03 9.990771e-01 -3.876013e+00
9.920011e-01 -1.189221e-01 -4.232370e-02 2.627395e+02 1.190461e-01 9.928887e-01 4.108911e-04 2.890702e+00 4.197386e-02 -5.446074e-03 9.991038e-01 -3.907361e+00
9.919375e-01 -1.195606e-01 -4.201574e-02 2.640515e+02 1.196802e-01 9.928124e-01 3.334866e-04 3.038506e+00 4.167388e-02 -5.359248e-03 9.991169e-01 -3.908223e+00
9.919555e-01 -1.198798e-01 -4.065877e-02 2.653657e+02 1.200023e-01 9.927735e-01 5.750414e-04 3.187636e+00 4.029601e-02 -5.449560e-03 9.991729e-01 -3.939168e+00
9.919167e-01 -1.198027e-01 -4.181546e-02 2.667010e+02 1.199101e-01 9.927847e-01 6.147148e-05 3.327810e+00 4.150638e-02 -5.075071e-03 9.991254e-01 -3.940480e+00
9.920335e-01 -1.190643e-01 -4.114894e-02 2.680256e+02 1.192194e-01 9.928671e-01 1.325172e-03 3.481178e+00 4.069765e-02 -6.220365e-03 9.991521e-01 -3.969867e+00
9.922737e-01 -1.168289e-01 -4.175913e-02 2.693778e+02 1.169922e-01 9.931318e-01 1.480562e-03 3.626857e+00 4.129935e-02 -6.354615e-03 9.991266e-01 -3.988029e+00
9.923853e-01 -1.161434e-01 -4.101411e-02 2.707325e+02 1.163230e-01 9.932092e-01 2.011481e-03 3.773422e+00 4.050197e-02 -6.767048e-03 9.991565e-01 -4.011279e+00
9.925860e-01 -1.144110e-01 -4.102510e-02 2.721090e+02 1.145598e-01 9.934156e-01 1.285445e-03 3.916655e+00 4.060791e-02 -5.975741e-03 9.991573e-01 -4.027570e+00
9.927233e-01 -1.130695e-01 -4.142199e-02 2.734804e+02 1.132225e-01 9.935689e-01 1.358921e-03 4.063656e+00 4.100195e-02 -6.038933e-03 9.991408e-01 -4.051731e+00
9.930000e-01 -1.100996e-01 -4.276832e-02 2.748850e+02 1.102633e-01 9.939014e-01 1.481876e-03 4.210949e+00 4.234434e-02 -6.187280e-03 9.990839e-01 -4.069516e+00
9.932810e-01 -1.073351e-01 -4.326750e-02 2.762694e+02 1.075061e-01 9.942032e-01 1.638574e-03 4.343391e+00 4.284080e-02 -6.279084e-03 9.990622e-01 -4.082433e+00
9.935751e-01 -1.044231e-01 -4.363827e-02 2.776848e+02 1.045713e-01 9.945167e-01 1.119131e-03 4.479553e+00 4.328212e-02 -5.675249e-03 9.990467e-01 -4.100443e+00
9.939244e-01 -1.011629e-01 -4.336283e-02 2.791051e+02 1.012949e-01 9.948560e-01 8.516235e-04 4.609785e+00 4.305362e-02 -5.238881e-03 9.990590e-01 -4.113706e+00
9.941646e-01 -9.839004e-02 -4.422880e-02 2.805153e+02 9.848329e-02 9.951386e-01 -7.079937e-05 4.736407e+00 4.402075e-02 -4.285411e-03 9.990214e-01 -4.133986e+00
9.945679e-01 -9.426510e-02 -4.414515e-02 2.819739e+02 9.433251e-02 9.955406e-01 -5.581314e-04 4.869389e+00 4.400090e-02 -3.609224e-03 9.990250e-01 -4.154614e+00
9.948345e-01 -9.084716e-02 -4.528812e-02 2.834149e+02 9.088344e-02 9.958607e-01 -1.261301e-03 4.988888e+00 4.521525e-02 -2.861154e-03 9.989732e-01 -4.178712e+00
9.951949e-01 -8.704406e-02 -4.483945e-02 2.848411e+02 8.701266e-02 9.962038e-01 -2.655286e-03 5.094935e+00 4.490035e-02 -1.259073e-03 9.989907e-01 -4.186066e+00
9.955349e-01 -8.368866e-02 -4.366320e-02 2.862786e+02 8.371566e-02 9.964890e-01 -1.213036e-03 5.209114e+00 4.361141e-02 -2.447674e-03 9.990456e-01 -4.216341e+00
9.958220e-01 -8.081717e-02 -4.251024e-02 2.877224e+02 8.091789e-02 9.967204e-01 6.510087e-04 5.309941e+00 4.231821e-02 -4.088127e-03 9.990958e-01 -4.239190e+00
9.959741e-01 -7.954503e-02 -4.133122e-02 2.891934e+02 7.966123e-02 9.968214e-01 1.169640e-03 5.411224e+00 4.110680e-02 -4.457427e-03 9.991448e-01 -4.251807e+00
9.960303e-01 -8.007168e-02 -3.888719e-02 2.906342e+02 8.015939e-02 9.967819e-01 6.990134e-04 5.512195e+00 3.870607e-02 -3.813412e-03 9.992434e-01 -4.269156e+00
9.959497e-01 -8.152343e-02 -3.792188e-02 2.920992e+02 8.162823e-02 9.966620e-01 1.221066e-03 5.617350e+00 3.769575e-02 -4.311617e-03 9.992800e-01 -4.323197e+00
9.958143e-01 -8.277811e-02 -3.875121e-02 2.935368e+02 8.290616e-02 9.965559e-01 1.706320e-03 5.724507e+00 3.847650e-02 -4.911892e-03 9.992474e-01 -4.324925e+00
9.957098e-01 -8.395579e-02 -3.890317e-02 2.949999e+02 8.409425e-02 9.964559e-01 1.933464e-03 5.838479e+00 3.860297e-02 -5.196702e-03 9.992411e-01 -4.353687e+00
9.956238e-01 -8.525608e-02 -3.827015e-02 2.964531e+02 8.540028e-02 9.963444e-01 2.146297e-03 5.947686e+00 3.794727e-02 -5.405186e-03 9.992651e-01 -4.383403e+00
9.954173e-01 -8.693355e-02 -3.983720e-02 2.979425e+02 8.704200e-02 9.962041e-01 9.928356e-04 6.061397e+00 3.959967e-02 -4.455795e-03 9.992057e-01 -4.397650e+00
9.952785e-01 -8.907180e-02 -3.855922e-02 2.994047e+02 8.912184e-02 9.960207e-01 -4.226838e-04 6.178982e+00 3.844343e-02 -3.015781e-03 9.992563e-01 -4.425037e+00
9.951706e-01 -9.001476e-02 -3.915209e-02 3.008797e+02 9.005643e-02 9.959363e-01 -7.014093e-04 6.303858e+00 3.905613e-02 -2.827876e-03 9.992330e-01 -4.456232e+00
9.950489e-01 -9.088757e-02 -4.021230e-02 3.023442e+02 9.086371e-02 9.958603e-01 -2.424440e-03 6.422572e+00 4.026619e-02 -1.241402e-03 9.991882e-01 -4.467594e+00
9.949328e-01 -9.275365e-02 -3.880093e-02 3.038113e+02 9.271723e-02 9.956887e-01 -2.740808e-03 6.540954e+00 3.888787e-02 -8.705952e-04 9.992432e-01 -4.490107e+00
9.947350e-01 -9.491559e-02 -3.864254e-02 3.052681e+02 9.489705e-02 9.954844e-01 -2.317777e-03 6.670965e+00 3.868804e-02 -1.361490e-03 9.992504e-01 -4.515872e+00
9.945431e-01 -9.672666e-02 -3.909029e-02 3.067557e+02 9.671736e-02 9.953095e-01 -2.133187e-03 6.798376e+00 3.911328e-02 -1.659164e-03 9.992334e-01 -4.546181e+00
9.943647e-01 -9.863312e-02 -3.886151e-02 3.081935e+02 9.860095e-02 9.951233e-01 -2.748353e-03 6.928610e+00 3.894307e-02 -1.098916e-03 9.992408e-01 -4.567063e+00
9.941610e-01 -1.007966e-01 -3.852151e-02 3.096659e+02 1.007733e-01 9.949062e-01 -2.551239e-03 7.064680e+00 3.858244e-02 -1.345597e-03 9.992545e-01 -4.592350e+00
