1.000000e+00 0.000000e+00 0.000000e+00 0.000000e+00 0.000000e+00 1.000000e+00 0.000000e+00 0.000000e+00 0.000000e+00 0.000000e+00 1.000000e+00 0.000000e+00
9.999996e-01 -7.535587e-04 4.770851e-04 7.373162e-02 7.549308e-04 9.999956e-01 -2.882366e-03 -4.732281e-03 -4.749110e-04 2.882725e-03 9.999957e-01 2.687893e-02
9.999859e-01 -1.743552e-03 -5.019677e-03 5.408432e-01 1.741803e-03 9.999986e-01 -3.525959e-04 -7.458638e-04 5.020284e-03 3.438477e-04 9.999874e-01 8.130472e-02
9.999784e-01 -2.637305e-03 -6.027415e-03 9.270352e-01 2.633145e-03 9.999962e-01 -6.978855e-04 6.880859e-03 6.029233e-03 6.819993e-04 9.999816e-01 5.485738e-02
9.999875e-01 -3.162792e-03 -3.864414e-03 9.678211e-01 3.168531e-03 9.999939e-01 1.479906e-03 4.898686e-03 3.859710e-03 -1.492133e-03 9.999914e-01 5.955350e-02
9.999852e-01 -3.805544e-03 -3.884520e-03 1.089593e+00 3.800409e-03 9.999918e-01 -1.328287e-03 9.599228e-03 3.889543e-03 1.313504e-03 9.999916e-01 6.647630e-02
9.999743e-01 -3.686276e-03 -6.145928e-03 9.263309e-01 3.674843e-03 9.999915e-01 -1.870481e-03 2.480210e-02 6.152770e-03 1.847848e-03 9.999794e-01 4.142682e-02
9.999515e-01 -3.090466e-03 -9.350577e-03 1.061787e+00 3.050314e-03 9.999861e-01 -4.305301e-03 2.226866e-02 9.363752e-03 4.276570e-03 9.999470e-01 3.139457e-02
9.999216e-01 -2.667634e-03 -1.223183e-02 1.151794e+00 2.633565e-03 9.999926e-01 -2.800556e-03 1.829856e-02 1.223921e-02 2.768124e-03 9.999213e-01 2.422566e-02
9.998323e-01 -1.544267e-03 -1.824525e-02 1.160873e+00 1.501392e-03 9.999961e-01 -2.363405e-03 1.285668e-02 1.824883e-02 2.335615e-03 9.998307e-01 6.347656e-02
9.998956e-01 -1.967287e-03 -1.431680e-02 1.076363e+00 1.985513e-03 9.999974e-01 1.258962e-03 1.452327e-02 1.431429e-02 -1.287257e-03 9.998967e-01 4.762546e-02
9.998799e-01 -1.215215e-03 -1.545150e-02 9.933568e-01 1.237118e-03 9.999982e-01 1.408021e-03 6.856732e-03 1.544976e-02 -1.426967e-03 9.998796e-01 4.049670e-02
9.999130e-01 -4.362079e-04 -1.318614e-02 7.152737e-01 4.469694e-04 9.999996e-01 8.131848e-04 4.756866e-03 1.318579e-02 -8.190078e-04 9.999127e-01 3.237058e-02
9.999206e-01 7.098069e-04 -1.258115e-02 2.369902e-01 -6.778119e-04 9.999964e-01 2.547168e-03 -5.635235e-03 1.258292e-02 -2.538439e-03 9.999176e-01 1.278942e-02
9.999059e-01 1.541730e-03 -1.363359e-02 2.152738e-01 -1.518339e-03 9.999974e-01 1.725881e-03 1.715174e-04 1.363621e-02 -1.705018e-03 9.999056e-01 5.818501e-02
9.999320e-01 2.660987e-03 -1.135224e-02 3.334087e-01 -2.652701e-03 9.999963e-01 7.449313e-04 -2.565319e-02 1.135418e-02 -7.147666e-04 9.999353e-01 3.592229e-02
9.999449e-01 2.932755e-03 -1.007801e-02 2.389622e-01 -2.952619e-03 9.999938e-01 -1.956742e-03 -4.110184e-02 1.007221e-02 1.986390e-03 9.999473e-01 6.155320e-02
9.999533e-01 3.097351e-03 -9.159873e-03 7.598068e-02 -3.091326e-03 9.999950e-01 6.718716e-04 -4.301577e-02 9.161909e-03 -6.435240e-04 9.999578e-01 5.484007e-02
9.999312e-01 2.459446e-03 -1.147349e-02 -8.578488e-02 -2.458345e-03 9.999969e-01 1.100005e-04 -2.895971e-02 1.147372e-02 -8.178711e-05 9.999342e-01 9.217659e-02
9.999549e-01 3.779832e-03 -8.715168e-03 -7.338433e-02 -3.756603e-03 9.999894e-01 2.680101e-03 -4.398389e-02 8.725205e-03 -2.647240e-03 9.999585e-01 8.275633e-02
9.999824e-01 3.833345e-03 -4.521892e-03 1.658905e-01 -3.810940e-03 9.999804e-01 4.953083e-03 -6.598557e-02 4.540791e-03 -4.935763e-03 9.999775e-01 9.395047e-02
9.999837e-01 3.448648e-03 -4.543999e-03 1.457548e-01 -3.429143e-03 9.999849e-01 4.293287e-03 -7.723661e-02 4.558736e-03 -4.277635e-03 9.999804e-01 7.432774e-02
9.999946e-01 2.508178e-03 -2.138714e-03 2.819795e-01 -2.503080e-03 9.999939e-01 2.382788e-03 -7.665469e-02 2.144677e-03 -2.377422e-03 9.999949e-01 9.468306e-02
9.999975e-01 1.619158e-03 -1.560210e-03 2.822672e-01 -1.613884e-03 9.999931e-01 3.375592e-03 -5.304635e-02 1.565664e-03 -3.373066e-03 9.999931e-01 1.059587e-01
9.999978e-01 8.870650e-04 -1.888116e-03 4.940763e-01 -8.815279e-04 9.999954e-01 2.931429e-03 -4.055110e-02 1.890707e-03 -2.929758e-03 9.999939e-01 9.733973e-02
9.999930e-01 5.447259e-04 -3.714142e-03 9.045974e-01 -5.299432e-04 9.999919e-01 3.979914e-03 -4.260372e-02 3.716280e-03 -3.977917e-03 9.999852e-01 6.826664e-02
9.999885e-01 6.218097e-04 -4.756799e-03 9.321640e-01 -5.979013e-04 9.999872e-01 5.025944e-03 -3.764702e-02 4.759863e-03 -5.023042e-03 9.999760e-01 2.342886e-02
9.999976e-01 -7.277969e-04 -2.054802e-03 1.086608e+00 7.435809e-04 9.999702e-01 7.691218e-03 -3.193025e-02 2.049142e-03 -7.692727e-03 9.999683e-01 4.642938e-03
9.999954e-01 -2.347422e-03 -1.950491e-03 1.185408e+00 2.366938e-03 9.999466e-01 1.006421e-02 6.469640e-03 1.926762e-03 -1.006878e-02 9.999474e-01 -2.276251e-02
9.999847e-01 -4.477581e-03 -3.240227e-03 1.351640e+00 4.508995e-03 9.999422e-01 9.753516e-03 5.368500e-02 3.196368e-03 -9.767978e-03 9.999472e-01 -7.008465e-03
9.999853e-01 -4.298268e-03 -3.289770e-03 1.950069e+00 4.318009e-03 9.999725e-01 6.017060e-03 2.555791e-02 3.263817e-03 -6.031177e-03 9.999765e-01 -6.865104e-02
9.999910e-01 -4.237731e-03 -1.546550e-04 2.484776e+00 4.238774e-03 9.999628e-01 7.521206e-03 4.621192e-03 1.227764e-04 -7.521793e-03 9.999717e-01 -1.292010e-01
9.999875e-01 -4.983975e-03 -3.786919e-04 3.500440e+00 4.987014e-03 9.999515e-01 8.500889e-03 3.062112e-03 3.363053e-04 -8.502671e-03 9.999638e-01 -1.841099e-01
9.999768e-01 -6.801446e-03 -4.641416e-04 4.634789e+00 6.805236e-03 9.999388e-01 8.720565e-03 2.632527e-02 4.048008e-04 -8.723521e-03 9.999619e-01 -2.411196e-01
9.999554e-01 -8.946009e-03 3.029262e-03 5.751210e+00 8.914966e-03 9.999092e-01 1.011086e-02 2.653617e-02 -3.119439e-03 -1.008341e-02 9.999443e-01 -3.063111e-01
9.999096e-01 -1.121426e-02 7.411171e-03 6.813387e+00 1.111671e-02 9.998528e-01 1.307518e-02 3.123688e-02 -7.556708e-03 -1.299161e-02 9.998870e-01 -3.792811e-01
9.998558e-01 -1.231635e-02 1.169396e-02 7.811588e+00 1.212782e-02 9.997975e-01 1.605806e-02 1.967654e-02 -1.188937e-02 -1.591392e-02 9.998026e-01 -4.737774e-01
9.997949e-01 -1.190036e-02 1.638859e-02 8.833927e+00 1.170012e-02 9.998564e-01 1.226046e-02 2.607008e-02 -1.653214e-02 -1.206620e-02 9.997905e-01 -5.983899e-01
9.997420e-01 -1.237610e-02 1.904576e-02 9.698120e+00 1.213645e-02 9.998465e-01 1.264724e-02 2.929740e-02 -1.919936e-02 -1.241283e-02 9.997386e-01 -6.668110e-01
9.996623e-01 -1.087525e-02 2.359836e-02 1.024682e+01 1.061502e-02 9.998817e-01 1.112484e-02 1.420197e-02 -2.371656e-02 -1.087058e-02 9.996596e-01 -7.595257e-01
9.996130e-01 -1.306948e-02 2.455380e-02 1.092283e+01 1.276330e-02 9.998393e-01 1.258535e-02 3.094640e-02 -2.471433e-02 -1.226709e-02 9.996193e-01 -8.216796e-01
9.994732e-01 -1.393874e-02 2.930987e-02 1.179803e+01 1.352649e-02 9.998074e-01 1.421667e-02 6.198079e-02 -2.950239e-02 -1.381272e-02 9.994693e-01 -9.219093e-01
9.992409e-01 -1.456892e-02 3.612978e-02 1.247358e+01 1.409802e-02 9.998127e-01 1.325426e-02 5.691645e-02 -3.631612e-02 -1.273484e-02 9.992592e-01 -9.745166e-01
9.989666e-01 -1.580022e-02 4.261675e-02 1.324513e+01 1.510253e-02 9.997473e-01 1.664382e-02 3.451556e-02 -4.286896e-02 -1.598300e-02 9.989529e-01 -1.045657e+00
9.986690e-01 -1.762545e-02 4.847157e-02 1.417011e+01 1.695705e-02 9.997559e-01 1.416642e-02 3.000279e-02 -4.870943e-02 -1.332563e-02 9.987241e-01 -1.133705e+00
9.982373e-01 -1.880277e-02 5.629240e-02 1.487546e+01 1.816221e-02 9.997646e-01 1.186916e-02 5.455625e-02 -5.650232e-02 -1.082584e-02 9.983438e-01 -1.222969e+00
9.981983e-01 -1.897784e-02 5.692043e-02 1.557625e+01 1.822758e-02 9.997405e-01 1.367124e-02 4.151924e-02 -5.716511e-02 -1.260908e-02 9.982851e-01 -1.301076e+00
9.977444e-01 -1.959658e-02 6.420241e-02 1.643705e+01 1.898528e-02 9.997685e-01 1.011784e-02 6.725080e-02 -6.438583e-02 -8.876120e-03 9.978856e-01 -1.388386e+00
9.975480e-01 -2.207372e-02 6.641229e-02 1.731781e+01 2.145072e-02 9.997191e-01 1.007934e-02 8.093275e-02 -6.661613e-02 -8.630033e-03 9.977413e-01 -1.446348e+00
9.973025e-01 -2.323062e-02 6.962726e-02 1.821547e+01 2.237308e-02 9.996643e-01 1.307079e-02 5.654274e-02 -6.990752e-02 -1.147776e-02 9.974874e-01 -1.529631e+00
9.972401e-01 -2.326562e-02 7.050541e-02 1.910442e+01 2.198808e-02 9.995807e-01 1.884209e-02 4.001406e-02 -7.091422e-02 -1.723981e-02 9.973334e-01 -1.603753e+00
9.969224e-01 -2.567436e-02 7.407044e-02 1.998656e+01 2.500180e-02 9.996375e-01 9.993038e-03 4.590617e-02 -7.430016e-02 -8.110390e-03 9.972029e-01 -1.645941e+00
9.963076e-01 -2.681720e-02 8.156075e-02 2.081212e+01 2.604676e-02 9.996057e-01 1.049577e-02 3.054908e-02 -8.181004e-02 -8.332619e-03 9.966131e-01 -1.729286e+00
9.956985e-01 -2.804816e-02 8.830513e-02 2.185300e+01 2.726180e-02 9.995774e-01 1.009871e-02 2.486569e-02 -8.855106e-02 -7.647916e-03 9.960423e-01 -1.793193e+00
9.952006e-01 -3.085369e-02 9.286460e-02 2.282403e+01 3.003745e-02 9.994969e-01 1.017489e-02 1.447135e-02 -9.313183e-02 -7.336640e-03 9.956267e-01 -1.863694e+00
9.949165e-01 -3.256492e-02 9.529272e-02 2.392527e+01 3.137570e-02 9.994103e-01 1.395198e-02 1.884977e-02 -9.569086e-02 -1.089118e-02 9.953515e-01 -1.925183e+00
9.946824e-01 -3.551509e-02 9.667320e-02 2.500849e+01 3.439096e-02 9.993203e-01 1.327027e-02 1.961985e-02 -9.707879e-02 -9.875020e-03 9.952277e-01 -1.999500e+00
9.946262e-01 -3.851733e-02 9.609944e-02 2.615744e+01 3.721653e-02 9.991902e-01 1.529257e-02 1.796806e-02 -9.661066e-02 -1.163390e-02 9.952543e-01 -2.060885e+00
9.941840e-01 -4.254746e-02 9.893395e-02 2.730965e+01 4.210259e-02 9.990917e-01 6.581117e-03 5.528618e-02 -9.912409e-02 -2.377466e-03 9.950722e-01 -2.111971e+00
9.937657e-01 -4.710310e-02 1.010495e-01 2.842468e+01 4.659193e-02 9.988866e-01 7.414061e-03 6.856284e-02 -1.012862e-01 -2.659746e-03 9.948538e-01 -2.141763e+00
9.934905e-01 -5.097478e-02 1.018735e-01 2.964771e+01 5.093089e-02 9.986978e-01 3.033553e-03 1.047425e-01 -1.018954e-01 2.174700e-03 9.947928e-01 -2.172885e+00
9.929600e-01 -5.384333e-02 1.055048e-01 3.086073e+01 5.436368e-02 9.985189e-01 -2.060317e-03 1.287537e-01 -1.052376e-01 7.781439e-03 9.944167e-01 -2.185212e+00
9.926572e-01 -5.542299e-02 1.075167e-01 3.233599e+01 5.634990e-02 9.983954e-01 -5.599840e-03 1.912771e-01 -1.070338e-01 1.161727e-02 9.941875e-01 -2.218795e+00
9.925240e-01 -5.999207e-02 1.062875e-01 3.470278e+01 6.084559e-02 9.981357e-01 -4.802954e-03 3.151449e-01 -1.058012e-01 1.123417e-02 9.943238e-01 -2.274020e+00
9.926631e-01 -6.390242e-02 1.026470e-01 3.722526e+01 6.462828e-02 9.979023e-01 -3.758004e-03 4.633665e-01 -1.021916e-01 1.036433e-02 9.947107e-01 -2.317075e+00
9.925092e-01 -6.861111e-02 1.010838e-01 3.986412e+01 6.953021e-02 9.975642e-01 -5.593344e-03 6.048389e-01 -1.004538e-01 1.257982e-02 9.948622e-01 -2.335238e+00
9.919701e-01 -7.378370e-02 1.027193e-01 4.244920e+01 7.470072e-02 9.971927e-01 -5.104158e-03 7.591048e-01 -1.020544e-01 1.273638e-02 9.946973e-01 -2.378457e+00
9.914578e-01 -7.923023e-02 1.036054e-01 4.504474e+01 7.982475e-02 9.968077e-01 -1.598201e-03 9.318572e-01 -1.031480e-01 9.854821e-03 9.946172e-01 -2.413062e+00
9.911739e-01 -8.419488e-02 1.023989e-01 4.757896e+01 8.410011e-02 9.964435e-01 5.250074e-03 1.111930e+00 -1.024768e-01 3.408025e-03 9.947296e-01 -2.456995e+00
9.906387e-01 -9.056794e-02 1.021397e-01 5.015735e+01 9.046669e-02 9.958837e-01 5.632672e-03 1.314331e+00 -1.022294e-01 3.660298e-03 9.947541e-01 -2.518565e+00
9.897103e-01 -9.743927e-02 1.047810e-01 5.270200e+01 9.763479e-02 9.952168e-01 3.274020e-03 1.521594e+00 -1.045989e-01 6.989942e-03 9.944899e-01 -2.561620e+00
9.887794e-01 -1.039380e-01 1.072953e-01 5.525744e+01 1.040032e-01 9.945643e-01 5.002966e-03 1.760098e+00 -1.072320e-01 6.212222e-03 9.942146e-01 -2.642239e+00
9.880992e-01 -1.102445e-01 1.072668e-01 5.782048e+01 1.102008e-01 9.938892e-01 6.352840e-03 2.012283e+00 -1.073117e-01 5.543654e-03 9.942100e-01 -2.689512e+00
9.878544e-01 -1.150646e-01 1.044214e-01 6.036437e+01 1.146972e-01 9.933546e-01 9.536477e-03 2.276019e+00 -1.048248e-01 2.556187e-03 9.944874e-01 -2.765699e+00
9.873841e-01 -1.199695e-01 1.033438e-01 6.289508e+01 1.197788e-01 9.927677e-01 8.071601e-03 2.551266e+00 -1.035648e-01 4.408629e-03 9.946129e-01 -2.823034e+00
9.869739e-01 -1.239958e-01 1.025061e-01 6.542735e+01 1.236786e-01 9.922773e-01 9.469218e-03 2.829476e+00 -1.028886e-01 3.331935e-03 9.946873e-01 -2.906254e+00
9.866685e-01 -1.282985e-01 1.001243e-01 6.794392e+01 1.282332e-01 9.917185e-01 7.114772e-03 3.126738e+00 -1.002080e-01 5.819339e-03 9.949495e-01 -2.965251e+00
9.860948e-01 -1.323587e-01 1.004899e-01 7.046876e+01 1.321292e-01 9.911921e-01 8.965126e-03 3.435796e+00 -1.007914e-01 4.437186e-03 9.948977e-01 -3.040893e+00
9.856107e-01 -1.370102e-01 9.899358e-02 7.299270e+01 1.365944e-01 9.905659e-01 1.099825e-02 3.764107e+00 -9.956655e-02 2.681981e-03 9.950273e-01 -3.110328e+00
9.851555e-01 -1.409177e-01 9.803452e-02 7.552974e+01 1.402144e-01 9.900212e-01 1.406205e-02 4.087234e+00 -9.903786e-02 -1.074616e-04 9.950837e-01 -3.171408e+00
9.846366e-01 -1.438645e-01 9.896353e-02 7.804910e+01 1.431589e-01 9.895974e-01 1.423197e-02 4.420084e+00 -9.998153e-02 1.541902e-04 9.949893e-01 -3.263268e+00
9.840045e-01 -1.475797e-01 9.977671e-02 8.053745e+01 1.465966e-01 9.890475e-01 1.715411e-02 4.761762e+00 -1.012155e-01 -2.252792e-03 9.948620e-01 -3.354877e+00
9.839966e-01 -1.489812e-01 9.775122e-02 8.309550e+01 1.481044e-01 9.888389e-01 1.620605e-02 5.110530e+00 -9.907460e-02 -1.469308e-03 9.950789e-01 -3.437240e+00
9.835825e-01 -1.515041e-01 9.804038e-02 8.560623e+01 1.510853e-01 9.884511e-01 1.172603e-02 5.467996e+00 -9.868468e-02 3.278935e-03 9.951134e-01 -3.537863e+00
9.833774e-01 -1.531311e-01 9.756935e-02 8.811028e+01 1.524651e-01 9.882056e-01 1.428947e-02 5.827213e+00 -9.860674e-02 8.239793e-04 9.951261e-01 -3.641189e+00
9.826217e-01 -1.558689e-01 1.007946e-01 9.057044e+01 1.548884e-01 9.877764e-01 1.752962e-02 6.185453e+00 -1.022949e-01 -1.613058e-03 9.947528e-01 -3.708534e+00
9.824178e-01 -1.585898e-01 9.851122e-02 9.303455e+01 1.577729e-01 9.873446e-01 1.607751e-02 6.545333e+00 -9.981424e-02 -2.524359e-04 9.950061e-01 -3.782060e+00
9.813270e-01 -1.623454e-01 1.031566e-01 9.551769e+01 1.616569e-01 9.867321e-01 1.505634e-02 6.915377e+00 -1.042322e-01 1.900778e-03 9.945512e-01 -3.871971e+00
9.807550e-01 -1.654739e-01 1.036249e-01 9.803433e+01 1.648735e-01 9.862098e-01 1.439318e-02 7.307459e+00 -1.045776e-01 2.968812e-03 9.945123e-01 -3.955482e+00
9.801973e-01 -1.684590e-01 1.040902e-01 1.004521e+02 1.674614e-01 9.857085e-01 1.831371e-02 7.694908e+00 -1.056878e-01 -5.199602e-04 9.943992e-01 -4.050211e+00
9.797868e-01 -1.698632e-01 1.056619e-01 1.029560e+02 1.685427e-01 9.854628e-01 2.136877e-02 8.087554e+00 -1.077556e-01 -3.128292e-03 9.941725e-01 -4.131542e+00
9.799626e-01 -1.718110e-01 1.007682e-01 1.053988e+02 1.704771e-01 9.851213e-01 2.176722e-02 8.484463e+00 -1.030087e-01 -4.152401e-03 9.946718e-01 -4.223083e+00
9.792022e-01 -1.729304e-01 1.061046e-01 1.079078e+02 1.718530e-01 9.849339e-01 1.928418e-02 8.896881e+00 -1.078408e-01 -6.487146e-04 9.941680e-01 -4.327801e+00
9.789965e-01 -1.733692e-01 1.072803e-01 1.103375e+02 1.723287e-01 9.848568e-01 1.896615e-02 9.294337e+00 -1.089438e-01 -8.032471e-05 9.940479e-01 -4.453998e+00
9.788256e-01 -1.746233e-01 1.068045e-01 1.127435e+02 1.742235e-01 9.846187e-01 1.313519e-02 9.709221e+00 -1.074554e-01 5.750789e-03 9.941933e-01 -4.494080e+00
9.784967e-01 -1.760038e-01 1.075499e-01 1.151233e+02 1.754781e-01 9.843779e-01 1.440755e-02 1.011099e+01 -1.084056e-01 4.774917e-03 9.940953e-01 -4.578290e+00
9.778194e-01 -1.778199e-01 1.106769e-01 1.176592e+02 1.775026e-01 9.840372e-01 1.279338e-02 1.054634e+01 -1.111851e-01 7.135822e-03 9.937741e-01 -4.661935e+00
9.769031e-01 -1.801644e-01 1.148963e-01 1.200654e+02 1.797386e-01 9.836128e-01 1.414129e-02 1.096224e+01 -1.155612e-01 6.836621e-03 9.932768e-01 -4.709042e+00
9.758058e-01 -1.835025e-01 1.188697e-01 1.223385e+02 1.824124e-01 9.830170e-01 2.008066e-02 1.136162e+01 -1.205358e-01 2.088485e-03 9.927068e-01 -4.797215e+00
9.750007e-01 -1.861554e-01 1.213251e-01 1.246554e+02 1.864013e-01 9.824286e-01 9.421131e-03 1.178113e+01 -1.209471e-01 1.342955e-02 9.925681e-01 -4.868482e+00
9.741077e-01 -1.889926e-01 1.240802e-01 1.268369e+02 1.909366e-01 9.815947e-01 -3.857608e-03 1.218717e+01 -1.210674e-01 2.744917e-02 9.922647e-01 -4.926953e+00
9.736705e-01 -1.897078e-01 1.263988e-01 1.288846e+02 1.907591e-01 9.816293e-01 3.847245e-03 1.255772e+01 -1.248066e-01 2.036577e-02 9.919720e-01 -4.946773e+00
9.734851e-01 -1.910363e-01 1.258252e-01 1.302708e+02 1.910777e-01 9.815034e-01 1.185313e-02 1.279894e+01 -1.257622e-01 1.250355e-02 9.919816e-01 -5.013388e+00
9.726075e-01 -1.931318e-01 1.293628e-01 1.317433e+02 1.930317e-01 9.811004e-01 1.343244e-02 1.305706e+01 -1.295121e-01 1.190663e-02 9.915063e-01 -5.075418e+00
9.717996e-01 -1.961906e-01 1.308234e-01 1.331185e+02 1.960869e-01 9.804895e-01 1.380169e-02 1.329905e+01 -1.309787e-01 1.224028e-02 9.913096e-01 -5.113826e+00
9.707651e-01 -1.996914e-01 1.331856e-01 1.344160e+02 2.004082e-01 9.796788e-01 8.140028e-03 1.354034e+01 -1.321046e-01 1.878943e-02 9.910577e-01 -5.137352e+00
9.693826e-01 -2.029614e-01 1.382169e-01 1.357124e+02 2.033982e-01 9.790330e-01 1.110739e-02 1.378726e+01 -1.375733e-01 1.734576e-02 9.903397e-01 -5.197397e+00
9.688714e-01 -2.054632e-01 1.381056e-01 1.369399e+02 2.060508e-01 9.784883e-01 1.018505e-02 1.402162e+01 -1.372273e-01 1.858875e-02 9.903651e-01 -5.218235e+00
9.680734e-01 -2.088284e-01 1.386529e-01 1.381156e+02 2.091016e-01 9.778107e-01 1.275856e-02 1.424668e+01 -1.382407e-01 1.664132e-02 9.902589e-01 -5.265927e+00
9.671404e-01 -2.131422e-01 1.385996e-01 1.392685e+02 2.136595e-01 9.768428e-01 1.131053e-02 1.448523e+01 -1.378008e-01 1.867425e-02 9.902839e-01 -5.288444e+00
9.663695e-01 -2.157042e-01 1.400063e-01 1.403098e+02 2.159356e-01 9.763113e-01 1.371963e-02 1.468391e+01 -1.396491e-01 1.697413e-02 9.900556e-01 -5.361974e+00
9.651666e-01 -2.192395e-01 1.427851e-01 1.413680e+02 2.200305e-01 9.754374e-01 1.042319e-02 1.490912e+01 -1.415631e-01 2.135697e-02 9.896988e-01 -5.394161e+00
9.642480e-01 -2.219050e-01 1.448582e-01 1.424315e+02 2.218825e-01 9.749334e-01 1.651847e-02 1.513484e+01 -1.448927e-01 1.621361e-02 9.893145e-01 -5.440732e+00
9.641859e-01 -2.227998e-01 1.438951e-01 1.433396e+02 2.225125e-01 9.747581e-01 1.829460e-02 1.534330e+01 -1.443390e-01 1.437907e-02 9.894238e-01 -5.486346e+00
9.645280e-01 -2.227239e-01 1.417034e-01 1.441405e+02 2.223640e-01 9.747869e-01 1.857405e-02 1.552303e+01 -1.422675e-01 1.359455e-02 9.897349e-01 -5.519883e+00
9.649115e-01 -2.214963e-01 1.410147e-01 1.449834e+02 2.209500e-01 9.750857e-01 1.971906e-02 1.571249e+01 -1.418692e-01 1.213006e-02 9.898111e-01 -5.571192e+00
9.652303e-01 -2.222210e-01 1.376524e-01 1.458299e+02 2.217905e-01 9.749159e-01 1.865464e-02 1.590021e+01 -1.383450e-01 1.252398e-02 9.903049e-01 -5.604577e+00
9.657934e-01 -2.202354e-01 1.368926e-01 1.465153e+02 2.202148e-01 9.753286e-01 1.548568e-02 1.605286e+01 -1.369257e-01 1.518980e-02 9.904649e-01 -5.626621e+00
9.658676e-01 -2.203419e-01 1.361954e-01 1.472390e+02 2.198490e-01 9.753519e-01 1.884000e-02 1.621138e+01 -1.369897e-01 1.174546e-02 9.905028e-01 -5.653318e+00
9.659991e-01 -2.183101e-01 1.385155e-01 1.478955e+02 2.186743e-01 9.757143e-01 1.277196e-02 1.635331e+01 -1.379398e-01 1.795207e-02 9.902779e-01 -5.679113e+00
9.660090e-01 -2.178003e-01 1.392470e-01 1.485060e+02 2.175089e-01 9.759015e-01 1.749446e-02 1.647372e+01 -1.397016e-01 1.338766e-02 9.901031e-01 -5.710287e+00
9.664738e-01 -2.169765e-01 1.372940e-01 1.490469e+02 2.172322e-01 9.760293e-01 1.330126e-02 1.658084e+01 -1.368890e-01 1.696936e-02 9.904410e-01 -5.738254e+00
9.667125e-01 -2.148556e-01 1.389389e-01 1.496838e+02 2.144153e-01 9.765708e-01 1.830915e-02 1.670878e+01 -1.396176e-01 1.209095e-02 9.901317e-01 -5.759154e+00
9.672508e-01 -2.132025e-01 1.377335e-01 1.501301e+02 2.128578e-01 9.769282e-01 1.740061e-02 1.677230e+01 -1.382656e-01 1.248689e-02 9.903165e-01 -5.758868e+00
9.668666e-01 -2.126412e-01 1.412542e-01 1.505590e+02 2.121229e-01 9.770603e-01 1.889268e-02 1.683334e+01 -1.420313e-01 1.169655e-02 9.897931e-01 -5.809120e+00
9.669873e-01 -2.124448e-01 1.407228e-01 1.508857e+02 2.121546e-01 9.770839e-01 1.723704e-02 1.687454e+01 -1.411599e-01 1.318697e-02 9.898990e-01 -5.791493e+00
9.666170e-01 -2.118069e-01 1.441849e-01 1.512739e+02 2.110182e-01 9.772582e-01 2.091915e-02 1.692298e+01 -1.453367e-01 1.020483e-02 9.893296e-01 -5.837213e+00
9.669575e-01 -2.110080e-01 1.430694e-01 1.517153e+02 2.100527e-01 9.774443e-01 2.192314e-02 1.699322e+01 -1.444683e-01 8.853372e-03 9.894698e-01 -5.867354e+00
9.664542e-01 -2.107137e-01 1.468536e-01 1.519785e+02 2.103082e-01 9.774607e-01 1.846167e-02 1.701700e+01 -1.474338e-01 1.304215e-02 9.889860e-01 -5.877801e+00
9.666321e-01 -2.095448e-01 1.473542e-01 1.521447e+02 2.087510e-01 9.777430e-01 2.100771e-02 1.700667e+01 -1.484767e-01 1.045363e-02 9.888607e-01 -5.880750e+00
9.663038e-01 -2.120246e-01 1.459538e-01 1.524344e+02 2.114647e-01 9.771906e-01 1.952200e-02 1.705740e+01 -1.467639e-01 1.199991e-02 9.890988e-01 -5.886294e+00
9.662943e-01 -2.111569e-01 1.472685e-01 1.525265e+02 2.104834e-01 9.773861e-01 2.032331e-02 1.703427e+01 -1.482296e-01 1.135927e-02 9.888877e-01 -5.868529e+00
9.662719e-01 -2.130802e-01 1.446214e-01 1.526092e+02 2.126630e-01 9.769502e-01 1.852045e-02 1.702499e+01 -1.452342e-01 1.285981e-02 9.893137e-01 -5.861135e+00
9.661163e-01 -2.122275e-01 1.468971e-01 1.525068e+02 2.119752e-01 9.771173e-01 1.755274e-02 1.696045e+01 -1.472609e-01 1.418054e-02 9.889960e-01 -5.858244e+00
9.662065e-01 -2.129661e-01 1.452256e-01 1.523084e+02 2.128865e-01 9.769413e-01 1.627174e-02 1.689894e+01 -1.453422e-01 1.519470e-02 9.892648e-01 -5.819680e+00
9.670790e-01 -2.105769e-01 1.428830e-01 1.521445e+02 2.106653e-01 9.774481e-01 1.468306e-02 1.680658e+01 -1.427526e-01 1.590081e-02 9.896307e-01 -5.822842e+00
9.668339e-01 -2.095910e-01 1.459582e-01 1.523752e+02 2.098941e-01 9.776310e-01 1.349700e-02 1.684532e+01 -1.455221e-01 1.758641e-02 9.891987e-01 -5.823160e+00
9.672650e-01 -2.100608e-01 1.423832e-01 1.523991e+02 2.100109e-01 9.775755e-01 1.555052e-02 1.681602e+01 -1.424569e-01 1.486055e-02 9.896895e-01 -5.806609e+00
9.672942e-01 -2.081227e-01 1.450065e-01 1.523851e+02 2.077885e-01 9.780151e-01 1.761697e-02 1.676425e+01 -1.454851e-01 1.308989e-02 9.892738e-01 -5.781428e+00
9.670582e-01 -2.102833e-01 1.434554e-01 1.522473e+02 2.098942e-01 9.775581e-01 1.801464e-02 1.671553e+01 -1.440242e-01 1.268924e-02 9.894928e-01 -5.773642e+00
9.673536e-01 -2.079990e-01 1.447871e-01 1.521441e+02 2.083263e-01 9.779720e-01 1.306765e-02 1.664464e+01 -1.443159e-01 1.752193e-02 9.893765e-01 -5.776947e+00
9.680244e-01 -2.059572e-01 1.432144e-01 1.519576e+02 2.055603e-01 9.784838e-01 1.772473e-02 1.654869e+01 -1.437835e-01 1.228123e-02 9.895329e-01 -5.789051e+00
9.677598e-01 -2.078512e-01 1.422633e-01 1.519251e+02 2.078157e-01 9.780487e-01 1.527348e-02 1.651522e+01 -1.423150e-01 1.478349e-02 9.897110e-01 -5.789324e+00
9.672014e-01 -2.118971e-01 1.400755e-01 1.517711e+02 2.116081e-01 9.772044e-01 1.712778e-02 1.647186e+01 -1.405118e-01 1.307511e-02 9.899927e-01 -5.765941e+00
9.669152e-01 -2.117895e-01 1.421971e-01 1.515823e+02 2.108361e-01 9.772757e-01 2.191436e-02 1.635988e+01 -1.436071e-01 8.790955e-03 9.895958e-01 -5.806190e+00
9.661672e-01 -2.129149e-01 1.455614e-01 1.515686e+02 2.123137e-01 9.770004e-01 1.983564e-02 1.632580e+01 -1.464368e-01 1.174013e-02 9.891503e-01 -5.807145e+00
9.651985e-01 -2.197812e-01 1.417328e-01 1.515172e+02 2.193966e-01 9.754597e-01 1.853147e-02 1.630267e+01 -1.423275e-01 1.320915e-02 9.897315e-01 -5.799167e+00
9.624003e-01 -2.313382e-01 1.423666e-01 1.515327e+02 2.311590e-01 9.727490e-01 1.802749e-02 1.635741e+01 -1.426574e-01 1.555966e-02 9.896498e-01 -5.800355e+00
9.601976e-01 -2.435794e-01 1.367105e-01 1.515320e+02 2.438041e-01 9.697030e-01 1.535749e-02 1.654898e+01 -1.363094e-01 1.858436e-02 9.904920e-01 -5.765344e+00
9.590496e-01 -2.507700e-01 1.316745e-01 1.514973e+02 2.515743e-01 9.677781e-01 1.076534e-02 1.660724e+01 -1.301314e-01 2.280143e-02 9.912345e-01 -5.719633e+00
9.583894e-01 -2.540908e-01 1.301061e-01 1.514312e+02 2.545870e-01 9.669614e-01 1.308567e-02 1.662278e+01 -1.291325e-01 2.058215e-02 9.914137e-01 -5.714581e+00
9.572952e-01 -2.580409e-01 1.303873e-01 1.514088e+02 2.578623e-01 9.660038e-01 1.854592e-02 1.663219e+01 -1.307402e-01 1.586804e-02 9.912897e-01 -5.720661e+00
9.566801e-01 -2.614967e-01 1.279950e-01 1.513458e+02 2.618157e-01 9.650069e-01 1.462795e-02 1.670848e+01 -1.273412e-01 1.951682e-02 9.916669e-01 -5.704440e+00
9.544380e-01 -2.596612e-01 1.470513e-01 1.511912e+02 2.586122e-01 9.656163e-01 2.654722e-02 1.665423e+01 -1.488884e-01 1.269158e-02 9.887726e-01 -5.758682e+00
9.551778e-01 -2.596799e-01 1.421328e-01 1.510851e+02 2.606119e-01 9.653646e-01 1.234870e-02 1.670090e+01 -1.404167e-01 2.524630e-02 9.897706e-01 -5.715400e+00
9.529217e-01 -2.616946e-01 1.531543e-01 1.511546e+02 2.632643e-01 9.646688e-01 1.030602e-02 1.682275e+01 -1.504402e-01 3.049922e-02 9.881486e-01 -5.801552e+00
9.548591e-01 -2.550131e-01 1.523565e-01 1.513146e+02 2.556480e-01 9.666417e-01 1.574231e-02 1.688460e+01 -1.512886e-01 2.391795e-02 9.882002e-01 -5.788175e+00
9.552569e-01 -2.511114e-01 1.562924e-01 1.515658e+02 2.528263e-01 9.674685e-01 9.138304e-03 1.684026e+01 -1.535027e-01 3.078540e-02 9.876686e-01 -5.875834e+00
9.549218e-01 -2.513612e-01 1.579298e-01 1.516387e+02 2.546500e-01 9.670331e-01 -6.096363e-04 1.688566e+01 -1.525701e-01 4.079898e-02 9.874501e-01 -5.886474e+00
9.617328e-01 -2.165776e-01 1.678218e-01 1.520735e+02 2.178917e-01 9.759135e-01 1.077012e-02 1.693739e+01 -1.661122e-01 2.620901e-02 9.857585e-01 -5.977277e+00
9.684716e-01 -2.151106e-01 1.256590e-01 1.522956e+02 2.146705e-01 9.765352e-01 1.719517e-02 1.696699e+01 -1.264093e-01 1.032224e-02 9.919245e-01 -5.846364e+00
9.682937e-01 -2.142339e-01 1.284954e-01 1.523985e+02 2.136327e-01 9.767368e-01 1.860672e-02 1.699138e+01 -1.294924e-01 9.434048e-03 9.915355e-01 -5.842672e+00
9.655415e-01 -2.126261e-01 1.500656e-01 1.526518e+02 2.125867e-01 9.770031e-01 1.649301e-02 1.707748e+01 -1.501214e-01 1.597726e-02 9.885384e-01 -5.837919e+00
9.653372e-01 -2.134467e-01 1.502150e-01 1.529440e+02 2.137638e-01 9.767818e-01 1.422396e-02 1.716672e+01 -1.497633e-01 1.837962e-02 9.885510e-01 -5.840001e+00
9.646097e-01 -2.130059e-01 1.554235e-01 1.531653e+02 2.134780e-01 9.768498e-01 1.384505e-02 1.723974e+01 -1.547745e-01 1.982442e-02 9.877509e-01 -5.769038e+00
9.654395e-01 -2.096402e-01 1.548470e-01 1.535587e+02 2.106784e-01 9.775058e-01 9.863015e-03 1.725896e+01 -1.534315e-01 2.310077e-02 9.878892e-01 -5.808891e+00
9.660718e-01 -2.056696e-01 1.562221e-01 1.541253e+02 2.067427e-01 9.783490e-01 9.526916e-03 1.730840e+01 -1.547991e-01 2.309410e-02 9.876760e-01 -5.794941e+00
9.662100e-01 -2.033882e-01 1.583399e-01 1.546247e+02 2.047785e-01 9.787785e-01 7.660344e-03 1.734691e+01 -1.565377e-01 2.502310e-02 9.873549e-01 -5.799321e+00
9.662418e-01 -2.032596e-01 1.583110e-01 1.551334e+02 2.038356e-01 9.789219e-01 1.276474e-02 1.739573e+01 -1.575687e-01 1.993560e-02 9.873068e-01 -5.823536e+00
9.664893e-01 -2.005645e-01 1.602257e-01 1.556558e+02 2.011802e-01 9.794739e-01 1.254007e-02 1.743885e+01 -1.594520e-01 2.011440e-02 9.870008e-01 -5.825125e+00
9.664739e-01 -2.006490e-01 1.602129e-01 1.563257e+02 2.016588e-01 9.794037e-01 1.010163e-02 1.748954e+01 -1.589400e-01 2.254538e-02 9.870308e-01 -5.854819e+00
9.666997e-01 -1.996676e-01 1.600764e-01 1.568875e+02 2.007274e-01 9.795991e-01 9.689704e-03 1.754208e+01 -1.587454e-01 2.276468e-02 9.870571e-01 -5.847172e+00
9.661776e-01 -1.998053e-01 1.630299e-01 1.574498e+02 2.009009e-01 9.795614e-01 9.910585e-03 1.760583e+01 -1.616780e-01 2.317746e-02 9.865714e-01 -5.869168e+00
9.663162e-01 -1.988847e-01 1.633336e-01 1.580493e+02 1.993428e-01 9.798335e-01 1.374878e-02 1.765643e+01 -1.627741e-01 1.927371e-02 9.864751e-01 -5.864980e+00
9.664238e-01 -1.984573e-01 1.632169e-01 1.585209e+02 1.997311e-01 9.798117e-01 8.735918e-03 1.769638e+01 -1.616555e-01 2.415689e-02 9.865515e-01 -5.861294e+00
9.652892e-01 -2.008682e-01 1.669394e-01 1.591733e+02 2.018232e-01 9.793557e-01 1.140309e-02 1.781044e+01 -1.657836e-01 2.268497e-02 9.859012e-01 -5.909672e+00
9.636055e-01 -2.055909e-01 1.708710e-01 1.601463e+02 2.064050e-01 9.783779e-01 1.318321e-02 1.798647e+01 -1.698868e-01 2.256523e-02 9.852052e-01 -5.922300e+00
9.631363e-01 -2.047673e-01 1.744674e-01 1.613935e+02 2.059021e-01 9.785019e-01 1.176960e-02 1.820687e+01 -1.731267e-01 2.458748e-02 9.845926e-01 -5.921426e+00
9.634210e-01 -2.013057e-01 1.769068e-01 1.627631e+02 2.023906e-01 9.792304e-01 1.208205e-02 1.844260e+01 -1.756647e-01 2.416416e-02 9.841534e-01 -5.939262e+00
9.640347e-01 -1.965090e-01 1.789451e-01 1.641369e+02 1.986068e-01 9.800591e-01 6.295488e-03 1.866521e+01 -1.766139e-01 2.947066e-02 9.838389e-01 -5.932259e+00
9.627671e-01 -2.024761e-01 1.791171e-01 1.658492e+02 2.038227e-01 9.789455e-01 1.105035e-02 1.900450e+01 -1.775833e-01 2.586920e-02 9.837657e-01 -5.978004e+00
9.617253e-01 -2.073957e-01 1.790852e-01 1.678046e+02 2.088361e-01 9.778891e-01 1.098364e-02 1.943275e+01 -1.774034e-01 2.683621e-02 9.837723e-01 -6.032264e+00
9.604866e-01 -2.132353e-01 1.788749e-01 1.700805e+02 2.138360e-01 9.767361e-01 1.614552e-02 1.991339e+01 -1.781564e-01 2.274235e-02 9.837393e-01 -6.095515e+00
9.598022e-01 -2.185055e-01 1.761681e-01 1.724959e+02 2.187705e-01 9.756073e-01 1.815957e-02 2.043948e+01 -1.758388e-01 2.111078e-02 9.841926e-01 -6.168029e+00
9.578281e-01 -2.241331e-01 1.798044e-01 1.749999e+02 2.244677e-01 9.743011e-01 1.875146e-02 2.096947e+01 -1.793865e-01 2.239962e-02 9.835237e-01 -6.264116e+00
9.564533e-01 -2.287333e-01 1.813232e-01 1.775603e+02 2.291125e-01 9.732119e-01 1.914017e-02 2.152310e+01 -1.808439e-01 2.323674e-02 9.832373e-01 -6.354701e+00
9.544314e-01 -2.350196e-01 1.839195e-01 1.800722e+02 2.357011e-01 9.716501e-01 1.846625e-02 2.209065e+01 -1.830454e-01 2.572527e-02 9.827678e-01 -6.456834e+00
9.530012e-01 -2.404161e-01 1.843606e-01 1.825769e+02 2.412062e-01 9.702982e-01 1.847230e-02 2.267669e+01 -1.833257e-01 2.686477e-02 9.826851e-01 -6.531603e+00
9.521933e-01 -2.450451e-01 1.824303e-01 1.850812e+02 2.451820e-01 9.692237e-01 2.216118e-02 2.326283e+01 -1.822462e-01 2.362690e-02 9.829690e-01 -6.629595e+00
9.519837e-01 -2.487334e-01 1.784902e-01 1.875593e+02 2.481942e-01 9.683691e-01 2.570966e-02 2.386483e+01 -1.792392e-01 1.982505e-02 9.836057e-01 -6.739925e+00
9.512252e-01 -2.526013e-01 1.770967e-01 1.900295e+02 2.529113e-01 9.672570e-01 2.120209e-02 2.449076e+01 -1.766537e-01 2.462180e-02 9.839650e-01 -6.816041e+00
9.502258e-01 -2.563753e-01 1.770387e-01 1.924784e+02 2.567755e-01 9.662420e-01 2.104539e-02 2.511109e+01 -1.764578e-01 2.546133e-02 9.839789e-01 -6.892153e+00
9.493423e-01 -2.595253e-01 1.771889e-01 1.949553e+02 2.592749e-01 9.654804e-01 2.497885e-02 2.572956e+01 -1.775551e-01 2.222716e-02 9.838598e-01 -7.027685e+00
9.487304e-01 -2.622156e-01 1.765037e-01 1.974323e+02 2.618960e-01 9.647584e-01 2.552931e-02 2.637773e+01 -1.769777e-01 2.200520e-02 9.839689e-01 -7.117304e+00
9.472755e-01 -2.657375e-01 1.790326e-01 1.998894e+02 2.652051e-01 9.638039e-01 2.735056e-02 2.702706e+01 -1.798204e-01 2.157185e-02 9.834629e-01 -7.197369e+00
9.474086e-01 -2.679869e-01 1.749287e-01 2.023701e+02 2.674037e-01 9.631965e-01 2.734504e-02 2.768358e+01 -1.758188e-01 2.086965e-02 9.842013e-01 -7.287160e+00
9.462028e-01 -2.706732e-01 1.773030e-01 2.048641e+02 2.706542e-01 9.623581e-01 2.476452e-02 2.834427e+01 -1.773320e-01 2.455555e-02 9.838447e-01 -7.421426e+00
9.452153e-01 -2.737392e-01 1.778618e-01 2.073207e+02 2.734435e-01 9.615184e-01 2.666316e-02 2.901994e+01 -1.783161e-01 2.343270e-02 9.836942e-01 -7.516020e+00
9.442062e-01 -2.760825e-01 1.795913e-01 2.097822e+02 2.754505e-01 9.608791e-01 2.895369e-02 2.969556e+01 -1.805591e-01 2.213026e-02 9.833151e-01 -7.628181e+00
9.438180e-01 -2.789454e-01 1.771921e-01 2.122488e+02 2.779474e-01 9.600978e-01 3.094472e-02 3.038127e+01 -1.787536e-01 2.004391e-02 9.836897e-01 -7.717072e+00
9.432094e-01 -2.815049e-01 1.763834e-01 2.146910e+02 2.813727e-01 9.592384e-01 2.628906e-02 3.106713e+01 -1.765942e-01 2.483339e-02 9.839704e-01 -7.823746e+00
9.417282e-01 -2.842058e-01 1.799305e-01 2.171501e+02 2.834323e-01 9.585055e-01 3.054871e-02 3.175811e+01 -1.811465e-01 2.222952e-02 9.832048e-01 -7.964777e+00
9.413732e-01 -2.872708e-01 1.768957e-01 2.195907e+02 2.869341e-01 9.575398e-01 2.804560e-02 3.246571e+01 -1.774413e-01 2.435603e-02 9.838299e-01 -8.049788e+00
9.396531e-01 -2.904969e-01 1.807307e-01 2.220063e+02 2.901500e-01 9.565433e-01 2.895138e-02 3.316717e+01 -1.812870e-01 2.523476e-02 9.831064e-01 -8.161851e+00
9.395763e-01 -2.933027e-01 1.765503e-01 2.241246e+02 2.925008e-01 9.557577e-01 3.115026e-02 3.378766e+01 -1.778758e-01 2.237305e-02 9.837986e-01 -8.254465e+00
9.387433e-01 -2.959226e-01 1.766094e-01 2.259630e+02 2.956077e-01 9.548779e-01 2.870901e-02 3.432498e+01 -1.771360e-01 2.525668e-02 9.838622e-01 -8.328918e+00
9.381872e-01 -2.973681e-01 1.771354e-01 2.276029e+02 2.958970e-01 9.545677e-01 3.529061e-02 3.478151e+01 -1.795820e-01 1.930465e-02 9.835536e-01 -8.434179e+00
9.375139e-01 -3.004234e-01 1.755375e-01 2.294198e+02 2.987627e-01 9.536309e-01 3.645279e-02 3.532190e+01 -1.783493e-01 1.826907e-02 9.837976e-01 -8.536664e+00
9.361205e-01 -3.039903e-01 1.768287e-01 2.310876e+02 3.020545e-01 9.525156e-01 3.843328e-02 3.581424e+01 -1.801154e-01 1.743371e-02 9.834910e-01 -8.620754e+00
9.354274e-01 -3.068738e-01 1.755111e-01 2.326631e+02 3.056934e-01 9.515080e-01 3.440800e-02 3.628742e+01 -1.775591e-01 2.146639e-02 9.838760e-01 -8.681030e+00
9.347619e-01 -3.098364e-01 1.738434e-01 2.342893e+02 3.081964e-01 9.506012e-01 3.704829e-02 3.678055e+01 -1.767346e-01 1.894656e-02 9.840761e-01 -8.748243e+00
9.344329e-01 -3.118687e-01 1.719685e-01 2.358827e+02 3.097859e-01 9.499847e-01 3.952096e-02 3.725942e+01 -1.756928e-01 1.634374e-02 9.843094e-01 -8.843064e+00
9.339559e-01 -3.142508e-01 1.702140e-01 2.374931e+02 3.121766e-01 9.492015e-01 3.952784e-02 3.776286e+01 -1.739890e-01 1.621955e-02 9.846140e-01 -8.926988e+00
9.336004e-01 -3.162668e-01 1.684209e-01 2.390999e+02 3.135646e-01 9.485873e-01 4.312202e-02 3.826213e+01 -1.734000e-01 1.255210e-02 9.847715e-01 -9.028240e+00
9.335930e-01 -3.181423e-01 1.648923e-01 2.406856e+02 3.152152e-01 9.479839e-01 4.433819e-02 3.875972e+01 -1.704211e-01 1.058274e-02 9.853145e-01 -9.107782e+00
9.330480e-01 -3.203371e-01 1.637240e-01 2.423034e+02 3.180701e-01 9.471974e-01 4.060405e-02 3.927244e+01 -1.680860e-01 1.419018e-02 9.856702e-01 -9.205415e+00
9.322344e-01 -3.223937e-01 1.643208e-01 2.438678e+02 3.205630e-01 9.464533e-01 3.828300e-02 3.977644e+01 -1.678642e-01 1.698645e-02 9.856638e-01 -9.293174e+00
9.315733e-01 -3.243915e-01 1.641381e-01 2.452842e+02 3.222240e-01 9.458003e-01 4.041858e-02 4.022722e+01 -1.683533e-01 1.523636e-02 9.856089e-01 -9.393077e+00
9.309480e-01 -3.264921e-01 1.635200e-01 2.467166e+02 3.242871e-01 9.450798e-01 4.076988e-02 4.069319e+01 -1.678505e-01 1.507279e-02 9.856972e-01 -9.471237e+00
9.303880e-01 -3.277307e-01 1.642279e-01 2.481189e+02 3.254736e-01 9.446509e-01 4.124966e-02 4.114502e+01 -1.686569e-01 1.507367e-02 9.855596e-01 -9.549939e+00
9.301325e-01 -3.292069e-01 1.627155e-01 2.495371e+02 3.269145e-01 9.441444e-01 4.145323e-02 4.160262e+01 -1.672736e-01 1.463705e-02 9.858019e-01 -9.648405e+00
9.294891e-01 -3.304494e-01 1.638697e-01 2.508602e+02 3.280519e-01 9.437131e-01 4.228207e-02 4.201669e+01 -1.686181e-01 1.445706e-02 9.855754e-01 -9.739479e+00
9.292837e-01 -3.317509e-01 1.623981e-01 2.521889e+02 3.291761e-01 9.432745e-01 4.331440e-02 4.246076e+01 -1.675556e-01 1.320622e-02 9.857742e-01 -9.822350e+00
9.289851e-01 -3.327684e-01 1.620244e-01 2.535274e+02 3.301894e-01 9.429164e-01 4.339916e-02 4.289497e+01 -1.672173e-01 1.318157e-02 9.858319e-01 -9.897271e+00
9.288046e-01 -3.338609e-01 1.608067e-01 2.548069e+02 3.318073e-01 9.424874e-01 4.026888e-02 4.331047e+01 -1.650025e-01 1.595493e-02 9.861641e-01 -9.965405e+00
9.289494e-01 -3.340474e-01 1.595784e-01 2.560656e+02 3.318921e-01 9.424356e-01 4.077749e-02 4.371523e+01 -1.640140e-01 1.508260e-02 9.863427e-01 -1.003226e+01
9.286116e-01 -3.342949e-01 1.610198e-01 2.572617e+02 3.315658e-01 9.423894e-01 4.434326e-02 4.409126e+01 -1.665671e-01 1.221099e-02 9.859545e-01 -1.011440e+01
9.287549e-01 -3.344712e-01 1.598231e-01 2.584306e+02 3.315863e-01 9.423417e-01 4.519827e-02 4.447521e+01 -1.657255e-01 1.101704e-02 9.861104e-01 -1.017592e+01
9.292672e-01 -3.341801e-01 1.574364e-01 2.596882e+02 3.304671e-01 9.424928e-01 4.998879e-02 4.487052e+01 -1.650879e-01 5.574601e-03 9.862631e-01 -1.027227e+01
9.290698e-01 -3.343068e-01 1.583299e-01 2.609028e+02 3.310245e-01 9.424278e-01 4.746495e-02 4.525266e+01 -1.650823e-01 8.312831e-03 9.862447e-01 -1.036389e+01
9.292840e-01 -3.340294e-01 1.576569e-01 2.620974e+02 3.309264e-01 9.425186e-01 4.633027e-02 4.562446e+01 -1.640702e-01 9.118861e-03 9.864065e-01 -1.043832e+01
9.295950e-01 -3.339794e-01 1.559193e-01 2.633082e+02 3.308387e-01 9.425430e-01 4.645937e-02 4.600686e+01 -1.624771e-01 8.395748e-03 9.866766e-01 -1.051377e+01
9.294984e-01 -3.338690e-01 1.567300e-01 2.644591e+02 3.307672e-01 9.425778e-01 4.625775e-02 4.635953e+01 -1.631743e-01 8.844635e-03 9.865576e-01 -1.057554e+01
9.294936e-01 -3.344496e-01 1.555154e-01 2.656443e+02 3.309860e-01 9.423915e-01 4.844020e-02 4.672190e+01 -1.627572e-01 6.448559e-03 9.866451e-01 -1.066332e+01
9.289946e-01 -3.352313e-01 1.568089e-01 2.668511e+02 3.319199e-01 9.421036e-01 4.764298e-02 4.709995e+01 -1.637017e-01 7.787934e-03 9.864792e-01 -1.073884e+01
9.285936e-01 -3.362344e-01 1.570364e-01 2.680702e+02 3.328727e-01 9.417473e-01 4.804253e-02 4.747250e+01 -1.640421e-01 7.661127e-03 9.864236e-01 -1.083239e+01
9.281645e-01 -3.373227e-01 1.572386e-01 2.693520e+02 3.339841e-01 9.413556e-01 4.800563e-02 4.787411e+01 -1.642108e-01 7.958071e-03 9.863932e-01 -1.090968e+01
9.275407e-01 -3.396391e-01 1.559281e-01 2.706066e+02 3.360784e-01 9.405333e-01 4.948094e-02 4.828104e+01 -1.634612e-01 6.508490e-03 9.865283e-01 -1.096947e+01
9.270183e-01 -3.414395e-01 1.551004e-01 2.718230e+02 3.378780e-01 9.398818e-01 4.960458e-02 4.866454e+01 -1.627130e-01 6.420653e-03 9.866526e-01 -1.105927e+01
9.269978e-01 -3.417795e-01 1.544727e-01 2.729535e+02 3.380457e-01 9.397656e-01 5.065577e-02 4.901443e+01 -1.624812e-01 5.261039e-03 9.866976e-01 -1.115675e+01
9.263978e-01 -3.433855e-01 1.545105e-01 2.742156e+02 3.394485e-01 9.391849e-01 5.202331e-02 4.942100e+01 -1.629780e-01 4.254073e-03 9.866205e-01 -1.123356e+01
9.259826e-01 -3.447905e-01 1.538691e-01 2.753447e+02 3.413390e-01 9.386535e-01 4.916422e-02 4.977358e+01 -1.613811e-01 6.996308e-03 9.868674e-01 -1.130471e+01
9.255815e-01 -3.457403e-01 1.541510e-01 2.765923e+02 3.423153e-01 9.383016e-01 4.909464e-02 5.017543e+01 -1.616141e-01 7.327171e-03 9.868268e-01 -1.141199e+01
9.250799e-01 -3.467800e-01 1.548250e-01 2.777721e+02 3.434879e-01 9.379086e-01 4.840478e-02 5.056046e+01 -1.619976e-01 8.402241e-03 9.867554e-01 -1.146811e+01
9.248407e-01 -3.479052e-01 1.537257e-01 2.789116e+02 3.445776e-01 9.374958e-01 4.865982e-02 5.092522e+01 -1.610462e-01 7.967832e-03 9.869147e-01 -1.154407e+01
9.249495e-01 -3.484732e-01 1.517727e-01 2.800648e+02 3.454753e-01 9.372720e-01 4.656304e-02 5.130083e+01 -1.584783e-01 9.365255e-03 9.873180e-01 -1.160551e+01
9.241903e-01 -3.504184e-01 1.519183e-01 2.812602e+02 3.475909e-01 9.365333e-01 4.567181e-02 5.168908e+01 -1.582808e-01 1.059597e-02 9.873373e-01 -1.170867e+01
9.240505e-01 -3.509007e-01 1.516556e-01 2.823925e+02 3.480017e-01 9.363577e-01 4.614013e-02 5.205732e+01 -1.581945e-01 1.014062e-02 9.873559e-01 -1.177895e+01
9.240714e-01 -3.510731e-01 1.511282e-01 2.834496e+02 3.476169e-01 9.363241e-01 4.959585e-02 5.239612e+01 -1.589167e-01 6.704614e-03 9.872692e-01 -1.185380e+01
9.235973e-01 -3.525677e-01 1.505459e-01 2.844853e+02 3.497998e-01 9.357246e-01 4.538217e-02 5.272210e+01 -1.568698e-01 1.074609e-02 9.875608e-01 -1.193713e+01
9.231032e-01 -3.538606e-01 1.505428e-01 2.855360e+02 3.506688e-01 9.352610e-01 4.814900e-02 5.305437e+01 -1.578348e-01 8.344179e-03 9.874303e-01 -1.202084e+01
