1.000000e+00 0.000000e+00 0.000000e+00 0.000000e+00 0.000000e+00 1.000000e+00 0.000000e+00 0.000000e+00 0.000000e+00 0.000000e+00 1.000000e+00 0.000000e+00
9.999791e-01 5.697879e-03 3.042976e-03 1.550900e+00 -5.696928e-03 9.999837e-01 -3.209593e-04 -4.491245e-02 -3.044756e-03 3.036170e-04 9.999953e-01 -2.419042e-02
9.999710e-01 6.844454e-03 3.338730e-03 3.001386e+00 -6.843084e-03 9.999765e-01 -4.217944e-04 -6.159625e-02 -3.341539e-03 3.989349e-04 9.999943e-01 -4.236197e-02
9.999453e-01 8.745727e-03 5.736636e-03 4.436689e+00 -8.757035e-03 9.999597e-01 1.949003e-03 -9.328450e-02 -5.719359e-03 -1.999133e-03 9.999816e-01 -6.926859e-02
9.998460e-01 1.385437e-02 1.077024e-02 5.981363e+00 -1.386218e-02 9.999037e-01 6.507346e-04 -1.377648e-01 -1.076019e-02 -7.999334e-04 9.999418e-01 -8.981989e-02
9.998805e-01 1.289124e-02 8.530765e-03 7.409556e+00 -1.290066e-02 9.999162e-01 1.049859e-03 -1.521259e-01 -8.516516e-03 -1.159786e-03 9.999630e-01 -1.121921e-01
9.998541e-01 1.470538e-02 8.685054e-03 8.872575e+00 -1.470090e-02 9.998919e-01 -5.793228e-04 -1.958906e-01 -8.692633e-03 4.515602e-04 9.999621e-01 -1.408967e-01
9.998487e-01 1.499178e-02 8.828134e-03 1.036368e+01 -1.496782e-02 9.998841e-01 -2.773390e-03 -2.206609e-01 -8.868690e-03 2.640833e-03 9.999572e-01 -1.643981e-01
9.998750e-01 1.391969e-02 7.497530e-03 1.177871e+01 -1.389326e-02 9.998971e-01 -3.565810e-03 -2.427165e-01 -7.546394e-03 3.461199e-03 9.999655e-01 -1.847144e-01
9.998593e-01 1.464823e-02 8.168050e-03 1.323264e+01 -1.461959e-02 9.998868e-01 -3.554742e-03 -2.814851e-01 -8.219196e-03 3.434828e-03 9.999603e-01 -1.924309e-01
9.998809e-01 1.402306e-02 6.444988e-03 1.471759e+01 -1.401613e-02 9.999012e-01 -1.119204e-03 -3.044171e-01 -6.460045e-03 1.028737e-03 9.999786e-01 -2.266242e-01
9.998724e-01 1.387148e-02 7.915058e-03 1.621392e+01 -1.386550e-02 9.999036e-01 -8.100654e-04 -3.327299e-01 -7.925532e-03 7.002158e-04 9.999683e-01 -2.293009e-01
9.998725e-01 1.444629e-02 6.803818e-03 1.773814e+01 -1.443439e-02 9.998943e-01 -1.794671e-03 -3.805898e-01 -6.829024e-03 1.696233e-03 9.999753e-01 -2.601266e-01
9.998552e-01 1.508889e-02 7.875090e-03 1.919459e+01 -1.508758e-02 9.998860e-01 -2.255759e-04 -4.046301e-01 -7.877598e-03 1.067272e-04 9.999689e-01 -2.748548e-01
9.998741e-01 1.532607e-02 4.112918e-03 2.069300e+01 -1.532833e-02 9.998823e-01 5.201433e-04 -4.516101e-01 -4.104463e-03 -5.831220e-04 9.999914e-01 -3.041934e-01
9.998522e-01 1.649207e-02 4.861271e-03 2.217636e+01 -1.649438e-02 9.998640e-01 4.346741e-04 -4.898324e-01 -4.853440e-03 -5.147935e-04 9.999881e-01 -3.092387e-01
9.998631e-01 1.640342e-02 2.175728e-03 2.369868e+01 -1.640383e-02 9.998655e-01 1.733216e-04 -5.250662e-01 -2.172593e-03 -2.089881e-04 9.999976e-01 -3.407284e-01
9.998402e-01 1.724935e-02 4.692134e-03 2.521961e+01 -1.724917e-02 9.998512e-01 -7.940730e-05 -5.699342e-01 -4.692805e-03 -1.540775e-06 9.999890e-01 -3.571455e-01
9.998444e-01 1.721207e-02 3.868754e-03 2.674171e+01 -1.722477e-02 9.998462e-01 3.273489e-03 -6.093408e-01 -3.811815e-03 -3.339618e-03 9.999872e-01 -3.902056e-01
9.998235e-01 1.808192e-02 5.099560e-03 2.826725e+01 -1.809651e-02 9.998322e-01 2.830326e-03 -6.612699e-01 -5.047527e-03 -2.922111e-03 9.999830e-01 -3.992780e-01
9.998205e-01 1.832841e-02 4.789762e-03 2.979750e+01 -1.834938e-02 9.998220e-01 4.371744e-03 -7.112521e-01 -4.708783e-03 -4.458848e-03 9.999790e-01 -4.367108e-01
9.998178e-01 1.832349e-02 5.338619e-03 3.132934e+01 -1.833729e-02 9.998286e-01 2.547477e-03 -7.610297e-01 -5.291025e-03 -2.644909e-03 9.999825e-01 -4.582500e-01
9.998115e-01 1.823891e-02 6.651482e-03 3.287893e+01 -1.826719e-02 9.998242e-01 4.214992e-03 -8.015099e-01 -6.573436e-03 -4.335701e-03 9.999690e-01 -4.956025e-01
9.998061e-01 1.847129e-02 6.822616e-03 3.442075e+01 -1.849017e-02 9.998255e-01 2.713826e-03 -8.507298e-01 -6.771296e-03 -2.839451e-03 9.999731e-01 -5.095860e-01
9.997867e-01 1.831562e-02 9.541901e-03 3.599147e+01 -1.834586e-02 9.998269e-01 3.091068e-03 -8.974909e-01 -9.483635e-03 -3.265463e-03 9.999497e-01 -5.403223e-01
9.997805e-01 1.863748e-02 9.565633e-03 3.755167e+01 -1.866931e-02 9.998204e-01 3.248679e-03 -9.491608e-01 -9.503368e-03 -3.426550e-03 9.999490e-01 -5.704241e-01
9.997616e-01 1.873238e-02 1.121969e-02 3.912455e+01 -1.877163e-02 9.998180e-01 3.403718e-03 -9.935290e-01 -1.115389e-02 -3.613518e-03 9.999313e-01 -5.971364e-01
9.997644e-01 1.872075e-02 1.098846e-02 4.070061e+01 -1.877676e-02 9.998112e-01 5.015809e-03 -1.043538e+00 -1.089249e-02 -5.220955e-03 9.999270e-01 -6.197622e-01
9.997799e-01 1.873639e-02 9.439755e-03 4.227983e+01 -1.878584e-02 9.998102e-01 5.177417e-03 -1.093269e+00 -9.340957e-03 -5.353611e-03 9.999421e-01 -6.654647e-01
9.997931e-01 1.864214e-02 8.136313e-03 4.385876e+01 -1.868344e-02 9.998128e-01 5.029779e-03 -1.136006e+00 -8.041024e-03 -5.180753e-03 9.999542e-01 -6.769037e-01
9.997831e-01 1.885902e-02 8.837260e-03 4.545283e+01 -1.889336e-02 9.998142e-01 3.819002e-03 -1.186920e+00 -8.763596e-03 -3.985139e-03 9.999537e-01 -7.059387e-01
9.997792e-01 1.876481e-02 9.452144e-03 4.707034e+01 -1.878873e-02 9.998206e-01 2.447545e-03 -1.228838e+00 -9.404520e-03 -2.624599e-03 9.999523e-01 -7.490864e-01
9.997917e-01 1.910563e-02 7.169050e-03 4.867494e+01 -1.912689e-02 9.998128e-01 2.908831e-03 -1.277437e+00 -7.112133e-03 -3.045347e-03 9.999701e-01 -7.593488e-01
9.997838e-01 1.903328e-02 8.368867e-03 5.028458e+01 -1.906215e-02 9.998125e-01 3.383832e-03 -1.332783e+00 -8.302894e-03 -3.542629e-03 9.999592e-01 -8.134479e-01
9.997752e-01 1.959577e-02 8.098549e-03 5.189874e+01 -1.962194e-02 9.998025e-01 3.165068e-03 -1.380678e+00 -8.034927e-03 -3.323266e-03 9.999622e-01 -8.183520e-01
9.997690e-01 1.995303e-02 7.985733e-03 5.351381e+01 -1.997719e-02 9.997960e-01 2.957714e-03 -1.429011e+00 -7.925089e-03 -3.116563e-03 9.999638e-01 -8.471424e-01
9.997522e-01 2.026744e-02 9.204037e-03 5.514445e+01 -2.027545e-02 9.997941e-01 7.778190e-04 -1.480832e+00 -9.186377e-03 -9.642422e-04 9.999573e-01 -8.811642e-01
9.997267e-01 2.157379e-02 9.012593e-03 5.679433e+01 -2.158972e-02 9.997655e-01 1.674802e-03 -1.531985e+00 -8.974347e-03 -1.868923e-03 9.999580e-01 -8.965601e-01
9.996912e-01 2.305320e-02 9.270234e-03 5.842023e+01 -2.306368e-02 9.997333e-01 1.025657e-03 -1.586026e+00 -9.244118e-03 -1.239146e-03 9.999565e-01 -9.515961e-01
9.996480e-01 2.534618e-02 7.834532e-03 6.006056e+01 -2.535646e-02 9.996777e-01 1.215833e-03 -1.647752e+00 -7.801191e-03 -1.414061e-03 9.999686e-01 -9.455833e-01
9.995753e-01 2.777464e-02 8.818301e-03 6.169432e+01 -2.777985e-02 9.996140e-01 4.690806e-04 -1.709312e+00 -8.801869e-03 -7.138525e-04 9.999610e-01 -9.990335e-01
9.995164e-01 2.997628e-02 8.270113e-03 6.331248e+01 -2.996886e-02 9.995503e-01 -1.019369e-03 -1.769429e+00 -8.296952e-03 7.710300e-04 9.999653e-01 -1.020346e+00
9.994444e-01 3.233273e-02 8.099012e-03 6.494816e+01 -3.234226e-02 9.994762e-01 1.048568e-03 -1.835422e+00 -8.060867e-03 -1.309926e-03 9.999667e-01 -1.037360e+00
9.993662e-01 3.466853e-02 8.088402e-03 6.657554e+01 -3.467834e-02 9.993979e-01 1.076438e-03 -1.909805e+00 -8.046213e-03 -1.356248e-03 9.999667e-01 -1.070364e+00
9.992896e-01 3.707327e-02 6.773114e-03 6.820751e+01 -3.707946e-02 9.993120e-01 7.913414e-04 -1.986057e+00 -6.739117e-03 -1.041923e-03 9.999768e-01 -1.098724e+00
9.992248e-01 3.918044e-02 3.842600e-03 6.985239e+01 -3.917281e-02 9.992304e-01 -2.041050e-03 -2.059129e+00 -3.919612e-03 1.888942e-03 9.999905e-01 -1.133854e+00
9.991441e-01 4.097237e-02 5.682648e-03 7.145183e+01 -4.096530e-02 9.991598e-01 -1.354646e-03 -2.136846e+00 -5.733375e-03 1.120695e-03 9.999830e-01 -1.150937e+00
9.990770e-01 4.266926e-02 4.945270e-03 7.308443e+01 -4.268872e-02 9.990809e-01 3.900019e-03 -2.219358e+00 -4.774313e-03 -4.107527e-03 9.999802e-01 -1.186025e+00
9.990104e-01 4.411578e-02 5.650451e-03 7.470888e+01 -4.414897e-02 9.990076e-01 5.891035e-03 -2.306594e+00 -5.384956e-03 -6.134667e-03 9.999667e-01 -1.215982e+00
9.989256e-01 4.592155e-02 6.233599e-03 7.634808e+01 -4.595691e-02 9.989275e-01 5.653152e-03 -2.412679e+00 -5.967311e-03 -5.933556e-03 9.999646e-01 -1.246480e+00
9.988804e-01 4.685936e-02 6.483521e-03 7.798386e+01 -4.688540e-02 9.988925e-01 3.924459e-03 -2.498108e+00 -6.292444e-03 -4.224048e-03 9.999713e-01 -1.279421e+00
9.988227e-01 4.822536e-02 5.243355e-03 7.961292e+01 -4.825208e-02 9.988221e-01 5.095691e-03 -2.589310e+00 -4.991438e-03 -5.342695e-03 9.999733e-01 -1.312517e+00
9.987445e-01 4.991903e-02 4.186870e-03 8.128090e+01 -4.993746e-02 9.987426e-01 4.420324e-03 -2.679692e+00 -3.960947e-03 -4.623856e-03 9.999815e-01 -1.341416e+00
9.986860e-01 5.101327e-02 4.902123e-03 8.293475e+01 -5.103318e-02 9.986888e-01 4.025275e-03 -2.778305e+00 -4.690353e-03 -4.270157e-03 9.999799e-01 -1.371817e+00
9.986092e-01 5.244422e-02 5.401392e-03 8.458221e+01 -5.245663e-02 9.986207e-01 2.182781e-03 -2.884650e+00 -5.279468e-03 -2.463084e-03 9.999830e-01 -1.408389e+00
9.985354e-01 5.367902e-02 6.755187e-03 8.624741e+01 -5.369753e-02 9.985539e-01 2.590110e-03 -2.991500e+00 -6.606384e-03 -2.949053e-03 9.999738e-01 -1.436748e+00
9.984780e-01 5.488107e-02 5.459597e-03 8.789700e+01 -5.490044e-02 9.984859e-01 3.462647e-03 -3.101552e+00 -5.261296e-03 -3.757111e-03 9.999791e-01 -1.461199e+00
9.983746e-01 5.656387e-02 6.968349e-03 8.953699e+01 -5.660406e-02 9.983803e-01 5.712848e-03 -3.211953e+00 -6.633922e-03 -6.097999e-03 9.999594e-01 -1.495657e+00
9.983220e-01 5.760481e-02 5.914021e-03 9.119685e+01 -5.763646e-02 9.983234e-01 5.329058e-03 -3.326801e+00 -5.597126e-03 -5.660979e-03 9.999683e-01 -1.537544e+00
9.982455e-01 5.880918e-02 6.892276e-03 9.286864e+01 -5.884358e-02 9.982553e-01 4.900717e-03 -3.441603e+00 -6.592042e-03 -5.297685e-03 9.999642e-01 -1.569539e+00
9.981458e-01 6.059721e-02 5.745891e-03 9.451600e+01 -6.061645e-02 9.981561e-01 3.235566e-03 -3.550126e+00 -5.539229e-03 -3.577862e-03 9.999782e-01 -1.609611e+00
9.980600e-01 6.199944e-02 5.676131e-03 9.616782e+01 -6.202381e-02 9.980658e-01 4.223388e-03 -3.673023e+00 -5.403304e-03 -4.567250e-03 9.999750e-01 -1.649965e+00
9.980143e-01 6.289745e-02 3.358591e-03 9.781647e+01 -6.291416e-02 9.980057e-01 5.124302e-03 -3.781608e+00 -3.029588e-03 -5.325429e-03 9.999812e-01 -1.674415e+00
9.979501e-01 6.377795e-02 5.292514e-03 9.943420e+01 -6.381053e-02 9.979426e-01 6.234962e-03 -3.907218e+00 -4.883972e-03 -6.559899e-03 9.999666e-01 -1.707771e+00
9.979006e-01 6.464333e-02 3.959850e-03 1.010779e+02 -6.466968e-02 9.978827e-01 6.933128e-03 -4.020970e+00 -3.503285e-03 -7.174654e-03 9.999681e-01 -1.746114e+00
9.978743e-01 6.500139e-02 4.657203e-03 1.027177e+02 -6.502838e-02 9.978660e-01 5.897246e-03 -4.152663e+00 -4.263936e-03 -6.187561e-03 9.999717e-01 -1.796114e+00
9.978490e-01 6.538447e-02 4.718729e-03 1.043711e+02 -6.541420e-02 9.978373e-01 6.445886e-03 -4.273095e+00 -4.287063e-03 -6.740693e-03 9.999681e-01 -1.827189e+00
9.977893e-01 6.623001e-02 5.481707e-03 1.059868e+02 -6.627102e-02 9.977721e-01 7.672946e-03 -4.403202e+00 -4.961316e-03 -8.019262e-03 9.999555e-01 -1.869982e+00
9.977839e-01 6.636664e-02 4.773774e-03 1.076214e+02 -6.640697e-02 9.977533e-01 8.857436e-03 -4.517604e+00 -4.175210e-03 -9.154819e-03 9.999494e-01 -1.902842e+00
9.977295e-01 6.728469e-02 2.917473e-03 1.092356e+02 -6.730099e-02 9.977152e-01 5.907584e-03 -4.652105e+00 -2.513317e-03 -6.090520e-03 9.999783e-01 -1.954432e+00
9.977297e-01 6.731059e-02 2.168854e-03 1.108816e+02 -6.731503e-02 9.977297e-01 2.047415e-03 -4.772564e+00 -2.026117e-03 -2.188763e-03 9.999955e-01 -1.987083e+00
9.977204e-01 6.747541e-02 1.038755e-03 1.124995e+02 -6.747809e-02 9.977168e-01 2.817336e-03 -4.899687e+00 -8.462825e-04 -2.881007e-03 9.999955e-01 -2.026108e+00
9.977381e-01 6.721988e-02 4.654067e-04 1.140834e+02 -6.722143e-02 9.977043e-01 8.230037e-03 -5.002533e+00 8.888387e-05 -8.242707e-03 9.999660e-01 -2.058293e+00
9.977168e-01 6.752480e-02 -1.234931e-03 1.156848e+02 -6.751408e-02 9.976918e-01 7.283855e-03 -5.128014e+00 1.723921e-03 -7.183849e-03 9.999727e-01 -2.088465e+00
9.977359e-01 6.724991e-02 -6.939173e-04 1.173124e+02 -6.724720e-02 9.977305e-01 3.380142e-03 -5.241238e+00 9.196567e-04 -3.325825e-03 9.999940e-01 -2.142190e+00
9.977434e-01 6.714128e-02 -4.851724e-04 1.189147e+02 -6.713951e-02 9.977388e-01 3.039195e-03 -5.370192e+00 6.881309e-04 -2.999763e-03 9.999953e-01 -2.153821e+00
9.978766e-01 6.512371e-02 -1.086266e-03 1.205280e+02 -6.511807e-02 9.978670e-01 4.598038e-03 -5.482653e+00 1.383390e-03 -4.517539e-03 9.999889e-01 -2.200148e+00
9.979063e-01 6.464340e-02 -2.068009e-03 1.221288e+02 -6.462835e-02 9.978873e-01 6.661261e-03 -5.607669e+00 2.494246e-03 -6.513662e-03 9.999757e-01 -2.231774e+00
9.980258e-01 6.279522e-02 -1.075191e-03 1.237416e+02 -6.278920e-02 9.980147e-01 4.929389e-03 -5.720917e+00 1.382598e-03 -4.852147e-03 9.999872e-01 -2.266955e+00
9.981248e-01 6.121100e-02 4.139504e-05 1.253246e+02 -6.121084e-02 9.981203e-01 3.043782e-03 -5.846402e+00 1.449957e-04 -3.040608e-03 9.999954e-01 -2.304263e+00
9.981934e-01 6.007895e-02 7.398307e-04 1.268985e+02 -6.008129e-02 9.981865e-01 3.710660e-03 -5.954866e+00 -5.155564e-04 -3.748406e-03 9.999928e-01 -2.339705e+00
9.983329e-01 5.771117e-02 8.722100e-04 1.284917e+02 -5.771441e-02 9.983238e-01 4.310053e-03 -6.060343e+00 -6.220098e-04 -4.353207e-03 9.999903e-01 -2.376928e+00
9.983857e-01 5.679588e-02 -5.050689e-04 1.300815e+02 -5.679332e-02 9.983774e-01 4.130969e-03 -6.181819e+00 7.388713e-04 -4.095616e-03 9.999914e-01 -2.400528e+00
9.985169e-01 5.442136e-02 -1.524953e-03 1.316556e+02 -5.441475e-02 9.985100e-01 4.086279e-03 -6.277557e+00 1.745062e-03 -3.997239e-03 9.999905e-01 -2.446063e+00
9.986148e-01 5.254802e-02 -2.671347e-03 1.332518e+02 -5.253566e-02 9.986089e-01 4.505006e-03 -6.379113e+00 2.904360e-03 -4.358425e-03 9.999863e-01 -2.475893e+00
9.986348e-01 5.216127e-02 -2.806543e-03 1.348282e+02 -5.214551e-02 9.986248e-01 5.418943e-03 -6.478439e+00 3.085342e-03 -5.265195e-03 9.999814e-01 -2.515037e+00
9.986653e-01 5.164821e-02 2.411799e-04 1.364153e+02 -5.164873e-02 9.986601e-01 3.244842e-03 -6.587783e+00 -7.326637e-05 -3.252968e-03 9.999947e-01 -2.531103e+00
9.987110e-01 5.075715e-02 -2.878469e-05 1.379537e+02 -5.075704e-02 9.987097e-01 1.702933e-03 -6.668626e+00 1.151835e-04 -1.699276e-03 9.999986e-01 -2.575040e+00
9.987634e-01 4.971292e-02 5.322270e-04 1.395121e+02 -4.971480e-02 9.987537e-01 4.445943e-03 -6.763561e+00 -3.105429e-04 -4.466904e-03 9.999900e-01 -2.600583e+00
9.987541e-01 4.980164e-02 -3.158630e-03 1.411040e+02 -4.976888e-02 9.987135e-01 9.717570e-03 -6.859967e+00 3.638518e-03 -9.548261e-03 9.999478e-01 -2.658041e+00
9.987380e-01 5.000671e-02 -4.666742e-03 1.426493e+02 -4.997612e-02 9.987297e-01 6.456206e-03 -6.958792e+00 4.983666e-03 -6.214832e-03 9.999683e-01 -2.672957e+00
9.987411e-01 4.981161e-02 -5.919467e-03 1.442051e+02 -4.979121e-02 9.987534e-01 3.544925e-03 -7.037387e+00 6.088666e-03 -3.245726e-03 9.999762e-01 -2.705767e+00
9.987032e-01 5.028758e-02 -7.938684e-03 1.457128e+02 -5.026865e-02 9.987323e-01 2.565852e-03 -7.124161e+00 8.057651e-03 -2.163458e-03 9.999652e-01 -2.750367e+00
9.986196e-01 5.191666e-02 -7.966475e-03 1.472539e+02 -5.188800e-02 9.986459e-01 3.762938e-03 -7.216877e+00 8.151046e-03 -3.344379e-03 9.999612e-01 -2.786267e+00
9.985344e-01 5.349074e-02 -8.229963e-03 1.487711e+02 -5.345488e-02 9.985600e-01 4.517462e-03 -7.315456e+00 8.459754e-03 -4.070910e-03 9.999560e-01 -2.817768e+00
9.984527e-01 5.511359e-02 -7.397220e-03 1.503159e+02 -5.508083e-02 9.984715e-01 4.562059e-03 -7.418784e+00 7.637344e-03 -4.147556e-03 9.999622e-01 -2.854314e+00
9.983949e-01 5.641161e-02 -5.039642e-03 1.518628e+02 -5.639713e-02 9.984041e-01 2.970392e-03 -7.520247e+00 5.199163e-03 -2.681403e-03 9.999829e-01 -2.883779e+00
9.983507e-01 5.730332e-02 -3.479107e-03 1.533456e+02 -5.729453e-02 9.983540e-01 2.578336e-03 -7.617947e+00 3.621128e-03 -2.374750e-03 9.999906e-01 -2.916378e+00
9.982632e-01 5.878626e-02 -3.851791e-03 1.548549e+02 -5.876801e-02 9.982607e-01 4.691739e-03 -7.726938e+00 4.120901e-03 -4.457228e-03 9.999816e-01 -2.957133e+00
9.982783e-01 5.861907e-02 -2.080020e-03 1.563770e+02 -5.860241e-02 9.982544e-01 7.327154e-03 -7.832874e+00 2.505900e-03 -7.192644e-03 9.999710e-01 -2.998218e+00
9.982825e-01 5.851815e-02 -2.783240e-03 1.578974e+02 -5.850167e-02 9.982711e-01 5.672836e-03 -7.930032e+00 3.110392e-03 -5.500268e-03 9.999800e-01 -3.024475e+00
9.982594e-01 5.896741e-02 9.828171e-04 1.593838e+02 -5.897094e-02 9.982514e-01 4.058778e-03 -8.031210e+00 -7.417630e-04 -4.109671e-03 9.999913e-01 -3.064443e+00
9.982876e-01 5.841348e-02 3.114744e-03 1.608995e+02 -5.842124e-02 9.982891e-01 2.463680e-03 -8.135979e+00 -2.965502e-03 -2.641429e-03 9.999921e-01 -3.087198e+00
9.983262e-01 5.755533e-02 5.672871e-03 1.623830e+02 -5.757617e-02 9.983348e-01 3.581715e-03 -8.242608e+00 -5.457277e-03 -3.902342e-03 9.999775e-01 -3.125489e+00
9.983613e-01 5.716510e-02 2.600464e-03 1.638569e+02 -5.718058e-02 9.983439e-01 6.326392e-03 -8.338686e+00 -2.234509e-03 -6.464722e-03 9.999766e-01 -3.166861e+00
9.983799e-01 5.678451e-02 3.620213e-03 1.653570e+02 -5.680156e-02 9.983740e-01 4.794277e-03 -8.437277e+00 -3.342086e-03 -4.992144e-03 9.999819e-01 -3.189175e+00
9.984298e-01 5.594149e-02 2.913918e-03 1.668046e+02 -5.595357e-02 9.984245e-01 4.244694e-03 -8.531043e+00 -2.671872e-03 -4.401073e-03 9.999868e-01 -3.227893e+00
9.983856e-01 5.661897e-02 4.520335e-03 1.682624e+02 -5.662216e-02 9.983954e-01 5.795598e-04 -8.634904e+00 -4.480267e-03 -8.345752e-04 9.999896e-01 -3.261693e+00
9.984525e-01 5.524854e-02 6.333728e-03 1.697488e+02 -5.524432e-02 9.984725e-01 -8.390857e-04 -8.731004e+00 -6.370412e-03 4.878847e-04 9.999796e-01 -3.294272e+00
9.984966e-01 5.431325e-02 7.393507e-03 1.711858e+02 -5.430701e-02 9.985238e-01 -1.042100e-03 -8.823010e+00 -7.439192e-03 6.390142e-04 9.999721e-01 -3.313039e+00
9.984072e-01 5.556738e-02 9.767878e-03 1.726004e+02 -5.561117e-02 9.984435e-01 4.269582e-03 -8.916645e+00 -9.515424e-03 -4.805984e-03 9.999432e-01 -3.361933e+00
9.984099e-01 5.590098e-02 7.265324e-03 1.740045e+02 -5.593069e-02 9.984269e-01 3.951582e-03 -9.007786e+00 -7.032997e-03 -4.351653e-03 9.999658e-01 -3.382506e+00
9.983578e-01 5.632446e-02 1.045320e-02 1.754244e+02 -5.637698e-02 9.983979e-01 4.798803e-03 -9.102029e+00 -1.016616e-02 -5.380243e-03 9.999338e-01 -3.406541e+00
9.982781e-01 5.840888e-02 5.394898e-03 1.768127e+02 -5.841919e-02 9.982907e-01 1.772678e-03 -9.195656e+00 -5.282135e-03 -2.084791e-03 9.999838e-01 -3.448241e+00
9.981186e-01 6.045405e-02 1.021974e-02 1.781928e+02 -6.049959e-02 9.981593e-01 4.207551e-03 -9.291818e+00 -9.946566e-03 -4.817925e-03 9.999389e-01 -3.492090e+00
9.981057e-01 6.129792e-02 5.249145e-03 1.795516e+02 -6.132662e-02 9.981027e-01 5.493015e-03 -9.393305e+00 -4.902476e-03 -5.804522e-03 9.999712e-01 -3.508965e+00
9.979212e-01 6.360293e-02 1.039297e-02 1.809043e+02 -6.365996e-02 9.979578e-01 5.251460e-03 -9.491364e+00 -1.003774e-02 -5.902159e-03 9.999322e-01 -3.554111e+00
9.979380e-01 6.384972e-02 6.561813e-03 1.822282e+02 -6.387753e-02 9.979494e-01 4.119031e-03 -9.590530e+00 -6.285358e-03 -4.529690e-03 9.999700e-01 -3.563241e+00
9.977916e-01 6.517028e-02 1.282983e-02 1.835417e+02 -6.517930e-02 9.978735e-01 2.849160e-04 -9.687125e+00 -1.278398e-02 -1.120526e-03 9.999176e-01 -3.611876e+00
9.978446e-01 6.518531e-02 7.554704e-03 1.848753e+02 -6.520344e-02 9.978697e-01 2.179675e-03 -9.783425e+00 -7.396526e-03 -2.667570e-03 9.999691e-01 -3.638986e+00
9.977676e-01 6.600927e-02 1.013416e-02 1.861648e+02 -6.606002e-02 9.978042e-01 4.757547e-03 -9.885612e+00 -9.797868e-03 -5.416389e-03 9.999374e-01 -3.687927e+00
9.977108e-01 6.729139e-02 6.710225e-03 1.874165e+02 -6.732039e-02 9.977227e-01 4.193655e-03 -9.981401e+00 -6.412747e-03 -4.635790e-03 9.999687e-01 -3.710249e+00
9.976807e-01 6.759218e-02 8.033340e-03 1.886904e+02 -6.761727e-02 9.977071e-01 2.893721e-03 -1.007221e+01 -7.819328e-03 -3.430202e-03 9.999635e-01 -3.728721e+00
9.976969e-01 6.741534e-02 7.484406e-03 1.899273e+02 -6.743860e-02 9.977194e-01 2.900682e-03 -1.018152e+01 -7.271785e-03 -3.398739e-03 9.999678e-01 -3.761559e+00
9.976298e-01 6.812529e-02 9.676741e-03 1.911571e+02 -6.817862e-02 9.976592e-01 5.292107e-03 -1.027086e+01 -9.293563e-03 -5.939311e-03 9.999392e-01 -3.789336e+00
9.975851e-01 6.868131e-02 1.033971e-02 1.923659e+02 -6.876033e-02 9.976051e-01 7.491325e-03 -1.037205e+01 -9.800429e-03 -8.184195e-03 9.999185e-01 -3.833837e+00
9.974096e-01 7.097712e-02 1.167599e-02 1.935177e+02 -7.104453e-02 9.974581e-01 5.463732e-03 -1.046681e+01 -1.125851e-02 -6.279094e-03 9.999169e-01 -3.844470e+00
9.973202e-01 7.241219e-02 1.043790e-02 1.946974e+02 -7.247177e-02 9.973556e-01 5.446397e-03 -1.055812e+01 -1.001591e-02 -6.188255e-03 9.999307e-01 -3.903325e+00
9.971387e-01 7.463576e-02 1.199200e-02 1.958494e+02 -7.468140e-02 9.972018e-01 3.403192e-03 -1.067123e+01 -1.170444e-02 -4.289034e-03 9.999223e-01 -3.907275e+00
9.970039e-01 7.613057e-02 1.368595e-02 1.969788e+02 -7.620215e-02 9.970810e-01 4.786443e-03 -1.076183e+01 -1.328161e-02 -5.815002e-03 9.998949e-01 -3.960713e+00
9.970095e-01 7.628295e-02 1.237093e-02 1.981192e+02 -7.634348e-02 9.970713e-01 4.496599e-03 -1.086288e+01 -1.199168e-02 -5.427591e-03 9.999134e-01 -3.968636e+00
9.969637e-01 7.663598e-02 1.379368e-02 1.992406e+02 -7.670303e-02 9.970443e-01 4.399519e-03 -1.095380e+01 -1.341575e-02 -5.444178e-03 9.998952e-01 -4.023520e+00
9.969103e-01 7.770979e-02 1.144548e-02 2.003427e+02 -7.775614e-02 9.969658e-01 3.660389e-03 -1.105877e+01 -1.112630e-02 -4.539036e-03 9.999278e-01 -4.030347e+00
9.968637e-01 7.790846e-02 1.389426e-02 2.014448e+02 -7.795817e-02 9.969519e-01 3.071874e-03 -1.114702e+01 -1.361258e-02 -4.145410e-03 9.998987e-01 -4.072922e+00
9.967844e-01 7.933959e-02 1.122254e-02 2.025387e+02 -7.937847e-02 9.968399e-01 3.061557e-03 -1.125653e+01 -1.094418e-02 -3.942541e-03 9.999323e-01 -4.083711e+00
9.967616e-01 7.916315e-02 1.412532e-02 2.036309e+02 -7.921793e-02 9.968516e-01 3.361081e-03 -1.135117e+01 -1.381477e-02 -4.469175e-03 9.998946e-01 -4.101869e+00
9.966373e-01 8.076432e-02 1.383077e-02 2.046869e+02 -8.084214e-02 9.967135e-01 5.161184e-03 -1.145614e+01 -1.336847e-02 -6.261936e-03 9.998910e-01 -4.139253e+00
9.965544e-01 8.139049e-02 1.596375e-02 2.057435e+02 -8.150700e-02 9.966496e-01 6.787926e-03 -1.155130e+01 -1.535779e-02 -8.065696e-03 9.998496e-01 -4.161417e+00
9.965280e-01 8.182030e-02 1.540416e-02 2.068327e+02 -8.192705e-02 9.966177e-01 6.430245e-03 -1.165036e+01 -1.482594e-02 -7.669937e-03 9.998606e-01 -4.194941e+00
9.965005e-01 8.243924e-02 1.380546e-02 2.078561e+02 -8.249873e-02 9.965841e-01 3.794991e-03 -1.174688e+01 -1.344544e-02 -4.920644e-03 9.998975e-01 -4.214419e+00
9.964831e-01 8.243783e-02 1.501556e-02 2.089052e+02 -8.248617e-02 9.965887e-01 2.627925e-03 -1.184461e+01 -1.474770e-02 -3.857259e-03 9.998838e-01 -4.218719e+00
9.965065e-01 8.246507e-02 1.320128e-02 2.099395e+02 -8.252676e-02 9.965801e-01 4.197391e-03 -1.195262e+01 -1.280999e-02 -5.272185e-03 9.999040e-01 -4.267996e+00
9.964869e-01 8.222216e-02 1.591872e-02 2.109351e+02 -8.233336e-02 9.965838e-01 6.459395e-03 -1.204620e+01 -1.533324e-02 -7.747344e-03 9.998524e-01 -4.270789e+00
9.965210e-01 8.247906e-02 1.196091e-02 2.119435e+02 -8.256449e-02 9.965622e-01 6.833301e-03 -1.213073e+01 -1.135619e-02 -7.797075e-03 9.999051e-01 -4.311899e+00
9.964252e-01 8.313158e-02 1.503396e-02 2.129084e+02 -8.323424e-02 9.965099e-01 6.335529e-03 -1.222562e+01 -1.445481e-02 -7.564222e-03 9.998669e-01 -4.328692e+00
9.964646e-01 8.237716e-02 1.649958e-02 2.138951e+02 -8.254647e-02 9.965384e-01 9.856180e-03 -1.231516e+01 -1.563054e-02 -1.118332e-02 9.998153e-01 -4.357990e+00
9.965065e-01 8.173034e-02 1.717382e-02 2.148638e+02 -8.190471e-02 9.965930e-01 9.706693e-03 -1.240634e+01 -1.632198e-02 -1.107940e-02 9.998054e-01 -4.384264e+00
9.965172e-01 8.168342e-02 1.677196e-02 2.158111e+02 -8.187107e-02 9.965842e-01 1.082364e-02 -1.250085e+01 -1.583056e-02 -1.215908e-02 9.998007e-01 -4.418109e+00
9.965095e-01 8.172896e-02 1.700450e-02 2.167821e+02 -8.188313e-02 9.966049e-01 8.575681e-03 -1.258370e+01 -1.624588e-02 -9.938129e-03 9.998186e-01 -4.434991e+00
9.965447e-01 8.171239e-02 1.489428e-02 2.176859e+02 -8.183244e-02 9.966167e-01 7.635758e-03 -1.267714e+01 -1.421996e-02 -8.828209e-03 9.998599e-01 -4.479696e+00
9.964900e-01 8.219641e-02 1.585523e-02 2.185928e+02 -8.227940e-02 9.965985e-01 4.653868e-03 -1.275577e+01 -1.541877e-02 -5.942092e-03 9.998634e-01 -4.485118e+00
9.965777e-01 8.168074e-02 1.268900e-02 2.195002e+02 -8.174305e-02 9.966434e-01 4.472016e-03 -1.285175e+01 -1.228113e-02 -5.493950e-03 9.999095e-01 -4.527124e+00
9.966372e-01 8.058571e-02 1.484119e-02 2.204183e+02 -8.064183e-02 9.967380e-01 3.221651e-03 -1.292767e+01 -1.453316e-02 -4.407638e-03 9.998847e-01 -4.531613e+00
9.967211e-01 7.986279e-02 1.299552e-02 2.212833e+02 -7.992180e-02 9.967927e-01 4.086211e-03 -1.301460e+01 -1.262751e-02 -5.111439e-03 9.999072e-01 -4.576526e+00
9.967259e-01 7.979530e-02 1.304974e-02 2.221428e+02 -7.984386e-02 9.968021e-01 3.243194e-03 -1.308492e+01 -1.274922e-02 -4.274517e-03 9.999096e-01 -4.573071e+00
9.968852e-01 7.803589e-02 1.141045e-02 2.229918e+02 -7.807353e-02 9.969434e-01 2.890666e-03 -1.316502e+01 -1.115000e-02 -3.772516e-03 9.999307e-01 -4.596592e+00
9.969734e-01 7.676036e-02 1.232371e-02 2.238481e+02 -7.679946e-02 9.970428e-01 2.730808e-03 -1.323057e+01 -1.207764e-02 -3.668997e-03 9.999203e-01 -4.630763e+00
9.971396e-01 7.448485e-02 1.282974e-02 2.246593e+02 -7.454491e-02 9.972085e-01 4.268313e-03 -1.329994e+01 -1.247600e-02 -5.212496e-03 9.999086e-01 -4.638923e+00
9.974048e-01 7.114936e-02 1.101824e-02 2.254866e+02 -7.119902e-02 9.974535e-01 4.182534e-03 -1.336545e+01 -1.069259e-02 -4.956167e-03 9.999306e-01 -4.678463e+00
9.976957e-01 6.689723e-02 1.131333e-02 2.262918e+02 -6.696239e-02 9.977404e-01 5.482837e-03 -1.341890e+01 -1.092098e-02 -6.227771e-03 9.999210e-01 -4.683445e+00
9.980147e-01 6.232123e-02 9.093706e-03 2.270894e+02 -6.237235e-02 9.980381e-01 5.449255e-03 -1.348170e+01 -8.736261e-03 -6.005633e-03 9.999438e-01 -4.705543e+00
9.982966e-01 5.734789e-02 1.072935e-02 2.278681e+02 -5.741687e-02 9.983307e-01 6.235861e-03 -1.354023e+01 -1.035383e-02 -6.841285e-03 9.999230e-01 -4.735313e+00
9.985931e-01 5.254179e-02 7.151950e-03 2.286655e+02 -5.259702e-02 9.985855e-01 7.766913e-03 -1.357790e+01 -6.733747e-03 -8.132157e-03 9.999443e-01 -4.747253e+00
9.988249e-01 4.806064e-02 6.246676e-03 2.293927e+02 -4.811108e-02 9.988085e-01 8.192380e-03 -1.361682e+01 -5.845502e-03 -8.483288e-03 9.999470e-01 -4.783704e+00
9.990146e-01 4.390024e-02 6.522270e-03 2.301540e+02 -4.396640e-02 9.989792e-01 1.037107e-02 -1.366123e+01 -6.060319e-03 -1.064762e-02 9.999250e-01 -4.779635e+00
9.992152e-01 3.857956e-02 8.972482e-03 2.308848e+02 -3.867093e-02 9.991996e-01 1.024334e-02 -1.370059e+01 -8.570115e-03 -1.058228e-02 9.999073e-01 -4.814320e+00
9.993955e-01 3.349419e-02 9.315805e-03 2.316067e+02 -3.360941e-02 9.993567e-01 1.250002e-02 -1.373276e+01 -8.891135e-03 -1.280556e-02 9.998785e-01 -4.817398e+00
9.995710e-01 2.774607e-02 9.374280e-03 2.323270e+02 -2.787240e-02 9.995186e-01 1.362642e-02 -1.375061e+01 -8.991687e-03 -1.388186e-02 9.998632e-01 -4.863537e+00
9.997054e-01 2.230203e-02 9.577001e-03 2.330410e+02 -2.243684e-02 9.996474e-01 1.420774e-02 -1.377594e+01 -9.256762e-03 -1.441844e-02 9.998532e-01 -4.879788e+00
9.998408e-01 1.660457e-02 6.528768e-03 2.337432e+02 -1.668995e-02 9.997729e-01 1.324899e-02 -1.379445e+01 -6.307292e-03 -1.335584e-02 9.998909e-01 -4.914087e+00
9.999090e-01 1.134722e-02 7.287248e-03 2.344522e+02 -1.142657e-02 9.998749e-01 1.094132e-02 -1.380818e+01 -7.162183e-03 -1.102359e-02 9.999136e-01 -4.922807e+00
9.999490e-01 5.848327e-03 8.237022e-03 2.351177e+02 -5.933990e-03 9.999280e-01 1.041395e-02 -1.382091e+01 -8.175527e-03 -1.046229e-02 9.999118e-01 -4.927116e+00
9.999514e-01 6.064430e-04 9.845505e-03 2.358066e+02 -6.943181e-04 9.999599e-01 8.924438e-03 -1.383106e+01 -9.839699e-03 -8.930840e-03 9.999117e-01 -4.968528e+00
9.999204e-01 -4.187757e-03 1.190555e-02 2.365025e+02 4.054142e-03 9.999288e-01 1.122501e-02 -1.384051e+01 -1.195171e-02 -1.117585e-02 9.998661e-01 -4.988491e+00
9.999156e-01 -9.234935e-03 9.137714e-03 2.371473e+02 9.151550e-03 9.999164e-01 9.125519e-03 -1.383256e+01 -9.221224e-03 -9.041124e-03 9.999166e-01 -5.009696e+00
9.998628e-01 -1.405359e-02 8.763937e-03 2.378285e+02 1.399006e-02 9.998758e-01 7.268735e-03 -1.382481e+01 -8.865001e-03 -7.145130e-03 9.999352e-01 -5.036354e+00
9.997953e-01 -1.873843e-02 7.633469e-03 2.385150e+02 1.870551e-02 9.998156e-01 4.362236e-03 -1.382134e+01 -7.713802e-03 -4.218556e-03 9.999614e-01 -5.022321e+00
9.996794e-01 -2.385638e-02 8.474633e-03 2.391635e+02 2.381564e-02 9.997045e-01 4.875889e-03 -1.381081e+01 -8.588450e-03 -4.672498e-03 9.999522e-01 -5.066958e+00
9.996076e-01 -2.711209e-02 7.044591e-03 2.398156e+02 2.707255e-02 9.996175e-01 5.648734e-03 -1.378844e+01 -7.195045e-03 -5.455802e-03 9.999592e-01 -5.062974e+00
9.995089e-01 -3.047581e-02 7.296973e-03 2.404787e+02 3.040729e-02 9.994941e-01 9.323818e-03 -1.378021e+01 -7.577432e-03 -9.097357e-03 9.999299e-01 -5.075395e+00
9.994184e-01 -3.360466e-02 5.802059e-03 2.411266e+02 3.353649e-02 9.993716e-01 1.147080e-02 -1.375998e+01 -6.183886e-03 -1.126955e-02 9.999174e-01 -5.096726e+00
9.992899e-01 -3.661526e-02 8.885663e-03 2.417605e+02 3.648036e-02 9.992234e-01 1.489677e-02 -1.374152e+01 -9.424211e-03 -1.456204e-02 9.998496e-01 -5.114903e+00
9.991969e-01 -3.985646e-02 4.108567e-03 2.424339e+02 3.978492e-02 9.990765e-01 1.623043e-02 -1.371955e+01 -4.751660e-03 -1.605394e-02 9.998598e-01 -5.145634e+00
9.991118e-01 -4.176556e-02 5.588343e-03 2.430906e+02 4.166484e-02 9.989859e-01 1.706508e-02 -1.369485e+01 -6.295409e-03 -1.681709e-02 9.998388e-01 -5.168814e+00
9.990269e-01 -4.410305e-02 3.572768e-04 2.437362e+02 4.409280e-02 9.989158e-01 1.493254e-02 -1.367241e+01 -1.015460e-03 -1.490225e-02 9.998884e-01 -5.161021e+00
9.989556e-01 -4.542843e-02 4.898719e-03 2.444174e+02 4.535348e-02 9.988663e-01 1.445747e-02 -1.364318e+01 -5.549946e-03 -1.422020e-02 9.998835e-01 -5.194795e+00
9.989213e-01 -4.638974e-02 2.058351e-03 2.450719e+02 4.636040e-02 9.988461e-01 1.254157e-02 -1.362665e+01 -2.637775e-03 -1.243261e-02 9.999192e-01 -5.209245e+00
9.988766e-01 -4.706806e-02 5.480522e-03 2.457127e+02 4.698896e-02 9.988006e-01 1.376330e-02 -1.359686e+01 -6.121760e-03 -1.349031e-02 9.998903e-01 -5.253248e+00
9.988887e-01 -4.711740e-02 1.192925e-03 2.463868e+02 4.709940e-02 9.988158e-01 1.219379e-02 -1.357522e+01 -1.766052e-03 -1.212406e-02 9.999250e-01 -5.250608e+00
9.989284e-01 -4.625332e-02 -1.666426e-03 2.470255e+02 4.626806e-02 9.988761e-01 1.029185e-02 -1.354480e+01 1.188521e-03 -1.035793e-02 9.999456e-01 -5.302127e+00
9.990618e-01 -4.298722e-02 -5.257989e-03 2.476828e+02 4.303396e-02 9.990318e-01 9.125453e-03 -1.352217e+01 4.860621e-03 -9.343163e-03 9.999446e-01 -5.294964e+00
9.992059e-01 -3.930077e-02 -6.564275e-03 2.483679e+02 3.937124e-02 9.991643e-01 1.097475e-02 -1.350990e+01 6.127473e-03 -1.122448e-02 9.999182e-01 -5.325874e+00
9.993688e-01 -3.543973e-02 -2.426335e-03 2.490232e+02 3.545942e-02 9.993339e-01 8.621568e-03 -1.349794e+01 2.119172e-03 -8.702163e-03 9.999599e-01 -5.332256e+00
9.995139e-01 -3.109339e-02 -2.290784e-03 2.496778e+02 3.111226e-02 9.994777e-01 8.722822e-03 -1.348446e+01 2.018366e-03 -8.789853e-03 9.999593e-01 -5.346717e+00
9.996395e-01 -2.670862e-02 -2.760274e-03 2.503495e+02 2.673473e-02 9.995936e-01 9.902271e-03 -1.347358e+01 2.494676e-03 -9.972497e-03 9.999472e-01 -5.359943e+00
9.997118e-01 -2.351699e-02 -4.822662e-03 2.510091e+02 2.356593e-02 9.996687e-01 1.035537e-02 -1.346838e+01 4.577537e-03 -1.046604e-02 9.999347e-01 -5.376159e+00
9.997817e-01 -2.076145e-02 -2.353420e-03 2.516669e+02 2.078740e-02 9.997166e-01 1.160027e-02 -1.347219e+01 2.111914e-03 -1.164666e-02 9.999300e-01 -5.407246e+00
9.998359e-01 -1.811385e-02 -3.387312e-05 2.523653e+02 1.811279e-02 9.997537e-01 1.283050e-02 -1.346399e+01 -1.985449e-04 -1.282901e-02 9.999177e-01 -5.408133e+00
9.998845e-01 -1.504485e-02 2.170704e-03 2.530078e+02 1.501764e-02 9.998146e-01 1.205074e-02 -1.346623e+01 -2.351603e-03 -1.201675e-02 9.999250e-01 -5.428173e+00
9.999267e-01 -1.205197e-02 1.127720e-03 2.536968e+02 1.203759e-02 9.998558e-01 1.198600e-02 -1.347024e+01 -1.272013e-03 -1.197155e-02 9.999275e-01 -5.464232e+00
9.999549e-01 -9.209722e-03 2.334100e-03 2.543815e+02 9.181190e-03 9.998865e-01 1.195367e-02 -1.346796e+01 -2.443925e-03 -1.193170e-02 9.999259e-01 -5.477216e+00
9.999791e-01 -6.235036e-03 1.685094e-03 2.550446e+02 6.212486e-03 9.998951e-01 1.307144e-02 -1.346535e+01 -1.766418e-03 -1.306070e-02 9.999132e-01 -5.507056e+00
9.999894e-01 -3.783120e-03 2.633567e-03 2.557379e+02 3.752891e-03 9.999282e-01 1.139012e-02 -1.347541e+01 -2.676468e-03 -1.138012e-02 9.999316e-01 -5.513992e+00
9.999961e-01 -9.241971e-04 2.623717e-03 2.564111e+02 8.942292e-04 9.999346e-01 1.140025e-02 -1.348201e+01 -2.634081e-03 -1.139786e-02 9.999316e-01 -5.540799e+00
9.999920e-01 2.575332e-03 3.053721e-03 2.570768e+02 -2.606324e-03 9.999448e-01 1.018885e-02 -1.349098e+01 -3.027312e-03 -1.019673e-02 9.999434e-01 -5.553605e+00
9.999740e-01 5.909822e-03 4.134430e-03 2.577743e+02 -5.949436e-03 9.999360e-01 9.635644e-03 -1.350086e+01 -4.077220e-03 -9.659991e-03 9.999450e-01 -5.580051e+00
9.999508e-01 9.751552e-03 1.821457e-03 2.584473e+02 -9.771767e-03 9.998869e-01 1.144058e-02 -1.352157e+01 -1.709688e-03 -1.145782e-02 9.999329e-01 -5.569907e+00
9.999169e-01 1.257618e-02 2.842289e-03 2.591122e+02 -1.260556e-02 9.998648e-01 1.056426e-02 -1.353962e+01 -2.709046e-03 -1.059921e-02 9.999402e-01 -5.623210e+00
9.998681e-01 1.588596e-02 3.376884e-03 2.597962e+02 -1.591968e-02 9.998212e-01 1.020653e-02 -1.356256e+01 -3.214140e-03 -1.025894e-02 9.999422e-01 -5.627965e+00
9.998118e-01 1.901389e-02 3.865697e-03 2.604746e+02 -1.905343e-02 9.997636e-01 1.046278e-02 -1.358482e+01 -3.665845e-03 -1.053447e-02 9.999378e-01 -5.636266e+00
9.997482e-01 2.199039e-02 4.472278e-03 2.611396e+02 -2.203248e-02 9.997113e-01 9.588829e-03 -1.360330e+01 -4.260124e-03 -9.684949e-03 9.999440e-01 -5.673770e+00
9.996921e-01 2.464969e-02 2.828779e-03 2.618121e+02 -2.467912e-02 9.996359e-01 1.089104e-02 -1.362807e+01 -2.559289e-03 -1.095750e-02 9.999367e-01 -5.685431e+00
9.996160e-01 2.763273e-02 2.073718e-03 2.624691e+02 -2.765344e-02 9.995601e-01 1.072556e-02 -1.365634e+01 -1.776430e-03 -1.077879e-02 9.999403e-01 -5.707159e+00
9.995418e-01 3.023054e-02 1.560949e-03 2.631166e+02 -3.024737e-02 9.994678e-01 1.220811e-02 -1.368533e+01 -1.191060e-03 -1.224973e-02 9.999242e-01 -5.699034e+00
9.994648e-01 3.256104e-02 3.162693e-03 2.637679e+02 -3.259172e-02 9.994168e-01 1.018970e-02 -1.371749e+01 -2.829061e-03 -1.028733e-02 9.999431e-01 -5.753256e+00
9.993846e-01 3.506788e-02 -8.699264e-04 2.644271e+02 -3.505888e-02 9.993463e-01 8.804215e-03 -1.374221e+01 1.178103e-03 -8.768298e-03 9.999608e-01 -5.761684e+00
9.992735e-01 3.807085e-02 1.716679e-03 2.650592e+02 -3.808337e-02 9.992429e-01 7.969862e-03 -1.377908e+01 -1.411960e-03 -8.029450e-03 9.999667e-01 -5.766994e+00
9.991779e-01 4.053577e-02 -6.446594e-04 2.657094e+02 -4.052955e-02 9.991481e-01 7.769118e-03 -1.381543e+01 9.590375e-04 -7.736602e-03 9.999696e-01 -5.788240e+00
9.990815e-01 4.284616e-02 6.564776e-04 2.663680e+02 -4.284973e-02 9.990568e-01 7.043717e-03 -1.385132e+01 -3.540622e-04 -7.065377e-03 9.999750e-01 -5.800140e+00
9.989694e-01 4.528137e-02 3.118749e-03 2.669759e+02 -4.530783e-02 9.989325e-01 9.010671e-03 -1.388689e+01 -2.707404e-03 -9.142688e-03 9.999545e-01 -5.824008e+00
9.988908e-01 4.708184e-02 6.320091e-04 2.676276e+02 -4.708577e-02 9.988434e-01 9.740659e-03 -1.393181e+01 -1.726700e-04 -9.759613e-03 9.999524e-01 -5.811387e+00
9.988219e-01 4.851161e-02 1.253351e-03 2.682447e+02 -4.852269e-02 9.987581e-01 1.130397e-02 -1.396633e+01 -7.034213e-04 -1.135147e-02 9.999353e-01 -5.871142e+00
9.987266e-01 5.042281e-02 1.639044e-03 2.688857e+02 -5.043956e-02 9.986469e-01 1.265429e-02 -1.400657e+01 -9.987615e-04 -1.272085e-02 9.999186e-01 -5.864581e+00
9.986531e-01 5.185443e-02 1.793727e-03 2.695101e+02 -5.187412e-02 9.985605e-01 1.364014e-02 -1.404555e+01 -1.083843e-03 -1.371482e-02 9.999053e-01 -5.897650e+00
9.985631e-01 5.344965e-02 3.855686e-03 2.701492e+02 -5.349563e-02 9.984832e-01 1.301605e-02 -1.409766e+01 -3.154134e-03 -1.320361e-02 9.999079e-01 -5.896749e+00
9.985155e-01 5.442350e-02 2.225843e-03 2.707953e+02 -5.445035e-02 9.984092e-01 1.464361e-02 -1.413566e+01 -1.425345e-03 -1.474307e-02 9.998903e-01 -5.929679e+00
9.984336e-01 5.591025e-02 2.092858e-03 2.714271e+02 -5.593403e-02 9.983376e-01 1.391352e-02 -1.418313e+01 -1.311470e-03 -1.400879e-02 9.999010e-01 -5.935450e+00
9.983794e-01 5.690522e-02 5.478837e-04 2.720631e+02 -5.690676e-02 9.982542e-01 1.581117e-02 -1.422671e+01 3.528106e-04 -1.581672e-02 9.998748e-01 -5.967745e+00
9.983519e-01 5.731815e-02 2.838895e-03 2.727036e+02 -5.735998e-02 9.981925e-01 1.792754e-02 -1.427348e+01 -1.806191e-03 -1.806083e-02 9.998353e-01 -5.993953e+00
9.983500e-01 5.736775e-02 2.509886e-03 2.733565e+02 -5.740842e-02 9.981214e-01 2.140393e-02 -1.432255e+01 -1.277275e-03 -2.151270e-02 9.997678e-01 -5.992177e+00
9.984055e-01 5.632572e-02 3.739181e-03 2.740028e+02 -5.639559e-02 9.981575e-01 2.239003e-02 -1.435877e+01 -2.471156e-03 -2.256520e-02 9.997423e-01 -6.037535e+00
9.985163e-01 5.445457e-02 1.409253e-04 2.746728e+02 -5.444486e-02 9.982822e-01 2.164226e-02 -1.439513e+01 1.037837e-03 -2.161782e-02 9.997658e-01 -6.045415e+00
9.985821e-01 5.323389e-02 3.064951e-05 2.753607e+02 -5.322463e-02 9.983974e-01 1.923783e-02 -1.443295e+01 9.935040e-04 -1.921218e-02 9.998149e-01 -6.073399e+00
9.986727e-01 5.143506e-02 -2.678802e-03 2.760257e+02 -5.137950e-02 9.985205e-01 1.779571e-02 -1.447090e+01 3.590163e-03 -1.763445e-02 9.998381e-01 -6.084140e+00
9.987620e-01 4.973117e-02 -1.095454e-03 2.767012e+02 -4.970296e-02 9.985974e-01 1.824227e-02 -1.451178e+01 2.001127e-03 -1.816524e-02 9.998330e-01 -6.123733e+00
9.988605e-01 4.772159e-02 -6.368886e-04 2.774062e+02 -4.770275e-02 9.987034e-01 1.777866e-02 -1.455188e+01 1.484489e-03 -1.772802e-02 9.998417e-01 -6.121373e+00
9.989570e-01 4.566163e-02 3.289100e-05 2.781214e+02 -4.565444e-02 9.987866e-01 1.847861e-02 -1.459264e+01 8.109122e-04 -1.846084e-02 9.998292e-01 -6.171745e+00
9.990151e-01 4.437109e-02 1.678537e-05 2.788307e+02 -4.436531e-02 9.988785e-01 1.653230e-02 -1.463790e+01 7.167897e-04 -1.651676e-02 9.998633e-01 -6.195909e+00
9.990830e-01 4.279764e-02 1.213203e-03 2.795453e+02 -4.281124e-02 9.989648e-01 1.537394e-02 -1.466814e+01 -5.539783e-04 -1.541178e-02 9.998811e-01 -6.220019e+00
9.991493e-01 4.122633e-02 1.037328e-03 2.802825e+02 -4.123667e-02 9.990560e-01 1.366326e-02 -1.470256e+01 -4.730626e-04 -1.369441e-02 9.999061e-01 -6.215296e+00
9.991843e-01 4.021075e-02 3.719295e-03 2.809926e+02 -4.025614e-02 9.991039e-01 1.306465e-02 -1.474492e+01 -3.190624e-03 -1.320372e-02 9.999077e-01 -6.253959e+00
9.992283e-01 3.910387e-02 3.698872e-03 2.817273e+02 -3.914985e-02 9.991449e-01 1.330668e-02 -1.477762e+01 -3.175366e-03 -1.344122e-02 9.999046e-01 -6.254679e+00
9.992660e-01 3.780952e-02 6.147431e-03 2.824366e+02 -3.788552e-02 9.992007e-01 1.275480e-02 -1.482036e+01 -5.660264e-03 -1.297834e-02 9.998997e-01 -6.287901e+00
9.992986e-01 3.707238e-02 5.291267e-03 2.831653e+02 -3.714009e-02 9.992213e-01 1.332937e-02 -1.485693e+01 -4.792995e-03 -1.351654e-02 9.998972e-01 -6.313427e+00
9.993219e-01 3.628870e-02 6.230573e-03 2.838930e+02 -3.636714e-02 9.992542e-01 1.297550e-02 -1.488999e+01 -5.755062e-03 -1.319329e-02 9.998964e-01 -6.331251e+00
9.993482e-01 3.556630e-02 6.184204e-03 2.846136e+02 -3.564475e-02 9.992790e-01 1.307669e-02 -1.492928e+01 -5.714655e-03 -1.328860e-02 9.998954e-01 -6.357831e+00
9.993581e-01 3.521990e-02 6.557250e-03 2.853308e+02 -3.530561e-02 9.992859e-01 1.344921e-02 -1.496681e+01 -6.078890e-03 -1.367208e-02 9.998881e-01 -6.380427e+00
9.993778e-01 3.455164e-02 7.083209e-03 2.860676e+02 -3.463937e-02 9.993197e-01 1.266240e-02 -1.500404e+01 -6.640884e-03 -1.289988e-02 9.998947e-01 -6.401011e+00
