1.000000e+00 0.000000e+00 0.000000e+00 0.000000e+00 0.000000e+00 1.000000e+00 0.000000e+00 0.000000e+00 0.000000e+00 0.000000e+00 1.000000e+00 0.000000e+00
9.999961e-01 2.535027e-03 1.208254e-03 1.882204e+00 -2.532327e-03 9.999943e-01 -2.230379e-03 -1.279968e-02 -1.213901e-03 2.227311e-03 9.999968e-01 -3.660005e-02
9.999968e-01 2.472108e-03 5.724216e-04 3.655784e+00 -2.470986e-03 9.999951e-01 -1.951253e-03 -2.643984e-02 -5.772425e-04 1.949832e-03 9.999979e-01 -4.367491e-02
9.999914e-01 1.051888e-03 4.005868e-03 5.407078e+00 -1.053332e-03 9.999994e-01 3.585432e-04 -5.163734e-02 -4.005488e-03 -3.627597e-04 9.999919e-01 -7.689673e-02
9.999983e-01 -7.609932e-04 1.703358e-03 7.165463e+00 7.626293e-04 9.999993e-01 -9.600692e-04 -5.117206e-02 -1.702627e-03 9.613666e-04 9.999981e-01 -9.159265e-02
9.999927e-01 -2.797483e-03 2.622961e-03 8.953085e+00 2.802235e-03 9.999944e-01 -1.809969e-03 -6.109552e-02 -2.617883e-03 1.817306e-03 9.999949e-01 -1.253152e-01
9.999874e-01 -4.721665e-03 1.739735e-03 1.070657e+01 4.727650e-03 9.999830e-01 -3.452749e-03 -6.813001e-02 -1.723403e-03 3.460930e-03 9.999925e-01 -1.397025e-01
9.999781e-01 -6.012474e-03 2.772913e-03 1.250172e+01 6.017234e-03 9.999804e-01 -1.711594e-03 -8.022189e-02 -2.762568e-03 1.728242e-03 9.999947e-01 -1.723418e-01
9.999705e-01 -7.674913e-03 2.999177e-04 1.426300e+01 7.675779e-03 9.999659e-01 -2.997494e-03 -7.852259e-02 -2.769021e-04 2.999707e-03 9.999955e-01 -1.892769e-01
9.999579e-01 -9.180931e-03 -5.016255e-05 1.606046e+01 9.180764e-03 9.999542e-01 -2.682421e-03 -7.897484e-02 7.478737e-05 2.681847e-03 9.999964e-01 -2.251823e-01
9.999301e-01 -1.151152e-02 -2.674505e-03 1.783796e+01 1.150613e-02 9.999318e-01 -2.022136e-03 -7.221057e-02 2.697601e-03 1.991222e-03 9.999944e-01 -2.401396e-01
9.999113e-01 -1.304286e-02 -2.701351e-03 1.961574e+01 1.304200e-02 9.999150e-01 -3.343968e-04 -6.588057e-02 2.705483e-03 2.991361e-04 9.999963e-01 -2.667584e-01
9.998794e-01 -1.513900e-02 -3.454962e-03 2.141794e+01 1.513809e-02 9.998853e-01 -2.884083e-04 -6.006517e-02 3.458933e-03 2.360720e-04 9.999940e-01 -2.828466e-01
9.998342e-01 -1.788433e-02 -3.427601e-03 2.317098e+01 1.787318e-02 9.998350e-01 -3.256026e-03 -4.311368e-02 3.485267e-03 3.194224e-03 9.999889e-01 -3.160890e-01
9.997865e-01 -2.040959e-02 -3.223617e-03 2.490080e+01 2.039542e-02 9.997824e-01 -4.369447e-03 -1.371528e-02 3.312095e-03 4.302768e-03 9.999853e-01 -3.306212e-01
9.997320e-01 -2.303492e-02 -2.287330e-03 2.668934e+01 2.302664e-02 9.997286e-01 -3.582350e-03 1.871022e-02 2.369228e-03 3.528721e-03 9.999909e-01 -3.446855e-01
9.996814e-01 -2.493033e-02 -3.937025e-03 2.845524e+01 2.492731e-02 9.996890e-01 -8.138936e-04 3.735961e-02 3.956091e-03 7.154949e-04 9.999919e-01 -3.681541e-01
9.996102e-01 -2.765708e-02 -3.819474e-03 3.021986e+01 2.765203e-02 9.996166e-01 -1.368336e-03 7.983825e-02 3.855854e-03 1.262186e-03 9.999918e-01 -3.822659e-01
9.995434e-01 -2.983725e-02 -4.769696e-03 3.201480e+01 2.982786e-02 9.995531e-01 -2.029939e-03 1.065036e-01 4.828132e-03 1.886743e-03 9.999866e-01 -4.266415e-01
9.994844e-01 -3.206452e-02 -1.706522e-03 3.377685e+01 3.206117e-02 9.994839e-01 -1.956831e-03 1.510348e-01 1.768386e-03 1.901109e-03 9.999966e-01 -4.344948e-01
9.994019e-01 -3.434760e-02 -4.003393e-03 3.557681e+01 3.434265e-02 9.994092e-01 -1.297817e-03 1.953646e-01 4.045605e-03 1.159553e-03 9.999911e-01 -4.797206e-01
9.993427e-01 -3.624528e-02 -6.895578e-04 3.733183e+01 3.624457e-02 9.993424e-01 -9.981466e-04 2.387627e-01 7.252825e-04 9.724977e-04 9.999993e-01 -4.887341e-01
9.992633e-01 -3.829981e-02 -2.418088e-03 3.912699e+01 3.829650e-02 9.992654e-01 -1.399264e-03 2.886416e-01 2.469903e-03 1.305629e-03 9.999961e-01 -5.157263e-01
9.991999e-01 -3.994415e-02 1.978945e-03 4.087442e+01 3.994646e-02 9.992012e-01 -1.142967e-03 3.474004e-01 -1.931710e-03 1.221104e-03 9.999974e-01 -5.480220e-01
9.991323e-01 -4.158757e-02 2.271329e-03 4.268638e+01 4.159051e-02 9.991341e-01 -1.264664e-03 3.994251e-01 -2.216767e-03 1.358032e-03 9.999966e-01 -5.522280e-01
9.990373e-01 -4.360681e-02 4.798616e-03 4.445364e+01 4.361273e-02 9.990479e-01 -1.134934e-03 4.548296e-01 -4.744557e-03 1.343122e-03 9.999878e-01 -5.977063e-01
9.989719e-01 -4.526548e-02 2.489421e-03 4.623776e+01 4.527244e-02 9.989707e-01 -2.814904e-03 5.155525e-01 -2.359440e-03 2.924712e-03 9.999930e-01 -6.303620e-01
9.988920e-01 -4.697881e-02 2.792546e-03 4.801969e+01 4.698737e-02 9.988906e-01 -3.086485e-03 5.870969e-01 -2.644449e-03 3.214280e-03 9.999914e-01 -6.519621e-01
9.988435e-01 -4.807082e-02 -9.451715e-04 4.984748e+01 4.806965e-02 9.988431e-01 -1.227123e-03 6.479587e-01 1.003067e-03 1.180270e-03 9.999988e-01 -6.917379e-01
9.987628e-01 -4.971469e-02 -1.121792e-03 5.159978e+01 4.971452e-02 9.987634e-01 -1.760342e-04 7.248572e-01 1.129156e-03 1.200471e-04 9.999993e-01 -6.924403e-01
9.986400e-01 -5.175859e-02 -6.261919e-03 5.339862e+01 5.175404e-02 9.986596e-01 -8.868169e-04 8.094828e-01 6.299425e-03 5.615312e-04 9.999800e-01 -7.365065e-01
9.985629e-01 -5.349277e-02 -3.269552e-03 5.518282e+01 5.348476e-02 9.985656e-01 -2.490949e-03 8.932130e-01 3.398109e-03 2.312497e-03 9.999915e-01 -7.457092e-01
9.984632e-01 -5.523513e-02 -4.509989e-03 5.693919e+01 5.523435e-02 9.984734e-01 -2.969584e-04 9.727651e-01 4.519506e-03 4.739576e-05 9.999898e-01 -7.830134e-01
9.983431e-01 -5.744075e-02 -3.403742e-03 5.873470e+01 5.744104e-02 9.983490e-01 -1.493532e-05 1.058323e+00 3.398980e-03 -1.806039e-04 9.999942e-01 -7.947540e-01
9.982538e-01 -5.883230e-02 -5.312725e-03 6.051482e+01 5.883100e-02 9.982679e-01 -4.004265e-04 1.147792e+00 5.327080e-03 8.717435e-05 9.999858e-01 -8.374896e-01
9.981544e-01 -6.068276e-02 -2.324188e-03 6.229198e+01 6.067695e-02 9.981544e-01 -2.493046e-03 1.232940e+00 2.471183e-03 2.347420e-03 9.999942e-01 -8.445261e-01
9.980694e-01 -6.200755e-02 -3.537296e-03 6.407022e+01 6.200595e-02 9.980756e-01 -5.609171e-04 1.328693e+00 3.565270e-03 3.405007e-04 9.999936e-01 -8.971273e-01
9.979706e-01 -6.356076e-02 -3.831264e-03 6.585203e+01 6.355961e-02 9.979780e-01 -4.221577e-04 1.428083e+00 3.850349e-03 1.777873e-04 9.999925e-01 -9.246632e-01
9.978755e-01 -6.494907e-02 -5.124227e-03 6.762347e+01 6.494690e-02 9.978886e-01 -5.890469e-04 1.531222e+00 5.151665e-03 2.549927e-04 9.999867e-01 -9.400929e-01
9.977743e-01 -6.648174e-02 -5.160596e-03 6.940056e+01 6.647754e-02 9.977875e-01 -9.822268e-04 1.627138e+00 5.214478e-03 6.369769e-04 9.999862e-01 -9.706733e-01
9.976887e-01 -6.779427e-02 -4.596377e-03 7.117898e+01 6.780104e-02 9.976979e-01 1.331469e-03 1.730536e+00 4.495530e-03 -1.640031e-03 9.999886e-01 -1.009658e+00
9.975995e-01 -6.908626e-02 -4.732926e-03 7.296301e+01 6.908967e-02 9.976102e-01 5.605404e-04 1.835204e+00 4.682890e-03 -8.861910e-04 9.999886e-01 -1.032202e+00
9.975296e-01 -7.015295e-02 -3.637163e-03 7.471674e+01 7.014447e-02 9.975338e-01 -2.409757e-03 1.947289e+00 3.797245e-03 2.148677e-03 9.999905e-01 -1.052131e+00
9.974857e-01 -7.082925e-02 -2.333785e-03 7.651497e+01 7.082821e-02 9.974885e-01 -5.265026e-04 2.051832e+00 2.365215e-03 3.598810e-04 9.999971e-01 -1.080672e+00
9.974452e-01 -7.143439e-02 -5.513384e-04 7.826575e+01 7.143522e-02 9.974439e-01 1.684407e-03 2.161091e+00 4.296045e-04 -1.719488e-03 9.999985e-01 -1.119954e+00
9.974084e-01 -7.192247e-02 -1.885613e-03 8.002147e+01 7.192672e-02 9.974073e-01 2.286353e-03 2.272623e+00 1.716284e-03 -2.416054e-03 9.999956e-01 -1.143124e+00
9.973599e-01 -7.256644e-02 -2.692577e-03 8.180034e+01 7.256208e-02 9.973625e-01 -1.686336e-03 2.387243e+00 2.807847e-03 1.486505e-03 9.999949e-01 -1.181972e+00
9.972702e-01 -7.377724e-02 -3.026312e-03 8.355981e+01 7.376585e-02 9.972687e-01 -3.713986e-03 2.507754e+00 3.292054e-03 3.480608e-03 9.999885e-01 -1.195053e+00
9.972369e-01 -7.410152e-02 -5.246898e-03 8.534544e+01 7.409345e-02 9.972498e-01 -1.714187e-03 2.621017e+00 5.359492e-03 1.320690e-03 9.999847e-01 -1.230460e+00
9.971715e-01 -7.504575e-02 -4.137417e-03 8.710130e+01 7.504216e-02 9.971799e-01 -1.015904e-03 2.743822e+00 4.201988e-03 7.025498e-04 9.999909e-01 -1.239006e+00
9.971004e-01 -7.603049e-02 -3.199427e-03 8.887971e+01 7.602893e-02 9.971054e-01 -6.062140e-04 2.856780e+00 3.236257e-03 3.612072e-04 9.999947e-01 -1.262241e+00
9.969892e-01 -7.754079e-02 1.305887e-05 9.066089e+01 7.754070e-02 9.969878e-01 -1.740667e-03 2.979271e+00 1.219532e-04 1.736439e-03 9.999985e-01 -1.285304e+00
9.969245e-01 -7.831354e-02 -2.923644e-03 9.240786e+01 7.831367e-02 9.969287e-01 -6.860096e-05 3.099000e+00 2.920037e-03 -1.605713e-04 9.999957e-01 -1.345258e+00
9.968216e-01 -7.959504e-02 -3.355829e-03 9.419884e+01 7.959650e-02 9.968271e-01 3.053795e-04 3.224866e+00 3.320874e-03 -5.715211e-04 9.999943e-01 -1.364301e+00
9.967145e-01 -8.076900e-02 -6.050203e-03 9.595480e+01 8.077618e-02 9.967318e-01 9.526873e-04 3.350352e+00 5.953482e-03 -1.438270e-03 9.999812e-01 -1.386264e+00
9.966320e-01 -8.189879e-02 -4.156132e-03 9.773235e+01 8.189327e-02 9.966400e-01 -1.481513e-03 3.485735e+00 4.263502e-03 1.136164e-03 9.999903e-01 -1.406670e+00
9.965582e-01 -8.286373e-02 -2.315397e-03 9.950440e+01 8.286184e-02 9.965605e-01 -9.030683e-04 3.609707e+00 2.382265e-03 7.081020e-04 9.999969e-01 -1.430660e+00
9.964275e-01 -8.444206e-02 -1.352396e-03 1.012443e+02 8.444144e-02 9.964284e-01 -5.188009e-04 3.743220e+00 1.391374e-03 4.027492e-04 9.999989e-01 -1.468288e+00
9.963665e-01 -8.516553e-02 -7.576943e-04 1.030324e+02 8.516617e-02 9.963663e-01 8.656920e-04 3.878869e+00 6.812140e-04 -9.270764e-04 9.999993e-01 -1.500645e+00
9.962980e-01 -8.595609e-02 -1.327788e-03 1.047761e+02 8.595421e-02 9.962981e-01 -1.406989e-03 4.010886e+00 1.443812e-03 1.287652e-03 9.999982e-01 -1.516662e+00
9.962758e-01 -8.619744e-02 -2.100546e-03 1.065131e+02 8.619870e-02 9.962779e-01 5.154001e-04 4.143548e+00 2.048301e-03 -6.945450e-04 9.999977e-01 -1.580583e+00
9.962511e-01 -8.646183e-02 -2.841558e-03 1.082597e+02 8.645647e-02 9.962538e-01 -1.962039e-03 4.280348e+00 3.000554e-03 1.709013e-03 9.999940e-01 -1.572340e+00
9.961767e-01 -8.726463e-02 -4.123050e-03 1.100020e+02 8.726498e-02 9.961851e-01 -9.422118e-05 4.417696e+00 4.115544e-03 -2.659370e-04 9.999915e-01 -1.642468e+00
9.960879e-01 -8.821856e-02 -5.135589e-03 1.117415e+02 8.821423e-02 9.961009e-01 -1.065824e-03 4.568492e+00 5.209591e-03 6.086224e-04 9.999862e-01 -1.630273e+00
9.960399e-01 -8.878257e-02 -4.701937e-03 1.134657e+02 8.878350e-02 9.960510e-01 -1.136864e-05 4.703827e+00 4.684377e-03 -4.061307e-04 9.999890e-01 -1.694788e+00
9.959428e-01 -8.993069e-02 -3.218186e-03 1.151942e+02 8.993409e-02 9.959472e-01 9.288341e-04 4.847791e+00 3.121613e-03 -1.214490e-03 9.999944e-01 -1.689704e+00
9.958869e-01 -9.055830e-02 -2.895953e-03 1.169047e+02 9.056445e-02 9.958886e-01 2.071519e-03 4.983240e+00 2.696453e-03 -2.325269e-03 9.999937e-01 -1.745680e+00
9.958673e-01 -9.081027e-02 -1.397800e-03 1.186508e+02 9.081183e-02 9.958675e-01 1.097487e-03 5.128713e+00 1.292361e-03 -1.219888e-03 9.999985e-01 -1.767979e+00
9.957687e-01 -9.187414e-02 -1.943982e-03 1.203783e+02 9.187610e-02 9.957700e-01 9.431884e-04 5.267530e+00 1.849104e-03 -1.117803e-03 9.999977e-01 -1.810107e+00
9.956858e-01 -9.274081e-02 -2.995264e-03 1.220974e+02 9.274358e-02 9.956897e-01 8.018034e-04 5.417141e+00 2.907994e-03 -1.076136e-03 9.999952e-01 -1.849386e+00
9.956782e-01 -9.279332e-02 -3.774359e-03 1.237898e+02 9.279456e-02 9.956852e-01 1.528780e-04 5.561360e+00 3.743887e-03 -5.024573e-04 9.999928e-01 -1.870763e+00
9.955561e-01 -9.401655e-02 -5.380990e-03 1.254902e+02 9.401242e-02 9.955704e-01 -1.014623e-03 5.706118e+00 5.452546e-03 5.042338e-04 9.999850e-01 -1.913114e+00
9.954683e-01 -9.490351e-02 -6.010609e-03 1.271864e+02 9.489571e-02 9.954861e-01 -1.572371e-03 5.856262e+00 6.132701e-03 9.948647e-04 9.999807e-01 -1.931240e+00
9.953327e-01 -9.625194e-02 -6.955528e-03 1.288830e+02 9.624182e-02 9.953563e-01 -1.776650e-03 6.006416e+00 7.094235e-03 1.098945e-03 9.999743e-01 -1.950132e+00
9.952034e-01 -9.763317e-02 -6.155341e-03 1.305785e+02 9.763019e-02 9.952224e-01 -7.825378e-04 6.153480e+00 6.202336e-03 1.778371e-04 9.999807e-01 -1.981860e+00
9.950538e-01 -9.916598e-02 -5.841136e-03 1.322457e+02 9.916713e-02 9.950708e-01 -9.429273e-05 6.309744e+00 5.821695e-03 -4.854223e-04 9.999830e-01 -2.010185e+00
9.948692e-01 -1.010580e-01 -4.757761e-03 1.339363e+02 1.010532e-01 9.948803e-01 -1.252238e-03 6.466636e+00 4.859951e-03 7.650258e-04 9.999879e-01 -2.038001e+00
9.946374e-01 -1.033405e-01 -4.135583e-03 1.356245e+02 1.033408e-01 9.946461e-01 -1.552948e-04 6.622820e+00 4.129489e-03 -2.729123e-04 9.999914e-01 -2.059304e+00
9.944795e-01 -1.048180e-01 -4.864530e-03 1.373005e+02 1.048295e-01 9.944878e-01 2.191704e-03 6.777293e+00 4.607986e-03 -2.689551e-03 9.999858e-01 -2.094985e+00
9.943908e-01 -1.056238e-01 -5.522401e-03 1.389889e+02 1.056413e-01 9.943997e-01 2.983839e-03 6.941651e+00 5.176310e-03 -3.550496e-03 9.999803e-01 -2.110457e+00
9.941573e-01 -1.078373e-01 -4.721455e-03 1.406915e+02 1.078400e-01 9.941684e-01 3.205358e-04 7.124520e+00 4.659354e-03 -8.278247e-04 9.999888e-01 -2.151595e+00
9.938768e-01 -1.104655e-01 -2.501195e-03 1.423926e+02 1.104655e-01 9.938799e-01 -1.145652e-04 7.285945e+00 2.498543e-03 -1.624320e-04 9.999968e-01 -2.169472e+00
9.936466e-01 -1.125335e-01 -1.641080e-03 1.440644e+02 1.125347e-01 9.936475e-01 6.446681e-04 7.462232e+00 1.558108e-03 -8.252508e-04 9.999985e-01 -2.198092e+00
9.934547e-01 -1.141961e-01 -2.659880e-03 1.457444e+02 1.141993e-01 9.934572e-01 1.111582e-03 7.635190e+00 2.515538e-03 -1.408063e-03 9.999958e-01 -2.230860e+00
9.931661e-01 -1.166911e-01 -2.054511e-03 1.474571e+02 1.166945e-01 9.931666e-01 1.567091e-03 7.826580e+00 1.857606e-03 -1.796131e-03 9.999967e-01 -2.256394e+00
9.928495e-01 -1.193358e-01 -2.957702e-03 1.491688e+02 1.193386e-01 9.928533e-01 7.639904e-04 8.013407e+00 2.845393e-03 -1.111495e-03 9.999954e-01 -2.281882e+00
9.924560e-01 -1.226009e-01 -3.682251e-04 1.508501e+02 1.226009e-01 9.924561e-01 -1.123078e-04 8.208163e+00 3.792163e-04 6.631585e-05 9.999999e-01 -2.312577e+00
9.921989e-01 -1.246594e-01 1.133389e-03 1.525363e+02 1.246602e-01 9.921993e-01 -6.581641e-04 8.397198e+00 -1.042501e-03 7.943182e-04 9.999992e-01 -2.341315e+00
9.917817e-01 -1.278650e-01 4.424376e-03 1.542587e+02 1.278763e-01 9.917873e-01 -2.367112e-03 8.600473e+00 -4.085369e-03 2.913431e-03 9.999874e-01 -2.355231e+00
9.913563e-01 -1.309919e-01 7.335969e-03 1.559343e+02 1.310115e-01 9.913784e-01 -2.248374e-03 8.803291e+00 -6.978202e-03 3.190036e-03 9.999706e-01 -2.377887e+00
9.911112e-01 -1.326755e-01 9.785984e-03 1.576367e+02 1.326950e-01 9.911561e-01 -1.363426e-03 9.001624e+00 -9.518543e-03 2.649857e-03 9.999512e-01 -2.405002e+00
9.907641e-01 -1.351831e-01 1.058492e-02 1.593292e+02 1.351856e-01 9.908203e-01 4.831126e-04 9.208767e+00 -1.055306e-02 9.522779e-04 9.999439e-01 -2.436509e+00
9.903211e-01 -1.381655e-01 1.320751e-02 1.610211e+02 1.381634e-01 9.904087e-01 1.074541e-03 9.432559e+00 -1.322930e-02 7.606541e-04 9.999122e-01 -2.463424e+00
9.898962e-01 -1.410646e-01 1.436020e-02 1.627177e+02 1.410586e-01 9.900002e-01 1.436116e-03 9.653368e+00 -1.441918e-02 6.040240e-04 9.998959e-01 -2.494097e+00
9.895860e-01 -1.430705e-01 1.582315e-02 1.644124e+02 1.430696e-01 9.897118e-01 1.198950e-03 9.872011e+00 -1.583189e-02 1.077347e-03 9.998741e-01 -2.532112e+00
9.893752e-01 -1.444317e-01 1.662167e-02 1.660787e+02 1.444240e-01 9.895145e-01 1.669878e-03 1.009894e+01 -1.668857e-02 7.484328e-04 9.998605e-01 -2.562031e+00
9.892282e-01 -1.453544e-01 1.730792e-02 1.677720e+02 1.453453e-01 9.893793e-01 1.788728e-03 1.031904e+01 -1.738410e-02 7.461644e-04 9.998486e-01 -2.602829e+00
9.892166e-01 -1.452670e-01 1.865766e-02 1.694337e+02 1.452585e-01 9.893919e-01 1.815796e-03 1.054988e+01 -1.872351e-02 9.139687e-04 9.998243e-01 -2.631933e+00
9.893177e-01 -1.446169e-01 1.834167e-02 1.711141e+02 1.446412e-01 9.894843e-01 2.846355e-06 1.077443e+01 -1.814920e-02 2.650145e-03 9.998318e-01 -2.665879e+00
9.892403e-01 -1.449919e-01 1.951572e-02 1.727739e+02 1.450384e-01 9.894257e-01 -9.817433e-04 1.100073e+01 -1.916701e-02 3.801710e-03 9.998091e-01 -2.680190e+00
9.893555e-01 -1.441734e-01 1.974044e-02 1.744307e+02 1.442311e-01 9.895428e-01 -1.526751e-03 1.122916e+01 -1.931390e-02 4.357685e-03 9.998040e-01 -2.716683e+00
9.894084e-01 -1.436660e-01 2.076414e-02 1.760965e+02 1.437148e-01 9.896188e-01 -8.739459e-04 1.145377e+01 -2.042303e-02 3.848804e-03 9.997840e-01 -2.747979e+00
9.894590e-01 -1.434950e-01 1.949607e-02 1.777531e+02 1.435125e-01 9.896485e-01 5.024489e-04 1.167783e+01 -1.936635e-02 2.300778e-03 9.998098e-01 -2.768400e+00
9.895358e-01 -1.429234e-01 1.979285e-02 1.793989e+02 1.429646e-01 9.897275e-01 -6.750113e-04 1.190108e+01 -1.949305e-02 3.497625e-03 9.998039e-01 -2.809241e+00
9.894801e-01 -1.432836e-01 1.997238e-02 1.810544e+02 1.433088e-01 9.896780e-01 1.727460e-04 1.211943e+01 -1.979097e-02 2.691288e-03 9.998005e-01 -2.828881e+00
9.894269e-01 -1.437434e-01 1.929320e-02 1.826947e+02 1.437616e-01 9.896125e-01 4.519196e-04 1.235010e+01 -1.915775e-02 2.326479e-03 9.998138e-01 -2.848595e+00
9.893526e-01 -1.440665e-01 2.064422e-02 1.843292e+02 1.440921e-01 9.895642e-01 2.465063e-04 1.256835e+01 -2.046429e-02 2.730788e-03 9.997869e-01 -2.895758e+00
9.893797e-01 -1.437159e-01 2.176197e-02 1.859703e+02 1.437270e-01 9.896168e-01 1.063766e-03 1.278926e+01 -2.168889e-02 2.075313e-03 9.997626e-01 -2.914246e+00
9.893374e-01 -1.436487e-01 2.400919e-02 1.875864e+02 1.436374e-01 9.896281e-01 2.200316e-03 1.300562e+01 -2.407624e-02 1.271763e-03 9.997093e-01 -2.959869e+00
9.894208e-01 -1.429249e-01 2.487791e-02 1.891941e+02 1.429103e-01 9.897327e-01 2.371464e-03 1.321981e+01 -2.496142e-02 1.208933e-03 9.996877e-01 -2.989582e+00
9.894406e-01 -1.426228e-01 2.580820e-02 1.908032e+02 1.425750e-01 9.897771e-01 3.695213e-03 1.343056e+01 -2.607139e-02 2.340914e-05 9.996601e-01 -3.019407e+00
9.895272e-01 -1.414762e-01 2.864226e-02 1.924107e+02 1.414838e-01 9.899390e-01 1.771657e-03 1.364044e+01 -2.860474e-02 2.299314e-03 9.995881e-01 -3.067860e+00
9.895426e-01 -1.408440e-01 3.111861e-02 1.939965e+02 1.408675e-01 9.900274e-01 1.448747e-03 1.384783e+01 -3.101233e-02 2.950002e-03 9.995146e-01 -3.099307e+00
9.895569e-01 -1.403052e-01 3.303858e-02 1.956043e+02 1.403682e-01 9.900994e-01 4.148284e-04 1.405141e+01 -3.276968e-02 4.227071e-03 9.994540e-01 -3.113281e+00
9.897279e-01 -1.383522e-01 3.602037e-02 1.972005e+02 1.384252e-01 9.903727e-01 4.731675e-04 1.425901e+01 -3.573906e-02 4.517819e-03 9.993510e-01 -3.152888e+00
9.900618e-01 -1.358064e-01 3.652819e-02 1.987751e+02 1.358668e-01 9.907267e-01 8.355905e-04 1.444877e+01 -3.630293e-02 4.135681e-03 9.993322e-01 -3.171270e+00
9.902083e-01 -1.339298e-01 3.937288e-02 2.003514e+02 1.340332e-01 9.909769e-01 1.326948e-05 1.464834e+01 -3.901939e-02 5.264134e-03 9.992246e-01 -3.201486e+00
9.904487e-01 -1.320799e-01 3.957770e-02 2.019558e+02 1.322559e-01 9.912139e-01 -1.850995e-03 1.485005e+01 -3.898549e-02 7.067699e-03 9.992148e-01 -3.225080e+00
9.906418e-01 -1.297574e-01 4.232986e-02 2.035211e+02 1.298855e-01 9.915291e-01 -2.761809e-04 1.503583e+01 -4.193545e-02 5.771630e-03 9.991037e-01 -3.240957e+00
9.908181e-01 -1.283347e-01 4.254066e-02 2.051070e+02 1.284416e-01 9.917172e-01 2.212389e-04 1.522468e+01 -4.221669e-02 5.244784e-03 9.990947e-01 -3.277319e+00
9.910365e-01 -1.256782e-01 4.529605e-02 2.066552e+02 1.258329e-01 9.920512e-01 -5.688500e-04 1.539874e+01 -4.486451e-02 6.263486e-03 9.989734e-01 -3.290887e+00
9.912387e-01 -1.239606e-01 4.560309e-02 2.082358e+02 1.241229e-01 9.922665e-01 -7.343732e-04 1.559363e+01 -4.515938e-02 6.388328e-03 9.989594e-01 -3.331004e+00
9.914166e-01 -1.218280e-01 4.744560e-02 2.097963e+02 1.219764e-01 9.925330e-01 -2.353922e-04 1.575468e+01 -4.706265e-02 6.020617e-03 9.988738e-01 -3.358050e+00
9.917662e-01 -1.201711e-01 4.425659e-02 2.113506e+02 1.201520e-01 9.927506e-01 3.101300e-03 1.592792e+01 -4.430845e-02 2.241752e-03 9.990154e-01 -3.382679e+00
9.920972e-01 -1.171514e-01 4.493045e-02 2.128864e+02 1.171077e-01 9.931126e-01 3.612972e-03 1.608905e+01 -4.504426e-02 1.677283e-03 9.989836e-01 -3.418228e+00
9.923624e-01 -1.157305e-01 4.270117e-02 2.144340e+02 1.156978e-01 9.932792e-01 3.246209e-03 1.625468e+01 -4.278987e-02 1.719014e-03 9.990826e-01 -3.444455e+00
9.924011e-01 -1.145966e-01 4.480644e-02 2.159908e+02 1.147307e-01 9.933966e-01 -4.236132e-04 1.641557e+01 -4.446201e-02 5.561066e-03 9.989956e-01 -3.461825e+00
9.924216e-01 -1.134719e-01 4.715471e-02 2.175362e+02 1.136376e-01 9.935219e-01 -8.385538e-04 1.657335e+01 -4.675408e-02 6.190744e-03 9.988872e-01 -3.494110e+00
9.923938e-01 -1.132175e-01 4.833543e-02 2.190932e+02 1.132863e-01 9.935616e-01 1.321156e-03 1.673674e+01 -4.817379e-02 4.164636e-03 9.988303e-01 -3.514338e+00
9.925703e-01 -1.123181e-01 4.678515e-02 2.206384e+02 1.123959e-01 9.936631e-01 9.733435e-04 1.689511e+01 -4.659800e-02 4.292346e-03 9.989045e-01 -3.559687e+00
9.926562e-01 -1.116370e-01 4.659320e-02 2.221883e+02 1.116737e-01 9.937433e-01 1.821933e-03 1.705316e+01 -4.650508e-02 3.394684e-03 9.989123e-01 -3.574407e+00
9.927587e-01 -1.112339e-01 4.535617e-02 2.237284e+02 1.112702e-01 9.937887e-01 1.729699e-03 1.720974e+01 -4.526686e-02 3.329619e-03 9.989694e-01 -3.611900e+00
9.927348e-01 -1.103782e-01 4.789718e-02 2.252860e+02 1.104588e-01 9.938802e-01 9.701377e-04 1.735961e+01 -4.771114e-02 4.327575e-03 9.988518e-01 -3.621716e+00
9.927950e-01 -1.093240e-01 4.905522e-02 2.268105e+02 1.093581e-01 9.940006e-01 1.996000e-03 1.751071e+01 -4.897912e-02 3.382968e-03 9.987941e-01 -3.660223e+00
9.927077e-01 -1.092610e-01 5.092504e-02 2.283539e+02 1.092728e-01 9.940085e-01 2.561070e-03 1.766516e+01 -5.089974e-02 3.022327e-03 9.986992e-01 -3.702328e+00
9.928021e-01 -1.085558e-01 5.059167e-02 2.298621e+02 1.084284e-01 9.940903e-01 5.264468e-03 1.781287e+01 -5.086418e-02 2.589973e-04 9.987056e-01 -3.709967e+00
9.929517e-01 -1.084820e-01 4.773420e-02 2.314157e+02 1.084462e-01 9.940966e-01 3.348507e-03 1.796254e+01 -4.781566e-02 1.851685e-03 9.988545e-01 -3.767225e+00
9.928405e-01 -1.087412e-01 4.942864e-02 2.329264e+02 1.086325e-01 9.940701e-01 4.887833e-03 1.811534e+01 -4.966703e-02 5.167171e-04 9.987657e-01 -3.794152e+00
9.930235e-01 -1.083201e-01 4.659421e-02 2.344499e+02 1.081304e-01 9.941150e-01 6.580413e-03 1.826716e+01 -4.703279e-02 -1.496256e-03 9.988922e-01 -3.821222e+00
9.932047e-01 -1.068043e-01 4.623220e-02 2.359682e+02 1.065506e-01 9.942758e-01 7.924011e-03 1.841038e+01 -4.681388e-02 -2.944094e-03 9.988993e-01 -3.866243e+00
9.933541e-01 -1.047677e-01 4.765947e-02 2.374608e+02 1.045312e-01 9.944940e-01 7.433817e-03 1.854945e+01 -4.817587e-02 -2.402509e-03 9.988360e-01 -3.884388e+00
9.934178e-01 -1.030437e-01 5.003123e-02 2.389857e+02 1.027339e-01 9.946705e-01 8.732096e-03 1.868438e+01 -5.066438e-02 -3.534717e-03 9.987095e-01 -3.948120e+00
9.934426e-01 -1.015229e-01 5.258272e-02 2.405128e+02 1.011453e-01 9.948235e-01 9.801454e-03 1.882367e+01 -5.330559e-02 -4.418690e-03 9.985685e-01 -3.967364e+00
9.935650e-01 -9.976862e-02 5.361776e-02 2.420143e+02 9.934588e-02 9.949977e-01 1.049933e-02 1.895909e+01 -5.439705e-02 -5.105066e-03 9.985063e-01 -4.021609e+00
9.937937e-01 -9.802524e-02 5.258544e-02 2.435179e+02 9.770683e-02 9.951782e-01 8.598137e-03 1.908011e+01 -5.317471e-02 -3.406818e-03 9.985794e-01 -4.062346e+00
9.941020e-01 -9.597833e-02 5.049181e-02 2.450267e+02 9.572988e-02 9.953804e-01 7.321600e-03 1.920963e+01 -5.096127e-02 -2.444842e-03 9.986976e-01 -4.100606e+00
9.942113e-01 -9.412622e-02 5.180843e-02 2.465240e+02 9.394892e-02 9.955599e-01 5.852652e-03 1.933710e+01 -5.212928e-02 -9.514273e-04 9.986399e-01 -4.130231e+00
9.943781e-01 -9.231000e-02 5.187546e-02 2.480076e+02 9.221079e-02 9.957302e-01 4.307873e-03 1.945628e+01 -5.205162e-02 4.998229e-04 9.986443e-01 -4.175898e+00
9.943780e-01 -9.114084e-02 5.390552e-02 2.495176e+02 9.106831e-02 9.958373e-01 3.805310e-03 1.957550e+01 -5.402795e-02 1.125169e-03 9.985388e-01 -4.189595e+00
9.944116e-01 -9.102458e-02 5.347962e-02 2.509850e+02 9.081458e-02 9.958476e-01 6.348826e-03 1.970107e+01 -5.383545e-02 -1.456617e-03 9.985487e-01 -4.234775e+00
9.945447e-01 -8.964226e-02 5.333932e-02 2.524644e+02 8.942080e-02 9.959724e-01 6.528754e-03 1.981425e+01 -5.370975e-02 -1.723493e-03 9.985551e-01 -4.266180e+00
9.945877e-01 -8.942050e-02 5.290782e-02 2.539524e+02 8.916543e-02 9.959911e-01 7.166509e-03 1.993109e+01 -5.333655e-02 -2.410173e-03 9.985737e-01 -4.309368e+00
9.946710e-01 -8.838965e-02 5.307441e-02 2.554174e+02 8.834688e-02 9.960847e-01 3.156060e-03 2.004635e+01 -5.314558e-02 1.549718e-03 9.985856e-01 -4.333426e+00
9.947496e-01 -8.754434e-02 5.300192e-02 2.568953e+02 8.752421e-02 9.961586e-01 2.705396e-03 2.015501e+01 -5.303516e-02 1.947759e-03 9.985908e-01 -4.378351e+00
9.947532e-01 -8.788442e-02 5.236834e-02 2.583680e+02 8.780671e-02 9.961303e-01 3.787172e-03 2.027016e+01 -5.249853e-02 8.309904e-04 9.986206e-01 -4.394953e+00
9.945959e-01 -8.839843e-02 5.444979e-02 2.598530e+02 8.809251e-02 9.960803e-01 7.997893e-03 2.038248e+01 -5.494336e-02 -3.158053e-03 9.984845e-01 -4.436408e+00
9.944977e-01 -8.957096e-02 5.432767e-02 2.613086e+02 8.920059e-02 9.959711e-01 9.209029e-03 2.048920e+01 -5.493364e-02 -4.312298e-03 9.984807e-01 -4.453897e+00
9.942925e-01 -9.092008e-02 5.582122e-02 2.627831e+02 9.048520e-02 9.958447e-01 1.027451e-02 2.060907e+01 -5.652343e-02 -5.164876e-03 9.983879e-01 -4.496148e+00
9.941726e-01 -9.328457e-02 5.402693e-02 2.642651e+02 9.286917e-02 9.956266e-01 1.015437e-02 2.073262e+01 -5.473789e-02 -5.077758e-03 9.984878e-01 -4.527187e+00
9.939463e-01 -9.584755e-02 5.370332e-02 2.657691e+02 9.548128e-02 9.953872e-01 9.350735e-03 2.085934e+01 -5.435185e-02 -4.166466e-03 9.985132e-01 -4.568017e+00
9.937964e-01 -9.800334e-02 5.257398e-02 2.672748e+02 9.763698e-02 9.951769e-01 9.498376e-03 2.099839e+01 -5.325127e-02 -4.306288e-03 9.985719e-01 -4.601231e+00
9.936205e-01 -9.956280e-02 5.296725e-02 2.687785e+02 9.917409e-02 9.950206e-01 9.923732e-03 2.112974e+01 -5.369154e-02 -4.607445e-03 9.985470e-01 -4.632063e+00
9.935098e-01 -1.013348e-01 5.166702e-02 2.702944e+02 1.009642e-01 9.948424e-01 9.739745e-03 2.126261e+01 -5.238752e-02 -4.460012e-03 9.986169e-01 -4.666550e+00
9.934854e-01 -1.021536e-01 5.051132e-02 2.717840e+02 1.017540e-01 9.947550e-01 1.042726e-02 2.139949e+01 -5.131156e-02 -5.219605e-03 9.986690e-01 -4.703159e+00
9.936015e-01 -1.026663e-01 4.707111e-02 2.733047e+02 1.023108e-01 9.947032e-01 9.907060e-03 2.154364e+01 -4.783890e-02 -5.027791e-03 9.988424e-01 -4.734920e+00
9.938005e-01 -1.016125e-01 4.511542e-02 2.748622e+02 1.012070e-01 9.948026e-01 1.118783e-02 2.167689e+01 -4.601775e-02 -6.552469e-03 9.989191e-01 -4.787585e+00
9.940713e-01 -9.989370e-02 4.293571e-02 2.763771e+02 9.951153e-02 9.949760e-01 1.095335e-02 2.182355e+01 -4.381418e-02 -6.615815e-03 9.990178e-01 -4.799502e+00
9.941788e-01 -9.852218e-02 4.361027e-02 2.779534e+02 9.811164e-02 9.951094e-01 1.146147e-02 2.196643e+01 -4.452620e-02 -7.116074e-03 9.989828e-01 -4.852245e+00
9.943804e-01 -9.691819e-02 4.259589e-02 2.794684e+02 9.651233e-02 9.952655e-01 1.148827e-02 2.209424e+01 -4.350764e-02 -7.312686e-03 9.990264e-01 -4.876310e+00
9.944237e-01 -9.556430e-02 4.459751e-02 2.810383e+02 9.515134e-02 9.953988e-01 1.129722e-02 2.223132e+01 -4.547192e-02 -6.990708e-03 9.989412e-01 -4.912498e+00
9.947076e-01 -9.388844e-02 4.173447e-02 2.825955e+02 9.349065e-02 9.955550e-01 1.138730e-02 2.234868e+01 -4.261810e-02 -7.425248e-03 9.990638e-01 -4.975049e+00
9.948727e-01 -9.084494e-02 4.444731e-02 2.841628e+02 9.041525e-02 9.958369e-01 1.158837e-02 2.247179e+01 -4.531501e-02 -7.510241e-03 9.989445e-01 -5.018702e+00
9.950868e-01 -8.856101e-02 4.426273e-02 2.857317e+02 8.809283e-02 9.960347e-01 1.242197e-02 2.259731e+01 -4.518732e-02 -8.461706e-03 9.989427e-01 -5.036245e+00
9.951310e-01 -8.711469e-02 4.610259e-02 2.873238e+02 8.663496e-02 9.961641e-01 1.230712e-02 2.272359e+01 -4.699787e-02 -8.253105e-03 9.988609e-01 -5.074953e+00
9.952973e-01 -8.627532e-02 4.404435e-02 2.888968e+02 8.580458e-02 9.962338e-01 1.247230e-02 2.284368e+01 -4.495452e-02 -8.634442e-03 9.989517e-01 -5.128203e+00
9.953423e-01 -8.481231e-02 4.583199e-02 2.904830e+02 8.435766e-02 9.963659e-01 1.176827e-02 2.295989e+01 -4.666353e-02 -7.847177e-03 9.988798e-01 -5.165807e+00
9.955679e-01 -8.373211e-02 4.281981e-02 2.920920e+02 8.326922e-02 9.964488e-01 1.248518e-02 2.307414e+01 -4.371317e-02 -8.864273e-03 9.990048e-01 -5.227583e+00
9.956502e-01 -8.293141e-02 4.246187e-02 2.937084e+02 8.250511e-02 9.965221e-01 1.169876e-02 2.319269e+01 -4.328438e-02 -8.144555e-03 9.990296e-01 -5.250445e+00
9.956948e-01 -8.291531e-02 4.143487e-02 2.952990e+02 8.253212e-02 9.965290e-01 1.087783e-02 2.330589e+01 -4.219299e-02 -7.411288e-03 9.990820e-01 -5.291910e+00
9.958189e-01 -8.178163e-02 4.070003e-02 2.969231e+02 8.141449e-02 9.966241e-01 1.060028e-02 2.342659e+01 -4.142953e-02 -7.242388e-03 9.991152e-01 -5.331122e+00
9.958616e-01 -8.142558e-02 4.036786e-02 2.985611e+02 8.101488e-02 9.966441e-01 1.171024e-02 2.354080e+01 -4.118590e-02 -8.391384e-03 9.991162e-01 -5.372524e+00
9.958976e-01 -8.081548e-02 4.070420e-02 3.001600e+02 8.044322e-02 9.967016e-01 1.070469e-02 2.366225e+01 -4.143505e-02 -7.386395e-03 9.991139e-01 -5.408325e+00
9.960752e-01 -7.943299e-02 3.904517e-02 3.018134e+02 7.905319e-02 9.968078e-01 1.117913e-02 2.376128e+01 -3.980852e-02 -8.048608e-03 9.991749e-01 -5.466324e+00
9.961463e-01 -7.852092e-02 3.907753e-02 3.034196e+02 7.825153e-02 9.968984e-01 8.378201e-03 2.387480e+01 -3.961420e-02 -5.288037e-03 9.992011e-01 -5.497488e+00
9.963803e-01 -7.634532e-02 3.738595e-02 3.050653e+02 7.600703e-02 9.970533e-01 1.038983e-02 2.399005e+01 -3.806900e-02 -7.510627e-03 9.992469e-01 -5.542737e+00
9.964734e-01 -7.444849e-02 3.870613e-02 3.066655e+02 7.410813e-02 9.971986e-01 1.015684e-02 2.408367e+01 -3.935385e-02 -7.252581e-03 9.991990e-01 -5.581141e+00
9.966343e-01 -7.191911e-02 3.934035e-02 3.083130e+02 7.160550e-02 9.973894e-01 9.325426e-03 2.418000e+01 -3.990832e-02 -6.477054e-03 9.991823e-01 -5.621016e+00
9.967692e-01 -6.992888e-02 3.950934e-02 3.099237e+02 6.967551e-02 9.975396e-01 7.755325e-03 2.427447e+01 -3.995446e-02 -4.977436e-03 9.991891e-01 -5.663764e+00
9.969371e-01 -6.683709e-02 4.061040e-02 3.115379e+02 6.647983e-02 9.977369e-01 1.008637e-02 2.436039e+01 -4.119264e-02 -7.355706e-03 9.991242e-01 -5.690640e+00
9.973349e-01 -6.273984e-02 3.724034e-02 3.131389e+02 6.234187e-02 9.979857e-01 1.175448e-02 2.444771e+01 -3.790280e-02 -9.401517e-03 9.992372e-01 -5.746346e+00
9.974585e-01 -5.930436e-02 3.949067e-02 3.147615e+02 5.887990e-02 9.981952e-01 1.182706e-02 2.452070e+01 -4.012078e-02 -9.471800e-03 9.991499e-01 -5.790484e+00
9.977042e-01 -5.598211e-02 3.810958e-02 3.163972e+02 5.560621e-02 9.983938e-01 1.085413e-02 2.459725e+01 -3.865601e-02 -8.710084e-03 9.992146e-01 -5.833522e+00
9.976748e-01 -5.278115e-02 4.311736e-02 3.180303e+02 5.246564e-02 9.985871e-01 8.417330e-03 2.466968e+01 -4.350072e-02 -6.135578e-03 9.990346e-01 -5.877871e+00
9.977491e-01 -5.041321e-02 4.421728e-02 3.196530e+02 5.003460e-02 9.987010e-01 9.628498e-03 2.473113e+01 -4.464525e-02 -7.394431e-03 9.989755e-01 -5.912952e+00
9.976293e-01 -4.880930e-02 4.851224e-02 3.212487e+02 4.841230e-02 9.987838e-01 9.325924e-03 2.479145e+01 -4.890844e-02 -6.955226e-03 9.987791e-01 -5.954222e+00
9.977599e-01 -4.704582e-02 4.755856e-02 3.228202e+02 4.657406e-02 9.988545e-01 1.098015e-02 2.484461e+01 -4.802065e-02 -8.740563e-03 9.988081e-01 -6.008165e+00
9.977517e-01 -4.638775e-02 4.837027e-02 3.244031e+02 4.596646e-02 9.988950e-01 9.786696e-03 2.489712e+01 -4.877080e-02 -7.541283e-03 9.987815e-01 -6.040147e+00
9.977673e-01 -4.614632e-02 4.828069e-02 3.260187e+02 4.573197e-02 9.989070e-01 9.652463e-03 2.495839e+01 -4.867335e-02 -7.422940e-03 9.987872e-01 -6.080863e+00
9.976901e-01 -4.555720e-02 5.038737e-02 3.276285e+02 4.507542e-02 9.989268e-01 1.065758e-02 2.501298e+01 -5.081882e-02 -8.361730e-03 9.986729e-01 -6.117611e+00
9.976676e-01 -4.504257e-02 5.128927e-02 3.292230e+02 4.456583e-02 9.989524e-01 1.040175e-02 2.506190e+01 -5.170406e-02 -8.091741e-03 9.986297e-01 -6.155670e+00
9.976694e-01 -4.448025e-02 5.174249e-02 3.308169e+02 4.411788e-02 9.989934e-01 8.125195e-03 2.511466e+01 -5.205181e-02 -5.823490e-03 9.986274e-01 -6.190159e+00
9.977338e-01 -4.451360e-02 5.045497e-02 3.324407e+02 4.411579e-02 9.989862e-01 8.971348e-03 2.516828e+01 -5.080317e-02 -6.725157e-03 9.986860e-01 -6.248065e+00
9.977646e-01 -4.330773e-02 5.089432e-02 3.340287e+02 4.286889e-02 9.990338e-01 9.683304e-03 2.522097e+01 -5.126451e-02 -7.479875e-03 9.986571e-01 -6.280254e+00
9.978546e-01 -4.299515e-02 4.937240e-02 3.356357e+02 4.246312e-02 9.990287e-01 1.177500e-02 2.526639e+01 -4.983071e-02 -9.653228e-03 9.987110e-01 -6.331009e+00
9.978734e-01 -4.234222e-02 4.955740e-02 3.372073e+02 4.189754e-02 9.990721e-01 9.978350e-03 2.531471e+01 -4.993392e-02 -7.880798e-03 9.987214e-01 -6.360796e+00
9.978634e-01 -4.177769e-02 5.023281e-02 3.388137e+02 4.126079e-02 9.990847e-01 1.128392e-02 2.536711e+01 -5.065825e-02 -9.187168e-03 9.986738e-01 -6.418735e+00
9.979288e-01 -4.094869e-02 4.961175e-02 3.404239e+02 4.040585e-02 9.991126e-01 1.189624e-02 2.540841e+01 -5.005486e-02 -9.867000e-03 9.986978e-01 -6.443102e+00
9.979754e-01 -3.922788e-02 5.006273e-02 3.420123e+02 3.860251e-02 9.991648e-01 1.339833e-02 2.545625e+01 -5.054650e-02 -1.143865e-02 9.986562e-01 -6.493801e+00
9.980541e-01 -3.774232e-02 4.963297e-02 3.436111e+02 3.715095e-02 9.992280e-01 1.278417e-02 2.549374e+01 -5.007715e-02 -1.091539e-02 9.986857e-01 -6.536480e+00
9.981022e-01 -3.589816e-02 5.003289e-02 3.452185e+02 3.531499e-02 9.992982e-01 1.249174e-02 2.553801e+01 -5.044620e-02 -1.070112e-02 9.986694e-01 -6.574800e+00
9.981230e-01 -3.409855e-02 5.086966e-02 3.468415e+02 3.356058e-02 9.993718e-01 1.139261e-02 2.557262e+01 -5.122617e-02 -9.664017e-03 9.986403e-01 -6.612733e+00
9.982553e-01 -3.290123e-02 4.902897e-02 3.484418e+02 3.237849e-02 9.994104e-01 1.141842e-02 2.561353e+01 -4.937575e-02 -9.811020e-03 9.987321e-01 -6.654232e+00
9.982445e-01 -3.060778e-02 5.070516e-02 3.500370e+02 3.009215e-02 9.994876e-01 1.090181e-02 2.563716e+01 -5.101286e-02 -9.356846e-03 9.986542e-01 -6.686576e+00
9.983894e-01 -2.939528e-02 4.852400e-02 3.516586e+02 2.880912e-02 9.995037e-01 1.273545e-02 2.567099e+01 -4.887428e-02 -1.131701e-02 9.987409e-01 -6.745923e+00
9.983895e-01 -2.767951e-02 4.952070e-02 3.532532e+02 2.718157e-02 9.995732e-01 1.070062e-02 2.569037e+01 -4.979575e-02 -9.337334e-03 9.987158e-01 -6.769224e+00
9.983720e-01 -2.723715e-02 5.011415e-02 3.548936e+02 2.667413e-02 9.995736e-01 1.186958e-02 2.571758e+01 -5.041607e-02 -1.051350e-02 9.986730e-01 -6.824155e+00
9.984052e-01 -2.594474e-02 5.013935e-02 3.564928e+02 2.528965e-02 9.995868e-01 1.365596e-02 2.574743e+01 -5.047293e-02 -1.236618e-02 9.986489e-01 -6.860483e+00
9.984751e-01 -2.427941e-02 4.957793e-02 3.581478e+02 2.361511e-02 9.996239e-01 1.394111e-02 2.576781e+01 -4.989777e-02 -1.274906e-02 9.986730e-01 -6.908643e+00
9.984885e-01 -2.381190e-02 4.953570e-02 3.597743e+02 2.317490e-02 9.996417e-01 1.339424e-02 2.579353e+01 -4.983689e-02 -1.222601e-02 9.986826e-01 -6.945984e+00
9.985301e-01 -2.276994e-02 4.918349e-02 3.613967e+02 2.215800e-02 9.996706e-01 1.295162e-02 2.580992e+01 -4.946220e-02 -1.184277e-02 9.987058e-01 -6.999666e+00
9.984963e-01 -2.209552e-02 5.016907e-02 3.630428e+02 2.146364e-02 9.996839e-01 1.309915e-02 2.582796e+01 -5.044264e-02 -1.200264e-02 9.986548e-01 -7.029576e+00
9.985735e-01 -2.240460e-02 4.846579e-02 3.646829e+02 2.173702e-02 9.996620e-01 1.425791e-02 2.585287e+01 -4.876886e-02 -1.318407e-02 9.987231e-01 -7.089676e+00
9.985512e-01 -2.234633e-02 4.894995e-02 3.663075e+02 2.172553e-02 9.996771e-01 1.317789e-02 2.586205e+01 -4.922862e-02 -1.209534e-02 9.987143e-01 -7.136267e+00
9.985808e-01 -2.252187e-02 4.826217e-02 3.679439e+02 2.187122e-02 9.996632e-01 1.396754e-02 2.587679e+01 -4.856049e-02 -1.289217e-02 9.987370e-01 -7.175199e+00
9.986707e-01 -2.274928e-02 4.625228e-02 3.695734e+02 2.212510e-02 9.996576e-01 1.396276e-02 2.589420e+01 -4.655409e-02 -1.292086e-02 9.988322e-01 -7.232938e+00
9.987094e-01 -2.239989e-02 4.558338e-02 3.711860e+02 2.176491e-02 9.996598e-01 1.437921e-02 2.591173e+01 -4.588997e-02 -1.336853e-02 9.988570e-01 -7.269316e+00
9.987886e-01 -2.241047e-02 4.380737e-02 3.728351e+02 2.174369e-02 9.996412e-01 1.563861e-02 2.593427e+01 -4.414212e-02 -1.466713e-02 9.989176e-01 -7.323438e+00
9.988505e-01 -2.181191e-02 4.268389e-02 3.744839e+02 2.114055e-02 9.996465e-01 1.611748e-02 2.595195e+01 -4.302036e-02 -1.519659e-02 9.989586e-01 -7.381228e+00
9.988805e-01 -2.176382e-02 4.200106e-02 3.761148e+02 2.110555e-02 9.996485e-01 1.605306e-02 2.597500e+01 -4.233567e-02 -1.514863e-02 9.989886e-01 -7.419293e+00
9.989213e-01 -2.117048e-02 4.132804e-02 3.777304e+02 2.055541e-02 9.996723e-01 1.525123e-02 2.598660e+01 -4.163738e-02 -1.438527e-02 9.990292e-01 -7.474399e+00
9.990099e-01 -2.024513e-02 3.961495e-02 3.793693e+02 1.957484e-02 9.996599e-01 1.723560e-02 2.600206e+01 -3.995042e-02 -1.644308e-02 9.990664e-01 -7.534040e+00
9.991851e-01 -1.891897e-02 3.565239e-02 3.809897e+02 1.836544e-02 9.997067e-01 1.578977e-02 2.601903e+01 -3.594066e-02 -1.512214e-02 9.992395e-01 -7.575275e+00
9.992434e-01 -1.735199e-02 3.480738e-02 3.826013e+02 1.686822e-02 9.997576e-01 1.414439e-02 2.602739e+01 -3.504438e-02 -1.354655e-02 9.992939e-01 -7.629144e+00
9.994171e-01 -1.583741e-02 3.024118e-02 3.842152e+02 1.536405e-02 9.997569e-01 1.582155e-02 2.603962e+01 -3.048440e-02 -1.534770e-02 9.994174e-01 -7.679428e+00
9.993950e-01 -1.535283e-02 3.120692e-02 3.858551e+02 1.482868e-02 9.997463e-01 1.695871e-02 2.605060e+01 -3.145936e-02 -1.648570e-02 9.993691e-01 -7.734241e+00
9.994619e-01 -1.583215e-02 2.872690e-02 3.874794e+02 1.528318e-02 9.996983e-01 1.922997e-02 2.605899e+01 -2.902268e-02 -1.878058e-02 9.994023e-01 -7.779798e+00
9.994425e-01 -1.541732e-02 2.961327e-02 3.890970e+02 1.489791e-02 9.997326e-01 1.768120e-02 2.607093e+01 -2.987795e-02 -1.723017e-02 9.994050e-01 -7.843152e+00
9.995075e-01 -1.426382e-02 2.795059e-02 3.907401e+02 1.378108e-02 9.997537e-01 1.738826e-02 2.607392e+01 -2.819173e-02 -1.699451e-02 9.994581e-01 -7.890298e+00
9.995309e-01 -1.332177e-02 2.757928e-02 3.923728e+02 1.286500e-02 9.997780e-01 1.667400e-02 2.608079e+01 -2.779529e-02 -1.631137e-02 9.994805e-01 -7.942821e+00
9.996397e-01 -1.244481e-02 2.378283e-02 3.939877e+02 1.205581e-02 9.997922e-01 1.643019e-02 2.608232e+01 -2.398236e-02 -1.613755e-02 9.995821e-01 -8.003364e+00
9.996577e-01 -1.162330e-02 2.344052e-02 3.956138e+02 1.122958e-02 9.997947e-01 1.685877e-02 2.608843e+01 -2.363166e-02 -1.658977e-02 9.995831e-01 -8.035799e+00
9.997060e-01 -1.070644e-02 2.175691e-02 3.972286e+02 1.035697e-02 9.998165e-01 1.611212e-02 2.609122e+01 -2.192543e-02 -1.588205e-02 9.996334e-01 -8.103665e+00
9.996966e-01 -1.016139e-02 2.243647e-02 3.988570e+02 9.832140e-03 9.998431e-01 1.473654e-02 2.610250e+01 -2.258269e-02 -1.451147e-02 9.996396e-01 -8.139344e+00
9.997230e-01 -9.366815e-03 2.159075e-02 4.004990e+02 9.002185e-03 9.998162e-01 1.692399e-02 2.609710e+01 -2.174530e-02 -1.672494e-02 9.996237e-01 -8.192439e+00
9.997245e-01 -8.844529e-03 2.174252e-02 4.021249e+02 8.464792e-03 9.998111e-01 1.749567e-02 2.609154e+01 -2.189315e-02 -1.730680e-02 9.996105e-01 -8.247093e+00
9.997254e-01 -1.031526e-02 2.104110e-02 4.037512e+02 9.924173e-03 9.997776e-01 1.860711e-02 2.610032e+01 -2.122835e-02 -1.839318e-02 9.996054e-01 -8.305392e+00
9.997521e-01 -1.094509e-02 1.938983e-02 4.053544e+02 1.061380e-02 9.997973e-01 1.710701e-02 2.610226e+01 -1.957313e-02 -1.689697e-02 9.996656e-01 -8.349095e+00
9.997827e-01 -1.114729e-02 1.761530e-02 4.069873e+02 1.082905e-02 9.997783e-01 1.805939e-02 2.609656e+01 -1.781270e-02 -1.786471e-02 9.996817e-01 -8.411736e+00
9.998419e-01 -1.156497e-02 1.350420e-02 4.085966e+02 1.134116e-02 9.997990e-01 1.653379e-02 2.609487e+01 -1.369270e-02 -1.637802e-02 9.997721e-01 -8.467605e+00
9.998763e-01 -1.130662e-02 1.093033e-02 4.102249e+02 1.112845e-02 9.998064e-01 1.622606e-02 2.610564e+01 -1.111168e-02 -1.610241e-02 9.998086e-01 -8.511045e+00
