1.000000e+00 0.000000e+00 0.000000e+00 0.000000e+00 0.000000e+00 1.000000e+00 0.000000e+00 0.000000e+00 0.000000e+00 0.000000e+00 1.000000e+00 0.000000e+00
9.999843e-01 3.179947e-03 -4.612816e-03 4.817463e-01 -3.195854e-03 9.999889e-01 -3.445134e-03 1.664083e-03 4.601810e-03 3.459822e-03 9.999834e-01 -9.140190e-03
9.999972e-01 1.725418e-03 -1.602102e-03 7.612569e-01 -1.728740e-03 9.999963e-01 -2.074358e-03 2.082408e-02 1.598517e-03 2.077121e-03 9.999965e-01 7.470888e-03
9.999879e-01 3.168915e-06 -4.918942e-03 1.232631e+00 -1.673841e-05 9.999961e-01 -2.758581e-03 3.056174e-02 4.918915e-03 2.758630e-03 9.999841e-01 2.902215e-03
9.999952e-01 -1.864742e-03 -2.466880e-03 1.986296e+00 1.856340e-03 9.999926e-01 -3.403704e-03 3.537187e-02 2.473209e-03 3.399109e-03 9.999912e-01 1.293026e-02
9.999717e-01 -1.903538e-03 -7.276750e-03 2.828518e+00 1.875590e-03 9.999907e-01 -3.845522e-03 5.801641e-02 7.284003e-03 3.831765e-03 9.999661e-01 -1.119323e-02
9.999881e-01 -2.083192e-03 -4.396327e-03 3.915185e+00 2.066012e-03 9.999901e-01 -3.908703e-03 5.614295e-02 4.404427e-03 3.899574e-03 9.999827e-01 -1.420429e-02
9.999626e-01 -3.922090e-03 -7.701681e-03 5.253767e+00 3.913595e-03 9.999918e-01 -1.117894e-03 7.607107e-02 7.706001e-03 1.087711e-03 9.999697e-01 -3.732364e-02
9.999588e-01 -6.881873e-03 -5.930840e-03 6.592034e+00 6.851713e-03 9.999635e-01 -5.090740e-03 1.109749e-01 5.965657e-03 5.049893e-03 9.999695e-01 -5.565777e-02
9.999257e-01 -7.988948e-03 -9.209014e-03 7.795674e+00 7.978354e-03 9.999676e-01 -1.186690e-03 1.231359e-01 9.218195e-03 1.113129e-03 9.999569e-01 -7.470516e-02
9.999144e-01 -9.520723e-03 -8.971133e-03 9.323690e+00 9.483744e-03 9.999465e-01 -4.155676e-03 1.395716e-01 9.010217e-03 4.070240e-03 9.999511e-01 -1.035068e-01
9.998774e-01 -1.138627e-02 -1.074853e-02 1.077797e+01 1.137977e-02 9.999350e-01 -6.658310e-04 1.699957e-01 1.075542e-02 5.434336e-04 9.999420e-01 -1.246208e-01
9.998600e-01 -1.175444e-02 -1.190914e-02 1.204630e+01 1.171807e-02 9.999264e-01 -3.119393e-03 1.819161e-01 1.194493e-02 2.979405e-03 9.999242e-01 -1.418557e-01
9.998258e-01 -1.277558e-02 -1.361036e-02 1.343620e+01 1.276641e-02 9.999182e-01 -7.606745e-04 2.143815e-01 1.361897e-02 5.867865e-04 9.999071e-01 -1.601023e-01
9.998021e-01 -1.472573e-02 -1.338112e-02 1.520061e+01 1.470349e-02 9.998903e-01 -1.759299e-03 2.366011e-01 1.340555e-02 1.562202e-03 9.999089e-01 -2.146046e-01
9.997783e-01 -1.614558e-02 -1.351808e-02 1.741027e+01 1.613767e-02 9.998695e-01 -6.939300e-04 2.542639e-01 1.352752e-02 4.756257e-04 9.999084e-01 -2.538184e-01
9.997833e-01 -1.658145e-02 -1.258718e-02 1.974457e+01 1.657803e-02 9.998626e-01 -3.763617e-04 2.855372e-01 1.259169e-02 1.676095e-04 9.999207e-01 -2.837734e-01
9.997884e-01 -1.673930e-02 -1.195365e-02 2.205469e+01 1.674105e-02 9.998599e-01 4.682856e-05 2.932861e-01 1.195119e-02 -2.469353e-04 9.999285e-01 -3.334687e-01
9.997763e-01 -1.717329e-02 -1.234434e-02 2.437600e+01 1.717041e-02 9.998525e-01 -3.399011e-04 3.206949e-01 1.234836e-02 1.278678e-04 9.999238e-01 -3.602454e-01
9.997638e-01 -1.783839e-02 -1.241595e-02 2.664968e+01 1.781285e-02 9.998389e-01 -2.164276e-03 3.482795e-01 1.245256e-02 1.942601e-03 9.999206e-01 -4.142314e-01
9.997662e-01 -1.817537e-02 -1.170860e-02 2.893485e+01 1.817920e-02 9.998347e-01 2.211821e-04 3.761664e-01 1.170264e-02 -4.339833e-04 9.999315e-01 -4.352102e-01
9.997223e-01 -1.887506e-02 -1.411016e-02 3.124718e+01 1.886529e-02 9.998217e-01 -8.254707e-04 3.987410e-01 1.412323e-02 5.590491e-04 9.999001e-01 -4.914851e-01
9.997278e-01 -1.923425e-02 -1.320165e-02 3.352813e+01 1.925765e-02 9.998132e-01 1.647936e-03 4.361923e-01 1.316749e-02 -1.901720e-03 9.999115e-01 -5.289066e-01
9.997104e-01 -1.929933e-02 -1.437287e-02 3.580951e+01 1.929961e-02 9.998137e-01 -1.190115e-04 4.638725e-01 1.437249e-02 -1.584138e-04 9.998967e-01 -5.791093e-01
9.997095e-01 -1.977479e-02 -1.377938e-02 3.808933e+01 1.974795e-02 9.998029e-01 -2.081374e-03 4.878373e-01 1.381782e-02 1.808655e-03 9.999029e-01 -6.220537e-01
9.996840e-01 -2.070384e-02 -1.425930e-02 4.038616e+01 2.070447e-02 9.997855e-01 -1.036585e-04 5.211794e-01 1.425839e-02 -1.916056e-04 9.998983e-01 -6.609079e-01
9.996855e-01 -2.106269e-02 -1.361169e-02 4.265425e+01 2.108505e-02 9.997765e-01 1.501295e-03 5.559073e-01 1.357702e-02 -1.787826e-03 9.999062e-01 -6.963734e-01
9.996706e-01 -2.218683e-02 -1.290376e-02 4.492645e+01 2.221416e-02 9.997513e-01 1.978231e-03 5.909156e-01 1.285665e-02 -2.264226e-03 9.999148e-01 -7.494157e-01
9.996435e-01 -2.380539e-02 -1.209116e-02 4.720892e+01 2.381762e-02 9.997158e-01 8.686127e-04 6.242390e-01 1.206705e-02 -1.156286e-03 9.999265e-01 -8.028328e-01
9.995968e-01 -2.595848e-02 -1.150120e-02 4.944602e+01 2.598392e-02 9.996603e-01 2.068490e-03 6.621656e-01 1.144360e-02 -2.366503e-03 9.999317e-01 -8.409910e-01
9.994965e-01 -2.838062e-02 -1.419182e-02 5.170842e+01 2.842515e-02 9.995916e-01 2.945571e-03 7.038294e-01 1.410242e-02 -3.347493e-03 9.998950e-01 -9.090275e-01
9.994713e-01 -3.047917e-02 -1.132190e-02 5.393928e+01 3.051385e-02 9.995300e-01 2.903134e-03 7.505211e-01 1.122810e-02 -3.247074e-03 9.999317e-01 -9.507735e-01
9.994117e-01 -3.213010e-02 -1.199736e-02 5.617535e+01 3.218728e-02 9.994712e-01 4.603292e-03 7.982810e-01 1.184312e-02 -4.986747e-03 9.999174e-01 -9.885241e-01
9.993950e-01 -3.385529e-02 -7.973733e-03 5.840042e+01 3.388384e-02 9.994198e-01 3.473228e-03 8.442596e-01 7.851520e-03 -3.741307e-03 9.999622e-01 -1.039842e+00
9.993092e-01 -3.561393e-02 -1.061696e-02 6.064734e+01 3.566727e-02 9.993520e-01 4.877877e-03 8.956526e-01 1.043635e-02 -5.253185e-03 9.999318e-01 -1.099521e+00
9.992491e-01 -3.779869e-02 -8.513299e-03 6.288526e+01 3.783448e-02 9.992756e-01 4.081992e-03 9.564835e-01 8.352839e-03 -4.401023e-03 9.999554e-01 -1.142246e+00
9.991555e-01 -3.929734e-02 -1.199729e-02 6.509688e+01 3.936271e-02 9.992111e-01 5.261314e-03 1.021380e+00 1.178107e-02 -5.729117e-03 9.999142e-01 -1.215482e+00
9.990904e-01 -4.114277e-02 -1.120853e-02 6.732129e+01 4.118026e-02 9.991469e-01 3.135041e-03 1.091109e+00 1.106999e-02 -3.593760e-03 9.999323e-01 -1.257524e+00
9.990157e-01 -4.299097e-02 -1.093034e-02 6.954166e+01 4.303832e-02 9.990649e-01 4.133795e-03 1.160812e+00 1.074241e-02 -4.600149e-03 9.999317e-01 -1.315765e+00
9.989273e-01 -4.456268e-02 -1.258884e-02 7.175403e+01 4.459872e-02 9.990016e-01 2.597011e-03 1.230055e+00 1.246054e-02 -3.155672e-03 9.999174e-01 -1.352374e+00
9.988629e-01 -4.613563e-02 -1.201787e-02 7.397546e+01 4.617389e-02 9.989290e-01 2.924674e-03 1.312221e+00 1.187007e-02 -3.476260e-03 9.999235e-01 -1.406047e+00
9.987434e-01 -4.820256e-02 -1.371815e-02 7.617939e+01 4.823260e-02 9.988344e-01 1.867892e-03 1.403250e+00 1.361212e-02 -2.527207e-03 9.999042e-01 -1.439384e+00
9.986924e-01 -4.965651e-02 -1.215554e-02 7.839127e+01 4.970741e-02 9.987561e-01 3.921933e-03 1.494517e+00 1.194567e-02 -4.521025e-03 9.999184e-01 -1.486923e+00
9.986032e-01 -4.994915e-02 -1.722280e-02 8.058908e+01 5.006120e-02 9.987272e-01 6.137060e-03 1.588002e+00 1.689435e-02 -6.990683e-03 9.998329e-01 -1.558580e+00
9.986008e-01 -5.072157e-02 -1.495861e-02 8.279247e+01 5.076767e-02 9.987067e-01 2.718009e-03 1.669548e+00 1.480141e-02 -3.473620e-03 9.998844e-01 -1.606766e+00
9.985563e-01 -5.139827e-02 -1.560550e-02 8.498553e+01 5.146283e-02 9.986677e-01 3.763079e-03 1.768796e+00 1.539130e-02 -4.560750e-03 9.998711e-01 -1.613887e+00
9.984767e-01 -5.272043e-02 -1.627270e-02 8.714502e+01 5.278812e-02 9.985986e-01 3.757614e-03 1.868491e+00 1.605179e-02 -4.610895e-03 9.998605e-01 -1.649892e+00
9.984652e-01 -5.223457e-02 -1.840834e-02 8.938039e+01 5.242631e-02 9.985739e-01 1.009180e-02 1.962624e+00 1.785495e-02 -1.104139e-02 9.997796e-01 -1.709033e+00
9.984019e-01 -5.393366e-02 -1.687227e-02 9.154741e+01 5.416569e-02 9.984392e-01 1.361143e-02 2.061103e+00 1.611182e-02 -1.450358e-02 9.997650e-01 -1.814533e+00
9.981902e-01 -5.602630e-02 -2.184831e-02 9.374099e+01 5.619854e-02 9.983927e-01 7.350442e-03 2.171412e+00 2.140137e-02 -8.564982e-03 9.997343e-01 -1.881967e+00
9.983135e-01 -5.618948e-02 -1.458996e-02 9.591785e+01 5.623804e-02 9.984130e-01 2.939550e-03 2.261907e+00 1.440163e-02 -3.755103e-03 9.998893e-01 -1.899673e+00
9.981455e-01 -5.695830e-02 -2.147851e-02 9.809452e+01 5.695927e-02 9.983765e-01 -5.667489e-04 2.370807e+00 2.147591e-02 -6.577022e-04 9.997692e-01 -1.979038e+00
9.982956e-01 -5.679859e-02 -1.340894e-02 1.002660e+02 5.680075e-02 9.983855e-01 -2.200838e-04 2.468765e+00 1.339979e-02 -5.419290e-04 9.999101e-01 -1.961365e+00
9.980872e-01 -5.885934e-02 -1.891118e-02 1.024506e+02 5.896879e-02 9.982457e-01 5.282338e-03 2.585717e+00 1.856709e-02 -6.387404e-03 9.998072e-01 -2.022076e+00
9.981109e-01 -5.975634e-02 -1.427707e-02 1.046365e+02 5.980691e-02 9.982051e-01 3.141165e-03 2.695323e+00 1.406373e-02 -3.989099e-03 9.998931e-01 -2.074510e+00
9.980255e-01 -6.049617e-02 -1.689010e-02 1.067980e+02 6.057022e-02 9.981562e-01 3.907261e-03 2.808390e+00 1.662259e-02 -4.922583e-03 9.998497e-01 -2.107826e+00
9.980124e-01 -6.151410e-02 -1.368172e-02 1.089966e+02 6.153831e-02 9.981039e-01 1.355130e-03 2.923776e+00 1.357241e-02 -2.194386e-03 9.999055e-01 -2.172440e+00
9.979241e-01 -6.272517e-02 -1.459116e-02 1.111742e+02 6.279737e-02 9.980161e-01 4.542679e-03 3.041047e+00 1.427727e-02 -5.449535e-03 9.998832e-01 -2.184292e+00
9.978575e-01 -6.381314e-02 -1.443490e-02 1.133434e+02 6.386638e-02 9.979532e-01 3.257444e-03 3.158299e+00 1.419749e-02 -4.172370e-03 9.998905e-01 -2.259225e+00
9.978291e-01 -6.505579e-02 -1.023867e-02 1.155088e+02 6.511089e-02 9.978647e-01 5.143679e-03 3.275548e+00 9.882187e-03 -5.799162e-03 9.999344e-01 -2.308835e+00
9.977325e-01 -6.631694e-02 -1.148847e-02 1.176927e+02 6.639443e-02 9.977722e-01 6.499656e-03 3.398593e+00 1.103184e-02 -7.247689e-03 9.999129e-01 -2.356296e+00
9.976837e-01 -6.709152e-02 -1.122188e-02 1.198628e+02 6.716725e-02 9.977206e-01 6.512149e-03 3.518784e+00 1.075939e-02 -7.250808e-03 9.999158e-01 -2.435442e+00
9.975585e-01 -6.838920e-02 -1.413945e-02 1.220331e+02 6.849200e-02 9.976277e-01 6.918039e-03 3.652329e+00 1.363279e-02 -7.869588e-03 9.998761e-01 -2.475976e+00
9.974810e-01 -6.942381e-02 -1.456033e-02 1.242224e+02 6.952618e-02 9.975580e-01 6.645890e-03 3.783948e+00 1.406339e-02 -7.641473e-03 9.998719e-01 -2.559925e+00
9.973812e-01 -7.081027e-02 -1.471635e-02 1.263914e+02 7.088891e-02 9.974722e-01 4.891309e-03 3.917559e+00 1.433280e-02 -5.921726e-03 9.998797e-01 -2.579030e+00
9.973172e-01 -7.184427e-02 -1.402795e-02 1.285798e+02 7.196224e-02 9.973745e-01 8.093889e-03 4.053818e+00 1.340962e-02 -9.081657e-03 9.998689e-01 -2.654400e+00
9.971853e-01 -7.296958e-02 -1.723159e-02 1.307515e+02 7.308827e-02 9.973052e-01 6.360261e-03 4.193098e+00 1.672105e-02 -7.601786e-03 9.998313e-01 -2.700129e+00
9.972265e-01 -7.281608e-02 -1.539800e-02 1.329057e+02 7.293151e-02 9.973118e-01 7.071333e-03 4.328696e+00 1.484170e-02 -8.174720e-03 9.998564e-01 -2.760481e+00
9.970756e-01 -7.359833e-02 -2.058278e-02 1.350782e+02 7.371455e-02 9.972670e-01 4.944787e-03 4.477306e+00 2.016260e-02 -6.447576e-03 9.997759e-01 -2.822021e+00
9.972603e-01 -7.266372e-02 -1.385561e-02 1.372544e+02 7.275020e-02 9.973330e-01 5.841937e-03 4.613174e+00 1.339416e-02 -6.833930e-03 9.998869e-01 -2.871774e+00
9.970255e-01 -7.409099e-02 -2.122620e-02 1.394530e+02 7.426074e-02 9.972119e-01 7.323215e-03 4.758369e+00 2.062444e-02 -8.877706e-03 9.997479e-01 -2.913120e+00
9.971858e-01 -7.343856e-02 -1.507235e-02 1.416055e+02 7.354321e-02 9.972708e-01 6.509318e-03 4.899056e+00 1.455318e-02 -7.599468e-03 9.998652e-01 -2.963667e+00
9.970277e-01 -7.427909e-02 -2.045376e-02 1.437923e+02 7.442898e-02 9.972039e-01 6.665881e-03 5.041953e+00 1.990144e-02 -8.168421e-03 9.997686e-01 -3.024107e+00
9.971557e-01 -7.400787e-02 -1.425977e-02 1.459623e+02 7.409249e-02 9.972364e-01 5.499999e-03 5.185424e+00 1.381332e-02 -6.540897e-03 9.998832e-01 -3.080374e+00
9.970654e-01 -7.476412e-02 -1.646075e-02 1.481846e+02 7.491812e-02 9.971495e-01 8.946456e-03 5.329898e+00 1.574496e-02 -1.015341e-02 9.998245e-01 -3.120291e+00
9.970686e-01 -7.460739e-02 -1.696831e-02 1.503417e+02 7.476954e-02 9.971589e-01 9.130351e-03 5.478909e+00 1.623891e-02 -1.037230e-02 9.998143e-01 -3.215721e+00
9.969589e-01 -7.524493e-02 -2.027554e-02 1.525179e+02 7.541657e-02 9.971213e-01 7.837547e-03 5.625173e+00 1.962744e-02 -9.342823e-03 9.997637e-01 -3.260108e+00
9.969519e-01 -7.548863e-02 -1.970395e-02 1.547137e+02 7.562378e-02 9.971170e-01 6.205746e-03 5.775901e+00 1.917868e-02 -7.676918e-03 9.997866e-01 -3.291876e+00
9.968517e-01 -7.719097e-02 -1.812000e-02 1.569196e+02 7.726681e-02 9.970042e-01 3.522278e-03 5.925372e+00 1.779382e-02 -4.911263e-03 9.998296e-01 -3.353187e+00
9.968851e-01 -7.775587e-02 -1.319431e-02 1.590945e+02 7.785553e-02 9.969385e-01 7.215100e-03 6.063506e+00 1.259290e-02 -8.219875e-03 9.998869e-01 -3.388567e+00
9.966943e-01 -7.927426e-02 -1.777954e-02 1.612904e+02 7.949478e-02 9.967624e-01 1.205867e-02 6.226088e+00 1.676603e-02 -1.343218e-02 9.997692e-01 -3.467447e+00
9.965940e-01 -7.994394e-02 -2.023441e-02 1.634862e+02 8.017211e-02 9.967234e-01 1.072661e-02 6.391906e+00 1.931059e-02 -1.231231e-02 9.997377e-01 -3.516644e+00
9.965377e-01 -8.068658e-02 -2.005713e-02 1.656952e+02 8.092596e-02 9.966546e-01 1.142307e-02 6.543242e+00 1.906834e-02 -1.300666e-02 9.997336e-01 -3.616181e+00
9.964495e-01 -8.132895e-02 -2.177298e-02 1.678687e+02 8.161702e-02 9.965830e-01 1.268481e-02 6.701239e+00 2.066694e-02 -1.441682e-02 9.996825e-01 -3.686124e+00
9.963972e-01 -8.208127e-02 -2.133745e-02 1.700725e+02 8.230625e-02 9.965581e-01 9.886763e-03 6.861054e+00 2.045249e-02 -1.160735e-02 9.997234e-01 -3.743426e+00
9.963991e-01 -8.296667e-02 -1.747446e-02 1.722957e+02 8.309600e-02 9.965184e-01 6.808802e-03 7.030316e+00 1.684872e-02 -8.236342e-03 9.998241e-01 -3.786947e+00
9.963151e-01 -8.385456e-02 -1.802109e-02 1.744950e+02 8.397927e-02 9.964476e-01 6.276757e-03 7.191022e+00 1.743074e-02 -7.767026e-03 9.998179e-01 -3.828369e+00
9.962769e-01 -8.458749e-02 -1.665424e-02 1.767128e+02 8.479606e-02 9.963230e-01 1.224200e-02 7.365601e+00 1.555749e-02 -1.360863e-02 9.997864e-01 -3.903198e+00
9.961287e-01 -8.565988e-02 -1.974846e-02 1.789286e+02 8.585662e-02 9.962636e-01 9.337633e-03 7.537128e+00 1.887481e-02 -1.099702e-02 9.997614e-01 -3.951249e+00
9.960613e-01 -8.698747e-02 -1.717523e-02 1.811597e+02 8.720513e-02 9.961138e-01 1.235784e-02 7.709216e+00 1.603351e-02 -1.380693e-02 9.997761e-01 -4.015839e+00
9.958158e-01 -8.912113e-02 -2.020508e-02 1.834073e+02 8.933204e-02 9.959539e-01 9.786588e-03 7.887982e+00 1.925114e-02 -1.155060e-02 9.997479e-01 -4.070534e+00
9.956358e-01 -9.131026e-02 -1.928062e-02 1.856518e+02 9.149206e-02 9.957671e-01 8.765100e-03 8.081358e+00 1.839867e-02 -1.049087e-02 9.997757e-01 -4.163068e+00
9.954581e-01 -9.306879e-02 -2.003277e-02 1.878773e+02 9.323256e-02 9.956169e-01 7.399861e-03 8.254645e+00 1.925627e-02 -9.233958e-03 9.997720e-01 -4.204456e+00
9.952502e-01 -9.518315e-02 -2.042606e-02 1.901331e+02 9.538390e-02 9.953991e-01 9.087835e-03 8.457536e+00 1.946707e-02 -1.099299e-02 9.997501e-01 -4.258760e+00
9.951065e-01 -9.681220e-02 -1.975907e-02 1.923848e+02 9.701587e-02 9.952364e-01 9.621250e-03 8.649004e+00 1.873349e-02 -1.149111e-02 9.997585e-01 -4.316763e+00
9.949694e-01 -9.838352e-02 -1.888467e-02 1.946308e+02 9.859081e-02 9.950739e-01 1.037651e-02 8.860896e+00 1.777077e-02 -1.218616e-02 9.997678e-01 -4.376631e+00
9.948152e-01 -9.942763e-02 -2.137316e-02 1.968848e+02 9.963618e-02 9.949839e-01 8.922648e-03 9.060667e+00 2.037879e-02 -1.100593e-02 9.997318e-01 -4.454638e+00
9.947138e-01 -1.007381e-01 -1.990882e-02 1.991540e+02 1.009369e-01 9.948498e-01 9.243663e-03 9.266415e+00 1.887510e-02 -1.120433e-02 9.997591e-01 -4.489595e+00
9.946932e-01 -1.004861e-01 -2.209107e-02 2.014143e+02 1.007062e-01 9.948747e-01 9.084185e-03 9.477740e+00 2.106501e-02 -1.126068e-02 9.997147e-01 -4.563474e+00
9.945956e-01 -1.015279e-01 -2.171725e-02 2.036788e+02 1.017394e-01 9.947716e-01 8.863620e-03 9.694074e+00 2.070380e-02 -1.102522e-02 9.997249e-01 -4.608482e+00
9.944518e-01 -1.024184e-01 -2.400319e-02 2.059629e+02 1.026292e-01 9.946898e-01 7.715798e-03 9.906487e+00 2.308548e-02 -1.013642e-02 9.996821e-01 -4.690548e+00
9.944175e-01 -1.030490e-01 -2.268613e-02 2.082182e+02 1.032293e-01 9.946336e-01 6.923413e-03 1.012479e+01 2.185093e-02 -9.226637e-03 9.997187e-01 -4.743618e+00
9.943088e-01 -1.039148e-01 -2.349067e-02 2.104842e+02 1.042014e-01 9.944917e-01 1.132223e-02 1.033995e+01 2.218474e-02 -1.370556e-02 9.996600e-01 -4.810873e+00
9.943491e-01 -1.041146e-01 -2.073789e-02 2.127554e+02 1.043505e-01 9.944837e-01 1.063300e-02 1.055042e+01 1.951644e-02 -1.273692e-02 9.997284e-01 -4.868267e+00
9.943608e-01 -1.038350e-01 -2.156029e-02 2.149945e+02 1.041023e-01 9.944981e-01 1.166428e-02 1.076426e+01 2.023051e-02 -1.384298e-02 9.996995e-01 -4.956769e+00
9.943472e-01 -1.049179e-01 -1.630688e-02 2.172687e+02 1.050271e-01 9.944513e-01 5.992220e-03 1.098144e+01 1.558771e-02 -7.671012e-03 9.998491e-01 -5.016836e+00
9.941884e-01 -1.055971e-01 -2.094613e-02 2.195321e+02 1.058410e-01 9.943234e-01 1.089355e-02 1.119456e+01 1.967690e-02 -1.304720e-02 9.997212e-01 -5.079854e+00
9.941661e-01 -1.060664e-01 -1.958643e-02 2.217728e+02 1.061104e-01 9.943535e-01 1.215169e-03 1.143410e+01 1.934695e-02 -3.286403e-03 9.998074e-01 -5.058045e+00
9.941252e-01 -1.064212e-01 -1.973782e-02 2.240196e+02 1.066071e-01 9.942640e-01 8.611617e-03 1.164921e+01 1.870815e-02 -1.066522e-02 9.997681e-01 -5.166849e+00
9.941299e-01 -1.064514e-01 -1.933604e-02 2.262763e+02 1.066262e-01 9.942648e-01 8.247256e-03 1.186889e+01 1.834721e-02 -1.026057e-02 9.997790e-01 -5.180793e+00
9.939734e-01 -1.077107e-01 -2.037839e-02 2.285034e+02 1.079082e-01 9.941214e-01 8.848242e-03 1.208529e+01 1.930554e-02 -1.099391e-02 9.997532e-01 -5.279704e+00
9.940084e-01 -1.077682e-01 -1.826009e-02 2.307549e+02 1.078941e-01 9.941441e-01 6.050168e-03 1.229747e+01 1.750114e-02 -7.984073e-03 9.998150e-01 -5.300014e+00
9.940886e-01 -1.073593e-01 -1.618182e-02 2.330181e+02 1.074748e-01 9.941869e-01 6.441026e-03 1.253117e+01 1.539624e-02 -8.142088e-03 9.998483e-01 -5.381382e+00
9.941440e-01 -1.060866e-01 -2.057320e-02 2.353150e+02 1.062048e-01 9.943329e-01 4.735574e-03 1.274877e+01 1.995424e-02 -6.892815e-03 9.997771e-01 -5.453624e+00
9.942632e-01 -1.050392e-01 -2.018498e-02 2.375551e+02 1.051813e-01 9.944342e-01 6.108753e-03 1.296797e+01 1.943098e-02 -8.196790e-03 9.997776e-01 -5.475830e+00
9.943390e-01 -1.034516e-01 -2.423986e-02 2.398030e+02 1.037196e-01 9.945556e-01 1.006886e-02 1.318221e+01 2.306625e-02 -1.252601e-02 9.996555e-01 -5.552999e+00
9.944584e-01 -1.032023e-01 -2.004504e-02 2.420398e+02 1.033550e-01 9.946218e-01 6.733983e-03 1.340234e+01 1.924227e-02 -8.768421e-03 9.997764e-01 -5.587500e+00
9.945307e-01 -1.023624e-01 -2.074982e-02 2.443150e+02 1.025258e-01 9.947059e-01 6.967839e-03 1.361354e+01 1.992673e-02 -9.057121e-03 9.997604e-01 -5.646903e+00
9.945483e-01 -1.029993e-01 -1.627601e-02 2.465852e+02 1.031277e-01 9.946418e-01 7.255288e-03 1.383035e+01 1.544151e-02 -8.894241e-03 9.998412e-01 -5.676134e+00
9.946705e-01 -1.011098e-01 -2.018789e-02 2.488501e+02 1.013004e-01 9.948182e-01 8.647659e-03 1.403248e+01 1.920891e-02 -1.064661e-02 9.997588e-01 -5.784147e+00
9.947506e-01 -1.007394e-01 -1.796763e-02 2.511327e+02 1.008806e-01 9.948730e-01 7.131264e-03 1.424484e+01 1.715711e-02 -8.906414e-03 9.998131e-01 -5.801074e+00
9.947650e-01 -1.001924e-01 -2.009977e-02 2.534019e+02 1.004119e-01 9.948933e-01 1.022191e-02 1.445267e+01 1.897297e-02 -1.218665e-02 9.997457e-01 -5.882485e+00
9.946688e-01 -1.011913e-01 -1.985615e-02 2.556863e+02 1.013405e-01 9.948294e-01 6.657165e-03 1.467115e+01 1.907984e-02 -8.633907e-03 9.997807e-01 -5.925251e+00
9.946293e-01 -1.016819e-01 -1.932504e-02 2.579814e+02 1.018960e-01 9.947404e-01 1.043452e-02 1.488322e+01 1.816239e-02 -1.234762e-02 9.997588e-01 -5.978166e+00
9.946172e-01 -1.015784e-01 -2.045537e-02 2.602270e+02 1.017363e-01 9.947881e-01 6.828255e-03 1.509982e+01 1.965516e-02 -8.872554e-03 9.997674e-01 -6.032040e+00
9.945713e-01 -1.021689e-01 -1.973358e-02 2.625482e+02 1.023657e-01 9.947040e-01 9.233407e-03 1.531449e+01 1.868570e-02 -1.120332e-02 9.997627e-01 -6.093082e+00
9.945471e-01 -1.022310e-01 -2.061469e-02 2.648789e+02 1.023893e-01 9.947215e-01 6.774972e-03 1.554221e+01 1.981326e-02 -8.848753e-03 9.997646e-01 -6.123426e+00
9.945599e-01 -1.028185e-01 -1.669910e-02 2.671389e+02 1.029968e-01 9.946296e-01 1.018763e-02 1.574299e+01 1.556194e-02 -1.185216e-02 9.998087e-01 -6.205203e+00
9.943484e-01 -1.044455e-01 -1.903761e-02 2.694619e+02 1.046383e-01 9.944656e-01 9.427152e-03 1.597403e+01 1.794763e-02 -1.136594e-02 9.997743e-01 -6.236105e+00
9.943295e-01 -1.048470e-01 -1.777710e-02 2.717267e+02 1.050356e-01 9.944178e-01 1.002870e-02 1.618803e+01 1.662639e-02 -1.183906e-02 9.997917e-01 -6.320262e+00
9.942408e-01 -1.055757e-01 -1.841233e-02 2.740517e+02 1.058199e-01 9.943024e-01 1.283063e-02 1.641851e+01 1.695282e-02 -1.470513e-02 9.997482e-01 -6.357456e+00
9.940846e-01 -1.072357e-01 -1.721251e-02 2.763570e+02 1.074321e-01 9.941525e-01 1.091911e-02 1.664250e+01 1.594094e-02 -1.270370e-02 9.997922e-01 -6.456816e+00
9.940268e-01 -1.075560e-01 -1.850478e-02 2.786335e+02 1.077707e-01 9.941146e-01 1.102199e-02 1.685788e+01 1.721039e-02 -1.295043e-02 9.997680e-01 -6.502706e+00
9.939454e-01 -1.085861e-01 -1.678485e-02 2.809490e+02 1.087373e-01 9.940352e-01 8.371541e-03 1.709643e+01 1.577570e-02 -1.014599e-02 9.998241e-01 -6.565141e+00
9.937338e-01 -1.101344e-01 -1.907051e-02 2.832554e+02 1.103250e-01 9.938524e-01 9.249201e-03 1.732879e+01 1.793462e-02 -1.129520e-02 9.997754e-01 -6.631917e+00
9.936915e-01 -1.108117e-01 -1.726285e-02 2.855353e+02 1.109207e-01 9.938141e-01 5.483903e-03 1.755023e+01 1.654838e-02 -7.364115e-03 9.998360e-01 -6.673436e+00
9.935664e-01 -1.119494e-01 -1.712025e-02 2.878631e+02 1.121404e-01 9.936354e-01 1.063090e-02 1.778940e+01 1.582117e-02 -1.248238e-02 9.997969e-01 -6.754210e+00
9.934182e-01 -1.135671e-01 -1.493006e-02 2.901630e+02 1.136938e-01 9.934840e-01 7.933398e-03 1.803846e+01 1.393180e-02 -9.578637e-03 9.998571e-01 -6.788133e+00
9.932914e-01 -1.143516e-01 -1.719870e-02 2.924478e+02 1.145546e-01 9.933525e-01 1.131943e-02 1.826816e+01 1.578998e-02 -1.321369e-02 9.997880e-01 -6.899817e+00
9.931569e-01 -1.155528e-01 -1.693735e-02 2.947661e+02 1.157081e-01 9.932472e-01 8.490984e-03 1.852582e+01 1.584182e-02 -1.039267e-02 9.998205e-01 -6.937265e+00
9.930565e-01 -1.160653e-01 -1.917388e-02 2.970660e+02 1.162792e-01 9.931618e-01 1.044542e-02 1.877112e+01 1.783042e-02 -1.260241e-02 9.997616e-01 -7.029413e+00
9.928710e-01 -1.172601e-01 -2.138519e-02 2.993633e+02 1.174839e-01 9.930290e-01 9.525471e-03 1.902910e+01 2.011916e-02 -1.196998e-02 9.997259e-01 -7.078629e+00
9.928312e-01 -1.177268e-01 -2.065469e-02 3.016732e+02 1.179413e-01 9.929754e-01 9.490337e-03 1.927534e+01 1.939233e-02 -1.185834e-02 9.997416e-01 -7.147745e+00
9.927275e-01 -1.187983e-01 -1.947321e-02 3.039650e+02 1.189999e-01 9.928484e-01 9.539139e-03 1.953470e+01 1.820071e-02 -1.178708e-02 9.997649e-01 -7.212154e+00
9.926410e-01 -1.198922e-01 -1.701716e-02 3.062634e+02 1.200154e-01 9.927512e-01 6.406968e-03 1.979233e+01 1.612566e-02 -8.402140e-03 9.998347e-01 -7.249176e+00
9.925478e-01 -1.205297e-01 -1.792966e-02 3.085667e+02 1.207328e-01 9.926273e-01 1.070805e-02 2.005116e+01 1.650683e-02 -1.279295e-02 9.997819e-01 -7.337090e+00
9.924527e-01 -1.214572e-01 -1.690209e-02 3.108640e+02 1.216330e-01 9.925268e-01 9.793768e-03 2.031476e+01 1.558626e-02 -1.177570e-02 9.998092e-01 -7.364631e+00
9.924180e-01 -1.216284e-01 -1.769417e-02 3.131529e+02 1.218263e-01 9.924951e-01 1.056851e-02 2.057353e+01 1.627595e-02 -1.264400e-02 9.997876e-01 -7.480955e+00
9.924352e-01 -1.211714e-01 -1.974429e-02 3.154606e+02 1.213716e-01 9.925637e-01 9.269946e-03 2.083584e+01 1.847422e-02 -1.159622e-02 9.997621e-01 -7.503342e+00
9.925021e-01 -1.206467e-01 -1.959504e-02 3.177554e+02 1.208921e-01 9.925948e-01 1.186074e-02 2.110232e+01 1.801898e-02 -1.414069e-02 9.997376e-01 -7.596713e+00
9.925139e-01 -1.199080e-01 -2.319963e-02 3.200568e+02 1.202324e-01 9.926591e-01 1.312714e-02 2.136750e+01 2.145527e-02 -1.581822e-02 9.996446e-01 -7.661212e+00
9.925470e-01 -1.199363e-01 -2.158270e-02 3.223659e+02 1.202175e-01 9.926722e-01 1.223683e-02 2.163137e+01 1.995691e-02 -1.474024e-02 9.996922e-01 -7.715413e+00
9.925569e-01 -1.199444e-01 -2.107695e-02 3.246863e+02 1.201980e-01 9.926866e-01 1.120817e-02 2.189647e+01 1.957845e-02 -1.365815e-02 9.997150e-01 -7.814290e+00
9.925917e-01 -1.202448e-01 -1.740582e-02 3.269898e+02 1.204286e-01 9.926724e-01 9.918385e-03 2.216571e+01 1.608564e-02 -1.194106e-02 9.997993e-01 -7.830116e+00
9.926663e-01 -1.197402e-01 -1.661211e-02 3.293108e+02 1.199286e-01 9.927233e-01 1.085116e-02 2.241263e+01 1.519190e-02 -1.276385e-02 9.998031e-01 -7.918916e+00
9.926705e-01 -1.198612e-01 -1.544674e-02 3.316214e+02 1.200484e-01 9.926976e-01 1.182127e-02 2.267849e+01 1.391704e-02 -1.358898e-02 9.998108e-01 -7.960215e+00
9.926842e-01 -1.198872e-01 -1.431761e-02 3.339243e+02 1.200530e-01 9.927027e-01 1.134191e-02 2.293640e+01 1.285337e-02 -1.297781e-02 9.998332e-01 -8.067487e+00
9.927155e-01 -1.196270e-01 -1.432966e-02 3.362746e+02 1.197769e-01 9.927495e-01 1.010146e-02 2.320377e+01 1.301735e-02 -1.174424e-02 9.998463e-01 -8.106181e+00
9.928316e-01 -1.190694e-01 -1.038655e-02 3.385813e+02 1.191827e-01 9.928107e-01 1.106603e-02 2.345161e+01 8.994253e-03 -1.222460e-02 9.998848e-01 -8.140787e+00
9.927944e-01 -1.193543e-01 -1.067169e-02 3.409142e+02 1.194851e-01 9.927562e-01 1.259159e-02 2.371797e+01 9.091527e-03 -1.377597e-02 9.998638e-01 -8.228279e+00
9.927841e-01 -1.197181e-01 -6.874207e-03 3.432527e+02 1.198013e-01 9.927084e-01 1.333231e-02 2.397118e+01 5.227965e-03 -1.405964e-02 9.998875e-01 -8.288652e+00
9.927520e-01 -1.199213e-01 -7.893041e-03 3.455804e+02 1.200359e-01 9.926385e-01 1.612622e-02 2.423179e+01 5.901059e-03 -1.695679e-02 9.998388e-01 -8.370011e+00
9.928158e-01 -1.194834e-01 -6.363560e-03 3.479139e+02 1.195625e-01 9.927280e-01 1.400331e-02 2.448724e+01 4.644121e-03 -1.466355e-02 9.998817e-01 -8.450089e+00
9.927827e-01 -1.197553e-01 -6.420818e-03 3.502582e+02 1.198473e-01 9.926527e-01 1.665184e-02 2.474711e+01 4.379496e-03 -1.730117e-02 9.998407e-01 -8.523890e+00
9.927938e-01 -1.196872e-01 -5.951007e-03 3.526159e+02 1.197614e-01 9.927001e-01 1.426193e-02 2.501585e+01 4.200595e-03 -1.487186e-02 9.998806e-01 -8.594791e+00
9.928288e-01 -1.194807e-01 -3.919786e-03 3.549565e+02 1.195265e-01 9.927185e-01 1.495289e-02 2.526842e+01 2.104662e-03 -1.531418e-02 9.998805e-01 -8.696290e+00
9.927775e-01 -1.199137e-01 -3.697210e-03 3.572867e+02 1.199548e-01 9.926758e-01 1.433899e-02 2.553006e+01 1.950691e-03 -1.467892e-02 9.998903e-01 -8.736564e+00
9.927797e-01 -1.199502e-01 -7.175460e-04 3.596373e+02 1.199464e-01 9.926537e-01 1.585701e-02 2.579592e+01 -1.189776e-03 -1.582858e-02 9.998740e-01 -8.819333e+00
9.927434e-01 -1.202478e-01 -9.954631e-04 3.619838e+02 1.202477e-01 9.926046e-01 1.662634e-02 2.604319e+01 -1.011179e-03 -1.662539e-02 9.998613e-01 -8.902005e+00
9.927812e-01 -1.199185e-01 2.266996e-03 3.643103e+02 1.198728e-01 9.926804e-01 1.469324e-02 2.630640e+01 -4.012395e-03 -1.431542e-02 9.998895e-01 -8.969928e+00
9.927528e-01 -1.201280e-01 3.345344e-03 3.666881e+02 1.200549e-01 9.926218e-01 1.699589e-02 2.657024e+01 -5.362344e-03 -1.647109e-02 9.998500e-01 -9.044011e+00
9.927701e-01 -1.199539e-01 4.317389e-03 3.690252e+02 1.198682e-01 9.926535e-01 1.646029e-02 2.681904e+01 -6.260146e-03 -1.582376e-02 9.998552e-01 -9.134183e+00
9.928364e-01 -1.193696e-01 5.188520e-03 3.713721e+02 1.192644e-01 9.927123e-01 1.727795e-02 2.708084e+01 -7.213169e-03 -1.653537e-02 9.998373e-01 -9.198288e+00
9.927913e-01 -1.197675e-01 4.597973e-03 3.737057e+02 1.196777e-01 9.926771e-01 1.641220e-02 2.733390e+01 -6.529951e-03 -1.574362e-02 9.998547e-01 -9.284340e+00
9.928865e-01 -1.189324e-01 5.605460e-03 3.760427e+02 1.188228e-01 9.927707e-01 1.695840e-02 2.759117e+01 -7.581839e-03 -1.617171e-02 9.998405e-01 -9.376423e+00
9.928110e-01 -1.196095e-01 4.469292e-03 3.784008e+02 1.195190e-01 9.926889e-01 1.684687e-02 2.784815e+01 -6.451664e-03 -1.619160e-02 9.998481e-01 -9.433804e+00
9.928253e-01 -1.193803e-01 6.802634e-03 3.807377e+02 1.192436e-01 9.927047e-01 1.783152e-02 2.810225e+01 -8.881739e-03 -1.689241e-02 9.998178e-01 -9.525206e+00
9.927810e-01 -1.197831e-01 6.143665e-03 3.830852e+02 1.196487e-01 9.926362e-01 1.890011e-02 2.836202e+01 -8.362340e-03 -1.802859e-02 9.998025e-01 -9.581321e+00
9.927294e-01 -1.199944e-01 9.468804e-03 3.854449e+02 1.197991e-01 9.926156e-01 1.903923e-02 2.862357e+01 -1.168349e-02 -1.776646e-02 9.997739e-01 -9.682624e+00
9.926844e-01 -1.202742e-01 1.057682e-02 3.877885e+02 1.200408e-01 9.925580e-01 2.046596e-02 2.887637e+01 -1.295964e-02 -1.904658e-02 9.997346e-01 -9.752729e+00
9.926382e-01 -1.204653e-01 1.254780e-02 3.901506e+02 1.202303e-01 9.925818e-01 1.804984e-02 2.913396e+01 -1.462910e-02 -1.640834e-02 9.997584e-01 -9.838737e+00
9.927276e-01 -1.196381e-01 1.336180e-02 3.925235e+02 1.193868e-01 9.926801e-01 1.824836e-02 2.938502e+01 -1.544720e-02 -1.652043e-02 9.997442e-01 -9.933020e+00
9.927331e-01 -1.195328e-01 1.389346e-02 3.948655e+02 1.192867e-01 9.927080e-01 1.737228e-02 2.963640e+01 -1.586871e-02 -1.558873e-02 9.997526e-01 -9.994375e+00
9.927061e-01 -1.195685e-01 1.543019e-02 3.972496e+02 1.192723e-01 9.926822e-01 1.887080e-02 2.989494e+01 -1.757363e-02 -1.689276e-02 9.997029e-01 -1.012025e+01
9.927077e-01 -1.196587e-01 1.460450e-02 3.996208e+02 1.193771e-01 9.926702e-01 1.883781e-02 3.016093e+01 -1.675156e-02 -1.695700e-02 9.997159e-01 -1.015899e+01
9.927186e-01 -1.194198e-01 1.577172e-02 4.019974e+02 1.191101e-01 9.926934e-01 1.930199e-02 3.042225e+01 -1.796153e-02 -1.728288e-02 9.996893e-01 -1.028565e+01
9.927218e-01 -1.194463e-01 1.536202e-02 4.043673e+02 1.191166e-01 9.926615e-01 2.083936e-02 3.067727e+01 -1.773848e-02 -1.885781e-02 9.996648e-01 -1.034457e+01
9.927223e-01 -1.192885e-01 1.651058e-02 4.067615e+02 1.189781e-01 9.927217e-01 1.865575e-02 3.093234e+01 -1.861583e-02 -1.655558e-02 9.996896e-01 -1.042163e+01
9.926650e-01 -1.195060e-01 1.828997e-02 4.091391e+02 1.191431e-01 9.926796e-01 1.979646e-02 3.119851e+01 -2.052188e-02 -1.747213e-02 9.996367e-01 -1.053729e+01
9.926341e-01 -1.197208e-01 1.855806e-02 4.115332e+02 1.193725e-01 9.926703e-01 1.886408e-02 3.145990e+01 -2.068046e-02 -1.650981e-02 9.996498e-01 -1.059535e+01
9.926465e-01 -1.195789e-01 1.880876e-02 4.139234e+02 1.192062e-01 9.926717e-01 1.982820e-02 3.172410e+01 -2.104195e-02 -1.744028e-02 9.996265e-01 -1.071874e+01
9.925820e-01 -1.200942e-01 1.892914e-02 4.163094e+02 1.197532e-01 9.926362e-01 1.822827e-02 3.199114e+01 -2.097886e-02 -1.582623e-02 9.996547e-01 -1.078161e+01
9.925525e-01 -1.202490e-01 1.948606e-02 4.186921e+02 1.198615e-01 9.925897e-01 1.996926e-02 3.224999e+01 -2.174295e-02 -1.748491e-02 9.996107e-01 -1.089182e+01
9.926109e-01 -1.197457e-01 1.961245e-02 4.210787e+02 1.193606e-01 9.926543e-01 1.975373e-02 3.251562e+01 -2.183381e-02 -1.726681e-02 9.996125e-01 -1.097524e+01
9.925672e-01 -1.199408e-01 2.060230e-02 4.234609e+02 1.195022e-01 9.926044e-01 2.135052e-02 3.277153e+01 -2.301073e-02 -1.872980e-02 9.995598e-01 -1.106543e+01
9.925259e-01 -1.199768e-01 2.231621e-02 4.258509e+02 1.194645e-01 9.925714e-01 2.303074e-02 3.302913e+01 -2.491358e-02 -2.019261e-02 9.994857e-01 -1.115863e+01
9.925599e-01 -1.197529e-01 2.200113e-02 4.282249e+02 1.192389e-01 9.925908e-01 2.335431e-02 3.328727e+01 -2.463486e-02 -2.055716e-02 9.994851e-01 -1.125892e+01
9.925675e-01 -1.195722e-01 2.263178e-02 4.306067e+02 1.190478e-01 9.926161e-01 2.325724e-02 3.354566e+01 -2.524558e-02 -2.039012e-02 9.994733e-01 -1.133650e+01
9.925795e-01 -1.192121e-01 2.396591e-02 4.329920e+02 1.185964e-01 9.926111e-01 2.565489e-02 3.380721e+01 -2.684720e-02 -2.262224e-02 9.993836e-01 -1.145210e+01
9.925761e-01 -1.194685e-01 2.280222e-02 4.353839e+02 1.189219e-01 9.926138e-01 2.399185e-02 3.406670e+01 -2.550007e-02 -2.110206e-02 9.994521e-01 -1.153616e+01
9.925277e-01 -1.196462e-01 2.395055e-02 4.377663e+02 1.190802e-01 9.925991e-01 2.381367e-02 3.432763e+01 -2.662250e-02 -2.078369e-02 9.994295e-01 -1.164143e+01
9.925885e-01 -1.192241e-01 2.352952e-02 4.401617e+02 1.186858e-01 9.926635e-01 2.308724e-02 3.459107e+01 -2.610945e-02 -2.012351e-02 9.994565e-01 -1.174109e+01
9.925553e-01 -1.192541e-01 2.474599e-02 4.425648e+02 1.186456e-01 9.926281e-01 2.475710e-02 3.484672e+01 -2.751595e-02 -2.163679e-02 9.993871e-01 -1.183216e+01
9.925573e-01 -1.191821e-01 2.501005e-02 4.449760e+02 1.185624e-01 9.926330e-01 2.495540e-02 3.511119e+01 -2.780004e-02 -2.180442e-02 9.993756e-01 -1.192381e+01
9.924771e-01 -1.191460e-01 2.816858e-02 4.473941e+02 1.184151e-01 9.926150e-01 2.633219e-02 3.537857e+01 -3.109792e-02 -2.279851e-02 9.992563e-01 -1.202618e+01
9.924877e-01 -1.192611e-01 2.729345e-02 4.498329e+02 1.185098e-01 9.925673e-01 2.766856e-02 3.564237e+01 -3.039037e-02 -2.422616e-02 9.992445e-01 -1.213111e+01
9.925320e-01 -1.189744e-01 2.693196e-02 4.522480e+02 1.182124e-01 9.925845e-01 2.831664e-02 3.589938e+01 -3.010120e-02 -2.492148e-02 9.992361e-01 -1.224729e+01
9.926881e-01 -1.183353e-01 2.381440e-02 4.546712e+02 1.176687e-01 9.926671e-01 2.768416e-02 3.616320e+01 -2.691578e-02 -2.467952e-02 9.993330e-01 -1.234577e+01
9.927594e-01 -1.179496e-01 2.272942e-02 4.570820e+02 1.173544e-01 9.927510e-01 2.595406e-02 3.641826e+01 -2.562592e-02 -2.309874e-02 9.994047e-01 -1.246366e+01
9.927545e-01 -1.177607e-01 2.389262e-02 4.595376e+02 1.170662e-01 9.927109e-01 2.864187e-02 3.668698e+01 -2.709136e-02 -2.563733e-02 9.993042e-01 -1.253501e+01
9.927181e-01 -1.182295e-01 2.307659e-02 4.619779e+02 1.174803e-01 9.925756e-01 3.149753e-02 3.695271e+01 -2.662919e-02 -2.855713e-02 9.992374e-01 -1.268505e+01
9.925649e-01 -1.188096e-01 2.644182e-02 4.644598e+02 1.180518e-01 9.925958e-01 2.858840e-02 3.720513e+01 -2.964262e-02 -2.525434e-02 9.992415e-01 -1.275353e+01
9.925101e-01 -1.188733e-01 2.815712e-02 4.669088e+02 1.180302e-01 9.925590e-01 2.992556e-02 3.747167e+01 -3.150496e-02 -2.637803e-02 9.991555e-01 -1.288129e+01
9.926671e-01 -1.184411e-01 2.415968e-02 4.693777e+02 1.176273e-01 9.925189e-01 3.271218e-02 3.774035e+01 -2.785341e-02 -2.963046e-02 9.991727e-01 -1.300567e+01
9.927592e-01 -1.173427e-01 2.568814e-02 4.718432e+02 1.164256e-01 9.925935e-01 3.468807e-02 3.801357e+01 -2.956827e-02 -3.144614e-02 9.990680e-01 -1.311226e+01
9.929661e-01 -1.156809e-01 2.522421e-02 4.743208e+02 1.148183e-01 9.928275e-01 3.332272e-02 3.827461e+01 -2.889809e-02 -3.019213e-02 9.991263e-01 -1.325789e+01
9.931251e-01 -1.132211e-01 2.972292e-02 4.767995e+02 1.123439e-01 9.932256e-01 2.969353e-02 3.851730e+01 -3.288350e-02 -2.615020e-02 9.991170e-01 -1.335917e+01
9.934593e-01 -1.102027e-01 2.989854e-02 4.792755e+02 1.093234e-01 9.935652e-01 2.960513e-02 3.876171e+01 -3.296871e-02 -2.614288e-02 9.991144e-01 -1.347385e+01
9.938585e-01 -1.071236e-01 2.774801e-02 4.817332e+02 1.063490e-01 9.939336e-01 2.803504e-02 3.901142e+01 -3.058289e-02 -2.491189e-02 9.992217e-01 -1.354874e+01
9.941432e-01 -1.034446e-01 3.128029e-02 4.842520e+02 1.028002e-01 9.944686e-01 2.155788e-02 3.924276e+01 -3.333731e-02 -1.821600e-02 9.992781e-01 -1.364384e+01
9.944033e-01 -9.884073e-02 3.731769e-02 4.867350e+02 9.787285e-02 9.948343e-01 2.693276e-02 3.946135e+01 -3.978698e-02 -2.312963e-02 9.989405e-01 -1.368558e+01
9.949445e-01 -9.397984e-02 3.540124e-02 4.892468e+02 9.292604e-02 9.952112e-01 3.032466e-02 3.967550e+01 -3.808161e-02 -2.688166e-02 9.989130e-01 -1.382241e+01
9.952126e-01 -8.919535e-02 3.995070e-02 4.917174e+02 8.834391e-02 9.958335e-01 2.259698e-02 3.986724e+01 -4.179980e-02 -1.895940e-02 9.989461e-01 -1.396969e+01
9.955207e-01 -8.493010e-02 4.153751e-02 4.942043e+02 8.385811e-02 9.961145e-01 2.690611e-02 4.006149e+01 -4.366126e-02 -2.330234e-02 9.987746e-01 -1.401665e+01
9.959908e-01 -8.169463e-02 3.644586e-02 4.967012e+02 8.053365e-02 9.962296e-01 3.226246e-02 4.024691e+01 -3.894411e-02 -2.919800e-02 9.988147e-01 -1.413010e+01
9.960620e-01 -7.909099e-02 4.006369e-02 4.992284e+02 7.803891e-02 9.965798e-01 2.717878e-02 4.041988e+01 -4.207626e-02 -2.394523e-02 9.988274e-01 -1.426175e+01
9.960882e-01 -7.689147e-02 4.354329e-02 5.017475e+02 7.568130e-02 9.967163e-01 2.879266e-02 4.058683e+01 -4.561422e-02 -2.538461e-02 9.986365e-01 -1.434537e+01
9.963790e-01 -7.424187e-02 4.143863e-02 5.041890e+02 7.305007e-02 9.968898e-01 2.957172e-02 4.073838e+01 -4.350521e-02 -2.643754e-02 9.987034e-01 -1.445139e+01
9.963875e-01 -7.183659e-02 4.529379e-02 5.067045e+02 7.058632e-02 9.970950e-01 2.862558e-02 4.088925e+01 -4.721856e-02 -2.532504e-02 9.985635e-01 -1.455831e+01
9.966154e-01 -6.938453e-02 4.408555e-02 5.092627e+02 6.812941e-02 9.972442e-01 2.936370e-02 4.103748e+01 -4.600145e-02 -2.626079e-02 9.985961e-01 -1.465205e+01
9.966952e-01 -6.709972e-02 4.578489e-02 5.117853e+02 6.575173e-02 9.973748e-01 3.034033e-02 4.118203e+01 -4.770052e-02 -2.722962e-02 9.984905e-01 -1.476890e+01
9.966863e-01 -6.588207e-02 4.770810e-02 5.143034e+02 6.434810e-02 9.973816e-01 3.300691e-02 4.132798e+01 -4.975774e-02 -2.982761e-02 9.983158e-01 -1.486912e+01
9.966956e-01 -6.509291e-02 4.858732e-02 5.168658e+02 6.354007e-02 9.974385e-01 3.284932e-02 4.146159e+01 -5.060112e-02 -2.965353e-02 9.982786e-01 -1.498532e+01
9.967659e-01 -6.450441e-02 4.792744e-02 5.193768e+02 6.292596e-02 9.974475e-01 3.374527e-02 4.159185e+01 -4.998182e-02 -3.062025e-02 9.982806e-01 -1.509975e+01
9.968120e-01 -6.417153e-02 4.741127e-02 5.218972e+02 6.260771e-02 9.974668e-01 3.376542e-02 4.172235e+01 -4.945796e-02 -3.068946e-02 9.983046e-01 -1.523256e+01
9.968937e-01 -6.273159e-02 4.761991e-02 5.244186e+02 6.133434e-02 9.976585e-01 3.025827e-02 4.184843e+01 -4.940656e-02 -2.724354e-02 9.984071e-01 -1.533771e+01
9.969822e-01 -6.035495e-02 4.882297e-02 5.270019e+02 5.889376e-02 9.977880e-01 3.083402e-02 4.198080e+01 -5.057596e-02 -2.786560e-02 9.983314e-01 -1.543583e+01
9.969788e-01 -5.829959e-02 5.132597e-02 5.294677e+02 5.682009e-02 9.979388e-01 2.982882e-02 4.210388e+01 -5.295918e-02 -2.682235e-02 9.982364e-01 -1.552436e+01
9.972167e-01 -5.624687e-02 4.894026e-02 5.319805e+02 5.471028e-02 9.979832e-01 3.219094e-02 4.221893e+01 -5.065221e-02 -2.942381e-02 9.982828e-01 -1.563630e+01
9.973500e-01 -5.429090e-02 4.843080e-02 5.345570e+02 5.280871e-02 9.981115e-01 3.137691e-02 4.233187e+01 -5.004282e-02 -2.873619e-02 9.983336e-01 -1.576503e+01
9.972438e-01 -5.255281e-02 5.237461e-02 5.370150e+02 5.088836e-02 9.981713e-01 3.262279e-02 4.243734e+01 -5.399325e-02 -2.986761e-02 9.980945e-01 -1.585019e+01
9.971860e-01 -5.075006e-02 5.517733e-02 5.393696e+02 4.921451e-02 9.983718e-01 2.884165e-02 4.253404e+01 -5.655120e-02 -2.604496e-02 9.980599e-01 -1.595197e+01
9.972640e-01 -4.840471e-02 5.587129e-02 5.416686e+02 4.688668e-02 9.985029e-01 2.816907e-02 4.261947e+01 -5.715116e-02 -2.547238e-02 9.980406e-01 -1.605682e+01
9.973606e-01 -4.636578e-02 5.587501e-02 5.439288e+02 4.472949e-02 9.985430e-01 3.018854e-02 4.270542e+01 -5.719331e-02 -2.760960e-02 9.979813e-01 -1.614325e+01
9.974139e-01 -4.427390e-02 5.661550e-02 5.462492e+02 4.269430e-02 9.986725e-01 2.881273e-02 4.278659e+01 -5.781601e-02 -2.632106e-02 9.979802e-01 -1.625684e+01
9.975957e-01 -4.167043e-02 5.537421e-02 5.486544e+02 4.023587e-02 9.988315e-01 2.677423e-02 4.287175e+01 -5.642519e-02 -2.448183e-02 9.981066e-01 -1.631801e+01
9.977071e-01 -3.905698e-02 5.527359e-02 5.508544e+02 3.771767e-02 9.989740e-01 2.507024e-02 4.294287e+01 -5.619604e-02 -2.292796e-02 9.981564e-01 -1.642438e+01
9.976935e-01 -3.688970e-02 5.698046e-02 5.531648e+02 3.548976e-02 9.990476e-01 2.538866e-02 4.300258e+01 -5.786277e-02 -2.330788e-02 9.980524e-01 -1.650638e+01
9.976604e-01 -3.439959e-02 5.907962e-02 5.554814e+02 3.286421e-02 9.991012e-01 2.676659e-02 4.307003e+01 -5.994729e-02 -2.476236e-02 9.978943e-01 -1.659567e+01
9.977404e-01 -3.239113e-02 5.886414e-02 5.576686e+02 3.077606e-02 9.991301e-01 2.813996e-02 4.312497e+01 -5.972442e-02 -2.626477e-02 9.978693e-01 -1.670212e+01
