1.000000e+00 0.000000e+00 0.000000e+00 0.000000e+00 0.000000e+00 1.000000e+00 0.000000e+00 0.000000e+00 0.000000e+00 0.000000e+00 1.000000e+00 0.000000e+00
9.999956e-01 -2.738056e-03 1.096403e-03 1.055489e-01 2.740841e-03 9.999930e-01 -2.547449e-03 3.654329e-03 -1.089420e-03 2.550443e-03 9.999961e-01 7.320127e-03
9.999896e-01 -1.588593e-03 4.271057e-03 1.961278e-01 1.594630e-03 9.999976e-01 -1.410412e-03 -5.859630e-03 -4.268806e-03 1.417208e-03 9.999899e-01 3.416274e-03
9.999975e-01 -2.158835e-03 -5.466297e-04 1.504793e-01 2.158043e-03 9.999965e-01 -1.446398e-03 -6.614394e-03 5.497504e-04 1.445215e-03 9.999988e-01 1.109581e-02
9.999905e-01 -1.540844e-03 4.078329e-03 2.969379e-01 1.544649e-03 9.999983e-01 -9.301514e-04 -1.642313e-02 -4.076889e-03 9.364422e-04 9.999912e-01 -2.307977e-03
9.999920e-01 -1.359671e-03 3.779222e-03 2.526267e-01 1.360243e-03 9.999990e-01 -1.489724e-04 -2.059372e-02 -3.779016e-03 1.541119e-04 9.999928e-01 1.346335e-02
9.999869e-01 -5.234288e-04 5.095546e-03 2.272609e-01 5.235797e-04 9.999999e-01 -2.828180e-05 -3.587658e-02 -5.095530e-03 3.094935e-05 9.999870e-01 1.057906e-02
9.999912e-01 -4.268052e-04 4.168229e-03 2.311385e-01 4.247256e-04 9.999999e-01 4.997674e-04 -3.963511e-02 -4.168441e-03 -4.979926e-04 9.999912e-01 8.153558e-03
9.999936e-01 -5.387606e-04 3.531266e-03 2.067900e-01 5.382540e-04 9.999998e-01 1.443719e-04 -4.283056e-02 -3.531343e-03 -1.424703e-04 9.999937e-01 7.489350e-03
9.999924e-01 3.560438e-04 3.883939e-03 1.938496e-01 -3.611427e-04 9.999989e-01 1.312178e-03 -5.924556e-02 -3.883468e-03 -1.313570e-03 9.999916e-01 3.543073e-03
9.999887e-01 4.195389e-04 4.734125e-03 1.813748e-01 -4.268787e-04 9.999988e-01 1.549493e-03 -6.329904e-02 -4.733468e-03 -1.551497e-03 9.999876e-01 7.048761e-03
9.999974e-01 2.725151e-04 2.235809e-03 2.024839e-01 -2.768456e-04 9.999980e-01 1.936819e-03 -7.525984e-02 -2.235277e-03 -1.937433e-03 9.999956e-01 -1.884742e-03
9.999996e-01 7.355642e-04 -3.467432e-04 2.475167e-01 -7.358715e-04 9.999994e-01 -8.871352e-04 -9.127849e-02 3.460904e-04 8.873901e-04 9.999995e-01 4.011333e-03
9.999975e-01 5.900762e-04 2.158619e-03 2.685766e-01 -5.864963e-04 9.999986e-01 -1.658681e-03 -9.422790e-02 -2.159595e-03 1.657411e-03 9.999963e-01 7.265401e-03
9.999891e-01 1.162570e-03 4.518424e-03 1.295534e-01 -1.158311e-03 9.999988e-01 -9.451021e-04 -1.043556e-01 -4.519517e-03 9.398581e-04 9.999893e-01 1.879582e-02
9.999953e-01 7.585931e-04 2.970930e-03 3.490022e-01 -7.607139e-04 9.999994e-01 7.127708e-04 -1.149319e-01 -2.970387e-03 -7.150275e-04 9.999954e-01 1.276651e-02
9.999894e-01 1.374973e-03 4.391553e-03 5.516313e-01 -1.376909e-03 9.999989e-01 4.377592e-04 -1.348542e-01 -4.390947e-03 -4.438013e-04 9.999903e-01 1.114447e-02
9.999890e-01 1.232264e-03 4.535471e-03 7.485825e-01 -1.237060e-03 9.999986e-01 1.054871e-03 -1.506569e-01 -4.534165e-03 -1.060470e-03 9.999892e-01 7.860147e-03
9.999988e-01 8.154353e-04 1.333519e-03 8.676234e-01 -8.164786e-04 9.999994e-01 7.820155e-04 -1.611923e-01 -1.332881e-03 -7.831033e-04 9.999988e-01 -8.346124e-03
9.999961e-01 1.498451e-03 2.339741e-03 1.086428e+00 -1.499678e-03 9.999987e-01 5.225475e-04 -1.817168e-01 -2.338954e-03 -5.260544e-04 9.999971e-01 -2.154940e-02
9.999899e-01 1.858711e-03 4.100753e-03 1.365537e+00 -1.860042e-03 9.999982e-01 3.208276e-04 -2.000715e-01 -4.100150e-03 -3.284519e-04 9.999915e-01 -1.694155e-02
9.999869e-01 1.542726e-03 4.865734e-03 1.610290e+00 -1.544346e-03 9.999987e-01 3.293594e-04 -2.074962e-01 -4.865220e-03 -3.368695e-04 9.999881e-01 -2.793538e-02
9.999890e-01 1.333014e-03 4.497482e-03 1.769528e+00 -1.336177e-03 9.999989e-01 7.004209e-04 -2.176911e-01 -4.496544e-03 -7.064226e-04 9.999896e-01 -2.841484e-02
9.999948e-01 1.425329e-03 2.904184e-03 1.860089e+00 -1.427188e-03 9.999987e-01 6.379770e-04 -2.417155e-01 -2.903272e-03 -6.421185e-04 9.999956e-01 -3.781395e-02
9.999879e-01 8.298137e-04 4.844639e-03 2.379288e+00 -8.284157e-04 9.999995e-01 -2.905579e-04 -2.499812e-01 -4.844878e-03 2.865410e-04 9.999882e-01 -3.750833e-02
9.999923e-01 3.227186e-05 3.917582e-03 2.649692e+00 -3.359291e-05 1.000000e+00 3.371463e-04 -2.680991e-01 -3.917571e-03 -3.372753e-04 9.999923e-01 -5.401117e-02
9.999801e-01 -5.551844e-04 6.281038e-03 2.914157e+00 5.520497e-04 9.999996e-01 5.008074e-04 -2.777509e-01 -6.281315e-03 -4.973300e-04 9.999802e-01 -5.516993e-02
9.999947e-01 -1.386519e-03 2.947391e-03 3.105825e+00 1.387135e-03 9.999990e-01 -2.070447e-04 -2.900966e-01 -2.947100e-03 2.111320e-04 9.999956e-01 -5.660060e-02
9.999921e-01 -2.645771e-03 2.951403e-03 3.263042e+00 2.648195e-03 9.999963e-01 -8.177957e-04 -2.885191e-01 -2.949228e-03 8.256052e-04 9.999953e-01 -7.126702e-02
9.999898e-01 -2.698156e-03 3.626507e-03 3.571175e+00 2.706493e-03 9.999937e-01 -2.295865e-03 -2.977038e-01 -3.620289e-03 2.305657e-03 9.999908e-01 -6.687586e-02
9.999832e-01 -3.074314e-03 4.913518e-03 3.894546e+00 3.078434e-03 9.999949e-01 -8.311751e-04 -3.067764e-01 -4.910938e-03 8.462871e-04 9.999876e-01 -6.230179e-02
9.999834e-01 -4.002759e-03 4.130199e-03 4.195115e+00 3.991554e-03 9.999883e-01 2.717500e-03 -3.024216e-01 -4.141029e-03 -2.700969e-03 9.999878e-01 -7.111573e-02
9.999891e-01 -4.644418e-03 -5.364812e-04 4.555697e+00 4.645664e-03 9.999865e-01 2.345636e-03 -3.074293e-01 5.255798e-04 -2.348103e-03 9.999971e-01 -1.032398e-01
9.999770e-01 -4.601844e-03 4.988629e-03 4.942357e+00 4.609821e-03 9.999881e-01 -1.588933e-03 -3.073504e-01 -4.981257e-03 1.611893e-03 9.999863e-01 -1.016273e-01
9.999799e-01 -5.124932e-03 3.727124e-03 5.067999e+00 5.132117e-03 9.999850e-01 -1.920696e-03 -2.998948e-01 -3.717225e-03 1.939785e-03 9.999912e-01 -8.884238e-02
9.999838e-01 -4.597581e-03 3.343651e-03 5.300717e+00 4.599382e-03 9.999894e-01 -5.311224e-04 -3.109897e-01 -3.341173e-03 5.464926e-04 9.999943e-01 -1.102486e-01
9.999780e-01 -5.476387e-03 3.744991e-03 6.167267e+00 5.484028e-03 9.999830e-01 -2.032905e-03 -3.110884e-01 -3.733794e-03 2.053398e-03 9.999909e-01 -1.123313e-01
9.999598e-01 -5.631729e-03 6.970945e-03 6.499042e+00 5.647940e-03 9.999813e-01 -2.308140e-03 -3.084538e-01 -6.957816e-03 2.347419e-03 9.999731e-01 -1.086563e-01
9.999819e-01 -5.926819e-03 -9.840871e-04 7.555039e+00 5.926367e-03 9.999824e-01 -4.608903e-04 -3.157130e-01 9.868015e-04 4.550499e-04 9.999994e-01 -1.251334e-01
9.999792e-01 -6.445666e-03 2.109917e-04 8.264246e+00 6.445141e-03 9.999764e-01 2.403798e-03 -3.160966e-01 -2.264808e-04 -2.402388e-03 9.999971e-01 -1.370660e-01
9.999748e-01 -6.804263e-03 -2.028617e-03 8.927964e+00 6.808447e-03 9.999746e-01 2.062297e-03 -3.169626e-01 2.014533e-03 -2.076057e-03 9.999958e-01 -1.595430e-01
9.999782e-01 -6.478420e-03 -1.296888e-03 8.698488e+00 6.475654e-03 9.999768e-01 -2.126127e-03 -3.205105e-01 1.310632e-03 2.117682e-03 9.999969e-01 -1.652042e-01
9.999772e-01 -6.711428e-03 -7.268172e-04 9.367121e+00 6.706085e-03 9.999521e-01 -7.120281e-03 -3.206030e-01 7.745697e-04 7.115244e-03 9.999744e-01 -1.555927e-01
9.999359e-01 -6.712822e-03 9.120724e-03 9.786166e+00 6.764727e-03 9.999610e-01 -5.672087e-03 -3.101680e-01 -9.082292e-03 5.733422e-03 9.999423e-01 -1.246716e-01
9.999696e-01 -7.032189e-03 3.366884e-03 1.079022e+01 7.026478e-03 9.999740e-01 1.704943e-03 -3.193224e-01 -3.378785e-03 -1.681234e-03 9.999929e-01 -1.692777e-01
9.999743e-01 -6.517299e-03 2.979656e-03 1.146899e+01 6.491528e-03 9.999421e-01 8.578640e-03 -3.236321e-01 -3.035394e-03 -8.559077e-03 9.999588e-01 -2.116920e-01
9.999083e-01 -7.725441e-03 -1.112609e-02 1.272466e+01 7.879979e-03 9.998722e-01 1.391349e-02 -3.254084e-01 1.101718e-02 -1.399988e-02 9.998413e-01 -3.144518e-01
9.999018e-01 -6.716253e-03 -1.230242e-02 1.346972e+01 6.774811e-03 9.999658e-01 4.724403e-03 -3.322256e-01 1.227027e-02 -4.807285e-03 9.999132e-01 -3.457380e-01
9.999569e-01 -7.026749e-03 -6.064735e-03 1.410476e+01 7.002352e-03 9.999675e-01 -4.034637e-03 -3.245174e-01 6.092887e-03 3.991995e-03 9.999735e-01 -3.325741e-01
9.999763e-01 -6.875818e-03 1.797810e-04 1.480555e+01 6.876769e-03 9.999585e-01 -5.968276e-03 -3.256256e-01 -1.387368e-04 5.969371e-03 9.999822e-01 -3.007132e-01
9.999770e-01 -6.769341e-03 3.942630e-04 1.545775e+01 6.769731e-03 9.999765e-01 -9.956979e-04 -3.264053e-01 -3.875136e-04 9.983440e-04 9.999994e-01 -3.203814e-01
9.999649e-01 -7.737740e-03 -3.212672e-03 1.617547e+01 7.747978e-03 9.999648e-01 3.186370e-03 -3.203606e-01 3.187904e-03 -3.211150e-03 9.999897e-01 -3.359730e-01
9.999700e-01 -7.693219e-03 -8.569025e-04 1.677925e+01 7.694833e-03 9.999686e-01 1.895889e-03 -3.259380e-01 8.422900e-04 -1.902426e-03 9.999979e-01 -3.479069e-01
9.999553e-01 -8.153649e-03 -4.782146e-03 1.747646e+01 8.164208e-03 9.999642e-01 2.192738e-03 -3.214079e-01 4.764096e-03 -2.231683e-03 9.999862e-01 -3.805125e-01
9.999683e-01 -7.589654e-03 2.393930e-03 1.835703e+01 7.592363e-03 9.999704e-01 -1.124843e-03 -3.313067e-01 -2.385323e-03 1.142983e-03 9.999965e-01 -3.807519e-01
9.999655e-01 -8.019612e-03 2.137005e-03 1.896007e+01 8.020765e-03 9.999677e-01 -5.313588e-04 -3.223085e-01 -2.132675e-03 5.484810e-04 9.999976e-01 -3.774158e-01
9.999647e-01 -8.288499e-03 -1.401136e-03 1.947772e+01 8.293888e-03 9.999580e-01 3.885539e-03 -3.205793e-01 1.368872e-03 -3.897023e-03 9.999915e-01 -4.262632e-01
9.999555e-01 -8.751903e-03 -3.509151e-03 2.035985e+01 8.771136e-03 9.999465e-01 5.503618e-03 -3.144918e-01 3.460796e-03 -5.534152e-03 9.999787e-01 -4.580313e-01
9.999564e-01 -8.251851e-03 -4.379755e-03 2.129421e+01 8.276833e-03 9.999495e-01 5.716857e-03 -3.201057e-01 4.332359e-03 -5.752858e-03 9.999741e-01 -5.001145e-01
9.999532e-01 -8.932856e-03 -3.717362e-03 2.203927e+01 8.943926e-03 9.999557e-01 2.971893e-03 -3.109127e-01 3.690649e-03 -3.005001e-03 9.999887e-01 -5.028678e-01
9.999425e-01 -9.001633e-03 -5.824447e-03 2.275216e+01 9.011662e-03 9.999580e-01 1.697983e-03 -3.058843e-01 5.808917e-03 -1.750373e-03 9.999816e-01 -5.367523e-01
9.999582e-01 -8.184774e-03 -4.076204e-03 2.342550e+01 8.182568e-03 9.999664e-01 -5.573387e-04 -2.925170e-01 4.080629e-03 5.239616e-04 9.999915e-01 -5.235232e-01
9.999712e-01 -6.923153e-03 -3.116131e-03 2.413416e+01 6.933999e-03 9.999700e-01 3.483452e-03 -2.974378e-01 3.091921e-03 -3.504959e-03 9.999891e-01 -5.516565e-01
9.999629e-01 -5.461514e-03 -6.664168e-03 2.491695e+01 5.491606e-03 9.999747e-01 4.505627e-03 -3.073977e-01 6.639392e-03 -4.542057e-03 9.999676e-01 -5.989273e-01
9.999571e-01 -7.623250e-03 -5.249933e-03 2.570818e+01 7.640986e-03 9.999651e-01 3.366583e-03 -2.626494e-01 5.224086e-03 -3.406554e-03 9.999806e-01 -6.497144e-01
9.999298e-01 -4.607998e-03 -1.091048e-02 2.713828e+01 4.635717e-03 9.999861e-01 2.516648e-03 -2.905675e-01 1.089873e-02 -2.567049e-03 9.999373e-01 -7.195013e-01
9.999825e-01 -5.902399e-03 -2.954328e-04 2.872134e+01 5.903436e-03 9.999759e-01 3.645038e-03 -2.738600e-01 2.739112e-04 -3.646718e-03 9.999933e-01 -7.275956e-01
9.999601e-01 -3.787796e-03 -8.094881e-03 3.061890e+01 3.917642e-03 9.998630e-01 1.608535e-02 -2.909980e-01 8.032843e-03 -1.611642e-02 9.998379e-01 -8.173984e-01
9.998298e-01 -5.152757e-03 -1.771339e-02 3.263101e+01 5.686671e-03 9.995270e-01 3.022480e-02 -2.975686e-01 1.754927e-02 -3.032039e-02 9.993861e-01 -9.785539e-01
9.998792e-01 -3.984173e-03 -1.502686e-02 3.464727e+01 4.292090e-03 9.997804e-01 2.051490e-02 -3.050658e-01 1.494183e-02 -2.057692e-02 9.996766e-01 -1.095734e+00
9.997035e-01 -5.769095e-03 -2.365714e-02 3.667727e+01 5.998099e-03 9.999356e-01 9.620619e-03 -2.960196e-01 2.360012e-02 -9.759664e-03 9.996738e-01 -1.177155e+00
9.998869e-01 -4.384508e-03 -1.438583e-02 3.868318e+01 4.457898e-03 9.999772e-01 5.073456e-03 -3.057961e-01 1.436326e-02 -5.137013e-03 9.998837e-01 -1.269949e+00
9.997293e-01 -4.390749e-03 -2.284703e-02 4.065650e+01 4.580666e-03 9.999554e-01 8.266870e-03 -3.273370e-01 2.280971e-02 -8.369287e-03 9.997048e-01 -1.326625e+00
9.998543e-01 -3.079785e-03 -1.678937e-02 4.257573e+01 3.388447e-03 9.998252e-01 1.838700e-02 -3.664832e-01 1.672981e-02 -1.844121e-02 9.996900e-01 -1.460139e+00
9.996113e-01 -4.561332e-03 -2.750253e-02 4.456357e+01 5.437493e-03 9.994775e-01 3.186734e-02 -3.600547e-01 2.734279e-02 -3.200450e-02 9.991137e-01 -1.547201e+00
9.996550e-01 -5.597316e-03 -2.566223e-02 4.655257e+01 6.542307e-03 9.992979e-01 3.688936e-02 -3.457482e-01 2.543773e-02 -3.704453e-02 9.989898e-01 -1.789363e+00
9.996017e-01 -6.125988e-03 -2.754916e-02 4.855477e+01 6.716875e-03 9.997482e-01 2.140733e-02 -3.651020e-01 2.741109e-02 -2.158384e-02 9.993912e-01 -1.903433e+00
9.997352e-01 -7.132294e-03 -2.187869e-02 5.050931e+01 7.528184e-03 9.998085e-01 1.806609e-02 -3.419459e-01 2.174565e-02 -1.822601e-02 9.995974e-01 -2.048220e+00
9.995343e-01 -7.017261e-03 -2.969685e-02 5.247065e+01 7.698464e-03 9.997084e-01 2.288673e-02 -3.556318e-01 2.952759e-02 -2.310469e-02 9.992969e-01 -2.121615e+00
9.996131e-01 -7.825724e-03 -2.668982e-02 5.444800e+01 8.736257e-03 9.993778e-01 3.417119e-02 -3.554766e-01 2.640580e-02 -3.439113e-02 9.990596e-01 -2.263103e+00
9.994317e-01 -8.841281e-03 -3.252879e-02 5.643682e+01 9.979612e-03 9.993376e-01 3.500032e-02 -3.379582e-01 3.219779e-02 -3.530506e-02 9.988578e-01 -2.332316e+00
9.995551e-01 -1.036221e-02 -2.797025e-02 5.841660e+01 1.136216e-02 9.992931e-01 3.583179e-02 -3.190870e-01 2.757919e-02 -3.613365e-02 9.989663e-01 -2.518000e+00
9.995321e-01 -1.133030e-02 -2.841212e-02 6.039290e+01 1.228792e-02 9.993545e-01 3.375949e-02 -3.061608e-01 2.801127e-02 -3.409282e-02 9.990261e-01 -2.644533e+00
9.995435e-01 -1.251444e-02 -2.749927e-02 6.235740e+01 1.351708e-02 9.992392e-01 3.658222e-02 -3.001460e-01 2.702054e-02 -3.693723e-02 9.989522e-01 -2.799075e+00
9.994779e-01 -1.399914e-02 -2.912166e-02 6.431583e+01 1.511610e-02 9.991444e-01 3.849510e-02 -2.897128e-01 2.855785e-02 -3.891521e-02 9.988344e-01 -2.913680e+00
9.994903e-01 -1.599482e-02 -2.763011e-02 6.630486e+01 1.715820e-02 9.989537e-01 4.239467e-02 -2.788556e-01 2.692310e-02 -4.284715e-02 9.987188e-01 -3.082736e+00
9.994197e-01 -1.844457e-02 -2.863464e-02 6.826881e+01 1.963888e-02 9.989244e-01 4.200351e-02 -2.587014e-01 2.782911e-02 -4.254149e-02 9.987071e-01 -3.223702e+00
9.993637e-01 -2.159589e-02 -2.838574e-02 7.023879e+01 2.276674e-02 9.988751e-01 4.159333e-02 -2.143157e-01 2.745557e-02 -4.221311e-02 9.987313e-01 -3.395465e+00
9.992751e-01 -2.467854e-02 -2.898734e-02 7.218337e+01 2.589446e-02 9.987674e-01 4.234840e-02 -1.895476e-01 2.790651e-02 -4.306832e-02 9.986823e-01 -3.576177e+00
9.992223e-01 -2.764395e-02 -2.811925e-02 7.412289e+01 2.887785e-02 9.985933e-01 4.446524e-02 -1.613632e-01 2.685051e-02 -4.524268e-02 9.986151e-01 -3.757980e+00
9.990879e-01 -3.108956e-02 -2.927204e-02 7.602715e+01 3.239840e-02 9.984454e-01 4.535460e-02 -1.152651e-01 2.781648e-02 -4.626160e-02 9.985420e-01 -3.939473e+00
9.989858e-01 -3.419551e-02 -2.929405e-02 7.794093e+01 3.551901e-02 9.983137e-01 4.591881e-02 -7.639647e-02 2.767443e-02 -4.691273e-02 9.985155e-01 -4.094283e+00
9.988659e-01 -3.813938e-02 -2.850023e-02 7.983021e+01 3.945472e-02 9.981101e-01 4.711106e-02 -1.641908e-03 2.664958e-02 -4.818210e-02 9.984830e-01 -4.289159e+00
9.986728e-01 -4.175679e-02 -3.015070e-02 8.170213e+01 4.316945e-02 9.979222e-01 4.783068e-02 7.453747e-02 2.809080e-02 -4.906879e-02 9.984003e-01 -4.457695e+00
9.985479e-01 -4.433427e-02 -3.060417e-02 8.351943e+01 4.567145e-02 9.979661e-01 4.447230e-02 1.263833e-01 2.857028e-02 -4.580545e-02 9.985417e-01 -4.606597e+00
9.983986e-01 -4.677895e-02 -3.181219e-02 8.538113e+01 4.820453e-02 9.977947e-01 4.562856e-02 2.138535e-01 2.960758e-02 -4.708898e-02 9.984518e-01 -4.764112e+00
9.983407e-01 -4.757913e-02 -3.243453e-02 8.724907e+01 4.908111e-02 9.976788e-01 4.720239e-02 2.902375e-01 3.011339e-02 -4.871599e-02 9.983586e-01 -4.933009e+00
9.982218e-01 -4.926354e-02 -3.356069e-02 8.910744e+01 5.082328e-02 9.975858e-01 4.732636e-02 3.585096e-01 3.114820e-02 -4.894787e-02 9.983155e-01 -5.084727e+00
9.981793e-01 -5.007529e-02 -3.362470e-02 9.093282e+01 5.162660e-02 9.975611e-01 4.697266e-02 4.322903e-01 3.119053e-02 -4.862307e-02 9.983301e-01 -5.253938e+00
9.980885e-01 -5.169455e-02 -3.386784e-02 9.274982e+01 5.325508e-02 9.974780e-01 4.692096e-02 5.208002e-01 3.135686e-02 -4.863490e-02 9.983243e-01 -5.417139e+00
9.979891e-01 -5.301305e-02 -3.474697e-02 9.457652e+01 5.466597e-02 9.973269e-01 4.848510e-02 5.944623e-01 3.208375e-02 -5.028709e-02 9.982193e-01 -5.563349e+00
9.979023e-01 -5.425777e-02 -3.531580e-02 9.639191e+01 5.595347e-02 9.972330e-01 4.894266e-02 6.737022e-01 3.256256e-02 -5.081604e-02 9.981771e-01 -5.736166e+00
9.977497e-01 -5.601671e-02 -3.684705e-02 9.818344e+01 5.778286e-02 9.971381e-01 4.875403e-02 7.650971e-01 3.401055e-02 -5.077344e-02 9.981309e-01 -5.874204e+00
9.976521e-01 -5.755864e-02 -3.711081e-02 9.997835e+01 5.940648e-02 9.969414e-01 5.077761e-02 8.537208e-01 3.407461e-02 -5.286302e-02 9.980202e-01 -6.039203e+00
9.974861e-01 -6.034917e-02 -3.714131e-02 1.017951e+02 6.219892e-02 9.967678e-01 5.084476e-02 9.399868e-01 3.395283e-02 -5.302709e-02 9.980157e-01 -6.181118e+00
9.972771e-01 -6.320368e-02 -3.799449e-02 1.035810e+02 6.517282e-02 9.964633e-01 5.303951e-02 1.044395e+00 3.450782e-02 -5.537130e-02 9.978694e-01 -6.344857e+00
9.970874e-01 -6.609769e-02 -3.805154e-02 1.053250e+02 6.807922e-02 9.962510e-01 5.337574e-02 1.139805e+00 3.438088e-02 -5.581079e-02 9.978492e-01 -6.494208e+00
9.968020e-01 -6.936053e-02 -3.968391e-02 1.070813e+02 7.134212e-02 9.961517e-01 5.091119e-02 1.252011e+00 3.599997e-02 -5.357951e-02 9.979144e-01 -6.641906e+00
9.965857e-01 -7.179291e-02 -4.077593e-02 1.088469e+02 7.376850e-02 9.960606e-01 4.920934e-02 1.370393e+00 3.708242e-02 -5.204931e-02 9.979558e-01 -6.806815e+00
9.963271e-01 -7.513786e-02 -4.106795e-02 1.105999e+02 7.697686e-02 9.960079e-01 4.519917e-02 1.507823e+00 3.750783e-02 -4.819444e-02 9.981335e-01 -6.951641e+00
9.962023e-01 -7.768907e-02 -3.931218e-02 1.123117e+02 7.934206e-02 9.959456e-01 4.239540e-02 1.637916e+00 3.585912e-02 -4.535351e-02 9.983272e-01 -7.079959e+00
9.959562e-01 -8.077007e-02 -3.933772e-02 1.139928e+02 8.234691e-02 9.957900e-01 4.026364e-02 1.747525e+00 3.592002e-02 -4.334016e-02 9.984145e-01 -7.194865e+00
9.957797e-01 -8.409335e-02 -3.675713e-02 1.156808e+02 8.560719e-02 9.954535e-01 4.175730e-02 1.870968e+00 3.307851e-02 -4.472775e-02 9.984514e-01 -7.320910e+00
9.954107e-01 -8.822834e-02 -3.705927e-02 1.173511e+02 8.976814e-02 9.950695e-01 4.217090e-02 2.011307e+00 3.315588e-02 -4.530410e-02 9.984229e-01 -7.491097e+00
9.951302e-01 -9.210039e-02 -3.511855e-02 1.189709e+02 9.349648e-02 9.947984e-01 4.043023e-02 2.143810e+00 3.121223e-02 -4.351680e-02 9.985650e-01 -7.639548e+00
9.947473e-01 -9.618656e-02 -3.501309e-02 1.205781e+02 9.753045e-02 9.944705e-01 3.894168e-02 2.303892e+00 3.107381e-02 -4.215197e-02 9.986279e-01 -7.755110e+00
9.942159e-01 -1.013503e-01 -3.553675e-02 1.221936e+02 1.027567e-01 9.938910e-01 4.027387e-02 2.481734e+00 3.123789e-02 -4.369256e-02 9.985566e-01 -7.871186e+00
9.939122e-01 -1.040372e-01 -3.626153e-02 1.237732e+02 1.054769e-01 9.936028e-01 4.034980e-02 2.616443e+00 3.183167e-02 -4.392891e-02 9.985274e-01 -8.001995e+00
9.937364e-01 -1.059153e-01 -3.563641e-02 1.253589e+02 1.073015e-01 9.934402e-01 3.953492e-02 2.769379e+00 3.121529e-02 -4.311113e-02 9.985825e-01 -8.140059e+00
9.935388e-01 -1.073750e-01 -3.676003e-02 1.269731e+02 1.088504e-01 9.932203e-01 4.080699e-02 2.936437e+00 3.212915e-02 -4.454467e-02 9.984906e-01 -8.249552e+00
9.932862e-01 -1.097355e-01 -3.661568e-02 1.285559e+02 1.112002e-01 9.929641e-01 4.069970e-02 3.111084e+00 3.189187e-02 -4.449813e-02 9.985003e-01 -8.383855e+00
9.930770e-01 -1.119079e-01 -3.570205e-02 1.301271e+02 1.133051e-01 9.927605e-01 3.985482e-02 3.269242e+00 3.098352e-02 -4.362413e-02 9.985675e-01 -8.477120e+00
9.926522e-01 -1.152895e-01 -3.674072e-02 1.315855e+02 1.165474e-01 9.925977e-01 3.415604e-02 3.425142e+00 3.253092e-02 -3.818711e-02 9.987410e-01 -8.572952e+00
9.923046e-01 -1.175697e-01 -3.884390e-02 1.330792e+02 1.186952e-01 9.925343e-01 2.805825e-02 3.582263e+00 3.525510e-02 -3.245292e-02 9.988513e-01 -8.644148e+00
9.917921e-01 -1.201311e-01 -4.378232e-02 1.345200e+02 1.211570e-01 9.923990e-01 2.157313e-02 3.753336e+00 4.085792e-02 -2.670059e-02 9.988081e-01 -8.740950e+00
9.911357e-01 -1.250298e-01 -4.491786e-02 1.359454e+02 1.257714e-01 9.919595e-01 1.407048e-02 3.930780e+00 4.279747e-02 -1.959514e-02 9.988916e-01 -8.818709e+00
9.907535e-01 -1.281123e-01 -4.466253e-02 1.374465e+02 1.288173e-01 9.915795e-01 1.327101e-02 4.105857e+00 4.258627e-02 -1.890161e-02 9.989140e-01 -8.917033e+00
9.899717e-01 -1.323469e-01 -4.939947e-02 1.388407e+02 1.327702e-01 9.911323e-01 5.372178e-03 4.296012e+00 4.825042e-02 -1.187708e-02 9.987646e-01 -9.002123e+00
9.892417e-01 -1.372673e-01 -5.058341e-02 1.403030e+02 1.374121e-01 9.905138e-01 -6.192483e-04 4.488147e+00 5.018857e-02 -6.338188e-03 9.987196e-01 -9.020691e+00
9.884428e-01 -1.411627e-01 -5.526296e-02 1.417937e+02 1.409365e-01 9.899865e-01 -7.989404e-03 4.685287e+00 5.583738e-02 1.085028e-04 9.984398e-01 -9.105799e+00
9.875603e-01 -1.469532e-01 -5.594031e-02 1.431842e+02 1.462989e-01 9.891168e-01 -1.563864e-02 4.871504e+00 5.762964e-02 7.260096e-03 9.983116e-01 -9.147330e+00
9.870777e-01 -1.504316e-01 -5.520803e-02 1.445950e+02 1.497345e-01 9.885874e-01 -1.657774e-02 5.073195e+00 5.707177e-02 8.096975e-03 9.983373e-01 -9.191636e+00
9.862123e-01 -1.559962e-01 -5.523064e-02 1.460497e+02 1.551479e-01 9.877018e-01 -1.935392e-02 5.303732e+00 5.757054e-02 1.051816e-02 9.982860e-01 -9.215380e+00
9.852155e-01 -1.619954e-01 -5.574870e-02 1.474587e+02 1.608140e-01 9.866658e-01 -2.509280e-02 5.536570e+00 5.907025e-02 1.575664e-02 9.981295e-01 -9.221251e+00
9.840668e-01 -1.679834e-01 -5.825940e-02 1.487341e+02 1.665822e-01 9.856253e-01 -2.816208e-02 5.727334e+00 6.215270e-02 1.800839e-02 9.979042e-01 -9.257718e+00
9.832944e-01 -1.723134e-01 -5.865312e-02 1.499536e+02 1.703022e-01 9.846685e-01 -3.775249e-02 5.916526e+00 6.425913e-02 2.713306e-02 9.975643e-01 -9.219892e+00
9.827058e-01 -1.754037e-01 -5.935425e-02 1.512154e+02 1.732821e-01 9.840910e-01 -3.922090e-02 6.136730e+00 6.528948e-02 2.825758e-02 9.974662e-01 -9.241854e+00
9.815494e-01 -1.817435e-01 -5.941440e-02 1.525424e+02 1.790311e-01 9.826614e-01 -4.821120e-02 6.401415e+00 6.714632e-02 3.668464e-02 9.970685e-01 -9.193887e+00
9.802521e-01 -1.885220e-01 -5.971018e-02 1.539244e+02 1.854148e-01 9.811791e-01 -5.393737e-02 6.657145e+00 6.875475e-02 4.180107e-02 9.967574e-01 -9.174033e+00
9.791483e-01 -1.944382e-01 -5.884225e-02 1.553256e+02 1.907152e-01 9.795942e-01 -6.342506e-02 6.902126e+00 6.997378e-02 5.088042e-02 9.962504e-01 -9.099716e+00
9.783322e-01 -1.992542e-01 -5.624945e-02 1.567239e+02 1.957138e-01 9.786536e-01 -6.271556e-02 7.168729e+00 6.754506e-02 5.034785e-02 9.964451e-01 -9.095327e+00
9.767203e-01 -2.066935e-01 -5.740484e-02 1.580774e+02 2.025525e-01 9.767307e-01 -7.049549e-02 7.451019e+00 7.064003e-02 5.722688e-02 9.958590e-01 -9.025341e+00
9.754894e-01 -2.127430e-01 -5.622043e-02 1.594850e+02 2.083435e-01 9.751672e-01 -7.511530e-02 7.747482e+00 7.080456e-02 6.156102e-02 9.955887e-01 -8.973426e+00
9.743145e-01 -2.182623e-01 -5.543432e-02 1.609363e+02 2.137108e-01 9.737850e-01 -7.791261e-02 8.049214e+00 7.098650e-02 6.406447e-02 9.954178e-01 -8.889057e+00
9.729140e-01 -2.245590e-01 -5.487817e-02 1.623539e+02 2.194272e-01 9.717953e-01 -8.640298e-02 8.363861e+00 7.273292e-02 7.202090e-02 9.947476e-01 -8.790314e+00
9.720641e-01 -2.285218e-01 -5.356508e-02 1.636724e+02 2.231210e-01 9.705015e-01 -9.134422e-02 8.630198e+00 7.285914e-02 7.684095e-02 9.943777e-01 -8.746524e+00
9.706243e-01 -2.348930e-01 -5.209460e-02 1.650052e+02 2.291716e-01 9.685266e-01 -9.714150e-02 8.944794e+00 7.327286e-02 8.234930e-02 9.939063e-01 -8.662231e+00
9.696018e-01 -2.389465e-01 -5.269691e-02 1.663187e+02 2.324995e-01 9.668080e-01 -1.059536e-01 9.241188e+00 7.626504e-02 9.048076e-02 9.929737e-01 -8.550888e+00
9.683515e-01 -2.438451e-01 -5.324335e-02 1.677207e+02 2.370656e-01 9.653150e-01 -1.093936e-01 9.599139e+00 7.807171e-02 9.330933e-02 9.925715e-01 -8.440052e+00
9.677281e-01 -2.466680e-01 -5.154719e-02 1.689212e+02 2.397784e-01 9.642590e-01 -1.127422e-01 9.887774e+00 7.751472e-02 9.674385e-02 9.922863e-01 -8.313249e+00
9.667858e-01 -2.505669e-01 -5.041255e-02 1.701453e+02 2.432633e-01 9.626005e-01 -1.192623e-01 1.019289e+01 7.841033e-02 1.030376e-01 9.915821e-01 -8.179189e+00
9.666496e-01 -2.517898e-01 -4.680269e-02 1.712111e+02 2.442944e-01 9.614035e-01 -1.265838e-01 1.045383e+01 7.686877e-02 1.109285e-01 9.908512e-01 -8.024549e+00
9.660065e-01 -2.546321e-01 -4.465443e-02 1.723115e+02 2.465903e-01 9.594483e-01 -1.365721e-01 1.072144e+01 7.761927e-02 1.209182e-01 9.896232e-01 -7.851692e+00
9.657350e-01 -2.561652e-01 -4.165678e-02 1.732415e+02 2.477233e-01 9.577109e-01 -1.463656e-01 1.094697e+01 7.738893e-02 1.310310e-01 9.883531e-01 -7.676116e+00
9.651006e-01 -2.592024e-01 -3.734776e-02 1.741763e+02 2.507696e-01 9.558100e-01 -1.534337e-01 1.120747e+01 7.546776e-02 1.387133e-01 9.874529e-01 -7.500729e+00
9.645101e-01 -2.621388e-01 -3.167601e-02 1.750914e+02 2.538401e-01 9.535646e-01 -1.621103e-01 1.144395e+01 7.270053e-02 1.483164e-01 9.862641e-01 -7.310869e+00
9.638721e-01 -2.649341e-01 -2.757623e-02 1.760271e+02 2.567092e-01 9.515609e-01 -1.692104e-01 1.167071e+01 7.107006e-02 1.560181e-01 9.851941e-01 -7.105782e+00
9.624582e-01 -2.704535e-01 -2.300232e-02 1.769620e+02 2.624403e-01 9.488639e-01 -1.754497e-01 1.195055e+01 6.927705e-02 1.628262e-01 9.842197e-01 -6.924670e+00
9.612240e-01 -2.750834e-01 -1.943088e-02 1.778053e+02 2.670765e-01 9.461633e-01 -1.828804e-01 1.219615e+01 6.869215e-02 1.705995e-01 9.829431e-01 -6.747879e+00
9.599546e-01 -2.795163e-01 -1.891342e-02 1.787066e+02 2.713055e-01 9.443438e-01 -1.860327e-01 1.246132e+01 6.985992e-02 1.734516e-01 9.823615e-01 -6.544771e+00
9.587850e-01 -2.836868e-01 -1.591229e-02 1.796226e+02 2.754243e-01 9.416995e-01 -1.932449e-01 1.271977e+01 6.980562e-02 1.808977e-01 9.810215e-01 -6.343498e+00
9.579456e-01 -2.866518e-01 -1.307392e-02 1.805417e+02 2.785841e-01 9.399732e-01 -1.970815e-01 1.296983e+01 6.878293e-02 1.851512e-01 9.802999e-01 -6.134823e+00
9.565797e-01 -2.913060e-01 -9.805419e-03 1.815098e+02 2.834768e-01 9.376417e-01 -2.011690e-01 1.328274e+01 6.779572e-02 1.896546e-01 9.795074e-01 -5.929412e+00
9.551607e-01 -2.960541e-01 -4.481042e-03 1.824249e+02 2.886664e-01 9.344794e-01 -2.083748e-01 1.358081e+01 6.587766e-02 1.977379e-01 9.780388e-01 -5.688939e+00
9.539506e-01 -2.999636e-01 -1.320913e-04 1.833676e+02 2.932497e-01 9.326913e-01 -2.099790e-01 1.386043e+01 6.310926e-02 2.002709e-01 9.777059e-01 -5.463930e+00
9.525618e-01 -3.043282e-01 3.224822e-03 1.842605e+02 2.977808e-01 9.297746e-01 -2.164386e-01 1.414406e+01 6.287002e-02 2.071315e-01 9.762909e-01 -5.247774e+00
9.509749e-01 -3.092026e-01 6.353494e-03 1.852109e+02 3.029439e-01 9.271994e-01 -2.202865e-01 1.444152e+01 6.222221e-02 2.114117e-01 9.754145e-01 -5.004389e+00
9.493710e-01 -3.140113e-01 9.572780e-03 1.860527e+02 3.080771e-01 9.245989e-01 -2.240656e-01 1.471678e+01 6.150815e-02 2.156705e-01 9.745271e-01 -4.778100e+00
9.476773e-01 -3.189169e-01 1.413195e-02 1.868776e+02 3.134848e-01 9.213493e-01 -2.298755e-01 1.499059e+01 6.029072e-02 2.222779e-01 9.731174e-01 -4.544836e+00
9.470302e-01 -3.205815e-01 1.900388e-02 1.876939e+02 3.158884e-01 9.192364e-01 -2.349869e-01 1.527401e+01 5.786338e-02 2.285428e-01 9.718127e-01 -4.338320e+00
9.451175e-01 -3.258643e-01 2.377821e-02 1.885865e+02 3.216365e-01 9.151138e-01 -2.431395e-01 1.558660e+01 5.747070e-02 2.374433e-01 9.696999e-01 -4.042627e+00
9.435207e-01 -3.300152e-01 2.930421e-02 1.895732e+02 3.267089e-01 9.120651e-01 -2.477875e-01 1.593550e+01 5.504629e-02 2.433665e-01 9.683712e-01 -3.736164e+00
9.415094e-01 -3.353034e-01 3.363997e-02 1.904888e+02 3.326060e-01 9.085847e-01 -2.526803e-01 1.625183e+01 5.415981e-02 2.490898e-01 9.669648e-01 -3.477082e+00
9.393972e-01 -3.408046e-01 3.721929e-02 1.915420e+02 3.384849e-01 9.047751e-01 -2.584768e-01 1.663501e+01 5.441500e-02 2.554106e-01 9.653002e-01 -3.163446e+00
9.373850e-01 -3.459678e-01 4.019529e-02 1.926782e+02 3.439116e-01 9.011520e-01 -2.639121e-01 1.705108e+01 5.508301e-02 2.612109e-01 9.637088e-01 -2.829124e+00
9.353758e-01 -3.510702e-01 4.268235e-02 1.938372e+02 3.493301e-01 8.983649e-01 -2.662869e-01 1.749187e+01 5.514107e-02 2.639885e-01 9.629483e-01 -2.484051e+00
9.334692e-01 -3.559504e-01 4.398456e-02 1.950479e+02 3.541637e-01 8.954622e-01 -2.696577e-01 1.794775e+01 5.659825e-02 2.672949e-01 9.619512e-01 -2.171757e+00
9.318472e-01 -3.598229e-01 4.678004e-02 1.963389e+02 3.585358e-01 8.932567e-01 -2.711914e-01 1.844117e+01 5.579430e-02 2.694812e-01 9.613880e-01 -1.785064e+00
9.300902e-01 -3.641288e-01 4.839978e-02 1.976681e+02 3.631081e-01 8.914589e-01 -2.710236e-01 1.895849e+01 5.554110e-02 2.696508e-01 9.613551e-01 -1.420443e+00
9.285336e-01 -3.677225e-01 5.104419e-02 1.989786e+02 3.672918e-01 8.898932e-01 -2.705308e-01 1.947254e+01 5.405639e-02 2.699450e-01 9.613572e-01 -1.048728e+00
9.266207e-01 -3.725928e-01 5.048442e-02 2.003426e+02 3.716210e-01 8.871162e-01 -2.737204e-01 2.001817e+01 5.720069e-02 2.723960e-01 9.604835e-01 -6.494353e-01
9.255432e-01 -3.750525e-01 5.201473e-02 2.017105e+02 3.744112e-01 8.860461e-01 -2.733841e-01 2.057400e+01 5.644591e-02 2.725036e-01 9.604976e-01 -2.518045e-01
9.241284e-01 -3.787576e-01 5.029263e-02 2.030893e+02 3.773511e-01 8.840955e-01 -2.756470e-01 2.115475e+01 5.993991e-02 2.737112e-01 9.599424e-01 1.525442e-01
9.232008e-01 -3.810900e-01 4.970489e-02 2.045289e+02 3.793298e-01 8.827958e-01 -2.770928e-01 2.174936e+01 6.171800e-02 2.746668e-01 9.595567e-01 5.484348e-01
9.218427e-01 -3.843260e-01 4.999569e-02 2.059732e+02 3.824805e-01 8.813239e-01 -2.774469e-01 2.234849e+01 6.256767e-02 2.748848e-01 9.594392e-01 9.845465e-01
9.208751e-01 -3.865018e-01 5.104227e-02 2.074573e+02 3.849006e-01 8.805282e-01 -2.766250e-01 2.296972e+01 6.197191e-02 2.743833e-01 9.596214e-01 1.389689e+00
9.198061e-01 -3.889817e-01 5.147871e-02 2.089325e+02 3.873875e-01 8.794200e-01 -2.766791e-01 2.359905e+01 6.235169e-02 2.744333e-01 9.595826e-01 1.818810e+00
9.189164e-01 -3.911766e-01 5.072989e-02 2.103880e+02 3.890865e-01 8.777479e-01 -2.795897e-01 2.421229e+01 6.484090e-02 2.766579e-01 9.587784e-01 2.201757e+00
9.173540e-01 -3.946655e-01 5.196783e-02 2.118236e+02 3.927756e-01 8.761758e-01 -2.793621e-01 2.483112e+01 6.472166e-02 2.766857e-01 9.587784e-01 2.643143e+00
9.156089e-01 -3.986849e-01 5.206498e-02 2.132725e+02 3.965956e-01 8.742421e-01 -2.800229e-01 2.545867e+01 6.612350e-02 2.770402e-01 9.585804e-01 3.047922e+00
9.125643e-01 -4.050046e-01 5.654752e-02 2.147384e+02 4.040493e-01 8.716959e-01 -2.772916e-01 2.612578e+01 6.301212e-02 2.758944e-01 9.591203e-01 3.477234e+00
9.082431e-01 -4.143695e-01 5.824478e-02 2.161598e+02 4.131770e-01 8.660696e-01 -2.814403e-01 2.676958e+01 6.617623e-02 2.796816e-01 9.578094e-01 3.900715e+00
9.038967e-01 -4.233874e-01 6.094199e-02 2.175618e+02 4.225378e-01 8.615973e-01 -2.812683e-01 2.742748e+01 6.657800e-02 2.799878e-01 9.576921e-01 4.291749e+00
8.993888e-01 -4.329251e-01 6.062679e-02 2.189023e+02 4.313377e-01 8.563163e-01 -2.840250e-01 2.808140e+01 7.104585e-02 2.815996e-01 9.568982e-01 4.696212e+00
8.947548e-01 -4.422764e-01 6.168734e-02 2.202204e+02 4.401611e-01 8.501852e-01 -2.888652e-01 2.874000e+01 7.531261e-02 2.856159e-01 9.553803e-01 5.102638e+00
8.898389e-01 -4.516599e-01 6.473121e-02 2.215091e+02 4.491814e-01 8.422258e-01 -2.981467e-01 2.940019e+01 8.014259e-02 2.943786e-01 9.523227e-01 5.530728e+00
8.853155e-01 -4.603788e-01 6.532922e-02 2.227788e+02 4.568456e-01 8.349980e-01 -3.067092e-01 3.006620e+01 8.665266e-02 3.013798e-01 9.495586e-01 5.918211e+00
8.800350e-01 -4.698756e-01 6.895890e-02 2.240336e+02 4.661834e-01 8.270042e-01 -3.142246e-01 3.074655e+01 9.061714e-02 3.086761e-01 9.468408e-01 6.342424e+00
8.741966e-01 -4.807826e-01 6.803174e-02 2.252891e+02 4.751451e-01 8.181083e-01 -3.239383e-01 3.145286e+01 1.000865e-01 3.155107e-01 9.436290e-01 6.792266e+00
8.688180e-01 -4.901584e-01 7.000005e-02 2.265077e+02 4.831078e-01 8.082380e-01 -3.366872e-01 3.216282e+01 1.084533e-01 3.263374e-01 9.390110e-01 7.251066e+00
8.640729e-01 -4.980116e-01 7.322954e-02 2.277543e+02 4.901383e-01 7.992814e-01 -3.477267e-01 3.289603e+01 1.146409e-01 3.363538e-01 9.347318e-01 7.725161e+00
8.605274e-01 -5.041522e-01 7.295985e-02 2.290558e+02 4.946502e-01 7.927679e-01 -3.561468e-01 3.368027e+01 1.217120e-01 3.425637e-01 9.315773e-01 8.245062e+00
8.578255e-01 -5.085968e-01 7.392395e-02 2.303428e+02 4.983835e-01 7.880851e-01 -3.612972e-01 3.448325e+01 1.254963e-01 3.467725e-01 9.295158e-01 8.854722e+00
8.549657e-01 -5.135942e-01 7.249001e-02 2.316442e+02 5.014822e-01 7.828035e-01 -3.684213e-01 3.530970e+01 1.324736e-01 3.513401e-01 9.268284e-01 9.426469e+00
8.523209e-01 -5.179815e-01 7.241754e-02 2.329098e+02 5.042612e-01 7.770883e-01 -3.766356e-01 3.610920e+01 1.388154e-01 3.575317e-01 9.235266e-01 1.003929e+01
8.500329e-01 -5.217399e-01 7.232881e-02 2.342255e+02 5.069965e-01 7.732036e-01 -3.809341e-01 3.695625e+01 1.428236e-01 3.604770e-01 9.217688e-01 1.061895e+01
8.481150e-01 -5.244817e-01 7.496563e-02 2.355077e+02 5.094482e-01 7.684598e-01 -3.872103e-01 3.776870e+01 1.454767e-01 3.665900e-01 9.189387e-01 1.122529e+01
8.456999e-01 -5.276178e-01 8.006957e-02 2.367983e+02 5.132023e-01 7.629327e-01 -3.931377e-01 3.861694e+01 1.463387e-01 3.735684e-01 9.159867e-01 1.183130e+01
8.426481e-01 -5.317944e-01 8.449165e-02 2.381095e+02 5.172746e-01 7.558743e-01 -4.013488e-01 3.945811e+01 1.495700e-01 3.819012e-01 9.120199e-01 1.246712e+01
8.382550e-01 -5.380222e-01 8.866006e-02 2.394260e+02 5.229833e-01 7.472634e-01 -4.099827e-01 4.032650e+01 1.543273e-01 3.900377e-01 9.077740e-01 1.309388e+01
8.342021e-01 -5.438743e-01 9.114629e-02 2.407244e+02 5.282828e-01 7.407396e-01 -4.149969e-01 4.121223e+01 1.581905e-01 3.943423e-01 9.052458e-01 1.372405e+01
8.304839e-01 -5.490888e-01 9.379737e-02 2.419973e+02 5.324688e-01 7.330508e-01 -4.232180e-01 4.207730e+01 1.636260e-01 4.014199e-01 9.011596e-01 1.436481e+01
8.269186e-01 -5.542236e-01 9.508871e-02 2.432803e+02 5.365127e-01 7.269613e-01 -4.285806e-01 4.298653e+01 1.684036e-01 4.054175e-01 8.984858e-01 1.500725e+01
8.244142e-01 -5.576560e-01 9.675226e-02 2.445445e+02 5.392406e-01 7.219653e-01 -4.335730e-01 4.387217e+01 1.719328e-01 4.096165e-01 8.959093e-01 1.569564e+01
8.217649e-01 -5.615254e-01 9.691032e-02 2.458026e+02 5.420824e-01 7.179443e-01 -4.366952e-01 4.478772e+01 1.756392e-01 4.113942e-01 8.943745e-01 1.637705e+01
8.201908e-01 -5.632037e-01 1.004424e-01 2.470570e+02 5.441920e-01 7.139168e-01 -4.406560e-01 4.570809e+01 1.764716e-01 4.160820e-01 8.920390e-01 1.706481e+01
8.176366e-01 -5.665047e-01 1.026779e-01 2.483277e+02 5.479907e-01 7.110647e-01 -4.405599e-01 4.665406e+01 1.765686e-01 4.164844e-01 8.918319e-01 1.776519e+01
8.160847e-01 -5.679162e-01 1.071309e-01 2.495544e+02 5.505331e-01 7.075223e-01 -4.430862e-01 4.757024e+01 1.758383e-01 4.205750e-01 8.900548e-01 1.844637e+01
8.139900e-01 -5.704442e-01 1.096071e-01 2.507914e+02 5.535112e-01 7.044703e-01 -4.442373e-01 4.850190e+01 1.761977e-01 4.222735e-01 8.891791e-01 1.915512e+01
8.126701e-01 -5.719479e-01 1.115480e-01 2.520137e+02 5.556456e-01 7.029011e-01 -4.440584e-01 4.943497e+01 1.755710e-01 4.228542e-01 8.890271e-01 1.986527e+01
8.109841e-01 -5.739842e-01 1.133435e-01 2.532689e+02 5.580166e-01 7.006074e-01 -4.447095e-01 5.040024e+01 1.758469e-01 4.238999e-01 8.884744e-01 2.057665e+01
8.100846e-01 -5.752729e-01 1.132432e-01 2.544986e+02 5.587786e-01 6.990104e-01 -4.462636e-01 5.136155e+01 1.775652e-01 4.247892e-01 8.877076e-01 2.132416e+01
8.102226e-01 -5.749397e-01 1.139457e-01 2.557601e+02 5.589473e-01 6.994072e-01 -4.454294e-01 5.232699e+01 1.764005e-01 4.245866e-01 8.880366e-01 2.203579e+01
8.114556e-01 -5.731865e-01 1.140043e-01 2.570075e+02 5.572492e-01 7.000895e-01 -4.464843e-01 5.329224e+01 1.761056e-01 4.258310e-01 8.874992e-01 2.278838e+01
8.119665e-01 -5.722678e-01 1.149781e-01 2.583048e+02 5.563616e-01 6.991866e-01 -4.489989e-01 5.428589e+01 1.765565e-01 4.285415e-01 8.861038e-01 2.352801e+01
8.125106e-01 -5.709355e-01 1.177252e-01 2.595798e+02 5.561430e-01 6.986486e-01 -4.501057e-01 5.526759e+01 1.747328e-01 4.311876e-01 8.851811e-01 2.429313e+01
8.112445e-01 -5.725384e-01 1.186681e-01 2.608048e+02 5.574108e-01 6.959909e-01 -4.526478e-01 5.623256e+01 1.765663e-01 4.333549e-01 8.837578e-01 2.503227e+01
8.114328e-01 -5.717888e-01 1.209724e-01 2.620698e+02 5.576609e-01 6.955345e-01 -4.530411e-01 5.719517e+01 1.749034e-01 4.350740e-01 8.832437e-01 2.576829e+01
8.121364e-01 -5.707109e-01 1.213407e-01 2.633641e+02 5.567110e-01 6.956962e-01 -4.539601e-01 5.817315e+01 1.746637e-01 4.362292e-01 8.827212e-01 2.653289e+01
8.115143e-01 -5.712393e-01 1.230050e-01 2.646033e+02 5.573372e-01 6.934360e-01 -4.566418e-01 5.914056e+01 1.755556e-01 4.391266e-01 8.811061e-01 2.727121e+01
8.123445e-01 -5.697252e-01 1.245377e-01 2.658720e+02 5.567511e-01 6.940866e-01 -4.563684e-01 6.009631e+01 1.735646e-01 4.400649e-01 8.810325e-01 2.801901e+01
8.118070e-01 -5.700863e-01 1.263763e-01 2.671505e+02 5.575580e-01 6.924758e-01 -4.578282e-01 6.109214e+01 1.734891e-01 4.421302e-01 8.800128e-01 2.878701e+01
8.121393e-01 -5.691673e-01 1.283681e-01 2.684225e+02 5.576594e-01 6.924971e-01 -4.576722e-01 6.207407e+01 1.715975e-01 4.432793e-01 8.798056e-01 2.955337e+01
8.115160e-01 -5.699266e-01 1.289395e-01 2.696759e+02 5.580365e-01 6.904482e-01 -4.603007e-01 6.304913e+01 1.733115e-01 4.454944e-01 8.783495e-01 3.032012e+01
8.109076e-01 -5.698017e-01 1.332474e-01 2.709174e+02 5.593715e-01 6.879175e-01 -4.624643e-01 6.402830e+01 1.718497e-01 4.495506e-01 8.765683e-01 3.107075e+01
8.101137e-01 -5.703263e-01 1.358073e-01 2.721548e+02 5.609859e-01 6.867898e-01 -4.621844e-01 6.499908e+01 1.703249e-01 4.506080e-01 8.763229e-01 3.181181e+01
8.076481e-01 -5.737756e-01 1.359639e-01 2.733312e+02 5.630786e-01 6.819965e-01 -4.667155e-01 6.594447e+01 1.750630e-01 4.535002e-01 8.738939e-01 3.257589e+01
8.063869e-01 -5.749578e-01 1.384326e-01 2.745376e+02 5.647782e-01 6.792805e-01 -4.686189e-01 6.692230e+01 1.754015e-01 4.560719e-01 8.724865e-01 3.334671e+01
8.051099e-01 -5.759420e-01 1.417353e-01 2.756993e+02 5.663907e-01 6.756105e-01 -4.719658e-01 6.785182e+01 1.760670e-01 4.602619e-01 8.701490e-01 3.406561e+01
8.034326e-01 -5.775161e-01 1.448146e-01 2.768325e+02 5.678507e-01 6.701285e-01 -4.779890e-01 6.879322e+01 1.790020e-01 4.662650e-01 8.663459e-01 3.481398e+01
8.016464e-01 -5.795766e-01 1.464718e-01 2.779402e+02 5.689422e-01 6.644884e-01 -4.845202e-01 6.969550e+01 1.834878e-01 4.717479e-01 8.624304e-01 3.551344e+01
8.000003e-01 -5.815549e-01 1.476262e-01 2.790009e+02 5.695053e-01 6.585567e-01 -4.919011e-01 7.057816e+01 1.888473e-01 4.775949e-01 8.580441e-01 3.623403e+01
7.983139e-01 -5.835034e-01 1.490598e-01 2.801049e+02 5.707678e-01 6.540855e-01 -4.963833e-01 7.149658e+01 1.921435e-01 4.813482e-01 8.552104e-01 3.695708e+01
7.973040e-01 -5.844119e-01 1.508945e-01 2.812137e+02 5.712245e-01 6.498543e-01 -5.013903e-01 7.244329e+01 1.949591e-01 4.859551e-01 8.519616e-01 3.775333e+01
7.954049e-01 -5.864441e-01 1.530171e-01 2.823143e+02 5.729333e-01 6.452001e-01 -5.054347e-01 7.340170e+01 1.976826e-01 4.896938e-01 8.491887e-01 3.851829e+01
7.943183e-01 -5.877301e-01 1.537264e-01 2.834488e+02 5.743339e-01 6.440413e-01 -5.053229e-01 7.438232e+01 1.979873e-01 4.896775e-01 8.491272e-01 3.932703e+01
7.925586e-01 -5.899508e-01 1.543016e-01 2.845159e+02 5.754035e-01 6.397427e-01 -5.095489e-01 7.529517e+01 2.018955e-01 4.926330e-01 8.464933e-01 4.012103e+01
7.917831e-01 -5.905470e-01 1.559929e-01 2.856097e+02 5.752149e-01 6.350230e-01 -5.156293e-01 7.622783e+01 2.054443e-01 4.979960e-01 8.424919e-01 4.091238e+01
7.897915e-01 -5.928309e-01 1.574199e-01 2.866967e+02 5.769358e-01 6.308477e-01 -5.188218e-01 7.717679e+01 2.082656e-01 5.005822e-01 8.402636e-01 4.171390e+01
7.889748e-01 -5.932521e-01 1.599086e-01 2.878198e+02 5.779482e-01 6.282216e-01 -5.208774e-01 7.816471e+01 2.085536e-01 5.033781e-01 8.385201e-01 4.252111e+01
