1.000000e+00 0.000000e+00 0.000000e+00 0.000000e+00 0.000000e+00 1.000000e+00 0.000000e+00 0.000000e+00 0.000000e+00 0.000000e+00 1.000000e+00 0.000000e+00
9.999990e-01 1.364773e-03 -1.856445e-04 1.630961e+00 -1.364703e-03 9.999990e-01 3.757524e-04 -7.024542e-02 1.861571e-04 -3.754987e-04 9.999999e-01 -3.978233e-02
9.999983e-01 1.631169e-03 9.142902e-04 3.027935e+00 -1.635761e-03 9.999858e-01 5.044794e-03 -9.362457e-02 -9.060485e-04 -5.046280e-03 9.999868e-01 -7.386953e-02
9.999985e-01 1.272596e-03 -1.211474e-03 4.438651e+00 -1.264118e-03 9.999750e-01 6.973677e-03 -1.069059e-01 1.220318e-03 -6.972135e-03 9.999750e-01 -1.144978e-01
9.999987e-01 1.535142e-03 3.854152e-04 5.839723e+00 -1.538080e-03 9.999689e-01 7.742137e-03 -1.349495e-01 -3.735179e-04 -7.742720e-03 9.999700e-01 -1.565852e-01
9.999983e-01 1.267843e-03 -1.341316e-03 7.258444e+00 -1.258456e-03 9.999750e-01 6.976109e-03 -1.558977e-01 1.350127e-03 -6.974409e-03 9.999748e-01 -1.841913e-01
9.999983e-01 1.639928e-03 8.032097e-04 8.642639e+00 -1.646332e-03 9.999663e-01 8.038308e-03 -1.649131e-01 -7.900004e-04 -8.039617e-03 9.999674e-01 -2.354954e-01
9.999996e-01 8.618112e-04 -3.097825e-04 1.003901e+01 -8.593788e-04 9.999695e-01 7.768034e-03 -1.964557e-01 3.164676e-04 -7.767764e-03 9.999698e-01 -2.617919e-01
9.999993e-01 -2.063667e-04 1.158108e-03 1.141582e+01 1.983539e-04 9.999762e-01 6.914747e-03 -1.905311e-01 -1.159508e-03 -6.914513e-03 9.999754e-01 -3.031513e-01
9.999986e-01 -1.433233e-03 -8.306326e-04 1.283102e+01 1.437939e-03 9.999827e-01 5.692960e-03 -1.979691e-01 8.224590e-04 -5.694147e-03 9.999834e-01 -3.348802e-01
9.999979e-01 -2.027847e-03 1.914890e-04 1.420808e+01 2.026851e-03 9.999852e-01 5.063723e-03 -2.102796e-01 -2.017547e-04 -5.063325e-03 9.999872e-01 -3.828935e-01
9.999951e-01 -3.105625e-03 -2.764310e-04 1.563085e+01 3.107207e-03 9.999776e-01 5.919335e-03 -2.200063e-01 2.580415e-04 -5.920165e-03 9.999824e-01 -4.137391e-01
9.999917e-01 -3.904534e-03 -1.152588e-03 1.702877e+01 3.911265e-03 9.999748e-01 5.896638e-03 -2.250143e-01 1.129536e-03 -5.901097e-03 9.999819e-01 -4.497823e-01
9.999899e-01 -4.485671e-03 1.005475e-04 1.841542e+01 4.484816e-03 9.999633e-01 7.314051e-03 -2.261185e-01 -1.333522e-04 -7.313526e-03 9.999732e-01 -4.886895e-01
9.999855e-01 -5.377628e-03 1.197545e-04 1.977134e+01 5.376592e-03 9.999580e-01 7.416228e-03 -2.397704e-01 -1.596312e-04 -7.415477e-03 9.999725e-01 -5.162131e-01
9.999813e-01 -5.958539e-03 1.408649e-03 2.116131e+01 5.946263e-03 9.999458e-01 8.564413e-03 -2.344110e-01 -1.459604e-03 -8.555876e-03 9.999623e-01 -5.792323e-01
9.999784e-01 -6.487405e-03 -1.051261e-03 2.254461e+01 6.493339e-03 9.999623e-01 5.742315e-03 -2.464292e-01 1.013969e-03 -5.749017e-03 9.999830e-01 -5.978758e-01
9.999720e-01 -7.285750e-03 1.676595e-03 2.390475e+01 7.275907e-03 9.999566e-01 5.804042e-03 -2.466095e-01 -1.718809e-03 -5.791681e-03 9.999818e-01 -6.509410e-01
9.999627e-01 -8.621944e-03 4.044109e-04 2.530303e+01 8.619918e-03 9.999515e-01 4.769430e-03 -2.550601e-01 -4.455130e-04 -4.765767e-03 9.999886e-01 -6.764826e-01
9.999493e-01 -9.707935e-03 2.671133e-03 2.666453e+01 9.687889e-03 9.999255e-01 7.417915e-03 -2.600063e-01 -2.742947e-03 -7.391661e-03 9.999689e-01 -7.259033e-01
9.999376e-01 -1.107415e-02 1.483610e-03 2.807705e+01 1.106167e-02 9.999053e-01 8.169813e-03 -2.584810e-01 -1.573943e-03 -8.152893e-03 9.999655e-01 -7.525800e-01
9.999323e-01 -1.148672e-02 1.863360e-03 2.949991e+01 1.147172e-02 9.999031e-01 7.869651e-03 -2.680797e-01 -1.953576e-03 -7.847742e-03 9.999673e-01 -8.002018e-01
9.999086e-01 -1.346871e-02 1.159853e-03 3.088927e+01 1.345865e-02 9.998751e-01 8.283455e-03 -2.487190e-01 -1.271276e-03 -8.267088e-03 9.999650e-01 -8.329885e-01
9.998889e-01 -1.478693e-02 1.886872e-03 3.227533e+01 1.476941e-02 9.998505e-01 8.981835e-03 -2.505035e-01 -2.019404e-03 -8.952970e-03 9.999579e-01 -8.755186e-01
9.998624e-01 -1.658719e-02 1.703444e-04 3.366399e+01 1.658446e-02 9.998062e-01 1.059699e-02 -2.486356e-01 -3.460858e-04 -1.059271e-02 9.999439e-01 -9.083998e-01
9.998407e-01 -1.780829e-02 1.155263e-03 3.506586e+01 1.779395e-02 9.997765e-01 1.142209e-02 -2.373647e-01 -1.358412e-03 -1.139971e-02 9.999341e-01 -9.568616e-01
9.998273e-01 -1.855959e-02 9.750985e-04 3.645889e+01 1.854910e-02 9.997796e-01 9.847763e-03 -2.292910e-01 -1.157654e-03 -9.827974e-03 9.999510e-01 -9.910772e-01
9.998103e-01 -1.928187e-02 2.736718e-03 3.786219e+01 1.925380e-02 9.997652e-01 9.939857e-03 -2.105995e-01 -2.927735e-03 -9.885279e-03 9.999468e-01 -1.043994e+00
9.997776e-01 -2.090593e-02 2.794074e-03 3.924231e+01 2.087354e-02 9.997199e-01 1.115774e-02 -1.930309e-01 -3.026554e-03 -1.109694e-02 9.999338e-01 -1.080007e+00
9.997583e-01 -2.172523e-02 3.362294e-03 4.060806e+01 2.168872e-02 9.997092e-01 1.053869e-02 -1.792217e-01 -3.590272e-03 -1.046322e-02 9.999388e-01 -1.121839e+00
9.997320e-01 -2.286861e-02 3.611286e-03 4.200043e+01 2.282897e-02 9.996824e-01 1.066302e-02 -1.517097e-01 -3.853988e-03 -1.057772e-02 9.999366e-01 -1.157096e+00
9.996928e-01 -2.453386e-02 3.524261e-03 4.340203e+01 2.449620e-02 9.996462e-01 1.035901e-02 -1.214593e-01 -3.777161e-03 -1.026950e-02 9.999402e-01 -1.189105e+00
9.996625e-01 -2.554199e-02 4.746776e-03 4.479226e+01 2.547998e-02 9.995948e-01 1.269376e-02 -1.068383e-01 -5.069076e-03 -1.256852e-02 9.999081e-01 -1.248580e+00
9.996529e-01 -2.625240e-02 2.223820e-03 4.618276e+01 2.622010e-02 9.995651e-01 1.348448e-02 -8.136815e-02 -2.576853e-03 -1.342149e-02 9.999066e-01 -1.282324e+00
9.996475e-01 -2.635026e-02 3.245808e-03 4.762320e+01 2.630691e-02 9.995726e-01 1.274439e-02 -5.935366e-02 -3.580239e-03 -1.265451e-02 9.999135e-01 -1.331988e+00
9.996479e-01 -2.637301e-02 2.908712e-03 4.901699e+01 2.633252e-02 9.995663e-01 1.317774e-02 -4.939556e-02 -3.254988e-03 -1.309650e-02 9.999089e-01 -1.369362e+00
9.996364e-01 -2.667377e-02 3.961251e-03 5.039771e+01 2.661803e-02 9.995544e-01 1.351244e-02 -6.347313e-03 -4.319914e-03 -1.340208e-02 9.999009e-01 -1.418708e+00
9.996470e-01 -2.613621e-02 4.783338e-03 5.179935e+01 2.607238e-02 9.995762e-01 1.295427e-02 9.663677e-03 -5.119886e-03 -1.282499e-02 9.999046e-01 -1.463736e+00
9.996133e-01 -2.730818e-02 5.245144e-03 5.320369e+01 2.724273e-02 9.995548e-01 1.217003e-02 2.701589e-02 -5.575150e-03 -1.202243e-02 9.999122e-01 -1.514701e+00
9.996653e-01 -2.553533e-02 4.155077e-03 5.457032e+01 2.547948e-02 9.995911e-01 1.298112e-02 4.425414e-02 -4.484855e-03 -1.287090e-02 9.999071e-01 -1.552177e+00
9.996549e-01 -2.558906e-02 5.938906e-03 5.598987e+01 2.551746e-02 9.996045e-01 1.183260e-02 8.883978e-02 -6.239342e-03 -1.167697e-02 9.999124e-01 -1.602097e+00
9.996611e-01 -2.563435e-02 4.521663e-03 5.736540e+01 2.558033e-02 9.996051e-01 1.162577e-02 1.039025e-01 -4.817897e-03 -1.150617e-02 9.999222e-01 -1.649383e+00
9.996471e-01 -2.598008e-02 5.545508e-03 5.873242e+01 2.592112e-02 9.996094e-01 1.045223e-02 1.470176e-01 -5.814891e-03 -1.030480e-02 9.999300e-01 -1.676435e+00
9.996186e-01 -2.691137e-02 6.205505e-03 6.011531e+01 2.683397e-02 9.995649e-01 1.223607e-02 1.723324e-01 -6.532094e-03 -1.206488e-02 9.999059e-01 -1.737178e+00
9.995621e-01 -2.894411e-02 6.143352e-03 6.147047e+01 2.887757e-02 9.995260e-01 1.065589e-02 1.927526e-01 -6.448866e-03 -1.047382e-02 9.999244e-01 -1.747795e+00
9.995202e-01 -3.048466e-02 5.473680e-03 6.287799e+01 3.042283e-02 9.994761e-01 1.104499e-02 2.493480e-01 -5.807515e-03 -1.087316e-02 9.999240e-01 -1.815497e+00
9.994701e-01 -3.196909e-02 6.122717e-03 6.421702e+01 3.190207e-02 9.994330e-01 1.074721e-02 2.734904e-01 -6.462825e-03 -1.054619e-02 9.999235e-01 -1.844918e+00
9.994858e-01 -3.170582e-02 4.786017e-03 6.546045e+01 3.164668e-02 9.994276e-01 1.196547e-02 2.870063e-01 -5.162653e-03 -1.180785e-02 9.999170e-01 -1.910996e+00
9.993653e-01 -3.507281e-02 6.240757e-03 6.684584e+01 3.499206e-02 9.993081e-01 1.260940e-02 3.038660e-01 -6.678685e-03 -1.238302e-02 9.999010e-01 -1.943428e+00
9.992706e-01 -3.783127e-02 5.194815e-03 6.815267e+01 3.775919e-02 9.991978e-01 1.333678e-02 3.402343e-01 -5.695196e-03 -1.313090e-02 9.998975e-01 -1.989147e+00
9.991405e-01 -4.115224e-02 4.970370e-03 6.953223e+01 4.110140e-02 9.991056e-01 9.930221e-03 4.010245e-01 -5.374575e-03 -9.717397e-03 9.999384e-01 -2.023875e+00
9.990626e-01 -4.300179e-02 4.979027e-03 7.087701e+01 4.295924e-02 9.990419e-01 8.360694e-03 4.309911e-01 -5.333781e-03 -8.138961e-03 9.999527e-01 -2.069423e+00
9.989824e-01 -4.488499e-02 4.408855e-03 7.220306e+01 4.485546e-02 9.989717e-01 6.583058e-03 4.796338e-01 -4.699802e-03 -6.378599e-03 9.999686e-01 -2.101431e+00
9.988965e-01 -4.660789e-02 5.794940e-03 7.352292e+01 4.654240e-02 9.988561e-01 1.096375e-02 5.511080e-01 -6.299309e-03 -1.068194e-02 9.999231e-01 -2.160294e+00
9.988649e-01 -4.754311e-02 2.935425e-03 7.484063e+01 4.750924e-02 9.988136e-01 1.069334e-02 5.894057e-01 -3.440337e-03 -1.054174e-02 9.999385e-01 -2.175341e+00
9.987581e-01 -4.949817e-02 5.674199e-03 7.617189e+01 4.941197e-02 9.986743e-01 1.444006e-02 6.674454e-01 -6.381432e-03 -1.414175e-02 9.998797e-01 -2.242581e+00
9.986699e-01 -5.145704e-02 3.267931e-03 7.747688e+01 5.141195e-02 9.985976e-01 1.263848e-02 7.204219e-01 -3.913687e-03 -1.245366e-02 9.999148e-01 -2.272667e+00
9.985901e-01 -5.293060e-02 4.011492e-03 7.877931e+01 5.286476e-02 9.984882e-01 1.504777e-02 7.722970e-01 -4.801915e-03 -1.481449e-02 9.998787e-01 -2.319667e+00
9.985399e-01 -5.392927e-02 3.098288e-03 8.011916e+01 5.388304e-02 9.984566e-01 1.344933e-02 8.216497e-01 -3.818818e-03 -1.326275e-02 9.999048e-01 -2.348024e+00
9.985015e-01 -5.465827e-02 2.694582e-03 8.143716e+01 5.461327e-02 9.984006e-01 1.462670e-02 8.868216e-01 -3.489742e-03 -1.445762e-02 9.998894e-01 -2.413834e+00
9.984348e-01 -5.590699e-02 1.566226e-03 8.274397e+01 5.587792e-02 9.983286e-01 1.474566e-02 9.574953e-01 -2.387994e-03 -1.463506e-02 9.998900e-01 -2.432344e+00
9.983964e-01 -5.644096e-02 4.359894e-03 8.407271e+01 5.636202e-02 9.982742e-01 1.649508e-02 1.003548e+00 -5.283368e-03 -1.622290e-02 9.998544e-01 -2.499385e+00
9.983516e-01 -5.739407e-02 -2.874760e-06 8.539239e+01 5.738873e-02 9.982581e-01 1.369295e-02 1.072026e+00 -7.830245e-04 -1.367055e-02 9.999062e-01 -2.519396e+00
9.982610e-01 -5.880494e-02 4.127680e-03 8.669897e+01 5.873124e-02 9.981433e-01 1.614777e-02 1.142506e+00 -5.069584e-03 -1.587727e-02 9.998611e-01 -2.592648e+00
9.981880e-01 -6.017291e-02 1.011610e-04 8.803725e+01 6.016409e-02 9.980677e-01 1.552142e-02 1.198681e+00 -1.034935e-03 -1.548721e-02 9.998795e-01 -2.603880e+00
9.981191e-01 -6.113349e-02 4.587225e-03 8.933651e+01 6.106272e-02 9.980323e-01 1.424289e-02 1.270553e+00 -5.448916e-03 -1.393599e-02 9.998881e-01 -2.673054e+00
9.980078e-01 -6.307034e-02 1.570040e-03 9.063400e+01 6.304048e-02 9.979022e-01 1.473400e-02 1.337824e+00 -2.496025e-03 -1.460567e-02 9.998902e-01 -2.708462e+00
9.979620e-01 -6.370582e-02 3.655147e-03 9.197013e+01 6.365155e-02 9.978820e-01 1.342212e-02 1.405359e+00 -4.502472e-03 -1.316211e-02 9.999033e-01 -2.752164e+00
9.978645e-01 -6.531513e-02 6.368849e-04 9.329086e+01 6.530126e-02 9.977801e-01 1.307147e-02 1.493795e+00 -1.489236e-03 -1.300197e-02 9.999143e-01 -2.788072e+00
9.978034e-01 -6.620290e-02 2.368603e-03 9.462366e+01 6.616616e-02 9.977214e-01 1.318844e-02 1.566505e+00 -3.236319e-03 -1.300275e-02 9.999102e-01 -2.832138e+00
9.977604e-01 -6.687137e-02 1.541744e-03 9.593479e+01 6.684049e-02 9.976490e-01 1.514134e-02 1.637886e+00 -2.550641e-03 -1.500437e-02 9.998842e-01 -2.877938e+00
9.977095e-01 -6.764239e-02 5.117169e-04 9.729873e+01 6.763010e-02 9.976263e-01 1.295972e-02 1.705041e+00 -1.387128e-03 -1.289543e-02 9.999159e-01 -2.916143e+00
9.976766e-01 -6.812741e-02 -3.620524e-04 9.861053e+01 6.812564e-02 9.975748e-01 1.425315e-02 1.771110e+00 -6.098556e-04 -1.424470e-02 9.998984e-01 -2.976325e+00
9.976658e-01 -6.827513e-02 -1.212064e-03 9.993568e+01 6.828514e-02 9.975803e-01 1.305711e-02 1.863680e+00 3.176552e-04 -1.310940e-02 9.999140e-01 -3.004946e+00
9.976723e-01 -6.818410e-02 -1.008375e-03 1.012845e+02 6.819149e-02 9.975826e-01 1.338186e-02 1.933143e+00 9.350668e-05 -1.341948e-02 9.999099e-01 -3.061179e+00
9.976017e-01 -6.918436e-02 -2.093280e-03 1.026253e+02 6.920654e-02 9.975095e-01 1.361306e-02 2.013459e+00 1.146256e-03 -1.372528e-02 9.999052e-01 -3.095212e+00
9.976385e-01 -6.868307e-02 -2.946499e-04 1.039744e+02 6.868070e-02 9.975457e-01 1.362019e-02 2.085614e+00 -6.415495e-04 -1.360826e-02 9.999072e-01 -3.144169e+00
9.976277e-01 -6.880692e-02 -2.122548e-03 1.053295e+02 6.883170e-02 9.975069e-01 1.557111e-02 2.176007e+00 1.045855e-03 -1.568027e-02 9.998765e-01 -3.193235e+00
9.976077e-01 -6.911779e-02 -1.275247e-03 1.066381e+02 6.912930e-02 9.974848e-01 1.565328e-02 2.256786e+00 1.901194e-04 -1.570399e-02 9.998767e-01 -3.235327e+00
9.975663e-01 -6.957981e-02 -4.475595e-03 1.079389e+02 6.964581e-02 9.974296e-01 1.683617e-02 2.354345e+00 3.292634e-03 -1.710690e-02 9.998482e-01 -3.281719e+00
9.976296e-01 -6.875648e-02 -2.769523e-03 1.093051e+02 6.879320e-02 9.974922e-01 1.664206e-02 2.429449e+00 1.618328e-03 -1.679313e-02 9.998577e-01 -3.324143e+00
9.976770e-01 -6.795976e-02 -4.708952e-03 1.106626e+02 6.802973e-02 9.975424e-01 1.676651e-02 2.510818e+00 3.557931e-03 -1.704792e-02 9.998484e-01 -3.375329e+00
9.977540e-01 -6.692045e-02 -2.915255e-03 1.120137e+02 6.696216e-02 9.975939e-01 1.795016e-02 2.588070e+00 1.707009e-03 -1.810506e-02 9.998347e-01 -3.424766e+00
9.977809e-01 -6.639089e-02 -5.065665e-03 1.133695e+02 6.646865e-02 9.976412e-01 1.714353e-02 2.659434e+00 3.915542e-03 -1.744219e-02 9.998402e-01 -3.472823e+00
9.978060e-01 -6.612483e-02 -3.265095e-03 1.147109e+02 6.617118e-02 9.976622e-01 1.708496e-02 2.757508e+00 2.127721e-03 -1.726353e-02 9.998487e-01 -3.529640e+00
9.978281e-01 -6.568505e-02 -4.959068e-03 1.160637e+02 6.576064e-02 9.976898e-01 1.704220e-02 2.833117e+00 3.828194e-03 -1.733130e-02 9.998425e-01 -3.567495e+00
9.978542e-01 -6.537259e-02 -3.660383e-03 1.174443e+02 6.542187e-02 9.977368e-01 1.552837e-02 2.915128e+00 2.636969e-03 -1.573452e-02 9.998727e-01 -3.614192e+00
9.978176e-01 -6.595653e-02 -3.138384e-03 1.188000e+02 6.600114e-02 9.976699e-01 1.728936e-02 3.004415e+00 1.990725e-03 -1.745877e-02 9.998456e-01 -3.664888e+00
9.977741e-01 -6.655538e-02 -4.162980e-03 1.201835e+02 6.661360e-02 9.976519e-01 1.590552e-02 3.085942e+00 3.094608e-03 -1.614743e-02 9.998648e-01 -3.709887e+00
9.978145e-01 -6.596617e-02 -3.843407e-03 1.215644e+02 6.601666e-02 9.977063e-01 1.496092e-02 3.165692e+00 2.847677e-03 -1.518195e-02 9.998807e-01 -3.762291e+00
9.977742e-01 -6.666905e-02 -1.397059e-03 1.229270e+02 6.668334e-02 9.976178e-01 1.766893e-02 3.240674e+00 2.157599e-04 -1.772276e-02 9.998429e-01 -3.816034e+00
9.976346e-01 -6.866723e-02 -3.175272e-03 1.242783e+02 6.871530e-02 9.974561e-01 1.896178e-02 3.343873e+00 1.865141e-03 -1.913512e-02 9.998152e-01 -3.862963e+00
9.977170e-01 -6.739850e-02 -4.273358e-03 1.256948e+02 6.746266e-02 9.975725e-01 1.726062e-02 3.402723e+00 3.099645e-03 -1.750951e-02 9.998419e-01 -3.919425e+00
9.975809e-01 -6.934312e-02 -4.890220e-03 1.270767e+02 6.941006e-02 9.974726e-01 1.519235e-02 3.510823e+00 3.824375e-03 -1.549503e-02 9.998726e-01 -3.955206e+00
9.975464e-01 -6.999378e-02 -1.412338e-03 1.284731e+02 7.000780e-02 9.973915e-01 1.758423e-02 3.592400e+00 1.778673e-04 -1.763996e-02 9.998444e-01 -4.014662e+00
9.976805e-01 -6.785604e-02 -5.399380e-03 1.298712e+02 6.795283e-02 9.974799e-01 2.040827e-02 3.667920e+00 4.000948e-03 -2.072784e-02 9.997771e-01 -4.067621e+00
9.976739e-01 -6.809149e-02 -3.204832e-03 1.312931e+02 6.814330e-02 9.974624e-01 2.062441e-02 3.757326e+00 1.792353e-03 -2.079482e-02 9.997821e-01 -4.122139e+00
9.976720e-01 -6.792852e-02 -6.032228e-03 1.326721e+02 6.802760e-02 9.975193e-01 1.810931e-02 3.842175e+00 4.787125e-03 -1.847751e-02 9.998178e-01 -4.161818e+00
9.976917e-01 -6.788375e-02 -1.772143e-03 1.340552e+02 6.790321e-02 9.975691e-01 1.564918e-02 3.920245e+00 7.055099e-04 -1.573339e-02 9.998760e-01 -4.210409e+00
9.977417e-01 -6.712124e-02 -2.490757e-03 1.354807e+02 6.715336e-02 9.976058e-01 1.653445e-02 4.005281e+00 1.374981e-03 -1.666437e-02 9.998602e-01 -4.278965e+00
9.976735e-01 -6.816775e-02 -8.877176e-04 1.369006e+02 6.817283e-02 9.975195e-01 1.753138e-02 4.076358e+00 -3.095592e-04 -1.755111e-02 9.998459e-01 -4.317987e+00
9.977215e-01 -6.736735e-02 -3.666977e-03 1.383079e+02 6.742471e-02 9.975470e-01 1.881003e-02 4.167946e+00 2.390801e-03 -1.901442e-02 9.998164e-01 -4.379480e+00
9.977095e-01 -6.763840e-02 -9.526683e-04 1.397406e+02 6.764457e-02 9.975462e-01 1.804138e-02 4.261488e+00 -2.699591e-04 -1.806450e-02 9.998368e-01 -4.423757e+00
9.978018e-01 -6.614231e-02 -4.094489e-03 1.411746e+02 6.620908e-02 9.976213e-01 1.918731e-02 4.344486e+00 2.815656e-03 -1.941622e-02 9.998075e-01 -4.486493e+00
9.977694e-01 -6.674159e-02 -1.326200e-03 1.425593e+02 6.675476e-02 9.975677e-01 2.005978e-02 4.429913e+00 -1.584797e-05 -2.010357e-02 9.997979e-01 -4.542564e+00
9.977571e-01 -6.670764e-02 -5.562134e-03 1.440028e+02 6.680827e-02 9.975560e-01 2.046169e-02 4.517225e+00 4.183589e-03 -2.078739e-02 9.997752e-01 -4.594317e+00
9.977460e-01 -6.702967e-02 -3.150437e-03 1.454448e+02 6.707802e-02 9.975626e-01 1.921001e-02 4.603512e+00 1.855118e-03 -1.937803e-02 9.998105e-01 -4.645024e+00
9.977756e-01 -6.637654e-02 -6.169909e-03 1.468742e+02 6.648643e-02 9.975919e-01 1.974862e-02 4.682667e+00 4.844206e-03 -2.011490e-02 9.997860e-01 -4.712765e+00
9.978128e-01 -6.601787e-02 -3.353981e-03 1.483297e+02 6.606733e-02 9.976566e-01 1.778602e-02 4.767877e+00 2.171926e-03 -1.796871e-02 9.998362e-01 -4.757002e+00
9.977148e-01 -6.739514e-02 -4.796792e-03 1.497721e+02 6.747141e-02 9.975573e-01 1.807563e-02 4.846768e+00 3.566866e-03 -1.835797e-02 9.998251e-01 -4.813741e+00
9.977620e-01 -6.678439e-02 -3.302230e-03 1.512285e+02 6.683459e-02 9.975896e-01 1.865377e-02 4.947259e+00 2.048490e-03 -1.883273e-02 9.998205e-01 -4.869077e+00
9.977970e-01 -6.621765e-02 -4.038637e-03 1.526861e+02 6.628053e-02 9.976352e-01 1.819107e-02 5.024667e+00 2.824517e-03 -1.841867e-02 9.998264e-01 -4.922589e+00
9.977704e-01 -6.665953e-02 -3.278448e-03 1.541259e+02 6.670637e-02 9.976238e-01 1.723908e-02 5.102587e+00 2.121509e-03 -1.741934e-02 9.998460e-01 -4.972458e+00
9.977654e-01 -6.673377e-02 -3.296102e-03 1.555969e+02 6.678507e-02 9.975816e-01 1.925181e-02 5.200706e+00 2.003385e-03 -1.942892e-02 9.998092e-01 -5.029188e+00
9.978459e-01 -6.553598e-02 -2.927372e-03 1.570365e+02 6.558144e-02 9.976485e-01 1.992252e-02 5.288742e+00 1.614846e-03 -2.007159e-02 9.997972e-01 -5.089929e+00
9.978250e-01 -6.582940e-02 -3.424932e-03 1.584745e+02 6.588576e-02 9.976192e-01 2.037568e-02 5.375564e+00 2.075459e-03 -2.055701e-02 9.997866e-01 -5.147058e+00
9.978771e-01 -6.506276e-02 -2.846212e-03 1.599323e+02 6.510577e-02 9.976913e-01 1.932758e-02 5.463387e+00 1.582134e-03 -1.947186e-02 9.998091e-01 -5.191241e+00
9.978331e-01 -6.566781e-02 -4.090581e-03 1.614117e+02 6.574111e-02 9.976037e-01 2.156461e-02 5.555241e+00 2.664678e-03 -2.178680e-02 9.997591e-01 -5.266463e+00
9.978688e-01 -6.521925e-02 -2.053504e-03 1.628946e+02 6.524772e-02 9.976575e-01 2.055269e-02 5.626985e+00 7.082622e-04 -2.064288e-02 9.997867e-01 -5.297038e+00
9.977958e-01 -6.625289e-02 -3.770733e-03 1.643913e+02 6.632125e-02 9.975443e-01 2.250640e-02 5.734910e+00 2.270360e-03 -2.270687e-02 9.997396e-01 -5.390374e+00
9.978631e-01 -6.531283e-02 -1.841544e-03 1.658750e+02 6.533760e-02 9.976186e-01 2.209651e-02 5.805987e+00 3.939731e-04 -2.216961e-02 9.997541e-01 -5.399649e+00
9.979100e-01 -6.456606e-02 -2.599058e-03 1.673466e+02 6.460956e-02 9.976304e-01 2.364491e-02 5.894593e+00 1.066240e-03 -2.376342e-02 9.997171e-01 -5.508891e+00
9.979244e-01 -6.437505e-02 -1.664957e-03 1.688446e+02 6.439628e-02 9.976640e-01 2.279837e-02 5.975463e+00 1.934209e-04 -2.285827e-02 9.997387e-01 -5.549043e+00
9.978919e-01 -6.482830e-02 -3.002255e-03 1.703227e+02 6.488458e-02 9.975536e-01 2.601242e-02 6.060964e+00 1.308569e-03 -2.615238e-02 9.996571e-01 -5.634161e+00
9.978878e-01 -6.487746e-02 -3.302542e-03 1.717983e+02 6.493308e-02 9.976646e-01 2.119152e-02 6.145147e+00 1.919977e-03 -2.136120e-02 9.997700e-01 -5.663241e+00
9.978672e-01 -6.524375e-02 -2.077649e-03 1.733194e+02 6.527442e-02 9.975978e-01 2.318494e-02 6.231466e+00 5.599864e-04 -2.327111e-02 9.997290e-01 -5.750928e+00
9.978441e-01 -6.561700e-02 -1.228352e-03 1.748271e+02 6.562848e-02 9.976526e-01 1.954104e-02 6.315429e+00 -5.675614e-05 -1.957953e-02 9.998083e-01 -5.781597e+00
9.976932e-01 -6.788420e-02 -7.877807e-05 1.763239e+02 6.786851e-02 9.974362e-01 2.269291e-02 6.400371e+00 -1.461914e-03 -2.264590e-02 9.997425e-01 -5.875427e+00
9.975637e-01 -6.973975e-02 -1.729438e-03 1.778521e+02 6.976100e-02 9.973128e-01 2.237494e-02 6.482988e+00 1.643680e-04 -2.244107e-02 9.997482e-01 -5.921326e+00
9.973187e-01 -7.317019e-02 -1.255078e-03 1.793303e+02 7.317805e-02 9.969792e-01 2.602660e-02 6.603827e+00 -6.530850e-04 -2.604866e-02 9.996605e-01 -5.993452e+00
9.973449e-01 -7.275666e-02 -3.099318e-03 1.808461e+02 7.281394e-02 9.969801e-01 2.699996e-02 6.688392e+00 1.125531e-03 -2.715395e-02 9.996306e-01 -6.049080e+00
9.973329e-01 -7.289328e-02 -3.684298e-03 1.823779e+02 7.296830e-02 9.969373e-01 2.813798e-02 6.790517e+00 1.621944e-03 -2.833177e-02 9.995973e-01 -6.123928e+00
9.974225e-01 -7.154644e-02 -5.439647e-03 1.838759e+02 7.166646e-02 9.970742e-01 2.658535e-02 6.882286e+00 3.521645e-03 -2.690666e-02 9.996318e-01 -6.182886e+00
9.974859e-01 -7.077282e-02 -3.610519e-03 1.854106e+02 7.084400e-02 9.971331e-01 2.658237e-02 6.983355e+00 1.718859e-03 -2.677132e-02 9.996401e-01 -6.261326e+00
9.974359e-01 -7.145490e-02 -3.991578e-03 1.869272e+02 7.153515e-02 9.970953e-01 2.614775e-02 7.081045e+00 2.111598e-03 -2.636625e-02 9.996501e-01 -6.315026e+00
9.974347e-01 -7.153456e-02 -2.621188e-03 1.884590e+02 7.157968e-02 9.970546e-01 2.754089e-02 7.172958e+00 6.433422e-04 -2.765786e-02 9.996172e-01 -6.398330e+00
9.974623e-01 -7.111625e-02 -3.382312e-03 1.899848e+02 7.118148e-02 9.971044e-01 2.676374e-02 7.270096e+00 1.469181e-03 -2.693658e-02 9.996361e-01 -6.454429e+00
9.974340e-01 -7.156549e-02 -1.923502e-03 1.915006e+02 7.159127e-02 9.970380e-01 2.811047e-02 7.364600e+00 -9.393465e-05 -2.817605e-02 9.996030e-01 -6.534237e+00
9.973980e-01 -7.204095e-02 -2.701055e-03 1.930436e+02 7.208841e-02 9.970049e-01 2.800536e-02 7.460642e+00 6.754319e-04 -2.812721e-02 9.996041e-01 -6.595773e+00
9.973006e-01 -7.341331e-02 -1.437113e-03 1.945417e+02 7.342479e-02 9.969097e-01 2.792201e-02 7.556662e+00 -6.171755e-04 -2.795215e-02 9.996091e-01 -6.661883e+00
9.971748e-01 -7.509487e-02 -1.766517e-03 1.960750e+02 7.511476e-02 9.967729e-01 2.831028e-02 7.654778e+00 -3.651412e-04 -2.836299e-02 9.995976e-01 -6.735401e+00
9.970829e-01 -7.630597e-02 -1.757137e-03 1.976422e+02 7.632527e-02 9.966925e-01 2.789955e-02 7.755995e+00 -3.775770e-04 -2.795228e-02 9.996092e-01 -6.811255e+00
9.970018e-01 -7.737494e-02 -7.351672e-04 1.991649e+02 7.736329e-02 9.965738e-01 2.925001e-02 7.868239e+00 -1.530569e-03 -2.921918e-02 9.995719e-01 -6.887954e+00
9.969686e-01 -7.777474e-02 -2.163013e-03 2.007005e+02 7.780478e-02 9.965550e-01 2.871592e-02 7.952789e+00 -7.781154e-05 -2.879716e-02 9.995853e-01 -6.960530e+00
9.969150e-01 -7.847211e-02 -1.606771e-03 2.022378e+02 7.848641e-02 9.965277e-01 2.779274e-02 8.060200e+00 -5.797636e-04 -2.783311e-02 9.996124e-01 -7.016374e+00
9.968469e-01 -7.929267e-02 -3.012816e-03 2.037862e+02 7.934693e-02 9.964188e-01 2.920983e-02 8.183018e+00 6.859010e-04 -2.935679e-02 9.995688e-01 -7.092820e+00
9.966978e-01 -8.113811e-02 -3.175983e-03 2.053074e+02 8.119387e-02 9.963470e-01 2.646220e-02 8.301671e+00 1.017288e-03 -2.663269e-02 9.996448e-01 -7.153404e+00
9.966857e-01 -8.132879e-02 -1.790553e-03 2.068457e+02 8.134615e-02 9.962480e-01 2.953728e-02 8.407164e+00 -6.183962e-04 -2.958504e-02 9.995621e-01 -7.238990e+00
9.965701e-01 -8.270882e-02 -2.705908e-03 2.083983e+02 8.275279e-02 9.961189e-01 2.998822e-02 8.536961e+00 2.151158e-04 -3.010928e-02 9.995466e-01 -7.301497e+00
9.966038e-01 -8.234513e-02 -3.847934e-04 2.099616e+02 8.232011e-02 9.961619e-01 2.974001e-02 8.642673e+00 -2.065629e-03 -2.967068e-02 9.995576e-01 -7.387133e+00
9.964797e-01 -8.379664e-02 -2.490725e-03 2.115037e+02 8.383362e-02 9.960190e-01 3.029653e-02 8.753654e+00 -5.793804e-05 -3.039869e-02 9.995378e-01 -7.445607e+00
9.965664e-01 -8.275504e-02 -2.674308e-03 2.130668e+02 8.279813e-02 9.960954e-01 3.063579e-02 8.862851e+00 1.285999e-04 -3.075203e-02 9.995270e-01 -7.537459e+00
9.964373e-01 -8.428183e-02 -3.049956e-03 2.145986e+02 8.433583e-02 9.959614e-01 3.079671e-02 8.985063e+00 4.420347e-04 -3.094421e-02 9.995210e-01 -7.598716e+00
9.964992e-01 -8.356796e-02 -2.385883e-03 2.161238e+02 8.360197e-02 9.960620e-01 2.951168e-02 9.091688e+00 -8.974341e-05 -2.960783e-02 9.995616e-01 -7.673064e+00
9.964336e-01 -8.434530e-02 -2.465439e-03 2.176860e+02 8.438124e-02 9.959656e-01 3.053146e-02 9.200924e+00 -1.196919e-04 -3.063061e-02 9.995308e-01 -7.745222e+00
9.964147e-01 -8.459055e-02 -1.503306e-03 2.192371e+02 8.459634e-02 9.959306e-01 3.107455e-02 9.318805e+00 -1.131425e-03 -3.109031e-02 9.995160e-01 -7.835062e+00
9.964126e-01 -8.458178e-02 -2.811327e-03 2.207937e+02 8.462834e-02 9.959252e-01 3.116267e-02 9.442850e+00 1.640770e-04 -3.128880e-02 9.995103e-01 -7.908577e+00
9.964188e-01 -8.451091e-02 -2.720424e-03 2.223531e+02 8.455453e-02 9.959638e-01 3.011066e-02 9.544982e+00 1.647646e-04 -3.023286e-02 9.995429e-01 -7.980933e+00
9.964744e-01 -8.386017e-02 -2.474569e-03 2.239034e+02 8.389647e-02 9.959749e-01 3.155032e-02 9.657598e+00 -1.812064e-04 -3.164669e-02 9.994991e-01 -8.062110e+00
9.965945e-01 -8.239516e-02 -3.221984e-03 2.254471e+02 8.245615e-02 9.960805e-01 3.200505e-02 9.764130e+00 5.722949e-04 -3.216172e-02 9.994825e-01 -8.136833e+00
9.966485e-01 -8.176657e-02 -2.464107e-03 2.270106e+02 8.180357e-02 9.961441e-01 3.170457e-02 9.876724e+00 -1.377687e-04 -3.179988e-02 9.994943e-01 -8.208501e+00
9.966986e-01 -8.115144e-02 -2.546030e-03 2.285781e+02 8.119132e-02 9.961706e-01 3.243573e-02 1.000365e+01 -9.592576e-05 -3.253536e-02 9.994706e-01 -8.286674e+00
9.967408e-01 -8.059502e-02 -3.491296e-03 2.301437e+02 8.066367e-02 9.962888e-01 3.003152e-02 1.010573e+01 1.057948e-03 -3.021526e-02 9.995428e-01 -8.359186e+00
9.967696e-01 -8.030162e-02 -1.413259e-03 2.317018e+02 8.030411e-02 9.962147e-01 3.327759e-02 1.022453e+01 -1.264336e-03 -3.328358e-02 9.994451e-01 -8.449950e+00
9.967835e-01 -8.007876e-02 -3.164124e-03 2.332590e+02 8.014005e-02 9.962069e-01 3.390606e-02 1.034796e+01 4.369675e-04 -3.405057e-02 9.994200e-01 -8.517274e+00
9.967498e-01 -8.052328e-02 -2.441943e-03 2.348341e+02 8.055907e-02 9.961090e-01 3.573688e-02 1.046424e+01 -4.452094e-04 -3.581745e-02 9.993582e-01 -8.593324e+00
9.967937e-01 -7.991549e-02 -3.979097e-03 2.363846e+02 8.000404e-02 9.962339e-01 3.342338e-02 1.057775e+01 1.293066e-03 -3.363456e-02 9.994333e-01 -8.670569e+00
9.968553e-01 -7.923667e-02 -1.010480e-03 2.379399e+02 7.922556e-02 9.962850e-01 3.375479e-02 1.069168e+01 -1.667891e-03 -3.372870e-02 9.994296e-01 -8.760322e+00
9.968072e-01 -7.980209e-02 -2.652369e-03 2.395364e+02 7.984594e-02 9.961792e-01 3.537774e-02 1.082470e+01 -1.809819e-04 -3.547657e-02 9.993705e-01 -8.825170e+00
9.968585e-01 -7.918348e-02 -1.772293e-03 2.411095e+02 7.919829e-02 9.962937e-01 3.356262e-02 1.093579e+01 -8.918814e-04 -3.359755e-02 9.994351e-01 -8.917294e+00
9.968679e-01 -7.907981e-02 -9.019963e-04 2.426557e+02 7.906159e-02 9.962311e-01 3.567461e-02 1.103955e+01 -1.922545e-03 -3.563419e-02 9.993631e-01 -8.994226e+00
9.968014e-01 -7.991185e-02 -1.052004e-03 2.442456e+02 7.990273e-02 9.962512e-01 3.315422e-02 1.117846e+01 -1.601354e-03 -3.313223e-02 9.994497e-01 -9.076826e+00
9.968321e-01 -7.953513e-02 -1.612992e-05 2.458164e+02 7.948768e-02 9.962305e-01 3.473645e-02 1.128953e+01 -2.746699e-03 -3.462769e-02 9.993965e-01 -9.158831e+00
9.968247e-01 -7.962733e-02 1.370872e-04 2.474139e+02 7.956821e-02 9.961482e-01 3.684984e-02 1.140411e+01 -3.070813e-03 -3.672192e-02 9.993208e-01 -9.243450e+00
9.967931e-01 -8.001942e-02 -6.137177e-04 2.489767e+02 7.998777e-02 9.961168e-01 3.678776e-02 1.152126e+01 -2.332401e-03 -3.671888e-02 9.993229e-01 -9.321848e+00
9.967854e-01 -8.011813e-02 1.245551e-05 2.505521e+02 8.006050e-02 9.960742e-01 3.776976e-02 1.163663e+01 -3.038450e-03 -3.764735e-02 9.992865e-01 -9.408010e+00
9.967539e-01 -8.050805e-02 1.625391e-04 2.521516e+02 8.044729e-02 9.960762e-01 3.688117e-02 1.175703e+01 -3.131133e-03 -3.674838e-02 9.993197e-01 -9.498189e+00
9.966382e-01 -8.191983e-02 1.172397e-03 2.536637e+02 8.181559e-02 9.959162e-01 3.817228e-02 1.187699e+01 -4.294676e-03 -3.794803e-02 9.992705e-01 -9.579664e+00
9.967211e-01 -8.089150e-02 1.884367e-03 2.552897e+02 8.075329e-02 9.959431e-01 3.970180e-02 1.199105e+01 -5.088260e-03 -3.941946e-02 9.992098e-01 -9.684074e+00
9.967918e-01 -8.003147e-02 1.018707e-03 2.568913e+02 7.993011e-02 9.960288e-01 3.921778e-02 1.210745e+01 -4.153319e-03 -3.901054e-02 9.992301e-01 -9.768063e+00
9.968631e-01 -7.914563e-02 -1.053981e-04 2.585012e+02 7.908522e-02 9.960481e-01 4.041468e-02 1.220837e+01 -3.093664e-03 -4.029624e-02 9.991830e-01 -9.871746e+00
9.968877e-01 -7.883109e-02 -7.574924e-04 2.600877e+02 7.879716e-02 9.960700e-01 4.044116e-02 1.232165e+01 -2.433505e-03 -4.037498e-02 9.991816e-01 -9.974057e+00
9.968984e-01 -7.869311e-02 -1.020533e-03 2.616808e+02 7.866896e-02 9.960622e-01 4.088055e-02 1.242868e+01 -2.200503e-03 -4.083403e-02 9.991635e-01 -1.005719e+01
9.969587e-01 -7.792763e-02 -8.523214e-04 2.632795e+02 7.789813e-02 9.961383e-01 4.050159e-02 1.253896e+01 -2.307163e-03 -4.044481e-02 9.991791e-01 -1.015615e+01
9.969227e-01 -7.838822e-02 -7.128734e-04 2.648967e+02 7.834985e-02 9.960561e-01 4.163908e-02 1.266519e+01 -2.553952e-03 -4.156680e-02 9.991325e-01 -1.024312e+01
9.969276e-01 -7.832775e-02 -2.444969e-04 2.664871e+02 7.826710e-02 9.960229e-01 4.257805e-02 1.277460e+01 -3.091518e-03 -4.246637e-02 9.990931e-01 -1.034475e+01
9.968768e-01 -7.897263e-02 1.463259e-05 2.680911e+02 7.890012e-02 9.959694e-01 4.265630e-02 1.289629e+01 -3.383253e-03 -4.252192e-02 9.990898e-01 -1.043423e+01
9.968585e-01 -7.917669e-02 2.042088e-03 2.696949e+02 7.902330e-02 9.960017e-01 4.166305e-02 1.300952e+01 -5.332666e-03 -4.137079e-02 9.991297e-01 -1.053328e+01
9.968744e-01 -7.899100e-02 1.367177e-03 2.712980e+02 7.886190e-02 9.959803e-01 4.247436e-02 1.310903e+01 -4.716774e-03 -4.223378e-02 9.990966e-01 -1.063615e+01
9.967856e-01 -8.008527e-02 2.214590e-03 2.729210e+02 7.990833e-02 9.958118e-01 4.442508e-02 1.324138e+01 -5.763110e-03 -4.410531e-02 9.990103e-01 -1.075014e+01
9.968073e-01 -7.961043e-02 6.122175e-03 2.745214e+02 7.928685e-02 9.959732e-01 4.184088e-02 1.335216e+01 -9.428494e-03 -4.122189e-02 9.991055e-01 -1.086473e+01
9.967155e-01 -8.084352e-02 4.745433e-03 2.761270e+02 8.060994e-02 9.960388e-01 3.753121e-02 1.347177e+01 -7.760791e-03 -3.702541e-02 9.992842e-01 -1.087584e+01
9.966986e-01 -8.106286e-02 4.565151e-03 2.777441e+02 8.077372e-02 9.956989e-01 4.537826e-02 1.357787e+01 -8.224008e-03 -4.485970e-02 9.989594e-01 -1.104436e+01
9.966894e-01 -8.118894e-02 4.321741e-03 2.793442e+02 8.089539e-02 9.956013e-01 4.726221e-02 1.368423e+01 -8.139900e-03 -4.675613e-02 9.988732e-01 -1.113030e+01
9.966836e-01 -8.135857e-02 1.622872e-03 2.808865e+02 8.118704e-02 9.955405e-01 4.803988e-02 1.377252e+01 -5.524090e-03 -4.774880e-02 9.988441e-01 -1.123615e+01
9.965310e-01 -8.319206e-02 2.250726e-03 2.825238e+02 8.301983e-02 9.956267e-01 4.283564e-02 1.392569e+01 -5.804469e-03 -4.250019e-02 9.990796e-01 -1.131397e+01
9.964002e-01 -8.474684e-02 2.145622e-03 2.841484e+02 8.457686e-02 9.954897e-01 4.297627e-02 1.404075e+01 -5.778047e-03 -4.264009e-02 9.990738e-01 -1.143576e+01
9.964485e-01 -8.419781e-02 1.033862e-03 2.857183e+02 8.407273e-02 9.955039e-01 4.363111e-02 1.411470e+01 -4.702858e-03 -4.338923e-02 9.990472e-01 -1.152065e+01
9.963548e-01 -8.529844e-02 -1.107551e-03 2.873456e+02 8.526037e-02 9.953194e-01 4.549995e-02 1.425642e+01 -2.778708e-03 -4.542853e-02 9.989637e-01 -1.163564e+01
9.962885e-01 -8.607333e-02 -7.114335e-04 2.889430e+02 8.602133e-02 9.953233e-01 4.395084e-02 1.438618e+01 -3.074889e-03 -4.384892e-02 9.990335e-01 -1.170897e+01
9.962908e-01 -8.604594e-02 -8.777104e-04 2.905554e+02 8.600545e-02 9.953887e-01 4.247668e-02 1.452580e+01 -2.781282e-03 -4.239461e-02 9.990970e-01 -1.181992e+01
9.962327e-01 -8.672057e-02 5.610310e-05 2.921764e+02 8.664048e-02 9.953401e-01 4.232861e-02 1.464624e+01 -3.726603e-03 -4.216428e-02 9.991037e-01 -1.189847e+01
9.961317e-01 -8.784736e-02 2.119732e-03 2.938119e+02 8.766542e-02 9.951469e-01 4.469154e-02 1.478349e+01 -6.035479e-03 -4.433284e-02 9.989986e-01 -1.200983e+01
9.960586e-01 -8.859792e-02 4.212827e-03 2.954046e+02 8.831747e-02 9.950607e-01 4.532277e-02 1.489991e+01 -8.207522e-03 -4.477207e-02 9.989635e-01 -1.210819e+01
9.958615e-01 -9.083532e-02 2.985990e-03 2.970354e+02 9.059252e-02 9.947584e-01 4.742030e-02 1.504075e+01 -7.277776e-03 -4.695354e-02 9.988706e-01 -1.220674e+01
9.957148e-01 -9.243709e-02 2.739775e-03 2.986638e+02 9.222554e-02 9.947501e-01 4.434448e-02 1.518926e+01 -6.824467e-03 -4.390177e-02 9.990125e-01 -1.229007e+01
9.955600e-01 -9.407214e-02 3.276505e-03 3.002892e+02 9.382822e-02 9.945569e-01 4.530988e-02 1.531672e+01 -7.521067e-03 -4.480127e-02 9.989676e-01 -1.242142e+01
9.954492e-01 -9.522168e-02 3.705846e-03 3.019290e+02 9.496552e-02 9.944949e-01 4.428806e-02 1.545947e+01 -7.902629e-03 -4.373458e-02 9.990119e-01 -1.251203e+01
9.953979e-01 -9.578666e-02 2.824384e-03 3.035559e+02 9.556265e-02 9.944004e-01 4.511826e-02 1.558144e+01 -7.130296e-03 -4.464071e-02 9.989777e-01 -1.262288e+01
9.952704e-01 -9.711859e-02 2.201773e-03 3.051897e+02 9.692245e-02 9.942783e-01 4.490581e-02 1.572314e+01 -6.550365e-03 -4.448002e-02 9.989888e-01 -1.270237e+01
9.952534e-01 -9.731219e-02 9.878783e-04 3.068315e+02 9.717938e-02 9.943328e-01 4.311202e-02 1.587026e+01 -5.177605e-03 -4.281139e-02 9.990698e-01 -1.281500e+01
9.952136e-01 -9.772293e-02 2.376339e-04 3.084754e+02 9.762245e-02 9.942948e-01 4.298333e-02 1.601798e+01 -4.436736e-03 -4.275440e-02 9.990758e-01 -1.290481e+01
9.951712e-01 -9.813663e-02 -1.830868e-03 3.101157e+02 9.812626e-02 9.942787e-01 4.219955e-02 1.618175e+01 -2.320928e-03 -4.217543e-02 9.991075e-01 -1.301203e+01
9.951735e-01 -9.811969e-02 -1.478033e-03 3.117548e+02 9.809072e-02 9.942237e-01 4.356221e-02 1.633451e+01 -2.804816e-03 -4.349694e-02 9.990496e-01 -1.309809e+01
9.951933e-01 -9.787200e-02 -3.372649e-03 3.133967e+02 9.792370e-02 9.941441e-01 4.569776e-02 1.649571e+01 -1.119632e-03 -4.580836e-02 9.989496e-01 -1.320969e+01
9.951755e-01 -9.806065e-02 -3.125051e-03 3.150731e+02 9.810114e-02 9.941376e-01 4.545626e-02 1.662069e+01 -1.350740e-03 -4.554353e-02 9.989614e-01 -1.329494e+01
9.951413e-01 -9.834918e-02 -4.601914e-03 3.167192e+02 9.845679e-02 9.940444e-01 4.671167e-02 1.677568e+01 -1.954683e-05 -4.693780e-02 9.988978e-01 -1.340660e+01
9.951683e-01 -9.811869e-02 -3.580004e-03 3.183324e+02 9.818197e-02 9.942529e-01 4.267680e-02 1.688787e+01 -6.279614e-04 -4.282208e-02 9.990825e-01 -1.348533e+01
9.949957e-01 -9.990428e-02 -1.653483e-03 3.200687e+02 9.988066e-02 9.940357e-01 4.377785e-02 1.708069e+01 -2.729973e-03 -4.372393e-02 9.990399e-01 -1.360502e+01
9.950355e-01 -9.949670e-02 -2.162424e-03 3.217008e+02 9.949557e-02 9.940711e-01 4.385569e-02 1.718274e+01 -2.213893e-03 -4.385312e-02 9.990355e-01 -1.369247e+01
9.950361e-01 -9.950908e-02 1.019808e-03 3.233677e+02 9.935337e-02 9.939574e-01 4.666626e-02 1.738095e+01 -5.657362e-03 -4.633329e-02 9.989100e-01 -1.381637e+01
9.951260e-01 -9.860003e-02 -1.489061e-03 3.250346e+02 9.856643e-02 9.941046e-01 4.516999e-02 1.750302e+01 -2.973480e-03 -4.509660e-02 9.989782e-01 -1.390497e+01
9.952083e-01 -9.776208e-02 -1.728748e-03 3.266920e+02 9.773469e-02 9.940963e-01 4.712450e-02 1.765074e+01 -2.888447e-03 -4.706765e-02 9.988875e-01 -1.401284e+01
9.952897e-01 -9.694503e-02 -8.313567e-05 3.283821e+02 9.685043e-02 9.942797e-01 4.502970e-02 1.780358e+01 -4.282746e-03 -4.482565e-02 9.989856e-01 -1.411315e+01
9.953343e-01 -9.648583e-02 2.025480e-04 3.300610e+02 9.638049e-02 9.943415e-01 4.467351e-02 1.794524e+01 -4.511762e-03 -4.444556e-02 9.990016e-01 -1.421336e+01
9.953852e-01 -9.587966e-02 3.923669e-03 3.317290e+02 9.561890e-02 9.944625e-01 4.360338e-02 1.808128e+01 -8.082619e-03 -4.302698e-02 9.990412e-01 -1.431638e+01
9.953846e-01 -9.588321e-02 3.985773e-03 3.333984e+02 9.559689e-02 9.943397e-01 4.636599e-02 1.822816e+01 -8.408932e-03 -4.577097e-02 9.989166e-01 -1.442038e+01
9.953536e-01 -9.627739e-02 1.389884e-03 3.350965e+02 9.610999e-02 9.942917e-01 4.633330e-02 1.838462e+01 -5.842800e-03 -4.598444e-02 9.989251e-01 -1.453362e+01
9.953563e-01 -9.623485e-02 2.189251e-03 3.367719e+02 9.604398e-02 9.943901e-01 4.431295e-02 1.852929e+01 -6.441420e-03 -4.389691e-02 9.990153e-01 -1.462684e+01
9.952672e-01 -9.713150e-02 2.935000e-03 3.384580e+02 9.690934e-02 9.943204e-01 4.399680e-02 1.866415e+01 -7.191805e-03 -4.350415e-02 9.990274e-01 -1.473674e+01
9.951442e-01 -9.834262e-02 4.081572e-03 3.401530e+02 9.807184e-02 9.942186e-01 4.371817e-02 1.880552e+01 -8.357334e-03 -4.310560e-02 9.990355e-01 -1.482953e+01
9.950742e-01 -9.898809e-02 5.368531e-03 3.418226e+02 9.864774e-02 9.940993e-01 4.511274e-02 1.895092e+01 -9.802477e-03 -4.436092e-02 9.989675e-01 -1.494288e+01
9.949940e-01 -9.981124e-02 4.967115e-03 3.435139e+02 9.947704e-02 9.939643e-01 4.625318e-02 1.910847e+01 -9.553722e-03 -4.552752e-02 9.989174e-01 -1.504044e+01
9.948866e-01 -1.009511e-01 3.091154e-03 3.452209e+02 1.007052e-01 9.938641e-01 4.574346e-02 1.926347e+01 -7.690040e-03 -4.519826e-02 9.989485e-01 -1.515320e+01
9.948196e-01 -1.016037e-01 3.263444e-03 3.469053e+02 1.013650e-01 9.938873e-01 4.374022e-02 1.942052e+01 -7.687663e-03 -4.318283e-02 9.990376e-01 -1.525787e+01
9.948146e-01 -1.016856e-01 1.984325e-03 3.485954e+02 1.015048e-01 9.938909e-01 4.333076e-02 1.956082e+01 -6.378318e-03 -4.290465e-02 9.990588e-01 -1.537118e+01
9.949078e-01 -1.007585e-01 2.500106e-03 3.502844e+02 1.005439e-01 9.939090e-01 4.512007e-02 1.971746e+01 -7.031107e-03 -4.463894e-02 9.989784e-01 -1.545936e+01
9.949199e-01 -1.006687e-01 4.888931e-04 3.520089e+02 1.005476e-01 9.939389e-01 4.444702e-02 1.988569e+01 -4.960354e-03 -4.417206e-02 9.990116e-01 -1.556782e+01
9.949874e-01 -9.997679e-02 2.169050e-03 3.536861e+02 9.977710e-02 9.939811e-01 4.523009e-02 2.002452e+01 -6.677955e-03 -4.478695e-02 9.989743e-01 -1.567040e+01
9.950337e-01 -9.952334e-02 1.751909e-03 3.554214e+02 9.935134e-02 9.940858e-01 4.384780e-02 2.018305e+01 -6.105428e-03 -4.345598e-02 9.990367e-01 -1.578202e+01
9.950827e-01 -9.902098e-02 2.294698e-03 3.571232e+02 9.883342e-02 9.941874e-01 4.270170e-02 2.033325e+01 -6.509724e-03 -4.226493e-02 9.990852e-01 -1.587843e+01
9.952052e-01 -9.780170e-02 1.197069e-03 3.588430e+02 9.766260e-02 9.943103e-01 4.253242e-02 2.049094e+01 -5.350001e-03 -4.221158e-02 9.990944e-01 -1.599840e+01
9.952736e-01 -9.708647e-02 2.148899e-03 3.605296e+02 9.692039e-02 9.944676e-01 4.050612e-02 2.064422e+01 -6.069607e-03 -4.010640e-02 9.991770e-01 -1.608828e+01
9.952364e-01 -9.745298e-02 2.722065e-03 3.622715e+02 9.724084e-02 9.942945e-01 4.384470e-02 2.080854e+01 -6.979331e-03 -4.337115e-02 9.990346e-01 -1.619227e+01
9.953244e-01 -9.658779e-02 3.272868e-04 3.639650e+02 9.648618e-02 9.944218e-01 4.261151e-02 2.095371e+01 -4.441212e-03 -4.238069e-02 9.990917e-01 -1.630451e+01
9.953988e-01 -9.577289e-02 2.965574e-03 3.656599e+02 9.554917e-02 9.944423e-01 4.421065e-02 2.110985e+01 -7.183275e-03 -4.372387e-02 9.990178e-01 -1.640134e+01
9.954330e-01 -9.546109e-02 4.736441e-04 3.673739e+02 9.535369e-02 9.945251e-01 4.274971e-02 2.125949e+01 -4.551986e-03 -4.250931e-02 9.990857e-01 -1.651890e+01
9.955004e-01 -9.470925e-02 3.029377e-03 3.690782e+02 9.449941e-02 9.946384e-01 4.200557e-02 2.139561e+01 -6.991449e-03 -4.153028e-02 9.991128e-01 -1.662715e+01
9.955058e-01 -9.468872e-02 1.544313e-03 3.707654e+02 9.454177e-02 9.946425e-01 4.180973e-02 2.155198e+01 -5.494950e-03 -4.147583e-02 9.991244e-01 -1.673226e+01
