1.000000e+00 0.000000e+00 0.000000e+00 0.000000e+00 0.000000e+00 1.000000e+00 0.000000e+00 0.000000e+00 0.000000e+00 0.000000e+00 1.000000e+00 0.000000e+00
9.999903e-01 -2.944801e-03 3.279776e-03 6.400285e-02 2.945326e-03 9.999956e-01 -1.553361e-04 9.028408e-03 -3.279304e-03 1.649946e-04 9.999946e-01 -1.819506e-02
9.999706e-01 -6.553291e-03 3.973864e-03 1.254067e-01 6.550468e-03 9.999783e-01 7.229893e-04 5.514522e-03 -3.978516e-03 -6.969374e-04 9.999918e-01 -1.434852e-02
9.999439e-01 -9.901423e-03 3.755801e-03 1.911916e-01 9.892801e-03 9.999485e-01 2.307521e-03 8.517717e-03 -3.778455e-03 -2.270236e-03 9.999903e-01 -2.124718e-02
9.998846e-01 -1.487090e-02 3.094203e-03 2.588412e-01 1.485996e-02 9.998833e-01 3.528279e-03 1.628932e-02 -3.146311e-03 -3.481892e-03 9.999890e-01 -2.067237e-02
9.997973e-01 -2.008898e-02 1.341183e-03 3.263555e-01 2.008471e-02 9.997933e-01 3.128073e-03 2.031095e-02 -1.403745e-03 -3.100502e-03 9.999942e-01 -2.416563e-02
9.996631e-01 -2.593150e-02 -1.105517e-03 3.921334e-01 2.593487e-02 9.996587e-01 3.157955e-03 2.847240e-02 1.023250e-03 -3.185563e-03 9.999944e-01 -2.633064e-02
9.994638e-01 -3.261994e-02 -2.830425e-03 4.538749e-01 3.262759e-02 9.994639e-01 2.698005e-03 4.123624e-02 2.740898e-03 -2.788908e-03 9.999924e-01 -2.439771e-02
9.992019e-01 -3.963213e-02 -4.992642e-03 5.254175e-01 3.964486e-02 9.992107e-01 2.477647e-03 6.012264e-02 4.890507e-03 -2.673602e-03 9.999844e-01 -3.553978e-02
9.988905e-01 -4.663145e-02 -6.584753e-03 5.943583e-01 4.664818e-02 9.989085e-01 2.409954e-03 5.684232e-02 6.465186e-03 -2.714446e-03 9.999754e-01 -2.483655e-02
9.984348e-01 -5.542012e-02 -7.514004e-03 6.686889e-01 5.544372e-02 9.984574e-01 2.968829e-03 8.234167e-02 7.337880e-03 -3.380787e-03 9.999673e-01 -3.072973e-02
9.979865e-01 -6.300338e-02 -7.312465e-03 7.459788e-01 6.302971e-02 9.980057e-01 3.428257e-03 9.915388e-02 7.081890e-03 -3.882257e-03 9.999674e-01 -3.114601e-02
9.974726e-01 -7.061547e-02 -7.860898e-03 8.300436e-01 7.064253e-02 9.974964e-01 3.219360e-03 1.025639e-01 7.613882e-03 -3.766537e-03 9.999639e-01 -3.209810e-02
9.969004e-01 -7.862382e-02 -2.793668e-03 9.285775e-01 7.862538e-02 9.969041e-01 4.548127e-04 1.124117e-01 2.749260e-03 -6.730562e-04 9.999960e-01 -2.955229e-02
9.961498e-01 -8.764956e-02 -1.783392e-03 1.013619e+00 8.765357e-02 9.961483e-01 2.309716e-03 1.235490e-01 1.574078e-03 -2.457144e-03 9.999958e-01 -2.262211e-02
9.954928e-01 -9.483451e-02 6.859530e-04 1.115691e+00 9.483313e-02 9.954914e-01 1.824559e-03 1.377236e-01 -8.558915e-04 -1.751284e-03 9.999981e-01 -2.335963e-02
9.948095e-01 -1.017540e-01 4.438470e-04 1.223473e+00 1.017538e-01 9.948095e-01 2.848691e-04 1.568657e-01 -4.705298e-04 -2.382274e-04 9.999999e-01 -4.036167e-02
9.940999e-01 -1.084669e-01 6.224851e-04 1.345569e+00 1.084685e-01 9.940927e-01 -3.785830e-03 1.675176e-01 -2.081707e-04 3.831013e-03 9.999927e-01 -3.457782e-02
9.932449e-01 -1.160355e-01 6.100756e-04 1.462116e+00 1.160371e-01 9.932367e-01 -4.027192e-03 1.872456e-01 -1.386520e-04 4.070779e-03 9.999917e-01 -3.804008e-02
9.921778e-01 -1.248248e-01 1.357818e-03 1.581073e+00 1.248288e-01 9.921724e-01 -3.413563e-03 2.181703e-01 -9.210921e-04 3.556356e-03 9.999933e-01 -4.620253e-02
9.910818e-01 -1.332220e-01 2.973696e-03 1.711988e+00 1.332336e-01 9.910760e-01 -4.149924e-03 2.348921e-01 -2.394298e-03 4.509110e-03 9.999869e-01 -4.423479e-02
9.899026e-01 -1.417348e-01 2.030776e-03 1.852372e+00 1.417461e-01 9.898750e-01 -7.450830e-03 2.629304e-01 -9.541729e-04 7.663451e-03 9.999702e-01 -5.148720e-02
9.882750e-01 -1.526336e-01 3.937503e-03 1.988674e+00 1.526582e-01 9.882547e-01 -6.943038e-03 2.959608e-01 -2.831515e-03 7.462722e-03 9.999682e-01 -5.655882e-02
9.866640e-01 -1.627466e-01 2.781890e-03 2.129755e+00 1.627619e-01 9.866432e-01 -6.639930e-03 3.227208e-01 -1.664106e-03 7.004166e-03 9.999741e-01 -4.633354e-02
9.844519e-01 -1.755912e-01 4.698478e-03 2.271745e+00 1.756223e-01 9.844302e-01 -7.320262e-03 3.529339e-01 -3.339950e-03 8.031604e-03 9.999622e-01 -5.579145e-02
9.820471e-01 -1.883985e-01 9.461101e-03 2.425985e+00 1.884625e-01 9.820595e-01 -6.404554e-03 3.801633e-01 -8.084755e-03 8.072637e-03 9.999347e-01 -3.673503e-02
9.795750e-01 -2.006789e-01 1.267493e-02 2.581842e+00 2.007726e-01 9.796157e-01 -6.590918e-03 4.195710e-01 -1.109391e-02 9.001077e-03 9.998980e-01 -5.281256e-02
9.772401e-01 -2.117976e-01 1.197991e-02 2.735816e+00 2.118640e-01 9.772886e-01 -4.559965e-03 4.650397e-01 -1.074204e-02 6.994293e-03 9.999179e-01 -5.599162e-02
9.753786e-01 -2.203789e-01 8.347074e-03 2.915162e+00 2.204291e-01 9.753866e-01 -5.656828e-03 5.171161e-01 -6.894978e-03 7.357487e-03 9.999492e-01 -6.403024e-02
9.733601e-01 -2.292267e-01 5.016927e-03 3.083382e+00 2.292598e-01 9.733362e-01 -7.515443e-03 5.716920e-01 -3.160417e-03 8.465413e-03 9.999592e-01 -6.634147e-02
9.716820e-01 -2.362750e-01 2.864590e-03 3.252362e+00 2.362909e-01 9.716477e-01 -8.218203e-03 6.265341e-01 -8.416157e-04 8.662356e-03 9.999622e-01 -7.021343e-02
9.700388e-01 -2.429312e-01 3.014584e-03 3.440310e+00 2.429475e-01 9.700091e-01 -7.659297e-03 6.779231e-01 -1.063493e-03 8.162201e-03 9.999661e-01 -6.856316e-02
9.688384e-01 -2.476136e-01 6.296983e-03 3.630457e+00 2.476557e-01 9.688218e-01 -7.123245e-03 7.284818e-01 -4.336842e-03 8.460757e-03 9.999548e-01 -6.747843e-02
9.679684e-01 -2.509213e-01 8.697819e-03 3.819624e+00 2.509629e-01 9.679881e-01 -4.056237e-03 7.685559e-01 -7.401590e-03 6.109138e-03 9.999539e-01 -5.973475e-02
9.672885e-01 -2.533463e-01 1.298829e-02 4.041235e+00 2.533921e-01 9.673616e-01 -1.988197e-03 8.079346e-01 -1.206067e-02 5.214290e-03 9.999137e-01 -6.575344e-02
9.671885e-01 -2.536394e-01 1.461013e-02 4.250602e+00 2.537034e-01 9.672784e-01 -2.679660e-03 8.701376e-01 -1.345239e-02 6.298376e-03 9.998897e-01 -7.710141e-02
9.671314e-01 -2.538765e-01 1.426582e-02 4.482145e+00 2.539625e-01 9.672034e-01 -4.549081e-03 9.312150e-01 -1.264304e-02 8.022543e-03 9.998879e-01 -8.511498e-02
9.671971e-01 -2.537338e-01 1.220231e-02 4.689981e+00 2.537895e-01 9.672540e-01 -3.234069e-03 9.831553e-01 -1.098214e-02 6.224800e-03 9.999203e-01 -9.417193e-02
9.676722e-01 -2.520363e-01 9.390654e-03 4.920472e+00 2.520625e-01 9.677095e-01 -1.700618e-03 1.039885e+00 -8.658808e-03 4.012672e-03 9.999545e-01 -8.548377e-02
9.683090e-01 -2.496791e-01 6.172672e-03 5.164702e+00 2.496794e-01 9.683282e-01 7.244531e-04 1.113162e+00 -6.158054e-03 8.396949e-04 9.999807e-01 -9.551495e-02
9.692196e-01 -2.460987e-01 6.984115e-03 5.414727e+00 2.460987e-01 9.692444e-01 8.618817e-04 1.167074e+00 -6.981423e-03 8.834294e-04 9.999753e-01 -7.346931e-02
9.703551e-01 -2.415452e-01 8.175015e-03 5.670612e+00 2.415520e-01 9.703878e-01 1.608899e-04 1.227993e+00 -7.971796e-03 1.818571e-03 9.999666e-01 -8.921961e-02
9.713840e-01 -2.373390e-01 9.130741e-03 5.953460e+00 2.373521e-01 9.714236e-01 -3.649314e-04 1.285220e+00 -8.783205e-03 2.521689e-03 9.999583e-01 -9.354212e-02
9.724568e-01 -2.328596e-01 1.020426e-02 6.233221e+00 2.328823e-01 9.725043e-01 -1.071036e-03 1.346112e+00 -9.674283e-03 3.417926e-03 9.999474e-01 -1.039310e-01
9.735054e-01 -2.284586e-01 9.691323e-03 6.527557e+00 2.284820e-01 9.735471e-01 -1.365366e-03 1.399679e+00 -9.123030e-03 3.543484e-03 9.999521e-01 -1.125694e-01
9.744363e-01 -2.244499e-01 9.805640e-03 6.819679e+00 2.244782e-01 9.744774e-01 -1.875380e-03 1.459409e+00 -9.134445e-03 4.028590e-03 9.999502e-01 -9.601290e-02
9.753827e-01 -2.202133e-01 1.160659e-02 7.130941e+00 2.202564e-01 9.754387e-01 -2.566170e-03 1.521206e+00 -1.075642e-02 5.059425e-03 9.999294e-01 -1.131007e-01
9.764249e-01 -2.154870e-01 1.264050e-02 7.456519e+00 2.155308e-01 9.764947e-01 -2.192506e-03 1.591267e+00 -1.187092e-02 4.865234e-03 9.999177e-01 -1.130136e-01
9.771804e-01 -2.120616e-01 1.218314e-02 7.779647e+00 2.120982e-01 9.772466e-01 -1.774174e-03 1.644418e+00 -1.152970e-02 4.317711e-03 9.999242e-01 -1.263349e-01
9.778149e-01 -2.090512e-01 1.325616e-02 8.122934e+00 2.090903e-01 9.778949e-01 -1.622643e-03 1.711160e+00 -1.262391e-02 4.358379e-03 9.999108e-01 -1.262169e-01
9.783903e-01 -2.063996e-01 1.231403e-02 8.459205e+00 2.064293e-01 9.784609e-01 -1.172812e-03 1.775022e+00 -1.180673e-02 3.689444e-03 9.999235e-01 -1.411764e-01
9.790503e-01 -2.032702e-01 1.190641e-02 8.820340e+00 2.033113e-01 9.791114e-01 -2.336459e-03 1.842087e+00 -1.118277e-02 4.708218e-03 9.999264e-01 -1.406272e-01
9.795176e-01 -2.009801e-01 1.234343e-02 9.178797e+00 2.010155e-01 9.795865e-01 -1.681448e-03 1.917424e+00 -1.175352e-02 4.128229e-03 9.999224e-01 -1.329415e-01
9.801213e-01 -1.980090e-01 1.243770e-02 9.555158e+00 1.980282e-01 9.801961e-01 -3.185968e-04 1.977917e+00 -1.212830e-02 2.775279e-03 9.999226e-01 -1.511346e-01
9.803678e-01 -1.967331e-01 1.323165e-02 9.915097e+00 1.967434e-01 9.804548e-01 5.307331e-04 2.045906e+00 -1.307745e-02 2.082926e-03 9.999123e-01 -1.468079e-01
9.807298e-01 -1.948892e-01 1.368606e-02 1.028541e+01 1.949078e-01 9.808215e-01 -2.484338e-05 2.115643e+00 -1.341874e-02 2.691884e-03 9.999064e-01 -1.582613e-01
9.810022e-01 -1.935660e-01 1.291545e-02 1.068337e+01 1.936022e-01 9.810786e-01 -1.601248e-03 2.192922e+00 -1.236113e-02 4.071289e-03 9.999153e-01 -1.615137e-01
9.812565e-01 -1.922328e-01 1.349366e-02 1.107651e+01 1.922622e-01 9.813432e-01 -8.998873e-04 2.259758e+00 -1.306893e-02 3.477341e-03 9.999086e-01 -1.606766e-01
9.813595e-01 -1.917330e-01 1.311453e-02 1.147373e+01 1.917544e-01 9.814428e-01 -3.833527e-04 2.329525e+00 -1.279766e-02 2.890975e-03 9.999139e-01 -1.730598e-01
9.815761e-01 -1.907309e-01 1.140572e-02 1.188398e+01 1.907552e-01 9.816371e-01 -1.077234e-03 2.399664e+00 -1.099082e-02 3.233088e-03 9.999344e-01 -1.849943e-01
9.818755e-01 -1.892074e-01 1.100679e-02 1.229771e+01 1.892556e-01 9.819216e-01 -3.503479e-03 2.475452e+00 -1.014492e-02 5.523077e-03 9.999333e-01 -1.682972e-01
9.819942e-01 -1.885357e-01 1.190849e-02 1.271822e+01 1.885907e-01 9.820489e-01 -3.663445e-03 2.553818e+00 -1.100403e-02 5.843311e-03 9.999224e-01 -1.953028e-01
9.821843e-01 -1.873825e-01 1.420804e-02 1.314498e+01 1.874555e-01 9.822650e-01 -3.982031e-03 2.618932e+00 -1.320990e-02 6.574462e-03 9.998911e-01 -1.859238e-01
9.825168e-01 -1.858317e-01 1.128194e-02 1.358018e+01 1.858993e-01 9.825548e-01 -5.266966e-03 2.700825e+00 -1.010636e-02 7.272188e-03 9.999225e-01 -2.060221e-01
9.827091e-01 -1.848223e-01 1.111810e-02 1.401576e+01 1.849254e-01 9.827106e-01 -9.085215e-03 2.782970e+00 -9.246726e-03 1.098414e-02 9.998969e-01 -2.053768e-01
9.830363e-01 -1.830929e-01 1.079524e-02 1.447032e+01 1.831801e-01 9.830490e-01 -7.724077e-03 2.863429e+00 -9.198022e-03 9.570521e-03 9.999119e-01 -2.053694e-01
9.832045e-01 -1.822577e-01 9.538058e-03 1.493262e+01 1.823184e-01 9.832215e-01 -5.937350e-03 2.948488e+00 -8.295897e-03 7.576593e-03 9.999369e-01 -2.180367e-01
9.833830e-01 -1.813166e-01 9.065357e-03 1.539751e+01 1.813759e-01 9.833944e-01 -6.203645e-03 3.031983e+00 -7.789996e-03 7.744796e-03 9.999397e-01 -2.151628e-01
9.835821e-01 -1.802607e-01 8.504319e-03 1.586991e+01 1.803193e-01 9.835851e-01 -6.710538e-03 3.113614e+00 -7.155077e-03 8.133858e-03 9.999413e-01 -2.328337e-01
9.839275e-01 -1.784401e-01 6.760692e-03 1.633443e+01 1.784653e-01 9.839406e-01 -3.310225e-03 3.185506e+00 -6.061443e-03 4.463570e-03 9.999717e-01 -2.236354e-01
9.840785e-01 -1.776966e-01 3.667513e-03 1.680664e+01 1.776885e-01 9.840839e-01 2.433290e-03 3.269063e+00 -4.041527e-03 -1.742873e-03 9.999903e-01 -2.243283e-01
9.842585e-01 -1.765679e-01 7.678686e-03 1.729312e+01 1.765208e-01 9.842758e-01 6.432628e-03 3.344380e+00 -8.693741e-03 -4.975921e-03 9.999498e-01 -2.335724e-01
9.845680e-01 -1.748101e-01 8.205788e-03 1.779493e+01 1.747665e-01 9.845930e-01 5.764668e-03 3.420863e+00 -9.087084e-03 -4.241611e-03 9.999497e-01 -2.732320e-01
9.849936e-01 -1.724961e-01 5.727507e-03 1.828559e+01 1.724970e-01 9.850100e-01 3.315361e-04 3.513190e+00 -5.698840e-03 6.614169e-04 9.999835e-01 -2.446630e-01
9.854865e-01 -1.697482e-01 1.384802e-03 1.878666e+01 1.697535e-01 9.854685e-01 -5.964194e-03 3.597736e+00 -3.522669e-04 6.112708e-03 9.999813e-01 -2.602743e-01
9.860626e-01 -1.663720e-01 9.468179e-04 1.930095e+01 1.663701e-01 9.859771e-01 -1.305617e-02 3.677233e+00 1.238640e-03 1.303172e-02 9.999143e-01 -2.545771e-01
9.865173e-01 -1.636150e-01 3.720369e-03 1.981459e+01 1.636546e-01 9.863772e-01 -1.664316e-02 3.759057e+00 -9.466165e-04 1.702762e-02 9.998546e-01 -2.402849e-01
9.870886e-01 -1.600672e-01 5.875249e-03 2.032534e+01 1.601402e-01 9.869744e-01 -1.539312e-02 3.818794e+00 -3.334787e-03 1.613524e-02 9.998643e-01 -2.998479e-01
9.877725e-01 -1.556839e-01 8.248981e-03 2.083214e+01 1.557636e-01 9.877428e-01 -1.010654e-02 3.900478e+00 -6.574444e-03 1.126786e-02 9.999149e-01 -3.092410e-01
9.883050e-01 -1.523498e-01 6.543726e-03 2.134730e+01 1.523764e-01 9.883152e-01 -3.767349e-03 3.965118e+00 -5.893310e-03 4.720399e-03 9.999715e-01 -2.665124e-01
9.891224e-01 -1.469706e-01 6.044414e-03 2.185983e+01 1.469718e-01 9.891406e-01 2.550396e-04 4.042643e+00 -6.016259e-03 6.360929e-04 9.999817e-01 -3.053842e-01
9.899501e-01 -1.413996e-01 2.213974e-03 2.239136e+01 1.414053e-01 9.899482e-01 -2.688954e-03 4.108992e+00 -1.811502e-03 2.974998e-03 9.999939e-01 -2.662069e-01
9.907797e-01 -1.354146e-01 4.302670e-03 2.292566e+01 1.354317e-01 9.907789e-01 -3.958744e-03 4.180749e+00 -3.726923e-03 4.504961e-03 9.999829e-01 -3.005632e-01
9.916399e-01 -1.289641e-01 4.306219e-03 2.346729e+01 1.289800e-01 9.916407e-01 -3.624602e-03 4.238575e+00 -3.802777e-03 4.149715e-03 9.999841e-01 -2.986645e-01
9.924209e-01 -1.226349e-01 7.841086e-03 2.399878e+01 1.226632e-01 9.924431e-01 -3.226584e-03 4.292590e+00 -7.386140e-03 4.163942e-03 9.999641e-01 -3.049427e-01
9.931996e-01 -1.162388e-01 6.555751e-03 2.454413e+01 1.162735e-01 9.932036e-01 -5.189483e-03 4.346721e+00 -5.907977e-03 5.916453e-03 9.999651e-01 -3.181931e-01
9.939799e-01 -1.093390e-01 6.998191e-03 2.508532e+01 1.093711e-01 9.939913e-01 -4.381118e-03 4.394297e+00 -6.477114e-03 5.120143e-03 9.999659e-01 -3.253227e-01
9.947343e-01 -1.024233e-01 3.607141e-03 2.565881e+01 1.024365e-01 9.947329e-01 -3.666059e-03 4.441801e+00 -3.212651e-03 4.016258e-03 9.999868e-01 -3.229963e-01
9.952062e-01 -9.755622e-02 6.890533e-03 2.620366e+01 9.758024e-02 9.952223e-01 -3.238851e-03 4.487841e+00 -6.541642e-03 3.895704e-03 9.999710e-01 -3.352497e-01
9.957929e-01 -9.143123e-02 6.059962e-03 2.678372e+01 9.143265e-02 9.958113e-01 4.329011e-05 4.519702e+00 -6.038537e-03 5.109704e-04 9.999816e-01 -3.544751e-01
9.963692e-01 -8.482113e-02 7.334810e-03 2.735911e+01 8.480693e-02 9.963950e-01 2.227253e-03 4.560197e+00 -7.497285e-03 -1.597124e-03 9.999706e-01 -3.562469e-01
9.969248e-01 -7.832713e-02 2.391293e-03 2.795080e+01 7.832563e-02 9.969276e-01 7.178451e-04 4.604690e+00 -2.440173e-03 -5.283381e-04 9.999969e-01 -3.694359e-01
9.974401e-01 -7.146078e-02 2.566623e-03 2.855909e+01 7.145816e-02 9.974428e-01 1.098954e-03 4.642563e+00 -2.638592e-03 -9.127351e-04 9.999961e-01 -3.719918e-01
9.978142e-01 -6.604459e-02 2.212832e-03 2.917412e+01 6.603994e-02 9.978148e-01 2.110365e-03 4.671990e+00 -2.347375e-03 -1.959617e-03 9.999954e-01 -3.789157e-01
9.981707e-01 -6.025766e-02 4.928697e-03 2.979508e+01 6.023923e-02 9.981769e-01 3.806047e-03 4.701160e+00 -5.149054e-03 -3.502183e-03 9.999806e-01 -3.924578e-01
9.984831e-01 -5.481886e-02 5.134971e-03 3.041847e+01 5.480767e-02 9.984943e-01 2.294183e-03 4.731764e+00 -5.253004e-03 -2.009267e-03 9.999842e-01 -3.889488e-01
9.988447e-01 -4.752805e-02 7.093973e-03 3.105210e+01 4.752992e-02 9.988699e-01 -9.536433e-05 4.744140e+00 -7.081424e-03 4.324301e-04 9.999748e-01 -4.250108e-01
9.991120e-01 -4.156321e-02 6.917012e-03 3.169831e+01 4.157329e-02 9.991345e-01 -1.319534e-03 4.768537e+00 -6.856182e-03 1.605925e-03 9.999752e-01 -4.142664e-01
9.992950e-01 -3.624816e-02 9.776439e-03 3.234274e+01 3.625237e-02 9.993426e-01 -2.534185e-04 4.779902e+00 -9.760826e-03 6.076589e-04 9.999522e-01 -4.164198e-01
9.994286e-01 -3.192745e-02 1.109076e-02 3.300590e+01 3.184180e-02 9.994622e-01 7.815314e-03 4.779981e+00 -1.133432e-02 -7.457699e-03 9.999080e-01 -4.490970e-01
9.995177e-01 -2.776381e-02 1.391529e-02 3.367001e+01 2.754655e-02 9.994992e-01 1.556846e-02 4.790849e+00 -1.434056e-02 -1.517764e-02 9.997820e-01 -4.619493e-01
9.996395e-01 -2.398279e-02 1.207238e-02 3.437309e+01 2.379135e-02 9.995925e-01 1.575927e-02 4.788928e+00 -1.244542e-02 -1.546637e-02 9.998029e-01 -4.559932e-01
9.996049e-01 -2.039887e-02 1.933928e-02 3.507574e+01 2.028352e-02 9.997753e-01 6.141683e-03 4.799630e+00 -1.946023e-02 -5.746987e-03 9.997941e-01 -4.929892e-01
9.997556e-01 -1.745895e-02 1.356081e-02 3.580736e+01 1.751600e-02 9.998382e-01 -4.099613e-03 4.802692e+00 -1.348704e-02 4.336142e-03 9.998996e-01 -5.095360e-01
9.998023e-01 -1.442807e-02 1.368101e-02 3.654965e+01 1.459399e-02 9.998201e-01 -1.210610e-02 4.816576e+00 -1.350388e-02 1.230337e-02 9.998331e-01 -5.135998e-01
9.998165e-01 -1.222144e-02 1.475264e-02 3.728683e+01 1.237291e-02 9.998711e-01 -1.021969e-02 4.816163e+00 -1.462584e-02 1.040035e-02 9.998389e-01 -5.135072e-01
9.997282e-01 -1.116818e-02 2.046520e-02 3.802771e+01 1.129236e-02 9.999183e-01 -5.962438e-03 4.807167e+00 -2.039694e-02 6.191918e-03 9.997728e-01 -5.125751e-01
9.997998e-01 -8.542188e-03 1.809101e-02 3.879635e+01 8.534690e-03 9.999634e-01 4.915589e-04 4.800609e+00 -1.809455e-02 -3.370593e-04 9.998362e-01 -5.352347e-01
9.997618e-01 -7.694180e-03 2.042341e-02 3.956828e+01 7.649700e-03 9.999682e-01 2.255122e-03 4.804191e+00 -2.044011e-02 -2.098352e-03 9.997889e-01 -5.318978e-01
9.998353e-01 -7.174263e-03 1.667395e-02 4.033495e+01 7.121176e-03 9.999695e-01 3.241017e-03 4.806793e+00 -1.669669e-02 -3.121745e-03 9.998558e-01 -5.491476e-01
9.998354e-01 -6.103524e-03 1.708676e-02 4.112840e+01 6.100211e-03 9.999813e-01 2.459753e-04 4.798512e+00 -1.708795e-02 -1.417019e-04 9.998540e-01 -5.555718e-01
9.998565e-01 -5.364610e-03 1.606722e-02 4.193258e+01 5.375704e-03 9.999853e-01 -6.473662e-04 4.790808e+00 -1.606352e-02 7.336459e-04 9.998707e-01 -5.709410e-01
9.998569e-01 -4.883920e-03 1.619247e-02 4.273775e+01 4.903279e-03 9.999872e-01 -1.156028e-03 4.784490e+00 -1.618662e-02 1.235259e-03 9.998682e-01 -5.862007e-01
9.998343e-01 -3.913371e-03 1.777871e-02 4.355171e+01 3.922791e-03 9.999921e-01 -4.949889e-04 4.778472e+00 -1.777663e-02 5.646490e-04 9.998418e-01 -5.947270e-01
9.998527e-01 -3.113711e-03 1.687679e-02 4.437228e+01 3.140308e-03 9.999938e-01 -1.549684e-03 4.774135e+00 -1.687186e-02 1.602454e-03 9.998564e-01 -6.121269e-01
9.998525e-01 -1.827376e-03 1.707559e-02 4.518514e+01 1.882400e-03 9.999932e-01 -3.206837e-03 4.764717e+00 -1.706961e-02 3.238507e-03 9.998491e-01 -6.202803e-01
9.998438e-01 -1.032555e-03 1.764304e-02 4.600156e+01 1.114355e-03 9.999887e-01 -4.627198e-03 4.763240e+00 -1.763807e-02 4.646135e-03 9.998336e-01 -6.324053e-01
9.998453e-01 -1.825692e-04 1.759080e-02 4.684495e+01 2.716005e-04 9.999871e-01 -5.058988e-03 4.747658e+00 -1.758965e-02 5.062983e-03 9.998325e-01 -6.395326e-01
9.998525e-01 7.236415e-04 1.716035e-02 4.766273e+01 -6.360530e-04 9.999868e-01 -5.109024e-03 4.736159e+00 -1.716382e-02 5.097355e-03 9.998397e-01 -6.560114e-01
9.998420e-01 1.750456e-03 1.768553e-02 4.849395e+01 -1.663548e-03 9.999865e-01 -4.927569e-03 4.717428e+00 -1.769391e-02 4.897370e-03 9.998314e-01 -6.623171e-01
9.998326e-01 2.723449e-03 1.809358e-02 4.933624e+01 -2.631775e-03 9.999835e-01 -5.088590e-03 4.710354e+00 -1.810714e-02 5.040120e-03 9.998233e-01 -6.688061e-01
9.998379e-01 3.324622e-03 1.769524e-02 5.017566e+01 -3.229446e-03 9.999801e-01 -5.404487e-03 4.702067e+00 -1.771285e-02 5.346464e-03 9.998288e-01 -6.852188e-01
9.998274e-01 4.119612e-03 1.811585e-02 5.101863e+01 -4.012319e-03 9.999743e-01 -5.954990e-03 4.684445e+00 -1.813991e-02 5.881276e-03 9.998181e-01 -6.915649e-01
9.998327e-01 4.601465e-03 1.770202e-02 5.186073e+01 -4.499895e-03 9.999731e-01 -5.773282e-03 4.670883e+00 -1.772811e-02 5.692659e-03 9.998266e-01 -7.034832e-01
9.998178e-01 5.083444e-03 1.840111e-02 5.271947e+01 -5.000376e-03 9.999771e-01 -4.557497e-03 4.649130e+00 -1.842386e-02 4.464655e-03 9.998203e-01 -7.114555e-01
9.998221e-01 5.847646e-03 1.793141e-02 5.357679e+01 -5.784899e-03 9.999769e-01 -3.549208e-03 4.629504e+00 -1.795175e-02 3.444845e-03 9.998329e-01 -7.242470e-01
9.998035e-01 6.587340e-03 1.869861e-02 5.443615e+01 -6.511894e-03 9.999706e-01 -4.092878e-03 4.622366e+00 -1.872502e-02 3.970310e-03 9.998168e-01 -7.330902e-01
9.998066e-01 7.357008e-03 1.824027e-02 5.529712e+01 -7.272914e-03 9.999626e-01 -4.672462e-03 4.597526e+00 -1.827396e-02 4.538898e-03 9.998227e-01 -7.445581e-01
9.997973e-01 8.115269e-03 1.842215e-02 5.616961e+01 -8.011622e-03 9.999517e-01 -5.693014e-03 4.588824e+00 -1.846747e-02 5.544269e-03 9.998141e-01 -7.589220e-01
9.998094e-01 8.761590e-03 1.744840e-02 5.702468e+01 -8.660655e-03 9.999453e-01 -5.851959e-03 4.567676e+00 -1.749871e-02 5.699729e-03 9.998307e-01 -7.687132e-01
9.997978e-01 9.166459e-03 1.789744e-02 5.790994e+01 -9.035176e-03 9.999319e-01 -7.402376e-03 4.550601e+00 -1.796407e-02 7.239173e-03 9.998124e-01 -7.667912e-01
9.997680e-01 9.975690e-03 1.909220e-02 5.877279e+01 -9.847397e-03 9.999282e-01 -6.801898e-03 4.532317e+00 -1.915869e-02 6.612312e-03 9.997946e-01 -7.929003e-01
9.997788e-01 1.060423e-02 1.816301e-02 5.966183e+01 -1.048011e-02 9.999212e-01 -6.915031e-03 4.511524e+00 -1.823491e-02 6.723150e-03 9.998111e-01 -7.905251e-01
9.997537e-01 1.136876e-02 1.906160e-02 6.054370e+01 -1.126656e-02 9.999217e-01 -5.460292e-03 4.488074e+00 -1.912218e-02 5.244189e-03 9.998034e-01 -7.962261e-01
9.997395e-01 1.192728e-02 1.945845e-02 6.143848e+01 -1.182668e-02 9.999162e-01 -5.276957e-03 4.470200e+00 -1.951976e-02 5.045454e-03 9.997967e-01 -8.174064e-01
9.997151e-01 1.264439e-02 2.024196e-02 6.234855e+01 -1.255407e-02 9.999108e-01 -4.582922e-03 4.445364e+00 -2.029810e-02 4.327497e-03 9.997846e-01 -8.113973e-01
9.997275e-01 1.258793e-02 1.965714e-02 6.324203e+01 -1.252724e-02 9.999163e-01 -3.207330e-03 4.435211e+00 -1.969587e-02 2.960206e-03 9.998016e-01 -8.370635e-01
9.996766e-01 1.324294e-02 2.170876e-02 6.414751e+01 -1.320112e-02 9.999107e-01 -2.068790e-03 4.407756e+00 -2.173422e-02 1.781541e-03 9.997622e-01 -8.422480e-01
9.997100e-01 1.343300e-02 1.998599e-02 6.507808e+01 -1.339511e-02 9.999082e-01 -2.028619e-03 4.382776e+00 -2.001140e-02 1.760316e-03 9.997982e-01 -8.578661e-01
9.996738e-01 1.418931e-02 2.123248e-02 6.600597e+01 -1.414391e-02 9.998972e-01 -2.287003e-03 4.350766e+00 -2.126275e-02 1.985947e-03 9.997720e-01 -8.746151e-01
9.996895e-01 1.456887e-02 2.021778e-02 6.694371e+01 -1.450068e-02 9.998888e-01 -3.515218e-03 4.332716e+00 -2.026674e-02 3.220955e-03 9.997894e-01 -8.727875e-01
9.996687e-01 1.545085e-02 2.058741e-02 6.787737e+01 -1.537733e-02 9.998749e-01 -3.724734e-03 4.300738e+00 -2.064238e-02 3.406921e-03 9.997811e-01 -9.019065e-01
9.996879e-01 1.545835e-02 1.962391e-02 6.882068e+01 -1.538262e-02 9.998736e-01 -4.004258e-03 4.283702e+00 -1.968333e-02 3.701141e-03 9.997994e-01 -8.987132e-01
9.996812e-01 1.605538e-02 1.948412e-02 6.977106e+01 -1.599377e-02 9.998666e-01 -3.314098e-03 4.262016e+00 -1.953473e-02 3.001417e-03 9.998047e-01 -9.216751e-01
9.996699e-01 1.664977e-02 1.956695e-02 7.073447e+01 -1.660006e-02 9.998586e-01 -2.700371e-03 4.230331e+00 -1.960915e-02 2.374667e-03 9.998049e-01 -9.254204e-01
9.996779e-01 1.715138e-02 1.870610e-02 7.168877e+01 -1.710658e-02 9.998504e-01 -2.552395e-03 4.203693e+00 -1.874708e-02 2.231575e-03 9.998218e-01 -9.413286e-01
9.996670e-01 1.800621e-02 1.848124e-02 7.266669e+01 -1.795343e-02 9.998342e-01 -3.018072e-03 4.179529e+00 -1.853253e-02 2.685266e-03 9.998246e-01 -9.558284e-01
9.996881e-01 1.827979e-02 1.701258e-02 7.362726e+01 -1.820623e-02 9.998243e-01 -4.468578e-03 4.140525e+00 -1.709127e-02 4.157450e-03 9.998453e-01 -9.666181e-01
9.996336e-01 1.891370e-02 1.936733e-02 7.461761e+01 -1.881530e-02 9.998091e-01 -5.250568e-03 4.114181e+00 -1.946294e-02 4.884241e-03 9.997987e-01 -9.810300e-01
9.996673e-01 1.936522e-02 1.703540e-02 7.561353e+01 -1.927039e-02 9.997979e-01 -5.713175e-03 4.081686e+00 -1.714260e-02 5.382996e-03 9.998386e-01 -9.887912e-01
9.996598e-01 1.994863e-02 1.680346e-02 7.661888e+01 -1.986963e-02 9.997908e-01 -4.855325e-03 4.056173e+00 -1.689680e-02 4.519795e-03 9.998470e-01 -9.988555e-01
9.996611e-01 2.025004e-02 1.635469e-02 7.760316e+01 -2.018293e-02 9.997873e-01 -4.258134e-03 4.028158e+00 -1.643744e-02 3.926606e-03 9.998572e-01 -1.009534e+00
9.996417e-01 2.115886e-02 1.639716e-02 7.862873e+01 -2.109455e-02 9.997692e-01 -4.085237e-03 3.994547e+00 -1.647981e-02 3.737882e-03 9.998572e-01 -1.024391e+00
9.996446e-01 2.155338e-02 1.568459e-02 7.962492e+01 -2.150233e-02 9.997629e-01 -3.416119e-03 3.951950e+00 -1.575450e-02 3.077650e-03 9.998711e-01 -1.027953e+00
9.995989e-01 2.277819e-02 1.683026e-02 8.065670e+01 -2.272728e-02 9.997364e-01 -3.210251e-03 3.915288e+00 -1.689895e-02 2.826457e-03 9.998532e-01 -1.048348e+00
9.995893e-01 2.356142e-02 1.631519e-02 8.167329e+01 -2.350101e-02 9.997164e-01 -3.884552e-03 3.874788e+00 -1.640208e-02 3.499533e-03 9.998593e-01 -1.057151e+00
9.995469e-01 2.417950e-02 1.792234e-02 8.271510e+01 -2.411772e-02 9.997025e-01 -3.654952e-03 3.835660e+00 -1.800538e-02 3.221051e-03 9.998327e-01 -1.075633e+00
9.995278e-01 2.517677e-02 1.761381e-02 8.374146e+01 -2.512741e-02 9.996797e-01 -3.018011e-03 3.807938e+00 -1.768415e-02 2.573997e-03 9.998403e-01 -1.085323e+00
9.994953e-01 2.587085e-02 1.843527e-02 8.479225e+01 -2.584398e-02 9.996647e-01 -1.694218e-03 3.767451e+00 -1.847292e-02 1.216922e-03 9.998286e-01 -1.103546e+00
9.994984e-01 2.628309e-02 1.766685e-02 8.584299e+01 -2.626534e-02 9.996542e-01 -1.235959e-03 3.723659e+00 -1.769323e-02 7.713131e-04 9.998432e-01 -1.110233e+00
9.994637e-01 2.710280e-02 1.837716e-02 8.690157e+01 -2.709985e-02 9.996325e-01 -4.096727e-04 3.687272e+00 -1.838151e-02 -8.856518e-05 9.998310e-01 -1.133037e+00
9.994578e-01 2.766643e-02 1.785046e-02 8.796325e+01 -2.765864e-02 9.996171e-01 -6.834009e-04 3.630667e+00 -1.786253e-02 1.893111e-04 9.998404e-01 -1.145766e+00
9.994118e-01 2.838810e-02 1.924196e-02 8.901060e+01 -2.840294e-02 9.995964e-01 4.986009e-04 3.604149e+00 -1.922004e-02 -1.044836e-03 9.998147e-01 -1.162646e+00
9.993976e-01 2.919158e-02 1.876941e-02 9.008671e+01 -2.922457e-02 9.995718e-01 1.485992e-03 3.552307e+00 -1.871799e-02 -2.033625e-03 9.998227e-01 -1.183577e+00
9.993504e-01 3.004420e-02 1.990065e-02 9.115749e+01 -3.009308e-02 9.995447e-01 2.161303e-03 3.507620e+00 -1.982666e-02 -2.758771e-03 9.997996e-01 -1.196642e+00
9.993346e-01 3.110690e-02 1.904584e-02 9.223386e+01 -3.117222e-02 9.995090e-01 3.142167e-03 3.464751e+00 -1.893875e-02 -3.733777e-03 9.998137e-01 -1.220905e+00
9.992999e-01 3.145510e-02 2.025547e-02 9.333745e+01 -3.152904e-02 9.994973e-01 3.341874e-03 3.418355e+00 -2.014017e-02 -3.978170e-03 9.997892e-01 -1.235554e+00
9.993178e-01 3.164034e-02 1.904837e-02 9.442940e+01 -3.172533e-02 9.994879e-01 4.176546e-03 3.366947e+00 -1.890646e-02 -4.778013e-03 9.998099e-01 -1.267905e+00
9.992781e-01 3.269323e-02 1.935006e-02 9.553920e+01 -3.275691e-02 9.994589e-01 2.982760e-03 3.322565e+00 -1.924208e-02 -3.614455e-03 9.998083e-01 -1.279096e+00
9.992412e-01 3.293397e-02 2.079421e-02 9.664390e+01 -3.301077e-02 9.994494e-01 3.360808e-03 3.270974e+00 -2.067207e-02 -4.044690e-03 9.997782e-01 -1.306592e+00
9.992348e-01 3.287257e-02 2.119612e-02 9.776208e+01 -3.292634e-02 9.994556e-01 2.192795e-03 3.220550e+00 -2.111250e-02 -2.889028e-03 9.997729e-01 -1.329465e+00
9.992649e-01 3.219111e-02 2.081870e-02 9.887836e+01 -3.226964e-02 9.994732e-01 3.447200e-03 3.172473e+00 -2.069676e-02 -4.116477e-03 9.997773e-01 -1.337564e+00
9.992982e-01 3.075848e-02 2.137971e-02 1.000279e+02 -3.082072e-02 9.995216e-01 2.587708e-03 3.121698e+00 -2.128988e-02 -3.244830e-03 9.997681e-01 -1.374905e+00
9.993251e-01 2.920438e-02 2.228255e-02 1.011605e+02 -2.925361e-02 9.995703e-01 1.886260e-03 3.082203e+00 -2.221789e-02 -2.536832e-03 9.997500e-01 -1.382511e+00
9.993924e-01 2.755250e-02 2.134443e-02 1.022945e+02 -2.758021e-02 9.996190e-01 1.004644e-03 3.039147e+00 -2.130862e-02 -1.592718e-03 9.997717e-01 -1.410043e+00
9.994099e-01 2.555229e-02 2.295799e-02 1.034334e+02 -2.557943e-02 9.996724e-01 8.893733e-04 2.997906e+00 -2.292775e-02 -1.476101e-03 9.997360e-01 -1.433208e+00
9.995099e-01 2.323464e-02 2.097625e-02 1.045844e+02 -2.325938e-02 9.997292e-01 9.359389e-04 2.959220e+00 -2.094882e-02 -1.423375e-03 9.997795e-01 -1.444741e+00
9.995282e-01 2.129862e-02 2.213152e-02 1.057388e+02 -2.132341e-02 9.997722e-01 8.847091e-04 2.925110e+00 -2.210764e-02 -1.356211e-03 9.997547e-01 -1.476629e+00
9.995859e-01 1.934245e-02 2.130700e-02 1.068892e+02 -1.935997e-02 9.998122e-01 6.164197e-04 2.882784e+00 -2.129108e-02 -1.028667e-03 9.997728e-01 -1.482970e+00
9.996116e-01 1.753556e-02 2.165846e-02 1.080581e+02 -1.756158e-02 9.998453e-01 1.011728e-03 2.849722e+00 -2.163736e-02 -1.391692e-03 9.997649e-01 -1.522033e+00
9.996546e-01 1.486175e-02 2.167570e-02 1.092123e+02 -1.486747e-02 9.998895e-01 1.025665e-04 2.823072e+00 -2.167178e-02 -4.247938e-04 9.997650e-01 -1.517258e+00
9.997258e-01 1.199418e-02 2.011264e-02 1.103796e+02 -1.197182e-02 9.999275e-01 -1.231995e-03 2.799840e+00 -2.012596e-02 9.908726e-04 9.997970e-01 -1.554052e+00
9.997374e-01 1.021860e-02 2.051282e-02 1.115467e+02 -1.020146e-02 9.999475e-01 -9.400769e-04 2.772849e+00 -2.052135e-02 7.305692e-04 9.997891e-01 -1.567197e+00
9.997792e-01 7.431937e-03 1.965626e-02 1.127347e+02 -7.402233e-03 9.999714e-01 -1.583529e-03 2.748135e+00 -1.966746e-02 1.437679e-03 9.998056e-01 -1.575204e+00
9.997802e-01 5.532591e-03 2.022479e-02 1.139083e+02 -5.528924e-03 9.999847e-01 -2.372007e-04 2.736532e+00 -2.022579e-02 1.253273e-04 9.997954e-01 -1.609976e+00
9.997999e-01 3.578020e-03 1.968036e-02 1.150781e+02 -3.575356e-03 9.999937e-01 -1.705567e-04 2.712087e+00 -1.968085e-02 1.001583e-04 9.998063e-01 -1.612992e+00
9.998139e-01 1.541169e-03 1.923060e-02 1.162626e+02 -1.539407e-03 9.999987e-01 -1.063968e-04 2.698606e+00 -1.923075e-02 7.677323e-05 9.998150e-01 -1.649393e+00
9.997955e-01 -2.296793e-04 2.022152e-02 1.174557e+02 2.340806e-04 9.999999e-01 -2.152869e-04 2.688544e+00 -2.022146e-02 2.199763e-04 9.997955e-01 -1.655276e+00
9.998306e-01 -9.555712e-04 1.837940e-02 1.186441e+02 9.560609e-04 9.999996e-01 -1.785602e-05 2.670086e+00 -1.837937e-02 3.542482e-05 9.998311e-01 -1.687088e+00
9.998109e-01 -2.564782e-03 1.927367e-02 1.198490e+02 2.561969e-03 9.999967e-01 1.706746e-04 2.666074e+00 -1.927404e-02 -1.212638e-04 9.998142e-01 -1.693312e+00
9.998167e-01 -4.057995e-03 1.870991e-02 1.210512e+02 4.063580e-03 9.999917e-01 -2.605043e-04 2.660187e+00 -1.870870e-02 3.364858e-04 9.998249e-01 -1.722913e+00
9.997795e-01 -4.550092e-03 2.050169e-02 1.222496e+02 4.538706e-03 9.999894e-01 6.019031e-04 2.644033e+00 -2.050421e-02 -5.087192e-04 9.997897e-01 -1.741420e+00
9.997960e-01 -5.601999e-03 1.940707e-02 1.234647e+02 5.583435e-03 9.999838e-01 1.010601e-03 2.643481e+00 -1.941242e-02 -9.020371e-04 9.998112e-01 -1.764829e+00
9.997756e-01 -6.480041e-03 2.016642e-02 1.246831e+02 6.442540e-03 9.999775e-01 1.923998e-03 2.641499e+00 -2.017843e-02 -1.793644e-03 9.997948e-01 -1.791556e+00
9.998167e-01 -6.917475e-03 1.785537e-02 1.259021e+02 6.901496e-03 9.999757e-01 9.563664e-04 2.624604e+00 -1.786155e-02 -8.329623e-04 9.998401e-01 -1.798185e+00
9.997992e-01 -8.046829e-03 1.835380e-02 1.271189e+02 8.026793e-03 9.999671e-01 1.165124e-03 2.627153e+00 -1.836257e-02 -1.017568e-03 9.998309e-01 -1.835459e+00
9.998257e-01 -8.282014e-03 1.673132e-02 1.283370e+02 8.256274e-03 9.999646e-01 1.606961e-03 2.613101e+00 -1.674403e-02 -1.468543e-03 9.998587e-01 -1.848526e+00
9.998232e-01 -9.827969e-03 1.602930e-02 1.295708e+02 9.796673e-03 9.999501e-01 2.029757e-03 2.621003e+00 -1.604845e-02 -1.872365e-03 9.998695e-01 -1.875811e+00
9.998415e-01 -1.102738e-02 1.397789e-02 1.307894e+02 1.100196e-02 9.999377e-01 1.894028e-03 2.619564e+00 -1.399790e-02 -1.739944e-03 9.999005e-01 -1.894599e+00
9.998283e-01 -1.158344e-02 1.446329e-02 1.320235e+02 1.157340e-02 9.999328e-01 7.782331e-04 2.613262e+00 -1.447133e-02 -6.107101e-04 9.998951e-01 -1.928463e+00
9.998547e-01 -1.227506e-02 1.182629e-02 1.332596e+02 1.227546e-02 9.999248e-01 3.925603e-05 2.630516e+00 -1.182588e-02 1.059228e-04 9.999301e-01 -1.930353e+00
9.998544e-01 -1.188509e-02 1.224554e-02 1.344838e+02 1.188174e-02 9.999293e-01 3.463175e-04 2.628421e+00 -1.224879e-02 -2.007687e-04 9.999250e-01 -1.967448e+00
9.998912e-01 -1.071028e-02 1.014829e-02 1.357257e+02 1.070040e-02 9.999421e-01 1.027144e-03 2.622708e+00 -1.015870e-02 -9.184410e-04 9.999480e-01 -1.981853e+00
9.998947e-01 -8.952116e-03 1.142465e-02 1.369797e+02 8.932241e-03 9.999585e-01 1.789454e-03 2.618138e+00 -1.144019e-02 -1.687218e-03 9.999331e-01 -2.000018e+00
9.999191e-01 -7.029358e-03 1.060505e-02 1.382317e+02 7.006794e-03 9.999731e-01 2.163300e-03 2.610031e+00 -1.061998e-02 -2.088817e-03 9.999414e-01 -2.024089e+00
9.999117e-01 -5.116929e-03 1.226851e-02 1.394693e+02 5.084109e-03 9.999833e-01 2.704869e-03 2.599722e+00 -1.228214e-02 -2.642255e-03 9.999211e-01 -2.052426e+00
9.999354e-01 -3.397671e-03 1.084170e-02 1.407329e+02 3.369669e-03 9.999908e-01 2.600090e-03 2.599939e+00 -1.085043e-02 -2.563390e-03 9.999378e-01 -2.068048e+00
9.999018e-01 -2.431954e-03 1.380040e-02 1.420016e+02 2.376514e-03 9.999889e-01 4.032212e-03 2.583940e+00 -1.381006e-02 -3.999020e-03 9.998966e-01 -2.101854e+00
9.999263e-01 -1.539476e-03 1.204151e-02 1.432852e+02 1.486722e-03 9.999894e-01 4.388738e-03 2.572068e+00 -1.204814e-02 -4.370512e-03 9.999179e-01 -2.120235e+00
9.998837e-01 -4.417978e-04 1.524871e-02 1.445543e+02 3.892182e-04 9.999939e-01 3.450930e-03 2.549955e+00 -1.525014e-02 -3.444593e-03 9.998778e-01 -2.153244e+00
9.999090e-01 -1.147734e-04 1.348715e-02 1.458186e+02 6.158050e-05 9.999923e-01 3.944315e-03 2.523540e+00 -1.348750e-02 -3.943125e-03 9.999012e-01 -2.171878e+00
9.998701e-01 1.601129e-03 1.603732e-02 1.470955e+02 -1.648094e-03 9.999944e-01 2.915691e-03 2.516643e+00 -1.603256e-02 -2.941743e-03 9.998671e-01 -2.205872e+00
9.998847e-01 2.127392e-03 1.503628e-02 1.483822e+02 -2.182550e-03 9.999909e-01 3.652884e-03 2.500853e+00 -1.502837e-02 -3.685280e-03 9.998803e-01 -2.229231e+00
9.998636e-01 2.846243e-03 1.627105e-02 1.496559e+02 -2.895712e-03 9.999912e-01 3.017520e-03 2.451795e+00 -1.626231e-02 -3.064224e-03 9.998631e-01 -2.249058e+00
9.998540e-01 4.973576e-03 1.634996e-02 1.509530e+02 -5.052688e-03 9.999757e-01 4.800953e-03 2.442760e+00 -1.632568e-02 -4.882862e-03 9.998548e-01 -2.287872e+00
9.998410e-01 7.044731e-03 1.638170e-02 1.522173e+02 -7.109575e-03 9.999671e-01 3.903498e-03 2.391549e+00 -1.635367e-02 -4.019345e-03 9.998582e-01 -2.297434e+00
9.998416e-01 8.475869e-03 1.565143e-02 1.535032e+02 -8.549816e-03 9.999527e-01 4.663744e-03 2.381231e+00 -1.561116e-02 -4.796821e-03 9.998666e-01 -2.344742e+00
9.998237e-01 1.005686e-02 1.585567e-02 1.547970e+02 -1.010899e-02 9.999437e-01 3.210896e-03 2.349606e+00 -1.582248e-02 -3.370614e-03 9.998691e-01 -2.359147e+00
9.998284e-01 1.100890e-02 1.490069e-02 1.560778e+02 -1.106381e-02 9.999324e-01 3.607550e-03 2.307777e+00 -1.485997e-02 -3.771789e-03 9.998825e-01 -2.388656e+00
9.998285e-01 1.244208e-02 1.371603e-02 1.573797e+02 -1.247820e-02 9.999188e-01 2.551262e-03 2.280735e+00 -1.368318e-02 -2.721976e-03 9.999027e-01 -2.411376e+00
9.997506e-01 1.386345e-02 1.751084e-02 1.586684e+02 -1.392762e-02 9.998966e-01 3.547712e-03 2.237380e+00 -1.745985e-02 -3.790712e-03 9.998404e-01 -2.437673e+00
9.997892e-01 1.405395e-02 1.496370e-02 1.599695e+02 -1.409951e-02 9.998964e-01 2.943757e-03 2.208362e+00 -1.492078e-02 -3.154117e-03 9.998837e-01 -2.465354e+00
9.997172e-01 1.537246e-02 1.814363e-02 1.612776e+02 -1.544705e-02 9.998727e-01 3.978300e-03 2.164640e+00 -1.808017e-02 -4.257441e-03 9.998275e-01 -2.488803e+00
9.997776e-01 1.500869e-02 1.481921e-02 1.625923e+02 -1.506202e-02 9.998806e-01 3.493435e-03 2.135488e+00 -1.476501e-02 -3.715865e-03 9.998841e-01 -2.516500e+00
9.997229e-01 1.487464e-02 1.824319e-02 1.638956e+02 -1.493265e-02 9.998839e-01 3.047925e-03 2.094170e+00 -1.819573e-02 -3.319500e-03 9.998289e-01 -2.555669e+00
9.997954e-01 1.449063e-02 1.411081e-02 1.652460e+02 -1.454808e-02 9.998863e-01 3.976992e-03 2.081213e+00 -1.405157e-02 -4.181464e-03 9.998925e-01 -2.568389e+00
9.997572e-01 1.445738e-02 1.662908e-02 1.665365e+02 -1.451064e-02 9.998900e-01 3.086608e-03 2.036957e+00 -1.658262e-02 -3.327158e-03 9.998569e-01 -2.614362e+00
9.998254e-01 1.411024e-02 1.225046e-02 1.678595e+02 -1.414098e-02 9.998970e-01 2.427054e-03 2.000051e+00 -1.221495e-02 -2.599864e-03 9.999220e-01 -2.632544e+00
9.998181e-01 1.330726e-02 1.366040e-02 1.691782e+02 -1.334207e-02 9.999081e-01 2.459867e-03 1.978876e+00 -1.362641e-02 -2.641678e-03 9.999037e-01 -2.657330e+00
9.998374e-01 1.276420e-02 1.273819e-02 1.705025e+02 -1.280358e-02 9.999136e-01 3.014770e-03 1.939502e+00 -1.269860e-02 -3.177375e-03 9.999143e-01 -2.673207e+00
9.998354e-01 1.181802e-02 1.376213e-02 1.718341e+02 -1.185025e-02 9.999272e-01 2.262797e-03 1.917225e+00 -1.373439e-02 -2.425510e-03 9.999027e-01 -2.711282e+00
9.998581e-01 1.158618e-02 1.222846e-02 1.731662e+02 -1.163822e-02 9.999236e-01 4.193159e-03 1.893945e+00 -1.217894e-02 -4.334881e-03 9.999164e-01 -2.724679e+00
9.998677e-01 1.117738e-02 1.181810e-02 1.744913e+02 -1.124661e-02 9.999200e-01 5.808058e-03 1.854068e+00 -1.175224e-02 -5.940203e-03 9.999133e-01 -2.768274e+00
9.998847e-01 1.090643e-02 1.056423e-02 1.758182e+02 -1.096741e-02 9.999233e-01 5.731756e-03 1.830311e+00 -1.050091e-02 -5.846958e-03 9.999278e-01 -2.794731e+00
9.999131e-01 1.067243e-02 7.738749e-03 1.771647e+02 -1.071195e-02 9.999295e-01 5.082922e-03 1.813182e+00 -7.683957e-03 -5.165378e-03 9.999571e-01 -2.819926e+00
9.999126e-01 1.052612e-02 8.001503e-03 1.785046e+02 -1.056678e-02 9.999315e-01 5.056506e-03 1.778684e+00 -7.947728e-03 -5.140614e-03 9.999552e-01 -2.860542e+00
9.999275e-01 1.065434e-02 5.608217e-03 1.798427e+02 -1.068592e-02 9.999272e-01 5.632600e-03 1.757103e+00 -5.547797e-03 -5.692121e-03 9.999684e-01 -2.885276e+00
9.999200e-01 1.075354e-02 6.662882e-03 1.812023e+02 -1.078231e-02 9.999326e-01 4.296270e-03 1.729473e+00 -6.616233e-03 -4.367768e-03 9.999686e-01 -2.907184e+00
9.999191e-01 1.047294e-02 7.227572e-03 1.825452e+02 -1.049925e-02 9.999382e-01 3.612286e-03 1.688353e+00 -7.189295e-03 -3.687877e-03 9.999673e-01 -2.939278e+00
9.999148e-01 1.035678e-02 7.941281e-03 1.838851e+02 -1.038758e-02 9.999386e-01 3.846029e-03 1.659524e+00 -7.900963e-03 -3.928192e-03 9.999611e-01 -2.969651e+00
9.998912e-01 1.224772e-02 8.220980e-03 1.852296e+02 -1.227450e-02 9.999194e-01 3.214490e-03 1.638488e+00 -8.180948e-03 -3.315049e-03 9.999610e-01 -2.996756e+00
9.998643e-01 1.306073e-02 1.003877e-02 1.865834e+02 -1.310831e-02 9.999030e-01 4.688870e-03 1.599123e+00 -9.976554e-03 -4.819825e-03 9.999386e-01 -3.024277e+00
9.998485e-01 1.447342e-02 9.663292e-03 1.879197e+02 -1.452232e-02 9.998821e-01 5.009095e-03 1.569597e+00 -9.589653e-03 -5.148670e-03 9.999408e-01 -3.060201e+00
9.998305e-01 1.592446e-02 9.242637e-03 1.892747e+02 -1.596609e-02 9.998627e-01 4.447724e-03 1.524581e+00 -9.170540e-03 -4.594539e-03 9.999474e-01 -3.090942e+00
9.997978e-01 1.753865e-02 9.836360e-03 1.906199e+02 -1.760147e-02 9.998249e-01 6.336577e-03 1.485311e+00 -9.723504e-03 -6.508430e-03 9.999316e-01 -3.116916e+00
9.997762e-01 1.948725e-02 8.231720e-03 1.919806e+02 -1.952934e-02 9.997965e-01 5.065269e-03 1.456308e+00 -8.131336e-03 -5.224896e-03 9.999533e-01 -3.155375e+00
9.997061e-01 2.181130e-02 1.057909e-02 1.933324e+02 -2.187665e-02 9.997419e-01 6.101697e-03 1.405637e+00 -1.044327e-02 -6.331339e-03 9.999254e-01 -3.191776e+00
9.996796e-01 2.365468e-02 9.014282e-03 1.946979e+02 -2.370385e-02 9.997046e-01 5.386811e-03 1.361964e+00 -8.884195e-03 -5.598757e-03 9.999449e-01 -3.208132e+00
9.995789e-01 2.601223e-02 1.286075e-02 1.960282e+02 -2.608925e-02 9.996425e-01 5.857848e-03 1.305344e+00 -1.270378e-02 -6.190909e-03 9.999002e-01 -3.260175e+00
9.995710e-01 2.725757e-02 1.072201e-02 1.974078e+02 -2.730189e-02 9.996191e-01 4.009274e-03 1.258519e+00 -1.060864e-02 -4.300286e-03 9.999345e-01 -3.261414e+00
