1.000000e+00 0.000000e+00 0.000000e+00 0.000000e+00 0.000000e+00 1.000000e+00 0.000000e+00 0.000000e+00 0.000000e+00 0.000000e+00 1.000000e+00 0.000000e+00
9.999938e-01 1.677995e-03 -3.097558e-03 8.880082e-01 -1.691360e-03 9.999893e-01 -4.317225e-03 4.014085e-02 3.090281e-03 4.322438e-03 9.999859e-01 1.224655e-02
9.999850e-01 3.949217e-03 -3.799065e-03 1.583494e+00 -3.981290e-03 9.999561e-01 -8.472029e-03 5.647975e-02 3.765441e-03 8.487027e-03 9.999569e-01 3.473189e-02
9.999348e-01 9.654266e-03 -6.100477e-03 2.607579e+00 -9.708817e-03 9.999125e-01 -8.976745e-03 2.790431e-02 6.013280e-03 9.035389e-03 9.999411e-01 3.857329e-02
9.999318e-01 1.147162e-02 -2.202827e-03 4.107098e+00 -1.149370e-02 9.998809e-01 -1.028744e-02 6.532316e-03 2.084552e-03 1.031206e-02 9.999446e-01 4.141885e-02
9.999291e-01 1.187956e-02 -8.834940e-04 5.241781e+00 -1.188410e-02 9.999152e-01 -5.328215e-03 -2.643157e-03 8.201222e-04 5.338337e-03 9.999854e-01 3.740606e-02
9.999017e-01 1.366657e-02 3.119972e-03 6.464208e+00 -1.365035e-02 9.998934e-01 -5.161617e-03 -2.176661e-02 -3.190181e-03 5.118521e-03 9.999818e-01 1.184716e-02
9.999014e-01 1.373832e-02 2.902616e-03 7.824891e+00 -1.373639e-02 9.999055e-01 -6.845338e-04 -5.357484e-02 -2.911746e-03 6.445948e-04 9.999955e-01 -4.096475e-02
9.998643e-01 1.611097e-02 3.419863e-03 9.266702e+00 -1.609261e-02 9.998562e-01 -5.329477e-03 -1.065308e-01 -3.505234e-03 5.273719e-03 9.999800e-01 -4.221037e-02
9.998530e-01 1.671628e-02 3.820434e-03 1.086961e+01 -1.671718e-02 9.998602e-01 2.028608e-04 -1.402577e-01 -3.816509e-03 -2.666978e-04 9.999927e-01 -1.090892e-01
9.998754e-01 1.577776e-02 -4.896786e-04 1.254402e+01 -1.577860e-02 9.998740e-01 -1.761319e-03 -1.804180e-01 4.618273e-04 1.768825e-03 9.999983e-01 -1.222526e-01
9.998778e-01 1.563157e-02 -1.142653e-04 1.430602e+01 -1.563162e-02 9.998777e-01 -5.109715e-04 -2.184812e-01 1.062641e-04 5.126952e-04 9.999999e-01 -1.868277e-01
9.998846e-01 1.459365e-02 -4.217793e-03 1.637719e+01 -1.461756e-02 9.998769e-01 -5.694648e-03 -2.933326e-01 4.134168e-03 5.755645e-03 9.999749e-01 -2.046112e-01
9.999242e-01 1.195592e-02 2.954765e-03 1.928798e+01 -1.194619e-02 9.999231e-01 -3.291030e-03 -3.565757e-01 -2.993885e-03 3.255483e-03 9.999902e-01 -2.451677e-01
9.999436e-01 1.026637e-02 -2.708710e-03 2.225364e+01 -1.028313e-02 9.999275e-01 -6.247513e-03 -4.230563e-01 2.644375e-03 6.275015e-03 9.999768e-01 -2.769927e-01
9.999652e-01 8.265377e-03 1.125372e-03 2.519449e+01 -8.261562e-03 9.999603e-01 -3.353852e-03 -4.594246e-01 -1.153048e-03 3.344438e-03 9.999937e-01 -3.217807e-01
9.999534e-01 7.324537e-03 -6.277571e-03 2.811453e+01 -7.357146e-03 9.999595e-01 -5.187314e-03 -5.254416e-01 6.239321e-03 5.233258e-03 9.999669e-01 -3.578647e-01
9.999837e-01 5.686337e-03 5.713453e-04 3.102257e+01 -5.686057e-03 9.999837e-01 -4.892235e-04 -5.686430e-01 -5.741179e-04 4.859667e-04 9.999997e-01 -4.148795e-01
9.999864e-01 3.057593e-03 -4.240909e-03 3.391066e+01 -3.051328e-03 9.999943e-01 1.482949e-03 -5.877714e-01 4.245418e-03 -1.469988e-03 9.999899e-01 -4.937306e-01
9.999857e-01 2.516909e-03 -4.723532e-03 3.684018e+01 -2.504929e-03 9.999936e-01 2.540394e-03 -6.168271e-01 4.729895e-03 -2.528525e-03 9.999856e-01 -5.437024e-01
9.999617e-01 1.973146e-03 -8.526578e-03 3.973549e+01 -1.952109e-03 9.999951e-01 2.474859e-03 -6.530017e-01 8.531419e-03 -2.458119e-03 9.999606e-01 -5.890633e-01
9.999806e-01 2.784048e-03 -5.570651e-03 4.261883e+01 -2.748522e-03 9.999760e-01 6.374869e-03 -6.917249e-01 5.588265e-03 -6.359435e-03 9.999642e-01 -6.731815e-01
9.999660e-01 2.373492e-03 -7.904837e-03 4.551195e+01 -2.296651e-03 9.999503e-01 9.715789e-03 -7.251845e-01 7.927503e-03 -9.697304e-03 9.999216e-01 -7.129637e-01
9.999881e-01 2.855315e-03 -3.943102e-03 4.841404e+01 -2.823385e-03 9.999635e-01 8.079740e-03 -7.645884e-01 3.966027e-03 -8.068512e-03 9.999596e-01 -8.060294e-01
9.999346e-01 3.035619e-03 -1.102478e-02 5.129373e+01 -3.002158e-03 9.999907e-01 3.050369e-03 -8.021302e-01 1.103394e-02 -3.017072e-03 9.999346e-01 -8.549351e-01
9.999373e-01 4.929128e-03 -1.005469e-02 5.418681e+01 -4.917024e-03 9.999871e-01 1.228126e-03 -8.357483e-01 1.006062e-02 -1.178610e-03 9.999487e-01 -9.138920e-01
9.998776e-01 7.154874e-03 -1.391277e-02 5.705777e+01 -7.115793e-03 9.999706e-01 2.856504e-03 -8.852855e-01 1.393280e-02 -2.757155e-03 9.998991e-01 -9.373592e-01
9.999227e-01 9.505963e-03 -8.015816e-03 5.992740e+01 -9.533953e-03 9.999485e-01 -3.460785e-03 -9.375629e-01 7.982506e-03 3.536939e-03 9.999619e-01 -1.013483e+00
9.998910e-01 1.046873e-02 -1.040685e-02 6.277393e+01 -1.043413e-02 9.999399e-01 3.373503e-03 -9.831417e-01 1.044154e-02 -3.264549e-03 9.999402e-01 -1.049362e+00
9.998775e-01 1.109361e-02 -1.104488e-02 6.567965e+01 -1.105462e-02 9.999325e-01 3.585498e-03 -1.025603e+00 1.108391e-02 -3.462962e-03 9.999326e-01 -1.115841e+00
9.999091e-01 1.007411e-02 -8.960838e-03 6.858482e+01 -1.004429e-02 9.999440e-01 3.366289e-03 -1.076590e+00 8.994249e-03 -3.275978e-03 9.999542e-01 -1.177575e+00
9.998655e-01 9.282798e-03 -1.352188e-02 7.137226e+01 -9.259412e-03 9.999557e-01 1.791045e-03 -1.134697e+00 1.353790e-02 -1.665599e-03 9.999070e-01 -1.192086e+00
9.999042e-01 8.085558e-03 -1.123902e-02 7.391691e+01 -8.041579e-03 9.999598e-01 3.952706e-03 -1.175415e+00 1.127052e-02 -3.861947e-03 9.999290e-01 -1.239951e+00
9.998907e-01 5.644130e-03 -1.366629e-02 7.585023e+01 -5.562949e-03 9.999667e-01 5.970923e-03 -1.201157e+00 1.369953e-02 -5.894245e-03 9.998888e-01 -1.267273e+00
9.998822e-01 6.912644e-03 -1.370389e-02 7.765141e+01 -6.804565e-03 9.999455e-01 7.917743e-03 -1.238189e+00 1.375787e-02 -7.823562e-03 9.998748e-01 -1.320459e+00
9.998284e-01 7.529983e-03 -1.692547e-02 7.933795e+01 -7.427072e-03 9.999536e-01 6.134930e-03 -1.287116e+00 1.697088e-02 -6.008170e-03 9.998379e-01 -1.334063e+00
9.997667e-01 6.620760e-03 -2.056022e-02 8.096571e+01 -6.490727e-03 9.999586e-01 6.384820e-03 -1.313202e+00 2.060164e-02 -6.249880e-03 9.997683e-01 -1.368547e+00
9.997594e-01 6.231704e-03 -2.103143e-02 8.253121e+01 -6.026720e-03 9.999338e-01 9.795911e-03 -1.338271e+00 2.109108e-02 -9.666803e-03 9.997308e-01 -1.386264e+00
9.996204e-01 6.981687e-03 -2.665248e-02 8.397205e+01 -6.692251e-03 9.999177e-01 1.093342e-02 -1.359230e+00 2.672662e-02 -1.075090e-02 9.995850e-01 -1.424686e+00
9.996091e-01 8.219384e-03 -2.672148e-02 8.568205e+01 -7.909859e-03 9.999006e-01 1.166854e-02 -1.394090e+00 2.681473e-02 -1.145262e-02 9.995748e-01 -1.458320e+00
9.994545e-01 7.800010e-03 -3.209061e-02 8.722177e+01 -7.360496e-03 9.998778e-01 1.379144e-02 -1.417117e+00 3.219426e-02 -1.354771e-02 9.993898e-01 -1.488977e+00
9.994544e-01 7.923366e-03 -3.206374e-02 8.893298e+01 -7.538773e-03 9.998984e-01 1.209778e-02 -1.452980e+00 3.215634e-02 -1.184946e-02 9.994126e-01 -1.522405e+00
9.991274e-01 7.838988e-03 -4.102416e-02 9.048393e+01 -7.296314e-03 9.998842e-01 1.336119e-02 -1.489711e+00 4.112414e-02 -1.305021e-02 9.990688e-01 -1.526474e+00
9.990451e-01 6.584171e-03 -4.319111e-02 9.176952e+01 -6.108426e-03 9.999194e-01 1.113763e-02 -1.517872e+00 4.326096e-02 -1.086316e-02 9.990047e-01 -1.522445e+00
9.990755e-01 5.672264e-03 -4.261510e-02 9.301814e+01 -5.069857e-03 9.998860e-01 1.423078e-02 -1.535123e+00 4.269096e-02 -1.400157e-02 9.989902e-01 -1.581486e+00
9.990457e-01 4.206863e-03 -4.347280e-02 9.422682e+01 -3.718857e-03 9.999292e-01 1.130031e-02 -1.555699e+00 4.351727e-02 -1.112786e-02 9.989907e-01 -1.568779e+00
9.986966e-01 4.203818e-03 -5.086730e-02 9.540798e+01 -3.539291e-03 9.999074e-01 1.314697e-02 -1.572930e+00 5.091785e-02 -1.294980e-02 9.986189e-01 -1.590701e+00
9.984156e-01 3.440745e-03 -5.616361e-02 9.674500e+01 -2.906539e-03 9.999498e-01 9.590527e-03 -1.587318e+00 5.619378e-02 -9.412091e-03 9.983755e-01 -1.574681e+00
9.983971e-01 4.191059e-03 -5.644273e-02 9.785381e+01 -3.498910e-03 9.999175e-01 1.235610e-02 -1.599538e+00 5.648986e-02 -1.213880e-02 9.983294e-01 -1.630427e+00
9.982011e-01 2.894229e-03 -5.988510e-02 9.890521e+01 -2.337394e-03 9.999535e-01 9.366358e-03 -1.609553e+00 5.990942e-02 -9.209534e-03 9.981613e-01 -1.615767e+00
9.979517e-01 3.654367e-03 -6.386633e-02 9.995103e+01 -2.917403e-03 9.999281e-01 1.162861e-02 -1.622356e+00 6.390424e-02 -1.141847e-02 9.978907e-01 -1.642213e+00
9.977694e-01 2.474350e-03 -6.671011e-02 1.009149e+02 -1.817643e-03 9.999492e-01 9.903088e-03 -1.634706e+00 6.673123e-02 -9.759743e-03 9.977233e-01 -1.639383e+00
9.980152e-01 2.741191e-03 -6.291356e-02 1.019332e+02 -1.998272e-03 9.999275e-01 1.186846e-02 -1.641508e+00 6.294153e-02 -1.171918e-02 9.979484e-01 -1.688636e+00
9.978641e-01 1.713680e-03 -6.530174e-02 1.028550e+02 -9.939418e-04 9.999384e-01 1.105263e-02 -1.654226e+00 6.531665e-02 -1.096412e-02 9.978043e-01 -1.701220e+00
9.978281e-01 1.782795e-03 -6.584720e-02 1.037202e+02 -9.806099e-04 9.999249e-01 1.221284e-02 -1.660552e+00 6.586402e-02 -1.212174e-02 9.977550e-01 -1.715469e+00
9.975580e-01 1.092578e-03 -6.983451e-02 1.045826e+02 -2.962765e-04 9.999349e-01 1.141204e-02 -1.668810e+00 6.984242e-02 -1.136348e-02 9.974933e-01 -1.727671e+00
9.975914e-01 1.098348e-03 -6.935468e-02 1.053550e+02 -2.613075e-04 9.999270e-01 1.207690e-02 -1.668810e+00 6.936289e-02 -1.202969e-02 9.975190e-01 -1.743170e+00
9.973573e-01 3.547014e-04 -7.265211e-02 1.061149e+02 5.328245e-04 9.999255e-01 1.219636e-02 -1.672955e+00 7.265102e-02 -1.220284e-02 9.972827e-01 -1.760492e+00
9.973680e-01 -7.460424e-05 -7.250597e-02 1.069005e+02 9.609368e-04 9.999254e-01 1.218947e-02 -1.667527e+00 7.249963e-02 -1.222706e-02 9.972935e-01 -1.790902e+00
9.973188e-01 -2.152966e-04 -7.317867e-02 1.074820e+02 1.099891e-03 9.999268e-01 1.204807e-02 -1.666089e+00 7.317073e-02 -1.209625e-02 9.972461e-01 -1.801525e+00
9.973531e-01 -3.057485e-04 -7.271011e-02 1.081390e+02 1.206418e-03 9.999232e-01 1.234354e-02 -1.658600e+00 7.270074e-02 -1.239858e-02 9.972767e-01 -1.834144e+00
9.972872e-01 3.264974e-04 -7.360888e-02 1.088829e+02 6.702358e-04 9.999083e-01 1.351583e-02 -1.659326e+00 7.360655e-02 -1.352850e-02 9.971956e-01 -1.855565e+00
9.971917e-01 2.468469e-04 -7.489117e-02 1.094219e+02 6.956303e-04 9.999210e-01 1.255828e-02 -1.661221e+00 7.488834e-02 -1.257511e-02 9.971126e-01 -1.848244e+00
9.969946e-01 3.680967e-04 -7.747116e-02 1.100660e+02 6.875101e-04 9.999073e-01 1.359869e-02 -1.653587e+00 7.746898e-02 -1.361108e-02 9.969019e-01 -1.874725e+00
9.967338e-01 2.645408e-04 -8.075634e-02 1.105359e+02 7.661757e-04 9.999187e-01 1.273203e-02 -1.652551e+00 8.075314e-02 -1.275232e-02 9.966525e-01 -1.861344e+00
9.967504e-01 1.824834e-04 -8.055262e-02 1.108997e+02 8.475126e-04 9.999185e-01 1.275225e-02 -1.650681e+00 8.054838e-02 -1.277908e-02 9.966688e-01 -1.860576e+00
9.967630e-01 3.348661e-04 -8.039577e-02 1.113510e+02 6.823875e-04 9.999201e-01 1.262527e-02 -1.644755e+00 8.039356e-02 -1.263926e-02 9.966831e-01 -1.890159e+00
9.968219e-01 5.189495e-05 -7.966266e-02 1.118160e+02 8.994789e-04 9.999287e-01 1.190660e-02 -1.634277e+00 7.965759e-02 -1.194042e-02 9.967508e-01 -1.886650e+00
9.966881e-01 4.738746e-04 -8.131832e-02 1.121793e+02 5.523911e-04 9.999204e-01 1.259739e-02 -1.632024e+00 8.131783e-02 -1.260059e-02 9.966086e-01 -1.899257e+00
9.964267e-01 5.213715e-04 -8.446027e-02 1.126150e+02 5.440167e-04 9.999205e-01 1.259057e-02 -1.633235e+00 8.446012e-02 -1.259153e-02 9.963473e-01 -1.891242e+00
9.963443e-01 6.288014e-04 -8.542633e-02 1.130096e+02 4.419862e-04 9.999217e-01 1.251514e-02 -1.629124e+00 8.542751e-02 -1.250715e-02 9.962659e-01 -1.899896e+00
9.964574e-01 1.050759e-04 -8.409910e-02 1.133761e+02 9.600352e-04 9.999200e-01 1.262441e-02 -1.616346e+00 8.409369e-02 -1.266043e-02 9.963774e-01 -1.929094e+00
9.963902e-01 6.670282e-04 -8.488888e-02 1.137276e+02 4.943047e-04 9.999064e-01 1.365887e-02 -1.616110e+00 8.489005e-02 -1.365153e-02 9.962968e-01 -1.939222e+00
9.961501e-01 9.616761e-04 -8.765801e-02 1.141210e+02 1.092897e-04 9.999254e-01 1.221193e-02 -1.616358e+00 8.766321e-02 -1.217449e-02 9.960757e-01 -1.916620e+00
9.960848e-01 1.472924e-03 -8.839042e-02 1.145624e+02 -4.308780e-04 9.999301e-01 1.180705e-02 -1.618743e+00 8.840164e-02 -1.172273e-02 9.960159e-01 -1.921438e+00
9.958671e-01 1.787279e-03 -9.080539e-02 1.149275e+02 -7.444517e-04 9.999335e-01 1.151677e-02 -1.621058e+00 9.081993e-02 -1.140157e-02 9.958020e-01 -1.935830e+00
9.960843e-01 2.383296e-03 -8.837642e-02 1.153066e+02 -1.313665e-03 9.999251e-01 1.215931e-02 -1.617447e+00 8.839878e-02 -1.199560e-02 9.960129e-01 -1.950595e+00
9.960883e-01 2.217930e-03 -8.833603e-02 1.157797e+02 -1.216142e-03 9.999346e-01 1.139286e-02 -1.620481e+00 8.835550e-02 -1.124086e-02 9.960256e-01 -1.960250e+00
9.960384e-01 2.610177e-03 -8.888520e-02 1.161904e+02 -1.499834e-03 9.999200e-01 1.255638e-02 -1.626824e+00 8.891086e-02 -1.237332e-02 9.959627e-01 -1.972741e+00
9.957477e-01 2.642644e-03 -9.208445e-02 1.166117e+02 -1.534202e-03 9.999257e-01 1.210595e-02 -1.631059e+00 9.210958e-02 -1.191319e-02 9.956776e-01 -1.968342e+00
9.957122e-01 2.756427e-03 -9.246419e-02 1.169684e+02 -1.672346e-03 9.999290e-01 1.179977e-02 -1.635394e+00 9.249015e-02 -1.159454e-02 9.956461e-01 -1.982273e+00
9.959310e-01 2.797215e-03 -9.007566e-02 1.173105e+02 -1.767899e-03 9.999322e-01 1.150499e-02 -1.632966e+00 9.010174e-02 -1.129893e-02 9.958684e-01 -1.982757e+00
9.957836e-01 3.081819e-03 -9.168206e-02 1.177843e+02 -2.031616e-03 9.999313e-01 1.154595e-02 -1.639051e+00 9.171134e-02 -1.131101e-02 9.957214e-01 -1.997849e+00
9.956712e-01 3.566537e-03 -9.287718e-02 1.181528e+02 -2.556482e-03 9.999362e-01 1.099188e-02 -1.646087e+00 9.291047e-02 -1.070686e-02 9.956169e-01 -1.989931e+00
9.958729e-01 3.616228e-03 -9.068736e-02 1.185611e+02 -2.612180e-03 9.999340e-01 1.118778e-02 -1.645612e+00 9.072183e-02 -1.090472e-02 9.958166e-01 -2.010951e+00
9.956504e-01 3.753291e-03 -9.309252e-02 1.189915e+02 -2.822026e-03 9.999447e-01 1.013326e-02 -1.655844e+00 9.312541e-02 -9.826479e-03 9.956059e-01 -2.002355e+00
9.956931e-01 3.596648e-03 -9.264104e-02 1.193644e+02 -2.695056e-03 9.999478e-01 9.855362e-03 -1.660953e+00 9.267165e-02 -9.563243e-03 9.956508e-01 -2.012417e+00
9.956155e-01 4.260414e-03 -9.344347e-02 1.197714e+02 -3.300670e-03 9.999403e-01 1.042301e-02 -1.669687e+00 9.348229e-02 -1.006888e-02 9.955700e-01 -2.020403e+00
9.953538e-01 4.302795e-03 -9.618872e-02 1.201109e+02 -3.400867e-03 9.999487e-01 9.538626e-03 -1.680459e+00 9.622482e-02 -9.167183e-03 9.953174e-01 -2.011678e+00
9.955497e-01 4.588961e-03 -9.412662e-02 1.206034e+02 -3.628455e-03 9.999394e-01 1.037301e-02 -1.684967e+00 9.416854e-02 -9.985310e-03 9.955062e-01 -2.043212e+00
9.957564e-01 4.543229e-03 -9.191595e-02 1.209989e+02 -3.599999e-03 9.999391e-01 1.042507e-02 -1.692995e+00 9.195772e-02 -1.004993e-02 9.957122e-01 -2.054275e+00
9.953778e-01 4.948024e-03 -9.590904e-02 1.213691e+02 -3.984852e-03 9.999398e-01 1.023149e-02 -1.708682e+00 9.595387e-02 -9.802017e-03 9.953375e-01 -2.048602e+00
9.955130e-01 5.336855e-03 -9.447453e-02 1.217774e+02 -4.300368e-03 9.999282e-01 1.117126e-02 -1.720520e+00 9.452739e-02 -1.071486e-02 9.954646e-01 -2.061390e+00
9.951153e-01 5.553730e-03 -9.856308e-02 1.220148e+02 -4.583933e-03 9.999390e-01 1.006309e-02 -1.727790e+00 9.861293e-02 -9.562126e-03 9.950799e-01 -2.055803e+00
9.954819e-01 5.678520e-03 -9.478144e-02 1.221775e+02 -4.643034e-03 9.999272e-01 1.114195e-02 -1.738573e+00 9.483781e-02 -1.065154e-02 9.954358e-01 -2.068281e+00
9.953365e-01 5.607875e-03 -9.630095e-02 1.225716e+02 -4.597206e-03 9.999321e-01 1.071357e-02 -1.750731e+00 9.635449e-02 -1.022089e-02 9.952946e-01 -2.082071e+00
9.955441e-01 6.140945e-03 -9.409719e-02 1.228553e+02 -5.084364e-03 9.999213e-01 1.146425e-02 -1.761058e+00 9.416019e-02 -1.093474e-02 9.954970e-01 -2.096202e+00
9.953815e-01 5.330278e-03 -9.585041e-02 1.230126e+02 -4.345227e-03 9.999356e-01 1.048275e-02 -1.768898e+00 9.590012e-02 -1.001784e-02 9.953405e-01 -2.080202e+00
9.953967e-01 5.306806e-03 -9.569285e-02 1.233852e+02 -4.325854e-03 9.999359e-01 1.045560e-02 -1.778653e+00 9.574220e-02 -9.993517e-03 9.953560e-01 -2.100707e+00
9.952591e-01 4.654354e-03 -9.714755e-02 1.237299e+02 -3.673294e-03 9.999405e-01 1.027506e-02 -1.787926e+00 9.718958e-02 -9.869498e-03 9.952170e-01 -2.094322e+00
9.952953e-01 4.562741e-03 -9.678014e-02 1.241260e+02 -3.581698e-03 9.999404e-01 1.030813e-02 -1.797555e+00 9.682141e-02 -9.912997e-03 9.952524e-01 -2.112426e+00
9.952211e-01 4.369760e-03 -9.754957e-02 1.245756e+02 -3.267715e-03 9.999292e-01 1.145420e-02 -1.801306e+00 9.759270e-02 -1.108069e-02 9.951648e-01 -2.127170e+00
9.951389e-01 4.503657e-03 -9.837776e-02 1.249210e+02 -3.450219e-03 9.999349e-01 1.087559e-02 -1.813003e+00 9.842034e-02 -1.048330e-02 9.950897e-01 -2.116858e+00
9.946083e-01 5.028748e-03 -1.035815e-01 1.252245e+02 -4.030957e-03 9.999435e-01 9.839987e-03 -1.825021e+00 1.036251e-01 -9.369399e-03 9.945723e-01 -2.106104e+00
9.948697e-01 5.075724e-03 -1.010369e-01 1.254549e+02 -3.936198e-03 9.999263e-01 1.147449e-02 -1.835436e+00 1.010877e-01 -1.101792e-02 9.948165e-01 -2.127033e+00
9.947641e-01 5.003200e-03 -1.020755e-01 1.257128e+02 -3.946303e-03 9.999365e-01 1.055339e-02 -1.847907e+00 1.021218e-01 -1.009531e-02 9.947207e-01 -2.121206e+00
9.946917e-01 5.256057e-03 -1.027661e-01 1.258521e+02 -4.185359e-03 9.999347e-01 1.063165e-02 -1.863582e+00 1.028153e-01 -1.014510e-02 9.946488e-01 -2.122686e+00
9.947160e-01 5.284860e-03 -1.025285e-01 1.260537e+02 -4.292370e-03 9.999419e-01 9.898354e-03 -1.874674e+00 1.025749e-01 -9.405962e-03 9.946808e-01 -2.130301e+00
9.949049e-01 5.604726e-03 -1.006620e-01 1.262136e+02 -4.552562e-03 9.999325e-01 1.067913e-02 -1.890022e+00 1.007150e-01 -1.016644e-02 9.948634e-01 -2.146292e+00
9.947038e-01 5.664908e-03 -1.026268e-01 1.265208e+02 -4.614726e-03 9.999346e-01 1.046756e-02 -1.903225e+00 1.026794e-01 -9.938524e-03 9.946648e-01 -2.139345e+00
9.947472e-01 5.589991e-03 -1.022092e-01 1.266524e+02 -4.508820e-03 9.999316e-01 1.080600e-02 -1.909838e+00 1.022626e-01 -1.028839e-02 9.947042e-01 -2.153306e+00
9.947720e-01 5.811353e-03 -1.019553e-01 1.267863e+02 -4.631435e-03 9.999197e-01 1.180581e-02 -1.920235e+00 1.020157e-01 -1.127189e-02 9.947189e-01 -2.157035e+00
9.945539e-01 5.508882e-03 -1.040779e-01 1.269046e+02 -4.367557e-03 9.999279e-01 1.119078e-02 -1.931075e+00 1.041321e-01 -1.067526e-02 9.945062e-01 -2.146956e+00
9.945564e-01 5.782912e-03 -1.040389e-01 1.270332e+02 -4.571529e-03 9.999191e-01 1.187825e-02 -1.946117e+00 1.040992e-01 -1.133798e-02 9.945023e-01 -2.150769e+00
9.943296e-01 5.160480e-03 -1.062171e-01 1.273244e+02 -3.894025e-03 9.999189e-01 1.212721e-02 -1.950458e+00 1.062711e-01 -1.164483e-02 9.942690e-01 -2.163607e+00
9.944137e-01 5.561065e-03 -1.054066e-01 1.274994e+02 -4.229404e-03 9.999086e-01 1.285288e-02 -1.956974e+00 1.054685e-01 -1.233527e-02 9.943461e-01 -2.172364e+00
9.945101e-01 4.803614e-03 -1.045305e-01 1.277413e+02 -3.455694e-03 9.999087e-01 1.307228e-02 -1.958564e+00 1.045838e-01 -1.263929e-02 9.944358e-01 -2.187384e+00
9.944361e-01 5.445900e-03 -1.052003e-01 1.278320e+02 -4.072038e-03 9.999037e-01 1.326987e-02 -1.969308e+00 1.052625e-01 -1.276766e-02 9.943625e-01 -2.193660e+00
9.945850e-01 4.700867e-03 -1.038201e-01 1.280394e+02 -3.390274e-03 9.999125e-01 1.279655e-02 -1.968029e+00 1.038711e-01 -1.237528e-02 9.945138e-01 -2.208260e+00
9.944834e-01 5.094694e-03 -1.047705e-01 1.280895e+02 -3.803980e-03 9.999145e-01 1.251559e-02 -1.974829e+00 1.048253e-01 -1.204800e-02 9.944177e-01 -2.206852e+00
9.946793e-01 4.362537e-03 -1.029269e-01 1.281745e+02 -3.189305e-03 9.999281e-01 1.156051e-02 -1.977863e+00 1.029699e-01 -1.117074e-02 9.946218e-01 -2.210937e+00
9.947897e-01 4.184616e-03 -1.018628e-01 1.281853e+02 -3.016834e-03 9.999280e-01 1.161562e-02 -1.979872e+00 1.019040e-01 -1.124780e-02 9.947307e-01 -2.212958e+00
9.944856e-01 3.830752e-03 -1.048035e-01 1.281996e+02 -2.622085e-03 9.999285e-01 1.166805e-02 -1.986379e+00 1.048407e-01 -1.132890e-02 9.944245e-01 -2.204527e+00
9.945577e-01 3.753650e-03 -1.041194e-01 1.282034e+02 -2.558080e-03 9.999293e-01 1.161386e-02 -1.993055e+00 1.041556e-01 -1.128431e-02 9.944970e-01 -2.201726e+00
9.944806e-01 3.103294e-03 -1.048750e-01 1.282080e+02 -1.967093e-03 9.999382e-01 1.093555e-02 -1.995908e+00 1.049025e-01 -1.066890e-02 9.944253e-01 -2.202163e+00
9.945924e-01 2.577812e-03 -1.038231e-01 1.282046e+02 -1.496451e-03 9.999439e-01 1.049196e-02 -1.992511e+00 1.038443e-01 -1.027986e-02 9.945405e-01 -2.204414e+00
9.944987e-01 2.134930e-03 -1.047268e-01 1.281986e+02 -1.068132e-03 9.999470e-01 1.024151e-02 -1.996766e+00 1.047431e-01 -1.007331e-02 9.944483e-01 -2.191447e+00
9.945341e-01 1.387320e-03 -1.044031e-01 1.281794e+02 -3.094460e-04 9.999464e-01 1.033964e-02 -1.992537e+00 1.044119e-01 -1.025082e-02 9.944813e-01 -2.196863e+00
9.944131e-01 1.021069e-03 -1.055538e-01 1.281719e+02 1.228601e-04 9.999412e-01 1.083033e-02 -1.987307e+00 1.055587e-01 -1.078278e-02 9.943546e-01 -2.192514e+00
9.945200e-01 1.774573e-04 -1.045461e-01 1.281846e+02 8.659589e-04 9.999503e-01 9.934964e-03 -1.977076e+00 1.045427e-01 -9.971052e-03 9.944704e-01 -2.197258e+00
9.946759e-01 -4.599226e-05 -1.030526e-01 1.281680e+02 1.036810e-03 9.999539e-01 9.561135e-03 -1.968344e+00 1.030474e-01 -9.617075e-03 9.946300e-01 -2.202323e+00
9.948032e-01 -4.555529e-04 -1.018158e-01 1.281869e+02 1.489219e-03 9.999481e-01 1.007654e-02 -1.958162e+00 1.018059e-01 -1.017580e-02 9.947522e-01 -2.203625e+00
9.947863e-01 -8.672690e-04 -1.019784e-01 1.281702e+02 1.897921e-03 9.999481e-01 1.000998e-02 -1.948784e+00 1.019644e-01 -1.015134e-02 9.947363e-01 -2.207206e+00
9.946893e-01 -8.491356e-04 -1.029202e-01 1.281485e+02 1.815052e-03 9.999552e-01 9.291814e-03 -1.943227e+00 1.029077e-01 -9.429273e-03 9.946462e-01 -2.200484e+00
9.947286e-01 -1.198205e-03 -1.025363e-01 1.281685e+02 2.113104e-03 9.999591e-01 8.814530e-03 -1.930014e+00 1.025215e-01 -8.984735e-03 9.946902e-01 -2.197904e+00
9.947326e-01 -1.168170e-03 -1.024974e-01 1.281624e+02 2.114139e-03 9.999563e-01 9.121058e-03 -1.917653e+00 1.024823e-01 -9.289707e-03 9.946914e-01 -2.199464e+00
9.946522e-01 -7.566576e-04 -1.032791e-01 1.281892e+02 1.656406e-03 9.999613e-01 8.626331e-03 -1.910131e+00 1.032686e-01 -8.751269e-03 9.946150e-01 -2.185630e+00
9.945787e-01 -6.486314e-04 -1.039850e-01 1.281591e+02 1.511751e-03 9.999652e-01 8.221827e-03 -1.894978e+00 1.039760e-01 -8.334454e-03 9.945449e-01 -2.187266e+00
9.944801e-01 -4.910678e-04 -1.049238e-01 1.281863e+02 1.446302e-03 9.999580e-01 9.028191e-03 -1.881880e+00 1.049149e-01 -9.130107e-03 9.944393e-01 -2.189786e+00
9.944511e-01 -2.963069e-04 -1.051996e-01 1.281352e+02 1.193207e-03 9.999635e-01 8.462866e-03 -1.868503e+00 1.051933e-01 -8.541430e-03 9.944151e-01 -2.186042e+00
9.944794e-01 2.208041e-04 -1.049313e-01 1.281559e+02 8.423217e-04 9.999487e-01 1.008721e-02 -1.861354e+00 1.049282e-01 -1.011991e-02 9.944283e-01 -2.191662e+00
9.943581e-01 9.712705e-06 -1.060749e-01 1.281550e+02 9.787933e-04 9.999566e-01 9.266879e-03 -1.851734e+00 1.060704e-01 -9.318423e-03 9.943150e-01 -2.188792e+00
9.940680e-01 7.453431e-04 -1.087578e-01 1.281714e+02 2.782185e-04 9.999558e-01 9.395907e-03 -1.850615e+00 1.087600e-01 -9.370429e-03 9.940239e-01 -2.165239e+00
9.942368e-01 1.082643e-03 -1.072010e-01 1.281667e+02 -6.164756e-05 9.999546e-01 9.526984e-03 -1.846523e+00 1.072064e-01 -9.465470e-03 9.941917e-01 -2.178521e+00
9.944155e-01 1.475555e-03 -1.055258e-01 1.281691e+02 -4.470444e-04 9.999521e-01 9.769522e-03 -1.841310e+00 1.055352e-01 -9.667790e-03 9.943686e-01 -2.191641e+00
9.944542e-01 1.697605e-03 -1.051568e-01 1.281558e+02 -6.805492e-04 9.999527e-01 9.706928e-03 -1.836391e+00 1.051683e-01 -9.581531e-03 9.944082e-01 -2.185136e+00
9.946132e-01 2.112784e-03 -1.036349e-01 1.281965e+02 -1.206441e-03 9.999605e-01 8.807451e-03 -1.830736e+00 1.036494e-01 -8.634977e-03 9.945764e-01 -2.193218e+00
9.945661e-01 2.592700e-03 -1.040751e-01 1.281960e+02 -1.691343e-03 9.999603e-01 8.747955e-03 -1.826867e+00 1.040937e-01 -8.524393e-03 9.945310e-01 -2.185555e+00
9.942809e-01 2.511188e-03 -1.067666e-01 1.281687e+02 -1.631562e-03 9.999640e-01 8.325324e-03 -1.824835e+00 1.067837e-01 -8.103515e-03 9.942492e-01 -2.174569e+00
9.943990e-01 2.834965e-03 -1.056537e-01 1.281844e+02 -1.981531e-03 9.999645e-01 8.181750e-03 -1.824890e+00 1.056731e-01 -7.926567e-03 9.943693e-01 -2.181413e+00
9.943743e-01 3.100902e-03 -1.058776e-01 1.281437e+02 -2.286656e-03 9.999670e-01 7.810978e-03 -1.827667e+00 1.058983e-01 -7.524930e-03 9.943485e-01 -2.167398e+00
9.944386e-01 3.215270e-03 -1.052691e-01 1.281370e+02 -2.323719e-03 9.999603e-01 8.590815e-03 -1.824882e+00 1.052926e-01 -8.298422e-03 9.944066e-01 -2.179299e+00
9.945360e-01 3.225649e-03 -1.043448e-01 1.281506e+02 -2.255203e-03 9.999530e-01 9.417021e-03 -1.826060e+00 1.043702e-01 -9.130248e-03 9.944966e-01 -2.182882e+00
9.945843e-01 3.392222e-03 -1.038773e-01 1.281888e+02 -2.351135e-03 9.999456e-01 1.014308e-02 -1.825009e+00 1.039061e-01 -9.843918e-03 9.945384e-01 -2.182517e+00
9.940382e-01 3.088456e-03 -1.089882e-01 1.281724e+02 -2.349374e-03 9.999735e-01 6.909059e-03 -1.826733e+00 1.090067e-01 -6.611815e-03 9.940190e-01 -2.175644e+00
9.945321e-01 4.417324e-03 -1.043377e-01 1.281896e+02 -3.326220e-03 9.999379e-01 1.062910e-02 -1.831001e+00 1.043782e-01 -1.022394e-02 9.944851e-01 -2.193332e+00
9.940236e-01 3.635037e-03 -1.091045e-01 1.281628e+02 -2.783494e-03 9.999645e-01 7.956131e-03 -1.837232e+00 1.091296e-01 -7.604891e-03 9.939985e-01 -2.152576e+00
9.943491e-01 3.441969e-03 -1.061035e-01 1.281832e+02 -2.753345e-03 9.999744e-01 6.635910e-03 -1.835920e+00 1.061236e-01 -6.306272e-03 9.943330e-01 -2.179433e+00
9.945800e-01 3.976189e-03 -1.038983e-01 1.281959e+02 -3.009984e-03 9.999506e-01 9.454659e-03 -1.840287e+00 1.039308e-01 -9.090682e-03 9.945430e-01 -2.179226e+00
9.942816e-01 3.305564e-03 -1.067387e-01 1.281826e+02 -2.465317e-03 9.999648e-01 8.002994e-03 -1.842305e+00 1.067614e-01 -7.694085e-03 9.942549e-01 -2.168842e+00
9.946297e-01 3.492425e-03 -1.034383e-01 1.281835e+02 -2.547940e-03 9.999540e-01 9.261642e-03 -1.844047e+00 1.034658e-01 -8.948350e-03 9.945928e-01 -2.185941e+00
9.944123e-01 2.910037e-03 -1.055259e-01 1.281884e+02 -1.977211e-03 9.999579e-01 8.943324e-03 -1.842746e+00 1.055475e-01 -8.684705e-03 9.943764e-01 -2.186502e+00
9.946545e-01 3.319946e-03 -1.032060e-01 1.281853e+02 -2.333481e-03 9.999505e-01 9.677488e-03 -1.845496e+00 1.032330e-01 -9.384928e-03 9.946129e-01 -2.204294e+00
9.944004e-01 3.589536e-03 -1.056171e-01 1.281595e+02 -2.606036e-03 9.999521e-01 9.448474e-03 -1.855491e+00 1.056459e-01 -9.120325e-03 9.943620e-01 -2.175479e+00
9.944058e-01 3.614778e-03 -1.055655e-01 1.281921e+02 -2.618788e-03 9.999506e-01 9.571902e-03 -1.855235e+00 1.055949e-01 -9.241900e-03 9.943663e-01 -2.190509e+00
9.944900e-01 3.600024e-03 -1.047694e-01 1.281926e+02 -2.601801e-03 9.999498e-01 9.662916e-03 -1.857601e+00 1.047990e-01 -9.337083e-03 9.944496e-01 -2.191014e+00
9.942017e-01 3.527244e-03 -1.074734e-01 1.281741e+02 -2.581881e-03 9.999568e-01 8.934122e-03 -1.861483e+00 1.075003e-01 -8.604836e-03 9.941678e-01 -2.185161e+00
9.943325e-01 3.425097e-03 -1.062599e-01 1.281746e+02 -2.500225e-03 9.999578e-01 8.835864e-03 -1.862807e+00 1.062857e-01 -8.520112e-03 9.942991e-01 -2.182994e+00
9.943444e-01 3.328285e-03 -1.061517e-01 1.281605e+02 -2.394691e-03 9.999573e-01 8.921153e-03 -1.864928e+00 1.061769e-01 -8.616499e-03 9.943099e-01 -2.184104e+00
9.941823e-01 3.620547e-03 -1.076499e-01 1.281973e+02 -2.654689e-03 9.999548e-01 9.114166e-03 -1.870719e+00 1.076780e-01 -8.775366e-03 9.941471e-01 -2.170316e+00
9.946801e-01 2.952165e-03 -1.029695e-01 1.281738e+02 -1.915468e-03 9.999465e-01 1.016541e-02 -1.861800e+00 1.029940e-01 -9.914100e-03 9.946325e-01 -2.189108e+00
9.942269e-01 3.347332e-03 -1.072458e-01 1.281400e+02 -2.305871e-03 9.999491e-01 9.833511e-03 -1.863646e+00 1.072732e-01 -9.529445e-03 9.941839e-01 -2.196863e+00
9.943038e-01 3.365852e-03 -1.065300e-01 1.281760e+02 -2.435761e-03 9.999579e-01 8.859698e-03 -1.862693e+00 1.065553e-01 -8.549750e-03 9.942700e-01 -2.181987e+00
9.943663e-01 3.278427e-03 -1.059472e-01 1.281647e+02 -2.303318e-03 9.999540e-01 9.324776e-03 -1.862714e+00 1.059729e-01 -9.028213e-03 9.943280e-01 -2.197092e+00
9.943362e-01 3.823121e-03 -1.062116e-01 1.281850e+02 -2.853134e-03 9.999529e-01 9.283040e-03 -1.869241e+00 1.062421e-01 -8.927427e-03 9.943002e-01 -2.188865e+00
9.942442e-01 3.591714e-03 -1.070770e-01 1.281840e+02 -2.693512e-03 9.999599e-01 8.531818e-03 -1.870488e+00 1.071034e-01 -8.194298e-03 9.942141e-01 -2.183018e+00
9.944019e-01 4.291886e-03 -1.055768e-01 1.281864e+02 -3.304775e-03 9.999491e-01 9.522859e-03 -1.872660e+00 1.056123e-01 -9.120641e-03 9.943656e-01 -2.201517e+00
9.943591e-01 4.027524e-03 -1.059895e-01 1.281828e+02 -3.155303e-03 9.999598e-01 8.395718e-03 -1.879657e+00 1.060190e-01 -8.013930e-03 9.943318e-01 -2.191064e+00
9.946700e-01 4.399877e-03 -1.030157e-01 1.282033e+02 -3.490840e-03 9.999533e-01 9.002874e-03 -1.879251e+00 1.030505e-01 -8.595277e-03 9.946390e-01 -2.207067e+00
9.945478e-01 4.190023e-03 -1.041976e-01 1.282150e+02 -3.319646e-03 9.999582e-01 8.525156e-03 -1.885357e+00 1.042290e-01 -8.132775e-03 9.945201e-01 -2.203943e+00
9.946142e-01 4.389540e-03 -1.035535e-01 1.282060e+02 -3.548102e-03 9.999592e-01 8.308447e-03 -1.890443e+00 1.035857e-01 -7.896281e-03 9.945892e-01 -2.199904e+00
9.944256e-01 4.565804e-03 -1.053416e-01 1.282080e+02 -3.769944e-03 9.999629e-01 7.752928e-03 -1.897536e+00 1.053731e-01 -7.312579e-03 9.944059e-01 -2.188924e+00
9.946125e-01 4.554532e-03 -1.035630e-01 1.281960e+02 -3.741918e-03 9.999608e-01 8.039496e-03 -1.896765e+00 1.035956e-01 -7.608659e-03 9.945904e-01 -2.205070e+00
9.945726e-01 4.833751e-03 -1.039324e-01 1.282098e+02 -3.899026e-03 9.999501e-01 9.194874e-03 -1.900022e+00 1.039717e-01 -8.739735e-03 9.945419e-01 -2.210153e+00
9.945905e-01 4.469911e-03 -1.037779e-01 1.282249e+02 -3.640648e-03 9.999599e-01 8.178797e-03 -1.904241e+00 1.038103e-01 -7.756734e-03 9.945669e-01 -2.204191e+00
9.948296e-01 4.344965e-03 -1.014653e-01 1.282133e+02 -3.501045e-03 9.999578e-01 8.493918e-03 -1.903650e+00 1.014979e-01 -8.094766e-03 9.948028e-01 -2.211318e+00
9.944047e-01 4.044975e-03 -1.055599e-01 1.282187e+02 -3.316512e-03 9.999696e-01 7.075567e-03 -1.908041e+00 1.055853e-01 -6.685887e-03 9.943877e-01 -2.195491e+00
9.947246e-01 3.638210e-03 -1.025174e-01 1.281928e+02 -2.876121e-03 9.999672e-01 7.580587e-03 -1.900457e+00 1.025416e-01 -7.245744e-03 9.947023e-01 -2.205685e+00
9.946162e-01 3.357742e-03 -1.035734e-01 1.281874e+02 -2.519957e-03 9.999630e-01 8.218600e-03 -1.900461e+00 1.035971e-01 -7.913352e-03 9.945878e-01 -2.204923e+00
9.945369e-01 3.273644e-03 -1.043342e-01 1.281764e+02 -2.480450e-03 9.999670e-01 7.731277e-03 -1.901603e+00 1.043561e-01 -7.430244e-03 9.945123e-01 -2.196759e+00
9.944757e-01 3.240787e-03 -1.049173e-01 1.282103e+02 -2.427301e-03 9.999659e-01 7.880352e-03 -1.901308e+00 1.049393e-01 -7.582153e-03 9.944497e-01 -2.203938e+00
9.944038e-01 3.378259e-03 -1.055914e-01 1.281855e+02 -2.641171e-03 9.999713e-01 7.119626e-03 -1.909865e+00 1.056124e-01 -6.800898e-03 9.943841e-01 -2.190619e+00
9.941846e-01 3.450331e-03 -1.076337e-01 1.281964e+02 -2.633212e-03 9.999666e-01 7.732871e-03 -1.908408e+00 1.076567e-01 -7.404480e-03 9.941605e-01 -2.197945e+00
9.944158e-01 3.285487e-03 -1.054820e-01 1.281912e+02 -2.472617e-03 9.999661e-01 7.836091e-03 -1.908038e+00 1.055042e-01 -7.531516e-03 9.943903e-01 -2.211706e+00
9.944470e-01 3.544465e-03 -1.051791e-01 1.281772e+02 -2.741252e-03 9.999661e-01 7.780205e-03 -1.911210e+00 1.052031e-01 -7.448680e-03 9.944229e-01 -2.206283e+00
9.944657e-01 3.448388e-03 -1.050053e-01 1.281911e+02 -2.742137e-03 9.999727e-01 6.869490e-03 -1.914231e+00 1.050261e-01 -6.543533e-03 9.944479e-01 -2.200068e+00
9.944913e-01 3.161772e-03 -1.047714e-01 1.281808e+02 -2.474102e-03 9.999746e-01 6.692847e-03 -1.910888e+00 1.047899e-01 -6.396763e-03 9.944738e-01 -2.195778e+00
9.948209e-01 2.733207e-03 -1.016067e-01 1.281777e+02 -2.030148e-03 9.999733e-01 7.022182e-03 -1.911303e+00 1.016232e-01 -6.779537e-03 9.947999e-01 -2.204213e+00
9.946512e-01 3.161916e-03 -1.032426e-01 1.281895e+02 -2.423994e-03 9.999704e-01 7.272135e-03 -1.912373e+00 1.032625e-01 -6.982978e-03 9.946296e-01 -2.191179e+00
9.943604e-01 3.143315e-03 -1.060071e-01 1.282009e+02 -2.334188e-03 9.999672e-01 7.755959e-03 -1.906874e+00 1.060280e-01 -7.464779e-03 9.943351e-01 -2.191845e+00
9.945887e-01 2.869725e-03 -1.038510e-01 1.281817e+02 -2.078818e-03 9.999681e-01 7.723215e-03 -1.900210e+00 1.038699e-01 -7.465535e-03 9.945629e-01 -2.186717e+00
9.943278e-01 3.051306e-03 -1.063151e-01 1.281836e+02 -2.234606e-03 9.999671e-01 7.800166e-03 -1.897154e+00 1.063354e-01 -7.518349e-03 9.943019e-01 -2.178836e+00
9.942546e-01 2.775311e-03 -1.070045e-01 1.281597e+02 -2.052857e-03 9.999745e-01 6.861185e-03 -1.891858e+00 1.070208e-01 -6.602100e-03 9.942349e-01 -2.187443e+00
9.940686e-01 3.254589e-03 -1.087059e-01 1.281526e+02 -2.481916e-03 9.999707e-01 7.242469e-03 -1.892327e+00 1.087263e-01 -6.929712e-03 9.940476e-01 -2.172077e+00
9.941100e-01 2.663503e-03 -1.083432e-01 1.281235e+02 -1.963304e-03 9.999766e-01 6.568940e-03 -1.887357e+00 1.083582e-01 -6.317538e-03 9.940919e-01 -2.175596e+00
9.940660e-01 2.760066e-03 -1.087435e-01 1.281485e+02 -2.022680e-03 9.999741e-01 6.890688e-03 -1.878820e+00 1.087598e-01 -6.629845e-03 9.940460e-01 -2.179299e+00
9.937215e-01 2.454217e-03 -1.118550e-01 1.281653e+02 -1.789979e-03 9.999803e-01 6.038414e-03 -1.876265e+00 1.118676e-01 -5.800284e-03 9.937062e-01 -2.160376e+00
9.939458e-01 2.731827e-03 -1.098370e-01 1.281546e+02 -2.076654e-03 9.999793e-01 6.078904e-03 -1.869632e+00 1.098513e-01 -5.814008e-03 9.939311e-01 -2.168348e+00
9.937578e-01 2.631929e-03 -1.115284e-01 1.281783e+02 -1.895160e-03 9.999756e-01 6.711616e-03 -1.865524e+00 1.115434e-01 -6.458356e-03 9.937386e-01 -2.177337e+00
9.938765e-01 2.623346e-03 -1.104656e-01 1.281840e+02 -1.996783e-03 9.999813e-01 5.782267e-03 -1.864327e+00 1.104787e-01 -5.526283e-03 9.938631e-01 -2.169488e+00
9.935908e-01 3.167945e-03 -1.129926e-01 1.281763e+02 -2.365513e-03 9.999710e-01 7.234996e-03 -1.864674e+00 1.130122e-01 -6.921339e-03 9.935695e-01 -2.172575e+00
9.936286e-01 2.599780e-03 -1.126744e-01 1.281580e+02 -1.995513e-03 9.999831e-01 5.475391e-03 -1.863308e+00 1.126867e-01 -5.215662e-03 9.936169e-01 -2.154583e+00
9.936228e-01 2.932237e-03 -1.127174e-01 1.281768e+02 -2.203985e-03 9.999758e-01 6.584933e-03 -1.858659e+00 1.127340e-01 -6.294512e-03 9.936053e-01 -2.172648e+00
9.936365e-01 2.620573e-03 -1.126039e-01 1.281997e+02 -1.991292e-03 9.999819e-01 5.700558e-03 -1.859380e+00 1.126168e-01 -5.440055e-03 9.936236e-01 -2.156766e+00
9.934021e-01 2.579944e-03 -1.146540e-01 1.281714e+02 -1.805800e-03 9.999748e-01 6.855351e-03 -1.852476e+00 1.146688e-01 -6.603078e-03 9.933819e-01 -2.174173e+00
9.934350e-01 1.561234e-03 -1.143869e-01 1.282070e+02 -8.885772e-04 9.999821e-01 5.931299e-03 -1.849418e+00 1.143941e-01 -5.790719e-03 9.934186e-01 -2.164387e+00
9.934005e-01 7.815362e-04 -1.146943e-01 1.281546e+02 -3.167108e-05 9.999785e-01 6.539624e-03 -1.842563e+00 1.146969e-01 -6.492834e-03 9.933793e-01 -2.170943e+00
9.933294e-01 -3.752887e-04 -1.153109e-01 1.281686e+02 9.483863e-04 9.999874e-01 4.915199e-03 -1.838290e+00 1.153076e-01 -4.991771e-03 9.933173e-01 -2.172806e+00
9.935909e-01 -9.291394e-04 -1.130324e-01 1.281977e+02 1.620476e-03 9.999804e-01 6.024542e-03 -1.832065e+00 1.130246e-01 -6.169097e-03 9.935730e-01 -2.180117e+00
9.932982e-01 -2.726804e-03 -1.155473e-01 1.281685e+02 3.156185e-03 9.999887e-01 3.533262e-03 -1.834285e+00 1.155364e-01 -3.874272e-03 9.932957e-01 -2.148533e+00
9.934227e-01 -3.518495e-03 -1.144504e-01 1.281120e+02 4.050622e-03 9.999821e-01 4.417181e-03 -1.823331e+00 1.144328e-01 -4.851723e-03 9.934192e-01 -2.159712e+00
9.931292e-01 -5.388539e-03 -1.168987e-01 1.281160e+02 5.777182e-03 9.999789e-01 2.986030e-03 -1.813883e+00 1.168802e-01 -3.640859e-03 9.931393e-01 -2.138002e+00
9.933570e-01 -6.010925e-03 -1.149162e-01 1.281271e+02 6.483261e-03 9.999720e-01 3.736937e-03 -1.803682e+00 1.148905e-01 -4.457145e-03 9.933681e-01 -2.146319e+00
9.934992e-01 -7.121593e-03 -1.136166e-01 1.281495e+02 7.600583e-03 9.999640e-01 3.783221e-03 -1.787840e+00 1.135855e-01 -4.622179e-03 9.935175e-01 -2.136904e+00
9.936470e-01 -7.906348e-03 -1.122640e-01 1.280703e+02 8.549760e-03 9.999496e-01 5.250954e-03 -1.771464e+00 1.122169e-01 -6.177425e-03 9.936646e-01 -2.147613e+00
9.931997e-01 -8.239493e-03 -1.161314e-01 1.279948e+02 8.763438e-03 9.999535e-01 4.001790e-03 -1.754641e+00 1.160931e-01 -4.992287e-03 9.932258e-01 -2.129640e+00
9.933991e-01 -6.763898e-03 -1.145100e-01 1.278648e+02 7.362884e-03 9.999613e-01 4.808720e-03 -1.735771e+00 1.144731e-01 -5.620102e-03 9.934105e-01 -2.125165e+00
9.934852e-01 -6.680166e-03 -1.137654e-01 1.277318e+02 7.239677e-03 9.999636e-01 4.505670e-03 -1.716776e+00 1.137312e-01 -5.299942e-03 9.934974e-01 -2.128980e+00
9.937654e-01 -5.782065e-03 -1.113411e-01 1.277480e+02 6.392492e-03 9.999664e-01 5.126279e-03 -1.702898e+00 1.113077e-01 -5.806066e-03 9.937690e-01 -2.131912e+00
9.936897e-01 -5.524812e-03 -1.120280e-01 1.277402e+02 6.178225e-03 9.999658e-01 5.486260e-03 -1.690096e+00 1.119939e-01 -6.143775e-03 9.936899e-01 -2.142051e+00
9.936562e-01 -4.168772e-03 -1.123835e-01 1.277429e+02 4.828978e-03 9.999727e-01 5.603008e-03 -1.687270e+00 1.123571e-01 -6.110160e-03 9.936491e-01 -2.112961e+00
9.936056e-01 -4.340333e-03 -1.128232e-01 1.277393e+02 4.900611e-03 9.999770e-01 4.689125e-03 -1.678759e+00 1.128002e-01 -5.212043e-03 9.936040e-01 -2.117121e+00
9.935764e-01 -2.605830e-03 -1.131335e-01 1.278003e+02 3.370156e-03 9.999728e-01 6.565239e-03 -1.677324e+00 1.131133e-01 -6.904344e-03 9.935581e-01 -2.119798e+00
9.932258e-01 -1.954454e-03 -1.161836e-01 1.277461e+02 2.573531e-03 9.999833e-01 5.178671e-03 -1.682870e+00 1.161715e-01 -5.442592e-03 9.932142e-01 -2.097794e+00
9.932266e-01 -7.856630e-04 -1.161904e-01 1.277858e+02 1.513327e-03 9.999796e-01 6.174609e-03 -1.680156e+00 1.161832e-01 -6.308620e-03 9.932078e-01 -2.116192e+00
9.932123e-01 -7.450524e-04 -1.163129e-01 1.277763e+02 1.459777e-03 9.999806e-01 6.059781e-03 -1.679511e+00 1.163061e-01 -6.188441e-03 9.931942e-01 -2.104367e+00
9.932065e-01 -7.549968e-04 -1.163628e-01 1.277820e+02 1.562855e-03 9.999753e-01 6.851496e-03 -1.672217e+00 1.163548e-01 -6.986809e-03 9.931831e-01 -2.106084e+00
9.933089e-01 -3.042863e-04 -1.154875e-01 1.278314e+02 1.229128e-03 9.999678e-01 7.937030e-03 -1.676576e+00 1.154813e-01 -8.025871e-03 9.932773e-01 -2.105919e+00
9.935259e-01 -2.962982e-04 -1.136051e-01 1.277908e+02 1.136427e-03 9.999723e-01 7.330475e-03 -1.680765e+00 1.135998e-01 -7.412122e-03 9.934989e-01 -2.114686e+00
9.935743e-01 8.074681e-04 -1.131787e-01 1.278123e+02 1.783158e-04 9.999621e-01 8.699583e-03 -1.690929e+00 1.131814e-01 -8.663863e-03 9.935365e-01 -2.109312e+00
9.931205e-01 1.456754e-04 -1.170970e-01 1.278171e+02 6.043108e-04 9.999794e-01 6.369301e-03 -1.694536e+00 1.170955e-01 -6.396246e-03 9.931000e-01 -2.089993e+00
9.939250e-01 8.110499e-04 -1.100562e-01 1.278225e+02 1.478876e-04 9.999620e-01 8.704720e-03 -1.692734e+00 1.100591e-01 -8.668115e-03 9.938872e-01 -2.136186e+00
9.934863e-01 -2.820509e-04 -1.139506e-01 1.278348e+02 1.081729e-03 9.999751e-01 6.955985e-03 -1.694877e+00 1.139458e-01 -7.033940e-03 9.934621e-01 -2.113964e+00
9.939048e-01 -2.602346e-04 -1.102411e-01 1.278376e+02 1.064776e-03 9.999732e-01 7.239204e-03 -1.698271e+00 1.102363e-01 -7.312462e-03 9.938785e-01 -2.140294e+00
9.937226e-01 -7.515562e-04 -1.118698e-01 1.278668e+02 1.626771e-03 9.999689e-01 7.732439e-03 -1.704985e+00 1.118605e-01 -7.865886e-03 9.936928e-01 -2.123854e+00
9.935217e-01 -1.003267e-03 -1.136375e-01 1.281412e+02 1.860367e-03 9.999706e-01 7.436612e-03 -1.717953e+00 1.136267e-01 -7.599843e-03 9.934945e-01 -2.137176e+00
9.938458e-01 -1.078306e-03 -1.107678e-01 1.281668e+02 1.998918e-03 9.999645e-01 8.200475e-03 -1.721770e+00 1.107550e-01 -8.371423e-03 9.938125e-01 -2.133845e+00
9.935744e-01 -3.062862e-03 -1.131393e-01 1.281994e+02 3.891455e-03 9.999672e-01 7.103520e-03 -1.709304e+00 1.131139e-01 -7.498152e-03 9.935538e-01 -2.139899e+00
