1.000000e+00 0.000000e+00 0.000000e+00 0.000000e+00 0.000000e+00 1.000000e+00 0.000000e+00 0.000000e+00 0.000000e+00 0.000000e+00 1.000000e+00 0.000000e+00
9.999980e-01 -4.657382e-04 -1.961105e-03 2.796529e-01 4.595588e-04 9.999950e-01 -3.150281e-03 1.155124e-01 1.962562e-03 3.149374e-03 9.999931e-01 -5.187251e-02
9.999943e-01 1.037260e-03 -3.214867e-03 9.953779e-01 -1.059163e-03 9.999763e-01 -6.818785e-03 1.638885e-01 3.207718e-03 6.822151e-03 9.999716e-01 -4.024331e-02
9.999896e-01 2.067469e-03 -4.067695e-03 1.168529e+00 -2.093930e-03 9.999765e-01 -6.511591e-03 2.380234e-01 4.054138e-03 6.520041e-03 9.999706e-01 -6.928200e-02
9.999813e-01 2.718566e-03 -5.474018e-03 1.395855e+00 -2.755318e-03 9.999737e-01 -6.717579e-03 3.210966e-01 5.455612e-03 6.732536e-03 9.999624e-01 -4.863833e-02
9.999619e-01 6.929870e-03 -5.302728e-03 3.018156e+00 -6.930843e-03 9.999759e-01 -1.652081e-04 3.008757e-01 5.301456e-03 2.019542e-04 9.999859e-01 -9.965935e-02
9.999151e-01 1.072206e-02 -7.398500e-03 4.779205e+00 -1.072777e-02 9.999422e-01 -7.312713e-04 2.595729e-01 7.390232e-03 8.105787e-04 9.999723e-01 -1.154157e-01
9.998664e-01 1.445288e-02 -7.635091e-03 6.513684e+00 -1.445265e-02 9.998957e-01 8.497400e-05 2.403177e-01 7.635521e-03 2.538462e-05 9.999709e-01 -1.575352e-01
9.997973e-01 1.796726e-02 -9.086250e-03 8.242484e+00 -1.800943e-02 9.998273e-01 -4.580365e-03 1.880555e-01 9.002385e-03 4.743075e-03 9.999482e-01 -1.697273e-01
9.997479e-01 2.178787e-02 -5.419268e-03 9.975964e+00 -2.179673e-02 9.997611e-01 -1.580021e-03 1.420116e-01 5.383548e-03 1.697745e-03 9.999841e-01 -2.087266e-01
9.996734e-01 2.512170e-02 -4.682556e-03 1.168579e+01 -2.512410e-02 9.996843e-01 -4.552087e-04 8.142761e-02 4.669641e-03 5.727051e-04 9.999889e-01 -2.311541e-01
9.995821e-01 2.888412e-02 -1.120348e-03 1.341335e+01 -2.888317e-02 9.995824e-01 8.628216e-04 1.807513e-02 1.144802e-03 -8.301020e-04 9.999990e-01 -2.750730e-01
9.994491e-01 3.314821e-02 -1.615423e-03 1.514253e+01 -3.314890e-02 9.994503e-01 -4.026204e-04 -4.905726e-02 1.601189e-03 4.559481e-04 9.999986e-01 -3.133945e-01
9.993054e-01 3.726615e-02 1.880965e-04 1.686277e+01 -3.726562e-02 9.993030e-01 -2.257526e-03 -1.223864e-01 -2.720946e-04 2.248949e-03 9.999974e-01 -3.451647e-01
9.991363e-01 4.152874e-02 -1.429337e-03 1.858299e+01 -4.152823e-02 9.991374e-01 3.827411e-04 -2.048126e-01 1.443999e-03 -3.230527e-04 9.999989e-01 -3.925424e-01
9.989132e-01 4.659046e-02 -1.357423e-03 2.029848e+01 -4.658642e-02 9.989102e-01 2.870045e-03 -3.062521e-01 1.489660e-03 -2.803689e-03 9.999949e-01 -4.176717e-01
9.986480e-01 5.195804e-02 -1.593630e-03 2.200911e+01 -5.195105e-02 9.986410e-01 4.150852e-03 -4.095656e-01 1.807134e-03 -4.062449e-03 9.999901e-01 -4.410067e-01
9.984165e-01 5.625156e-02 -4.091334e-04 2.373826e+01 -5.624973e-02 9.984102e-01 3.594887e-03 -5.184920e-01 6.107010e-04 -3.566181e-03 9.999934e-01 -4.790484e-01
9.981812e-01 6.028578e-02 1.963504e-06 2.546432e+01 -6.028511e-02 9.981699e-01 4.756691e-03 -6.264446e-01 2.848009e-04 -4.748157e-03 9.999887e-01 -5.067856e-01
9.978219e-01 6.593184e-02 2.088699e-03 2.718735e+01 -6.594330e-02 9.978054e-01 6.001571e-03 -7.671100e-01 -1.688420e-03 -6.126235e-03 9.999798e-01 -5.646544e-01
9.974197e-01 7.174131e-02 2.689923e-03 2.893652e+01 -7.175065e-02 9.974163e-01 3.556553e-03 -9.035047e-01 -2.427822e-03 -3.740380e-03 9.999900e-01 -5.906212e-01
9.970374e-01 7.681172e-02 4.051484e-03 3.067194e+01 -7.682370e-02 9.970405e-01 2.888752e-03 -1.045280e+00 -3.817603e-03 -3.191444e-03 9.999876e-01 -6.426789e-01
9.965814e-01 8.256579e-02 2.880716e-03 3.241890e+01 -8.257357e-02 9.965813e-01 2.692342e-03 -1.200862e+00 -2.648573e-03 -2.921009e-03 9.999923e-01 -6.827163e-01
9.960249e-01 8.904810e-02 2.191918e-03 3.413266e+01 -8.906291e-02 9.959940e-01 7.985543e-03 -1.366340e+00 -1.472039e-03 -8.149018e-03 9.999657e-01 -7.398241e-01
9.954321e-01 9.547257e-02 5.633099e-05 3.584316e+01 -9.546965e-02 9.953967e-01 8.435431e-03 -1.539984e+00 7.492805e-04 -8.402276e-03 9.999644e-01 -7.786193e-01
9.949158e-01 1.007097e-01 -4.271278e-04 3.758387e+01 -1.007033e-01 9.948857e-01 7.825484e-03 -1.723000e+00 1.213046e-03 -7.742685e-03 9.999693e-01 -8.015934e-01
9.943348e-01 1.062941e-01 1.027356e-05 3.929520e+01 -1.062915e-01 9.943105e-01 6.984407e-03 -1.926761e+00 7.321858e-04 -6.945930e-03 9.999756e-01 -8.475315e-01
9.938302e-01 1.109122e-01 -1.670662e-05 4.101874e+01 -1.109079e-01 9.937929e-01 8.649746e-03 -2.123079e+00 9.759653e-04 -8.594526e-03 9.999626e-01 -9.080004e-01
9.932927e-01 1.156268e-01 3.509899e-04 4.272005e+01 -1.156263e-01 9.932656e-01 7.363957e-03 -2.325078e+00 5.028447e-04 -7.355149e-03 9.999728e-01 -9.452398e-01
9.926465e-01 1.210230e-01 -2.522277e-03 4.444662e+01 -1.209968e-01 9.926145e-01 8.738091e-03 -2.560188e+00 3.561158e-03 -8.368649e-03 9.999586e-01 -9.996919e-01
9.920810e-01 1.255673e-01 -2.840526e-03 4.616633e+01 -1.255357e-01 9.920444e-01 9.417645e-03 -2.789779e+00 4.000476e-03 -8.986480e-03 9.999516e-01 -1.045230e+00
9.915891e-01 1.293775e-01 -3.552493e-03 4.790749e+01 -1.293348e-01 9.915466e-01 1.037656e-02 -3.019226e+00 4.864956e-03 -9.829820e-03 9.999399e-01 -1.088829e+00
9.911238e-01 1.328818e-01 -4.000130e-03 4.963386e+01 -1.328417e-01 9.910963e-01 9.022723e-03 -3.272023e+00 5.163469e-03 -8.411252e-03 9.999513e-01 -1.133642e+00
9.906536e-01 1.363424e-01 -4.017412e-03 5.135365e+01 -1.362959e-01 9.906158e-01 1.018446e-02 -3.525756e+00 5.368285e-03 -9.541711e-03 9.999400e-01 -1.196464e+00
9.902059e-01 1.394343e-01 -7.099141e-03 5.307357e+01 -1.393691e-01 9.901999e-01 8.975472e-03 -3.779063e+00 8.281058e-03 -7.898165e-03 9.999345e-01 -1.245348e+00
9.897428e-01 1.424820e-01 -1.039349e-02 5.479528e+01 -1.423995e-01 9.897746e-01 8.284196e-03 -4.028876e+00 1.146756e-02 -6.719195e-03 9.999117e-01 -1.297763e+00
9.892477e-01 1.459051e-01 -1.002926e-02 5.652999e+01 -1.458214e-01 9.892733e-01 8.621395e-03 -4.295746e+00 1.117959e-02 -7.066214e-03 9.999126e-01 -1.335512e+00
9.887622e-01 1.493087e-01 -7.494739e-03 5.826339e+01 -1.492275e-01 9.887478e-01 1.042696e-02 -4.575278e+00 8.967244e-03 -9.191368e-03 9.999176e-01 -1.377694e+00
9.882255e-01 1.527014e-01 -9.631298e-03 5.999710e+01 -1.525801e-01 9.882146e-01 1.228344e-02 -4.854692e+00 1.139349e-02 -1.066926e-02 9.998782e-01 -1.432823e+00
9.876212e-01 1.566529e-01 -8.019817e-03 6.173135e+01 -1.565790e-01 9.876232e-01 9.135982e-03 -5.139641e+00 9.351735e-03 -7.767154e-03 9.999261e-01 -1.472053e+00
9.869752e-01 1.606132e-01 -9.129505e-03 6.344340e+01 -1.604991e-01 9.869618e-01 1.209719e-02 -5.427778e+00 1.095344e-02 -1.047435e-02 9.998851e-01 -1.561459e+00
9.862071e-01 1.653624e-01 -7.129197e-03 6.515361e+01 -1.653266e-01 9.862244e-01 5.349389e-03 -5.738570e+00 7.915576e-03 -4.096960e-03 9.999603e-01 -1.564902e+00
9.856048e-01 1.686664e-01 -1.161241e-02 6.687297e+01 -1.685256e-01 9.856217e-01 1.220361e-02 -6.040825e+00 1.350378e-02 -1.007095e-02 9.998581e-01 -1.666497e+00
9.848620e-01 1.731768e-01 -7.534208e-03 6.855623e+01 -1.731242e-01 9.848741e-01 7.151891e-03 -6.361367e+00 8.658787e-03 -5.739271e-03 9.999461e-01 -1.668752e+00
9.844236e-01 1.755116e-01 -1.028227e-02 7.026438e+01 -1.754104e-01 9.844441e-01 1.004257e-02 -6.662397e+00 1.188490e-02 -8.082527e-03 9.998967e-01 -1.755231e+00
9.841194e-01 1.774046e-01 -6.050230e-03 7.197722e+01 -1.773519e-01 9.841119e-01 8.365772e-03 -6.984211e+00 7.438231e-03 -7.159899e-03 9.999467e-01 -1.755810e+00
9.839277e-01 1.784608e-01 -6.157440e-03 7.366119e+01 -1.783940e-01 9.839073e-01 1.009165e-02 -7.301856e+00 7.859315e-03 -8.831002e-03 9.999301e-01 -1.861153e+00
9.839060e-01 1.786229e-01 -4.777168e-03 7.536651e+01 -1.785801e-01 9.838909e-01 8.246610e-03 -7.627953e+00 6.173245e-03 -7.260782e-03 9.999546e-01 -1.857517e+00
9.838065e-01 1.791830e-01 -4.277171e-03 7.704935e+01 -1.791230e-01 9.837568e-01 1.172576e-02 -7.956378e+00 6.308753e-03 -1.076974e-02 9.999221e-01 -1.950693e+00
9.839048e-01 1.786365e-01 -4.498943e-03 7.876555e+01 -1.785813e-01 9.838679e-01 1.060809e-02 -8.283718e+00 6.321358e-03 -9.633923e-03 9.999336e-01 -1.955145e+00
9.837912e-01 1.793073e-01 -1.945576e-03 8.043871e+01 -1.792633e-01 9.837018e-01 1.398762e-02 -8.605320e+00 4.421948e-03 -1.341213e-02 9.999003e-01 -2.051459e+00
9.836672e-01 1.799097e-01 -5.603992e-03 8.215569e+01 -1.798473e-01 9.836420e-01 1.015737e-02 -8.933992e+00 7.339732e-03 -8.983610e-03 9.999327e-01 -2.086056e+00
9.834815e-01 1.809939e-01 -2.300741e-03 8.386494e+01 -1.809605e-01 9.834338e-01 1.053232e-02 -9.260435e+00 4.168912e-03 -9.941999e-03 9.999419e-01 -2.140415e+00
9.832398e-01 1.822681e-01 -4.221963e-03 8.556382e+01 -1.822176e-01 9.832048e-01 1.024103e-02 -9.605347e+00 6.017667e-03 -9.300067e-03 9.999387e-01 -2.188133e+00
9.831654e-01 1.827179e-01 6.164360e-05 8.727136e+01 -1.827096e-01 9.831172e-01 9.896005e-03 -9.925459e+00 1.747574e-03 -9.740671e-03 9.999510e-01 -2.235410e+00
9.829937e-01 1.836027e-01 -3.660327e-03 8.898473e+01 -1.835602e-01 9.829603e-01 9.741067e-03 -1.025281e+01 5.386442e-03 -8.903517e-03 9.999459e-01 -2.281769e+00
9.827851e-01 1.847473e-01 -1.369635e-03 9.068022e+01 -1.847235e-01 9.827355e-01 1.040152e-02 -1.061490e+01 3.267642e-03 -9.969452e-03 9.999450e-01 -2.330647e+00
9.826939e-01 1.852059e-01 -3.380844e-03 9.239101e+01 -1.851663e-01 9.826597e-01 9.652914e-03 -1.094854e+01 5.109997e-03 -8.859841e-03 9.999477e-01 -2.375219e+00
9.825460e-01 1.860137e-01 -1.473101e-03 9.412206e+01 -1.859891e-01 9.824979e-01 1.028993e-02 -1.129300e+01 3.361386e-03 -9.836349e-03 9.999460e-01 -2.434839e+00
9.825529e-01 1.859446e-01 -3.781105e-03 9.582496e+01 -1.858948e-01 9.825102e-01 1.082147e-02 -1.162735e+01 5.727166e-03 -9.929776e-03 9.999343e-01 -2.480991e+00
9.824376e-01 1.865726e-01 -2.678281e-03 9.755521e+01 -1.865377e-01 9.823972e-01 9.969727e-03 -1.197131e+01 4.491214e-03 -9.295034e-03 9.999467e-01 -2.534671e+00
9.824212e-01 1.865961e-01 -5.513929e-03 9.928204e+01 -1.865248e-01 9.823838e-01 1.142410e-02 -1.232441e+01 7.548486e-03 -1.019479e-02 9.999195e-01 -2.606979e+00
9.821978e-01 1.878168e-01 -3.500943e-03 1.009910e+02 -1.877737e-01 9.821607e-01 1.007811e-02 -1.265461e+01 5.331326e-03 -9.241312e-03 9.999431e-01 -2.647264e+00
9.820185e-01 1.886890e-01 -6.002746e-03 1.027172e+02 -1.886182e-01 9.819918e-01 1.074630e-02 -1.301017e+01 7.922354e-03 -9.420836e-03 9.999242e-01 -2.706090e+00
9.818268e-01 1.897163e-01 -4.891645e-03 1.044133e+02 -1.896789e-01 9.818197e-01 7.223499e-03 -1.334757e+01 6.173128e-03 -6.164383e-03 9.999620e-01 -2.758172e+00
9.815583e-01 1.910593e-01 -6.302194e-03 1.061321e+02 -1.909855e-01 9.815340e-01 1.075192e-02 -1.370904e+01 8.240072e-03 -9.350011e-03 9.999223e-01 -2.806492e+00
9.811997e-01 1.928821e-01 -6.606060e-03 1.078297e+02 -1.928074e-01 9.811802e-01 1.052456e-02 -1.405520e+01 8.511734e-03 -9.052995e-03 9.999228e-01 -2.844553e+00
9.807029e-01 1.953464e-01 -7.842056e-03 1.095293e+02 -1.952082e-01 9.806370e-01 1.564570e-02 -1.441774e+01 1.074654e-02 -1.381295e-02 9.998468e-01 -2.928781e+00
9.800519e-01 1.985560e-01 -8.593708e-03 1.112170e+02 -1.984570e-01 9.800460e-01 1.116078e-02 -1.476684e+01 1.063827e-02 -9.232659e-03 9.999008e-01 -2.956895e+00
9.796290e-01 2.006734e-01 -7.568828e-03 1.129569e+02 -2.005933e-01 9.796216e-01 1.017826e-02 -1.516119e+01 9.457096e-03 -8.452663e-03 9.999195e-01 -3.028852e+00
9.794453e-01 2.016593e-01 -4.526704e-03 1.146707e+02 -2.016070e-01 9.794155e-01 1.000264e-02 -1.550199e+01 6.450650e-03 -8.884427e-03 9.999397e-01 -3.048544e+00
9.795063e-01 2.013956e-01 -2.713749e-03 1.164037e+02 -2.013364e-01 9.794142e-01 1.453979e-02 -1.587457e+01 5.586133e-03 -1.369543e-02 9.998906e-01 -3.131134e+00
9.796343e-01 2.007723e-01 -2.643314e-03 1.181095e+02 -2.007077e-01 9.795253e-01 1.569554e-02 -1.627525e+01 5.740424e-03 -1.484536e-02 9.998733e-01 -3.190118e+00
9.797587e-01 2.001472e-01 -3.736133e-03 1.198180e+02 -2.000900e-01 9.797035e-01 1.205178e-02 -1.665165e+01 6.072434e-03 -1.106028e-02 9.999204e-01 -3.265184e+00
9.798952e-01 1.994848e-01 -3.334553e-03 1.215405e+02 -1.994460e-01 9.798632e-01 9.463987e-03 -1.699895e+01 5.155326e-03 -8.608653e-03 9.999496e-01 -3.313341e+00
9.798343e-01 1.997910e-01 -2.900705e-03 1.232390e+02 -1.997508e-01 9.797900e-01 1.054016e-02 -1.738033e+01 4.947911e-03 -9.748191e-03 9.999402e-01 -3.370450e+00
9.797673e-01 2.000945e-01 -4.269463e-03 1.249636e+02 -2.000402e-01 9.797295e-01 1.069191e-02 -1.775484e+01 6.322311e-03 -9.621518e-03 9.999337e-01 -3.415916e+00
9.796332e-01 2.007588e-01 -3.842853e-03 1.266614e+02 -2.007018e-01 9.795812e-01 1.181034e-02 -1.812809e+01 6.135414e-03 -1.079853e-02 9.999229e-01 -3.477360e+00
9.795060e-01 2.013631e-01 -4.561131e-03 1.283860e+02 -2.013024e-01 9.794648e-01 1.122271e-02 -1.849484e+01 6.727308e-03 -1.007454e-02 9.999266e-01 -3.525834e+00
9.794102e-01 2.017964e-01 -5.831017e-03 1.300782e+02 -2.017197e-01 9.793741e-01 1.163067e-02 -1.886868e+01 8.057775e-03 -1.021497e-02 9.999154e-01 -3.583278e+00
9.793257e-01 2.022261e-01 -5.086455e-03 1.317992e+02 -2.021583e-01 9.792857e-01 1.146666e-02 -1.923894e+01 7.299951e-03 -1.020133e-02 9.999213e-01 -3.636554e+00
9.792250e-01 2.027440e-01 -3.624913e-03 1.335314e+02 -2.026903e-01 9.791737e-01 1.164440e-02 -1.959504e+01 5.910252e-03 -1.066776e-02 9.999256e-01 -3.682944e+00
9.791183e-01 2.032522e-01 -3.989482e-03 1.352554e+02 -2.031782e-01 9.790395e-01 1.415452e-02 -1.997755e+01 6.782798e-03 -1.304837e-02 9.998919e-01 -3.749364e+00
9.788213e-01 2.046551e-01 -5.009959e-03 1.369551e+02 -2.045791e-01 9.787681e-01 1.266468e-02 -2.036328e+01 7.495478e-03 -1.137152e-02 9.999073e-01 -3.798877e+00
9.787828e-01 2.048252e-01 -5.555227e-03 1.386771e+02 -2.047428e-01 9.787335e-01 1.269871e-02 -2.074644e+01 8.038104e-03 -1.129189e-02 9.999039e-01 -3.876794e+00
9.785396e-01 2.060066e-01 -4.637918e-03 1.403810e+02 -2.059475e-01 9.785030e-01 1.084013e-02 -2.111180e+01 6.771357e-03 -9.652333e-03 9.999305e-01 -3.911283e+00
9.783539e-01 2.068715e-01 -5.276562e-03 1.420878e+02 -2.068099e-01 9.783266e-01 1.034610e-02 -2.149982e+01 7.302513e-03 -9.030900e-03 9.999325e-01 -3.978388e+00
9.781874e-01 2.076411e-01 -5.874473e-03 1.437883e+02 -2.075759e-01 9.781666e-01 1.011655e-02 -2.187272e+01 7.846825e-03 -8.676479e-03 9.999316e-01 -4.029140e+00
9.781467e-01 2.078459e-01 -5.405210e-03 1.455198e+02 -2.077700e-01 9.781034e-01 1.206600e-02 -2.225617e+01 7.794722e-03 -1.067928e-02 9.999126e-01 -4.089511e+00
9.777438e-01 2.097304e-01 -5.499070e-03 1.471694e+02 -2.096539e-01 9.777018e-01 1.200486e-02 -2.264776e+01 7.894236e-03 -1.058478e-02 9.999128e-01 -4.133643e+00
9.779007e-01 2.090245e-01 -4.358724e-03 1.488921e+02 -2.089500e-01 9.778335e-01 1.347774e-02 -2.302214e+01 7.079284e-03 -1.226914e-02 9.998997e-01 -4.195868e+00
9.777349e-01 2.097796e-01 -5.191186e-03 1.506045e+02 -2.096974e-01 9.776776e-01 1.316865e-02 -2.339712e+01 7.837822e-03 -1.178688e-02 9.998998e-01 -4.249554e+00
9.777306e-01 2.098411e-01 -3.100088e-03 1.523147e+02 -2.097767e-01 9.776434e-01 1.440571e-02 -2.379519e+01 6.053691e-03 -1.343458e-02 9.998914e-01 -4.325352e+00
9.778820e-01 2.091177e-01 -4.081812e-03 1.540393e+02 -2.090458e-01 9.778111e-01 1.361477e-02 -2.417555e+01 6.838331e-03 -1.246035e-02 9.998990e-01 -4.375146e+00
9.776395e-01 2.102559e-01 -3.676875e-03 1.556841e+02 -2.101963e-01 9.775800e-01 1.244508e-02 -2.455119e+01 6.211091e-03 -1.139394e-02 9.999158e-01 -4.441638e+00
9.774218e-01 2.112579e-01 -4.102685e-03 1.573783e+02 -2.111900e-01 9.773591e-01 1.296219e-02 -2.494023e+01 6.748162e-03 -1.180308e-02 9.999076e-01 -4.496793e+00
9.776021e-01 2.104309e-01 -3.600586e-03 1.590738e+02 -2.103734e-01 9.775443e-01 1.225048e-02 -2.532218e+01 6.097612e-03 -1.121862e-02 9.999185e-01 -4.561543e+00
9.774064e-01 2.113356e-01 -3.741134e-03 1.607439e+02 -2.112716e-01 9.773408e-01 1.301110e-02 -2.570820e+01 6.406071e-03 -1.192673e-02 9.999083e-01 -4.614666e+00
9.772698e-01 2.119666e-01 -3.729094e-03 1.623941e+02 -2.119105e-01 9.772183e-01 1.176645e-02 -2.609620e+01 6.138233e-03 -1.070876e-02 9.999238e-01 -4.675651e+00
9.772863e-01 2.119022e-01 -3.001981e-03 1.640609e+02 -2.118503e-01 9.772232e-01 1.242513e-02 -2.646765e+01 5.566516e-03 -1.150693e-02 9.999183e-01 -4.725802e+00
9.772530e-01 2.120572e-01 -2.874098e-03 1.656981e+02 -2.120080e-01 9.771917e-01 1.220239e-02 -2.683403e+01 5.396149e-03 -1.131549e-02 9.999214e-01 -4.784153e+00
9.771191e-01 2.126906e-01 -9.777340e-04 1.673426e+02 -2.126627e-01 9.770477e-01 1.234739e-02 -2.722029e+01 3.581466e-03 -1.185694e-02 9.999233e-01 -4.841074e+00
9.768340e-01 2.139899e-01 -1.915991e-03 1.689865e+02 -2.139487e-01 9.767607e-01 1.282026e-02 -2.758231e+01 4.614869e-03 -1.211334e-02 9.999160e-01 -4.900860e+00
9.766561e-01 2.147999e-01 -1.973355e-03 1.706345e+02 -2.147616e-01 9.765924e-01 1.202583e-02 -2.797754e+01 4.510310e-03 -1.132130e-02 9.999257e-01 -4.960227e+00
9.767647e-01 2.142942e-01 -2.957684e-03 1.722699e+02 -2.142382e-01 9.766918e-01 1.323312e-02 -2.833851e+01 5.724526e-03 -1.229199e-02 9.999081e-01 -5.027259e+00
9.765007e-01 2.155009e-01 -2.386411e-03 1.738763e+02 -2.154562e-01 9.764349e-01 1.237878e-02 -2.870096e+01 4.997815e-03 -1.157373e-02 9.999205e-01 -5.080656e+00
9.763010e-01 2.163707e-01 -4.483021e-03 1.754722e+02 -2.162988e-01 9.762425e-01 1.284883e-02 -2.908904e+01 7.156627e-03 -1.157465e-02 9.999074e-01 -5.139105e+00
9.760651e-01 2.174468e-01 -3.718518e-03 1.770630e+02 -2.173933e-01 9.760183e-01 1.132559e-02 -2.947331e+01 6.092056e-03 -1.024613e-02 9.999290e-01 -5.192317e+00
9.759504e-01 2.179830e-01 -2.071370e-03 1.786586e+02 -2.179460e-01 9.758936e-01 1.144968e-02 -2.984059e+01 4.517271e-03 -1.072287e-02 9.999323e-01 -5.248130e+00
9.758335e-01 2.185136e-01 -8.069135e-04 1.802326e+02 -2.184874e-01 9.757620e-01 1.231355e-02 -3.020575e+01 3.478035e-03 -1.183968e-02 9.999239e-01 -5.304467e+00
9.754807e-01 2.200851e-01 -3.063795e-05 1.817867e+02 -2.200616e-01 9.753786e-01 1.447455e-02 -3.057938e+01 3.215517e-03 -1.411290e-02 9.998952e-01 -5.357848e+00
9.753050e-01 2.208620e-01 -4.746970e-04 1.833563e+02 -2.208308e-01 9.751992e-01 1.483589e-02 -3.094143e+01 3.739608e-03 -1.436469e-02 9.998899e-01 -5.421232e+00
9.751787e-01 2.214187e-01 -5.822491e-04 1.849094e+02 -2.213855e-01 9.750718e-01 1.494959e-02 -3.131374e+01 3.877854e-03 -1.444962e-02 9.998881e-01 -5.485944e+00
9.748937e-01 2.226652e-01 -1.530594e-03 1.864152e+02 -2.226096e-01 9.747648e-01 1.668438e-02 -3.167070e+01 5.207000e-03 -1.592477e-02 9.998596e-01 -5.543351e+00
9.746885e-01 2.235581e-01 -2.042446e-03 1.879407e+02 -2.234828e-01 9.745300e-01 1.861272e-02 -3.203750e+01 6.151451e-03 -1.768516e-02 9.998247e-01 -5.601096e+00
9.743593e-01 2.249659e-01 -3.777445e-03 1.894367e+02 -2.248484e-01 9.741874e-01 2.004991e-02 -3.239674e+01 8.190485e-03 -1.868646e-02 9.997919e-01 -5.667178e+00
9.738285e-01 2.272568e-01 -3.514420e-03 1.909348e+02 -2.271408e-01 9.736475e-01 2.043883e-02 -3.274644e+01 8.066669e-03 -1.910565e-02 9.997849e-01 -5.735441e+00
9.731795e-01 2.299684e-01 -6.022526e-03 1.924102e+02 -2.298040e-01 9.730207e-01 2.051152e-02 -3.312165e+01 1.057705e-02 -1.857739e-02 9.997715e-01 -5.803947e+00
9.727172e-01 2.319085e-01 -6.297108e-03 1.939078e+02 -2.317308e-01 9.725482e-01 2.122795e-02 -3.347226e+01 1.104718e-02 -1.918956e-02 9.997548e-01 -5.876005e+00
9.722611e-01 2.337528e-01 -8.243691e-03 1.953919e+02 -2.334896e-01 9.720422e-01 2.483278e-02 -3.385345e+01 1.381795e-02 -2.221913e-02 9.996576e-01 -5.934043e+00
9.716267e-01 2.363503e-01 -8.950878e-03 1.968289e+02 -2.360588e-01 9.714000e-01 2.565696e-02 -3.420445e+01 1.475891e-02 -2.281606e-02 9.996307e-01 -6.007319e+00
9.711208e-01 2.384494e-01 -8.136848e-03 1.982799e+02 -2.381609e-01 9.708580e-01 2.672349e-02 -3.457589e+01 1.427193e-02 -2.401386e-02 9.996098e-01 -6.069210e+00
9.708884e-01 2.393897e-01 -8.269448e-03 1.997297e+02 -2.391113e-01 9.706498e-01 2.578399e-02 -3.493102e+01 1.419916e-02 -2.305606e-02 9.996333e-01 -6.157762e+00
9.704327e-01 2.413246e-01 -4.781309e-03 2.011536e+02 -2.411232e-01 9.701416e-01 2.616893e-02 -3.531786e+01 1.095375e-02 -2.424230e-02 9.996461e-01 -6.219009e+00
9.703869e-01 2.414955e-01 -5.401181e-03 2.025782e+02 -2.412796e-01 9.701039e-01 2.612543e-02 -3.568572e+01 1.154888e-02 -2.404858e-02 9.996441e-01 -6.300835e+00
9.701697e-01 2.424228e-01 -1.367728e-03 2.040001e+02 -2.422950e-01 9.698133e-01 2.747992e-02 -3.605784e+01 7.988201e-03 -2.632880e-02 9.996214e-01 -6.360122e+00
9.699391e-01 2.433124e-01 -4.150213e-03 2.054151e+02 -2.430856e-01 9.695444e-01 2.987974e-02 -3.642316e+01 1.129393e-02 -2.797267e-02 9.995449e-01 -6.440698e+00
9.698548e-01 2.436649e-01 -3.032611e-03 2.068275e+02 -2.434767e-01 9.694686e-01 2.914889e-02 -3.678593e+01 1.004258e-02 -2.753182e-02 9.995705e-01 -6.512046e+00
9.696489e-01 2.445005e-01 -6.959911e-04 2.082226e+02 -2.443647e-01 9.691979e-01 3.068469e-02 -3.715981e+01 8.176973e-03 -2.958330e-02 9.995289e-01 -6.582914e+00
9.695243e-01 2.449946e-01 5.385047e-04 2.096188e+02 -2.448906e-01 9.690437e-01 3.135117e-02 -3.752351e+01 7.159032e-03 -3.052759e-02 9.995083e-01 -6.657544e+00
9.693232e-01 2.457794e-01 2.261931e-03 2.110137e+02 -2.457167e-01 9.687696e-01 3.330384e-02 -3.790548e+01 5.994108e-03 -3.283798e-02 9.994427e-01 -6.734709e+00
9.691873e-01 2.462987e-01 3.596143e-03 2.124111e+02 -2.462854e-01 9.686669e-01 3.206146e-02 -3.827390e+01 4.413231e-03 -3.195924e-02 9.994794e-01 -6.806449e+00
9.690914e-01 2.466910e-01 2.314800e-03 2.138073e+02 -2.466274e-01 9.685256e-01 3.366291e-02 -3.863525e+01 6.062394e-03 -3.319333e-02 9.994305e-01 -6.897791e+00
9.688390e-01 2.476591e-01 3.981903e-03 2.151920e+02 -2.476550e-01 9.682980e-01 3.264958e-02 -3.902123e+01 4.230296e-03 -3.261833e-02 9.994589e-01 -6.970401e+00
9.688414e-01 2.476811e-01 5.853563e-04 2.165919e+02 -2.475499e-01 9.682460e-01 3.491299e-02 -3.936906e+01 8.080520e-03 -3.397006e-02 9.993902e-01 -7.048103e+00
9.687600e-01 2.479990e-01 8.323251e-04 2.179718e+02 -2.478664e-01 9.681211e-01 3.611280e-02 -3.974498e+01 8.150147e-03 -3.519094e-02 9.993474e-01 -7.118230e+00
9.688425e-01 2.476618e-01 -2.791829e-03 2.193585e+02 -2.473756e-01 9.681566e-01 3.844955e-02 -4.010893e+01 1.222541e-02 -3.656093e-02 9.992567e-01 -7.218542e+00
9.688314e-01 2.477212e-01 -2.604527e-04 2.207414e+02 -2.475474e-01 9.681901e-01 3.644188e-02 -4.048211e+01 9.279593e-03 -3.524156e-02 9.993358e-01 -7.274294e+00
9.691054e-01 2.466421e-01 -1.526539e-03 2.221506e+02 -2.464005e-01 9.683956e-01 3.868812e-02 -4.085656e+01 1.102041e-02 -3.711672e-02 9.992502e-01 -7.369580e+00
9.696130e-01 2.446387e-01 1.572276e-03 2.235553e+02 -2.445004e-01 9.688048e-01 4.045735e-02 -4.122138e+01 8.374204e-03 -3.961240e-02 9.991800e-01 -7.445107e+00
9.699320e-01 2.433619e-01 -2.630366e-03 2.249312e+02 -2.430358e-01 9.690905e-01 4.239789e-02 -4.158465e+01 1.286710e-02 -4.048380e-02 9.990973e-01 -7.556494e+00
9.702250e-01 2.422030e-01 -1.116471e-03 2.263441e+02 -2.419863e-01 9.695328e-01 3.806279e-02 -4.194373e+01 1.030138e-02 -3.665930e-02 9.992747e-01 -7.629325e+00
9.707950e-01 2.398534e-01 -5.227256e-03 2.277399e+02 -2.394760e-01 9.701177e-01 3.902333e-02 -4.231181e+01 1.443093e-02 -3.663185e-02 9.992246e-01 -7.726215e+00
9.709348e-01 2.393395e-01 -1.475966e-03 2.291405e+02 -2.391436e-01 9.703553e-01 3.493926e-02 -4.267021e+01 9.794557e-03 -3.357077e-02 9.993883e-01 -7.769365e+00
9.708568e-01 2.396136e-01 -4.724488e-03 2.305448e+02 -2.392362e-01 9.701232e-01 4.033813e-02 -4.303728e+01 1.424890e-02 -3.803227e-02 9.991749e-01 -7.899391e+00
9.713443e-01 2.376653e-01 2.343613e-03 2.319654e+02 -2.375679e-01 9.705533e-01 3.984670e-02 -4.340911e+01 7.195573e-03 -3.926162e-02 9.992031e-01 -7.914503e+00
9.714726e-01 2.371516e-01 -3.470401e-04 2.333365e+02 -2.368591e-01 9.703449e-01 4.825776e-02 -4.375720e+01 1.178115e-02 -4.679889e-02 9.988348e-01 -8.054618e+00
9.717022e-01 2.362072e-01 -9.962623e-04 2.347503e+02 -2.358761e-01 9.705471e-01 4.899637e-02 -4.412685e+01 1.254021e-02 -4.737489e-02 9.987984e-01 -8.128621e+00
9.719383e-01 2.351919e-01 -4.566971e-03 2.361440e+02 -2.346681e-01 9.707568e-01 5.062044e-02 -4.446621e+01 1.633893e-02 -4.812822e-02 9.987075e-01 -8.238231e+00
9.721917e-01 2.341595e-01 -3.555819e-03 2.375804e+02 -2.336657e-01 9.709297e-01 5.192006e-02 -4.482062e+01 1.561003e-02 -4.964538e-02 9.986449e-01 -8.329518e+00
9.723889e-01 2.333364e-01 -3.725700e-03 2.389585e+02 -2.328416e-01 9.711493e-01 5.151327e-02 -4.516885e+01 1.563814e-02 -4.922344e-02 9.986653e-01 -8.434824e+00
9.727915e-01 2.316454e-01 -4.139809e-03 2.403545e+02 -2.311849e-01 9.717180e-01 4.814327e-02 -4.552131e+01 1.517489e-02 -4.587631e-02 9.988319e-01 -8.505453e+00
9.733127e-01 2.291983e-01 -1.142825e-02 2.417922e+02 -2.282584e-01 9.720553e-01 5.483128e-02 -4.586081e+01 2.367613e-02 -5.075938e-02 9.984303e-01 -8.695083e+00
9.743984e-01 2.248277e-01 -5.577933e-04 2.432435e+02 -2.243427e-01 9.724532e-01 6.328511e-02 -4.622604e+01 1.477067e-02 -6.153978e-02 9.979953e-01 -8.756052e+00
9.751954e-01 2.212832e-01 -5.262267e-03 2.446252e+02 -2.204171e-01 9.730051e-01 6.839079e-02 -4.654594e+01 2.025394e-02 -6.553449e-02 9.976447e-01 -8.896670e+00
9.762009e-01 2.167664e-01 -6.640317e-03 2.460940e+02 -2.161967e-01 9.751301e-01 4.878858e-02 -4.688771e+01 1.705090e-02 -4.619185e-02 9.987870e-01 -8.923497e+00
9.770088e-01 2.131987e-01 2.794964e-04 2.474976e+02 -2.129573e-01 9.758383e-01 4.887116e-02 -4.723449e+01 1.014653e-02 -4.780707e-02 9.988050e-01 -9.115291e+00
9.784114e-01 2.066550e-01 -2.172016e-03 2.489630e+02 -2.063916e-01 9.775982e-01 4.128124e-02 -4.755741e+01 1.065434e-02 -3.994175e-02 9.991452e-01 -9.142388e+00
9.789578e-01 2.040614e-01 7.357029e-04 2.503591e+02 -2.038206e-01 9.776143e-01 5.222410e-02 -4.787421e+01 9.937693e-03 -5.127515e-02 9.986351e-01 -9.303885e+00
9.796200e-01 2.007469e-01 -6.730508e-03 2.517839e+02 -2.001235e-01 9.783475e-01 5.278790e-02 -4.817387e+01 1.718178e-02 -5.036515e-02 9.985831e-01 -9.340056e+00
9.799880e-01 1.989474e-01 -6.586226e-03 2.532137e+02 -1.982834e-01 9.785612e-01 5.569200e-02 -4.848013e+01 1.752480e-02 -5.327155e-02 9.984263e-01 -9.480275e+00
9.805180e-01 1.961237e-01 -1.095041e-02 2.546660e+02 -1.952861e-01 9.793017e-01 5.321255e-02 -4.877740e+01 2.116000e-02 -5.003741e-02 9.985232e-01 -9.571760e+00
9.808192e-01 1.946859e-01 -9.544179e-03 2.561145e+02 -1.939437e-01 9.796313e-01 5.204406e-02 -4.908039e+01 1.948202e-02 -4.919478e-02 9.985992e-01 -9.695065e+00
9.811966e-01 1.927696e-01 -9.646948e-03 2.575368e+02 -1.920175e-01 9.799911e-01 5.240936e-02 -4.938733e+01 1.955686e-02 -4.957150e-02 9.985791e-01 -9.785653e+00
9.814819e-01 1.913547e-01 -8.761625e-03 2.589911e+02 -1.906049e-01 9.801412e-01 5.470964e-02 -4.969033e+01 1.905657e-02 -5.202651e-02 9.984639e-01 -9.894801e+00
9.818923e-01 1.890277e-01 -1.249201e-02 2.604363e+02 -1.880777e-01 9.806033e-01 5.517176e-02 -4.998151e+01 2.267870e-02 -5.182326e-02 9.983987e-01 -1.000185e+01
9.819283e-01 1.890405e-01 -8.973098e-03 2.619027e+02 -1.882329e-01 9.804524e-01 5.728180e-02 -5.028529e+01 1.962627e-02 -5.455759e-02 9.983177e-01 -1.011040e+01
9.822123e-01 1.873499e-01 -1.260926e-02 2.633177e+02 -1.864290e-01 9.809994e-01 5.371042e-02 -5.057108e+01 2.243231e-02 -5.040431e-02 9.984769e-01 -1.021204e+01
9.822412e-01 1.874249e-01 -8.611331e-03 2.647675e+02 -1.867321e-01 9.810153e-01 5.234339e-02 -5.087137e+01 1.825830e-02 -4.980582e-02 9.985920e-01 -1.031589e+01
9.824425e-01 1.863892e-01 -8.112215e-03 2.662233e+02 -1.856652e-01 9.810430e-01 5.552565e-02 -5.116855e+01 1.830781e-02 -5.304460e-02 9.984243e-01 -1.042534e+01
9.825553e-01 1.858625e-01 -6.348755e-03 2.676418e+02 -1.851751e-01 9.809353e-01 5.895619e-02 -5.144388e+01 1.718546e-02 -5.675208e-02 9.982404e-01 -1.053018e+01
9.825075e-01 1.859881e-01 -9.352878e-03 2.690849e+02 -1.850890e-01 9.808263e-01 6.100850e-02 -5.172612e+01 2.052040e-02 -5.821019e-02 9.980934e-01 -1.064806e+01
9.826267e-01 1.853904e-01 -8.666633e-03 2.705169e+02 -1.845685e-01 9.810365e-01 5.917498e-02 -5.201383e+01 1.947276e-02 -5.654733e-02 9.982100e-01 -1.075548e+01
9.827850e-01 1.844765e-01 -1.009615e-02 2.719729e+02 -1.836297e-01 9.813678e-01 5.654241e-02 -5.231071e+01 2.033879e-02 -5.371508e-02 9.983491e-01 -1.086697e+01
9.828191e-01 1.844690e-01 -6.145101e-03 2.734034e+02 -1.837867e-01 9.811653e-01 5.947371e-02 -5.258892e+01 1.700041e-02 -5.732251e-02 9.982110e-01 -1.099097e+01
9.829094e-01 1.837743e-01 -1.077949e-02 2.748313e+02 -1.827912e-01 9.812431e-01 6.123236e-02 -5.288366e+01 2.183023e-02 -5.821546e-02 9.980654e-01 -1.108988e+01
9.831197e-01 1.827782e-01 -8.239641e-03 2.762693e+02 -1.819138e-01 9.813036e-01 6.285274e-02 -5.315837e+01 1.957370e-02 -6.029286e-02 9.979888e-01 -1.121399e+01
9.831213e-01 1.827181e-01 -9.311900e-03 2.777206e+02 -1.818022e-01 9.813646e-01 6.222145e-02 -5.346064e+01 2.050735e-02 -5.947830e-02 9.980189e-01 -1.132617e+01
9.833502e-01 1.816717e-01 -4.225672e-03 2.791425e+02 -1.809951e-01 9.812341e-01 6.648774e-02 -5.373875e+01 1.622532e-02 -6.461591e-02 9.977783e-01 -1.146439e+01
9.835279e-01 1.806939e-01 -4.747423e-03 2.805917e+02 -1.799939e-01 9.814516e-01 6.599420e-02 -5.402107e+01 1.658412e-02 -6.405263e-02 9.978087e-01 -1.156468e+01
9.833888e-01 1.814502e-01 -4.724850e-03 2.820124e+02 -1.808556e-01 9.817137e-01 5.940884e-02 -5.427718e+01 1.541819e-02 -5.756747e-02 9.982225e-01 -1.167983e+01
9.833618e-01 1.815715e-01 -5.594177e-03 2.834771e+02 -1.810162e-01 9.820102e-01 5.375056e-02 -5.458521e+01 1.525311e-02 -5.184361e-02 9.985387e-01 -1.181724e+01
9.834364e-01 1.812048e-01 -4.197250e-03 2.849454e+02 -1.806968e-01 9.819670e-01 5.558321e-02 -5.487497e+01 1.419350e-02 -5.390412e-02 9.984452e-01 -1.192655e+01
9.834512e-01 1.811392e-01 -3.520673e-03 2.863901e+02 -1.806711e-01 9.819854e-01 5.534147e-02 -5.515859e+01 1.348176e-02 -5.378956e-02 9.984613e-01 -1.202362e+01
9.834849e-01 1.809812e-01 -1.823725e-03 2.878256e+02 -1.805676e-01 9.818258e-01 5.842382e-02 -5.544872e+01 1.236420e-02 -5.712964e-02 9.982902e-01 -1.211761e+01
9.834771e-01 1.810281e-01 -1.246881e-03 2.893060e+02 -1.805647e-01 9.814079e-01 6.507704e-02 -5.573774e+01 1.300447e-02 -6.377665e-02 9.978794e-01 -1.224745e+01
9.833885e-01 1.814133e-01 -6.021997e-03 2.907603e+02 -1.805976e-01 9.812175e-01 6.779965e-02 -5.601059e+01 1.820865e-02 -6.558584e-02 9.976808e-01 -1.237337e+01
9.832649e-01 1.821418e-01 -3.804332e-03 2.922518e+02 -1.813625e-01 9.806086e-01 7.426077e-02 -5.629810e+01 1.725655e-02 -7.232805e-02 9.972316e-01 -1.252638e+01
9.834574e-01 1.810039e-01 -7.002899e-03 2.936999e+02 -1.800443e-01 9.810261e-01 7.191765e-02 -5.656049e+01 1.988740e-02 -6.946710e-02 9.973860e-01 -1.262757e+01
9.833409e-01 1.816286e-01 -7.188838e-03 2.951787e+02 -1.806892e-01 9.810328e-01 7.018560e-02 -5.685661e+01 1.980020e-02 -6.771743e-02 9.975080e-01 -1.278515e+01
9.834428e-01 1.810651e-01 -7.455074e-03 2.966722e+02 -1.800839e-01 9.810548e-01 7.142428e-02 -5.713691e+01 2.024627e-02 -6.889915e-02 9.974182e-01 -1.290100e+01
9.834437e-01 1.811174e-01 -5.917037e-03 2.981447e+02 -1.802551e-01 9.810728e-01 7.074024e-02 -5.742130e+01 1.861733e-02 -6.850247e-02 9.974772e-01 -1.302914e+01
9.831684e-01 1.824929e-01 -8.731865e-03 2.995952e+02 -1.814127e-01 9.807835e-01 7.178593e-02 -5.772442e+01 2.166449e-02 -6.899358e-02 9.973819e-01 -1.317947e+01
9.831784e-01 1.826014e-01 -4.118266e-03 3.010780e+02 -1.818604e-01 9.807826e-01 7.065663e-02 -5.800643e+01 1.694112e-02 -6.871913e-02 9.974922e-01 -1.328941e+01
9.829602e-01 1.837195e-01 -6.026556e-03 3.025886e+02 -1.827938e-01 9.804130e-01 7.332963e-02 -5.830818e+01 1.938060e-02 -7.097849e-02 9.972895e-01 -1.344305e+01
9.828683e-01 1.842647e-01 -4.044341e-03 3.040606e+02 -1.834719e-01 9.802574e-01 7.371280e-02 -5.859909e+01 1.754716e-02 -7.170795e-02 9.972713e-01 -1.356168e+01
9.828668e-01 1.843090e-01 -1.771525e-03 3.055558e+02 -1.836226e-01 9.799498e-01 7.733749e-02 -5.888636e+01 1.599000e-02 -7.568716e-02 9.970034e-01 -1.370971e+01
9.827822e-01 1.846918e-01 -5.297801e-03 3.070371e+02 -1.837989e-01 9.801593e-01 7.420056e-02 -5.919294e+01 1.889692e-02 -7.194926e-02 9.972293e-01 -1.384060e+01
9.826253e-01 1.855982e-01 -9.266031e-04 3.085604e+02 -1.850311e-01 9.799888e-01 7.338358e-02 -5.949393e+01 1.452792e-02 -7.193711e-02 9.973034e-01 -1.399089e+01
9.825972e-01 1.857263e-01 -2.923771e-03 3.100608e+02 -1.849916e-01 9.798880e-01 7.481598e-02 -5.980385e+01 1.676026e-02 -7.297309e-02 9.971931e-01 -1.411900e+01
9.827867e-01 1.847407e-01 -1.141060e-03 3.115652e+02 -1.841095e-01 9.799029e-01 7.677137e-02 -6.009734e+01 1.530092e-02 -7.523980e-02 9.970481e-01 -1.427701e+01
9.825944e-01 1.857457e-01 -2.589227e-03 3.130866e+02 -1.850013e-01 9.797277e-01 7.686380e-02 -6.040208e+01 1.681386e-02 -7.504693e-02 9.970382e-01 -1.441753e+01
9.825552e-01 1.859702e-01 6.671762e-04 3.145858e+02 -1.854520e-01 9.795364e-01 7.820333e-02 -6.071528e+01 1.388997e-02 -7.696281e-02 9.969372e-01 -1.456122e+01
9.827030e-01 1.851759e-01 -2.196624e-03 3.161194e+02 -1.844385e-01 9.797188e-01 7.831635e-02 -6.101814e+01 1.665437e-02 -7.655657e-02 9.969261e-01 -1.471088e+01
9.828888e-01 1.841986e-01 -6.570537e-04 3.176309e+02 -1.835615e-01 9.797734e-01 7.968195e-02 -6.132340e+01 1.532107e-02 -7.819788e-02 9.968202e-01 -1.487205e+01
9.826507e-01 1.854545e-01 -2.048587e-03 3.191573e+02 -1.846986e-01 9.795299e-01 8.004695e-02 -6.161642e+01 1.685172e-02 -7.827982e-02 9.967890e-01 -1.500989e+01
9.829371e-01 1.839418e-01 -2.470142e-04 3.206582e+02 -1.833112e-01 9.796765e-01 8.143029e-02 -6.190631e+01 1.522043e-02 -7.999558e-02 9.966790e-01 -1.516032e+01
9.831378e-01 1.828058e-01 -4.706549e-03 3.221924e+02 -1.818132e-01 9.799100e-01 8.197935e-02 -6.219221e+01 1.959829e-02 -7.974128e-02 9.966229e-01 -1.532818e+01
9.830609e-01 1.832758e-01 -1.109791e-03 3.237321e+02 -1.825733e-01 9.797877e-01 8.174933e-02 -6.250664e+01 1.607003e-02 -8.016195e-02 9.966523e-01 -1.547133e+01
9.831659e-01 1.826270e-01 -5.676412e-03 3.252666e+02 -1.815242e-01 9.798270e-01 8.359306e-02 -6.280111e+01 2.082826e-02 -8.115544e-02 9.964838e-01 -1.563188e+01
9.833888e-01 1.814377e-01 -5.179723e-03 3.267733e+02 -1.804007e-01 9.801242e-01 8.253468e-02 -6.308053e+01 2.005167e-02 -8.022925e-02 9.965748e-01 -1.577948e+01
9.833956e-01 1.813380e-01 -7.043738e-03 3.283069e+02 -1.801272e-01 9.800791e-01 8.366037e-02 -6.337702e+01 2.207423e-02 -8.100247e-02 9.964694e-01 -1.594643e+01
9.833423e-01 1.816081e-01 -7.509598e-03 3.298295e+02 -1.803598e-01 9.800406e-01 8.361322e-02 -6.366452e+01 2.254455e-02 -8.086598e-02 9.964700e-01 -1.609416e+01
9.833170e-01 1.817721e-01 -6.830122e-03 3.313674e+02 -1.805606e-01 9.799352e-01 8.440877e-02 -6.397557e+01 2.203624e-02 -8.176733e-02 9.964078e-01 -1.625017e+01
9.833996e-01 1.813678e-01 -5.565801e-03 3.328881e+02 -1.802397e-01 9.799049e-01 8.543932e-02 -6.428374e+01 2.094989e-02 -8.301780e-02 9.963278e-01 -1.639036e+01
9.835267e-01 1.806391e-01 -6.686302e-03 3.344037e+02 -1.794007e-01 9.799798e-01 8.634345e-02 -6.456807e+01 2.214945e-02 -8.372156e-02 9.962430e-01 -1.657944e+01
9.836811e-01 1.798791e-01 -3.856330e-03 3.359395e+02 -1.788609e-01 9.799861e-01 8.738389e-02 -6.487091e+01 1.949769e-02 -8.526813e-02 9.961672e-01 -1.672779e+01
9.838202e-01 1.790786e-01 -5.351828e-03 3.374676e+02 -1.779178e-01 9.800804e-01 8.824740e-02 -6.516779e+01 2.104844e-02 -8.586739e-02 9.960842e-01 -1.690924e+01
9.839610e-01 1.783773e-01 -1.507653e-03 3.390103e+02 -1.775469e-01 9.801279e-01 8.846787e-02 -6.545598e+01 1.725835e-02 -8.678126e-02 9.960779e-01 -1.704090e+01
9.840323e-01 1.779381e-01 -4.296818e-03 3.405247e+02 -1.768288e-01 9.800806e-01 9.040862e-02 -6.574370e+01 2.029837e-02 -8.820520e-02 9.958955e-01 -1.723146e+01
9.841495e-01 1.773361e-01 -1.353050e-03 3.420764e+02 -1.764685e-01 9.800340e-01 9.160878e-02 -6.603759e+01 1.757157e-02 -8.991796e-02 9.957942e-01 -1.741583e+01
9.841757e-01 1.771629e-01 -3.377573e-03 3.435865e+02 -1.761146e-01 9.800982e-01 9.160199e-02 -6.631368e+01 1.953883e-02 -8.955761e-02 9.957899e-01 -1.754684e+01
9.841817e-01 1.771596e-01 -9.016525e-04 3.451362e+02 -1.763209e-01 9.799925e-01 9.233505e-02 -6.663166e+01 1.724165e-02 -9.071548e-02 9.957276e-01 -1.773805e+01
9.840767e-01 1.777328e-01 -2.040467e-03 3.466984e+02 -1.767232e-01 9.795871e-01 9.580356e-02 -6.691766e+01 1.902625e-02 -9.391744e-02 9.953982e-01 -1.791004e+01
9.843189e-01 1.763918e-01 -1.523960e-03 3.482839e+02 -1.754445e-01 9.798571e-01 9.539088e-02 -6.721668e+01 1.831943e-02 -9.362767e-02 9.954388e-01 -1.809084e+01
9.845684e-01 1.749836e-01 -2.427630e-03 3.498552e+02 -1.739817e-01 9.802372e-01 9.415504e-02 -6.750349e+01 1.885525e-02 -9.227972e-02 9.955546e-01 -1.827005e+01
9.845030e-01 1.753486e-01 -2.582920e-03 3.514157e+02 -1.743682e-01 9.803565e-01 9.217724e-02 -6.779942e+01 1.869533e-02 -9.029840e-02 9.957393e-01 -1.846453e+01
9.847760e-01 1.737916e-01 -3.558890e-03 3.529701e+02 -1.727345e-01 9.806683e-01 9.193709e-02 -6.808646e+01 1.946799e-02 -8.992269e-02 9.957585e-01 -1.860273e+01
9.847365e-01 1.740455e-01 -1.461765e-03 3.545214e+02 -1.731355e-01 9.803793e-01 9.423703e-02 -6.839698e+01 1.783461e-02 -9.254557e-02 9.955487e-01 -1.877755e+01
9.848496e-01 1.733940e-01 -2.427422e-03 3.561166e+02 -1.723250e-01 9.801502e-01 9.803024e-02 -6.868920e+01 1.937709e-02 -9.612674e-02 9.951805e-01 -1.895090e+01
9.849240e-01 1.729733e-01 -2.251988e-03 3.576653e+02 -1.719291e-01 9.802504e-01 9.772095e-02 -6.897417e+01 1.911063e-02 -9.586053e-02 9.952113e-01 -1.917120e+01
9.844928e-01 1.754144e-01 1.923636e-03 3.591967e+02 -1.748016e-01 9.800123e-01 9.497616e-02 -6.927023e+01 1.477499e-02 -9.383960e-02 9.954777e-01 -1.930424e+01
9.845452e-01 1.751304e-01 -4.054885e-05 3.607737e+02 -1.742217e-01 9.794602e-01 1.015108e-01 -6.957500e+01 1.781734e-02 -9.993488e-02 9.948344e-01 -1.950864e+01
9.847552e-01 1.739437e-01 -8.523399e-04 3.623470e+02 -1.729564e-01 9.796641e-01 1.017081e-01 -6.983631e+01 1.852650e-02 -1.000102e-01 9.948139e-01 -1.970775e+01
9.846113e-01 1.746035e-01 -7.360634e-03 3.639297e+02 -1.730108e-01 9.798412e-01 9.989253e-02 -7.013373e+01 2.465384e-02 -9.708184e-02 9.949710e-01 -1.990846e+01
9.845637e-01 1.747187e-01 -1.037727e-02 3.654727e+02 -1.730080e-01 9.804749e-01 9.347279e-02 -7.040534e+01 2.650610e-02 -9.023456e-02 9.955677e-01 -2.010517e+01
9.844407e-01 1.756760e-01 -3.784331e-03 3.670639e+02 -1.747013e-01 9.808367e-01 8.624954e-02 -7.072105e+01 1.886378e-02 -8.424643e-02 9.962664e-01 -2.026258e+01
9.837675e-01 1.794138e-01 -3.480298e-03 3.685029e+02 -1.784213e-01 9.800284e-01 8.780640e-02 -7.104005e+01 1.916447e-02 -8.576013e-02 9.961315e-01 -2.039414e+01
9.834374e-01 1.812453e-01 -9.882515e-04 3.700617e+02 -1.802896e-01 9.787827e-01 9.736664e-02 -7.135293e+01 1.861453e-02 -9.557582e-02 9.952481e-01 -2.056977e+01
9.837849e-01 1.792546e-01 -5.914778e-03 3.716116e+02 -1.776979e-01 9.786496e-01 1.032884e-01 -7.163969e+01 2.430342e-02 -1.005626e-01 9.946339e-01 -2.080951e+01
9.835402e-01 1.806895e-01 -5.893968e-05 3.731493e+02 -1.798049e-01 9.787569e-01 9.851374e-02 -7.194341e+01 1.785809e-02 -9.688164e-02 9.951357e-01 -2.100709e+01
9.835960e-01 1.803365e-01 4.188663e-03 3.747041e+02 -1.799162e-01 9.791013e-01 9.481914e-02 -7.224875e+01 1.299823e-02 -9.401733e-02 9.954857e-01 -2.117208e+01
9.835769e-01 1.804477e-01 3.894645e-03 3.762184e+02 -1.800034e-01 9.791154e-01 9.450880e-02 -7.255267e+01 1.324059e-02 -9.365772e-02 9.955164e-01 -2.135069e+01
9.838199e-01 1.790250e-01 6.963330e-03 3.777402e+02 -1.788323e-01 9.789248e-01 9.861668e-02 -7.284228e+01 1.083828e-02 -9.826633e-02 9.951012e-01 -2.153365e+01
9.833862e-01 1.815154e-01 1.948300e-03 3.792559e+02 -1.807996e-01 9.784359e-01 9.987304e-02 -7.313910e+01 1.622221e-02 -9.856602e-02 9.949983e-01 -2.173754e+01
9.832019e-01 1.824559e-01 4.883873e-03 3.807683e+02 -1.820246e-01 9.782027e-01 9.993222e-02 -7.344020e+01 1.345580e-02 -9.914253e-02 9.949822e-01 -2.189808e+01
9.833396e-01 1.817659e-01 -2.098899e-03 3.823019e+02 -1.806124e-01 9.782747e-01 1.017748e-01 -7.372222e+01 2.055248e-02 -9.970009e-02 9.948053e-01 -2.210393e+01
9.829460e-01 1.838633e-01 3.395155e-03 3.838127e+02 -1.832662e-01 9.778948e-01 1.006746e-01 -7.405077e+01 1.519026e-02 -9.957993e-02 9.949136e-01 -2.227715e+01
