1.0 0.0 0.0 0.0 0.0 1.0 0.0 0.0 0.0 0.0 1.0 0.0
0.9999906 0.003937719 0.001799648 1.195201 -0.003941936 0.9999895 0.002345685 -0.05326249 -0.001790392 -0.002352757 0.9999956 -0.01223573
0.999975 0.006891496 0.00157918 2.143238 -0.006896448 0.9999712 0.003152842 -0.0638928 -0.001557407 -0.003163654 0.9999938 -0.01151678
0.9999467 0.009664307 0.003631877 3.083057 -0.009673283 0.9999503 0.002462109 -0.08946902 -0.003607901 -0.00249711 0.9999903 -0.02956494
0.9999126 0.01275006 0.003514492 4.00665 -0.01275778 0.9999162 0.002182047 -0.1106623 -0.003486377 -0.002226693 0.9999914 -0.04038713
0.9998664 0.01568217 0.004601422 4.942619 -0.01569384 0.9998736 0.002510634 -0.143323 -0.004561468 -0.002582512 0.9999863 -0.06249483
0.9998121 0.01916437 0.002901071 5.887722 -0.01917479 0.9998095 0.003605009 -0.1629983 -0.002831431 -0.00365996 0.9999893 -0.07020728
0.9997482 0.02233109 0.002204841 6.852345 -0.02233909 0.9997437 0.003676655 -0.1947797 -0.002122172 -0.003724983 0.9999908 -0.07401214
0.9996566 0.02589828 0.003995114 7.827264 -0.02590945 0.9996605 0.002768429 -0.2337967 -0.00392206 -0.002870989 0.9999882 -0.08952001
0.999541 0.03027773 0.001040654 8.812162 -0.03028059 0.9995372 0.00284971 -0.2703551 -0.0009538902 -0.002879914 0.9999954 -0.1215542
0.9993849 0.03492362 0.003170518 9.817247 -0.03493369 0.9993845 0.003179024 -0.3318093 -0.003057544 -0.003287827 0.9999899 -0.1170183
0.9992583 0.03835969 0.003360922 10.82133 -0.03836678 0.9992615 0.00207095 -0.3772678 -0.003278999 -0.002198362 0.9999922 -0.1176573
0.9991208 0.04174142 0.003907018 11.85303 -0.04174705 0.9991274 0.001368686 -0.4332398 -0.003846477 -0.001530589 0.9999914 -0.1713751
0.9990292 0.04398819 -0.002397758 12.88976 -0.04398653 0.9990319 0.0007404793 -0.4857833 0.002428008 -0.0006342914 0.9999968 -0.1915985
0.9988896 0.04708754 -0.001558468 13.9364 -0.04708137 0.9988837 0.003788165 -0.5308434 0.001735104 -0.003710583 0.9999916 -0.1684811
0.9987115 0.05045225 -0.005477041 15.01042 -0.05046344 0.9987242 -0.001924894 -0.6001145 0.005372938 0.002198804 0.9999831 -0.152969
0.998489 0.05494494 -0.0009499213 16.07491 -0.05494812 0.9984821 -0.003730286 -0.6710625 0.0007435192 0.003776846 0.9999926 -0.2276004
0.9983483 0.057167 -0.005707996 17.15706 -0.05718088 0.9983611 -0.002298441 -0.7603252 0.005567247 0.002621033 0.999981 -0.2201483
0.9981709 0.06037787 0.00306541 18.22768 -0.06039019 0.9981666 0.004099063 -0.8384424 -0.002812296 -0.004276686 0.9999869 -0.198081
0.9979588 0.0637777 -0.003276198 19.33264 -0.06375034 0.9979349 0.007866576 -0.8970585 0.003771144 -0.00764166 0.9999637 -0.2368851
0.997696 0.06777034 0.003150789 20.44541 -0.06778417 0.99769 0.004511642 -1.017256 -0.002837755 -0.004714821 0.9999849 -0.2670154
0.9975283 0.07015402 -0.003976446 21.56827 -0.07013268 0.9975237 0.005273954 -1.066377 0.004336588 -0.004982039 0.9999782 -0.2453761
0.9973509 0.07274093 5.645209e-05 22.68379 -0.07273985 0.997331 0.006310316 -1.181871 0.0004027169 -0.006297706 0.9999801 -0.3172811
0.9971153 0.07589629 -0.0009002708 23.81108 -0.07588422 0.9970706 0.009589531 -1.27225 0.001625443 -0.009493553 0.9999536 -0.2887034
0.9968203 0.07967878 0.0008091556 24.95834 -0.07968269 0.9967897 0.007822185 -1.379044 -0.0001832957 -0.007861788 0.9999691 -0.3359351
0.9965652 0.08279913 -0.001458038 26.11247 -0.08278894 0.9965488 0.006033879 -1.496963 0.001952606 -0.005892445 0.9999807 -0.3774127
0.9963414 0.08541235 0.002924772 27.26431 -0.08542463 0.9963349 0.004365805 -1.599331 -0.00254116 -0.00459968 0.9999862 -0.372208
0.9960899 0.08834033 -0.0009488652 28.42959 -0.08833406 0.9960766 0.005349633 -1.722937 0.001417731 -0.005244898 0.9999852 -0.4135846
0.9958632 0.09086282 0.0006234599 29.60825 -0.09086481 0.9958502 0.005085282 -1.836274 -0.0001588097 -0.005120896 0.9999869 -0.4346509
0.9955834 0.09378761 -0.004196406 30.8041 -0.093768 0.9955834 0.00464738 -1.952135 0.004613738 -0.004233366 0.9999804 -0.4315807
0.9953026 0.09677995 -0.002514185 31.99073 -0.09677153 0.9953011 0.003280626 -2.083205 0.00281987 -0.003021914 0.9999915 -0.4673145
0.9949678 0.1000454 -0.005482272 33.19279 -0.1000284 0.9949791 0.003297829 -2.209064 0.005784679 -0.00273285 0.9999796 -0.4704984
0.9945686 0.1039459 -0.005340797 34.40117 -0.1039227 0.9945754 0.004450483 -2.356496 0.005774435 -0.00387128 0.9999759 -0.5166321
0.9941307 0.1080563 -0.005285091 35.61726 -0.108026 0.9941317 0.005714272 -2.497064 0.005871539 -0.005109807 0.9999697 -0.5070582
0.9936675 0.1121984 -0.006032294 36.84933 -0.112167 0.9936752 0.005315769 -2.640195 0.006590561 -0.004605483 0.9999677 -0.5421921
0.9931141 0.117091 -0.003755983 38.09359 -0.1170701 0.9931091 0.005364805 -2.805964 0.004358271 -0.00488815 0.9999785 -0.559647
0.9924769 0.1223315 -0.004958698 39.32793 -0.1223074 0.9924803 0.004897801 -2.975375 0.005520565 -0.004254468 0.9999757 -0.5760515
0.991755 0.1280364 -0.005353132 40.58028 -0.128004 0.9917555 0.006009211 -3.151699 0.006078396 -0.005274443 0.9999676 -0.6204569
0.9909469 0.1340314 -0.007727438 41.81693 -0.1339645 0.9909488 0.00861465 -3.332078 0.008812129 -0.007501459 0.9999331 -0.6225278
0.9899676 0.1411767 -0.00575763 43.07883 -0.1410981 0.9899188 0.01232779 -3.532987 0.007439984 -0.01139172 0.9999074 -0.6663256
0.9890101 0.1476369 -0.007897194 44.35176 -0.1475124 0.9889535 0.01453101 -3.722148 0.00995527 -0.01320638 0.9998632 -0.6776006
0.9880279 0.1542394 -0.003325805 45.63663 -0.1541899 0.9879684 0.01198436 -3.934026 0.005134253 -0.01132808 0.9999226 -0.7208634
0.9870024 0.1605916 -0.006047302 46.91154 -0.1605235 0.986977 0.0104314 -4.169964 0.007643742 -0.009325084 0.9999273 -0.7544881
0.9858139 0.1678184 -0.002831769 48.20782 -0.1677944 0.9857953 0.007253992 -4.404718 0.004008899 -0.006675932 0.9999697 -0.7754127
0.9847864 0.1737514 -0.002482514 49.49908 -0.1737195 0.9847462 0.009826649 -4.643091 0.00415204 -0.009245889 0.9999486 -0.8044366
0.9836489 0.1800953 0.0006925152 50.81345 -0.1800928 0.9835955 0.01030881 -4.901154 0.001175413 -0.01026496 0.9999466 -0.830002
0.9825567 0.1859413 0.002861779 52.12347 -0.1859614 0.9824997 0.01061241 -5.168988 -0.0008384122 -0.01095947 0.9999396 -0.8517095
0.9815477 0.1911205 0.006100571 53.44816 -0.1911773 0.9814968 0.01073971 -5.440799 -0.003935111 -0.01170783 0.9999237 -0.897176
0.9807277 0.1952748 0.006398793 54.7915 -0.1953506 0.9806205 0.01488406 -5.713275 -0.003368306 -0.01584722 0.9998688 -0.932398
0.9800425 0.1986929 0.00615499 56.13281 -0.1987704 0.9798989 0.01697558 -5.992151 -0.002658342 -0.01786022 0.999837 -0.9610201
0.9796175 0.2008264 0.004287445 57.47637 -0.2008717 0.9794393 0.01868966 -6.279005 -0.0004459139 -0.01916995 0.9998161 -1.019662
0.9792607 0.2026021 0.0009269487 58.825 -0.2025817 0.9790739 0.01936801 -6.563943 0.003016447 -0.01915411 0.999812 -1.046087
0.9789142 0.204272 -8.461531e-05 60.18577 -0.2042217 0.9786828 0.02176745 -6.856384 0.004529291 -0.02129119 0.9997631 -1.097274
0.9786908 0.2053119 -0.003364779 61.55256 -0.2052047 0.9785109 0.020197 -7.156034 0.007439157 -0.01907615 0.9997904 -1.164498
0.9784742 0.2063431 -0.003276633 62.93304 -0.2062337 0.978284 0.02068865 -7.455355 0.007474438 -0.01956756 0.9997806 -1.195698
0.9782792 0.2072321 -0.004970423 64.30946 -0.2070875 0.9780986 0.0209311 -7.760566 0.009199158 -0.01944714 0.9997686 -1.229993
0.9783601 0.2068966 -0.002331945 65.71854 -0.2068085 0.9781717 0.020254 -8.063425 0.006471526 -0.01933344 0.9997922 -1.268778
0.9787514 0.205045 -0.001480521 67.1174 -0.2049828 0.9785888 0.01860661 -8.371782 0.005264014 -0.01790777 0.9998258 -1.322212
0.9792363 0.2027199 -0.0009172783 68.52289 -0.2026654 0.9790598 0.0192023 -8.679391 0.004790759 -0.01861769 0.9998152 -1.377255
0.9795493 0.2012034 -0.0006370409 69.93383 -0.201146 0.9793363 0.02099621 -8.987015 0.004848387 -0.02043869 0.9997793 -1.422323
0.979873 0.1995957 -0.003229467 71.35889 -0.1994854 0.9796733 0.02111596 -9.290195 0.007378478 -0.02004673 0.9997718 -1.468435
0.9802513 0.1977329 -0.00300347 72.79616 -0.1976386 0.9800805 0.01952656 -9.587679 0.006804687 -0.01854734 0.9998049 -1.518228
0.9805783 0.1961108 -0.002593643 74.23952 -0.1960419 0.9804544 0.01663993 -9.890547 0.005806218 -0.0158083 0.9998582 -1.546435
0.9809506 0.1942432 -0.002350957 75.67122 -0.1941866 0.9808481 0.01512348 -10.1904 0.005243564 -0.01437886 0.9998829 -1.607862
0.9812908 0.1925129 -0.002677909 77.10847 -0.1924456 0.9811734 0.0162319 -10.49488 0.005752345 -0.01541286 0.9998647 -1.63217
0.981611 0.1908902 -0.000947236 78.54277 -0.1908326 0.9814149 0.02019591 -10.79043 0.004784832 -0.01964376 0.9997956 -1.720783
0.9818943 0.189421 -0.001795211 79.97456 -0.1893342 0.9816567 0.02242047 -11.08518 0.006009189 -0.02167464 0.999747 -1.748115
0.9821894 0.1878668 -0.003185676 81.41069 -0.187737 0.9819212 0.02419716 -11.37216 0.007673926 -0.02316812 0.9997022 -1.80716
0.9825252 0.1861208 -0.001816473 82.83316 -0.1860213 0.9822392 0.02454188 -11.66656 0.006351966 -0.02377511 0.9996971 -1.886337
0.9828249 0.1845186 -0.002855709 84.2795 -0.1843818 0.9825032 0.02628423 -11.95184 0.007655671 -0.02530625 0.9996504 -1.927744
0.98307 0.1832293 0.0006796659 85.71065 -0.1831936 0.9827905 0.02373319 -12.23335 0.003680647 -0.0234559 0.9997181 -2.001864
0.98345 0.1811793 -0.0004223346 87.13274 -0.1811304 0.983234 0.02104301 -12.52689 0.004227811 -0.02061825 0.9997785 -2.06672
0.9837202 0.1796947 0.00210267 88.56353 -0.1796983 0.9834896 0.02137073 -12.8028 0.001772254 -0.02140067 0.9997694 -2.090392
0.9841034 0.1775897 -0.001553309 89.98788 -0.1775026 0.9838301 0.02390694 -13.07988 0.005773818 -0.02325119 0.999713 -2.187836
0.984286 0.1765634 -0.002548336 91.41885 -0.1764643 0.9840549 0.02227451 -13.3476 0.006440565 -0.0214748 0.9997486 -2.231479
0.9845685 0.1747673 -0.009007648 92.85106 -0.1745531 0.9844297 0.02072209 -13.60895 0.01248894 -0.01883001 0.9997447 -2.294533
0.9848987 0.172988 -0.007052764 94.26736 -0.172834 0.984777 0.01851789 -13.87839 0.01014877 -0.01701928 0.9998037 -2.334364
0.9852817 0.1706014 -0.01072905 95.69597 -0.1703843 0.9852011 0.0186516 -14.13627 0.01375226 -0.01654902 0.9997685 -2.362736
0.9858824 0.1672236 -0.008495291 97.10704 -0.1670557 0.9857894 0.01765047 -14.39458 0.01132614 -0.0159821 0.9998081 -2.458339
0.9864183 0.1639554 -0.009879238 98.52187 -0.1637787 0.9863571 0.01662469 -14.65104 0.01247016 -0.01478089 0.999813 -2.48006
0.9868951 0.1611321 -0.008626922 99.94701 -0.1609566 0.986794 0.01818317 -14.89463 0.01144289 -0.01655632 0.9997975 -2.523963
0.9874017 0.1579147 -0.01004368 101.3628 -0.1577234 0.9873263 0.01761379 -15.13235 0.01269787 -0.01580776 0.9997944 -2.585829
0.9878159 0.155393 -0.008527501 102.7741 -0.1552246 0.9877198 0.01775388 -15.37078 0.01118161 -0.01621389 0.999806 -2.624099
0.9883322 0.1519483 -0.0105414 104.1828 -0.1517742 0.9882904 0.01571013 -15.60356 0.01280509 -0.01392691 0.999821 -2.682315
0.9888901 0.1484364 -0.007940732 105.5788 -0.1483035 0.9888234 0.01530181 -15.82838 0.01012333 -0.01395417 0.9998514 -2.738814
0.9893302 0.1452282 -0.01160114 106.9816 -0.1450423 0.9893037 0.01552542 -16.05387 0.01373178 -0.01367711 0.9998122 -2.772691
0.9898376 0.1417211 -0.01168591 108.3681 -0.1415527 0.9898294 0.0141643 -16.26676 0.01357443 -0.01236619 0.9998314 -2.824736
0.9902806 0.1383573 -0.01419568 109.751 -0.1381644 0.9903134 0.01377594 -16.47565 0.01596417 -0.01168071 0.9998043 -2.85774
0.9907765 0.1346671 -0.01505506 111.1375 -0.1344557 0.9908167 0.01427441 -16.67728 0.0168391 -0.01211852 0.9997848 -2.917424
0.9913273 0.1303675 -0.01656686 112.5145 -0.1301646 0.9914099 0.01278831 -16.86784 0.01809173 -0.01052098 0.999781 -2.951733
0.9918917 0.1259912 -0.0166477 113.8684 -0.1258121 0.9919884 0.01140367 -17.05766 0.01795109 -0.009216722 0.9997964 -3.009006
0.9924358 0.1214257 -0.01808241 115.2296 -0.1212513 0.9925667 0.0104554 -17.23932 0.01921755 -0.008183798 0.9997818 -3.02283
0.9929929 0.1163977 -0.02041321 116.5777 -0.1162225 0.9931771 0.009574596 -17.40095 0.0213884 -0.007135032 0.9997458 -3.089082
0.9935904 0.1113191 -0.01965169 117.9126 -0.1111296 0.9937507 0.01048647 -17.57025 0.02069622 -0.008235374 0.9997519 -3.129336
0.9941121 0.1061352 -0.02182693 119.263 -0.1059044 0.99431 0.01147474 -17.72146 0.02292061 -0.009095611 0.9996959 -3.142682
0.9947685 0.09958227 -0.02278187 120.5843 -0.09935598 0.9949926 0.01086106 -17.86061 0.02374937 -0.008540723 0.9996815 -3.190372
0.99551 0.09226647 -0.02113795 121.9174 -0.09203592 0.9956878 0.01163409 -17.99257 0.02212023 -0.0096364 0.9997089 -3.245347
0.9961131 0.08448847 -0.02490873 123.2545 -0.08420231 0.9963725 0.01232388 -18.11573 0.0258596 -0.01017861 0.9996138 -3.29004
0.9967629 0.07651159 -0.02469388 124.5771 -0.07623065 0.9970164 0.01212617 -18.22398 0.025548 -0.01020448 0.9996215 -3.318945
0.9972885 0.06769719 -0.02885785 125.9055 -0.06737348 0.997655 0.0120469 -18.31256 0.02960572 -0.01006998 0.9995109 -3.351587
0.9977813 0.05961167 -0.02964643 127.2085 -0.05932269 0.9981831 0.01053428 -18.4081 0.03022053 -0.008752204 0.9995049 -3.402221
0.9981716 0.05124123 -0.03205815 128.5283 -0.05090527 0.9986405 0.01120991 -18.49195 0.03258898 -0.009557487 0.9994231 -3.447026
0.9985162 0.04295374 -0.03347112 129.8441 -0.04263172 0.999038 0.01027648 -18.55814 0.03388034 -0.008834301 0.9993868 -3.479535
0.9986221 0.03540754 -0.03873309 131.1509 -0.03509745 0.9993464 0.008657057 -18.61596 0.0390143 -0.007285696 0.9992121 -3.506454
0.9987289 0.0288158 -0.04135379 132.4472 -0.02839207 0.9995384 0.0107976 -18.66164 0.04164584 -0.00960976 0.9990862 -3.5614
0.9987572 0.0226715 -0.04438629 133.7566 -0.0223096 0.999714 0.008631861 -18.70749 0.04456929 -0.007630892 0.9989771 -3.571994
0.998843 0.0173011 -0.04487032 135.0455 -0.01698355 0.999828 0.007448902 -18.73665 0.04499147 -0.006678226 0.998965 -3.62049
0.9988178 0.01233253 -0.04702009 136.3467 -0.01198294 0.9998986 0.007709459 -18.76502 0.04711039 -0.007136906 0.9988642 -3.641499
0.9988715 0.007668498 -0.04687085 137.644 -0.007222166 0.9999269 0.009684522 -18.78753 0.0469417 -0.009335084 0.998854 -3.675678
0.9987838 0.002290846 -0.04925187 138.9453 -0.001833047 0.9999548 0.009338217 -18.8016 0.04927103 -0.009236578 0.9987428 -3.715819
0.9988412 -0.002977259 -0.04803655 140.2459 0.003338887 0.9999666 0.007449699 -18.81172 0.04801277 -0.007601454 0.9988178 -3.746234
0.9987044 -0.009078015 -0.0500708 141.5446 0.009469327 0.9999264 0.007583508 -18.81399 0.04999826 -0.008047819 0.9987169 -3.77851
0.9986184 -0.01510619 -0.05033107 142.8385 0.01556285 0.9998411 0.008693597 -18.79701 0.05019175 -0.009464881 0.9986948 -3.804834
0.9983709 -0.02146866 -0.0528645 144.1428 0.02206977 0.9996979 0.01081334 -18.7796 0.05261639 -0.01196243 0.9985431 -3.846479
0.9981804 -0.02845571 -0.05316188 145.4391 0.02906162 0.9995208 0.01065918 -18.74353 0.05283309 -0.01218475 0.998529 -3.877135
0.9978088 -0.03540898 -0.05589069 146.741 0.03605794 0.9992929 0.01064534 -18.71094 0.05547424 -0.01263732 0.9983801 -3.906491
0.9975844 -0.04142237 -0.05576339 148.0509 0.04205099 0.999064 0.01014675 -18.66128 0.05529089 -0.01246714 0.9983925 -3.948771
0.9971543 -0.04669444 -0.05918545 149.3475 0.04740846 0.998818 0.01071728 -18.60973 0.05861506 -0.01349267 0.9981894 -3.975287
0.9969465 -0.05083637 -0.05927382 150.6709 0.05156955 0.9986099 0.01090508 -18.55646 0.05863705 -0.01392851 0.9981822 -4.00978
0.9965739 -0.05553509 -0.06128974 151.9988 0.05630029 0.9983552 0.01082802 -18.50293 0.06058759 -0.01424156 0.9980613 -4.034465
0.9964217 -0.06056395 -0.05895576 153.3222 0.06127894 0.9980667 0.01039439 -18.43725 0.05821224 -0.01396994 0.9982065 -4.080139
0.9959835 -0.06604866 -0.06045193 154.6514 0.06678318 0.9977155 0.01020963 -18.36048 0.05963948 -0.0142058 0.9981189 -4.112365
0.9956559 -0.07163234 -0.05948221 155.9829 0.07234648 0.99733 0.009937692 -18.28339 0.05861153 -0.01419785 0.9981799 -4.143701
0.9951705 -0.07705229 -0.06081674 157.3163 0.07773737 0.9969336 0.008976758 -18.18805 0.05993856 -0.01366114 0.9981086 -4.178292
0.9947638 -0.08273481 -0.05999952 158.652 0.08329232 0.9965016 0.006847054 -18.08878 0.05922313 -0.0118087 0.9981749 -4.20307
0.9942933 -0.08847717 -0.05960404 159.9888 0.08904191 0.9960042 0.006881168 -17.98043 0.05875704 -0.01214916 0.9981984 -4.225984
0.9936535 -0.09430128 -0.06131957 161.3292 0.09502222 0.995435 0.008942484 -17.86642 0.06019636 -0.01471245 0.9980781 -4.252215
0.9930937 -0.1007512 -0.06011806 162.6806 0.1015924 0.9947643 0.01109469 -17.73497 0.0586855 -0.0171256 0.9981296 -4.317616
0.9924086 -0.1074223 -0.05987989 164.0407 0.1082252 0.9940727 0.01032227 -17.60553 0.05841613 -0.01672442 0.9981522 -4.323861
0.9915736 -0.1147077 -0.0602 165.3804 0.1155608 0.993241 0.01087487 -17.45662 0.05854566 -0.01773999 0.9981271 -4.356711
0.9908277 -0.1220791 -0.05794029 166.7282 0.1230148 0.9923215 0.01285356 -17.30365 0.05592624 -0.01986317 0.9982373 -4.416338
0.9898179 -0.1293996 -0.05929877 168.0853 0.1304737 0.9913445 0.01459765 -17.1398 0.05689657 -0.02218595 0.9981335 -4.431175
0.9888321 -0.1369316 -0.0588281 169.4406 0.1380361 0.9903117 0.01512052 -16.96653 0.05618769 -0.02307206 0.9981536 -4.472536
0.987788 -0.1445395 -0.05816485 170.8027 0.1455858 0.9892443 0.01415051 -16.78146 0.05549394 -0.02244568 0.9982067 -4.505902
0.9868567 -0.1519378 -0.05503453 172.1768 0.1527966 0.9881881 0.01172349 -16.58852 0.05260322 -0.01997849 0.9984156 -4.541796
0.9857978 -0.1593222 -0.05309648 173.5309 0.1602025 0.987002 0.01273125 -16.37869 0.05037796 -0.02105663 0.9985082 -4.608366
0.9847755 -0.1668204 -0.04886968 174.8963 0.1676881 0.9857378 0.01419909 -16.16511 0.045804 -0.02217778 0.9987043 -4.625171
0.9835522 -0.174027 -0.04837161 176.2669 0.1749967 0.9844297 0.01656039 -15.94218 0.0447365 -0.02475288 0.9986921 -4.65976
0.9821697 -0.1816936 -0.04826986 177.6363 0.1827183 0.983006 0.01770111 -15.69287 0.04423338 -0.02620528 0.9986775 -4.730318
0.9808747 -0.1889967 -0.04653041 178.9985 0.1899927 0.9816211 0.01796419 -15.44082 0.04228006 -0.02646106 0.9987553 -4.750214
0.9792683 -0.1963833 -0.04967046 180.3812 0.1973875 0.9801927 0.01614389 -15.19021 0.04551623 -0.02561353 0.9986352 -4.797033
0.9781287 -0.2033372 -0.04379691 181.7531 0.2040769 0.9788672 0.01308977 -14.92714 0.04020973 -0.02174141 0.9989547 -4.8477
0.9766605 -0.2107577 -0.04141687 183.1304 0.2113973 0.9773304 0.01167252 -14.64751 0.0380179 -0.02015551 0.9990737 -4.865509
0.9752745 -0.2180778 -0.03580059 184.5005 0.2185301 0.9757868 0.009202205 -14.36092 0.03292694 -0.01679818 0.9993166 -4.890162
0.9735337 -0.2258542 -0.03495687 185.8642 0.2263448 0.9739881 0.01072865 -14.04988 0.03162446 -0.01835701 0.9993312 -4.955191
0.9718866 -0.2330764 -0.03334489 187.2327 0.2336286 0.9722295 0.01369768 -13.73829 0.02922627 -0.02110291 0.99935 -4.982011
0.9699078 -0.2404589 -0.03819018 188.6123 0.2412203 0.9703268 0.01669859 -13.40136 0.03304163 -0.02540834 0.999131 -5.030004
0.9681686 -0.2475542 -0.03696701 189.9906 0.2482056 0.9686042 0.01414249 -13.07408 0.03230537 -0.02286773 0.9992164 -5.070438
0.9662176 -0.2549936 -0.03744003 191.3662 0.255606 0.9667 0.01251944 -12.7294 0.0330009 -0.0216664 0.9992204 -5.104895
0.9642309 -0.2627058 -0.03527727 192.7164 0.2632432 0.9646611 0.01148591 -12.36571 0.0310132 -0.02036157 0.9993116 -5.153718
0.9622235 -0.2700177 -0.03487718 194.0791 0.2705719 0.9626224 0.01219831 -12.00638 0.0302798 -0.02117428 0.9993172 -5.186972
0.9601112 -0.2771968 -0.03672056 195.4216 0.2777958 0.9605619 0.01225818 -11.63624 0.03187444 -0.02197003 0.9992504 -5.226849
0.9580457 -0.2843152 -0.03624047 196.7668 0.2849456 0.9584485 0.01350649 -11.25146 0.03089452 -0.02326639 0.9992518 -5.263654
0.9559322 -0.2915729 -0.03433557 198.0967 0.2922134 0.9562308 0.01529929 -10.86159 0.02837187 -0.0246584 0.9992933 -5.327776
0.9536816 -0.2989816 -0.03318815 199.4179 0.2996477 0.9538946 0.01721987 -10.46209 0.02650957 -0.02636702 0.9993008 -5.356179
0.9513754 -0.3062159 -0.03341706 200.7481 0.3069633 0.9515104 0.02003829 -10.04569 0.02566064 -0.02932175 0.9992406 -5.425029
0.9489576 -0.3134973 -0.03462411 202.0676 0.3143451 0.9490429 0.02246113 -9.617522 0.02581826 -0.03219858 0.999148 -5.484597
0.9469039 -0.3191376 -0.03903911 203.3842 0.3200519 0.9471928 0.01981528 -9.205438 0.03065377 -0.03125771 0.9990412 -5.446793
0.9451339 -0.3238736 -0.04275277 204.6993 0.3247924 0.9456419 0.01646466 -8.747611 0.03509634 -0.02944708 0.99895 -5.610546
0.9433826 -0.329293 -0.03994165 206.0018 0.3300287 0.9438772 0.0132993 -8.297173 0.03332064 -0.02572822 0.9991135 -5.759453
0.9418702 -0.3339582 -0.03677655 207.2935 0.3348729 0.9420007 0.02223833 -7.856338 0.02721687 -0.03326109 0.9990761 -5.6738
0.940275 -0.3367607 -0.04975055 208.5897 0.3381706 0.9408016 0.02308219 -7.432574 0.03903223 -0.03852778 0.9984949 -5.60557
0.9397087 -0.3381104 -0.05127253 209.8822 0.3394006 0.9404557 0.01872067 -6.961881 0.04188989 -0.0349939 0.9985092 -5.785087
0.9390396 -0.3401391 -0.05009985 211.1718 0.3413497 0.9397689 0.01773939 -6.492841 0.04104842 -0.03375955 0.9985867 -5.883782
0.938354 -0.3419747 -0.0504486 212.4384 0.34343 0.938885 0.02347155 -6.053298 0.03933876 -0.03935019 0.9984508 -5.834981
0.9373893 -0.3430935 -0.05990138 213.6909 0.3449436 0.9383272 0.02357866 -5.599295 0.0481174 -0.04276498 0.9979258 -5.925924
0.9374189 -0.3437248 -0.0556704 214.9322 0.3453903 0.9381665 0.0234303 -5.148304 0.04417453 -0.04119202 0.9981743 -5.996922
0.9368995 -0.3441414 -0.06153153 216.1638 0.3462383 0.9377536 0.02715183 -4.714531 0.04835735 -0.04674311 0.9977357 -6.012456
0.9369667 -0.3442165 -0.06007046 217.3899 0.3462201 0.9377757 0.02661668 -4.274431 0.04717072 -0.04573654 0.9978392 -6.122952
0.9367038 -0.3450558 -0.05935089 218.5913 0.3470702 0.9374344 0.02754468 -3.844544 0.04613312 -0.04640013 0.9978571 -6.148848
0.936565 -0.3452533 -0.06038393 219.7749 0.3473763 0.9372828 0.02882252 -3.415197 0.04664575 -0.04797011 0.997759 -6.21836
0.9363497 -0.345909 -0.05996796 220.9208 0.3479507 0.9371096 0.02749728 -3.002943 0.04668499 -0.04661297 0.9978215 -6.294871
0.9364251 -0.3460152 -0.05815059 222.0706 0.3478396 0.9372318 0.02457933 -2.595749 0.04599577 -0.04324378 0.9980052 -6.343516
0.9363039 -0.3470615 -0.05369715 223.176 0.3487261 0.9368838 0.02527758 -2.185625 0.04153512 -0.04239309 0.9982373 -6.380213
0.9356889 -0.3474731 -0.06122741 224.255 0.3494292 0.936643 0.0244785 -1.789805 0.04884261 -0.0442989 0.9978237 -6.454087
0.9358156 -0.3480846 -0.05555489 225.312 0.3498476 0.9364542 0.02569619 -1.397394 0.04308015 -0.04348263 0.9981249 -6.547455
0.9360769 -0.3467472 -0.05938442 226.3665 0.3486603 0.9369073 0.02530862 -1.02416 0.04686201 -0.0443958 0.9979143 -6.52345
0.9361843 -0.3457674 -0.06327575 227.3882 0.3477743 0.9372783 0.02371485 -0.6486738 0.05110717 -0.04420715 0.9977143 -6.635014
0.9360528 -0.3462904 -0.0623545 228.3977 0.3479011 0.9373807 0.01680508 -0.2830648 0.05263046 -0.03742364 0.9979126 -6.663103
0.9357203 -0.3469845 -0.06347673 229.358 0.3485664 0.9371566 0.01546738 0.07728244 0.05412068 -0.03659899 0.9978635 -6.673584
0.935738 -0.3470116 -0.0630659 230.301 0.3487861 0.9370021 0.01937313 0.4196361 0.05237018 -0.04012468 0.9978213 -6.75791
0.9360932 -0.346398 -0.06113874 231.2344 0.3483834 0.9370139 0.02518298 0.7493248 0.04856451 -0.04487334 0.9978116 -6.757631
0.9356212 -0.34698 -0.06494503 232.1752 0.3492368 0.9366441 0.0270475 1.102445 0.05144543 -0.04798741 0.9975222 -6.821266
0.9357187 -0.3477172 -0.05935704 233.1151 0.3496746 0.9365029 0.02626136 1.442349 0.04645652 -0.0453289 0.9978913 -6.878327
0.9357303 -0.3480222 -0.05735343 234.0441 0.3498247 0.9364864 0.02481947 1.767593 0.04507298 -0.04328797 0.9980454 -6.886582
0.9357396 -0.34847 -0.05440663 234.9596 0.3500954 0.9364161 0.02362234 2.100258 0.04271557 -0.04115187 0.9982394 -6.956061
0.9356243 -0.349405 -0.05023282 235.8733 0.3508678 0.9361233 0.02377577 2.43536 0.03871673 -0.03987026 0.9984545 -6.977054
0.9357367 -0.3494929 -0.04745125 236.7785 0.3508556 0.9361209 0.02404111 2.757056 0.03601791 -0.03914469 0.9985842 -7.035381
0.935725 -0.3499676 -0.04406116 237.6761 0.3511872 0.9360061 0.02366688 3.079858 0.03295887 -0.03761941 0.9987485 -7.068902
0.935574 -0.3509236 -0.03941995 238.5846 0.3519667 0.9357181 0.02347183 3.411281 0.02864914 -0.03583415 0.998947 -7.09696
0.9355811 -0.3513539 -0.03519235 239.4714 0.352254 0.9356043 0.02369799 3.72977 0.02459973 -0.03456804 0.9990996 -7.157912
0.9355472 -0.3517214 -0.03230143 240.3666 0.3525247 0.9355004 0.02377583 4.051234 0.02185553 -0.03363046 0.9991953 -7.180311
0.9352407 -0.3525186 -0.03248738 241.2454 0.3533265 0.9351997 0.02369917 4.369462 0.0220278 -0.03364308 0.9991911 -7.214407
0.9347811 -0.3541229 -0.02795061 242.1282 0.3547532 0.934698 0.02213355 4.695122 0.01828738 -0.03060559 0.9993643 -7.263097
0.9346042 -0.3549297 -0.02323552 243.0124 0.3553939 0.9344957 0.02032684 5.005533 0.0144989 -0.02725531 0.9995233 -7.29421
0.9341988 -0.3561781 -0.02024323 243.9077 0.3565423 0.9340923 0.01868265 5.339927 0.01225469 -0.02467087 0.9996205 -7.336496
0.9338171 -0.3573265 -0.01741877 244.7783 0.3575906 0.9337488 0.01555829 5.6652 0.01070536 -0.02075739 0.9997272 -7.354213
0.9337116 -0.3578066 -0.01253123 245.6502 0.3579679 0.9336187 0.01468241 5.978644 0.006445923 -0.01819492 0.9998137 -7.385919
0.9337928 -0.3576702 -0.01014722 246.5331 0.3577943 0.9336641 0.01595912 6.302539 0.003765996 -0.01853313 0.9998211 -7.422357
0.9343515 -0.356315 -0.005187908 247.427 0.3563493 0.9341794 0.01800191 6.616467 -0.001567913 -0.01866882 0.9998245 -7.449106
0.9351498 -0.3542498 -0.001349133 248.3152 0.3542115 0.9349777 0.01874043 6.934954 -0.005377384 -0.01800299 0.9998235 -7.479202
0.936597 -0.3504036 0.001800779 249.2 0.3503209 0.9364659 0.01751888 7.252443 -0.007825046 -0.01577728 0.9998449 -7.504516
0.9388389 -0.3443118 0.005558713 250.0986 0.3441537 0.9387174 0.0191828 7.561624 -0.01182293 -0.01609651 0.9998006 -7.545014
0.941925 -0.3357252 0.008112376 250.9874 0.3354617 0.9417571 0.02364372 7.848444 -0.01557768 -0.01954922 0.9996876 -7.601328
0.9455053 -0.3254482 0.01015646 251.8886 0.3250209 0.9452152 0.03048678 8.135601 -0.01952191 -0.02552435 0.9994836 -7.611193
0.9492857 -0.314218 0.01111413 252.7952 0.3136833 0.9488956 0.03464352 8.40134 -0.02143176 -0.02940028 0.9993379 -7.682271
0.9529487 -0.3029015 0.01180411 253.7117 0.3022505 0.9524252 0.03912323 8.66375 -0.02309302 -0.03371463 0.9991646 -7.720031
0.9565189 -0.2914082 0.012367 254.6227 0.2905906 0.9557658 0.045485 8.908273 -0.02507466 -0.03991352 0.9988885 -7.753149
0.9600955 -0.2793248 0.01393734 255.536 0.2783659 0.9592346 0.04880083 9.148487 -0.02700045 -0.04297378 0.9987113 -7.811854
0.9637639 -0.2666071 0.008936105 256.466 0.2658316 0.9626697 0.05099608 9.38452 -0.02219843 -0.04677268 0.9986589 -7.912203
0.9672853 -0.2534505 0.01104328 257.3983 0.2525961 0.9662378 0.05078895 9.608664 -0.02354292 -0.04633792 0.9986483 -7.975294
0.9704638 -0.2410672 0.009303652 258.3246 0.2402038 0.9691319 0.05554547 9.80944 -0.02240666 -0.05167009 0.9984128 -7.991959
0.9735974 -0.2278471 0.01392043 259.2708 0.2266456 0.9721283 0.0599854 10.0266 -0.02719994 -0.05524662 0.9981022 -8.081492
0.9765397 -0.2149315 0.01321807 260.2116 0.2137044 0.9748515 0.06320436 10.2137 -0.02647027 -0.05889681 0.9979131 -8.150624
0.9795362 -0.2008265 0.01332626 261.1761 0.1996215 0.9778425 0.06304862 10.37875 -0.02569281 -0.0590982 0.9979215 -8.221017
0.9820777 -0.1880465 0.01272302 262.1385 0.1868947 0.9803418 0.0632462 10.56007 -0.02436614 -0.05973482 0.9979169 -8.292715
0.9845971 -0.1744175 0.01212189 263.1092 0.1733734 0.9829544 0.06117377 10.71509 -0.02258505 -0.05812991 0.9980535 -8.367763
0.9867989 -0.1613974 0.01337342 264.095 0.1602693 0.9850874 0.06258079 10.8596 -0.02327437 -0.05961131 0.9979503 -8.450414
0.9888665 -0.1482537 0.01280353 265.0556 0.1471635 0.9870749 0.06345045 10.99118 -0.0220448 -0.06085981 0.9979029 -8.503551
0.9908067 -0.1346375 0.01322376 266.032 0.1334469 0.9887217 0.06797859 11.11149 -0.02222708 -0.06558897 0.9975991 -8.593548
0.9925244 -0.1212861 0.01359904 267.0074 0.1200722 0.9903502 0.06920402 11.2006 -0.0218613 -0.06705382 0.9975098 -8.672633
0.993934 -0.1090659 0.01413585 268.0149 0.1078273 0.9917082 0.06991553 11.31222 -0.02164404 -0.06796719 0.9974527 -8.753071
0.9951846 -0.09693183 0.01455278 269.0088 0.09574619 0.9931244 0.06735617 11.40333 -0.02098168 -0.06563845 0.9976228 -8.835774
0.9962239 -0.08559038 0.01456971 269.9995 0.08447912 0.9943172 0.06478241 11.48189 -0.02003167 -0.06330694 0.997793 -8.914847
0.9971962 -0.07392144 0.01163446 271.014 0.0730359 0.9952881 0.06377652 11.53709 -0.01629409 -0.06274797 0.9978964 -8.97307
0.997892 -0.06364668 0.01267847 272.0198 0.06267292 0.9958299 0.0662916 11.60003 -0.01684484 -0.06535725 0.9977198 -9.048097
0.9984428 -0.05486283 0.01010066 273.0164 0.05403848 0.9961499 0.06903131 11.65344 -0.01384902 -0.06837799 0.9975634 -9.187195
0.9988642 -0.0461889 0.01170171 274.0125 0.04530756 0.9967352 0.06682865 11.69634 -0.01475025 -0.06622257 0.9976959 -9.218804
0.9993007 -0.03737603 0.0010969 275.024 0.03721523 0.9969952 0.06793632 11.72497 -0.003632794 -0.06784798 0.9976891 -9.274638
0.9995871 -0.02860639 0.002710865 275.9833 0.02830931 0.9965724 0.07772987 11.7431 -0.004925144 -0.07762103 0.9969708 -9.458467
0.9997827 -0.02066131 -0.002751897 276.9621 0.02082518 0.995721 0.09003256 11.75735 0.0008799316 -0.09007031 0.995935 -9.51033
0.9999073 -0.01239849 -0.005624071 277.9446 0.01279718 0.9969112 0.07748781 11.75315 0.004645967 -0.0775526 0.9969774 -9.603625
0.9999637 -0.004683937 -0.007114106 278.9361 0.005104085 0.9981711 0.06023664 11.75499 0.006818951 -0.06027076 0.9981588 -9.697928
0.9999836 0.002859097 -0.004962674 279.9341 -0.002627247 0.9989327 0.04611269 11.7471 0.005089218 -0.0460989 0.9989239 -9.737978
0.999903 0.009543322 -0.01014782 280.8995 -0.00901019 0.9986404 0.05134418 11.73951 0.01062401 -0.05124776 0.9986295 -9.84665
0.9998367 0.01715361 -0.005689532 281.8752 -0.0168427 0.9985665 0.05080653 11.70162 0.006552891 -0.05070241 0.9986923 -9.901342
0.9995998 0.02484774 -0.01351841 282.8571 -0.02424855 0.9987888 0.04281526 11.67002 0.0145659 -0.04247032 0.9989915 -9.907025
0.9994134 0.03307749 -0.008878625 283.8507 -0.03281524 0.9990631 0.02821426 11.6226 0.009803564 -0.02790635 0.9995624 -9.996995
0.9992025 0.03984481 -0.002584749 284.8095 -0.03972238 0.998528 0.0369308 11.57054 0.004052445 -0.03679868 0.9993145 -10.09287
0.9987587 0.04962025 -0.004347065 285.7551 -0.04928921 0.99713 0.05746745 11.50026 0.007186138 -0.05718185 0.9983379 -10.11003
0.9982237 0.05856963 -0.01091182 286.7185 -0.05769195 0.9959939 0.06832213 11.45684 0.01486971 -0.06757125 0.9976037 -10.17561
0.9975477 0.06863154 -0.0137245 287.7074 -0.06776346 0.9961286 0.05599901 11.36605 0.01751466 -0.05493166 0.9983365 -10.24255
0.9968278 0.07872728 -0.01167283 288.6952 -0.07810953 0.9958696 0.04629024 11.27126 0.01526892 -0.04523164 0.9988598 -10.29911
0.9960061 0.08882807 -0.009026461 289.6753 -0.08832178 0.9950212 0.04617468 11.17389 0.01308313 -0.04519302 0.9988926 -10.3728
0.9949834 0.09911074 -0.01360409 290.6613 -0.09822629 0.9936461 0.05494513 11.0632 0.0189633 -0.05333321 0.9983967 -10.43011
0.9938027 0.110344 -0.01343252 291.6475 -0.1094443 0.9924464 0.05542478 10.9454 0.01944685 -0.05361119 0.9983725 -10.52001
0.9926031 0.1205976 -0.0139771 292.6631 -0.1197099 0.9914078 0.05272787 10.80664 0.02021586 -0.05066465 0.9985111 -10.56842
0.9911554 0.1317273 -0.0160906 293.6712 -0.1308141 0.9902165 0.0485667 10.66747 0.02233074 -0.04603227 0.9986903 -10.64017
0.9896757 0.1422805 -0.01726924 294.6781 -0.1412918 0.988752 0.04905324 10.52105 0.02405432 -0.0461068 0.9986469 -10.69708
0.987964 0.1535707 -0.01852326 295.689 -0.1524992 0.9870567 0.04962784 10.33004 0.02590489 -0.04620573 0.998596 -10.77275
0.9862044 0.1646424 -0.01713629 296.7017 -0.1636029 0.9852333 0.0504936 10.15305 0.02519663 -0.04699347 0.9985774 -10.82924
0.9842846 0.1758211 -0.01645661 297.7233 -0.1747905 0.9832857 0.05096801 9.946516 0.0251428 -0.04729057 0.9985647 -10.90303
0.9821015 0.1876951 -0.01572327 298.7421 -0.1866874 0.981097 0.050956 9.735295 0.02499025 -0.04710863 0.9985771 -10.95458
0.9798914 0.1991773 -0.01188386 299.769 -0.1983292 0.9787866 0.05140599 9.528344 0.02187067 -0.04801537 0.9986072 -11.03475
0.9772972 0.2116304 -0.01013538 300.7874 -0.2108322 0.9761187 0.05236414 9.280275 0.02097518 -0.04903846 0.9985766 -11.10651
0.9745085 0.224171 -0.008969917 301.8365 -0.2233738 0.9732171 0.05434031 9.02356 0.0209112 -0.05095145 0.9984822 -11.15425
0.9716679 0.2362636 -0.006398079 302.8713 -0.2355478 0.9702431 0.05608572 8.748519 0.01945871 -0.05298964 0.9984055 -11.25257
0.9684894 0.2490089 -0.004775325 303.9086 -0.2483526 0.9670205 0.05650273 8.470512 0.01868752 -0.05353633 0.998391 -11.30836
0.9651928 0.2614946 -0.004843406 304.951 -0.2608162 0.9637346 0.05648421 8.170813 0.01943808 -0.05325491 0.9983917 -11.39631
0.9617537 0.2739063 -0.002292788 305.9838 -0.2733414 0.9602448 0.05669656 7.865942 0.01773118 -0.05390141 0.9983888 -11.4689
0.9581063 0.2863556 -0.005718922 307.0395 -0.2856266 0.9567646 0.05494528 7.530292 0.02120555 -0.05100994 0.998473 -11.53683
0.9542107 0.299105 -0.004267121 308.0855 -0.2984875 0.9529854 0.05219474 7.196703 0.01967821 -0.04853109 0.9986278 -11.6248
0.9502741 0.3113586 -0.005924898 309.1349 -0.310682 0.9491706 0.0505184 6.841746 0.02135307 -0.04616556 0.9987056 -11.6707
0.9459532 0.3242868 -0.003240472 310.1714 -0.3236659 0.9446738 0.05321478 6.465453 0.02031804 -0.04928986 0.9985778 -11.76764
0.9415186 0.3368908 -0.006882227 311.2235 -0.3358891 0.9399555 0.06051698 6.086363 0.0268566 -0.0546662 0.9981434 -11.83908
0.9369029 0.3495309 -0.006410581 312.2789 -0.3486015 0.9354751 0.05799364 5.67018 0.02626751 -0.05209967 0.9982964 -11.90361
0.9326249 0.3608043 -0.005566832 313.3317 -0.3600134 0.931407 0.05358364 5.24735 0.0245182 -0.0479693 0.9985479 -11.98233
0.9275958 0.3735854 0.0002573235 314.3766 -0.3731212 0.9264088 0.05047373 4.797085 0.01861786 -0.04691523 0.9987254 -12.0708
0.9225747 0.3857923 0.004496347 315.4349 -0.3853839 0.92092 0.05818642 4.337282 0.0183071 -0.05541414 0.9982956 -12.13923
0.9174585 0.3978072 0.004388891 316.459 -0.3972898 0.9155785 0.06226439 3.876654 0.02075085 -0.05886867 0.99805 -12.22339
0.9127292 0.408341 0.01352954 317.5058 -0.4083052 0.9104676 0.06584388 3.382121 0.01456855 -0.06562181 0.9977382 -12.31373
0.9079211 0.4189385 0.0130359 318.5485 -0.4188623 0.9057431 0.06468115 2.878146 0.01529025 -0.06418563 0.9978209 -12.38738
0.9030511 0.4293284 0.01325839 319.5878 -0.4292522 0.9009144 0.06399745 2.373406 0.01553124 -0.06348416 0.997862 -12.5161
0.898194 0.4394393 0.01186068 320.6464 -0.4392341 0.8960212 0.06495485 1.8558 0.01791629 -0.06355167 0.9978177 -12.5796
0.894098 0.4477199 0.01164345 321.6779 -0.4474819 0.8919349 0.06490001 1.329886 0.01867183 -0.06323721 0.9978238 -12.67898
0.8903264 0.4551274 0.01333912 322.7311 -0.4549809 0.8881412 0.06479022 0.7828751 0.01764078 -0.06375349 0.9978098 -12.76487
0.8871644 0.4612629 0.0132603 323.7745 -0.461088 0.8849522 0.06525023 0.2380467 0.01836278 -0.06400184 0.9977808 -12.84682
0.8844771 0.4662697 0.01710829 324.8059 -0.4662931 0.8820388 0.06766299 -0.3248 0.01645903 -0.06782385 0.9975615 -12.94707
0.8824981 0.469945 0.01867339 325.8735 -0.4700994 0.880192 0.06533236 -0.9053466 0.01426644 -0.06643403 0.9976888 -13.0372
0.8818457 0.4710366 0.02174279 326.9388 -0.471438 0.8797702 0.06124356 -1.479827 0.009719307 -0.06425774 0.997886 -13.12673
0.8816705 0.4714927 0.01875585 328.0143 -0.4717663 0.8799734 0.05552835 -2.060563 0.009676559 -0.05780609 0.9982809 -13.22057
0.8816056 0.4714745 0.0219841 329.0974 -0.4719634 0.8801423 0.05098913 -2.651935 0.004690934 -0.055328 0.9984572 -13.2812
0.8811015 0.4727543 0.01278239 330.1872 -0.4727292 0.8796295 0.05271611 -3.255996 0.013678 -0.05249085 0.9985277 -13.37075
0.8810707 0.4725612 0.0200074 331.2935 -0.4728902 0.8792616 0.05721667 -3.86226 0.009446634 -0.05987323 0.9981613 -13.43208
0.8805678 0.4735262 0.01931695 332.3984 -0.473771 0.8785369 0.06094166 -4.498274 0.01188682 -0.06281508 0.9979544 -13.53677
0.8800923 0.4739123 0.02906379 333.518 -0.4747926 0.8780248 0.06036875 -5.101423 0.003090759 -0.06692935 0.9977529 -13.62049
0.8797343 0.4747418 0.02622605 334.6374 -0.475414 0.8774869 0.06322951 -5.730397 0.007004674 -0.0680934 0.9976544 -13.71383
0.8801346 0.473764 0.03017892 335.7724 -0.4747036 0.8777233 0.0652564 -6.341233 0.004427387 -0.07176046 0.9974121 -13.82957
0.8792305 0.4758933 0.02189299 336.8885 -0.4762002 0.8766198 0.06907353 -6.975249 0.0136798 -0.07115699 0.9973713 -13.91913
0.8785999 0.4770052 0.02298299 338.0616 -0.4774368 0.8762712 0.06482886 -7.613159 0.01078436 -0.06793155 0.9976317 -14.02131
0.8777122 0.4789729 0.01436471 339.2235 -0.4788997 0.8757496 0.06097538 -8.275378 0.01662566 -0.06039808 0.9980359 -14.11283
0.8767284 0.4807012 0.0165442 340.3927 -0.4807905 0.8748735 0.05862308 -8.922659 0.0137061 -0.05935081 0.9981431 -14.21099
0.8751215 0.4836831 0.01459369 341.5458 -0.4835655 0.8729868 0.06370757 -9.603075 0.01807417 -0.06280888 0.9978619 -14.31087
0.8737003 0.4861839 0.01652386 342.7437 -0.4862049 0.8716202 0.0623145 -10.27939 0.01589378 -0.06247818 0.9979198 -14.40208
0.8721564 0.48887 0.01869021 343.9275 -0.4889976 0.8699405 0.06391406 -10.98023 0.0149863 -0.06488253 0.9977804 -14.50948
0.8709895 0.490889 0.02013136 345.1238 -0.4911569 0.8690073 0.05992729 -11.67187 0.01192335 -0.0620837 0.9979997 -14.60107
0.8701097 0.4922968 0.02351471 346.3302 -0.4927505 0.8679326 0.06237003 -12.37577 0.01029538 -0.06585565 0.997776 -14.71061
0.8689364 0.4944207 0.02230847 347.5476 -0.494828 0.8669982 0.05881709 -13.07982 0.009738994 -0.06214717 0.9980195 -14.81195
0.8678579 0.4963851 0.02060378 348.7635 -0.4966225 0.8656325 0.06361191 -13.79495 0.0137407 -0.0654384 0.997762 -14.9196
0.8666228 0.4986605 0.01739574 349.9849 -0.4987318 0.8646301 0.06067346 -14.51456 0.01521458 -0.06125681 0.998006 -15.00428
0.8651794 0.5011851 0.01667996 351.2117 -0.5011423 0.8629597 0.06447238 -15.2434 0.01791845 -0.0641392 0.9977801 -15.12515
0.863587 0.5040379 0.01277821 352.462 -0.5037304 0.8614124 0.06499474 -15.99388 0.0217525 -0.06256539 0.9978038 -15.22175
0.8622467 0.5063666 0.01110753 353.6933 -0.5057831 0.8596816 0.07162911 -16.73849 0.02672166 -0.06737997 0.9973695 -15.35339
0.8608316 0.5088198 0.008450482 354.9581 -0.5080971 0.8584453 0.07006446 -17.49226 0.02839591 -0.06460737 0.9975067 -15.45411
0.8591585 0.5116656 0.006702997 356.2007 -0.5108601 0.8569043 0.06882639 -18.25901 0.02947227 -0.06255707 0.9976062 -15.58128
0.8577976 0.5139431 0.006762974 357.4691 -0.5132386 0.8557633 0.06523268 -19.03509 0.02773838 -0.05942746 0.9978471 -15.68143
0.8569853 0.5152692 0.008587462 358.743 -0.5146585 0.8548747 0.06569288 -19.81014 0.02650832 -0.06071744 0.9978029 -15.79548
0.8559958 0.5168363 0.01230608 360.0126 -0.5163907 0.853634 0.0681871 -20.61387 0.02473668 -0.06472261 0.9975967 -15.91448
0.85515 0.5182163 0.01305129 361.3019 -0.5176742 0.8524002 0.07367208 -21.40645 0.02705315 -0.06975699 0.9971971 -16.04377
0.8545082 0.5191651 0.01683361 362.5781 -0.5190392 0.8521345 0.06682203 -22.22056 0.02034716 -0.06583727 0.9976229 -16.17029
0.853531 0.5208104 0.01553559 363.8702 -0.5207475 0.851667 0.05903609 -23.03101 0.01751545 -0.05847925 0.998135 -16.28157
0.8526726 0.5221401 0.01786373 365.1598 -0.5222644 0.8509777 0.05546894 -23.82586 0.01376092 -0.05662644 0.9983006 -16.39952
0.8514597 0.524117 0.01782629 366.4147 -0.5241702 0.8495127 0.05978236 -24.63458 0.01618929 -0.06024627 0.9980522 -16.51146
0.8501414 0.5261603 0.02036926 367.684 -0.52636 0.8481401 0.0600297 -25.44229 0.01430926 -0.0617553 0.9979888 -16.60672
0.8491294 0.5277556 0.02129158 368.9599 -0.5279766 0.8469723 0.06227649 -26.26024 0.01483338 -0.06412225 0.9978318 -16.74168
0.8478424 0.5297189 0.023688 370.2241 -0.5300871 0.8456366 0.0624999 -27.07756 0.01307593 -0.06554677 0.9977638 -16.83885
0.846666 0.5315155 0.02545756 371.4842 -0.5319734 0.8443148 0.06431885 -27.90081 0.01269227 -0.06799932 0.9976046 -16.96309
