1.0 0.0 0.0 0.0 0.0 1.0 0.0 0.0 0.0 0.0 1.0 0.0
0.9999962 -0.001017782 -0.002576211 2.588764 0.001017986 0.9999995 7.78047e-05 -0.0180687 0.00257613 -8.042695e-05 0.9999967 -0.03349276
0.9999963 0.0001609316 -0.002714481 5.052198 -0.0001577345 0.9999994 0.001177984 -0.04402763 0.002714668 -0.001177551 0.9999956 -0.07542184
0.9999933 0.0008011954 -0.003583363 7.500077 -0.0007969713 0.999999 0.001180079 -0.06668103 0.003584306 -0.001177216 0.9999929 -0.1078168
0.9999865 0.001660306 -0.004933331 9.953047 -0.001667957 0.9999974 -0.001547331 -0.09522776 0.00493075 0.001555538 0.9999866 -0.1283789
0.9999871 0.002205003 -0.004580981 12.37145 -0.002211712 0.9999964 -0.001460011 -0.1172478 0.004577746 0.001470124 0.9999884 -0.1805381
0.9999617 0.003420065 -0.00804974 14.7742 -0.003436936 0.9999919 -0.002082969 -0.1476727 0.00804255 0.002110555 0.9999654 -0.2133776
0.9999532 0.00474486 -0.008430187 17.18998 -0.004764996 0.9999859 -0.002370134 -0.1911091 0.008418821 0.002410193 0.9999617 -0.2227615
0.9999415 0.004936885 -0.00962738 19.59055 -0.004913624 0.9999849 0.002438296 -0.2327362 0.009639273 -0.002390848 0.9999507 -0.250607
0.9999536 0.005195903 -0.008109831 21.99365 -0.005146616 0.9999682 0.006086584 -0.2590989 0.008141198 -0.006044563 0.9999486 -0.3056944
0.999947 0.005717158 -0.008564767 24.43266 -0.005648931 0.9999522 0.00796923 -0.3008853 0.00860992 -0.007920425 0.9999316 -0.358351
0.9999503 0.005789316 -0.008110436 26.86483 -0.005738326 0.9999636 0.006296164 -0.3384694 0.008146591 -0.006249311 0.9999473 -0.3866331
0.9999346 0.006056224 -0.009704142 29.3057 -0.006000838 0.9999657 0.005726389 -0.3695013 0.009738489 -0.005667782 0.9999365 -0.4204632
0.9999342 0.006102503 -0.009711328 31.73502 -0.006054415 0.9999694 0.004973488 -0.396803 0.00974138 -0.004914365 0.9999405 -0.4928705
0.9999166 0.006351263 -0.01124759 34.15108 -0.006231797 0.9999242 0.01062483 -0.4500614 0.01131421 -0.01055385 0.9998803 -0.4815701
0.9999516 0.00645976 -0.007422098 36.57821 -0.006350085 0.9998717 0.01470655 -0.4962812 0.007516147 -0.01465871 0.9998643 -0.5831532
0.9999579 0.006259497 -0.006707459 38.99875 -0.006196398 0.9999366 0.009387127 -0.5463396 0.006765794 -0.009345169 0.9999334 -0.6278271
0.9999795 0.00543795 -0.003386398 41.4106 -0.005411295 0.9999548 0.007831478 -0.5696469 0.003428832 -0.007812993 0.9999636 -0.6622099
0.999953 0.00562164 -0.00789204 43.82052 -0.005560362 0.9999543 0.007765156 -0.612693 0.007935333 -0.007720909 0.9999387 -0.7330565
0.9999677 0.006710687 -0.00441971 46.24683 -0.006668937 0.9999336 0.009394427 -0.655955 0.00448246 -0.009364649 0.9999461 -0.7942235
0.9999396 0.006764348 -0.008668891 48.68573 -0.006687169 0.9999379 0.008901189 -0.7043046 0.008728565 -0.008842682 0.9999228 -0.8113142
0.9999548 0.006922733 -0.006524977 51.10574 -0.006865285 0.9999378 0.008785943 -0.7462354 0.006585394 -0.008740749 0.9999401 -0.8797617
0.9999527 0.006842769 -0.006917661 53.55049 -0.006782646 0.9999392 0.008677572 -0.7927317 0.00697662 -0.00863024 0.9999384 -0.9001836
0.9999607 0.00623825 -0.006300413 56.02309 -0.006183979 0.999944 0.008596897 -0.8387816 0.006353689 -0.008557597 0.9999432 -0.9678382
0.9999592 0.005756095 -0.006957678 58.45916 -0.005691969 0.9999415 0.009201414 -0.8786632 0.007010235 -0.009161436 0.9999335 -1.02807
0.9999736 0.00587061 -0.004288559 60.91846 -0.005820946 0.9999168 0.01150259 -0.9206322 0.00435573 -0.01147732 0.9999247 -1.059168
0.999961 0.005957263 -0.006521031 63.3801 -0.005893218 0.9999347 0.009796739 -0.9586753 0.006578967 -0.009757927 0.9999307 -1.117609
0.9999766 0.005706408 -0.003761025 65.84123 -0.005671394 0.9999411 0.009255406 -1.004119 0.003813619 -0.009233859 0.9999501 -1.205917
0.9999534 0.006395525 -0.007223725 68.31039 -0.006337535 0.9999478 0.008022272 -1.050123 0.007274654 -0.007976118 0.9999417 -1.184937
0.9999399 0.006075259 -0.009126065 70.76657 -0.006012629 0.9999584 0.00687457 -1.071942 0.00916745 -0.006819285 0.9999347 -1.289191
0.9999323 0.006609686 -0.009575103 73.25375 -0.006553213 0.9999609 0.005917344 -1.118702 0.009613843 -0.005854196 0.9999366 -1.370275
0.9999253 0.007374087 -0.009749184 75.73154 -0.007311495 0.9999527 0.006440328 -1.166167 0.009796212 -0.006368565 0.9999318 -1.318017
0.9999112 0.007088169 -0.01127993 78.20921 -0.007027785 0.9999608 0.005383941 -1.198574 0.01131765 -0.00530419 0.9999219 -1.39191
0.9999219 0.007681602 -0.009863453 80.69767 -0.007599124 0.9999362 0.008372406 -1.252253 0.009927137 -0.008296797 0.9999163 -1.463909
0.9999296 0.008304828 -0.008472487 83.1955 -0.00820993 0.9999039 0.01117461 -1.29898 0.008564476 -0.01110427 0.9999017 -1.476953
0.9998992 0.008593216 -0.01130177 85.69729 -0.008463244 0.999898 0.0114981 -1.353022 0.01139942 -0.01140129 0.99987 -1.563599
0.9999086 0.009654275 -0.009467161 88.18883 -0.009555222 0.9998996 0.01045281 -1.40084 0.009567126 -0.01036139 0.9999006 -1.620093
0.9999171 0.01012672 -0.007951339 90.71294 -0.01002564 0.9998697 0.01265098 -1.448447 0.008078416 -0.01257021 0.9998884 -1.643855
0.999922 0.0100689 -0.007389049 93.21896 -0.009961074 0.9998455 0.01448774 -1.497535 0.007533782 -0.01441301 0.9998677 -1.753978
0.9999442 0.009711242 -0.004175395 95.74785 -0.00965019 0.9998498 0.01440144 -1.558281 0.004314623 -0.01436034 0.9998876 -1.813455
0.9999536 0.008796981 -0.003911779 98.27949 -0.008756874 0.9999101 0.01015431 -1.601259 0.004000755 -0.01011958 0.9999408 -1.854107
0.99994 0.008526823 -0.006875731 100.7976 -0.008475045 0.9999359 0.007524699 -1.651818 0.006939451 -0.007465975 0.999948 -1.936513
0.9999276 0.008715534 -0.008295989 103.311 -0.00864056 0.9999219 0.009030713 -1.700995 0.008374048 -0.008958377 0.9999248 -1.967756
0.999888 0.008509844 -0.01231069 105.8466 -0.008365161 0.9998959 0.01175671 -1.737698 0.01240946 -0.01165241 0.9998551 -2.008651
0.9998752 0.008048042 -0.01359024 108.3935 -0.007919188 0.9999233 0.00950867 -1.786167 0.01366573 -0.00939986 0.9998624 -2.094838
0.9999228 0.007982675 -0.009520384 110.942 -0.007878928 0.9999096 0.01088554 -1.847509 0.009606419 -0.01080969 0.9998955 -2.09889
0.9999267 0.007586278 -0.009439845 113.4929 -0.007497461 0.9999276 0.009408893 -1.879024 0.009510539 -0.009337429 0.9999112 -2.13847
0.9999169 0.007888874 -0.01020077 116.0316 -0.007821955 0.9999477 0.006583515 -1.930615 0.01025218 -0.006503177 0.9999263 -2.283167
0.9999033 0.008937648 -0.01065853 118.5961 -0.008814745 0.9998947 0.01152279 -1.99145 0.01076039 -0.01142772 0.9998768 -2.28565
0.9998894 0.009329821 -0.01157658 121.1554 -0.009164686 0.9998566 0.01423654 -2.026187 0.01170774 -0.01412887 0.9998316 -2.298724
0.999889 0.009101964 -0.01179655 123.7324 -0.008982039 0.9999077 0.01017951 -2.081421 0.01188812 -0.01007242 0.9998786 -2.427221
0.9999289 0.008643688 -0.00821634 126.2849 -0.00856535 0.999918 0.009522135 -2.143055 0.008297972 -0.009451083 0.9999209 -2.477729
0.9999242 0.008176299 -0.009206522 128.8799 -0.008068148 0.9998988 0.01172364 -2.183276 0.009301446 -0.01164847 0.9998889 -2.472787
0.9999222 0.008319968 -0.009292535 131.4493 -0.008238174 0.9999274 0.008805928 -2.229397 0.009365124 -0.00872869 0.999918 -2.583145
0.9999314 0.007419685 -0.009061478 134.0255 -0.007362731 0.999953 0.006302584 -2.283967 0.009107815 -0.006235435 0.9999391 -2.666217
0.9999413 0.006556681 -0.008620058 136.6169 -0.006499811 0.999957 0.006608936 -2.334852 0.00866302 -0.00655252 0.999941 -2.626686
0.9999504 0.006031258 -0.007925526 139.1667 -0.005993409 0.9999704 0.004790823 -2.373281 0.007954187 -0.004743084 0.9999571 -2.716576
0.9999563 0.005293358 -0.007708326 141.72 -0.005263065 0.9999783 0.003944974 -2.426243 0.007729041 -0.003904232 0.9999625 -2.849992
0.9999479 0.004817215 -0.009001426 144.2731 -0.004739469 0.9999515 0.008638512 -2.480339 0.009042604 -0.0085954 0.9999222 -2.824279
0.9999572 0.003944568 -0.008367325 146.8484 -0.003849256 0.9999279 0.01137669 -2.509182 0.008411598 -0.011344 0.9999003 -2.8585
0.9999461 0.003212204 -0.009871462 149.3866 -0.003101213 0.9999321 0.01123838 -2.551033 0.009906892 -0.01120716 0.9998881 -3.022119
0.9999575 0.002562769 -0.008855984 151.9638 -0.002447739 0.9999127 0.01297554 -2.58524 0.008888464 -0.01295331 0.9998766 -3.026484
0.9999514 0.001832043 -0.0096922 154.521 -0.001704464 0.9999119 0.0131549 -2.616006 0.009715448 -0.01313774 0.9998665 -3.068258
0.9999499 0.001336151 -0.009915588 157.0763 -0.001225 0.9999365 0.01120732 -2.657644 0.009929933 -0.01119462 0.999888 -3.19177
0.9999672 0.001557312 -0.007942429 159.6666 -0.001449629 0.9999071 0.01354574 -2.691504 0.007962788 -0.01353378 0.9998767 -3.206355
0.9999742 0.001487346 -0.007024941 162.214 -0.00140273 0.9999266 0.01203483 -2.718259 0.007042325 -0.01202466 0.9999029 -3.278311
0.9999909 0.001512419 -0.003972218 164.7725 -0.001476086 0.9999571 0.009133794 -2.760128 0.003985862 -0.009127849 0.9999504 -3.406619
0.999993 0.0009325907 -0.003619556 167.3503 -0.000889994 0.9999305 0.01175231 -2.781787 0.003630264 -0.01174901 0.9999244 -3.348638
0.9999712 0.0004807891 -0.007577475 169.9203 -0.0004064303 0.9999517 0.009811624 -2.813548 0.007581827 -0.009808262 0.9999232 -3.431069
0.9999999 0.0001697263 -0.0003947591 172.4757 -0.000166032 0.9999565 0.009339525 -2.849363 0.000396327 -0.009339458 0.9999563 -3.640679
0.9999992 0.0005058661 -0.001118324 175.0454 -0.0004904816 0.9999057 0.01371444 -2.877499 0.001125157 -0.01371388 0.9999053 -3.600272
0.9999996 -4.010413e-05 -0.0008800696 177.6216 5.431108e-05 0.9998695 0.0161489 -2.904048 0.0008793072 -0.01614894 0.9998692 -3.582546
0.9999983 -0.001339586 -0.001282871 180.1842 0.001356013 0.999916 0.01289067 -2.916821 0.001265495 -0.01289239 0.9999161 -3.769852
0.9999942 -0.002129167 -0.002655915 182.7236 0.002163432 0.9999136 0.01296586 -2.940881 0.002628079 -0.01297153 0.9999124 -3.881634
0.9999823 -0.002017559 -0.005592614 185.3247 0.002109508 0.999862 0.01648437 -2.971785 0.005558584 -0.01649588 0.9998485 -3.815474
0.9999881 -0.003908246 -0.002912624 187.8881 0.003943344 0.9999186 0.01214343 -2.984828 0.002864927 -0.01215477 0.999922 -3.920527
0.9999754 -0.006315615 -0.003051932 190.4644 0.006348867 0.9999192 0.01101138 -3.002799 0.002982142 -0.01103049 0.9999347 -4.045452
0.9999612 -0.008797694 -0.0004503884 193.0313 0.008802725 0.99988 0.01275925 -3.016456 0.0003380823 -0.01276272 0.9999185 -4.035819
0.9999315 -0.01152049 0.00208565 195.6022 0.01150267 0.9998988 0.008365046 -3.015322 -0.002181808 -0.008340482 0.9999629 -4.125023
0.9999008 -0.01399609 0.001604199 198.1647 0.01398325 0.9998722 0.007752709 -3.011621 -0.001712502 -0.007729508 0.9999686 -4.231028
0.9998754 -0.01577978 -0.0005057869 200.7464 0.01578464 0.999806 0.01178591 -3.002399 0.0003197097 -0.01179243 0.9999304 -4.200678
0.9998409 -0.0178369 0.0003838286 203.3231 0.01783121 0.9997731 0.01165731 -2.992702 -0.0005916717 -0.01164861 0.999932 -4.295496
0.999795 -0.02024543 0.0004584073 205.9151 0.0202389 0.9997302 0.01138641 -2.973604 -0.0006888064 -0.0113748 0.9999351 -4.414561
0.9997714 -0.02137838 0.0002370485 208.4932 0.02137367 0.9996914 0.01266322 -2.947509 -0.0005076946 -0.01265526 0.9999198 -4.404332
0.9997447 -0.02253725 0.001654202 211.0728 0.0225108 0.9996405 0.01456858 -2.920684 -0.001981943 -0.01452762 0.9998925 -4.478047
0.9997053 -0.02424915 0.001139761 213.6403 0.02423049 0.9996051 0.01423551 -2.889536 -0.001484509 -0.0142037 0.999898 -4.643245
0.9996785 -0.02525179 0.002304795 216.2128 0.02521923 0.9995947 0.01320469 -2.862609 -0.002637303 -0.01314232 0.9999102 -4.620717
0.9996637 -0.0259309 0.0004466276 218.8071 0.0259254 0.9996175 0.009627638 -2.823138 -0.0006961101 -0.009612821 0.9999536 -4.70109
0.9996393 -0.02666152 -0.003228699 221.3772 0.02668674 0.9996115 0.008038981 -2.769821 0.003013114 -0.008122245 0.9999624 -4.846392
0.9996153 -0.02718824 -0.005481612 223.9636 0.02725046 0.9995612 0.01161471 -2.724548 0.005163423 -0.01175962 0.9999175 -4.788002
0.9995786 -0.02725605 -0.009987271 226.5535 0.02735605 0.9995755 0.01001596 -2.676176 0.009710037 -0.01028495 0.9999 -4.865889
0.9995511 -0.02774861 -0.01129717 229.1408 0.02783144 0.9995863 0.007242884 -2.640697 0.01109152 -0.007554049 0.9999099 -5.02653
0.9995718 -0.02832665 -0.007338915 231.7164 0.02838883 0.9995606 0.008511799 -2.597584 0.00709458 -0.008716499 0.9999368 -4.958147
0.9995763 -0.02792461 -0.008209433 234.3048 0.02798503 0.9995813 0.007339431 -2.536752 0.008001046 -0.007566063 0.9999394 -4.991599
0.999559 -0.02714161 -0.01204913 236.8824 0.0272227 0.9996076 0.006617792 -2.501625 0.01186479 -0.006942884 0.9999055 -5.178587
0.9995931 -0.02684184 -0.00964922 239.4854 0.02693898 0.9995863 0.01008258 -2.470155 0.009374592 -0.01033842 0.9999026 -5.141574
0.9996006 -0.02698029 -0.008413273 242.0711 0.02706832 0.9995781 0.01053058 -2.415461 0.008125606 -0.01075411 0.9999092 -5.135911
0.9995915 -0.02707918 -0.009135063 244.6596 0.0271541 0.9995978 0.008178967 -2.382643 0.008909908 -0.008423681 0.9999248 -5.310713
0.9996092 -0.02705954 -0.007018219 247.2407 0.02712988 0.9995807 0.01012868 -2.35379 0.006741198 -0.01031513 0.9999241 -5.36979
0.9996007 -0.02741991 -0.00682232 249.8423 0.02747277 0.9995922 0.007778401 -2.300084 0.006606255 -0.007962723 0.9999465 -5.348496
0.9996119 -0.02611815 -0.009689961 252.424 0.02615956 0.9996489 0.004171648 -2.265605 0.009577604 -0.004423514 0.9999443 -5.490086
0.9996131 -0.02559696 -0.0108833 255.0382 0.02566685 0.9996504 0.006331299 -2.236068 0.01071744 -0.006608189 0.9999207 -5.49135
0.9996067 -0.02452343 -0.01360323 257.6146 0.0245968 0.9996837 0.005252928 -2.180822 0.01347011 -0.005585458 0.9998937 -5.531871
0.9995673 -0.02441557 -0.01640331 260.2327 0.02444066 0.9997003 0.001330858 -2.149602 0.0163659 -0.00173119 0.9998646 -5.634888
0.9996061 -0.02454189 -0.01361134 262.8309 0.02457665 0.9996951 0.002392826 -2.11427 0.01354847 -0.002726405 0.9999045 -5.613498
0.9996142 -0.02472042 -0.01266172 265.4359 0.02473013 0.9996941 0.0006103457 -2.070887 0.01264275 -0.0009232361 0.9999197 -5.646714
0.9996246 -0.02429212 -0.01266844 268.0113 0.02432609 0.9997008 0.002534971 -2.04087 0.01260307 -0.002842193 0.9999166 -5.715205
0.9996077 -0.02456411 -0.01345636 270.602 0.02460581 0.9996928 0.002942316 -2.006535 0.01337995 -0.003272267 0.9999051 -5.732108
0.9996283 -0.02477852 -0.01136849 273.1844 0.02479769 0.9996912 0.001548652 -1.961083 0.0113266 -0.001829989 0.9999342 -5.801724
0.9996249 -0.02448463 -0.01226841 275.7628 0.02450619 0.9996983 0.001609616 -1.934845 0.0122253 -0.001909665 0.9999235 -5.843073
0.9996386 -0.02413225 -0.01184433 278.3301 0.02414358 0.9997081 0.0008147234 -1.897823 0.01182121 -0.001100394 0.9999295 -5.885792
0.9996635 -0.02263402 -0.01267268 280.8979 0.02263684 0.9997436 7.884076e-05 -1.867985 0.01266765 -0.0003656836 0.9999197 -5.945335
0.9996945 -0.02128922 -0.01255285 283.4654 0.02130215 0.9997728 0.0008974737 -1.834656 0.01253089 -0.001164602 0.9999208 -5.977118
0.9997135 -0.02057438 -0.01223288 286.0285 0.02059241 0.9997871 0.001350144 -1.817163 0.01220249 -0.001601662 0.9999242 -6.00367
0.9997363 -0.02019185 -0.01093483 288.5983 0.02019241 0.9997962 -5.95518e-05 -1.787698 0.01093381 -0.0001612645 0.9999402 -6.051252
0.9997274 -0.01974506 -0.01246059 291.1535 0.01977836 0.9998013 0.002555305 -1.759042 0.01240766 -0.002801059 0.9999191 -6.106966
0.9997078 -0.01930249 -0.01455442 293.72 0.01934637 0.9998087 0.002880067 -1.740516 0.01449604 -0.0031608 0.9998899 -6.110168
0.9996976 -0.0189903 -0.01562269 296.3021 0.01899804 0.9998194 0.0003471153 -1.711839 0.01561328 -0.0006438108 0.9998779 -6.177289
0.9997241 -0.01791693 -0.0151905 298.8526 0.01791168 0.9998393 -0.0004811088 -1.698273 0.01519668 0.0002088886 0.9998845 -6.215765
0.9997459 -0.01775842 -0.01388488 301.4162 0.01775161 0.9998423 -0.0006134518 -1.67083 0.01389359 0.0003668169 0.9999034 -6.218146
0.9997652 -0.01764541 -0.01258275 304.0002 0.01763296 0.999844 -0.001099291 -1.658816 0.01260018 0.0008771615 0.9999202 -6.271933
0.9997899 -0.01659309 -0.01203535 306.5391 0.01658883 0.9998622 -0.0004541119 -1.635636 0.01204123 0.000254364 0.9999275 -6.299768
0.9997866 -0.01639961 -0.01256528 309.1507 0.01641056 0.9998651 0.0007692101 -1.62005 0.01255097 -0.0009752493 0.9999208 -6.33441
0.9997913 -0.01535066 -0.01348386 311.7066 0.015353 0.9998821 7.023395e-05 -1.600477 0.0134812 -0.0002772371 0.9999091 -6.372766
0.999781 -0.01515851 -0.01442654 314.3025 0.01516439 0.999885 0.0002983552 -1.594465 0.01442036 -0.0005170596 0.9998959 -6.400914
0.9997623 -0.01474238 -0.01606342 316.8768 0.01474167 0.9998913 -0.0001623907 -1.578747 0.01606407 -7.444953e-05 0.999871 -6.45155
0.9997771 -0.0147906 -0.01506807 319.469 0.01476712 0.9998896 -0.001668143 -1.565835 0.01509108 0.001445259 0.9998851 -6.483233
0.9997457 -0.01440486 -0.01734943 322.0702 0.01435082 0.9998918 -0.003235474 -1.559623 0.01739416 0.002985673 0.9998443 -6.491845
0.9997846 -0.01439429 -0.01495381 324.6678 0.01435043 0.9998924 -0.00303595 -1.545808 0.0149959 0.002820702 0.9998836 -6.534964
0.9997705 -0.01430652 -0.015944 327.2526 0.01426917 0.9998952 -0.002453824 -1.532927 0.01597743 0.002225753 0.9998699 -6.535651
0.999773 -0.01402477 -0.01603819 329.8453 0.01399853 0.9999005 -0.001747071 -1.525654 0.0160611 0.001522164 0.9998699 -6.59229
0.9997934 -0.01375548 -0.01496791 332.4469 0.01373069 0.999904 -0.001757163 -1.514844 0.01499065 0.00155128 0.9998865 -6.609788
0.9997992 -0.01388516 -0.0144498 335.0422 0.01383454 0.9998978 -0.003597383 -1.499057 0.01449827 0.003396754 0.9998891 -6.613545
0.9997904 -0.0136292 -0.01527534 337.6521 0.01360421 0.9999058 -0.001738349 -1.500647 0.0152976 0.001530175 0.9998818 -6.67612
0.9998194 -0.01320307 -0.01366859 340.2546 0.01318075 0.9999117 -0.001722152 -1.497449 0.01369012 0.001541679 0.9999051 -6.682825
0.9997925 -0.01309409 -0.01560445 342.856 0.01304999 0.9999106 -0.0029247 -1.489001 0.01564135 0.002720456 0.9998739 -6.697862
0.9998106 -0.01293413 -0.01454186 345.4915 0.01287185 0.9999075 -0.004367973 -1.479824 0.01459702 0.004179965 0.9998847 -6.758843
0.9998158 -0.01258933 -0.01448968 348.0972 0.01253643 0.9999143 -0.003736469 -1.482334 0.01453548 0.003554132 0.9998881 -6.745213
0.9997854 -0.01284629 -0.01624989 350.7215 0.01279779 0.9999132 -0.003084668 -1.475255 0.01628811 0.002876043 0.9998632 -6.779332
0.9998181 -0.01259062 -0.01432183 353.3117 0.0125468 0.9999164 -0.003145588 -1.470822 0.01436023 0.002965323 0.9998925 -6.849239
0.9998155 -0.01236886 -0.01469902 355.9481 0.01230818 0.9999152 -0.004211432 -1.472053 0.01474987 0.004029736 0.9998831 -6.812511
0.9997965 -0.01210788 -0.01613346 358.575 0.01200627 0.9999076 -0.006380362 -1.46155 0.01620922 0.006185361 0.9998495 -6.843595
0.99983 -0.0119491 -0.01403978 361.21 0.0118736 0.9999148 -0.005448569 -1.46455 0.01410369 0.00528094 0.9998866 -6.90158
0.9998299 -0.01115829 -0.01468124 363.8255 0.0111071 0.9999319 -0.0035636 -1.466571 0.01472 0.003399928 0.9998859 -6.865752
0.9998122 -0.01063709 -0.01619979 366.466 0.01056954 0.9999352 -0.004249893 -1.461368 0.01624395 0.00407787 0.9998598 -6.905576
0.9998572 -0.01066135 -0.0131091 369.1187 0.0105898 0.9999287 -0.005515066 -1.473246 0.01316696 0.005375457 0.9998989 -6.955235
0.999875 -0.0110823 -0.01127772 371.7451 0.01102155 0.9999244 -0.005434977 -1.474823 0.01133711 0.00531 0.9999216 -6.937735
0.9998431 -0.01137944 -0.01357145 374.3895 0.01130414 0.9999204 -0.005612784 -1.466374 0.01363424 0.00545849 0.9998922 -6.972795
0.9998672 -0.01024596 -0.01267316 377.0312 0.0101664 0.9999284 -0.006326662 -1.47192 0.01273708 0.006196981 0.9998997 -7.01207
0.9998288 -0.009459401 -0.01590468 379.691 0.009325271 0.9999204 -0.008486397 -1.469651 0.0159837 0.008336629 0.9998375 -7.008886
0.9998022 -0.008217495 -0.01811384 382.3553 0.008031938 0.9999148 -0.01029295 -1.46544 0.01819688 0.01014542 0.9997829 -7.025004
0.999808 -0.0072464 -0.01820712 384.9975 0.007081819 0.9999337 -0.009087655 -1.478333 0.01827176 0.00895697 0.9997929 -7.020756
0.999789 -0.007039717 -0.01929887 387.6526 0.006888771 0.9999453 -0.007876866 -1.483064 0.01935327 0.007742259 0.9997827 -7.03557
0.9998661 -0.006756384 -0.01490078 390.3109 0.006674456 0.9999623 -0.00554109 -1.499817 0.01493765 0.005440894 0.9998736 -7.033971
0.9999309 -0.006304086 -0.009923561 392.9976 0.006260608 0.9999707 -0.004406278 -1.518163 0.009951049 0.004343845 0.9999411 -7.051459
0.999958 -0.006205041 -0.006740046 395.6511 0.006134452 0.9999266 -0.01044375 -1.530791 0.006804356 0.01040197 0.9999228 -7.11538
0.9999713 -0.005269505 -0.005441672 398.3065 0.00520089 0.9999077 -0.01254733 -1.540191 0.005507288 0.01251867 0.9999065 -7.121933
0.9999555 -0.004140936 -0.008481825 400.9565 0.004022674 0.9998951 -0.01391296 -1.560542 0.008538548 0.01387822 0.9998673 -7.10527
0.9999571 -0.002826484 -0.008818588 403.5999 0.00269597 0.9998872 -0.01477683 -1.576574 0.00885936 0.01475243 0.9998519 -7.142986
0.9999778 -0.002875845 -0.006018918 406.2388 0.002789916 0.9998947 -0.01423661 -1.59843 0.006059227 0.0142195 0.9998806 -7.11223
0.9999782 -0.004124 -0.005154754 408.8994 0.004055608 0.9999045 -0.01320848 -1.616508 0.005208733 0.01318728 0.9998995 -7.100346
0.9999855 -0.005179022 -0.001505215 411.532 0.005161405 0.9999208 -0.01148204 -1.636707 0.001564561 0.01147411 0.9999329 -7.129552
0.9999704 -0.007687122 -5.771574e-05 414.1497 0.007686142 0.9999192 -0.01013492 -1.645022 0.0001356195 0.01013418 0.9999486 -7.113634
0.9999641 -0.008449221 -0.0006875703 416.803 0.008439558 0.9998796 -0.0130163 -1.654011 0.000797465 0.01301003 0.9999151 -7.165042
0.9999695 -0.007373451 -0.002585855 419.4554 0.007333185 0.9998568 -0.01525009 -1.657496 0.00269793 0.01523066 0.9998804 -7.170908
0.9999295 -0.007398201 -0.009288296 422.116 0.007215773 0.9997834 -0.01952287 -1.657808 0.009430718 0.01945447 0.9997663 -7.132739
0.9998687 -0.007135858 -0.01454783 424.7349 0.006838379 0.9997686 -0.02039656 -1.657748 0.01469001 0.0202944 0.9996861 -7.097526
0.999927 -0.006545576 -0.01015041 427.3763 0.006440215 0.9999255 -0.01037813 -1.674829 0.01021758 0.01031201 0.9998946 -7.078975
0.9999632 -0.005838396 -0.006295095 430.0108 0.005792381 0.9999565 -0.007303372 -1.697557 0.006337462 0.007266639 0.9999535 -7.108111
0.9999728 -0.006000289 -0.004301906 432.6783 0.005948587 0.9999112 -0.01193221 -1.714803 0.00437312 0.01190629 0.9999195 -7.133373
0.9999752 -0.005730326 -0.004089355 435.3597 0.00567665 0.999899 -0.01301873 -1.721525 0.004163544 0.01299519 0.9999069 -7.163139
0.9999664 -0.004803661 -0.006645252 438.0107 0.004705394 0.9998804 -0.01472505 -1.731791 0.006715193 0.01469329 0.9998695 -7.160294
0.9999425 -0.003599964 -0.0101019 440.6796 0.003463415 0.9999027 -0.01350226 -1.744429 0.01014953 0.0134665 0.9998578 -7.162274
0.9999349 -0.002941635 -0.01102882 443.3596 0.002785341 0.9998958 -0.01416005 -1.76011 0.01106933 0.01412841 0.9998389 -7.122273
0.9999354 -0.002904282 -0.01098744 446.002 0.002729268 0.9998696 -0.01591011 -1.774575 0.01103222 0.01587909 0.9998131 -7.156556
0.9999789 -0.002940137 -0.00578951 448.669 0.002854401 0.999887 -0.01476186 -1.802 0.005832258 0.01474502 0.9998743 -7.118831
0.9999802 -0.002664624 -0.005703785 451.3728 0.002578648 0.9998838 -0.01502804 -1.820832 0.005743166 0.01501304 0.9998708 -7.102161
0.9999825 -0.003140673 -0.005019703 454.033 0.003065232 0.9998833 -0.01496661 -1.846196 0.005066122 0.01495096 0.9998754 -7.119124
0.9999839 -0.003449155 -0.004510913 456.71 0.003386404 0.9998984 -0.01384543 -1.859608 0.00455821 0.01382993 0.999894 -7.088295
0.9999579 -0.002626105 -0.008788116 459.4107 0.002488781 0.9998752 -0.0156006 -1.881357 0.008827988 0.01557807 0.9998397 -7.102566
0.9999702 -0.001966368 -0.007466862 462.1001 0.001851914 0.9998811 -0.01530439 -1.914148 0.007496069 0.01529011 0.999855 -7.091074
0.9999684 -0.001460303 -0.007814751 464.7741 0.001344256 0.999889 -0.01483451 -1.933728 0.007835547 0.01482353 0.9998595 -7.057028
0.9999617 -0.002036349 -0.008506852 467.4949 0.001904617 0.9998785 -0.01546492 -1.960431 0.008537312 0.01544813 0.9998442 -7.056139
0.9999764 -0.001898014 -0.006602656 470.1911 0.00179627 0.9998801 -0.01538155 -1.992613 0.006631058 0.01536933 0.9998599 -7.048421
0.9999679 -0.001929955 -0.007783113 472.886 0.001800816 0.9998611 -0.01656524 -2.029348 0.007814002 0.01655069 0.9998325 -7.026531
0.9999735 -0.002563815 -0.006813366 475.6247 0.002457227 0.9998753 -0.01560646 -2.056724 0.006852528 0.01558931 0.999855 -7.037185
0.9999757 -0.002447726 -0.006519822 478.3293 0.00234689 0.9998783 -0.01542914 -2.073318 0.006556795 0.01541347 0.9998597 -7.004529
0.9999698 -0.002623754 -0.007319859 481.0393 0.002499145 0.9998527 -0.01698102 -2.100896 0.007363335 0.01696222 0.999829 -6.998688
0.9999784 -0.002505674 -0.006084787 483.7796 0.002393214 0.9998274 -0.01841964 -2.117164 0.006129891 0.01840468 0.9998118 -6.990305
0.9999672 -0.002509055 -0.007698115 486.5204 0.002375639 0.9998477 -0.01729153 -2.139076 0.007740329 0.01727268 0.9998208 -6.963068
0.999964 -0.002040893 -0.008235928 489.2826 0.001903512 0.9998596 -0.01665414 -2.166347 0.008268761 0.01663786 0.9998274 -6.96428
0.9999635 -0.002451686 -0.008191439 492.0115 0.002319913 0.9998685 -0.01605762 -2.194028 0.00822973 0.01603802 0.9998375 -6.935142
0.9999607 -0.002967498 -0.008350598 494.7549 0.00282363 0.9998484 -0.01718779 -2.20401 0.008400336 0.01716353 0.9998174 -6.942305
0.9999755 -0.003861954 -0.005839363 497.513 0.003757941 0.9998358 -0.01771952 -2.232721 0.005906837 0.01769715 0.999826 -6.907507
0.9999723 -0.004629183 -0.005816459 500.2874 0.004524113 0.9998286 -0.0179493 -2.25826 0.005898553 0.01792249 0.999822 -6.889034
0.9999863 -0.003700616 -0.003701224 503.0288 0.003637359 0.9998496 -0.01695403 -2.275456 0.003763408 0.01694034 0.9998494 -6.909378
0.9999657 -0.003851724 -0.007326626 505.8246 0.003719006 0.9998304 -0.01804266 -2.296742 0.007394878 0.0180148 0.9998104 -6.851594
0.9999474 -0.003712852 -0.009560884 508.5886 0.003540955 0.9998329 -0.01793375 -2.307927 0.009625872 0.01789895 0.9997935 -6.871381
0.9999515 -0.003619007 -0.009155228 511.3741 0.003441048 0.9998062 -0.01937967 -2.344051 0.009223589 0.01934723 0.9997703 -6.846773
0.9999418 -0.003906469 -0.01005281 514.1509 0.003692131 0.9997672 -0.02125215 -2.359779 0.01013349 0.02121379 0.9997236 -6.813855
0.9999434 -0.005341867 -0.00919559 516.937 0.00512541 0.9997128 -0.02340394 -2.374979 0.009317972 0.02335549 0.9996838 -6.799687
0.9999317 -0.006681348 -0.009588378 519.6995 0.006456941 0.9997089 -0.02324722 -2.391196 0.00974091 0.02318372 0.9996837 -6.790993
0.999908 -0.008124736 -0.01086545 522.4916 0.007871739 0.9997015 -0.02312802 -2.397787 0.01105011 0.02304036 0.9996735 -6.758531
0.9998916 -0.00851934 -0.01200912 525.242 0.008252664 0.999722 -0.0220835 -2.408206 0.01219392 0.02198199 0.999684 -6.751964
0.9998896 -0.007808495 -0.01264148 528.0166 0.007526808 0.9997257 -0.02217905 -2.429152 0.0128112 0.02208145 0.9996741 -6.721003
0.999903 -0.008019963 -0.01138748 530.7853 0.007764727 0.9997215 -0.02228381 -2.426437 0.01156302 0.02219323 0.9996868 -6.697558
0.9998808 -0.007259222 -0.01362546 533.568 0.006924157 0.9996763 -0.0244792 -2.446119 0.01379875 0.02438194 0.9996075 -6.673072
0.9999303 -0.007135984 -0.009407337 536.3464 0.006918366 0.9997122 -0.02296588 -2.454879 0.009568515 0.0228992 0.999692 -6.66824
0.9999097 -0.007636106 -0.01105886 539.1289 0.007350629 0.9996445 -0.02562892 -2.467713 0.01125064 0.02554532 0.9996104 -6.58756
0.999929 -0.007871624 -0.008946957 541.9088 0.007655429 0.999684 -0.02394674 -2.465345 0.009132629 0.02387655 0.9996732 -6.618917
0.9999281 -0.00835891 -0.008603724 544.6867 0.00813024 0.9996216 -0.02627832 -2.484567 0.008820126 0.02620648 0.9996176 -6.538263
0.9999232 -0.008039379 -0.009428431 547.4574 0.007810029 0.9996787 -0.02411489 -2.483384 0.00961927 0.0240394 0.9996647 -6.51789
0.9999318 -0.007646068 -0.008824814 550.2411 0.007423593 0.9996605 -0.02497348 -2.499568 0.009012768 0.02490627 0.9996492 -6.484823
0.9999297 -0.007287026 -0.009352934 553.0442 0.007043505 0.9996419 -0.02581087 -2.50628 0.009537671 0.02574318 0.9996231 -6.475571
0.9999468 -0.006885317 -0.00768288 555.8254 0.006684807 0.9996442 -0.0258256 -2.517648 0.007857963 0.02577287 0.9996369 -6.429381
0.9999365 -0.006685575 -0.009079159 558.6271 0.006436301 0.9996089 -0.02721275 -2.521099 0.009257541 0.02715258 0.9995884 -6.40644
0.9999449 -0.006020432 -0.008597186 561.4244 0.005792331 0.9996369 -0.0263149 -2.536752 0.008752491 0.02626365 0.9996167 -6.371817
0.9999425 -0.005597201 -0.009148984 564.2263 0.00536585 0.99967 -0.02511896 -2.550896 0.009286561 0.02506842 0.9996426 -6.329444
0.9999567 -0.005380955 -0.007598019 567.0504 0.005182549 0.9996513 -0.02589541 -2.566045 0.007734711 0.02585491 0.9996358 -6.306171
0.9999649 -0.004944464 -0.006766836 569.8463 0.004767275 0.9996517 -0.0259552 -2.582883 0.006892814 0.02592203 0.9996402 -6.25165
0.9999299 -0.004763135 -0.0108404 572.6484 0.004461931 0.9996079 -0.02764185 -2.605314 0.01096781 0.02759155 0.9995591 -6.238487
0.9999399 -0.004308952 -0.01008424 575.447 0.004044263 0.9996506 -0.02612267 -2.623944 0.01019328 0.02608031 0.9996079 -6.18334
0.9999254 -0.004950579 -0.01117111 578.2665 0.004641016 0.9996092 -0.02756891 -2.646335 0.01130322 0.027515 0.9995575 -6.150184
0.9999136 -0.006008309 -0.01168708 581.0844 0.005653186 0.9995284 -0.03018519 -2.66661 0.01186293 0.03011652 0.999476 -6.117798
0.9999261 -0.0064141 -0.01032239 583.9078 0.00607542 0.9994528 -0.03251373 -2.679058 0.01052529 0.03244862 0.999418 -6.090314
0.9999062 -0.006837858 -0.01186326 586.7367 0.006456602 0.9994706 -0.03188354 -2.687242 0.012075 0.03180395 0.9994212 -6.034801
0.9998817 -0.008365085 -0.0129071 589.59 0.00795548 0.9994732 -0.03146638 -2.678692 0.01316352 0.03135998 0.9994215 -5.987099
0.9998881 -0.007976029 -0.01265497 592.3849 0.007593258 0.9995205 -0.03001171 -2.702454 0.01288828 0.02991226 0.9994695 -5.944074
0.9998666 -0.008256443 -0.01409111 595.1838 0.007803373 0.9994602 -0.03191056 -2.725853 0.01434697 0.03179634 0.9993914 -5.912562
0.9998543 -0.009504385 -0.01418264 598.0402 0.009048883 0.9994519 -0.03184267 -2.722141 0.01447751 0.03170969 0.9993923 -5.872444
0.9998855 -0.009153439 -0.01204965 600.7989 0.008757647 0.9994333 -0.03249946 -2.722983 0.0123403 0.03239021 0.9993991 -5.829822
0.9999041 -0.009135545 -0.0104107 603.5677 0.008798552 0.9994501 -0.03196845 -2.72486 0.01069703 0.03187378 0.9994346 -5.782521
0.9998975 -0.00882673 -0.01127588 606.3577 0.008471386 0.9994779 -0.03118195 -2.733787 0.01154523 0.03108323 0.9994501 -5.739629
0.9998894 -0.008774703 -0.0120067 609.1324 0.00836877 0.9994053 -0.0334514 -2.739755 0.01229308 0.03334722 0.9993683 -5.707556
0.9999075 -0.007833435 -0.01111991 611.905 0.007473824 0.9994593 -0.03202065 -2.75479 0.01136473 0.03193458 0.9994254 -5.623688
0.999911 -0.007183118 -0.01124582 614.7005 0.006783885 0.9993593 -0.03514497 -2.768104 0.01149106 0.03506554 0.999319 -5.616549
0.9999306 -0.00718692 -0.009330233 617.4543 0.006850371 0.9993422 -0.03561495 -2.769778 0.009580056 0.03554856 0.9993221 -5.58429
0.9999166 -0.006620131 -0.01109443 620.2159 0.00622111 0.999346 -0.03562234 -2.788056 0.011323 0.03555034 0.9993038 -5.511266
0.9998822 -0.006758847 -0.013779 622.9895 0.006225213 0.9992428 -0.0384098 -2.800976 0.01402817 0.03831949 0.9991671 -5.470227
0.9998792 -0.006497906 -0.01411909 625.7484 0.005956791 0.9992588 -0.03803484 -2.817457 0.01435577 0.03794614 0.9991767 -5.416696
0.9998898 -0.00641833 -0.01338755 628.4917 0.005902562 0.9992521 -0.03821601 -2.826535 0.01362282 0.03813278 0.9991798 -5.344716
0.9999074 -0.006819698 -0.01178017 631.2048 0.006391145 0.9993299 -0.03604146 -2.847742 0.01201807 0.03596283 0.9992809 -5.3098
0.9999446 -0.006954129 -0.007899933 633.9276 0.006664817 0.9993268 -0.03607631 -2.859652 0.008145494 0.03602166 0.9993178 -5.235137
0.9999406 -0.00782384 -0.007588635 636.6353 0.007542425 0.9993079 -0.03642913 -2.865574 0.007868397 0.03636973 0.9993075 -5.196076
0.9999411 -0.008440183 -0.006833718 639.3452 0.008178417 0.9992645 -0.03746716 -2.869614 0.007144921 0.03740906 0.9992745 -5.179214
0.9999151 -0.008154301 -0.01016176 642.0303 0.007739373 0.9991608 -0.04022349 -2.881244 0.01048123 0.04014143 0.999139 -5.112117
0.9999307 -0.008001053 -0.008640226 644.7145 0.007636251 0.9991109 -0.04145934 -2.889582 0.008964263 0.04139049 0.9991028 -5.051935
0.9999398 -0.007522052 -0.007990254 647.3734 0.007199815 0.999189 -0.0396194 -2.905845 0.008281792 0.03955948 0.9991829 -4.960029
0.9999251 -0.007680485 -0.009528927 650.066 0.007300941 0.999203 -0.03924559 -2.900724 0.009822757 0.03917309 0.9991841 -4.934578
0.9999253 -0.007699106 -0.009497885 652.7136 0.007330492 0.9992412 -0.0382527 -2.911139 0.00978519 0.03818021 0.9992229 -4.878096
0.9999243 -0.007501595 -0.00975479 655.3577 0.007137263 0.9992949 -0.03686223 -2.917286 0.01002444 0.03678982 0.9992728 -4.803547
0.9999178 -0.007876933 -0.01011332 658.0293 0.007490506 0.9992613 -0.03769512 -2.9268 0.01040277 0.03761628 0.9992381 -4.790825
0.9999261 -0.007596436 -0.009483335 660.6697 0.00724125 0.9992911 -0.03694223 -2.933128 0.009757242 0.03687083 0.9992724 -4.692358
0.9999043 -0.008295441 -0.01107616 663.3314 0.007866923 0.9992397 -0.03818681 -2.93581 0.01138451 0.03809602 0.9992092 -4.679245
0.9998962 -0.007713482 -0.01216474 665.9511 0.007212532 0.9991455 -0.04070009 -2.948786 0.01246829 0.04060812 0.9990973 -4.622089
0.999908 -0.007322779 -0.0114191 668.5992 0.006878373 0.9992355 -0.03848307 -2.955724 0.01169218 0.03840099 0.999194 -4.528008
0.9998619 -0.007722271 -0.01471503 671.2783 0.007123908 0.9991627 -0.0402908 -2.959372 0.01501385 0.0401804 0.9990796 -4.492577
0.9998897 -0.007414648 -0.01286497 673.9066 0.006872311 0.9991066 -0.04170005 -2.974274 0.01316267 0.04160703 0.9990473 -4.419363
0.999891 -0.007051391 -0.01296922 676.5587 0.006502913 0.9991024 -0.0418574 -2.982287 0.01325274 0.04176849 0.9990394 -4.345352
0.9998873 -0.007235839 -0.01315128 679.2145 0.006676209 0.9990906 -0.04211012 -2.987056 0.01344403 0.04201757 0.9990264 -4.319956
0.9999109 -0.006444906 -0.01169191 681.8435 0.005952549 0.9991137 -0.04166774 -3.009845 0.01195009 0.04159443 0.9990631 -4.190552
0.9998633 -0.00631192 -0.01527937 684.5088 0.005629393 0.999002 -0.04430797 -3.01737 0.01554379 0.0442159 0.9989011 -4.157338
0.9998783 -0.006363892 -0.01424355 687.1281 0.005698479 0.9989122 -0.04627942 -3.030907 0.01452258 0.04619262 0.998827 -4.119308
0.9998933 -0.005877114 -0.01337499 689.7671 0.005286193 0.9990264 -0.04379544 -3.049893 0.01361936 0.04372006 0.998951 -3.954319
0.9998868 -0.005516549 -0.01400162 692.4348 0.004907932 0.9990572 -0.04313589 -3.052884 0.01422638 0.04306229 0.9989711 -3.918701
0.9999096 -0.005972107 -0.01204881 695.0858 0.005445757 0.9990493 -0.04325441 -3.09001 0.01229567 0.04318488 0.9989914 -3.876177
0.9999236 -0.005627054 -0.01100719 697.7222 0.005164837 0.9991219 -0.04157927 -3.091715 0.01123149 0.04151924 0.9990746 -3.75213
0.9998949 -0.006656277 -0.0128837 700.3885 0.006078176 0.9989952 -0.04440121 -3.104922 0.0131663 0.04431823 0.9989307 -3.722256
0.9999191 -0.007534469 -0.01024668 703.0395 0.007062373 0.998946 -0.04535379 -3.118684 0.0105776 0.04527776 0.9989184 -3.645422
0.999885 -0.007514596 -0.01317502 705.7126 0.006939578 0.9990441 -0.04315996 -3.13324 0.01348675 0.04306356 0.9989813 -3.52747
0.999883 -0.007621761 -0.01326346 708.3815 0.007024719 0.9989851 -0.04449276 -3.128552 0.01358912 0.04439438 0.9989216 -3.477124
0.9998983 -0.007240284 -0.0122868 711.0203 0.00671537 0.9990849 -0.04223818 -3.155856 0.01258137 0.04215138 0.999032 -3.402122
0.9999137 -0.00699725 -0.01111738 713.693 0.006509693 0.9990407 -0.04330226 -3.161508 0.01140971 0.04322615 0.9990001 -3.306822
0.999943 -0.006866673 -0.008170816 716.3318 0.006497741 0.9989947 -0.04435295 -3.180887 0.008467159 0.04429733 0.9989825 -3.2731
0.9999355 -0.006954222 -0.00898141 719.002 0.006555647 0.9990245 -0.04366945 -3.189574 0.009276336 0.04360775 0.9990057 -3.171223
0.999918 -0.006724995 -0.01090111 721.6707 0.006224395 0.998953 -0.04532287 -3.203482 0.01119449 0.04525129 0.9989129 -3.12834
0.9999189 -0.005841238 -0.01131472 724.309 0.005292019 0.9988346 -0.04797634 -3.221671 0.01158178 0.04791258 0.9987844 -3.052897
0.9999067 -0.004843557 -0.01277255 726.9841 0.004241253 0.9988967 -0.04676874 -3.231802 0.01298498 0.04671021 0.9988241 -2.928179
0.9998875 -0.003928683 -0.01447705 729.6382 0.003223165 0.998821 -0.04843865 -3.244546 0.01465028 0.04838654 0.9987212 -2.882423
0.9999029 -0.003733302 -0.01342561 732.2744 0.003084204 0.9988403 -0.04804759 -3.273167 0.01358941 0.04800152 0.9987548 -2.799117
0.999922 -0.003048822 -0.01210678 734.9283 0.002477256 0.9988943 -0.04694786 -3.287679 0.01223653 0.0469142 0.998824 -2.690716
0.9999196 -0.003143514 -0.01228505 737.5417 0.002529534 0.9987622 -0.04967761 -3.312404 0.012426 0.04964254 0.9986898 -2.64604
0.9999275 -0.003725464 -0.01145433 740.1879 0.003155089 0.9987732 -0.04941657 -3.335461 0.01162438 0.04937685 0.9987126 -2.552154
0.9999247 -0.004168385 -0.01154809 742.8067 0.003605367 0.9988238 -0.04835315 -3.356513 0.01173607 0.04830787 0.9987636 -2.445401
0.9999458 -0.005049163 -0.00911021 745.3882 0.004631004 0.9989603 -0.04535137 -3.385471 0.009329725 0.04530672 0.9989296 -2.39008
0.9999564 -0.006346057 -0.006843328 748.0022 0.006042382 0.9990343 -0.04351834 -3.398811 0.00711289 0.0434751 0.9990292 -2.297453
0.9999692 -0.007091408 -0.003345485 750.6358 0.006932253 0.9989449 -0.04540003 -3.403867 0.003663905 0.04537544 0.9989633 -2.221013
0.9999604 -0.008415973 -0.002885713 753.2192 0.008266218 0.99879 -0.0484799 -3.427979 0.003290227 0.04845413 0.99882 -2.224136
0.9999588 -0.007759449 -0.004724071 755.8268 0.007523687 0.9988174 -0.0480299 -3.437907 0.005091171 0.04799238 0.9988347 -2.105767
0.9999323 -0.007539321 -0.008856528 758.4334 0.007142934 0.9990075 -0.04396605 -3.43391 0.009179213 0.04389982 0.9989938 -1.99215
0.9999238 -0.00708574 -0.01011088 761.0081 0.006612686 0.9989159 -0.04607684 -3.445057 0.01042641 0.04600647 0.9988867 -1.989246
0.999935 -0.006744516 -0.00919672 763.6095 0.006325875 0.9989752 -0.04481396 -3.472144 0.009489545 0.04475286 0.998953 -1.84662
0.9999461 -0.006421231 -0.008161675 766.1994 0.006060604 0.9990366 -0.04346737 -3.466491 0.008432925 0.04341556 0.9990215 -1.771742
0.9999653 -0.005744054 -0.006040324 768.7789 0.005456564 0.9988996 -0.04658004 -3.491473 0.006301235 0.04654546 0.9988963 -1.788863
0.9999627 -0.005443637 -0.006698932 771.3622 0.005128711 0.9989207 -0.04616302 -3.513555 0.006942997 0.04612694 0.9989114 -1.617521
0.9999603 -0.004724343 -0.007556367 773.9312 0.004405091 0.9991196 -0.04172211 -3.528999 0.007746823 0.04168717 0.9991007 -1.551477
0.9999849 -0.004431268 -0.003271246 776.5206 0.00428804 0.9990845 -0.04256383 -3.542835 0.003456863 0.04254916 0.9990884 -1.57472
0.9999761 -0.005602599 -0.004049395 779.074 0.005414161 0.9989662 -0.04513637 -3.563815 0.00429809 0.04511337 0.9989727 -1.428955
0.9999694 -0.005538261 -0.005534061 781.6439 0.005268716 0.9988532 -0.04758785 -3.574896 0.005791268 0.04755724 0.9988517 -1.358136
0.999978 -0.004469664 -0.004901926 784.1863 0.004205517 0.998605 -0.05263319 -3.592321 0.005130341 0.05261142 0.9986019 -1.36442
0.9999637 -0.004316872 -0.007346499 786.7128 0.003954495 0.9988083 -0.04864568 -3.622894 0.007547741 0.04861486 0.9987891 -1.216494
0.9999785 -0.003342877 -0.005648904 789.2653 0.003100563 0.9990971 -0.0423733 -3.624977 0.005785452 0.04235488 0.9990859 -1.133434
0.9999928 -0.003222198 -0.001975018 791.779 0.003133893 0.9990619 -0.04319189 -3.653663 0.002112338 0.04318539 0.9990649 -1.139732
0.9999905 -0.003407986 -0.002705118 794.2968 0.003294938 0.999164 -0.04074896 -3.669847 0.002841728 0.04073967 0.9991658 -1.016633
0.9999911 -0.002654063 -0.003296799 796.8013 0.002522805 0.9992282 -0.03919922 -3.683973 0.003398292 0.03919055 0.999226 -0.960123
0.9999933 -0.001975653 -0.003096792 799.2982 0.001852104 0.9992218 -0.03940298 -3.712091 0.003172228 0.03939698 0.9992186 -0.9619436
0.9999979 -0.001925447 -0.0007580809 801.7657 0.001895818 0.9993019 -0.03731509 -3.73134 0.0008293998 0.03731357 0.9993033 -0.8944991
