1.0 0.0 0.0 0.0 0.0 1.0 0.0 0.0 0.0 0.0 1.0 0.0
0.9999909 0.00426965 -0.0001112186 0.3910051 -0.004269693 0.9999907 -0.0003848979 -0.008255263 0.0001095742 0.0003853693 0.9999999 -0.005329522
0.9999667 0.008154468 0.0003241558 0.613826 -0.008154188 0.9999664 -0.0008528291 -0.01155083 -0.0003310993 0.0008501575 0.9999996 -0.008290737
0.999923 0.01240879 0.0001842313 0.8472974 -0.01240847 0.9999216 -0.001644482 -0.02024438 -0.0002046229 0.001642069 0.9999986 -0.01021339
0.9998457 0.0175495 0.0007668665 1.078025 -0.01754752 0.999843 -0.002523176 -0.03317043 -0.0008110264 0.00250933 0.9999965 -0.01712464
0.9997335 0.02306744 0.0008673996 1.313792 -0.02306453 0.9997288 -0.003227478 -0.04977924 -0.000941614 0.003206612 0.9999944 -0.01815551
0.9995944 0.02845487 0.001115481 1.563155 -0.02845039 0.9995878 -0.003849204 -0.06145371 -0.00122455 0.003815907 0.999992 -0.02115582
0.9994237 0.03391986 0.001334168 1.809904 -0.03391384 0.9994154 -0.004295598 -0.07620412 -0.001479094 0.004247875 0.9999899 -0.02555096
0.9992004 0.03996858 0.00101249 2.057599 -0.03996367 0.999191 -0.004474836 -0.0902651 -0.001190524 0.004430796 0.9999894 -0.02724321
0.9989785 0.04518847 -6.676778e-05 2.308178 -0.04518831 0.9989685 -0.004487237 -0.1109826 -0.0001360724 0.00448567 0.9999899 -0.02960286
0.9987283 0.05041539 0.000124375 2.55921 -0.05041423 0.9987171 -0.004744098 -0.1339342 -0.000363391 0.004731795 0.9999887 -0.02743573
0.9984337 0.05592453 0.001612773 2.829443 -0.0559161 0.9984236 -0.004872805 -0.1530423 -0.00188274 0.004774993 0.9999868 -0.03447694
0.9980879 0.06175378 0.002627426 3.088249 -0.06174071 0.9980807 -0.004793736 -0.177322 -0.002918415 0.004622351 0.999985 -0.03775722
0.9977623 0.06675147 0.003841258 3.357997 -0.06673388 0.9977605 -0.004536935 -0.2062479 -0.004135503 0.00427044 0.9999824 -0.03952648
0.9974871 0.07071582 0.004344291 3.626656 -0.07069767 0.997489 -0.004199664 -0.2318417 -0.004630365 0.00388198 0.9999818 -0.04589612
0.9971806 0.0749455 0.003741092 3.896413 -0.07492983 0.99718 -0.004168226 -0.2599284 -0.004042933 0.003876155 0.9999843 -0.04864356
0.9969271 0.07825635 0.003497154 4.17865 -0.07823999 0.996924 -0.004592667 -0.2851754 -0.003845802 0.004304937 0.9999833 -0.05191154
0.9967076 0.08099347 0.003739751 4.451056 -0.08097696 0.9967064 -0.004374786 -0.309796 -0.004081763 0.004057549 0.9999834 -0.05170193
0.996475 0.08381583 0.003543614 4.727831 -0.08380179 0.9964746 -0.003941001 -0.3392973 -0.00386144 0.003630148 0.9999859 -0.06091258
0.9962813 0.08610759 0.003000588 5.00773 -0.08609682 0.9962806 -0.003552351 -0.3641565 -0.003295311 0.0032808 0.9999892 -0.06078143
0.9960276 0.08896868 0.00367289 5.293468 -0.08895665 0.9960301 -0.003318517 -0.4004287 -0.003953553 0.002978607 0.9999877 -0.06341763
0.9957571 0.09190277 0.004649367 5.582858 -0.09188864 0.9957641 -0.003167058 -0.4332089 -0.004920735 0.002726397 0.9999842 -0.06544515
0.995572 0.09381739 0.005899529 5.88414 -0.09379982 0.9955859 -0.003189007 -0.4615645 -0.006172673 0.002621511 0.9999775 -0.06801664
0.9953451 0.09614363 0.006680533 6.180497 -0.09612481 0.9953644 -0.003084658 -0.4983736 -0.006946136 0.002428134 0.9999729 -0.0735435
0.9951553 0.0980619 0.007056297 6.485818 -0.09804426 0.9951782 -0.002804624 -0.530073 -0.007297299 0.002099208 0.9999712 -0.07677931
0.9949293 0.1003618 0.006579135 6.808328 -0.1003474 0.9949492 -0.002491283 -0.567971 -0.006795936 0.001818451 0.9999753 -0.08289045
0.9947002 0.1026674 0.005562468 7.12858 -0.1026547 0.994714 -0.002518838 -0.6039978 -0.005791666 0.001934475 0.9999813 -0.08480752
0.9944768 0.1048402 0.00493875 7.458919 -0.1048276 0.9944866 -0.002749345 -0.6437181 -0.005199763 0.002216443 0.999984 -0.08879965
0.9942887 0.106593 0.005277892 7.797817 -0.106579 0.9943 -0.002873942 -0.6833174 -0.00555415 0.002295016 0.9999819 -0.08969655
0.9941569 0.1077655 0.00621837 8.152596 -0.10775 0.9941742 -0.002781962 -0.7260954 -0.006481942 0.002095677 0.9999768 -0.09100938
0.9940078 0.1090454 0.007589683 8.507576 -0.1090299 0.9940354 -0.002439477 -0.7671385 -0.007810428 0.001597357 0.9999682 -0.09734163
0.9939082 0.1099128 0.008106109 8.868719 -0.1099007 0.9939407 -0.001930902 -0.814046 -0.008269222 0.001028273 0.9999653 -0.1056131
0.9938722 0.1102155 0.008406428 9.245728 -0.110207 0.9939075 -0.00146389 -0.8593726 -0.008516555 0.0005284726 0.9999636 -0.111906
0.993859 0.1103498 0.008200419 9.622603 -0.1103431 0.9938927 -0.001267676 -0.9056337 -0.008290225 0.000355031 0.9999655 -0.1132276
0.9938203 0.1106665 0.008608663 10.0128 -0.1106748 0.9938567 0.0004891778 -0.9475678 -0.008501641 -0.001438917 0.9999628 -0.1179504
0.9937817 0.1110242 0.008461611 10.41098 -0.1110426 0.9938142 0.001739006 -0.9979173 -0.008216197 -0.002667792 0.9999627 -0.1239268
0.9937629 0.1111084 0.009495724 10.81366 -0.1111357 0.9938022 0.002398962 -1.043555 -0.009170327 -0.003439313 0.999952 -0.1319336
0.9937044 0.1116746 0.008961148 11.21808 -0.1117045 0.9937372 0.002911244 -1.094393 -0.008579914 -0.003893917 0.9999556 -0.1403919
0.993652 0.112207 0.008080563 11.63601 -0.1122345 0.9936771 0.00303117 -1.14465 -0.007689352 -0.003918845 0.9999627 -0.1447761
0.9936398 0.1123462 0.00763175 12.05271 -0.1123846 0.9936533 0.004798904 -1.191886 -0.007044174 -0.005626073 0.9999593 -0.1520983
0.9935973 0.1127873 0.006591324 12.49909 -0.1128308 0.9935919 0.006648927 -1.239759 -0.005799173 -0.00735006 0.9999562 -0.1621211
0.9935934 0.1127832 0.007222779 12.93552 -0.1128339 0.9935889 0.007053131 -1.292916 -0.006380999 -0.007822919 0.999949 -0.1630166
0.9936073 0.112683 0.006862871 13.37837 -0.1127303 0.9936013 0.006953041 -1.349878 -0.006035469 -0.007682246 0.9999523 -0.1753121
0.9935463 0.113119 0.008359719 13.83377 -0.1131766 0.9935517 0.00677664 -1.408853 -0.007539247 -0.00767903 0.9999421 -0.1817934
0.9935179 0.1134903 0.00648637 14.29951 -0.1135374 0.9935061 0.007424727 -1.46016 -0.005601612 -0.008113045 0.9999514 -0.1957125
0.9936028 0.1128218 0.004966489 14.77001 -0.1128574 0.9935824 0.007574259 -1.520115 -0.004080074 -0.00808631 0.999959 -0.2062324
0.9937249 0.1117821 0.003938685 15.25448 -0.1118069 0.9937071 0.006766888 -1.57142 -0.003157481 -0.007164798 0.9999694 -0.2198305
0.9938282 0.1108543 0.004089756 15.74067 -0.1108767 0.9938174 0.005740047 -1.629094 -0.003428162 -0.00615808 0.9999751 -0.2217522
0.993915 0.1100785 0.003952521 16.23223 -0.1100996 0.9939049 0.005583235 -1.687797 -0.003313836 -0.005984432 0.9999766 -0.2281951
0.9940113 0.1092046 0.003976156 16.73861 -0.1092203 0.9940096 0.003976747 -1.747875 -0.003518058 -0.004387209 0.9999842 -0.2411552
0.9940367 0.1089922 0.003413535 17.25131 -0.1089921 0.9940426 -0.0002135316 -1.802179 -0.003416472 -0.0001597902 0.9999942 -0.2516759
0.9941046 0.1084039 0.002129279 17.76055 -0.1083931 0.9940971 -0.004680591 -1.859934 -0.002624105 0.004422199 0.9999868 -0.2546909
0.9942563 0.1069897 0.002762521 18.27183 -0.1069684 0.9942379 -0.006970077 -1.918713 -0.00349233 0.00663454 0.9999719 -0.253691
0.9942901 0.1066109 0.004611197 18.77729 -0.1065708 0.9942713 -0.008216006 -1.977436 -0.005460696 0.007677675 0.9999556 -0.2621342
0.9943582 0.1059399 0.005332092 19.28385 -0.1058943 0.9943436 -0.008204198 -2.040489 -0.006171084 0.007593274 0.9999521 -0.2691695
0.9945351 0.1042852 0.004960265 19.796 -0.1042436 0.9945196 -0.008021271 -2.095941 -0.005769579 0.007460359 0.9999555 -0.2778585
0.9947018 0.1026876 0.004850097 20.29882 -0.1026482 0.9946874 -0.007769186 -2.151954 -0.00562213 0.00723017 0.999958 -0.2786782
0.9948779 0.1009829 0.004519999 20.8046 -0.1009431 0.9948575 -0.008305262 -2.211104 -0.005335443 0.007806459 0.9999553 -0.2806288
0.995082 0.09884236 0.006479229 21.31585 -0.09878617 0.9950725 -0.008484276 -2.263671 -0.007285908 0.007802492 0.999943 -0.2810326
0.9952505 0.09705171 0.007577399 21.82608 -0.09698144 0.9952441 -0.009148918 -2.325341 -0.00842928 0.008370599 0.9999294 -0.285367
0.9953482 0.09597503 0.008417499 22.32514 -0.09588609 0.995338 -0.01040077 -2.384672 -0.009376471 0.009545271 0.9999105 -0.2935811
0.9954824 0.09457331 0.008409436 22.83142 -0.09448268 0.99547 -0.01059068 -2.440076 -0.009372937 0.009748285 0.9999086 -0.2934891
0.9956162 0.09303122 0.009673704 23.33862 -0.09292934 0.9956173 -0.01049653 -2.488104 -0.01060781 0.009551545 0.9998981 -0.2925406
0.9957678 0.0913728 0.009868693 23.82852 -0.09129595 0.9957918 -0.007976187 -2.533414 -0.01055597 0.007041459 0.9999195 -0.3094279
0.9958888 0.09002643 0.01003415 24.32302 -0.08997787 0.9959303 -0.005191977 -2.586613 -0.01046073 0.004267781 0.9999362 -0.3125089
0.9960545 0.08819279 0.009871401 24.81986 -0.08817539 0.9961026 -0.002185963 -2.627788 -0.01002571 0.001306923 0.9999489 -0.3196356
0.9961728 0.08700109 0.008391767 25.30647 -0.08701643 0.9962057 0.001478887 -2.673687 -0.008231263 -0.002203449 0.9999637 -0.3248185
0.9963106 0.08519294 0.01036004 25.79811 -0.08524329 0.9963499 0.004519633 -2.722614 -0.009937187 -0.005386083 0.9999361 -0.3324619
0.9964274 0.08389397 0.009713166 26.28385 -0.0839552 0.996451 0.00607765 -2.770908 -0.009168816 -0.006871407 0.9999344 -0.3365337
0.9964741 0.08332523 0.009814189 26.77324 -0.08339333 0.9964937 0.006746273 -2.812653 -0.009217645 -0.007540924 0.9999291 -0.3625803
0.9965646 0.08242741 0.008043119 27.25835 -0.08248588 0.9965661 0.007229699 -2.853462 -0.007419574 -0.007868306 0.9999415 -0.3645177
0.996596 0.08216227 0.006768386 27.73627 -0.0822146 0.9965837 0.007854145 -2.895144 -0.006099949 -0.00838387 0.9999462 -0.3842763
0.9966381 0.08168708 0.00630888 28.21285 -0.08173521 0.9966235 0.0077909 -2.941517 -0.005651163 -0.008280366 0.9999498 -0.3844421
0.9966625 0.08133555 0.006958839 28.67452 -0.08139164 0.9966486 0.008196869 -2.989667 -0.00626882 -0.008735904 0.9999422 -0.4017693
0.9967109 0.08076987 0.006605089 29.15007 -0.08082426 0.9966927 0.008430739 -3.031277 -0.005902295 -0.008936861 0.9999427 -0.4145205
0.9967319 0.08045182 0.007286126 29.61135 -0.08051874 0.9967089 0.009410245 -3.080655 -0.006505073 -0.009966161 0.9999292 -0.4220188
0.9968008 0.07968732 0.006161119 30.07767 -0.07975193 0.9967532 0.01107025 -3.113733 -0.005258957 -0.01152619 0.9999197 -0.442521
0.9967932 0.07974985 0.006590132 30.53855 -0.07982364 0.9967389 0.01181744 -3.159899 -0.005626202 -0.01230559 0.9999084 -0.4463654
0.9968311 0.07912138 0.008214137 31.00806 -0.07921843 0.9967819 0.01225044 -3.201482 -0.007218432 -0.01286233 0.9998912 -0.4644571
0.9968356 0.07900343 0.008788019 31.46417 -0.07910477 0.9967958 0.01185351 -3.243781 -0.007823393 -0.01251117 0.9998911 -0.4734536
0.9968426 0.07879554 0.009807373 31.92861 -0.0789115 0.9968088 0.01205925 -3.285403 -0.00882586 -0.01279509 0.9998792 -0.4854645
0.9968641 0.07846195 0.01027428 32.37353 -0.07857354 0.9968482 0.01094931 -3.334128 -0.009382789 -0.01172226 0.9998873 -0.5023609
0.9968125 0.07919878 0.009615839 32.83001 -0.07929848 0.9967958 0.01047172 -3.370671 -0.00875568 -0.01120086 0.9998989 -0.5124089
0.9968575 0.07873744 0.008693459 33.27533 -0.07883103 0.9968272 0.01100671 -3.421252 -0.007799236 -0.01165743 0.9999017 -0.5300542
0.9968964 0.07814345 0.009543813 33.7331 -0.07824454 0.9968767 0.01072288 -3.455041 -0.008676081 -0.01143635 0.9998969 -0.5360699
0.9969083 0.07802607 0.009258589 34.18185 -0.07812472 0.9968849 0.01081828 -3.491708 -0.00838564 -0.01150815 0.9998986 -0.5477395
0.9968989 0.07809 0.009723295 34.6315 -0.078201 0.9968702 0.01161294 -3.532968 -0.008786007 -0.0123373 0.9998853 -0.5696558
0.996951 0.07749379 0.009131806 35.07411 -0.0775995 0.996914 0.01185388 -3.574989 -0.008185023 -0.01252637 0.9998881 -0.5782915
0.9969763 0.07718742 0.00896332 35.51785 -0.07728876 0.9969416 0.0115719 -3.614492 -0.008042702 -0.01222967 0.9998929 -0.5913706
0.9969835 0.07714482 0.008520622 35.95734 -0.07723998 0.9969465 0.01146897 -3.656294 -0.007609833 -0.0120925 0.9998979 -0.6007696
0.997009 0.07684584 0.008232983 36.40014 -0.0769434 0.9969599 0.01227209 -3.693883 -0.007264895 -0.01286885 0.9998908 -0.6139864
0.9970208 0.07678059 0.007366376 36.8439 -0.07686615 0.9969677 0.01213447 -3.728723 -0.006412345 -0.01266455 0.9998993 -0.630824
0.997036 0.07668822 0.006163956 37.28599 -0.07675409 0.9969864 0.0112724 -3.765471 -0.005280919 -0.0117121 0.9999174 -0.643501
0.9970357 0.07675042 0.005397631 37.7094 -0.07680944 0.9969766 0.01174409 -3.809807 -0.004479947 -0.01212387 0.9999165 -0.649106
0.9970431 0.07662671 0.005781066 38.14395 -0.07669618 0.9969705 0.01294367 -3.843835 -0.004771722 -0.01334878 0.9998995 -0.6611958
0.9970574 0.07638928 0.006413066 38.58905 -0.07647009 0.9969809 0.0134759 -3.88457 -0.00536429 -0.01392665 0.9998887 -0.6780959
0.9970698 0.07617126 0.007053972 39.01788 -0.07626394 0.99699 0.01396453 -3.924678 -0.005969043 -0.01446157 0.9998776 -0.6902987
0.9971429 0.07523097 0.00680139 39.44235 -0.07532908 0.9970375 0.01555057 -3.96283 -0.005611356 -0.01601848 0.9998559 -0.7045391
0.9972889 0.07335834 0.005776355 39.87579 -0.07344192 0.9971725 0.0159068 -3.991602 -0.004593126 -0.0162879 0.9998568 -0.718996
0.9974478 0.07114321 0.006041929 40.30379 -0.07122566 0.9973512 0.01474767 -4.023261 -0.004976729 -0.01514037 0.999873 -0.7270012
0.9976553 0.06810585 0.006738847 40.73454 -0.06818857 0.9975889 0.01291838 -4.059832 -0.00584278 -0.01334761 0.9998938 -0.7347385
0.9978291 0.06540988 0.007660599 41.15617 -0.06549842 0.997781 0.01194142 -4.088511 -0.006862516 -0.01241725 0.9998993 -0.7489284
0.9979966 0.06276201 0.007979567 41.58052 -0.06285449 0.9979516 0.01192034 -4.117661 -0.007215077 -0.01239801 0.9998971 -0.7686066
0.9981797 0.05997019 0.006393738 42.00364 -0.06004149 0.9981283 0.01161365 -4.145567 -0.005685298 -0.0119764 0.9999121 -0.7864797
0.9983223 0.05773763 0.004356726 42.43146 -0.05778603 0.9982574 0.01194972 -4.15761 -0.003659185 -0.01218143 0.9999191 -0.7992014
0.9985 0.05465914 0.003157903 42.8448 -0.05469595 0.9984176 0.01307022 -4.184175 -0.002438499 -0.01322334 0.9999096 -0.8120413
0.9986252 0.05234945 0.002681322 43.25698 -0.05238339 0.9985185 0.01472271 -4.211883 -0.001906624 -0.01484293 0.999888 -0.8074021
0.9987389 0.05002872 0.004195621 43.66722 -0.05008636 0.9986323 0.01499159 -4.242618 -0.003439873 -0.01518283 0.9998788 -0.8255085
0.9988386 0.0478287 0.005818254 44.09323 -0.04790632 0.9987533 0.01402544 -4.258607 -0.005140182 -0.01428788 0.9998847 -0.8347564
0.9989436 0.04579775 0.003772036 44.50108 -0.04584694 0.9988476 0.01419115 -4.283772 -0.003117767 -0.01434909 0.9998922 -0.8608923
0.9989988 0.04465779 0.002647817 44.90503 -0.04469377 0.9988788 0.01559547 -4.309582 -0.00194839 -0.0156982 0.9998749 -0.8701563
0.9990224 0.04420428 0.0004655299 45.3179 -0.04420582 0.9988786 0.01694385 -4.327212 0.0002839826 -0.01694786 0.9998564 -0.8837688
0.9990388 0.04382883 0.0007609288 45.72957 -0.04383543 0.9988933 0.01704706 -4.347761 -1.293424e-05 -0.01706402 0.9998544 -0.8882364
0.9990758 0.04293437 0.002071385 46.13083 -0.04296449 0.9989182 0.01779447 -4.371755 -0.001305149 -0.01786702 0.9998395 -0.9017465
0.9990931 0.04250545 0.002494511 46.52362 -0.04254546 0.9989115 0.01911518 -4.394302 -0.001679296 -0.01920398 0.9998142 -0.9181152
0.9990667 0.04319362 0.0002238565 46.92104 -0.04318906 0.9988545 0.02059986 -4.414279 0.0006661827 -0.02059031 0.9997877 -0.9410636
0.9990418 0.04370577 -0.002299111 47.32033 -0.04364728 0.9988214 0.02122788 -4.430566 0.003224182 -0.02110719 0.999772 -0.9538991
0.9990348 0.04373577 -0.004079669 47.69757 -0.04363422 0.998798 0.02233005 -4.454531 0.005051387 -0.02213048 0.9997423 -0.9694848
0.9990441 0.04340103 -0.005218375 48.08953 -0.04327363 0.998811 0.02245138 -4.472764 0.006186583 -0.0222041 0.9997343 -0.9838489
0.9990457 0.04331553 -0.005600919 48.45876 -0.04318316 0.9988267 0.02191774 -4.5012 0.006543725 -0.02165495 0.9997441 -0.9910433
0.9990613 0.04287508 -0.006172518 48.83532 -0.0427408 0.9988768 0.02045232 -4.530982 0.00704248 -0.02016931 0.9997718 -1.005841
0.99906 0.04291546 -0.006112567 49.22232 -0.0428171 0.9989642 0.01540338 -4.546087 0.006767278 -0.01512717 0.9998627 -1.028344
0.9989961 0.04339105 -0.01113827 49.60159 -0.0432843 0.9990162 0.009652514 -4.553679 0.01154614 -0.00916071 0.9998914 -1.022321
0.9989441 0.04355055 -0.0146296 49.96625 -0.04344093 0.9990262 0.007729099 -4.569566 0.01495196 -0.007085414 0.9998631 -1.036885
0.9989362 0.04342097 -0.01552824 50.32406 -0.04330214 0.9990306 0.007908512 -4.586355 0.01585658 -0.007227693 0.9998481 -1.054032
0.9989272 0.04369118 -0.01534318 50.68582 -0.04357151 0.9990178 0.008049094 -4.609327 0.01567979 -0.007371934 0.9998499 -1.059319
0.9989231 0.04379244 -0.01532372 51.03828 -0.04367219 0.9990129 0.008095789 -4.627301 0.01566313 -0.00741785 0.9998498 -1.084198
0.9989087 0.0439834 -0.01571045 51.38586 -0.04386737 0.9990079 0.007656042 -4.649942 0.0160316 -0.006958511 0.9998473 -1.083503
0.9988858 0.04417155 -0.01661559 51.7191 -0.04402718 0.9989901 0.008956483 -4.670038 0.01699443 -0.008214965 0.9998218 -1.101974
0.9988208 0.04482683 -0.01864535 52.05992 -0.04457432 0.9989116 0.013745 -4.680973 0.0192412 -0.01289769 0.9997317 -1.113741
0.9988022 0.04465104 -0.02001292 52.40012 -0.04434988 0.9988998 0.01524765 -4.704161 0.02067172 -0.01434181 0.9996834 -1.116869
0.9988269 0.04397177 -0.02028208 52.74109 -0.04371577 0.9989609 0.01289724 -4.723831 0.02082812 -0.01199547 0.9997111 -1.108018
0.9988372 0.04430263 -0.01901227 53.07437 -0.04409207 0.9989631 0.01135488 -4.737815 0.0194956 -0.01050338 0.9997548 -1.134394
0.9988046 0.04513125 -0.01877721 53.40211 -0.0448954 0.9989097 0.01279803 -4.765019 0.01933432 -0.01193972 0.9997418 -1.139102
0.9988167 0.04485562 -0.01879226 53.7321 -0.04457401 0.9988912 0.01514603 -4.778672 0.01945081 -0.01429046 0.9997087 -1.155363
0.9988206 0.04474322 -0.01885382 54.0632 -0.04444848 0.9988872 0.01577278 -4.807719 0.01953857 -0.01491616 0.9996978 -1.160411
0.9988288 0.04489017 -0.01805338 54.40161 -0.04462026 0.9988902 0.01508549 -4.821812 0.01871054 -0.01426228 0.9997232 -1.163522
0.9988428 0.04517466 -0.01650317 54.73408 -0.04493624 0.998884 0.01454278 -4.850561 0.01714172 -0.01378436 0.9997581 -1.174556
0.9988453 0.04529903 -0.01600347 55.07064 -0.04506724 0.9988778 0.01455931 -4.86185 0.01664503 -0.01382126 0.9997659 -1.182989
0.9988426 0.04571241 -0.01496021 55.408 -0.04548458 0.9988489 0.01523101 -4.88251 0.01563924 -0.01453292 0.9997721 -1.200618
0.9988332 0.04571493 -0.01556834 55.75349 -0.04547324 0.9988447 0.01553978 -4.89635 0.01626076 -0.0148137 0.9997581 -1.212232
0.9988151 0.04601479 -0.01584262 56.09319 -0.04576626 0.9988288 0.01570825 -4.922338 0.01654687 -0.01496458 0.9997511 -1.215605
0.9988599 0.04561237 -0.01408616 56.44265 -0.04539149 0.998847 0.01562126 -4.936039 0.01478244 -0.01496406 0.9997787 -1.232771
0.9988622 0.04593769 -0.01280707 56.80164 -0.04574563 0.9988419 0.0149071 -4.966453 0.01347703 -0.01430428 0.9998069 -1.233832
0.9988596 0.04635779 -0.01142305 57.16274 -0.04619617 0.998834 0.01402794 -4.992436 0.01206003 -0.01348424 0.9998363 -1.244402
0.9988967 0.04638086 -0.007364932 57.53471 -0.04631549 0.9988879 0.008811967 -5.028322 0.00776545 -0.008461134 0.9999341 -1.237821
0.9988863 0.0466557 -0.00702205 57.90659 -0.04664386 0.9989097 0.001840927 -5.04095 0.007100285 -0.001511341 0.9999737 -1.245236
0.9988268 0.04803933 -0.006105407 58.27457 -0.04803731 0.9988453 0.0004764037 -5.062977 0.006121244 -0.0001825575 0.9999812 -1.271107
0.9987819 0.04890373 -0.006577438 58.63933 -0.04887757 0.9987966 0.004080335 -5.082487 0.006769065 -0.003753876 0.99997 -1.287893
0.9987416 0.04966693 -0.006961642 59.01302 -0.04961985 0.9987451 0.006780175 -5.099882 0.007289657 -0.006426207 0.9999528 -1.303335
0.9986884 0.05084364 -0.006033118 59.3936 -0.05078764 0.998668 0.009098426 -5.128318 0.006487679 -0.008780085 0.9999404 -1.316559
0.9986265 0.0519818 -0.006560524 59.7812 -0.05189872 0.9985771 0.01225594 -5.1518 0.007188276 -0.01189863 0.9999034 -1.323813
0.998588 0.05278786 -0.005947263 60.16172 -0.05266795 0.9984356 0.01878089 -5.168154 0.006929361 -0.01844114 0.9998059 -1.317454
0.9984846 0.05469628 -0.006076709 60.55448 -0.05450371 0.9981126 0.02829435 -5.201117 0.007612836 -0.02792026 0.9995812 -1.33238
0.9983913 0.05650051 -0.004731576 60.95295 -0.05634249 0.9979998 0.02866809 -5.239998 0.006341874 -0.02835538 0.9995778 -1.335546
0.9982658 0.05872605 -0.004077078 61.36743 -0.05862119 0.9980314 0.02229621 -5.272987 0.00537842 -0.02201854 0.9997431 -1.354977
0.9981364 0.06089852 -0.003878568 61.77262 -0.06081836 0.9979825 0.01821498 -5.302688 0.004980009 -0.01794515 0.9998266 -1.373249
0.9979734 0.06336799 -0.005785005 62.17123 -0.0632522 0.9978284 0.01838286 -5.334139 0.006937326 -0.01797969 0.9998143 -1.397058
0.99769 0.0673999 -0.008487636 62.57674 -0.06722826 0.9975547 0.01910231 -5.371755 0.009754376 -0.01848758 0.9997815 -1.410364
0.9973263 0.07237095 -0.01014068 62.98196 -0.07216721 0.997208 0.01919352 -5.412567 0.01150142 -0.01841038 0.9997644 -1.428442
0.9969337 0.07744633 -0.01119225 63.3861 -0.07724391 0.9968585 0.01750997 -5.457058 0.01251317 -0.01659175 0.9997841 -1.433045
0.9964744 0.08308464 -0.01164449 63.79516 -0.08287974 0.9964129 0.0170953 -5.497857 0.01302308 -0.01606994 0.9997861 -1.450264
0.9958669 0.08993561 -0.01267941 64.20527 -0.08970801 0.9958143 0.01750375 -5.549338 0.01420055 -0.01629396 0.9997664 -1.462548
0.9951801 0.09748659 -0.0106254 64.61492 -0.09730268 0.9951159 0.01663531 -5.60894 0.01219522 -0.01552125 0.9998052 -1.462773
0.9941944 0.1069726 -0.01159394 65.01534 -0.1068102 0.9941833 0.01382163 -5.669932 0.01300503 -0.01250304 0.9998373 -1.48944
0.9929693 0.1179016 -0.01053902 65.42519 -0.1177758 0.9929696 0.01184959 -5.740272 0.01186201 -0.01052504 0.9998742 -1.482875
0.9913763 0.1303964 -0.01302942 65.83248 -0.1302644 0.9914237 0.01050871 -5.807824 0.01428797 -0.008720812 0.9998599 -1.515902
0.9893845 0.1446231 -0.01423169 66.22706 -0.1445013 0.9894614 0.009253986 -5.894716 0.01542005 -0.007099253 0.9998559 -1.523208
0.9868909 0.1605179 -0.01674239 66.6246 -0.1604133 0.9870219 0.007423784 -5.979645 0.01771675 -0.004640764 0.9998323 -1.53993
0.9840915 0.1769747 -0.01562103 67.00586 -0.1768847 0.9842068 0.006976979 -6.072244 0.01660908 -0.004102863 0.9998537 -1.536478
0.9807145 0.1949001 -0.01459552 67.38126 -0.1947972 0.9808095 0.00817877 -6.1875 0.01590947 -0.005177871 0.99986 -1.548029
0.9767336 0.2140763 -0.01276313 67.76397 -0.2139802 0.9768012 0.008486616 -6.287434 0.01428382 -0.005558106 0.9998825 -1.573645
0.9722557 0.2335474 -0.01320711 68.15482 -0.2334628 0.9723358 0.007638558 -6.414836 0.01462571 -0.004343262 0.9998836 -1.564169
0.967001 0.254472 -0.01236853 68.51511 -0.2543951 0.9670715 0.007462178 -6.536073 0.01386017 -0.004069441 0.9998957 -1.580558
0.9611148 0.2757109 -0.01555333 68.88278 -0.2756115 0.9612339 0.0082456 -6.663327 0.01722378 -0.003638291 0.999845 -1.61496
0.9548289 0.2963858 -0.02138537 69.24103 -0.2961805 0.9550531 0.01227113 -6.770499 0.02406115 -0.005382898 0.999696 -1.613164
0.9484281 0.3165432 -0.01686933 69.59932 -0.3163547 0.9485528 0.01293822 -6.911641 0.02009695 -0.00693428 0.999774 -1.596805
0.9411687 0.3378588 -0.007269586 69.9355 -0.3377458 0.9411421 0.0133991 -7.079306 0.01136872 -0.01015554 0.9998838 -1.594023
0.9331142 0.3595351 -0.005699431 70.28157 -0.3594486 0.9330842 0.01226236 -7.243397 0.009726796 -0.009393526 0.9999086 -1.663663
0.9254524 0.3787273 -0.01017088 70.63598 -0.378604 0.9254786 0.01219192 -7.384502 0.01403035 -0.007432309 0.9998739 -1.654594
0.9178396 0.3967546 -0.01250183 70.9575 -0.3965747 0.9178854 0.01465953 -7.532545 0.01729148 -0.008497187 0.9998144 -1.651478
0.9090006 0.4165061 -0.01551034 71.26978 -0.416281 0.9090985 0.01582054 -7.69867 0.02068977 -0.007924222 0.9997545 -1.681834
0.8993807 0.4367422 -0.01925208 71.61012 -0.4365219 0.8995739 0.01467893 -7.874007 0.02372958 -0.004797996 0.9997069 -1.709464
0.8908127 0.4540038 -0.01825773 71.92976 -0.4537795 0.8909843 0.01520791 -8.045038 0.0231718 -0.005262417 0.9997177 -1.687936
0.8822657 0.470559 -0.01347137 72.22215 -0.4703135 0.8823179 0.01790171 -8.227689 0.02030984 -0.009458299 0.999749 -1.709162
0.8720836 0.4892563 -0.009921513 72.50495 -0.4889152 0.8719785 0.02480089 -8.418262 0.02078534 -0.01677767 0.9996431 -1.725415
0.8616857 0.507314 -0.01141443 72.81231 -0.5068472 0.8615463 0.02904751 -8.615191 0.02457027 -0.01924445 0.9995129 -1.728844
0.8523416 0.5228288 -0.01279696 73.10271 -0.5223753 0.8522741 0.02744297 -8.808377 0.0252545 -0.01670597 0.9995415 -1.757005
0.8418748 0.5394585 -0.01521119 73.38458 -0.5390731 0.8419335 0.02341073 -9.00509 0.02543593 -0.01150897 0.9996102 -1.768119
0.8312893 0.5556116 -0.01593388 73.67035 -0.555239 0.8313817 0.02267099 -9.209365 0.02584341 -0.00999904 0.999616 -1.787891
0.8212049 0.5703892 -0.01669498 73.94843 -0.569995 0.8213185 0.02326725 -9.41503 0.02698329 -0.009591123 0.9995899 -1.794611
0.8111282 0.5846395 -0.01636317 74.21654 -0.5842455 0.8112379 0.02345297 -9.618964 0.02698596 -0.009463257 0.999591 -1.80547
0.8013746 0.5979829 -0.01467263 74.47896 -0.5976187 0.8014507 0.02299162 -9.837387 0.02550799 -0.009656259 0.999628 -1.81838
0.7926426 0.6095161 -0.01441964 74.73917 -0.60917 0.7927229 0.02241353 -10.05099 0.02509218 -0.008981903 0.9996448 -1.831686
0.7843989 0.620091 -0.01433841 74.99767 -0.6197388 0.784479 0.02272744 -10.26592 0.02534126 -0.00894131 0.9996389 -1.862785
0.7758881 0.6306449 -0.01687299 75.24641 -0.630289 0.7760438 0.0221784 -10.48391 0.02708087 -0.006573092 0.9996116 -1.873349
0.7673525 0.6409254 -0.01961838 75.50572 -0.6405437 0.767588 0.02262959 -10.69464 0.02956271 -0.00479844 0.9995514 -1.893327
0.7598022 0.6498335 -0.02042191 75.76012 -0.6494446 0.7600656 0.02284851 -10.92332 0.03036972 -0.004097447 0.9995303 -1.885477
0.7523518 0.6584727 -0.01950712 75.99294 -0.658079 0.7525902 0.02323417 -11.15038 0.02997994 -0.004643043 0.9995397 -1.90551
0.7450259 0.6667677 -0.01889862 76.23578 -0.6663464 0.745245 0.02433766 -11.37996 0.03031167 -0.005539157 0.9995251 -1.918871
0.7382027 0.6743578 -0.01727328 76.47574 -0.6739095 0.7383687 0.02564191 -11.60229 0.03004588 -0.0072883 0.999522 -1.932984
0.7312982 0.6818548 -0.01664015 76.70359 -0.6813672 0.7314379 0.02715177 -11.83484 0.0306848 -0.008517992 0.9994928 -1.947664
0.7250356 0.6885279 -0.01589268 76.93781 -0.6880192 0.7251483 0.02809728 -12.06612 0.03087031 -0.009437058 0.9994789 -1.962157
0.7191448 0.6946821 -0.01573445 77.16606 -0.6941025 0.7192336 0.03041066 -12.30174 0.03244248 -0.01094835 0.9994136 -1.984819
0.7128123 0.7011179 -0.01822591 77.39704 -0.7004703 0.7129776 0.03168887 -12.54161 0.0352123 -0.009821505 0.9993316 -2.003506
0.7071495 0.7067946 -0.01951852 77.62301 -0.7060763 0.707351 0.03332613 -12.77549 0.03736118 -0.009784993 0.9992539 -2.012152
0.7025355 0.7113741 -0.01976926 77.84779 -0.7106084 0.7027394 0.03454393 -13.00552 0.03846629 -0.01022014 0.9992076 -2.019096
0.6977807 0.7160929 -0.01769177 78.08521 -0.7152866 0.6978906 0.03624843 -13.2518 0.03830417 -0.01263877 0.9991862 -2.035625
0.6937821 0.7199908 -0.01672286 78.30235 -0.7191696 0.6938498 0.03698101 -13.49914 0.03822914 -0.01363019 0.999176 -2.050541
0.690387 0.7232732 -0.01554412 78.53375 -0.7224557 0.6904088 0.03732832 -13.74316 0.03773038 -0.01454105 0.9991822 -2.076013
0.6873852 0.726106 -0.0164783 78.77161 -0.7252609 0.6874409 0.03770689 -13.99559 0.03870706 -0.01396809 0.999153 -2.087416
0.6846382 0.7287146 -0.01566811 78.99833 -0.727869 0.6846611 0.03802248 -14.24975 0.03843489 -0.0146273 0.999154 -2.108765
0.6822635 0.7309241 -0.0163249 79.23222 -0.730033 0.6823015 0.03894129 -14.50593 0.03960163 -0.01465051 0.9991081 -2.126296
0.6800706 0.7329851 -0.01539097 79.46943 -0.7320836 0.6800649 0.03956206 -14.76353 0.03946526 -0.01563751 0.9990986 -2.143837
0.678915 0.7340664 -0.01486343 79.69033 -0.7331276 0.678871 0.0407172 -15.01402 0.03997948 -0.01674673 0.9990602 -2.164871
0.6772476 0.735593 -0.01544476 79.91967 -0.7346554 0.6772336 0.04044715 -15.26811 0.04021235 -0.01604616 0.9990623 -2.184103
0.6753188 0.7373587 -0.01570319 80.15185 -0.7363777 0.6753021 0.04141122 -15.52964 0.04113933 -0.01640229 0.9990188 -2.210229
0.6745882 0.7380127 -0.01637297 80.38303 -0.7369888 0.6745881 0.0421749 -15.78288 0.04217061 -0.01638399 0.9989761 -2.218454
0.6738205 0.7387212 -0.01603128 80.60966 -0.7376837 0.6737993 0.04263089 -16.03678 0.0422942 -0.01689955 0.9989623 -2.244747
0.6735607 0.7389661 -0.0156518 80.83725 -0.7379457 0.6735283 0.04237717 -16.28673 0.04185722 -0.01699342 0.9989791 -2.254884
0.6733145 0.7391962 -0.01538101 81.05945 -0.7381685 0.6732662 0.04266186 -16.54235 0.041891 -0.01737107 0.9989712 -2.281573
0.6732703 0.7392336 -0.01551267 81.28069 -0.7382076 0.6732291 0.04256752 -16.78813 0.04191092 -0.01720788 0.9989731 -2.301577
0.6729578 0.7395041 -0.01617104 81.50854 -0.7384636 0.6729435 0.04264406 -17.02809 0.04241765 -0.01675593 0.9989594 -2.324135
0.6725786 0.7398505 -0.01610204 81.71842 -0.7388132 0.6725626 0.04259604 -17.27846 0.04234434 -0.01675279 0.9989626 -2.340528
0.6724092 0.7400075 -0.01596206 81.93197 -0.7389642 0.6723843 0.04279554 -17.5217 0.04240166 -0.01698072 0.9989563 -2.35543
0.6720364 0.7403674 -0.014938 82.14151 -0.7393448 0.67197 0.04272415 -17.75394 0.04166945 -0.01766785 0.9989752 -2.380074
0.6720005 0.7403896 -0.01544424 82.34086 -0.7393687 0.6719598 0.04247197 -17.98125 0.04182371 -0.01712219 0.9989783 -2.392863
0.6715833 0.7407874 -0.0144886 82.55129 -0.7397814 0.6715027 0.04251392 -18.21145 0.04122291 -0.01783324 0.9989908 -2.415817
0.6715055 0.7408301 -0.01584828 82.75017 -0.7398046 0.6714834 0.04241811 -18.43904 0.04206647 -0.01675937 0.9989743 -2.431648
0.6713805 0.7409385 -0.01607453 82.95365 -0.739894 0.671362 0.04277628 -18.66797 0.04248643 -0.01682571 0.9989554 -2.454917
0.671968 0.7404063 -0.01604899 83.15055 -0.7393598 0.6719466 0.04283588 -18.8828 0.04250002 -0.01691836 0.9989532 -2.464682
0.6722869 0.7401243 -0.01569651 83.34165 -0.739078 0.6722479 0.042971 -19.1007 0.04235582 -0.01728789 0.998953 -2.489947
0.6727648 0.7396884 -0.01576732 83.53745 -0.7386097 0.6727152 0.04370409 -19.31484 0.04293433 -0.01775667 0.9989201 -2.501206
0.6737245 0.7388254 -0.01523687 83.72913 -0.7377486 0.6736478 0.04388436 -19.52958 0.04268716 -0.01832499 0.9989204 -2.518972
0.6738977 0.7386472 -0.01619403 83.90299 -0.7375724 0.6738694 0.04344002 -19.73061 0.04299951 -0.01732986 0.9989248 -2.542371
0.6742972 0.7382529 -0.0174894 84.10249 -0.7371525 0.6743231 0.04352452 -19.93843 0.04392561 -0.01645611 0.9988993 -2.555144
0.6754665 0.7371783 -0.01769534 84.28431 -0.7360451 0.6754889 0.04418625 -20.14976 0.04452614 -0.01682177 0.9988666 -2.571128
0.676599 0.7361336 -0.01792176 84.46712 -0.7350264 0.6766407 0.04351444 -20.33658 0.04415903 -0.01626886 0.998892 -2.584967
0.6768957 0.7358675 -0.01764203 84.64514 -0.7347573 0.6769218 0.04368637 -20.53915 0.04408966 -0.01660851 0.9988895 -2.600379
0.6778049 0.7350201 -0.01805302 84.82703 -0.7338958 0.6778451 0.04384846 -20.73289 0.04446666 -0.01647167 0.9988751 -2.617901
0.6780373 0.7348092 -0.01791119 84.99863 -0.7336863 0.6780703 0.0438729 -20.92883 0.04438326 -0.01660627 0.9988766 -2.634548
0.6786025 0.7342495 -0.01940021 85.1678 -0.733098 0.6787001 0.04397367 -21.11385 0.04545457 -0.01561838 0.9988443 -2.653943
0.6793487 0.7335489 -0.01978432 85.33611 -0.7323982 0.6794649 0.04382272 -21.30219 0.04558886 -0.01528091 0.9988434 -2.665657
0.6799909 0.7329441 -0.02013293 85.50747 -0.7317598 0.6801126 0.0444325 -21.48564 0.0462592 -0.01548123 0.9988095 -2.684444
0.680238 0.7327021 -0.02058709 85.6701 -0.7314848 0.6803719 0.04499074 -21.65959 0.04697169 -0.01554527 0.9987752 -2.69639
0.680654 0.7323083 -0.02085219 85.84123 -0.7310333 0.680782 0.0461105 -21.84184 0.04796289 -0.01614165 0.9987187 -2.707219
0.6810709 0.7319075 -0.02130402 86.00352 -0.7305938 0.6812096 0.04675904 -22.02209 0.04873579 -0.01628164 0.998679 -2.728007
0.6814564 0.7315531 -0.02114799 86.16518 -0.7302541 0.6815907 0.04650675 -22.19443 0.04843643 -0.01624892 0.9986941 -2.738021
0.6819618 0.7310609 -0.02186495 86.33115 -0.7297348 0.6821252 0.04682159 -22.37952 0.04914407 -0.01597492 0.998664 -2.7576
0.6824181 0.7306462 -0.02148646 86.49783 -0.7293528 0.6825711 0.04627565 -22.5555 0.04847715 -0.01590813 0.9986976 -2.766601
0.6828732 0.7302264 -0.0212947 86.65065 -0.7289391 0.683017 0.04621318 -22.72287 0.04829072 -0.01603521 0.9987046 -2.786197
0.6828146 0.7302706 -0.02165668 86.81397 -0.7289748 0.6829751 0.04626646 -22.90255 0.04857801 -0.01580424 0.9986944 -2.801175
0.6829009 0.7301746 -0.02216897 86.97638 -0.7288567 0.6830816 0.04655275 -23.08086 0.04913485 -0.01563291 0.9986698 -2.810416
0.6834656 0.7296488 -0.02207782 87.13869 -0.7283254 0.6836387 0.04669008 -23.25053 0.04916061 -0.01583122 0.9986654 -2.828697
0.6834114 0.7296836 -0.02259663 87.2955 -0.7283475 0.6836088 0.04678436 -23.42468 0.04958504 -0.01551477 0.9986494 -2.844805
0.6837105 0.7293914 -0.02297972 87.45788 -0.7280235 0.6839185 0.04730077 -23.60197 0.05021703 -0.01561026 0.9986163 -2.86077
0.6838512 0.7292391 -0.02361771 87.62016 -0.7278779 0.684096 0.04697243 -23.77635 0.05041092 -0.01493134 0.9986169 -2.872926
0.6834338 0.729605 -0.02438978 87.77938 -0.7282506 0.6837234 0.04661835 -23.95065 0.05068884 -0.01409868 0.998615 -2.890824
0.6829965 0.730019 -0.02425291 87.94307 -0.7286767 0.6832829 0.04642012 -24.12231 0.05045917 -0.01403225 0.9986275 -2.89871
0.6824484 0.7305292 -0.02431745 88.10268 -0.729171 0.6827347 0.04672124 -24.29901 0.0507336 -0.01415326 0.9986119 -2.920602
0.6816163 0.731307 -0.02427566 88.26145 -0.7299471 0.6819015 0.04677065 -24.47443 0.05075731 -0.01415969 0.9986106 -2.929619
0.6807328 0.7321408 -0.02392821 88.41793 -0.7307994 0.6810056 0.04651263 -24.64909 0.05034904 -0.01417596 0.9986311 -2.945969
0.6798364 0.7329436 -0.02482163 88.57603 -0.7315999 0.6801587 0.04632207 -24.82348 0.05083412 -0.01333193 0.9986181 -2.961413
0.6786505 0.73406 -0.02427885 88.73807 -0.732732 0.6789496 0.04616403 -25.00572 0.05037129 -0.01353935 0.9986388 -2.975806
0.6778581 0.7347916 -0.02428496 88.89553 -0.7334823 0.678164 0.04579711 -25.18889 0.05012051 -0.01323136 0.9986556 -2.987957
0.6764054 0.736142 -0.0238865 89.05201 -0.7348388 0.676694 0.04579588 -25.36756 0.04987612 -0.01342386 0.9986652 -3.001857
0.6748378 0.7375628 -0.02439214 89.22346 -0.7362508 0.6751539 0.04584908 -25.55126 0.05028503 -0.01298196 0.9986506 -3.024014
0.6734192 0.7388474 -0.02471744 89.3831 -0.7375533 0.6737595 0.04542532 -25.73371 0.05021598 -0.01235986 0.9986619 -3.03659
0.6718695 0.7402337 -0.0254053 89.551 -0.7388965 0.6722387 0.04612058 -25.91897 0.05121844 -0.01221513 0.9986128 -3.053866
0.6700658 0.7418672 -0.02539522 89.71607 -0.7405235 0.6704359 0.04626652 -26.11775 0.05134948 -0.01219585 0.9986063 -3.06461
0.6685725 0.7432207 -0.02517486 89.8861 -0.7418618 0.6689297 0.04663055 -26.30308 0.051497 -0.01249964 0.9985949 -3.079723
0.6666794 0.7449362 -0.02467178 90.04816 -0.7435924 0.667016 0.04647456 -26.5051 0.05107705 -0.01263788 0.9986147 -3.092146
0.6647629 0.7466426 -0.0248014 90.22205 -0.7452753 0.6651042 0.04691927 -26.69715 0.05152744 -0.01270633 0.9985908 -3.121213
0.6624399 0.7486938 -0.02511818 90.39589 -0.7473586 0.6628098 0.04624176 -26.90125 0.05126949 -0.0118601 0.9986144 -3.127808
0.6600842 0.7507674 -0.02524212 90.56655 -0.7494007 0.6604577 0.04684196 -27.11096 0.05183877 -0.01200318 0.9985833 -3.147635
0.6578568 0.7526969 -0.02591742 90.7463 -0.7513099 0.6582664 0.04710346 -27.31706 0.0525152 -0.01151532 0.9985538 -3.156759
0.6554135 0.7548541 -0.02506996 90.91679 -0.7534994 0.6557883 0.04669612 -27.52934 0.05168933 -0.01171507 0.9985945 -3.18195
0.6531035 0.7568571 -0.02496188 91.09548 -0.7555037 0.6534764 0.04671903 -27.7432 0.05167163 -0.01165357 0.9985961 -3.190108
0.6506528 0.7589732 -0.02470972 91.27444 -0.7576396 0.6510206 0.04641382 -27.95982 0.05131339 -0.01147822 0.9986166 -3.215003
0.6481926 0.7610727 -0.0247956 91.45908 -0.7597304 0.6485673 0.04658756 -28.1834 0.05153813 -0.01135974 0.9986064 -3.229791
0.6457145 0.763202 -0.02398909 91.64294 -0.761893 0.6460574 0.04614217 -28.41287 0.05071412 -0.01151755 0.9986468 -3.249277
0.6433557 0.7651936 -0.02392155 91.82856 -0.7638632 0.6436937 0.04659687 -28.63197 0.05105378 -0.01170556 0.9986273 -3.26921
0.6409467 0.7672269 -0.02345826 92.01073 -0.765888 0.6412619 0.04689006 -28.85726 0.0510182 -0.01208763 0.9986246 -3.281636
0.6384176 0.7693139 -0.02406189 92.19412 -0.7679671 0.6387677 0.0469279 -29.08851 0.05147225 -0.01148086 0.9986084 -3.30269
0.635766 0.7714877 -0.02466116 92.38801 -0.7701453 0.6361537 0.04673795 -29.33219 0.05174604 -0.01072172 0.9986027 -3.318036
0.6333932 0.7734517 -0.02419959 92.58067 -0.7720909 0.6337559 0.04721214 -29.57002 0.05185294 -0.01121956 0.9985917 -3.338475
0.6310189 0.7753538 -0.02533064 92.77397 -0.7740085 0.6314498 0.04670894 -29.81595 0.05221099 -0.009868084 0.9985873 -3.354981
0.6284428 0.7774267 -0.02583456 92.97054 -0.7761043 0.6289092 0.04620837 -30.06699 0.05217121 -0.008989001 0.9985977 -3.379802
0.6263269 0.7791367 -0.02570517 93.16789 -0.777819 0.6267906 0.0461621 -30.31378 0.05207834 -0.008918591 0.9986032 -3.389291
0.6244506 0.780686 -0.02431046 93.36289 -0.7793693 0.6248431 0.04641973 -30.56287 0.05142945 -0.01004 0.9986262 -3.413659
0.6224512 0.78229 -0.02402049 93.55686 -0.7810062 0.6228378 0.04585354 -30.82777 0.05083163 -0.009781443 0.9986593 -3.427132
0.6215197 0.7830413 -0.02365518 93.75911 -0.7818092 0.6218985 0.04491001 -31.0848 0.04987751 -0.009418625 0.9987109 -3.450226
0.6208737 0.7835565 -0.02356237 93.96358 -0.7822741 0.6212387 0.04593036 -31.34868 0.05062689 -0.01008472 0.9986667 -3.472407
0.6201919 0.7840536 -0.0249397 94.17239 -0.78276 0.6206287 0.04590085 -31.60513 0.05146702 -0.008945534 0.9986346 -3.497415
0.6198728 0.7842968 -0.02522245 94.38351 -0.7830158 0.6203272 0.04561093 -31.87216 0.05141868 -0.008523399 0.9986408 -3.513293
0.6200799 0.7841268 -0.02541753 94.58263 -0.7828161 0.6205394 0.04615042 -32.13389 0.05196036 -0.008719703 0.9986111 -3.53008
0.6205202 0.7837893 -0.02507939 94.79203 -0.7824833 0.6209617 0.04611307 -32.3951 0.05171628 -0.008989884 0.9986213 -3.554082
0.6213689 0.7831123 -0.02521648 94.99909 -0.781821 0.621819 0.04579595 -32.65685 0.05154345 -0.008741403 0.9986325 -3.565289
0.6227959 0.7819879 -0.02490388 95.21054 -0.7807565 0.6232375 0.04465837 -32.91665 0.05044333 -0.008369181 0.9986919 -3.598181
0.6245244 0.7806064 -0.02495997 95.41506 -0.7793847 0.6249678 0.04443885 -33.17706 0.05028843 -0.008299731 0.9987003 -3.609993
0.6267369 0.7788104 -0.02559501 95.61933 -0.7776181 0.6272144 0.04372798 -33.4215 0.05010936 -0.007502794 0.9987156 -3.63157
0.6290557 0.7769476 -0.02532544 95.81139 -0.7757477 0.6295149 0.04389103 -33.67435 0.05004377 -0.007963751 0.9987153 -3.648157
0.6312661 0.7751297 -0.02601826 96.00872 -0.773941 0.6317594 0.04353484 -33.91003 0.05018243 -0.007345472 0.9987131 -3.671058
0.6336547 0.7732036 -0.02525747 96.20079 -0.7720197 0.6341063 0.04352719 -34.14066 0.04967129 -0.008081937 0.9987329 -3.683904
0.6361017 0.7712029 -0.0249143 96.39037 -0.7700369 0.6365354 0.04319484 -34.37322 0.04917082 -0.008291377 0.998756 -3.702777
0.6394119 0.7685013 -0.02362764 96.58675 -0.7673827 0.6397851 0.04241017 -34.60079 0.04770888 -0.008986125 0.9988208 -3.724999
0.6439661 0.7646785 -0.02396711 96.78434 -0.76357 0.644352 0.04209166 -34.82302 0.04762983 -0.00880504 0.9988263 -3.736337
0.6492695 0.7601503 -0.02491619 96.98022 -0.7590857 0.6497023 0.04094052 -35.04279 0.04730905 -0.007667903 0.9988509 -3.762939
0.6548522 0.7553238 -0.02558625 97.17356 -0.7542216 0.6553041 0.04154968 -35.24632 0.04815024 -0.007911198 0.9988088 -3.771231
0.6609524 0.7499756 -0.02604661 97.36464 -0.7488634 0.6614172 0.04160491 -35.45842 0.04843034 -0.00799351 0.9987946 -3.790568
0.6681167 0.7436391 -0.02491722 97.55595 -0.7425698 0.6685238 0.04081783 -35.65803 0.04701149 -0.0087683 0.9988559 -3.801511
0.6759096 0.7365384 -0.02563962 97.74378 -0.7354836 0.676344 0.04028362 -35.85361 0.04701163 -0.008370569 0.9988593 -3.824823
0.6835533 0.729415 -0.02662117 97.93121 -0.7283645 0.6840259 0.03992201 -36.03605 0.04732929 -0.007898906 0.9988481 -3.838601
