1.0 0.0 0.0 0.0 0.0 1.0 0.0 0.0 0.0 0.0 1.0 0.0
0.9999698 -0.006626877 0.004061815 1.519542 0.006633207 0.9999768 -0.00154702 -0.123585 -0.004051469 0.001573916 0.9999906 0.01840173
0.999965 -0.008013518 0.002398943 3.943642 0.008012089 0.9999678 0.0006043328 -0.1330418 -0.002403709 -0.0005850911 0.999997 -0.02877674
0.9999588 -0.009001582 0.001165517 6.37248 0.009001316 0.9999595 0.0002334142 -0.1269553 -0.001167571 -0.0002229134 0.9999993 -0.04434919
0.9999492 -0.01007546 -0.00033666 8.757261 0.01007542 0.9999492 -0.0001149541 -0.1312832 0.0003378011 0.0001115562 0.9999999 -0.05621351
0.9999318 -0.01162342 -0.001142833 11.17184 0.01162352 0.9999324 7.673497e-05 -0.1134656 0.001141864 -9.001348e-05 0.9999993 -0.1073471
0.9999171 -0.01286326 0.0006107846 13.54299 0.01286397 0.9999166 -0.001171975 -0.132265 -0.0005956581 0.001179735 0.9999991 -0.1169636
0.9998986 -0.01422384 0.0007698435 15.93811 0.01422462 0.9998982 -0.001020168 -0.1254332 -0.0007552546 0.001031015 0.9999992 -0.1705509
0.9998795 -0.01543274 0.001654202 18.3353 0.01543563 0.9998792 -0.001745415 -0.1257455 -0.001627066 0.001770738 0.9999971 -0.1888605
0.9998565 -0.0169318 -0.0004482017 20.76271 0.01693149 0.9998564 -0.0006727531 -0.1085143 0.0004595283 0.0006650678 0.9999997 -0.2030402
0.9998233 -0.01878604 -0.000615554 23.16859 0.01878559 0.9998233 -0.0007319567 -0.0786057 0.0006291958 0.0007202639 0.9999995 -0.2639295
0.9997747 -0.02122086 0.0004769585 25.55239 0.0212204 0.9997743 0.0009443074 -0.05287622 -0.0004968899 -0.0009339734 0.9999995 -0.2776447
0.9997272 -0.02335629 0.0001732581 27.95612 0.02335639 0.999727 -0.0005883678 -0.02187085 -0.0001594687 0.0005922539 0.9999998 -0.3025142
0.9996914 -0.02439461 0.004691456 30.33784 0.02440836 0.9996978 -0.002894353 -0.0002917217 -0.004619433 0.003007971 0.9999848 -0.3320882
0.9996646 -0.02565837 0.003513663 32.75813 0.02566705 0.9996675 -0.002446579 0.03908549 -0.00344972 0.002535944 0.9999908 -0.3053576
0.9996769 -0.02512821 0.003822975 35.19178 0.02514356 0.9996758 -0.004020136 0.0591146 -0.003720717 0.004114961 0.9999846 -0.3850776
0.9996539 -0.02600978 0.003933688 37.5969 0.02601871 0.9996591 -0.00223716 0.1123808 -0.003874158 0.002338735 0.9999897 -0.4367755
0.9995858 -0.02824152 0.005536736 39.99841 0.02825973 0.9995954 -0.003239817 0.1398359 -0.005442998 0.003394942 0.9999794 -0.3988413
0.9994774 -0.03203105 0.0043591 42.41632 0.03203656 0.9994859 -0.001198819 0.1853256 -0.00431846 0.001337843 0.9999898 -0.430678
0.9993649 -0.03558611 0.001828516 44.79115 0.03558073 0.9993626 0.00289508 0.2444596 -0.001930375 -0.002828181 0.9999942 -0.5178166
0.9992146 -0.03960402 0.001252352 47.21288 0.03959434 0.9991914 0.006980135 0.3037152 -0.001527781 -0.006925066 0.9999748 -0.5337788
0.9990011 -0.04468539 1.154294e-05 49.6027 0.04468516 0.9989969 0.002891901 0.3910829 -0.0001407571 -0.002888497 0.9999958 -0.5666645
0.9987421 -0.04999418 0.003839759 52.01877 0.0499903 0.9987491 0.001099245 0.4686649 -0.003889911 -0.0009059115 0.999992 -0.6273626
0.9985119 -0.05421397 0.005895317 54.39957 0.05421823 0.9985288 -0.0005651638 0.5696187 -0.005856005 0.0008839564 0.9999825 -0.6589275
0.9982999 -0.05824114 0.002310199 56.826 0.05824167 0.9983026 -0.0001646275 0.6866712 -0.002296689 0.0002988975 0.9999973 -0.6766
0.9980893 -0.06178226 0.0008081027 59.19783 0.06178268 0.9980897 -0.0005073973 0.8044451 -0.0007752107 0.0005563546 0.9999995 -0.7187252
0.9978529 -0.06548826 -0.0009673109 61.60794 0.06548875 0.9978532 0.0004845428 0.9358341 0.0009335024 -0.0005468504 0.9999994 -0.7304279
0.9975855 -0.06944304 -0.0009554799 63.98013 0.06944362 0.9975858 0.0005856466 1.068764 0.000912504 -0.0006505845 0.9999993 -0.775108
0.9973539 -0.07269957 -0.000274907 66.39376 0.07270005 0.9973501 0.002757403 1.215378 7.371658e-05 -0.002770092 0.9999962 -0.8100235
0.9971038 -0.07605075 0.0005959937 68.80023 0.07604978 0.9971029 0.001513066 1.363144 -0.0007093368 -0.001463359 0.9999987 -0.8385172
0.9968442 -0.07936589 0.001605193 71.24033 0.07936113 0.9968417 0.002841638 1.520593 -0.001825653 -0.00270528 0.9999947 -0.8995466
0.9965786 -0.08262824 0.001933583 73.65353 0.08262382 0.9965781 0.002263343 1.698005 -0.002113983 -0.002095839 0.9999956 -0.9053918
0.9962525 -0.08645427 -0.002573967 76.08188 0.08645594 0.9962556 0.0005415442 1.882829 0.00251751 -0.0007620495 0.9999965 -0.9631841
0.9960703 -0.08845516 -0.004432934 78.50045 0.08845869 0.9960796 0.0006055547 2.059741 0.00436199 -0.0009953065 0.99999 -1.03226
0.9959267 -0.08977275 -0.008422089 80.91879 0.08980932 0.9959507 0.00406765 2.263262 0.008022822 -0.004807463 0.9999563 -1.006189
0.995762 -0.09118374 -0.01198507 83.35677 0.09122645 0.9958255 0.003065325 2.457895 0.01165553 -0.004145689 0.9999235 -1.031608
0.995688 -0.09199586 -0.01192858 85.80214 0.09202967 0.9957536 0.002315752 2.658399 0.01166488 -0.003403549 0.9999261 -1.140029
0.9956707 -0.09233568 -0.01067829 88.25654 0.09235656 0.995725 0.001478142 2.849583 0.01049615 -0.002457953 0.9999419 -1.157311
0.9955612 -0.09335968 -0.01191115 90.73779 0.0933605 0.9956323 -0.000488159 3.062164 0.0119047 -0.0006260392 0.999929 -1.134316
0.9954154 -0.09463435 -0.01387266 93.18322 0.0946797 0.9955043 0.002647348 3.268776 0.01355976 -0.00394867 0.9999003 -1.196313
0.9952635 -0.09644609 -0.01220039 95.63828 0.09651013 0.9953206 0.004772653 3.480462 0.01168299 -0.005927508 0.9999142 -1.237512
0.9951184 -0.0977551 -0.01354005 98.12564 0.09777153 0.9952086 0.0005548606 3.693133 0.01342093 -0.001875983 0.9999081 -1.265575
0.9949643 -0.09975177 -0.009778805 100.5917 0.09976667 0.9950103 0.00104715 3.912644 0.009625556 -0.002017475 0.9999517 -1.319932
0.9947134 -0.1019252 -0.01251028 103.0615 0.1019422 0.9947901 0.0007304779 4.135094 0.01237065 -0.002001942 0.9999215 -1.343509
0.9946041 -0.1031049 -0.01149323 105.5426 0.1031701 0.9946501 0.005231154 4.368798 0.01089239 -0.006388686 0.9999202 -1.419618
0.9944841 -0.1041345 -0.01254516 108.0286 0.1042273 0.9945291 0.006979892 4.589896 0.01174968 -0.00824894 0.9998969 -1.417776
0.9940926 -0.1082725 -0.007546629 110.5372 0.1083046 0.9941099 0.003990408 4.834381 0.007070126 -0.004784169 0.9999636 -1.449253
0.9934802 -0.113804 -0.006765975 113.0272 0.1138296 0.9934942 0.003516575 5.089522 0.006321756 -0.004263816 0.9999709 -1.543203
0.9928933 -0.1186432 -0.00931445 115.542 0.118677 0.9929279 0.003160015 5.369871 0.008873663 -0.004242969 0.9999516 -1.583658
0.9924034 -0.1218128 -0.01723941 118.0473 0.1218755 0.992542 0.002629943 5.653461 0.01679048 -0.004711026 0.9998479 -1.616073
0.9918444 -0.1258623 -0.02008768 120.5369 0.1259738 0.9920239 0.004382499 5.937347 0.01937587 -0.006877278 0.9997886 -1.652107
0.9913391 -0.1294393 -0.02218762 123.0567 0.1295969 0.9915497 0.005809382 6.225724 0.02124817 -0.008634512 0.999737 -1.679764
0.9909198 -0.1333402 -0.01727579 125.5746 0.1334364 0.9910469 0.004536096 6.541274 0.01651627 -0.006800126 0.9998405 -1.724153
0.9904585 -0.1365904 -0.01830273 128.1117 0.1366855 0.9906063 0.004042343 6.846264 0.01757865 -0.006505491 0.9998243 -1.799997
0.9899365 -0.1407133 -0.01501799 130.629 0.1408146 0.9900185 0.005908265 7.175839 0.01403672 -0.00796356 0.9998698 -1.842064
0.9893517 -0.1443445 -0.01864973 133.1811 0.1444841 0.9894867 0.006358972 7.520024 0.01753578 -0.008985849 0.9998059 -1.830028
0.9887531 -0.1485871 -0.01700242 135.6955 0.1486934 0.9888698 0.0051618 7.863898 0.0160462 -0.007631894 0.9998421 -1.91802
0.9881973 -0.1522821 -0.01662411 138.2346 0.1524198 0.9882885 0.007349679 8.223741 0.0153102 -0.009796778 0.9998348 -1.998532
0.9875114 -0.1564467 -0.01859294 140.7852 0.1565926 0.9876409 0.006661956 8.596613 0.0173209 -0.009490275 0.9998049 -2.014723
0.9868459 -0.1605393 -0.01903742 143.3176 0.1606524 0.9870006 0.004557722 8.982939 0.01805825 -0.007556175 0.9998084 -2.056315
0.986251 -0.1644767 -0.01601053 145.8909 0.1645585 0.9863596 0.003925125 9.369286 0.01514655 -0.006505827 0.9998641 -2.101445
0.9854659 -0.1690092 -0.01710996 148.4564 0.1690992 0.9855913 0.003945717 9.772552 0.01619657 -0.006781651 0.9998458 -2.141994
0.9847805 -0.1729815 -0.01687477 150.9801 0.1730494 0.9849097 0.002637817 10.19777 0.01616383 -0.005517839 0.9998541 -2.224253
0.9841964 -0.1754577 -0.02391669 153.5444 0.175584 0.984459 0.003269538 10.6251 0.02297133 -0.007417255 0.9997086 -2.24703
0.9837256 -0.1772932 -0.02917284 156.1083 0.1775175 0.9841036 0.005266079 11.0682 0.02777546 -0.01035907 0.9995605 -2.290652
0.983393 -0.1785379 -0.03259397 158.6591 0.1788119 0.9838669 0.005670092 11.49067 0.0310558 -0.01140412 0.9994526 -2.329288
0.983089 -0.1799503 -0.03397114 161.2523 0.1801595 0.9836322 0.003176484 11.94755 0.0328435 -0.009242991 0.9994178 -2.3741
0.9829976 -0.1804571 -0.03392657 163.8065 0.1806201 0.9835514 0.001777894 12.38099 0.03304769 -0.007875487 0.9994227 -2.418954
0.9829569 -0.1808474 -0.03301432 166.4298 0.1809854 0.9834851 0.00121622 12.84118 0.03224913 -0.0071706 0.9994541 -2.430832
0.9829104 -0.1815055 -0.03070585 169.0007 0.1816315 0.9833657 0.00134323 13.28521 0.02995128 -0.006897425 0.9995276 -2.486949
0.9829379 -0.1818237 -0.02780591 171.5854 0.1820312 0.9832796 0.005100344 13.72745 0.02641362 -0.01007487 0.9996004 -2.5412
0.9828724 -0.1819355 -0.02934965 174.1821 0.1822069 0.9832364 0.006830892 14.19618 0.02761487 -0.01206161 0.9995459 -2.568901
0.9828488 -0.1816581 -0.03175763 176.7836 0.181985 0.983271 0.007700931 14.65773 0.02982743 -0.01334826 0.9994659 -2.656902
0.982799 -0.1818426 -0.03223985 179.3952 0.1821593 0.9832429 0.007148608 15.11758 0.03039969 -0.01289843 0.9994546 -2.685494
0.9826742 -0.1823501 -0.03316577 182.0043 0.1826956 0.9831394 0.007681087 15.57966 0.03120593 -0.01360725 0.9994203 -2.748849
0.9824722 -0.1828407 -0.0362987 184.5929 0.1831983 0.9830527 0.006757435 16.04194 0.03444801 -0.01328886 0.9993181 -2.833812
0.9823465 -0.1826446 -0.04045088 187.2177 0.1830691 0.9830749 0.00702021 16.5175 0.03848404 -0.01430158 0.9991569 -2.830895
0.9822665 -0.1830956 -0.04035423 189.8456 0.1835051 0.9829961 0.006658291 16.97507 0.03844895 -0.01394543 0.9991633 -2.892481
0.9822137 -0.1838866 -0.03797344 192.4715 0.1842742 0.9828503 0.00694107 17.44313 0.03604584 -0.01381514 0.9992546 -2.970694
0.9822197 -0.1844143 -0.03515469 195.1077 0.1847543 0.9827623 0.006653896 17.91319 0.03332163 -0.01303057 0.9993597 -2.986707
0.9821637 -0.1849267 -0.03400766 197.7461 0.185245 0.9826714 0.006430211 18.37575 0.03222924 -0.01261527 0.9994009 -3.064775
0.9819469 -0.1865231 -0.0314542 200.3651 0.1867989 0.9823797 0.006044563 18.84431 0.02977251 -0.01181105 0.9994869 -3.119399
0.981524 -0.1888919 -0.0305038 202.9619 0.1891536 0.9819298 0.005907127 19.32139 0.02883678 -0.01156789 0.9995172 -3.171468
0.981128 -0.1910784 -0.02961298 205.5984 0.1913161 0.9815139 0.005386028 19.80246 0.02803639 -0.01094982 0.9995469 -3.248244
0.9807101 -0.192969 -0.0311551 208.1863 0.1932282 0.9811385 0.005505177 20.28688 0.02950514 -0.01141903 0.9994994 -3.284057
0.9803358 -0.1947058 -0.03211403 210.7924 0.1949748 0.9807931 0.005438839 20.78806 0.03043825 -0.01159331 0.9994694 -3.352768
0.9799455 -0.1964105 -0.0336115 213.4101 0.1967318 0.9804357 0.006501364 21.2799 0.03167697 -0.01298343 0.9994138 -3.414651
0.9794329 -0.1990454 -0.0330452 216.0218 0.1993771 0.9798976 0.007031701 21.79146 0.03098129 -0.01347554 0.9994291 -3.462738
0.9789032 -0.2015253 -0.0337049 218.6463 0.2019172 0.9793646 0.008623417 22.29922 0.03127155 -0.01524709 0.9993946 -3.537925
0.9782654 -0.204689 -0.03315466 221.257 0.205148 0.9786685 0.01105474 22.80849 0.03018464 -0.01761608 0.9993891 -3.584799
0.9776251 -0.2076701 -0.0335016 223.8696 0.2081624 0.9780219 0.01190784 23.34471 0.03029239 -0.01861518 0.9993677 -3.666593
0.9769965 -0.210611 -0.03348007 226.4734 0.2111056 0.9773902 0.01195629 23.88485 0.03020496 -0.01874909 0.9993679 -3.74364
0.9763539 -0.2132576 -0.03541403 229.0887 0.2137583 0.976825 0.0109692 24.42588 0.03225405 -0.01827986 0.9993125 -3.781162
0.9757805 -0.2158074 -0.0357716 231.6963 0.2162453 0.9762993 0.008815333 24.97529 0.03302138 -0.01633727 0.9993211 -3.866448
0.9752824 -0.2181472 -0.03515832 234.3019 0.2185518 0.9757921 0.008061997 25.52724 0.03254851 -0.01554664 0.9993492 -3.923482
0.9747818 -0.2205936 -0.03374973 236.899 0.2210169 0.9752253 0.009326929 26.08092 0.03085613 -0.01655098 0.9993868 -3.946474
0.9742689 -0.2233299 -0.03039482 239.5359 0.2237497 0.9745829 0.01114933 26.65214 0.02713229 -0.01766328 0.9994758 -4.025862
0.9733298 -0.2274908 -0.02961409 242.1526 0.2279352 0.9735951 0.01256756 27.23606 0.02597313 -0.01898248 0.9994824 -4.09111
0.972421 -0.2315338 -0.02809751 244.7622 0.2319259 0.9726648 0.01155859 27.82295 0.02465326 -0.01775636 0.9995384 -4.204831
0.9711794 -0.2362615 -0.03148236 247.3547 0.2366353 0.9715599 0.008675723 28.42552 0.02853726 -0.01587552 0.9994667 -4.263742
0.9701515 -0.2402466 -0.03297751 249.98 0.2406503 0.9705719 0.008814124 29.05158 0.02988948 -0.01648708 0.9994172 -4.307211
0.9693573 -0.2436025 -0.03168917 252.5632 0.2440494 0.9696999 0.01103653 29.65944 0.02804046 -0.01843206 0.9994369 -4.382547
0.9685871 -0.2470778 -0.02813531 255.1426 0.2475341 0.9687775 0.01403632 30.28225 0.02378879 -0.02055985 0.9995056 -4.459011
0.9676976 -0.2507249 -0.02642576 257.7147 0.2511435 0.9678503 0.01387799 30.91041 0.02209662 -0.02006635 0.9995545 -4.503477
0.9671852 -0.2529737 -0.02360397 260.2942 0.2532761 0.9673337 0.01079863 31.55264 0.02010114 -0.0164226 0.9996631 -4.63334
0.9668831 -0.2541331 -0.02352716 262.858 0.2543846 0.9670671 0.008347083 32.19104 0.02063108 -0.0140556 0.9996883 -4.690665
0.9664569 -0.2554518 -0.02655826 265.4364 0.2558076 0.9666657 0.01093875 32.83942 0.02287864 -0.01736564 0.9995874 -4.741213
0.9659786 -0.2571794 -0.02727975 268.0244 0.2575614 0.9661934 0.01149955 33.51833 0.02340007 -0.01813453 0.9995617 -4.850267
0.9650024 -0.2606469 -0.02887395 270.611 0.2611436 0.9651841 0.01496024 34.18798 0.02396933 -0.02197691 0.9994711 -4.893942
0.9640217 -0.2642152 -0.0291962 273.165 0.264684 0.9642408 0.01349732 34.85858 0.02458597 -0.02073948 0.9994826 -4.945135
0.9630976 -0.2677027 -0.02789815 275.7344 0.2681103 0.9633135 0.01199897 35.54176 0.02366251 -0.01903597 0.9995388 -5.072129
0.9621066 -0.2712701 -0.02763058 278.3053 0.2717184 0.9622757 0.01394869 36.23366 0.02280437 -0.02092787 0.9995209 -5.100268
0.9609429 -0.2749663 -0.03134058 280.8619 0.275554 0.9611489 0.01621269 36.94667 0.02566501 -0.02421549 0.9993773 -5.20191
0.9598407 -0.2782465 -0.0358419 283.4395 0.2789235 0.9601895 0.01542297 37.66354 0.03012363 -0.02480074 0.9992384 -5.306298
0.9588381 -0.2814845 -0.03736203 285.994 0.2821889 0.9592409 0.01504293 38.38292 0.03160483 -0.02496689 0.9991885 -5.333459
0.9580328 -0.2844396 -0.03559951 288.5666 0.2850826 0.9583944 0.01441373 39.12545 0.03001855 -0.02395763 0.9992622 -5.434935
0.9572753 -0.2874694 -0.03138837 291.1236 0.2881092 0.9574258 0.0181348 39.84808 0.02483884 -0.02640328 0.9993427 -5.459909
0.9564894 -0.2904404 -0.02779365 293.6885 0.2910457 0.9564804 0.02092585 40.60545 0.02050636 -0.02810457 0.9993947 -5.583025
0.9557971 -0.2929558 -0.02507681 296.2532 0.2933962 0.9558553 0.01610526 41.35974 0.01925167 -0.0227508 0.9995558 -5.730283
0.9550914 -0.2950973 -0.02679737 298.803 0.2956189 0.9551339 0.01812178 42.09974 0.02024739 -0.02522976 0.9994766 -5.731451
0.9538999 -0.2985878 -0.0303384 301.3518 0.2992648 0.9539419 0.02087088 42.88514 0.02270928 -0.02898794 0.9993218 -5.85006
0.9526766 -0.3027597 -0.02727466 303.9144 0.3032733 0.9527496 0.01712994 43.66758 0.02079966 -0.02459097 0.9994812 -6.039485
0.9512711 -0.3073424 -0.02498029 306.4376 0.3078194 0.9512715 0.01816387 44.43501 0.01818051 -0.02496818 0.9995229 -6.042169
0.9496331 -0.3121785 -0.02723126 308.9646 0.312731 0.9496502 0.01906973 45.2451 0.01990701 -0.0266253 0.9994472 -6.129394
0.948321 -0.3159176 -0.02972212 311.4709 0.3165129 0.9484183 0.01796118 46.04943 0.02251474 -0.0264404 0.9993968 -6.297442
0.9472158 -0.3190726 -0.03122437 313.9969 0.3197552 0.9472901 0.01994569 46.86901 0.02321442 -0.02887703 0.9993134 -6.345289
0.9460826 -0.3220948 -0.03439071 316.4974 0.3227757 0.9463339 0.01637977 47.70324 0.02726925 -0.0265971 0.9992743 -6.430387
0.9452384 -0.3250268 -0.02969824 318.9959 0.3255891 0.9453677 0.01648333 48.52052 0.02271823 -0.0252501 0.999423 -6.541359
0.9443091 -0.3278886 -0.02773639 321.4828 0.3284492 0.9443347 0.0187847 49.34155 0.02003315 -0.02684856 0.9994388 -6.54878
0.9434577 -0.3306381 -0.02379331 323.9603 0.3311124 0.9433824 0.01985503 50.18397 0.01588136 -0.02661064 0.9995197 -6.705505
0.9426205 -0.3332337 -0.02053966 326.4503 0.333663 0.942408 0.0231484 51.02538 0.01164292 -0.02867348 0.999521 -6.823197
0.941679 -0.3359999 -0.01856796 328.9522 0.336408 0.9413278 0.02704846 51.88413 0.008390259 -0.03171738 0.9994617 -6.854106
0.9404893 -0.3392456 -0.0198077 331.4536 0.3396178 0.9403492 0.02006982 52.75246 0.01181756 -0.0256025 0.9996024 -6.968522
0.939568 -0.3419676 -0.01643788 333.9242 0.3422067 0.9395052 0.01497647 53.62653 0.010322 -0.01969657 0.9997527 -7.125838
0.938692 -0.344395 -0.01578948 336.394 0.3446572 0.9385369 0.01896526 54.50276 0.008287467 -0.02324449 0.9996955 -7.161769
0.9377042 -0.3471638 -0.01371619 338.8781 0.3474047 0.9374107 0.02390237 55.39027 0.004559667 -0.02717842 0.9996202 -7.301474
0.9360806 -0.3516084 -0.01116252 341.3808 0.3517853 0.9355663 0.03102657 56.26804 -0.0004659221 -0.03297018 0.9994562 -7.297437
0.933983 -0.3572062 -0.008911389 343.8732 0.3573049 0.9334511 0.03165986 57.18849 -0.002990754 -0.03275385 0.999459 -7.425576
0.9321729 -0.3619722 -0.005455144 346.3492 0.3619905 0.9318392 0.02526381 58.11357 -0.004061481 -0.02552495 0.9996659 -7.619932
0.9304117 -0.3665157 -0.0005719671 348.8206 0.3664019 0.9300815 0.02642136 59.04405 -0.009151867 -0.02479231 0.9996507 -7.705963
0.9287347 -0.3707232 -0.004037226 351.2822 0.370691 0.928358 0.02719736 59.98589 -0.006334701 -0.02675569 0.9996219 -7.770782
0.9269354 -0.3751936 -0.004530685 353.7493 0.3751744 0.9265627 0.02693631 60.95827 -0.005908368 -0.02666802 0.9996269 -7.954587
0.9250469 -0.3797907 -0.006874157 356.2115 0.3798315 0.9246513 0.02734669 61.92961 -0.00402982 -0.02790799 0.9996024 -8.016402
0.9231676 -0.3842378 -0.01108185 358.6511 0.384397 0.9228305 0.02495993 62.92903 0.0006361213 -0.02730203 0.9996271 -8.127009
0.9216474 -0.3876823 -0.01638592 361.0988 0.3879862 0.9213477 0.02418332 63.93967 0.005721688 -0.02864601 0.9995732 -8.252258
0.9207653 -0.3896803 -0.01845175 363.5335 0.3900625 0.9203967 0.02685313 64.95071 0.006518793 -0.03192276 0.9994691 -8.351976
0.9200224 -0.3912365 -0.02219701 365.9738 0.3917661 0.9195886 0.02960194 65.94575 0.00883076 -0.03593048 0.9993153 -8.451742
0.9191574 -0.393291 -0.02171958 368.4298 0.3938058 0.9187042 0.029992 66.96748 0.008158287 -0.03612066 0.9993141 -8.560285
0.9183354 -0.3953152 -0.01964862 370.8502 0.3957295 0.91799 0.02631421 67.98176 0.007634832 -0.03194081 0.9994606 -8.691829
0.9173914 -0.3975337 -0.0189738 373.2964 0.397924 0.9170481 0.02606152 69.00654 0.007039554 -0.03145875 0.9994802 -8.794497
0.9162278 -0.400058 -0.02191164 375.7172 0.4005508 0.9158758 0.02703121 70.04337 0.009254281 -0.03354347 0.9993944 -8.922871
0.9150654 -0.4026255 -0.02340923 378.1429 0.4031556 0.9147656 0.02587757 71.07104 0.01099499 -0.03311723 0.999391 -9.036494
0.9132466 -0.4065868 -0.02584264 380.556 0.4072481 0.9128244 0.03001279 72.10266 0.01138699 -0.03793344 0.9992154 -9.136813
0.9113532 -0.4108121 -0.0258623 382.9544 0.4114929 0.9108536 0.03192927 73.15292 0.01043983 -0.039741 0.9991555 -9.24754
0.9094132 -0.4150539 -0.02641661 385.3448 0.4157462 0.9089465 0.03116421 74.20903 0.01107646 -0.03932375 0.9991651 -9.396853
0.9074469 -0.4193069 -0.02686891 387.7488 0.4200431 0.906875 0.03378677 75.28505 0.01019972 -0.04194579 0.9990678 -9.509574
0.9059238 -0.4225514 -0.02743202 390.1229 0.4233118 0.9053446 0.03403577 76.36207 0.01045357 -0.04244611 0.9990441 -9.639188
0.9048936 -0.4246905 -0.02838151 392.4948 0.4254723 0.904388 0.03249026 77.45399 0.01186959 -0.04147577 0.999069 -9.798128
0.9039152 -0.4265507 -0.03149158 394.8686 0.4274909 0.9033617 0.03448272 78.5415 0.01373965 -0.04463182 0.998909 -9.920206
0.9032609 -0.4277766 -0.03357025 397.2231 0.428799 0.9027674 0.03379669 79.63754 0.0158487 -0.04492212 0.9988648 -10.04403
0.9023424 -0.4296897 -0.03383857 399.5687 0.4307261 0.9018426 0.03398297 80.72735 0.01591493 -0.04523943 0.9988494 -10.1919
0.9013383 -0.4318893 -0.03257138 401.9053 0.4329045 0.9006964 0.03660583 81.80768 0.01352725 -0.04709453 0.9987988 -10.27644
0.9001356 -0.4344794 -0.03136252 404.2627 0.4354197 0.8995351 0.03530502 82.92111 0.01287238 -0.04543517 0.9988844 -10.45115
0.8988184 -0.4374056 -0.02831707 406.5731 0.4382085 0.8981752 0.0354228 84.01659 0.009939553 -0.04424745 0.9989712 -10.59538
0.8969135 -0.4414069 -0.02657387 408.8871 0.4421718 0.8959715 0.04146432 85.11544 0.005506788 -0.04894012 0.9987865 -10.68899
0.8951041 -0.4451524 -0.0250605 411.2154 0.4458379 0.8941736 0.04101642 86.24424 0.004149878 -0.04788689 0.9988441 -10.86465
0.8935703 -0.4483021 -0.02360763 413.5197 0.4489073 0.8927462 0.03855283 87.36523 0.003792302 -0.0450473 0.9989777 -11.02831
0.8922311 -0.4509109 -0.0245581 415.8272 0.4515538 0.8914365 0.03794881 88.49397 0.004780458 -0.04494841 0.9989779 -11.132
0.8904988 -0.4543596 -0.02386127 418.1057 0.4549663 0.8897195 0.03748301 89.64117 0.004199065 -0.04423465 0.9990124 -11.28499
0.8888524 -0.4576331 -0.02265703 420.3977 0.4581848 0.8880538 0.03777804 90.78123 0.002832179 -0.04396021 0.9990293 -11.41543
0.8868635 -0.4615361 -0.02139067 422.7077 0.4620307 0.8859998 0.03914294 91.94128 0.0008862531 -0.04459759 0.9990047 -11.52097
0.8843128 -0.4665012 -0.01917129 424.9774 0.4668949 0.8835418 0.03691838 93.10821 -0.0002838289 -0.04159837 0.9991344 -11.68995
0.8821148 -0.4706745 -0.01841216 427.2355 0.4710324 0.8813206 0.03744958 94.27779 -0.001399549 -0.04170755 0.9991289 -11.84001
0.8800628 -0.4743565 -0.02180594 429.5036 0.4748571 0.8790803 0.04157941 95.48104 -0.0005542953 -0.0469472 0.9988972 -11.95867
0.878583 -0.4768408 -0.0267355 431.7689 0.4775774 0.8775842 0.04201863 96.67462 0.003426461 -0.04968513 0.998759 -12.10476
0.8770788 -0.4796178 -0.02645097 434.0218 0.4803366 0.876085 0.04185387 97.88709 0.003099439 -0.04941451 0.9987736 -12.27484
0.8754585 -0.482483 -0.02797687 436.2958 0.4832836 0.8743416 0.04431528 99.09721 0.003079974 -0.05231695 0.9986258 -12.39009
0.8735682 -0.4858559 -0.02868011 438.5228 0.4866853 0.8725044 0.04328527 100.3169 0.003993117 -0.05177082 0.998651 -12.55222
0.8721761 -0.4883189 -0.0292161 440.7432 0.4891705 0.8711419 0.04270985 101.5315 0.004595343 -0.05154216 0.9986603 -12.71809
0.8706971 -0.4908406 -0.03101422 442.9652 0.4917839 0.8696597 0.04290189 102.7627 0.005913821 -0.05260684 0.9985978 -12.83531
0.8693871 -0.493053 -0.03263202 445.1943 0.4940865 0.8683028 0.04391565 104.0037 0.006681734 -0.05430274 0.9985021 -13.00737
0.8680978 -0.4952291 -0.03397506 447.4339 0.4963513 0.8668783 0.0464487 105.2562 0.006449499 -0.05718558 0.9983428 -13.14823
0.8665618 -0.4978481 -0.03489947 449.6604 0.4990297 0.8652575 0.04794385 106.5075 0.006328281 -0.05896217 0.9982402 -13.29525
0.8653783 -0.5001081 -0.0318169 451.8526 0.5011078 0.8640405 0.04821632 107.7481 0.003377721 -0.05766905 0.9983301 -13.45709
0.8642622 -0.5021331 -0.03021992 454.0786 0.5030388 0.8629013 0.04851215 109.008 0.00171725 -0.057129 0.9983653 -13.61869
0.8629043 -0.5044643 -0.03019954 456.2858 0.5053651 0.8615389 0.04854796 110.2739 0.001527369 -0.05715404 0.9983642 -13.78762
0.8615528 -0.5068151 -0.02941464 458.5099 0.5076676 0.8601782 0.04865146 111.5483 0.0006445339 -0.05684866 0.9983826 -13.93795
0.859656 -0.5101022 -0.02805815 460.721 0.5108719 0.8582305 0.0495012 112.829 -0.00117031 -0.05688813 0.9983799 -14.10893
0.8575228 -0.5137134 -0.0274442 462.9177 0.5144414 0.8560696 0.04994969 114.1204 -0.002165681 -0.05695143 0.9983746 -14.26502
0.8551222 -0.5177395 -0.02668114 465.1087 0.5184162 0.8536484 0.05029157 115.4112 -0.003261624 -0.05683737 0.9983781 -14.42806
0.8526893 -0.5218252 -0.02488809 467.2949 0.5223939 0.8512206 0.05027898 116.7188 -0.005051582 -0.05587374 0.9984251 -14.60479
0.8506247 -0.5252066 -0.02440659 469.4526 0.5257433 0.8491621 0.050176 118.0277 -0.005627613 -0.05551255 0.9984421 -14.7511
0.8488269 -0.5280291 -0.02603804 471.6306 0.5286511 0.8473403 0.05042266 119.3498 -0.004561559 -0.05656515 0.9983885 -14.94241
0.8471602 -0.530663 -0.02676727 473.822 0.5313144 0.8455771 0.05200322 120.6939 -0.004962393 -0.0582769 0.9982881 -15.10297
0.8452598 -0.5336118 -0.02818165 476.0014 0.5343395 0.8436499 0.05231047 122.0433 -0.004138049 -0.05927451 0.9982331 -15.24768
0.8433584 -0.5365289 -0.0297218 478.1483 0.5373427 0.8417361 0.05237622 123.3804 -0.003083445 -0.06014271 0.998185 -15.45765
0.8410258 -0.5401016 -0.0310774 480.3038 0.540987 0.8393112 0.05375402 124.7425 -0.002949019 -0.06202099 0.9980705 -15.59263
0.8389801 -0.5431262 -0.03356083 482.4374 0.5441617 0.8373199 0.05276081 126.1021 -0.0005546305 -0.06252779 0.9980431 -15.77971
0.837027 -0.5460827 -0.03434416 484.5976 0.5471615 0.835327 0.05332093 127.4815 -0.0004290324 -0.06342286 0.9979867 -15.97682
0.8347192 -0.5494816 -0.03624537 486.7467 0.5506757 0.8329206 0.05476757 128.8694 9.574369e-05 -0.06567499 0.9978411 -16.10419
0.8328657 -0.5522789 -0.03636924 488.8772 0.5534751 0.8310266 0.05531725 130.2631 -0.0003267489 -0.06620131 0.9978063 -16.29599
0.8309779 -0.5549679 -0.03855356 491.0027 0.5563046 0.8290976 0.05587598 131.6506 0.0009552836 -0.06787923 0.9976931 -16.49017
0.8285699 -0.5585838 -0.03815886 493.1077 0.5598857 0.8266401 0.05651762 133.0535 -2.618879e-05 -0.0681934 0.9976721 -16.64861
0.8264754 -0.5615335 -0.04023017 495.2495 0.5629712 0.8245319 0.05666136 134.4853 0.001353806 -0.06947765 0.9975826 -16.85064
0.8243229 -0.56471 -0.03992879 497.3553 0.5661191 0.8223772 0.0566113 135.8927 0.0008675586 -0.06927045 0.9975975 -17.0159
0.8219305 -0.5681146 -0.04093932 499.4561 0.5695809 0.8201485 0.05416916 137.3149 0.00280202 -0.06784154 0.9976922 -17.19973
0.8195572 -0.5715964 -0.04004379 501.5729 0.5729919 0.8178505 0.05292154 138.7648 0.002500065 -0.066317 0.9977955 -17.40781
0.8169091 -0.5753285 -0.04070106 503.6648 0.5767638 0.815082 0.0546338 140.2044 0.001742313 -0.06810575 0.9976766 -17.54219
0.81444 -0.5790321 -0.03754117 505.7208 0.5802451 0.8125361 0.05568195 141.6423 -0.001738077 -0.06713269 0.9977425 -17.73317
0.8118672 -0.5826581 -0.03716345 507.7848 0.5838313 0.809818 0.05775489 143.0944 -0.003555717 -0.06858648 0.9976388 -17.94301
0.8092892 -0.5863436 -0.03538677 509.8419 0.5873844 0.8072162 0.05815122 144.5537 -0.005531817 -0.0678468 0.9976804 -18.08491
0.8072207 -0.5891699 -0.03568901 511.878 0.5902176 0.8050684 0.05922991 146.0154 -0.006164379 -0.06887589 0.9976062 -18.31191
0.8046222 -0.5927604 -0.03490489 513.9357 0.5937333 0.8023659 0.0607418 147.4973 -0.007998832 -0.06959839 0.997543 -18.47987
0.8026266 -0.5953979 -0.03594366 515.9598 0.5964292 0.8002967 0.06162426 148.9696 -0.007925359 -0.07089911 0.997452 -18.66758
0.8002024 -0.5986689 -0.03565998 517.9998 0.5996598 0.7977824 0.06285853 150.4713 -0.009182543 -0.0716834 0.9973851 -18.85806
0.7978692 -0.601786 -0.03547297 520.0209 0.6027395 0.7953426 0.06430783 151.964 -0.0104864 -0.0726902 0.9972994 -19.0573
0.7955512 -0.6049312 -0.03400813 522.03 0.6057533 0.7929459 0.06557407 153.4655 -0.0127012 -0.07276807 0.997268 -19.26925
0.7935121 -0.6075641 -0.03470488 524.0607 0.6084561 0.791068 0.06318796 154.9813 -0.01093682 -0.07125681 0.997398 -19.45107
0.7912973 -0.6104185 -0.03518368 526.0693 0.6113642 0.7890443 0.06035881 156.5052 -0.009082651 -0.0692718 0.9975564 -19.66729
0.7896467 -0.61245 -0.03691958 528.0513 0.6135075 0.7873455 0.0607915 158.0226 -0.008163293 -0.07065424 0.9974675 -19.8459
0.7884585 -0.6137819 -0.04006172 530.052 0.6150327 0.785841 0.06471917 159.5638 -0.008241316 -0.07566765 0.997099 -20.03951
0.7870917 -0.6154135 -0.04186781 532.0413 0.6167701 0.7842007 0.06799919 161.0922 -0.009014854 -0.07934441 0.9968065 -20.22297
0.7855028 -0.6173375 -0.04335739 534.0179 0.6188124 0.782663 0.06715441 162.6202 -0.007522704 -0.07958007 0.9968001 -20.45077
0.783756 -0.6196252 -0.04232224 536.0136 0.6210222 0.7810404 0.06563141 164.1677 -0.007611487 -0.07772207 0.996946 -20.64721
0.782119 -0.6217784 -0.04100505 537.9894 0.6230608 0.7793635 0.06624085 165.7132 -0.009229288 -0.07735686 0.9969608 -20.84755
0.7803716 -0.6241646 -0.0379298 539.958 0.6251844 0.7775258 0.06780913 167.2633 -0.01283266 -0.07662944 0.996977 -21.05964
0.7776378 -0.6276625 -0.03632259 541.926 0.6284986 0.7745675 0.07095385 168.8186 -0.01640077 -0.07800509 0.9968181 -21.25355
0.7746513 -0.6314324 -0.03476479 543.8723 0.6321366 0.7716198 0.07075395 170.3779 -0.01785113 -0.07678574 0.9968878 -21.47414
0.7717435 -0.6350268 -0.0339551 545.8428 0.6356941 0.7688855 0.068615 171.967 -0.01746478 -0.07453824 0.9970652 -21.67577
0.7698884 -0.6371422 -0.03635387 547.7806 0.6380052 0.7671019 0.0671115 173.5411 -0.01487244 -0.07486232 0.9970829 -21.89017
0.7684158 -0.6386988 -0.04001402 549.726 0.6397932 0.7653354 0.07018854 175.1386 -0.01420518 -0.07953468 0.9967309 -22.08332
0.7667631 -0.6403444 -0.04509326 551.6581 0.6418173 0.763418 0.07255106 176.7447 -0.01203266 -0.08457112 0.9963448 -22.28924
0.7645133 -0.643145 -0.04340577 553.5919 0.6444724 0.7612362 0.07193498 178.3443 -0.01322258 -0.08296907 0.9964644 -22.51463
0.761956 -0.6461891 -0.04315895 555.5327 0.6475009 0.7587873 0.07060174 179.9577 -0.01287362 -0.08174088 0.9965705 -22.72242
0.7594876 -0.6492192 -0.0411456 557.4599 0.6503206 0.7561599 0.07283892 181.5796 -0.01617578 -0.08207809 0.9964947 -22.92965
0.7573246 -0.6516629 -0.04236615 559.3892 0.6528485 0.7539434 0.07319922 183.2102 -0.01575954 -0.08309425 0.996417 -23.14374
0.7551785 -0.6542326 -0.04105022 561.3051 0.6553295 0.7519718 0.07128373 184.8362 -0.01576752 -0.08073336 0.996611 -23.38726
0.753437 -0.6562032 -0.04159322 563.2319 0.6573541 0.7503167 0.07007429 186.4894 -0.01477489 -0.08013804 0.9966742 -23.56316
0.7521953 -0.6575063 -0.04344707 565.1404 0.6588039 0.7490618 0.06988438 188.1244 -0.01340488 -0.0811898 0.9966085 -23.79753
0.7514982 -0.658148 -0.0457353 567.0477 0.6596071 0.7481788 0.07174159 189.7709 -0.01299839 -0.084081 0.9963741 -24.01028
0.7505645 -0.6590734 -0.04770068 568.9602 0.6607107 0.7473397 0.07032052 191.4372 -0.01069777 -0.08429642 0.9963833 -24.19446
0.7489198 -0.6611069 -0.04535032 570.8687 0.6625347 0.7456878 0.070692 193.0956 -0.01291779 -0.0829888 0.9964668 -24.43722
0.747122 -0.663191 -0.04456845 572.7751 0.664546 0.7439021 0.07062921 194.7648 -0.01368609 -0.08238642 0.9965065 -24.61934
0.7444652 -0.6662018 -0.0441207 574.6643 0.6674812 0.7411028 0.07235669 196.4307 -0.01550618 -0.08331678 0.9964024 -24.85672
0.7417678 -0.6691856 -0.04439771 576.5538 0.6704863 0.7384599 0.07158704 198.1115 -0.01511908 -0.08286902 0.9964458 -25.06757
0.738866 -0.6725002 -0.04266902 578.4351 0.6736608 0.7356635 0.07057179 199.8001 -0.0160695 -0.08088753 0.9965937 -25.29225
0.7359881 -0.6756681 -0.04235677 580.3199 0.6768081 0.7328762 0.06945052 201.4897 -0.01588323 -0.07978217 0.9966857 -25.47461
0.7331433 -0.6787816 -0.04190867 582.184 0.6798819 0.7300777 0.0688979 203.1926 -0.01617005 -0.07900499 0.9967431 -25.65854
0.729798 -0.6825107 -0.03967455 584.0213 0.6833921 0.7266467 0.07042661 204.888 -0.01923753 -0.07851048 0.9967276 -25.94602
0.7265669 -0.6859481 -0.03969409 585.8696 0.6867964 0.7233328 0.0714165 206.5926 -0.02027599 -0.07915062 0.9966564 -26.13215
0.7232808 -0.6893532 -0.04070537 587.6904 0.6903199 0.7202438 0.06861036 208.306 -0.01797899 -0.07772429 0.9968128 -26.33387
0.7195588 -0.6933801 -0.03819815 589.4974 0.694141 0.7165782 0.06843919 210.0069 -0.02008241 -0.07576094 0.9969237 -26.57204
0.7164931 -0.6964486 -0.03996197 591.3105 0.6973072 0.7133796 0.06965834 211.7276 -0.02000539 -0.07777549 0.9967701 -26.79465
0.7149472 -0.6977707 -0.04434533 593.1065 0.6989527 0.7116655 0.07069284 213.4481 -0.01776836 -0.08153693 0.9965119 -26.98524
0.7126295 -0.6999262 -0.047565 594.8663 0.7013674 0.709308 0.07046834 215.1621 -0.0155844 -0.08357836 0.9963793 -27.19748
0.7105799 -0.7020548 -0.04685432 596.6407 0.7033879 0.707075 0.07273458 216.8765 -0.01793414 -0.08464049 0.9962502 -27.43519
0.7085317 -0.7040429 -0.0480244 598.3982 0.7054744 0.7050462 0.07221899 218.6024 -0.01698584 -0.08504944 0.9962319 -27.63097
0.7063107 -0.7063625 -0.04666085 600.1447 0.7076703 0.7028581 0.07206257 220.3214 -0.01810633 -0.08391906 0.9963081 -27.86209
0.7041146 -0.7086943 -0.04444022 601.8959 0.7098067 0.7007015 0.0720534 222.0511 -0.01992451 -0.08227781 0.9964103 -28.07671
0.7027013 -0.7100183 -0.04565985 603.6279 0.7111934 0.6991283 0.0736446 223.7763 -0.02036693 -0.08422314 0.9962388 -28.28766
0.7007837 -0.7119471 -0.04509426 605.3436 0.7130158 0.6970289 0.07588975 225.498 -0.02259749 -0.08533522 0.996096 -28.53983
0.7000061 -0.712661 -0.04588956 607.0602 0.7138308 0.6963788 0.07417756 227.2188 -0.02090694 -0.08468212 0.9961886 -28.70251
0.6988928 -0.7136377 -0.04764643 608.763 0.7150248 0.695562 0.0702356 228.9578 -0.01698171 -0.08315553 0.9963919 -28.96959
0.6987182 -0.7139364 -0.04569165 610.4972 0.7151844 0.6955274 0.06894055 230.6876 -0.01743937 -0.08084798 0.9965739 -29.16325
0.6973879 -0.7149975 -0.04928052 612.1859 0.7165477 0.694207 0.06808871 232.4233 -0.01447238 -0.08279608 0.9964614 -29.32707
0.6970953 -0.7152987 -0.04904983 613.892 0.7167936 0.6937289 0.07033549 234.1456 -0.0162836 -0.08418915 0.9963167 -29.55796
0.6956319 -0.716777 -0.04823925 615.5851 0.7181707 0.6921512 0.07181601 235.8689 -0.01808722 -0.08460152 0.9962507 -29.73936
0.6939175 -0.718503 -0.04724345 617.3022 0.7197553 0.6902434 0.07427172 237.6227 -0.02075497 -0.08554216 0.9961184 -29.97836
0.6922288 -0.720113 -0.04750175 619.0117 0.7213773 0.6885395 0.07435225 239.3537 -0.0208352 -0.08573546 0.9961001 -30.16997
0.6908052 -0.7213352 -0.04963488 620.7947 0.7228736 0.6875397 0.06886999 241.2167 -0.01555241 -0.08345549 0.9963902 -30.38146
0.6888914 -0.7232507 -0.04834214 622.4673 0.7246777 0.6856662 0.06858847 242.9573 -0.0164601 -0.08228248 0.9964731 -30.59266
0.686924 -0.7252034 -0.04706967 624.1456 0.7264738 0.6835233 0.07093506 244.6998 -0.01926913 -0.08292188 0.9963697 -30.81975
0.6851858 -0.7268637 -0.04679265 625.8297 0.728022 0.6814642 0.07477041 246.451 -0.02246037 -0.0852977 0.9961023 -31.01898
0.6829342 -0.7289717 -0.04691788 627.487 0.7301022 0.6791066 0.07592791 248.1926 -0.02348706 -0.08610861 0.9960089 -31.24657
0.6811413 -0.7307611 -0.04510807 629.1662 0.7318115 0.677652 0.07238625 249.9592 -0.02232949 -0.08231586 0.9963561 -31.47261
0.6792299 -0.7324739 -0.04613893 630.8278 0.7336909 0.6760799 0.06792401 251.7266 -0.01855896 -0.07998773 0.996623 -31.64345
0.6773469 -0.7343122 -0.04457306 632.4713 0.7353595 0.6740808 0.06972235 253.4761 -0.02115212 -0.08000345 0.9965701 -31.87942
0.6759387 -0.7357895 -0.04148171 634.136 0.7365041 0.6724766 0.07305115 255.2339 -0.02585479 -0.07992956 0.9964651 -32.0792
0.6737342 -0.7378728 -0.04032394 635.7855 0.7384706 0.6702588 0.07358208 257.0193 -0.02726674 -0.0793528 0.9964736 -32.2879
0.6717985 -0.7397173 -0.03879607 637.4279 0.7402477 0.6685385 0.0713434 258.7755 -0.02683729 -0.07664708 0.996697 -32.50346
0.6698331 -0.7415785 -0.03721689 639.0503 0.7419897 0.6666416 0.07099368 260.5656 -0.02783705 -0.07516847 0.9967822 -32.7145
0.6675065 -0.7437108 -0.03646009 640.6924 0.7440367 0.6642867 0.07164095 262.3535 -0.02906019 -0.07494844 0.9967639 -32.94117
0.6650365 -0.7459425 -0.0360028 642.3063 0.7462247 0.6618321 0.07160314 264.1664 -0.02958402 -0.07448488 0.9967832 -33.15169
0.6635517 -0.7473384 -0.03441446 643.9268 0.7475069 0.6604191 0.07127459 265.9725 -0.03053827 -0.07301942 0.9968629 -33.36208
0.6624557 -0.7482395 -0.03591904 645.5365 0.7484958 0.6592319 0.07188479 267.7758 -0.03010806 -0.07450574 0.996766 -33.57129
0.6611484 -0.7494062 -0.03568222 647.1048 0.7495926 0.6578188 0.07338564 269.5368 -0.03152322 -0.07526593 0.9966651 -33.78997
0.6611019 -0.7493781 -0.03710157 648.7241 0.7496293 0.6576221 0.07475946 271.3425 -0.0316243 -0.07723605 0.9965112 -34.02456
0.6602067 -0.7501964 -0.03650275 650.3201 0.750421 0.6568029 0.07401545 273.1306 -0.03155101 -0.07625792 0.9965888 -34.22768
0.6596547 -0.7506499 -0.03715313 651.9174 0.7509677 0.6563449 0.07251895 274.9079 -0.03005109 -0.07573827 0.9966748 -34.44151
0.6581464 -0.7520492 -0.03557176 653.487 0.7522411 0.6548836 0.07253032 276.6828 -0.03125101 -0.07449412 0.9967316 -34.65462
0.657418 -0.7527776 -0.03357911 655.0439 0.7527547 0.6540767 0.07445837 278.4352 -0.03408728 -0.0742271 0.9966586 -34.86763
0.6562469 -0.7537804 -0.03398451 656.6195 0.7537162 0.6527476 0.0763687 280.2234 -0.03538192 -0.0757314 0.9965003 -35.08259
0.6544002 -0.7555129 -0.03099266 658.1656 0.7551546 0.6508902 0.07799699 281.9724 -0.03875492 -0.07444549 0.9964718 -35.29335
0.6523045 -0.7573256 -0.03093209 659.7086 0.7569548 0.6488013 0.07795084 283.7422 -0.03896538 -0.07426187 0.9964772 -35.50859
0.6494377 -0.7598469 -0.02938433 661.2488 0.7594188 0.6461254 0.07619253 285.5114 -0.03890869 -0.07179731 0.9966601 -35.72882
0.6465563 -0.76237 -0.02751277 662.7838 0.7617655 0.6432664 0.07695115 287.2883 -0.04096721 -0.07071153 0.9966552 -35.97002
0.6439077 -0.7645689 -0.02859007 664.3107 0.7639773 0.6404846 0.0782186 289.0694 -0.04149201 -0.07220771 0.9965262 -36.15231
0.6411906 -0.7668581 -0.02834109 665.8164 0.7661034 0.6375551 0.08129601 290.8381 -0.0442735 -0.07383844 0.996287 -36.40271
0.6391378 -0.7685805 -0.02805115 667.3079 0.767847 0.6356037 0.08011811 292.6063 -0.04374781 -0.07274551 0.9963906 -36.605
0.6363709 -0.7708601 -0.02840209 668.8195 0.770204 0.6329322 0.07862893 294.4094 -0.04263531 -0.07191258 0.9964993 -36.83039
0.634435 -0.7724317 -0.02900795 670.314 0.7718425 0.6310265 0.0778755 296.1801 -0.04184873 -0.07179651 0.996541 -37.05105
0.6334144 -0.7732371 -0.0298413 671.8094 0.7726564 0.6298898 0.07899767 297.9966 -0.0422872 -0.07309534 0.9964281 -37.26497
0.6324557 -0.7740133 -0.03005183 673.3094 0.77341 0.6288648 0.07978717 299.7964 -0.04285779 -0.07370424 0.9963588 -37.48936
0.6310126 -0.7751775 -0.03038103 674.8018 0.7746267 0.6274693 0.07896729 301.6086 -0.0421505 -0.0733633 0.9964141 -37.70652
0.6297147 -0.7762575 -0.02972481 676.309 0.7756833 0.6262522 0.07825219 303.4363 -0.04212862 -0.0723336 0.9964904 -37.93711
0.6279358 -0.7777571 -0.0281157 677.7811 0.7770677 0.6245573 0.078064 305.2432 -0.04315497 -0.07086698 0.9965518 -38.13494
0.6260724 -0.779237 -0.02868773 679.2576 0.7785274 0.6225837 0.07927617 307.0699 -0.04391442 -0.07196681 0.9964398 -38.35859
0.6249579 -0.7801985 -0.02679627 680.7318 0.7793856 0.6216117 0.0784672 308.8739 -0.04456311 -0.06992332 0.9965565 -38.5867
0.623441 -0.7813423 -0.02873292 682.2151 0.7807269 0.6201217 0.07690508 310.7147 -0.04227129 -0.07037834 0.9966243 -38.80876
0.6219538 -0.7825634 -0.02771157 683.7097 0.7818722 0.6186825 0.07686321 312.5553 -0.04300568 -0.06947227 0.9966565 -39.03791
0.6209513 -0.7833335 -0.02842536 685.1789 0.7826715 0.6176236 0.07724344 314.3866 -0.04295121 -0.07021213 0.9966069 -39.24181
0.6185587 -0.7852753 -0.02698001 686.6545 0.7844132 0.6151575 0.07922865 316.2401 -0.04561934 -0.07017105 0.9964913 -39.47657
0.6165274 -0.7868764 -0.02682435 688.1253 0.7859349 0.6130452 0.08051132 318.0889 -0.04690792 -0.07071963 0.9963927 -39.70468
0.6142269 -0.7886612 -0.0271795 689.5867 0.7877724 0.6107877 0.07970582 319.937 -0.04625998 -0.07036872 0.9964478 -39.90877
0.6128825 -0.7896731 -0.0281304 691.0558 0.7888555 0.6094161 0.07949139 321.792 -0.0456291 -0.07090971 0.9964386 -40.15219
0.6115947 -0.7906737 -0.02805236 692.5078 0.7898154 0.6080878 0.08012916 323.6548 -0.04629773 -0.07116276 0.9963897 -40.37563
0.6111273 -0.7910033 -0.02893485 693.9606 0.7901856 0.6075482 0.08057172 325.5037 -0.04615318 -0.07210348 0.9963288 -40.59771
0.6099875 -0.7918792 -0.02902519 695.399 0.7911401 0.6065267 0.07888302 327.3408 -0.04486127 -0.07108065 0.9964612 -40.81475
