1.0 0.0 0.0 0.0 0.0 1.0 0.0 0.0 0.0 0.0 1.0 0.0
0.9999992 8.371249e-05 0.001296074 0.3193499 -8.395782e-05 0.9999999 0.0001892323 -0.007893097 -0.001296058 -0.0001893409 0.9999992 -0.004985166
0.999999 -0.0002252514 0.001358944 0.5113429 0.0002243347 0.9999998 0.0006747295 -0.01012173 -0.001359096 -0.000674424 0.9999989 -0.006879497
0.9999979 -0.0005679065 0.001953933 0.712287 0.0005632788 0.9999971 0.002368136 -0.007722727 -0.001955272 -0.00236703 0.9999953 -0.01754242
0.9999994 -0.001058853 -0.0001580624 0.921871 0.001059306 0.9999952 0.002891395 -0.00733043 0.0001550001 -0.002891561 0.9999958 -0.02261673
0.9999975 -0.001400681 -0.001732607 1.147758 0.001404137 0.999997 0.001994628 -0.006376255 0.001729807 -0.001997056 0.9999965 -0.02554012
0.9999956 -0.00190734 -0.002260157 1.37327 0.001910508 0.9999973 0.001400582 -0.002655546 0.002257479 -0.001404894 0.9999965 -0.02736488
0.9999969 -0.002127205 -0.001316326 1.609474 0.002129346 0.9999963 0.001627815 -0.001776892 0.001312859 -0.001630613 0.9999978 -0.02766391
0.9999967 -0.002290787 -0.001135016 1.855388 0.002293082 0.9999954 0.00202564 -0.006736604 0.00113037 -0.002028236 0.9999973 -0.03425999
0.9999962 -0.002622815 -0.0008521871 2.110911 0.002624613 0.9999944 0.002114896 -0.006922197 0.0008466353 -0.002117124 0.9999974 -0.03862085
0.9999954 -0.002870069 -0.0009448409 2.363098 0.002872284 0.9999931 0.002351952 -0.01043514 0.0009380842 -0.002354655 0.9999968 -0.04477148
0.9999961 -0.00277793 -0.0001388604 2.619781 0.002778243 0.9999936 0.002307068 -0.01274009 0.0001324507 -0.002307445 0.9999973 -0.04668021
0.999997 -0.002390838 0.0005053453 2.878369 0.002389559 0.9999939 0.002516663 -0.01630404 -0.0005113592 -0.002515448 0.9999967 -0.05204098
0.9999958 -0.001976726 0.002141786 3.143657 0.001970241 0.9999934 0.003025451 -0.02022369 -0.002147753 -0.003021219 0.9999931 -0.05286071
0.999998 -0.001651054 0.00116443 3.405193 0.001646722 0.9999919 0.003711413 -0.02450223 -0.001170548 -0.003709488 0.9999924 -0.06435435
0.9999973 -0.001626231 0.001696114 3.665738 0.001619273 0.9999902 0.004095776 -0.02370949 -0.001702759 -0.004093019 0.9999902 -0.0717154
0.9999989 -0.001006494 0.001106163 3.926338 0.001001785 0.9999903 0.004249323 -0.02948042 -0.00111043 -0.00424821 0.9999903 -0.07155076
0.9999995 -0.0006380628 0.000768524 4.19935 0.0006341519 0.9999869 0.005078375 -0.0298891 -0.0007717542 -0.005077885 0.9999868 -0.07904322
0.9999981 6.433028e-05 0.001949163 4.466136 -7.403393e-05 0.9999876 0.004978706 -0.03665959 -0.001948818 -0.004978841 0.9999857 -0.07764778
0.9999945 0.001153613 0.00312599 4.730551 -0.001171397 0.9999832 0.005693222 -0.04408181 -0.00311937 -0.005696852 0.9999789 -0.09249289
0.999988 0.001943328 0.004511986 5.005498 -0.001968263 0.9999827 0.005528369 -0.04994605 -0.004501165 -0.005537183 0.9999745 -0.09113902
0.9999797 0.002192375 0.00598868 5.276436 -0.002223952 0.9999835 0.005271234 -0.05554873 -0.005977025 -0.005284445 0.9999682 -0.1034273
0.9999677 0.003318958 0.007318412 5.547546 -0.003356362 0.9999814 0.005104507 -0.0653203 -0.007301333 -0.005128906 0.9999602 -0.1052094
0.9999657 0.00425095 0.007105093 5.82502 -0.004287558 0.9999775 0.005145117 -0.0686278 -0.007083061 -0.005175405 0.9999615 -0.1070786
0.9999624 0.004969687 0.007107676 6.099148 -0.00499524 0.999981 0.003581955 -0.07239166 -0.007089741 -0.003617325 0.9999683 -0.1207623
0.9999556 0.006345994 0.006966411 6.375964 -0.006369327 0.9999741 0.003332297 -0.0821139 -0.006945085 -0.00337652 0.9999702 -0.1203299
0.9999447 0.006962209 0.007875518 6.656054 -0.007000955 0.9999634 0.00490301 -0.08235402 -0.007841094 -0.004957875 0.999957 -0.1404019
0.9999549 0.007733196 0.005516734 6.939642 -0.007770938 0.9999464 0.00685315 -0.08928166 -0.00546344 -0.006895711 0.9999613 -0.1348539
0.9999308 0.008514814 0.008117891 7.222575 -0.008564159 0.999945 0.006063285 -0.09979133 -0.008065817 -0.006132388 0.9999487 -0.1370849
0.9998747 0.009825795 0.01241159 7.505142 -0.00989469 0.999936 0.005501775 -0.1146148 -0.01235673 -0.005623895 0.9999079 -0.1400368
0.999846 0.01090858 0.01374884 7.793218 -0.01100229 0.9999167 0.006758709 -0.1205555 -0.01367396 -0.006908937 0.9998826 -0.1589855
0.9998928 0.01138482 0.009208892 8.087745 -0.01142974 0.999923 0.004840807 -0.1206554 -0.00915307 -0.004945544 0.9999459 -0.1680762
0.9999138 0.01218698 0.004886397 8.384013 -0.01218507 0.9999256 -0.0004203664 -0.1261752 -0.004891157 0.000360789 0.999988 -0.1604266
0.9998961 0.01292621 0.006381808 8.686637 -0.01289791 0.9999068 -0.004455599 -0.1358306 -0.006438808 0.004372824 0.9999697 -0.1511307
0.9998776 0.01412103 0.00672917 8.982696 -0.01407119 0.9998738 -0.007395837 -0.1469537 -0.006832756 0.007300246 0.99995 -0.1606256
0.9998289 0.01527302 0.01042966 9.294165 -0.01516605 0.9998323 -0.01025938 -0.1570575 -0.0105846 0.01009945 0.999893 -0.1589389
0.9998106 0.01678404 0.009854014 9.59547 -0.01666149 0.9997845 -0.01238909 -0.16631 -0.01005983 0.01222256 0.9998747 -0.1717855
0.9997789 0.01733076 0.01191026 9.898413 -0.01721894 0.9998072 -0.009427646 -0.1697802 -0.01207136 0.009220479 0.9998846 -0.1912501
0.9997778 0.01795275 0.01104739 10.19223 -0.01786806 0.9998105 -0.007718042 -0.1861977 -0.01118386 0.007518932 0.9999092 -0.1896707
0.9997144 0.02018939 0.01278838 10.49975 -0.02007967 0.999761 -0.008650546 -0.2011062 -0.01295997 0.008391288 0.9998808 -0.2037997
0.999692 0.02192195 0.01163439 10.80642 -0.02184903 0.9997412 -0.006358181 -0.2015037 -0.01177076 0.006102023 0.9999121 -0.1977887
0.9996942 0.02287303 0.009393189 11.11846 -0.02287206 0.9997385 -0.0002108406 -0.2065794 -0.009395555 -4.065419e-06 0.9999558 -0.2057503
0.9997027 0.02363899 0.005979081 11.42467 -0.02366399 0.9997114 0.004145847 -0.215832 -0.005879351 -0.004286103 0.9999735 -0.2018526
0.9996623 0.02529529 0.005943235 11.73784 -0.02533962 0.9996506 0.007506331 -0.2319261 -0.005751285 -0.007654395 0.9999542 -0.2083116
0.9996464 0.02590575 0.006002233 12.05985 -0.0259571 0.9996256 0.008639831 -0.2420208 -0.005776165 -0.008792575 0.9999447 -0.2085776
0.9996147 0.02691125 0.00680056 12.3741 -0.02696534 0.9996045 0.007991685 -0.2621137 -0.006582804 -0.008171985 0.9999449 -0.2178656
0.999592 0.0277189 0.006893933 12.6975 -0.02776029 0.9995967 0.005983419 -0.270629 -0.006725299 -0.006172355 0.9999583 -0.2264865
0.9995615 0.02876603 0.007025337 13.01966 -0.0288065 0.9995685 0.005729951 -0.2817817 -0.006857479 -0.005929814 0.9999589 -0.2437075
0.9995404 0.02948344 0.007049934 13.34867 -0.02952834 0.9995438 0.006353231 -0.2938311 -0.006859402 -0.006558484 0.9999549 -0.2403444
0.9995407 0.03008034 0.003674032 13.66785 -0.0301054 0.9995223 0.006967328 -0.3088512 -0.003462698 -0.007074736 0.999969 -0.2436156
0.9995137 0.03066752 0.00563268 13.99856 -0.03070381 0.9995074 0.006473267 -0.3231889 -0.005431388 -0.006643064 0.9999632 -0.2577141
0.9994982 0.03157105 0.002587172 14.33003 -0.03158557 0.9994843 0.005781398 -0.3401589 -0.002403313 -0.005860214 0.9999799 -0.2606789
0.9994783 0.03198368 0.004497842 14.66713 -0.03200554 0.9994757 0.004877017 -0.3505073 -0.0043395 -0.005018428 0.999978 -0.2748043
0.9994645 0.03253461 0.003503592 14.99988 -0.03254881 0.9994619 0.004074045 -0.3752846 -0.003369159 -0.004185901 0.9999856 -0.2632887
0.9994394 0.03328552 0.00359511 15.33321 -0.03330328 0.9994328 0.004998241 -0.3821499 -0.003426702 -0.005115168 0.999981 -0.2885078
0.9994268 0.03377946 0.002227879 15.66379 -0.03379006 0.9994167 0.004907731 -0.3928442 -0.002060799 -0.004980198 0.9999855 -0.2901817
0.9994168 0.0341453 -0.000341771 16.00451 -0.03414321 0.9994048 0.004928807 -0.4042139 0.0005098632 -0.004914263 0.9999878 -0.2927967
0.9993966 0.03473032 0.0005307453 16.34519 -0.03473238 0.9993862 0.00454115 -0.4178949 -0.000372704 -0.004556844 0.9999896 -0.3123566
0.9993893 0.03494422 4.176152e-05 16.68808 -0.03494409 0.9993806 0.004128941 -0.4324481 0.000102547 -0.004127879 0.9999915 -0.3048236
0.9993763 0.035303 0.000822545 17.03292 -0.03530546 0.9993713 0.003194736 -0.454151 -0.0007092442 -0.003221784 0.9999946 -0.3227072
0.9993581 0.03571415 0.002802447 17.37539 -0.03571961 0.9993598 0.001922822 -0.470161 -0.002731981 -0.00202169 0.9999942 -0.3208428
0.9993411 0.03629636 -5.184188e-05 17.71378 -0.03629604 0.9993365 0.002988067 -0.4847638 0.0001602634 -0.002984216 0.9999955 -0.3253187
0.9993256 0.03671332 -0.0006905394 18.06408 -0.03671022 0.9993176 0.004063976 -0.4968773 0.0008392702 -0.004035885 0.9999915 -0.3511804
0.9993167 0.03661721 -0.005027814 18.41006 -0.03659623 0.9993212 0.004203815 -0.513763 0.005178334 -0.004016944 0.9999785 -0.3475005
0.999323 0.03662452 -0.003494816 18.7638 -0.03660703 0.9993174 0.004942396 -0.5272377 0.003673444 -0.004811115 0.9999817 -0.3717586
0.9993277 0.03648576 -0.003605233 19.11516 -0.03646817 0.999323 0.004830529 -0.541512 0.003779038 -0.004695805 0.9999818 -0.3626639
0.9993381 0.03633471 -0.0017788 19.4669 -0.03632187 0.999317 0.006788741 -0.5607696 0.002024252 -0.006719638 0.9999754 -0.3674007
0.9993628 0.03555566 0.00314246 19.81827 -0.03558083 0.999332 0.008353024 -0.5809735 -0.002843363 -0.008459513 0.9999602 -0.3801716
0.9993643 0.03563596 0.001047727 20.16552 -0.0356433 0.9993316 0.008113906 -0.6001046 -0.0007578802 -0.008146092 0.9999666 -0.3865948
0.9993856 0.03502463 -0.001322268 20.53235 -0.03501642 0.9993699 0.005789824 -0.6096962 0.001524221 -0.005739965 0.9999824 -0.4037625
0.999437 0.03285783 -0.006788831 20.90377 -0.03284629 0.9994587 0.00180487 -0.6082976 0.00684446 -0.001580866 0.9999753 -0.4018661
0.9994928 0.03113088 -0.006704292 21.26296 -0.03113109 0.9995154 7.249651e-05 -0.6199129 0.006703299 0.0001362521 0.9999775 -0.427274
0.9995192 0.0301144 -0.007386898 21.62257 -0.03010867 0.9995463 0.0008848189 -0.6370162 0.007410192 -0.0006619838 0.9999723 -0.4211663
0.9995558 0.02860268 -0.00836726 21.98522 -0.02858951 0.9995898 0.001689119 -0.65273 0.00841214 -0.001449153 0.9999636 -0.430628
0.9996381 0.02630862 -0.005608873 22.3485 -0.02630685 0.9996538 0.0003906066 -0.6631913 0.005617207 -0.0002429135 0.9999842 -0.4356261
0.9996837 0.02448533 -0.005741758 22.71795 -0.02448813 0.9997001 -0.0004167171 -0.6775644 0.005729833 0.0005571902 0.9999834 -0.4396821
0.9997226 0.02310853 -0.004552418 23.08653 -0.02311527 0.9997318 -0.001433939 -0.6916751 0.004518061 0.001538772 0.9999886 -0.449917
0.9997495 0.02148068 -0.006293125 23.45548 -0.02148422 0.999769 -0.0004966723 -0.6970817 0.006281003 0.0006317508 0.9999801 -0.4534892
0.9997635 0.02019832 -0.008059992 23.82315 -0.02019619 0.999796 0.0003460509 -0.7055842 0.008065338 -0.000183188 0.9999675 -0.4640535
0.9997765 0.01817481 -0.01079919 24.20439 -0.01818118 0.9998347 -0.0004912512 -0.7163257 0.01078848 0.0006874835 0.9999416 -0.4677053
0.9997922 0.01638377 -0.01213075 24.57784 -0.01640192 0.9998646 -0.001397812 -0.717559 0.01210621 0.001596489 0.9999254 -0.4676885
0.9998198 0.01559417 -0.01082416 24.94511 -0.01561197 0.999877 -0.001561938 -0.726355 0.01079847 0.001730643 0.9999402 -0.4799668
0.9998504 0.01382642 -0.01039116 25.32059 -0.01383736 0.9999037 -0.000981279 -0.7351947 0.01037659 0.001124918 0.9999455 -0.4818988
0.9998699 0.01248754 -0.01020538 25.70037 -0.01248444 0.9999219 0.0003669965 -0.7420191 0.01020917 -0.0002395403 0.9999478 -0.4894391
0.9998668 0.01089616 -0.012151 26.07707 -0.01088583 0.9999404 0.0009156514 -0.7494376 0.01216025 -0.0007832558 0.9999257 -0.4966328
0.999885 0.009338497 -0.01194491 26.45904 -0.009335226 0.9999565 0.0003294744 -0.7529653 0.01194747 -0.0002179281 0.9999286 -0.5034809
0.999896 0.007875488 -0.01208304 26.84206 -0.007869302 0.9999689 0.0005593373 -0.7575055 0.01208707 -0.0004641941 0.9999269 -0.508989
0.999893 0.006705501 -0.01300497 27.21231 -0.006696927 0.9999774 0.0007027364 -0.7697592 0.01300939 -0.0006155678 0.9999152 -0.514421
0.9999047 0.005176804 -0.012797 27.59669 -0.005167977 0.9999863 0.0007227228 -0.7715647 0.01280056 -0.0006565194 0.9999179 -0.52869
0.9999109 0.00417333 -0.01267918 27.98073 -0.004178423 0.9999912 -0.000375166 -0.7785515 0.01267751 0.0004281116 0.9999195 -0.5294679
0.9999326 0.002921136 -0.01123469 28.36531 -0.002935989 0.9999949 -0.00130574 -0.7809166 0.01123082 0.001338637 0.999936 -0.5399882
0.9999373 0.001563303 -0.01108661 28.7473 -0.001589225 0.9999961 -0.002329711 -0.7762857 0.01108293 0.002347184 0.9999358 -0.5383495
0.9999376 0.0003369573 -0.01116427 29.13658 -0.0003562753 0.9999985 -0.001728401 -0.7821386 0.01116367 0.001732271 0.9999362 -0.551107
0.9999375 -0.00028604 -0.01117473 29.52229 0.0002690979 0.9999988 -0.001517585 -0.7896314 0.01117515 0.001514483 0.9999364 -0.5610053
0.9999307 -0.001179604 -0.0117168 29.90895 0.001170145 0.999999 -0.0008141278 -0.7930113 0.01171775 0.000800361 0.999931 -0.5620216
0.9999362 -0.003487871 -0.01074743 30.2927 0.003484129 0.9999939 -0.0003667917 -0.7882846 0.01074865 0.0003293229 0.9999422 -0.5667846
0.9999375 -0.004546491 -0.01020942 30.68129 0.0045611 0.9999887 0.001408054 -0.7916931 0.0102029 -0.001454532 0.9999469 -0.5783529
0.999952 -0.005260469 -0.008263543 31.07655 0.005283512 0.9999821 0.002769108 -0.7920601 0.00824883 -0.002812636 0.999962 -0.57969
0.999963 -0.00649183 -0.00563941 31.46526 0.00651254 0.9999722 0.003661747 -0.8002264 0.005615481 -0.003698339 0.9999774 -0.5961603
0.9999669 -0.00696786 -0.00419117 31.85547 0.006986137 0.999966 0.004362062 -0.8086134 0.004160633 -0.004391197 0.9999817 -0.5921337
0.9999487 -0.007467611 -0.006833735 32.24688 0.007492426 0.9999653 0.003612895 -0.8097265 0.006806519 -0.003663911 0.9999701 -0.6059546
0.9999385 -0.007953629 -0.007730883 32.64247 0.007975146 0.9999645 0.002756379 -0.8067048 0.007708685 -0.002817865 0.9999663 -0.6103487
0.9999335 -0.009100998 -0.007083605 33.02809 0.009117512 0.9999559 0.002302495 -0.8065564 0.007062336 -0.002366927 0.9999723 -0.6287574
0.9999169 -0.01015566 -0.007938349 33.43158 0.01016019 0.9999483 0.0005310867 -0.8025955 0.007932545 -0.0006116977 0.9999683 -0.6094454
0.9998907 -0.01150774 -0.009284328 33.82238 0.01155903 0.9999181 0.005489553 -0.8015827 0.009220394 -0.005596271 0.9999418 -0.6355534
0.9998677 -0.01283133 -0.009993664 34.20625 0.01290956 0.9998862 0.007803508 -0.7988856 0.009892398 -0.007931489 0.9999196 -0.6536153
0.9998786 -0.01292625 -0.008700133 34.60073 0.01300205 0.9998776 0.008712308 -0.7988548 0.00858645 -0.008824371 0.9999242 -0.6550602
0.9998438 -0.01430875 -0.01037257 34.997 0.01441129 0.9998473 0.009879048 -0.792128 0.01022963 -0.01002699 0.9998974 -0.6807859
0.9998521 -0.01529296 -0.00787329 35.38864 0.01537674 0.9998246 0.01069275 -0.7952826 0.007708386 -0.01081223 0.9999118 -0.6756688
0.9998465 -0.01583593 -0.007502053 35.77689 0.01592668 0.9997988 0.01219445 -0.7942647 0.007307434 -0.01231206 0.9998975 -0.6849016
0.9998227 -0.0159148 -0.01006747 36.16307 0.01603806 0.999796 0.01228373 -0.7869847 0.009869925 -0.01244301 0.9998739 -0.7014002
0.9998239 -0.01524804 -0.01093818 36.56959 0.01534195 0.9998457 0.008553439 -0.789824 0.01080607 -0.008719745 0.9999036 -0.6975811
0.9998101 -0.01581147 -0.01138891 36.96413 0.01589653 0.999846 0.007417692 -0.7801859 0.01126988 -0.007597329 0.9999076 -0.7174489
0.9998146 -0.0154979 -0.0114258 37.34809 0.01556937 0.9998597 0.006193766 -0.7809845 0.0113282 -0.00637051 0.9999155 -0.7301814
0.9998267 -0.01544141 -0.01039937 37.74357 0.01550565 0.9998609 0.006125269 -0.7816061 0.01030334 -0.006285456 0.9999272 -0.7354507
0.9998358 -0.01549969 -0.009382702 38.13477 0.01556917 0.9998516 0.007378134 -0.7836177 0.00926695 -0.007523004 0.9999288 -0.750855
0.9998298 -0.01546323 -0.01006728 38.53413 0.01554583 0.9998457 0.008178547 -0.7807711 0.009939261 -0.008333659 0.9999159 -0.7557618
0.9998299 -0.01506421 -0.01063651 38.93101 0.01515833 0.9998461 0.008824587 -0.7812134 0.01050194 -0.008984318 0.9999045 -0.7635663
0.9998362 -0.01512672 -0.009936513 39.33232 0.01521032 0.9998492 0.008392802 -0.7759573 0.009808058 -0.008542565 0.9999154 -0.776046
0.9998516 -0.01433228 -0.009551213 39.73568 0.01441101 0.9998624 0.008225506 -0.7736934 0.009432008 -0.008361928 0.9999205 -0.7874991
0.9998625 -0.01339766 -0.009774399 40.14214 0.0134816 0.9998724 0.008573571 -0.7745193 0.009658285 -0.008704167 0.9999155 -0.7995511
0.9998859 -0.01169147 -0.009572012 40.55302 0.01176707 0.9998997 0.007879822 -0.7798016 0.009478925 -0.007991556 0.9999231 -0.8004383
0.999909 -0.009631003 -0.009447851 40.96565 0.009704371 0.9999229 0.007750704 -0.7832568 0.009372476 -0.007841684 0.9999253 -0.8168059
0.9999356 -0.007269549 -0.008709338 41.37587 0.007340725 0.9999397 0.008168397 -0.791394 0.008649431 -0.008231803 0.9999287 -0.8236462
0.9999489 -0.005384877 -0.008552843 41.79181 0.005457654 0.9999489 0.008508593 -0.7957729 0.008506588 -0.008554837 0.9999272 -0.8424668
0.9999573 -0.004478155 -0.008078476 42.21687 0.004548052 0.9999521 0.008654816 -0.7861749 0.008039333 -0.008691188 0.9999299 -0.8481219
0.99996 -0.002840151 -0.008481345 42.62379 0.002913847 0.9999579 0.008689562 -0.7982286 0.008456309 -0.008713927 0.9999263 -0.8610992
0.9999735 -0.001523728 -0.007123408 43.0293 0.001585404 0.9999611 0.008660618 -0.8045121 0.007109936 -0.008671682 0.9999371 -0.8682692
0.9999747 0.0001829262 -0.007109386 43.44136 -0.000118567 0.999959 0.009052078 -0.809614 0.00711075 -0.009051007 0.9999338 -0.878939
0.9999816 0.001485611 -0.005881947 43.85738 -0.001426776 0.9999491 0.009994257 -0.8115929 0.005896496 -0.009985682 0.9999328 -0.8859752
0.9999464 0.002505312 -0.01004784 44.26164 -0.00237009 0.9999069 0.01344723 -0.8157562 0.0100806 -0.01342269 0.9998591 -0.9086732
0.9999433 0.003321413 -0.01012146 44.66923 -0.003181811 0.9999001 0.0137777 -0.8217643 0.01016621 -0.01374471 0.9998538 -0.9259623
0.9999244 0.004738012 -0.0113495 45.09102 -0.004617226 0.9999326 0.0106451 -0.8324436 0.01139918 -0.0105919 0.9998789 -0.9222809
0.9999454 0.006270605 -0.008356373 45.51131 -0.006228981 0.9999681 0.004997889 -0.8451173 0.008387445 -0.004945565 0.9999526 -0.9365942
0.9999349 0.007343947 -0.008736582 45.9299 -0.007356115 0.9999721 -0.001361455 -0.8583742 0.008726339 0.001425633 0.9999609 -0.918606
0.9999076 0.008611607 -0.01052302 46.34088 -0.008636025 0.9999602 -0.00227721 -0.8609256 0.01050299 0.002367876 0.9999421 -0.9554362
0.9998716 0.009723272 -0.01273755 46.74995 -0.009773616 0.9999447 -0.003896081 -0.8654181 0.01269896 0.004020073 0.9999113 -0.9646173
0.9998522 0.01035052 -0.01372638 47.15913 -0.01042724 0.9999303 -0.005529854 -0.8663325 0.01366819 0.005672165 0.9998905 -0.9712331
0.9998817 0.01083269 -0.01091437 47.55177 -0.01087485 0.9999337 -0.003811024 -0.8718294 0.01087237 0.003929266 0.9999332 -0.9979864
0.9998832 0.01216303 -0.009258734 47.94277 -0.01216639 0.999926 -0.0003067555 -0.8874235 0.009254318 0.000419365 0.9999571 -0.9902162
0.9998829 0.01330226 -0.007558086 48.32376 -0.01325829 0.9998951 0.00583794 -0.8986467 0.007634951 -0.00573705 0.9999544 -1.007565
0.9998565 0.01450514 -0.008750796 48.70034 -0.01441649 0.9998449 0.01011081 -0.9065582 0.008896098 -0.009983204 0.9999106 -1.008812
0.999791 0.01609059 -0.01261364 49.08726 -0.01597748 0.9998318 0.009017041 -0.9137534 0.01275661 -0.008813621 0.9998798 -1.003594
0.9997841 0.0165597 -0.01255357 49.46105 -0.01646859 0.9998375 0.007326868 -0.9244897 0.01267286 -0.007118546 0.9998944 -1.017915
0.999769 0.01804195 -0.01168485 49.83113 -0.01795286 0.9998091 0.007684852 -0.9388307 0.01182128 -0.0074733 0.9999022 -1.030883
0.9997507 0.01924994 -0.01131059 50.19669 -0.01915736 0.9997826 0.008237268 -0.9536945 0.01146669 -0.008018534 0.9999021 -1.042037
0.9997449 0.02012035 -0.01025979 50.55533 -0.02002819 0.9997588 0.009007312 -0.9664954 0.01043855 -0.008799531 0.9999068 -1.050034
0.9997404 0.02089526 -0.00908434 50.90083 -0.02079433 0.9997226 0.01106582 -0.9804505 0.009313043 -0.01087404 0.9998975 -1.055793
0.9997141 0.02240451 -0.008350015 51.25127 -0.0223083 0.9996856 0.01144157 -0.9956611 0.008603733 -0.01125202 0.9998997 -1.070102
0.9996781 0.02379382 -0.008799979 51.59916 -0.02369975 0.9996624 0.01064452 -1.014364 0.009050283 -0.01043254 0.9999046 -1.074594
0.9996765 0.02418081 -0.007879811 51.93626 -0.02409539 0.9996518 0.0107608 -1.021232 0.008137272 -0.01056745 0.9999111 -1.088447
0.9996331 0.02581803 -0.008196022 52.27222 -0.02572792 0.9996094 0.01091632 -1.034565 0.008474659 -0.01070144 0.9999068 -1.098928
0.9995997 0.02703518 -0.008340263 52.6026 -0.02694081 0.9995739 0.01122691 -1.047948 0.008640231 -0.01099773 0.9999022 -1.109284
0.9995854 0.02740609 -0.008820186 52.94122 -0.02730282 0.9995596 0.01162314 -1.057978 0.009134847 -0.0113775 0.9998935 -1.113995
0.9995875 0.02743941 -0.008484802 53.28222 -0.02734138 0.9995605 0.01146218 -1.068401 0.008795588 -0.01122546 0.9998983 -1.124099
0.9995921 0.02766244 -0.007106177 53.61825 -0.02759045 0.9995689 0.01003723 -1.083745 0.007380768 -0.009837068 0.9999244 -1.135875
0.9995782 0.028342 -0.006344675 53.95672 -0.02827926 0.9995522 0.009770354 -1.096447 0.006618745 -0.009586809 0.9999322 -1.146305
0.9995643 0.02877326 -0.006576722 54.28743 -0.02870915 0.9995412 0.009643861 -1.112594 0.00685119 -0.009450848 0.9999319 -1.151229
0.9995617 0.02893556 -0.006265763 54.6284 -0.0288737 0.9995356 0.009749424 -1.124482 0.006544958 -0.009564234 0.9999328 -1.163171
0.9995551 0.02890925 -0.00733761 54.96612 -0.02884495 0.9995458 0.008722564 -1.135785 0.007586441 -0.00850703 0.999935 -1.174548
0.9995209 0.02884626 -0.01122118 55.3163 -0.02878592 0.9995704 0.005502346 -1.149423 0.01137508 -0.005176698 0.9999219 -1.185341
0.9995276 0.02762789 -0.01346664 55.65715 -0.02759267 0.9996153 0.002793682 -1.153394 0.01353864 -0.002420782 0.9999054 -1.174917
0.9996003 0.02680037 -0.009002406 55.99618 -0.02676315 0.9996328 0.004229868 -1.1705 0.009112462 -0.003987244 0.9999505 -1.18669
0.9996496 0.02625079 -0.003394932 56.33011 -0.02621942 0.9996159 0.008976819 -1.184617 0.003629276 -0.008884661 0.9999539 -1.214818
0.9996456 0.02654819 -0.001985227 56.6694 -0.02652296 0.9995784 0.01180568 -1.202328 0.002297809 -0.01174884 0.9999284 -1.224561
0.9996517 0.02619778 -0.003174348 57.01338 -0.0261578 0.9995853 0.01204236 -1.21249 0.003488514 -0.01195513 0.9999225 -1.237808
0.9996397 0.02600582 -0.00663557 57.35532 -0.02592526 0.9995924 0.01194956 -1.219345 0.006943623 -0.01177323 0.9999066 -1.23884
0.9996251 0.02585175 -0.009014286 57.69619 -0.02573775 0.99959 0.01254148 -1.227463 0.00933481 -0.01230477 0.9998807 -1.244081
0.9995899 0.02575228 -0.01252751 58.03673 -0.0255489 0.9995434 0.0161323 -1.232633 0.01293724 -0.01580561 0.9997914 -1.249142
0.9995692 0.02560143 -0.01435227 58.38514 -0.02533477 0.9995084 0.01846334 -1.242362 0.0148179 -0.01809178 0.9997265 -1.2643
0.9994982 0.02385263 -0.0208391 58.73112 -0.02358517 0.9996375 0.0129873 -1.249316 0.02114133 -0.01248929 0.9996985 -1.26964
0.9996108 0.02178609 -0.01742408 59.08463 -0.02170675 0.9997531 0.004730029 -1.256042 0.01752283 -0.004349969 0.999837 -1.261986
0.9997646 0.02110593 -0.005038724 59.42497 -0.02107047 0.9997537 0.006989759 -1.286975 0.005185008 -0.006881946 0.9999629 -1.287354
0.9997991 0.0199619 -0.001780519 59.75771 -0.01993652 0.9997128 0.0132888 -1.307087 0.002045278 -0.01325063 0.9999101 -1.308776
0.9998316 0.01828117 -0.001587747 60.10114 -0.01825544 0.9997218 0.01493962 -1.316967 0.001860419 -0.01490812 0.9998871 -1.327592
0.9998488 0.01628912 -0.00609306 60.45402 -0.016206 0.9997782 0.01345097 -1.316008 0.006310813 -0.01335019 0.999891 -1.331895
0.9998506 0.01445989 -0.009470937 60.80114 -0.01435226 0.9998327 0.01133442 -1.315239 0.009633248 -0.0111968 0.9998909 -1.34093
0.9998634 0.01277882 -0.0104755 61.15135 -0.01266435 0.99986 0.01092174 -1.318077 0.01061361 -0.01078758 0.9998855 -1.33897
0.9998292 0.01144216 -0.01451189 61.49158 -0.01122878 0.9998288 0.01470151 -1.31716 0.01467762 -0.01453604 0.9997866 -1.354649
0.9998053 0.008556237 -0.0177826 61.838 -0.008252626 0.9998201 0.01707737 -1.319456 0.01792552 -0.01692729 0.999696 -1.357678
0.9998948 0.005186019 -0.01354587 62.19115 -0.005032923 0.9999233 0.01131184 -1.331044 0.0136035 -0.01124248 0.9998443 -1.36274
0.9999669 0.004062331 -0.007054845 62.53992 -0.004013194 0.9999678 0.006965139 -1.34696 0.007082911 -0.006936596 0.9999509 -1.381732
0.999979 0.002499708 -0.005981402 62.89437 -0.002457914 0.9999726 0.006984497 -1.349887 0.005998698 -0.006969649 0.9999577 -1.399218
0.9999751 0.0003702623 -0.007049122 63.23029 -0.0003086241 0.9999617 0.008743175 -1.342535 0.00705209 -0.008740782 0.9999369 -1.413332
0.999934 -0.00106805 -0.01144477 63.58415 0.001187042 0.9999453 0.01039531 -1.341274 0.01143305 -0.01040821 0.9998805 -1.414537
0.9999118 -0.002192153 -0.0130993 63.93381 0.002328014 0.9999435 0.0103654 -1.34153 0.01307584 -0.01039498 0.9998605 -1.416963
0.9999246 -0.004236768 -0.01152793 64.28566 0.004336838 0.999953 0.008669593 -1.350491 0.01149066 -0.008718935 0.999896 -1.430002
0.9999462 -0.005959579 -0.008491772 64.6534 0.006016808 0.9999593 0.006729849 -1.348229 0.008451319 -0.00678058 0.9999413 -1.434314
0.9999564 -0.006416796 -0.006791908 65.00906 0.006459216 0.9999597 0.006242194 -1.353735 0.006751579 -0.006285792 0.9999574 -1.44898
0.9999443 -0.007626338 -0.007300228 65.37254 0.007671093 0.9999518 0.006122331 -1.35098 0.007253185 -0.006177991 0.9999546 -1.456662
0.999926 -0.007607874 -0.009497783 65.73036 0.007662199 0.9999546 0.005696391 -1.357582 0.009454013 -0.005768743 0.9999387 -1.463639
0.9999403 -0.007665157 -0.007779403 66.10074 0.007700508 0.9999601 0.004524475 -1.354466 0.007744412 -0.00458411 0.9999595 -1.472248
0.9999422 -0.00730577 -0.007889993 66.46673 0.007336251 0.9999657 0.003841121 -1.360005 0.007861661 -0.003898782 0.9999615 -1.479458
0.9999449 -0.007562787 -0.007281045 66.83707 0.00759968 0.9999584 0.00505271 -1.355635 0.00724253 -0.005107765 0.9999607 -1.491885
0.9999555 -0.007268418 -0.006019758 67.20486 0.007304343 0.9999555 0.005967725 -1.362466 0.005976114 -0.006011429 0.9999641 -1.488418
0.9999654 -0.006222536 -0.00553011 67.57503 0.006258142 0.9999596 0.006444755 -1.368233 0.005489784 -0.006479139 0.9999639 -1.507191
0.9999711 -0.005624599 -0.005111064 67.9473 0.005652492 0.9999691 0.00545942 -1.371908 0.005080199 -0.005488152 0.999972 -1.511479
0.9999716 -0.005115123 -0.00552571 68.32506 0.005143651 0.9999734 0.00516101 -1.376511 0.005499164 -0.005189286 0.9999714 -1.523538
0.9999791 -0.004191586 -0.004914687 68.70535 0.004217559 0.9999772 0.005286415 -1.381297 0.004892416 -0.005307033 0.999974 -1.535091
0.9999698 -0.002769044 -0.007262772 69.0836 0.002806077 0.9999832 0.005093905 -1.391132 0.007248544 -0.005114131 0.9999607 -1.541906
0.9999838 -0.002018938 -0.00532679 69.46617 0.00203793 0.9999915 0.003562442 -1.389854 0.005319553 -0.00357324 0.9999795 -1.54919
0.9999899 -0.001155495 -0.004355674 69.84456 0.0011737 0.9999906 0.004179441 -1.393887 0.004350803 -0.004184511 0.9999818 -1.546272
0.9999937 -0.0001100545 -0.003545719 70.23189 0.0001371576 0.9999708 0.007644553 -1.400883 0.003544774 -0.007644991 0.9999645 -1.575931
0.9999953 0.0007943243 -0.002970692 70.61015 -0.0007657495 0.9999536 0.009607698 -1.409863 0.002978185 -0.009605377 0.9999495 -1.590447
0.9999906 0.001867825 -0.003909065 70.99911 -0.001828795 0.9999487 0.009964245 -1.414501 0.003927476 -0.009957003 0.9999427 -1.58327
0.9999746 0.002761009 -0.006570263 71.38892 -0.002688018 0.9999349 0.01109242 -1.416116 0.006600461 -0.01107447 0.9999169 -1.60472
0.9999847 0.003623272 -0.004185015 71.77694 -0.003573708 0.9999242 0.01179062 -1.42274 0.004227418 -0.01177548 0.9999217 -1.606289
0.9999799 0.004401029 -0.004575353 72.17005 -0.004339792 0.9999021 0.01330893 -1.432704 0.004633477 -0.01328881 0.9999009 -1.6113
0.9999801 0.004668145 -0.004240457 72.57393 -0.004614706 0.9999108 0.01252582 -1.439501 0.004298551 -0.01250601 0.9999126 -1.627133
0.9999809 0.004985688 -0.00366458 72.97565 -0.004951389 0.9999443 0.009310062 -1.446551 0.003710794 -0.009291739 0.9999499 -1.631294
0.9999814 0.004842205 -0.003711143 73.37741 -0.004812151 0.9999559 0.008064969 -1.44625 0.003750032 -0.00804696 0.9999606 -1.649371
0.9999748 0.00527033 -0.004750698 73.79121 -0.005226391 0.999944 0.009214376 -1.452375 0.004798995 -0.009189314 0.9999462 -1.669233
0.9999691 0.005706114 -0.0054117 74.19662 -0.005650496 0.9999316 0.01023768 -1.457249 0.005469747 -0.01020678 0.9999329 -1.665501
0.9999654 0.00590194 -0.005868302 74.61082 -0.005837775 0.9999237 0.01089185 -1.469171 0.005932137 -0.01085722 0.9999235 -1.686632
0.9999765 0.006006147 -0.003325987 75.02907 -0.005971595 0.9999291 0.01030272 -1.476106 0.00338763 -0.01028262 0.9999414 -1.690065
0.999973 0.00634115 -0.003707837 75.44215 -0.006303603 0.9999295 0.01005167 -1.487543 0.003771315 -0.01002803 0.9999426 -1.700199
0.9999731 0.006632546 -0.003138191 75.86888 -0.006602108 0.9999321 0.009612364 -1.495858 0.003201731 -0.009591387 0.9999489 -1.720646
0.9999633 0.006423065 -0.005676217 76.29843 -0.006375295 0.9999444 0.008394184 -1.50087 0.005729818 -0.008357687 0.9999487 -1.71612
0.9999549 0.006436132 -0.006982505 76.72684 -0.006386873 0.9999547 0.007054255 -1.501833 0.007027591 -0.00700934 0.9999508 -1.743647
0.9999511 0.006829169 -0.007158871 77.15793 -0.006797258 0.9999669 0.004472462 -1.513658 0.007189177 -0.004423582 0.9999644 -1.738919
0.9999573 0.006743906 -0.006319884 77.60711 -0.006714609 0.9999666 0.004645371 -1.519261 0.006351001 -0.004602737 0.9999692 -1.755341
0.9999633 0.006773273 -0.005246044 78.04219 -0.00674445 0.9999621 0.005492516 -1.53065 0.005283048 -0.005456933 0.9999712 -1.761256
0.9999688 0.007104015 -0.003450113 78.48565 -0.007075981 0.9999424 0.008070735 -1.537618 0.003507249 -0.00804607 0.9999615 -1.783366
0.9999543 0.007532616 -0.005875919 78.93273 -0.007477551 0.9999286 0.009337772 -1.542727 0.005945836 -0.009293407 0.9999391 -1.789876
0.9999396 0.007746861 -0.007802354 79.38148 -0.007668943 0.9999208 0.00996737 -1.546115 0.007878953 -0.009906931 0.9999199 -1.796097
0.9999275 0.008691929 -0.008338466 79.8312 -0.008594276 0.999895 0.01167632 -1.556152 0.008439079 -0.01160381 0.9998971 -1.815016
0.9999182 0.01007987 -0.007875348 80.28719 -0.009979476 0.9998696 0.01268488 -1.566219 0.008002184 -0.01260525 0.9998885 -1.816975
0.9998994 0.01122705 -0.00866542 80.74647 -0.01112417 0.9998682 0.0118313 -1.576561 0.008797107 -0.01173371 0.9998925 -1.830369
0.9998938 0.01269608 -0.007149777 81.20871 -0.01262564 0.9998722 0.009813293 -1.592506 0.007273453 -0.00972198 0.9999263 -1.839189
0.9998786 0.01374938 -0.007326529 81.68307 -0.01367849 0.9998599 0.009639772 -1.603036 0.007458044 -0.009538386 0.9999267 -1.858162
0.9998651 0.01484271 -0.007041586 82.14745 -0.01475639 0.9998173 0.01215613 -1.616928 0.007220728 -0.01205058 0.9999013 -1.879606
0.9998229 0.01578503 -0.01024286 82.6231 -0.01564921 0.9997903 0.01320806 -1.630383 0.01044921 -0.01304543 0.9998603 -1.877258
0.9998136 0.01687681 -0.009381471 83.11797 -0.01674582 0.9997635 0.01386984 -1.641739 0.009613331 -0.01371016 0.9998598 -1.89506
0.9997941 0.01773451 -0.009862488 83.61592 -0.01759648 0.9997485 0.01391127 -1.655009 0.01010672 -0.01373486 0.9998546 -1.904847
0.9997687 0.0187948 -0.01045648 84.12321 -0.01864322 0.9997224 0.01440949 -1.670866 0.0107244 -0.01421122 0.9998415 -1.923688
0.9997452 0.01980833 -0.01082144 84.65408 -0.01966664 0.9997214 0.013046 -1.68764 0.01107685 -0.01282986 0.9998564 -1.932237
0.999743 0.02074785 -0.0091328 85.18178 -0.02063232 0.9997082 0.01256754 -1.708341 0.009390884 -0.01237588 0.9998793 -1.949429
0.9997351 0.02144137 -0.008362033 85.7121 -0.02132689 0.9996808 0.01354724 -1.725524 0.008649836 -0.01336532 0.9998733 -1.962093
0.9997061 0.0224896 -0.009052838 86.26163 -0.02234618 0.9996279 0.01564375 -1.7436 0.009401291 -0.01543686 0.9998366 -1.986888
0.9996828 0.02384178 -0.008110471 86.82227 -0.02371791 0.9996054 0.01504075 -1.772339 0.008465869 -0.01484362 0.999854 -1.987995
0.9996632 0.02451919 -0.008507896 87.38982 -0.02439369 0.9995964 0.01455372 -1.795592 0.008861309 -0.01434127 0.9998579 -2.004983
0.9996424 0.02621736 -0.005271144 87.97039 -0.02613736 0.99955 0.01471242 -1.821468 0.005654493 -0.01456939 0.9998779 -2.03303
0.999621 0.02709561 -0.004875734 88.55904 -0.02702036 0.9995239 0.01488777 -1.845769 0.005276807 -0.01475038 0.9998773 -2.038188
0.9995884 0.02818768 -0.005330337 89.16507 -0.02810914 0.9995029 0.0142761 -1.868696 0.005730098 -0.01412039 0.9998839 -2.060207
0.9995657 0.0291463 -0.004362681 89.76585 -0.02907631 0.9994595 0.01532733 -1.894731 0.004807059 -0.01519382 0.999873 -2.079884
0.999533 0.03036338 -0.003442058 90.37096 -0.0303013 0.9993988 0.01684464 -1.92352 0.003951449 -0.01673247 0.9998522 -2.104782
0.9995292 0.03061301 -0.00203975 90.98159 -0.03057321 0.9993827 0.01730192 -1.945055 0.002568155 -0.01723141 0.9998482 -2.11358
0.9994987 0.03163108 -0.001346156 91.60378 -0.03160303 0.99935 0.01733863 -1.965281 0.001893721 -0.0172874 0.9998488 -2.138812
0.9994645 0.03270807 -0.0009789098 92.22446 -0.03268671 0.9993209 0.01700795 -1.995686 0.001534542 -0.01696684 0.9998549 -2.152
0.9994432 0.03335025 -0.00105898 92.83959 -0.03332888 0.9993144 0.01611413 -2.027252 0.001595665 -0.01606986 0.9998696 -2.179722
0.9994092 0.0343668 0.0004461736 93.46393 -0.03436954 0.9992803 0.01604361 -2.054299 0.0001055151 -0.01604947 0.9998712 -2.19267
0.9993673 0.0355637 -0.0004236816 94.08203 -0.03555227 0.9992381 0.01609616 -2.085845 0.0009957977 -0.01607091 0.9998704 -2.208316
0.9993403 0.03631239 0.0006289948 94.71416 -0.03631784 0.9991857 0.01757796 -2.114475 9.815034e-06 -0.0175892 0.9998453 -2.235568
0.9993337 0.0364439 0.002006651 95.34305 -0.0364751 0.9991597 0.01870201 -2.142093 -0.00132339 -0.01876274 0.9998231 -2.254687
0.9993297 0.03655275 0.002030146 95.97475 -0.03658639 0.9991258 0.02022879 -2.181517 -0.001288953 -0.02028951 0.9997933 -2.275462
0.9993544 0.03574335 0.003646814 96.62436 -0.03581871 0.9990875 0.0232683 -2.208973 -0.0028118 -0.0233839 0.9997226 -2.301072
0.9994038 0.03445031 0.002264951 97.26831 -0.03449654 0.9990863 0.02522849 -2.239448 -0.001393753 -0.02529158 0.9996791 -2.32717
0.9994714 0.03223252 0.004240965 97.92441 -0.03233401 0.9991243 0.02655597 -2.261285 -0.003381286 -0.02667906 0.9996383 -2.358202
0.9995524 0.02977236 0.00291549 98.58176 -0.02984175 0.9991714 0.02768144 -2.290484 -0.002088933 -0.02775605 0.9996126 -2.374633
0.9996406 0.02656566 0.003585985 99.24494 -0.02665891 0.9992208 0.02910761 -2.309305 -0.002809928 -0.02919275 0.9995698 -2.407265
0.9997087 0.0236897 0.0046318 99.91377 -0.02381728 0.9992733 0.02976379 -2.331429 -0.003923338 -0.02986544 0.9995462 -2.439109
0.9997995 0.01976254 0.003213767 100.5843 -0.01985327 0.9993159 0.03120154 -2.353217 -0.002594947 -0.03125909 0.999508 -2.466556
0.999853 0.01660642 0.004278674 101.2547 -0.0167343 0.9993534 0.031822 -2.366111 -0.003747458 -0.03188892 0.9994844 -2.501481
0.9999146 0.01266817 0.003196994 101.9226 -0.01276476 0.999398 0.03225705 -2.378717 -0.002786431 -0.03229511 0.9994745 -2.528178
0.9999461 0.009341557 0.004534643 102.6064 -0.009488625 0.9993911 0.03357344 -2.395582 -0.004218254 -0.03361465 0.9994259 -2.561144
0.9999782 0.005622397 0.003471652 103.2745 -0.005740624 0.9993694 0.03504008 -2.407143 -0.003272454 -0.03505924 0.9993799 -2.586699
0.9999938 0.001757427 0.003052928 103.9415 -0.00186809 0.9993269 0.03663169 -2.410068 -0.002986496 -0.03663716 0.9993241 -2.642659
0.9999867 -0.002362061 0.004581527 104.6097 0.002191491 0.9993173 0.03688415 -2.41061 -0.004665521 -0.03687362 0.9993091 -2.674394
0.9999771 -0.006165914 0.002801506 105.2975 0.006056453 0.9992772 0.03753072 -2.413526 -0.003030892 -0.03751289 0.9992915 -2.67832
0.999947 -0.01006736 0.002186401 105.9681 0.009973181 0.9991699 0.03949594 -2.405361 -0.002582206 -0.03947204 0.9992173 -2.75972
0.9999034 -0.01389673 0.0003887632 106.6394 0.01386963 0.9990851 0.04045814 -2.398616 -0.0009506435 -0.04044884 0.9991812 -2.782026
0.9998405 -0.01752424 -0.003450267 107.3212 0.01766133 0.9988394 0.04481107 -2.384406 0.002660982 -0.04486486 0.9989895 -2.806939
0.999787 -0.02047779 -0.002589589 108.0028 0.02057462 0.9987479 0.04560079 -2.380217 0.001652543 -0.04564435 0.9989564 -2.870347
0.9997423 -0.0224858 -0.003127455 108.6832 0.02260453 0.9987162 0.04533281 -2.375929 0.002104095 -0.04539182 0.9989671 -2.890248
0.9996949 -0.02404303 -0.005663966 109.3718 0.02427488 0.998682 0.04522216 -2.365191 0.004569223 -0.04534585 0.9989609 -2.949221
0.9996386 -0.0256309 -0.008109703 110.0532 0.02597505 0.9986202 0.0456405 -2.354633 0.006928706 -0.04583466 0.998925 -2.982114
0.9995748 -0.02774983 -0.008954363 110.7449 0.02813798 0.9985169 0.04660739 -2.341048 0.007647736 -0.04683953 0.9988732 -3.02453
0.9995227 -0.02996224 -0.007529362 111.4372 0.0302873 0.9984078 0.04758821 -2.327466 0.006091523 -0.04779354 0.9988387 -3.061658
0.9994332 -0.032533 -0.008657403 112.1338 0.03292143 0.9982402 0.04932415 -2.30521 0.007037505 -0.0495812 0.9987453 -3.113038
0.9993937 -0.03388846 -0.007990119 112.8415 0.03424981 0.9981347 0.05053642 -2.29086 0.006262614 -0.05077944 0.9986902 -3.147892
0.9993003 -0.03570762 -0.01113124 113.555 0.03625007 0.9979316 0.05308868 -2.271411 0.009212541 -0.05345504 0.9985278 -3.194378
0.9991735 -0.03861649 -0.01269178 114.2818 0.03925361 0.9977411 0.05451613 -2.24145 0.01055789 -0.05496926 0.9984322 -3.2491
0.9990287 -0.04200357 -0.01331449 115.0097 0.04268662 0.9975166 0.05602192 -2.211999 0.01092831 -0.05653586 0.9983408 -3.291923
0.9989039 -0.04517582 -0.01225142 115.7625 0.04578275 0.9974433 0.0548716 -2.185621 0.009741229 -0.05537236 0.9984183 -3.341597
0.9987728 -0.04809304 -0.01182772 116.511 0.04865358 0.9974165 0.05284928 -2.164539 0.009255478 -0.05335988 0.9985325 -3.38423
0.9985482 -0.05287113 -0.01029905 117.2754 0.05330459 0.9974369 0.04773235 -2.124432 0.007748994 -0.04821204 0.9988071 -3.436265
0.9982786 -0.05788228 -0.009459395 118.0372 0.0582392 0.9973649 0.04325665 -2.08429 0.006930677 -0.04373309 0.9990192 -3.485046
0.9979941 -0.06234901 -0.01097242 118.8053 0.06275173 0.997175 0.04128392 -2.045117 0.008367412 -0.04188965 0.9990872 -3.526539
0.9976147 -0.0689603 -0.003066788 119.5607 0.06902837 0.9967 0.0427068 -2.000347 0.0001115941 -0.04281663 0.9990829 -3.56585
0.9971707 -0.07516818 0.0005432821 120.3161 0.07506154 0.9960926 0.04653464 -1.959827 -0.004039084 -0.0463622 0.9989165 -3.623748
0.9967841 -0.0800133 -0.004394958 121.0874 0.08013095 0.995719 0.04607189 -1.89785 0.0006897786 -0.0462759 0.9989285 -3.671686
0.9963025 -0.085738 -0.005502068 121.849 0.08589548 0.9953816 0.04286343 -1.83481 0.001801633 -0.04317755 0.9990658 -3.710696
0.995715 -0.09243935 -0.002553537 122.6135 0.09247077 0.9950417 0.03662311 -1.770895 -0.0008445405 -0.03670231 0.9993259 -3.74592
0.9952786 -0.09698686 -0.00374513 123.3637 0.09705605 0.9948138 0.03042423 -1.706126 0.0007749571 -0.03064407 0.9995301 -3.80143
0.9948353 -0.1012909 -0.006548449 124.1161 0.1014425 0.9943925 0.0298802 -1.629756 0.003485138 -0.03039017 0.999532 -3.839064
0.9941884 -0.1074155 -0.007160908 124.8673 0.1075924 0.993668 0.03236793 -1.551112 0.003638749 -0.03295029 0.9994504 -3.870402
0.9935398 -0.1129626 -0.01086855 125.6089 0.1132785 0.9929446 0.03505642 -1.468489 0.006831799 -0.03606112 0.9993262 -3.901464
0.9929677 -0.1178839 -0.01088511 126.3578 0.1182092 0.9923043 0.03686216 -1.386673 0.006455883 -0.03788966 0.9992611 -3.956992
0.9924008 -0.1225497 -0.0110613 127.0971 0.1228604 0.9918374 0.03411644 -1.297887 0.006790053 -0.03521617 0.9993566 -3.973393
0.9920616 -0.1253852 -0.009612421 127.8323 0.1256378 0.9915246 0.03307557 -1.210151 0.005383767 -0.03402068 0.9994066 -4.035667
0.9917402 -0.1274154 -0.01472258 128.5841 0.1278215 0.9913099 0.03108491 -1.12254 0.01063395 -0.03271002 0.9994083 -4.060626
0.9914386 -0.1299213 -0.01304116 129.326 0.130258 0.9910387 0.02958708 -1.02955 0.0090803 -0.03103248 0.9994771 -4.095047
0.991227 -0.1318336 -0.009433676 130.067 0.1320482 0.9908546 0.02775446 -0.9510392 0.005688432 -0.02875667 0.9995703 -4.079895
0.9912313 -0.1321141 0.002552236 130.8018 0.1319746 0.9907777 0.03069375 -0.8842151 -0.006583775 -0.03008778 0.9995256 -4.164526
