1.0 0.0 0.0 0.0 0.0 1.0 0.0 0.0 0.0 0.0 1.0 0.0
0.9999815 0.003844848 -0.004713709 0.3542467 -0.00384189 0.9999925 0.0006364525 0.006050655 0.00471612 -0.0006183312 0.9999887 -0.02064154
0.9999892 0.004635717 -0.0003426712 0.5179455 -0.004634763 0.9999856 0.00273422 -0.0004030445 0.0003553413 -0.002732602 0.9999962 -0.01949488
0.9999865 0.004840878 -0.001873446 0.1922893 -0.004833729 0.999981 0.003801757 -0.0001031729 0.001891814 -0.003792651 0.999991 -0.02937802
0.99999 0.004478102 -2.820311e-06 0.1476029 -0.004478091 0.9999888 0.00157329 0.0009809735 9.865629e-06 -0.001573261 0.9999987 -0.03408683
0.9999877 0.004956713 -0.0003378834 0.04509004 -0.004957107 0.9999869 -0.001175569 -0.0123056 0.000332052 0.00117723 0.9999992 -0.01287138
0.9999769 0.006042527 -0.003120518 0.4261781 -0.006053583 0.9999753 -0.003545948 -0.01402164 0.003099015 0.003564756 0.9999889 -0.03223167
0.9999769 0.006766438 0.000567684 0.5089512 -0.006764239 0.9999698 -0.00378987 -0.02007851 -0.0005933108 0.003785942 0.9999927 -0.02420533
0.9999806 0.006010752 -0.001621632 0.3690065 -0.006010687 0.999982 4.497581e-05 -0.02276372 0.001621873 -3.522781e-05 0.9999987 -0.02175674
0.99998 0.006229644 -0.001036194 0.3650993 -0.006227076 0.9999777 0.002463711 -0.03166938 0.001051519 -0.002457209 0.9999964 -0.03136779
0.9999717 0.006136056 -0.004362036 0.1667157 -0.006129568 0.9999802 0.001499101 -0.043286 0.004371148 -0.001472321 0.9999894 -0.00217245
0.9999811 0.005843597 -0.001910534 0.2171349 -0.005841953 0.9999825 0.0008648592 -0.04026842 0.001915555 -0.0008536816 0.9999978 -0.03113503
0.9999793 0.006399265 -0.0006809006 0.1705663 -0.006399279 0.9999795 -1.765729e-05 -0.05452421 0.0006807737 2.20142e-05 0.9999998 -0.0220217
0.999975 0.007057639 -0.0004610042 0.2243998 -0.007057262 0.9999748 0.0008138922 -0.07247086 0.0004667367 -0.0008106183 0.9999996 -0.02677164
0.9999723 0.007062295 0.002347573 0.3626035 -0.00706755 0.9999725 0.002238111 -0.08086897 -0.002331703 -0.002254641 0.9999948 -0.03725832
0.9999731 0.007280592 -0.0008962356 0.3618654 -0.007278125 0.9999698 0.002725913 -0.08669645 0.0009160549 -0.002719317 0.9999959 -0.02504063
0.9999741 0.007166918 -0.0006457726 0.2807438 -0.007165131 0.9999707 0.002728133 -0.1039491 0.0006653059 -0.002723436 0.9999961 -0.02904505
0.9999737 0.007163533 0.001158167 0.2775974 -0.007167003 0.9999697 0.003019938 -0.1110104 -0.001136498 -0.003028159 0.9999948 -0.03325652
0.9999743 0.007168722 -2.939246e-05 0.5180655 -0.007168597 0.9999695 0.003087618 -0.1255002 5.152584e-05 -0.003087328 0.9999952 -0.04598994
0.999974 0.007202435 -0.0002387227 0.6142526 -0.007201841 0.9999712 0.002401137 -0.1452892 0.0002560099 -0.002399356 0.9999971 -0.04699183
0.9999807 0.00567346 0.002526143 1.054756 -0.005675176 0.9999837 0.0006722868 -0.1479635 -0.002522288 -0.0006866102 0.9999966 -0.05315452
0.9999799 0.005271749 0.003523784 1.448849 -0.00526821 0.9999857 -0.001012798 -0.1588391 -0.003529072 0.0009942134 0.9999933 -0.05643544
0.9999781 0.005420343 0.003799958 1.860989 -0.005421557 0.9999853 0.0003091861 -0.1812712 -0.003798226 -0.000329781 0.9999927 -0.06659575
0.9999764 0.005357366 0.004300284 2.219103 -0.005365181 0.9999839 0.001808013 -0.1946999 -0.004290529 -0.001831042 0.9999891 -0.07578927
0.999973 0.003415303 0.006508924 2.929507 -0.003435982 0.9999889 0.003168478 -0.2263729 -0.006498031 -0.003190757 0.9999738 -0.07833101
0.9999785 0.004186751 0.005035246 3.4857 -0.004202553 0.9999862 0.003131713 -0.2164937 -0.005022065 -0.003152806 0.9999824 -0.1001847
0.9999579 0.003195669 0.008596181 4.585242 -0.003208921 0.9999938 0.001528227 -0.2554765 -0.008591243 -0.001555747 0.9999619 -0.1358638
0.999978 0.003628778 0.005553174 5.431437 -0.003627173 0.9999934 -0.0002990398 -0.2615238 -0.005554223 0.0002788908 0.9999846 -0.1477315
0.999977 0.003046639 0.006063623 5.813343 -0.003043051 0.9999952 -0.0006009226 -0.2604923 -0.006065425 0.0005824568 0.9999815 -0.1538445
0.9999827 0.002807788 0.005178225 6.500495 -0.002800947 0.9999954 -0.001327971 -0.2639974 -0.005181929 0.001313444 0.9999857 -0.1597722
0.9999454 0.002580451 0.01012858 7.49339 -0.002568246 0.9999959 -0.001217876 -0.2881388 -0.01013168 0.001191797 0.999948 -0.1816435
0.9999497 0.001659661 0.009890191 8.517413 -0.001664287 0.9999986 0.0004595035 -0.2938241 -0.009889415 -0.0004759405 0.999951 -0.179314
0.9999564 0.001243957 0.009258646 9.991334 -0.001255237 0.9999985 0.001212696 -0.31554 -0.009257124 -0.001224265 0.9999564 -0.2188035
0.9999511 0.0008114902 0.009862151 11.44998 -0.000837184 0.9999962 0.002601448 -0.3279495 -0.009860003 -0.002609577 0.999948 -0.2369225
0.9999765 -0.0001917091 0.006860961 13.29202 0.0001748958 0.999997 0.002451087 -0.3373621 -0.00686141 -0.002449829 0.9999735 -0.2892424
0.9999706 -0.0008960772 0.007613197 15.55711 0.000878009 0.9999968 0.002376294 -0.3592632 -0.007615301 -0.002369539 0.9999682 -0.3470592
0.9999789 -0.001517316 0.006315209 18.02408 0.00150671 0.9999975 0.001683907 -0.3858534 -0.006317748 -0.001674357 0.9999787 -0.3742211
0.999974 -0.001422432 0.007069394 20.3907 0.00140834 0.9999971 0.001998004 -0.415011 -0.007072215 -0.001987996 0.999973 -0.4355331
0.9999813 -0.001777473 0.005847433 22.75656 0.001762617 0.9999952 0.0025448 -0.4308897 -0.005851928 -0.002534446 0.9999797 -0.4585057
0.9999835 -0.001921194 0.005399961 25.08343 0.001904908 0.9999936 0.003019584 -0.4450086 -0.005405727 -0.003009248 0.9999809 -0.5195358
0.9999827 -0.001846475 0.005582869 27.42439 0.001826087 0.9999918 0.003654807 -0.4680181 -0.005589571 -0.003644549 0.9999777 -0.5759718
0.9999919 -0.001673503 0.003664782 29.76346 0.001662506 0.999994 0.003001753 -0.487829 -0.003669784 -0.002995636 0.9999888 -0.6061165
0.9999956 -0.001866806 0.002314793 32.09924 0.001863835 0.9999974 0.001285336 -0.5086017 -0.002317187 -0.001281016 0.9999965 -0.6556485
0.9999971 -0.002386928 -1.786665e-05 34.4271 0.002386928 0.9999971 8.528621e-06 -0.5243941 1.784624e-05 -8.571244e-06 1.0 -0.6970065
0.9999954 -0.003035935 -0.000242758 36.72261 0.003035967 0.9999955 0.0001343742 -0.5417656 0.0002423489 -0.0001351105 0.9999999 -0.7307479
0.999993 -0.003656597 -0.0007516662 39.0253 0.003655258 0.9999917 -0.001774675 -0.5531613 0.0007581493 0.001771915 0.9999982 -0.7802878
0.9999896 -0.004513013 -0.0006634677 41.3281 0.004511361 0.9999869 -0.002470642 -0.5697855 0.000674609 0.002467623 0.9999967 -0.8176669
0.9999855 -0.004946967 -0.002146272 43.63152 0.004940968 0.9999839 -0.002791107 -0.5759944 0.002160045 0.002780462 0.9999938 -0.8345938
0.999983 -0.005185611 -0.002672362 45.9037 0.005186331 0.9999864 0.0002625305 -0.587606 0.002670964 -0.0002763858 0.9999964 -0.8938043
0.9999861 -0.004516801 -0.002730773 48.19099 0.004519343 0.9999894 0.0009252427 -0.6034012 0.002726565 -0.0009375711 0.9999958 -0.919333
0.9999745 -0.004686209 -0.005395901 50.47129 0.004694435 0.9999878 0.001512724 -0.6166832 0.005388747 -0.001538016 0.9999843 -0.9721544
0.9999666 -0.004550841 -0.006790045 52.73735 0.004555911 0.9999894 0.0007313844 -0.6180988 0.006786644 -0.0007622948 0.9999767 -1.018556
0.9999604 -0.004219395 -0.007837789 54.99382 0.004242907 0.9999865 0.002985634 -0.6270828 0.007825086 -0.003018771 0.9999648 -1.04485
0.9999683 -0.003801631 -0.006989509 57.25238 0.003832636 0.9999828 0.004427925 -0.653403 0.006972556 -0.004454573 0.9999658 -1.110318
0.9999639 -0.003905597 -0.007542099 59.5177 0.003930891 0.9999866 0.003341818 -0.6667355 0.007528947 -0.003371345 0.999966 -1.145089
0.9999617 -0.003649296 -0.007957364 61.77676 0.003657635 0.9999927 0.001033686 -0.6789672 0.007953534 -0.001062751 0.9999678 -1.192143
0.9999578 -0.00372774 -0.008394945 64.03496 0.003730298 0.9999931 0.0002889731 -0.6917115 0.008393809 -0.0003202766 0.9999647 -1.221954
0.999956 -0.00384417 -0.008559465 66.28233 0.003852345 0.999992 0.0009388918 -0.7044458 0.008555789 -0.0009718246 0.9999629 -1.271649
0.9999427 -0.004473509 -0.009729568 68.53005 0.004487026 0.9999889 0.00136794 -0.7175024 0.009723341 -0.001411518 0.9999517 -1.311206
0.9999409 -0.005430357 -0.009417584 70.77674 0.005436872 0.999985 0.0006663326 -0.7321389 0.009413825 -0.0007174954 0.9999554 -1.343905
0.999931 -0.006880395 -0.00951666 73.00973 0.006877338 0.9999764 -0.0003539045 -0.7389181 0.009518869 0.0002884309 0.9999546 -1.383071
0.9999227 -0.008298617 -0.009257466 75.25024 0.008291414 0.9999654 -0.0008161277 -0.7462145 0.009263918 0.0007393071 0.9999568 -1.413384
0.9998925 -0.01016962 -0.01056788 77.49944 0.01016137 0.9999481 -0.0008346405 -0.7432899 0.01057582 0.0007271666 0.9999438 -1.457456
0.9998668 -0.01162002 -0.01145551 79.7206 0.01160659 0.9999319 -0.001238585 -0.7405475 0.01146912 0.001105461 0.9999336 -1.480309
0.9998277 -0.01308169 -0.01316791 81.9583 0.01308419 0.9999143 0.0001037124 -0.7311296 0.01316543 -0.000275986 0.9999133 -1.528029
0.9997883 -0.01438888 -0.01470423 84.19429 0.01437433 0.999896 -0.001095146 -0.7181174 0.01471846 0.0008835504 0.9998913 -1.565634
0.9997561 -0.01467109 -0.01650809 86.41545 0.01466129 0.9998922 -0.0007142846 -0.7100232 0.01651679 0.0004720805 0.9998635 -1.596448
0.999696 -0.01563054 -0.01906601 88.64941 0.01562403 0.9998778 -0.0004899447 -0.6957526 0.01907134 0.0001919078 0.9998181 -1.63694
0.9996994 -0.01617225 -0.01842992 90.87223 0.01615405 0.9998689 -0.001135483 -0.6846281 0.01844587 0.0008374234 0.9998295 -1.669949
0.9996394 -0.01711002 -0.02069578 93.08727 0.01707338 0.9998523 -0.001945548 -0.6677299 0.02072601 0.001591499 0.9997839 -1.700155
0.9996479 -0.01764075 -0.01982283 95.31144 0.01759806 0.9998424 -0.002325844 -0.6462417 0.01986073 0.001976182 0.9998008 -1.747654
0.999556 -0.01913236 -0.02284257 97.53343 0.01907738 0.9998144 -0.002622172 -0.6198798 0.0228885 0.002185231 0.9997357 -1.762382
0.9995661 -0.01973185 -0.02187164 99.76335 0.01967718 0.9998027 -0.002712166 -0.5993692 0.02192084 0.002280617 0.9997571 -1.813565
0.9995169 -0.0212393 -0.02269058 101.9764 0.02118118 0.9997717 -0.002798522 -0.5764532 0.02274484 0.002316557 0.9997386 -1.826865
0.9994899 -0.02251725 -0.0226486 104.2125 0.02246229 0.9997441 -0.00267791 -0.545773 0.02270311 0.002167805 0.9997399 -1.870249
0.9994207 -0.02396476 -0.02416567 106.4156 0.02387954 0.9997076 -0.003808928 -0.5186581 0.02424988 0.003229657 0.9997007 -1.888231
0.9993656 -0.02574063 -0.02461104 108.6265 0.02566065 0.9996643 -0.003560243 -0.4794597 0.02469442 0.002926449 0.9996908 -1.913352
0.9992944 -0.02766689 -0.02540061 110.8426 0.02761245 0.9996157 -0.002491663 -0.4348253 0.02545979 0.001788532 0.9996743 -1.955242
0.9992087 -0.02950097 -0.02667672 113.0429 0.02942475 0.9995618 -0.003245273 -0.3924704 0.02676077 0.00245775 0.9996389 -1.987986
0.9991252 -0.03053715 -0.02857043 115.244 0.03047294 0.999532 -0.002680332 -0.3399661 0.02863891 0.001807362 0.9995882 -2.020503
0.9990276 -0.03153195 -0.03081522 117.4554 0.03138123 0.9994931 -0.00536265 -0.2967443 0.0309687 0.004390416 0.9995107 -2.0376
0.9989489 -0.03239593 -0.03242747 119.6622 0.0322346 0.9994652 -0.005485797 -0.2420911 0.03258785 0.004434745 0.999459 -2.080448
0.9989582 -0.0334843 -0.03100611 121.8552 0.03326186 0.9994174 -0.007662467 -0.193675 0.03124462 0.006623163 0.9994898 -2.087224
0.998934 -0.03453492 -0.0306314 124.0424 0.03441501 0.9993978 -0.004433508 -0.1366382 0.03076606 0.003374602 0.9995209 -2.11456
0.9989052 -0.03571714 -0.03021058 126.2178 0.03568869 0.9993619 -0.001480458 -0.08399618 0.03024417 0.0004006612 0.9995425 -2.149657
0.9988559 -0.03646603 -0.03093762 128.3893 0.03650163 0.9993334 0.0005864571 -0.02759233 0.03089561 -0.00171506 0.9995211 -2.168663
0.998825 -0.03792607 -0.0301693 130.5782 0.03786594 0.9992795 -0.002562095 0.03141645 0.03024474 0.001416696 0.9995415 -2.22609
0.9988387 -0.0388388 -0.02851027 132.7552 0.03873844 0.9992412 -0.004064258 0.1024612 0.02864649 0.002955095 0.9995852 -2.243232
0.9986299 -0.04045957 -0.033185 134.9263 0.04029713 0.9991724 -0.005549774 0.1743602 0.03338208 0.004204911 0.9994338 -2.283485
0.9985893 -0.04145856 -0.03317364 137.0865 0.0413634 0.9991379 -0.003549916 0.2480894 0.03329222 0.002172734 0.9994433 -2.306466
0.9983717 -0.04349157 -0.03691152 139.269 0.04335069 0.9990494 -0.004608836 0.3171839 0.03707688 0.003001192 0.9993079 -2.302194
0.9983724 -0.04572513 -0.03408357 141.423 0.04559118 0.9989492 -0.004697302 0.397916 0.03426254 0.003135747 0.9994079 -2.358348
0.9981981 -0.04871082 -0.03504034 143.6062 0.04859039 0.9988096 -0.004280833 0.4813466 0.03520715 0.002570495 0.9993767 -2.371111
0.9980579 -0.05100128 -0.03576685 145.727 0.05091661 0.9986976 -0.003274858 0.5648199 0.03588729 0.001447372 0.9993548 -2.404289
0.9978305 -0.05311896 -0.03889319 147.8976 0.0530657 0.9985881 -0.002401205 0.6616907 0.03896583 0.0003321015 0.9992405 -2.439759
0.9977239 -0.0552217 -0.03869709 150.051 0.05513078 0.9984732 -0.003413578 0.7581828 0.03882651 0.001272408 0.9992452 -2.458182
0.9975333 -0.05771647 -0.03995181 152.2133 0.05758931 0.9983311 -0.004327604 0.8632792 0.0401349 0.002016132 0.9991922 -2.498653
0.9974048 -0.0605031 -0.03902547 154.3684 0.0603428 0.9981637 -0.005273629 0.9705155 0.03927288 0.002905037 0.9992243 -2.520722
0.9971645 -0.06319228 -0.04086176 156.5343 0.06307365 0.998 -0.004187083 1.08832 0.04104463 0.00159791 0.9991561 -2.542158
0.9969985 -0.06547059 -0.04132337 158.6824 0.06537749 0.997854 -0.003601701 1.206734 0.04147049 0.0008892727 0.9991393 -2.569652
0.9968032 -0.06792622 -0.04206382 160.8355 0.06779566 0.9976889 -0.004524265 1.327641 0.04227393 0.001658058 0.9991047 -2.567651
0.9966572 -0.07086909 -0.04064498 163.004 0.07072058 0.9974834 -0.005081857 1.463442 0.04090283 0.002190433 0.9991607 -2.611186
0.9965848 -0.07272091 -0.03911993 165.1637 0.07258049 0.9973501 -0.004999427 1.587199 0.03937983 0.002143009 0.999222 -2.607617
0.9963319 -0.07546379 -0.04034872 167.3436 0.07537846 0.9971483 -0.003634426 1.737911 0.04050793 0.0005796695 0.9991791 -2.64249
0.9961902 -0.07745695 -0.04006783 169.5098 0.07741357 0.9969957 -0.002635155 1.88452 0.04015156 -0.0004766784 0.9991935 -2.68819
0.9960436 -0.07848135 -0.04168867 171.664 0.07847876 0.9969143 -0.001701417 2.036438 0.04169357 -0.001576989 0.9991292 -2.699928
0.9958796 -0.07984887 -0.04298808 173.856 0.07972375 0.9968063 -0.00462002 2.192326 0.04321969 0.001173813 0.9990649 -2.742367
0.9957505 -0.08113591 -0.04356579 176.0309 0.08096308 0.9967006 -0.005719753 2.3437 0.04388613 0.002168226 0.9990342 -2.74075
0.9955494 -0.08209769 -0.04627502 178.2085 0.08199424 0.9966242 -0.004132437 2.514492 0.04645807 0.0003197595 0.9989202 -2.78744
0.9954838 -0.08278127 -0.04646776 180.4094 0.08245346 0.996555 -0.00893084 2.668223 0.04704698 0.005059078 0.9988798 -2.80443
0.9954852 -0.08358093 -0.04498153 182.596 0.08306248 0.996456 -0.01327726 2.828945 0.04593183 0.009481043 0.9988996 -2.74844
0.9951168 -0.08590911 -0.04860276 184.8006 0.08540926 0.9962704 -0.01227308 3.027131 0.04947586 0.008062018 0.9987428 -2.822659
0.9951792 -0.08659706 -0.04603674 186.9987 0.08669678 0.9962347 0.0001699603 3.186444 0.04584868 -0.004160378 0.9989398 -2.835413
0.9948857 -0.0864918 -0.05216861 189.2033 0.08672082 0.9962305 0.00213817 3.327204 0.05178702 -0.006651339 0.998636 -2.759791
0.9948976 -0.08844987 -0.04853215 191.4236 0.08835192 0.9960806 -0.004163955 3.523401 0.04871023 -0.0001451985 0.9988129 -2.901598
0.9947942 -0.08997481 -0.04784338 193.6341 0.08986759 0.995944 -0.004391553 3.691122 0.04804445 6.912276e-05 0.9988452 -2.889574
0.9946089 -0.09119907 -0.04935428 195.8508 0.09124058 0.9958278 -0.001415888 3.884982 0.04927749 -0.003094858 0.9987803 -2.897081
0.9942413 -0.09323908 -0.05282773 198.0912 0.09336641 0.9956319 -5.794177e-05 4.08277 0.05260237 -0.004874727 0.9986036 -2.944849
0.9941216 -0.09446477 -0.05290328 200.3406 0.09461638 0.9955138 0.0003630132 4.266059 0.05263165 -0.005366396 0.9985996 -2.935161
0.9938662 -0.09635822 -0.05426875 202.5934 0.09631713 0.995345 -0.003378126 4.461046 0.05434164 -0.001869605 0.9985207 -2.968057
0.9938106 -0.09893601 -0.05051894 204.8759 0.09884932 0.9950933 -0.004217853 4.669855 0.05068836 -0.0008020155 0.9987142 -2.985063
0.9934806 -0.1013129 -0.05226963 207.1497 0.1012671 0.9948529 -0.00352929 4.879282 0.05235815 -0.001786915 0.9986268 -2.983448
0.9932517 -0.1040019 -0.05132836 209.4433 0.103933 0.9945762 -0.004015396 5.096244 0.05146758 -0.001346413 0.9986737 -3.022476
0.9929086 -0.1068257 -0.05216113 211.7405 0.1067826 0.9942759 -0.003619927 5.316742 0.05224925 -0.001975646 0.9986321 -3.014749
0.9926255 -0.1097979 -0.05137078 214.0536 0.1096348 0.9939539 -0.005990016 5.544743 0.05171788 0.000313818 0.9986617 -3.047283
0.992368 -0.1126968 -0.05005117 216.3655 0.1125596 0.9936293 -0.005559763 5.773729 0.05035888 -0.0001164079 0.9987312 -3.063182
0.9920024 -0.1158331 -0.0501386 218.6837 0.1156499 0.9932683 -0.006548082 6.022847 0.05055957 0.000697186 0.9987208 -3.059961
0.9918057 -0.1184116 -0.04796003 221.0326 0.1182417 0.9929644 -0.00637508 6.272159 0.04837749 0.0006519647 0.9988289 -3.072726
0.9913945 -0.1214957 -0.04874061 223.3686 0.1212642 0.9925905 -0.007690132 6.530694 0.04931378 0.001713465 0.9987819 -3.075474
0.9911352 -0.1244543 -0.04649782 225.7207 0.1242087 0.9922228 -0.008146079 6.796225 0.04715001 0.002298434 0.9988852 -3.123959
0.9907354 -0.127888 -0.04569627 228.0978 0.1276848 0.9917874 -0.007349364 7.074084 0.04626089 0.001446554 0.9989284 -3.09269
0.990237 -0.1315886 -0.04599001 230.4607 0.1313862 0.9913036 -0.007409248 7.365383 0.04656503 0.001294458 0.9989144 -3.110643
0.9898216 -0.1353205 -0.04406327 232.8696 0.1350729 0.9907986 -0.008563569 7.667075 0.04481665 0.002524653 0.998992 -3.112841
0.9893786 -0.1388136 -0.04313697 235.2674 0.1385578 0.9903145 -0.008878566 7.976412 0.04395163 0.002807298 0.9990297 -3.125104
0.9889956 -0.1420701 -0.04127748 237.6689 0.1418068 0.9898511 -0.009254914 8.291282 0.0421734 0.003299643 0.9991049 -3.142868
0.9885651 -0.1452385 -0.04055695 240.0835 0.1449753 0.989391 -0.009374654 8.611469 0.04148823 0.003387701 0.9991332 -3.126094
0.9881405 -0.1482248 -0.0400959 242.4962 0.1479867 0.9889497 -0.008858241 8.948951 0.04096584 0.002819526 0.9991566 -3.146027
0.987696 -0.1514539 -0.03896593 244.9379 0.1511903 0.9884576 -0.009642049 9.287072 0.03997649 0.003632142 0.999194 -3.145419
0.987362 -0.1541778 -0.03668215 247.3918 0.1539301 0.9880363 -0.00949989 9.638586 0.03770796 0.003733342 0.9992818 -3.14351
0.9869599 -0.1573681 -0.03384446 249.8481 0.1570468 0.9875187 -0.01196859 9.989888 0.03530551 0.006497357 0.9993554 -3.129402
0.9865723 -0.1606247 -0.02957887 252.3066 0.160326 0.9869884 -0.01222449 10.36678 0.03115756 0.00731808 0.9994877 -3.148377
0.9862471 -0.1630071 -0.02730242 254.786 0.1626853 0.9865838 -0.01363545 10.73733 0.0291588 0.009006223 0.9995342 -3.142206
0.9859669 -0.1652015 -0.0240373 257.2582 0.1649102 0.986214 -0.01364841 11.11542 0.02596066 0.009492888 0.9996179 -3.141013
0.98555 -0.1677462 -0.02350145 259.762 0.1674742 0.9857893 -0.01311435 11.51386 0.02536736 0.008988958 0.9996378 -3.11983
0.9851865 -0.1700733 -0.02197193 262.2578 0.169832 0.9853946 -0.01243027 11.91304 0.02376508 0.008514599 0.9996813 -3.143206
0.9846978 -0.1728539 -0.02217655 264.7737 0.1726178 0.9849138 -0.01216622 12.32672 0.02394497 0.008151985 0.99968 -3.145378
0.9842716 -0.1751743 -0.02287646 267.2931 0.1749415 0.9845078 -0.01182515 12.7465 0.02459351 0.007637113 0.9996684 -3.106145
0.9838176 -0.1775825 -0.02382168 269.8283 0.1773674 0.9840846 -0.0108766 13.17672 0.02537404 0.006475403 0.999657 -3.146803
0.9834151 -0.1799147 -0.02292096 272.3725 0.1796934 0.9836566 -0.01139283 13.60068 0.0245961 0.007085139 0.9996724 -3.132144
0.982891 -0.1827813 -0.02272078 274.9145 0.182595 0.983137 -0.01003889 14.04204 0.02417256 0.005718437 0.9996914 -3.111713
0.9825395 -0.1847743 -0.0217856 277.467 0.1846032 0.9827659 -0.009636994 14.49268 0.02319082 0.005447036 0.9997162 -3.119068
0.9820434 -0.1875701 -0.02020515 280.0344 0.1874264 0.9822394 -0.008798534 14.96223 0.02149663 0.004853564 0.9997571 -3.142978
0.9817243 -0.1893269 -0.01930514 282.6147 0.189186 0.9819009 -0.008899755 15.41912 0.0206407 0.005084842 0.999774 -3.121611
0.9814856 -0.1905871 -0.01904252 285.1952 0.1904192 0.9816489 -0.01028853 15.88618 0.02065393 0.00647198 0.9997658 -3.12977
0.9813144 -0.1914413 -0.01929505 287.784 0.1912308 0.9814688 -0.01223769 16.36818 0.02128029 0.008319212 0.9997389 -3.175465
0.9813684 -0.191157 -0.01936933 290.3896 0.1909596 0.9815296 -0.01159526 16.84866 0.02122808 0.00768046 0.9997451 -3.128706
0.9813909 -0.1910715 -0.01906724 293.017 0.1909026 0.9815546 -0.01033424 17.32086 0.02069011 0.006501947 0.9997648 -3.150139
0.9813595 -0.1914766 -0.01643985 295.654 0.1913072 0.9814649 -0.01133552 17.8106 0.01830562 0.007979156 0.9998006 -3.121679
0.9813318 -0.1918049 -0.01409881 298.3005 0.1916385 0.9813881 -0.01234136 18.30038 0.01620354 0.009409096 0.9998245 -3.130989
0.9812924 -0.1921921 -0.01128801 300.9513 0.1920576 0.9813102 -0.01199812 18.78666 0.01338299 0.009605719 0.9998643 -3.140925
0.9811782 -0.1928107 -0.01065176 303.5984 0.1927011 0.9812011 -0.01051518 19.27554 0.01247896 0.008264663 0.999888 -3.116775
0.9808899 -0.1943336 -0.009464869 306.2909 0.1942361 0.9809006 -0.01032256 19.77999 0.01129012 0.008286878 0.999902 -3.132614
0.9805276 -0.1963048 -0.005485523 308.9828 0.1962286 0.9804839 -0.01206668 20.28332 0.007747216 0.0107553 0.9999121 -3.110949
0.9800864 -0.1985081 -0.005012302 311.6687 0.1984363 0.9800384 -0.01214703 20.7969 0.007323534 0.01091052 0.9999136 -3.105177
0.9796385 -0.2007662 -0.001209914 314.3654 0.2007352 0.9795637 -0.01265372 21.32146 0.003725627 0.0121532 0.9999192 -3.135862
0.9794033 -0.2019113 -0.0009979749 317.0863 0.2018877 0.9793447 -0.01120373 21.83667 0.003239521 0.0107715 0.9999368 -3.087858
0.9789223 -0.2042286 0.001348615 319.8111 0.2042313 0.9788657 -0.01055818 22.38603 0.0008361701 0.01061107 0.9999434 -3.120361
0.9785593 -0.2059405 0.003198588 322.5428 0.2059638 0.9784936 -0.011379 22.90317 -0.0007864012 0.01179382 0.9999301 -3.10089
0.9781986 -0.2076501 0.002981232 325.273 0.20767 0.9781455 -0.01023046 23.45 -0.0007917226 0.01062653 0.9999432 -3.083459
0.977617 -0.2103572 0.003858831 328.0493 0.2103876 0.9775552 -0.01108521 24.01816 -0.001440367 0.01164894 0.9999311 -3.114757
0.9772282 -0.2120497 0.007741798 330.7931 0.2121193 0.9771956 -0.009679978 24.57365 -0.005512616 0.01110173 0.9999232 -3.073684
0.9765415 -0.2151472 0.008848984 333.5721 0.2152311 0.9765123 -0.00997267 25.14863 -0.006495549 0.0116433 0.9999111 -3.083351
0.9761203 -0.2170407 0.009085106 336.3661 0.217133 0.976082 -0.01083475 25.72476 -0.006516226 0.01254869 0.9999 -3.094702
0.9756975 -0.2188619 0.01067043 339.162 0.2189604 0.9756908 -0.009138584 26.3177 -0.008410958 0.01125289 0.9999013 -3.056956
0.9752035 -0.2211137 0.009325763 341.9434 0.2211939 0.9751911 -0.008681147 26.9114 -0.007174883 0.01052869 0.9999188 -3.09347
0.9746537 -0.2234811 0.01031374 344.756 0.2235449 0.9746783 -0.005490809 27.51969 -0.008825486 0.007657221 0.9999318 -3.088957
0.9741315 -0.2258121 0.008756908 347.6169 0.2258711 0.9741359 -0.006455198 28.15703 -0.007072756 0.008266144 0.9999408 -3.103449
0.9735841 -0.2281224 0.009705876 350.4486 0.2281871 0.9735979 -0.00617104 28.77323 -0.008041867 0.008222783 0.9999338 -3.113739
0.9731324 -0.2300605 0.009244382 353.294 0.2301273 0.9731357 -0.006945166 29.40381 -0.007398231 0.008885951 0.9999331 -3.11085
0.9727136 -0.2316455 0.01298707 356.1038 0.2317532 0.9727458 -0.007489112 30.0358 -0.0108983 0.01029456 0.9998876 -3.152965
0.9724646 -0.2327372 0.01208135 358.9502 0.2328719 0.972442 -0.01127075 30.67237 -0.00912529 0.01377381 0.9998635 -3.14543
0.9721515 -0.2340766 0.01138373 361.8191 0.2342092 0.9721099 -0.01217673 31.33101 -0.008215945 0.0145038 0.9998611 -3.170154
0.9721552 -0.2342014 0.008005365 364.6339 0.2342915 0.9720762 -0.0132536 31.95438 -0.004677812 0.01476014 0.9998801 -3.151604
0.9718351 -0.2355288 0.007918959 367.4585 0.2356083 0.971782 -0.01133661 32.60803 -0.005025404 0.01288309 0.9999044 -3.171421
0.9716313 -0.2363503 0.008440488 370.2847 0.2364309 0.9715931 -0.0103441 33.25141 -0.005755891 0.01204624 0.9999109 -3.16951
0.9712736 -0.2378138 0.008496514 373.112 0.2378819 0.9712597 -0.008180031 33.91362 -0.006306998 0.009966214 0.9999304 -3.189783
0.9712112 -0.2380257 0.009624488 375.9551 0.2381125 0.9711941 -0.009183018 34.56136 -0.007161452 0.01121036 0.9999115 -3.203797
0.9707773 -0.2398062 0.009185798 378.8271 0.2398789 0.9707712 -0.007847391 35.24041 -0.007035455 0.009821549 0.999927 -3.222957
0.9705802 -0.2405386 0.01073671 381.7025 0.2406355 0.970575 -0.008875662 35.91492 -0.008285839 0.01119817 0.999903 -3.234181
0.9701627 -0.2422857 0.009047243 384.5307 0.2423547 0.9701586 -0.007511188 36.58419 -0.006957407 0.009479717 0.9999309 -3.238188
0.9698047 -0.2436 0.01174324 387.3907 0.2437071 0.9698097 -0.008738035 37.26111 -0.009260121 0.0113361 0.9998929 -3.268559
0.9694844 -0.2448614 0.01195551 390.2575 0.244952 0.9695115 -0.006789753 37.95005 -0.009928451 0.009511085 0.9999055 -3.266824
0.9693142 -0.2456508 0.00926096 393.1435 0.2457297 0.9692999 -0.008643913 38.64283 -0.006853264 0.01065436 0.9999198 -3.283386
0.9689612 -0.2469627 0.01111471 396.0244 0.2470443 0.9689813 -0.006668326 39.34195 -0.009123119 0.009207175 0.999916 -3.3023
0.9688271 -0.2475708 0.009094544 398.903 0.2476507 0.9688071 -0.009054057 40.04375 -0.006569338 0.01102409 0.9999176 -3.2993
0.9682676 -0.2496018 0.01252192 401.8169 0.2496933 0.9683043 -0.006345842 40.75792 -0.01054109 0.009271113 0.9999015 -3.336738
0.9681944 -0.2499831 0.01039157 404.6968 0.2500576 0.9682083 -0.006603184 41.46072 -0.008410515 0.008991657 0.9999242 -3.331726
0.9677368 -0.251679 0.01196371 407.6013 0.2517654 0.9677674 -0.006343941 42.18429 -0.009981452 0.009151313 0.9999083 -3.365202
0.9675437 -0.2525292 0.009390702 410.5004 0.2526064 0.9675343 -0.008204947 42.89672 -0.007013838 0.0103108 0.9999222 -3.373765
0.9671228 -0.2540603 0.01126353 413.4408 0.2541356 0.967151 -0.005829235 43.63366 -0.009412557 0.00850005 0.9999196 -3.384308
0.9669678 -0.2547918 0.007373405 416.3495 0.2548344 0.9669688 -0.005558243 44.36759 -0.005713657 0.007253639 0.9999574 -3.416843
0.9666808 -0.2558584 0.00804681 419.2751 0.2559081 0.9666833 -0.005894884 45.08925 -0.006270459 0.007757715 0.9999502 -3.422938
0.9665409 -0.2564225 0.006801861 422.2029 0.2564642 0.9665339 -0.006190265 45.84747 -0.004986906 0.007727577 0.9999577 -3.448252
0.9663787 -0.2569951 0.008110337 425.132 0.2570517 0.9663727 -0.006936165 46.58477 -0.006055049 0.008787738 0.9999431 -3.464127
0.9663033 -0.2573172 0.006758685 428.0768 0.2573546 0.9663018 -0.005410884 47.33156 -0.005138617 0.006967934 0.9999625 -3.49377
0.9661019 -0.2580403 0.007889975 431.0438 0.2580925 0.9660982 -0.006511377 48.08605 -0.005942293 0.008326998 0.9999477 -3.491462
0.9660771 -0.2581217 0.008256605 433.9625 0.2581701 0.9660842 -0.005446854 48.83166 -0.006570624 0.00739369 0.9999511 -3.537757
0.9658593 -0.2589051 0.009165313 436.9427 0.2589546 0.9658781 -0.004696001 49.58585 -0.007636757 0.006909077 0.999947 -3.538214
0.9658989 -0.2588133 0.007410676 439.8877 0.2588528 0.9659041 -0.004963322 50.33657 -0.005873429 0.006712341 0.9999602 -3.558865
0.9657974 -0.2591764 0.007940886 442.8589 0.259219 0.9658062 -0.004893283 51.10635 -0.006401133 0.006784348 0.9999565 -3.608095
0.965605 -0.2598918 0.007959208 445.8493 0.25994 0.9656075 -0.005766812 51.87211 -0.006186724 0.007637379 0.9999517 -3.604206
0.9654832 -0.2603625 0.007317297 448.8463 0.2604084 0.9654784 -0.006234807 52.64844 -0.005441382 0.007925087 0.9999538 -3.636476
0.9652441 -0.2612007 0.008834183 451.8525 0.2612649 0.9652407 -0.007116152 53.42079 -0.006668372 0.009176886 0.9999356 -3.640901
0.9652063 -0.2613396 0.008856226 454.8158 0.261407 0.9651989 -0.007563991 54.18391 -0.006571251 0.009615892 0.9999322 -3.666026
0.965131 -0.2616217 0.008726384 457.8291 0.2616911 0.9651179 -0.008063064 54.96696 -0.006312517 0.01006553 0.9999294 -3.676161
0.9651439 -0.261588 0.008298541 460.8468 0.2616524 0.9651294 -0.007946161 55.75002 -0.005930546 0.009840523 0.999934 -3.691018
0.9650846 -0.2618083 0.008261571 463.8478 0.2618679 0.9650769 -0.007207017 56.52681 -0.006086193 0.009118821 0.9999399 -3.698749
0.965094 -0.2617716 0.008312745 466.8882 0.2618392 0.9650744 -0.008470478 57.31841 -0.005805087 0.01035141 0.9999295 -3.716127
0.9651803 -0.2614397 0.008736901 469.9102 0.2615075 0.9651698 -0.007791893 58.09686 -0.006395483 0.009805347 0.9999315 -3.727845
0.9653273 -0.2609361 0.007449226 472.9408 0.2609917 0.9653093 -0.007836944 58.88452 -0.005145865 0.009509402 0.9999415 -3.742541
0.9655159 -0.2602396 0.007380635 475.9951 0.2602884 0.9655077 -0.006679309 59.67226 -0.005387841 0.008370074 0.9999505 -3.747402
0.9657733 -0.2592844 0.007313128 479.035 0.2593352 0.9657607 -0.007160596 60.45435 -0.005206102 0.008812063 0.9999476 -3.766793
0.9656445 -0.2597913 0.006251085 482.0904 0.2598351 0.9656224 -0.007679332 61.24275 -0.004041165 0.009039756 0.9999509 -3.788614
0.9657285 -0.2594853 0.00597894 485.1498 0.2595302 0.9656963 -0.008632288 62.02996 -0.003533889 0.009888162 0.9999449 -3.799763
0.9657757 -0.2593296 0.005038179 488.2231 0.2593617 0.9657518 -0.007398041 62.82425 -0.0029471 0.00845156 0.9999599 -3.811334
0.9658656 -0.2590017 0.004667736 491.3142 0.2590314 0.9658389 -0.007610615 63.61655 -0.002537118 0.008559922 0.9999601 -3.815099
0.9660799 -0.2581819 0.005632659 494.3743 0.2582142 0.9660689 -0.006034113 64.39909 -0.003883638 0.007283868 0.9999659 -3.853226
0.9661086 -0.2581199 0.002861508 497.4637 0.2581347 0.9660777 -0.007761133 65.19417 -0.0007611362 0.008236752 0.9999658 -3.849622
0.9660735 -0.258231 0.004327592 500.5602 0.2582587 0.966042 -0.008066474 65.97936 -0.002097622 0.008910445 0.9999581 -3.879025
0.966205 -0.2577385 0.004326495 503.676 0.2577658 0.9661754 -0.007868328 66.77734 -0.002152182 0.00871764 0.9999597 -3.885412
0.9662559 -0.2575516 0.004087744 506.7806 0.2575786 0.9662168 -0.008850172 67.56832 -0.001670271 0.009604447 0.9999525 -3.901456
0.9661346 -0.2580012 0.004391124 509.8756 0.2580325 0.9660891 -0.009535016 68.36105 -0.001782171 0.01034516 0.9999449 -3.907737
0.966211 -0.2577431 0.002188555 513.0151 0.2577505 0.9661375 -0.01196348 69.16058 0.0009690591 0.01212335 0.999926 -3.918142
0.9658524 -0.2590368 0.005397092 516.1554 0.2590862 0.9657686 -0.01286424 69.96593 -0.00188003 0.01382327 0.9999027 -3.918099
0.9655902 -0.2599716 0.007100378 519.2418 0.2600457 0.9655073 -0.01310752 70.75218 -0.003447884 0.01450292 0.9998889 -3.925416
0.9649132 -0.2623181 0.01147618 522.3501 0.2624617 0.9648468 -0.01358493 71.55917 -0.007509183 0.01612034 0.9998419 -3.944965
0.9642982 -0.2644553 0.01386522 525.4744 0.2646412 0.9642465 -0.01390734 72.36679 -0.009691617 0.01708013 0.9998072 -3.939627
0.9636946 -0.2666045 0.01465483 528.555 0.2668033 0.9636512 -0.01386276 73.18095 -0.01042627 0.01726943 0.9997965 -3.942122
0.9630633 -0.2688411 0.01528284 531.6711 0.2690533 0.9630222 -0.0140956 73.99577 -0.01092824 0.01768686 0.9997839 -3.960588
0.9624949 -0.2709191 0.01436668 534.7634 0.271116 0.9624423 -0.01417763 74.82754 -0.009986108 0.01754093 0.9997963 -3.947778
0.9618746 -0.2730682 0.01519815 537.8975 0.2732865 0.9618185 -0.0148281 75.66597 -0.01056878 0.01841622 0.9997746 -3.942984
0.9611301 -0.2757153 0.01448997 541.0142 0.2759143 0.9610773 -0.01421301 76.51798 -0.01000724 0.01765855 0.999794 -3.950343
0.9607311 -0.2771679 0.01317553 544.1214 0.2773405 0.960672 -0.01383224 77.36864 -0.008823515 0.01694317 0.9998176 -3.95154
0.9600388 -0.279602 0.0121792 547.217 0.2797534 0.95998 -0.01328922 78.23517 -0.007976096 0.01616533 0.9998375 -3.952034
0.9595816 -0.2812217 0.01083763 550.3353 0.2813602 0.959491 -0.01461963 79.09964 -0.006287251 0.01707801 0.9998344 -3.947767
0.9590511 -0.283042 0.01040653 553.4493 0.2831818 0.9589297 -0.01618044 79.978 -0.005399385 0.0184648 0.9998149 -3.944319
0.9585403 -0.2847258 0.01147521 556.5873 0.2848688 0.9584681 -0.01373571 80.8684 -0.007087708 0.01643516 0.9998398 -3.936549
0.9582987 -0.2856303 0.008876101 559.7106 0.2857399 0.9581786 -0.01568661 81.73965 -0.00402432 0.01756871 0.9998376 -3.943337
0.9577552 -0.2873903 0.01057602 562.8149 0.2875265 0.9576539 -0.01508297 82.63548 -0.005793472 0.01748667 0.9998303 -3.958058
0.9576147 -0.2879039 0.009241972 565.9338 0.2880288 0.9574528 -0.01798741 83.52521 -0.003670108 0.01988696 0.9997955 -3.925772
0.9574938 -0.2883846 0.006318304 569.0621 0.2884511 0.95735 -0.01664091 84.42812 -0.001249845 0.0177561 0.9998416 -3.95596
0.9572462 -0.2891986 0.006622991 572.1777 0.2892728 0.9570662 -0.0185899 85.30978 -0.0009624669 0.01971096 0.9998053 -3.923623
0.9570385 -0.2898964 0.006108512 575.2696 0.28996 0.9568716 -0.01787909 86.21072 -0.0006619773 0.01888221 0.9998215 -3.931555
0.957024 -0.2899348 0.006554198 578.3963 0.2900085 0.9568137 -0.0200649 87.11171 -0.0004536328 0.02110337 0.9997772 -3.923449
0.9571864 -0.2894244 0.005265305 581.4838 0.2894723 0.9570296 -0.01732463 88.00764 -2.488121e-05 0.01810706 0.999836 -3.91455
0.957267 -0.2891894 0.003075392 584.5812 0.2891965 0.9570978 -0.0181441 88.89996 0.002303629 0.01825814 0.9998307 -3.9158
0.957315 -0.2890094 0.004654921 587.6906 0.2890449 0.9571255 -0.01906999 89.79762 0.001056063 0.01960147 0.9998073 -3.923976
0.9576264 -0.2880026 0.002498548 590.7684 0.2879882 0.9573915 -0.02155128 90.67664 0.003814736 0.02135763 0.9997646 -3.901011
0.9581279 -0.2863302 0.002429062 593.8284 0.2863108 0.9578719 -0.02252889 91.55271 0.004123974 0.02228103 0.9997432 -3.89993
0.9582749 -0.2858218 0.00388807 596.9407 0.2858376 0.9580338 -0.02163331 92.44822 0.002458368 0.02184202 0.9997584 -3.896739
0.9586321 -0.2846327 0.002973197 599.9859 0.2846343 0.9584292 -0.01992111 93.31312 0.002820601 0.01994328 0.9997971 -3.887254
0.9588456 -0.2839233 0.001655219 603.0302 0.2838925 0.9586167 -0.02142262 94.17957 0.004495659 0.02101089 0.9997692 -3.881073
0.9592534 -0.2825342 -0.002718979 606.0853 0.2823884 0.9589925 -0.02429523 95.04613 0.009471714 0.02253748 0.9997011 -3.865248
0.9600233 -0.2799134 -0.001932359 609.1424 0.2797883 0.9597602 -0.02405238 95.89836 0.008587184 0.02255019 0.9997088 -3.860133
0.9604477 -0.2784295 -0.004150163 612.1968 0.2782659 0.9602271 -0.02306712 96.75849 0.01040767 0.02099992 0.9997253 -3.837501
0.9608701 -0.2769832 -0.002997468 615.1888 0.2768356 0.9606178 -0.02398945 97.58892 0.009524098 0.02222094 0.9997077 -3.815675
0.9612545 -0.2756503 -0.00257008 618.1983 0.2755128 0.9609987 -0.02396762 98.42102 0.009076525 0.02233089 0.9997094 -3.817814
0.9615753 -0.2745227 -0.003203701 621.223 0.2743636 0.961307 -0.02476355 99.25127 0.009877896 0.02293304 0.9996882 -3.786242
0.9618418 -0.2736063 -8.929055e-06 624.2332 0.2735188 0.961535 -0.02525448 100.0745 0.00691837 0.02428837 0.9996811 -3.76027
0.9621282 -0.2725973 4.270114e-06 627.215 0.2725123 0.961828 -0.02497606 100.8828 0.006804299 0.02403134 0.999688 -3.759403
0.9624764 -0.271361 0.001577571 630.1968 0.2713192 0.9621886 -0.02406322 101.6867 0.005011898 0.02358831 0.9997092 -3.735545
0.9625353 -0.2711556 -0.0006862336 633.1901 0.2710643 0.9622711 -0.02363192 102.5097 0.00706827 0.02256055 0.9997205 -3.72356
0.9626936 -0.2705938 2.287328e-05 636.1302 0.2704991 0.9623545 -0.02653481 103.3021 0.007158143 0.02555108 0.9996479 -3.691826
0.9630772 -0.269217 0.002130912 639.1268 0.2691842 0.9627615 -0.02510237 104.098 0.004706422 0.02474912 0.9996826 -3.691875
0.9632306 -0.2686733 -0.001189581 642.0583 0.2685671 0.9629571 -0.024189 104.8869 0.007644454 0.02298011 0.9997067 -3.649211
0.963545 -0.2675364 0.002329773 645.0205 0.2675209 0.9632955 -0.02223438 105.6831 0.003704247 0.02204709 0.9997501 -3.678452
0.9633359 -0.2682981 -0.0001017486 647.9349 0.2682246 0.9630808 -0.02304157 106.4557 0.006280002 0.02216948 0.9997345 -3.619799
0.9635477 -0.2675354 0.0007936046 650.8721 0.2674771 0.9632667 -0.02393749 107.2434 0.005639673 0.02327718 0.9997131 -3.642462
0.9636284 -0.2672164 0.003967612 653.8333 0.267229 0.9632944 -0.02554606 108.0232 0.003004349 0.02567717 0.9996658 -3.596506
0.9636604 -0.2671057 0.003637864 656.7522 0.2671125 0.9633486 -0.02470274 108.8065 0.00309371 0.02477677 0.9996882 -3.572715
0.9637635 -0.2667286 0.003974902 659.7062 0.2667398 0.9634148 -0.0261134 109.5775 0.00313571 0.02622741 0.9996511 -3.568312
0.9637307 -0.266867 0.002271126 662.5916 0.2668366 0.9634038 -0.02552229 110.351 0.004623045 0.02520264 0.9996717 -3.51989
0.9638658 -0.2663822 0.001790099 665.5437 0.2663342 0.9635137 -0.02659925 111.1291 0.005360781 0.02611487 0.9996446 -3.506903
0.9639027 -0.2662503 0.001510312 668.4415 0.2662005 0.9635768 -0.02563143 111.8927 0.005369077 0.02510825 0.9996703 -3.463249
0.964026 -0.2658074 0.000566114 671.3319 0.2657393 0.9637259 -0.02480035 112.6598 0.006046539 0.02405862 0.9996923 -3.468375
0.9641471 -0.2653486 0.003231254 674.2473 0.2653463 0.9638391 -0.0246129 113.4209 0.003416592 0.02458786 0.9996918 -3.428065
0.9641402 -0.265389 0.001534409 677.1929 0.2653395 0.9638114 -0.02574305 114.2016 0.005353042 0.02522705 0.9996674 -3.406571
0.9641742 -0.2652532 0.002963154 680.0948 0.26524 0.9638385 -0.02575531 114.9723 0.003975677 0.02561855 0.9996639 -3.385076
0.9641799 -0.2652479 0.0008054876 682.9966 0.2651807 0.9638577 -0.02564321 115.7393 0.006025431 0.02493826 0.9996709 -3.355777
0.9643669 -0.2645662 0.001054412 685.8795 0.264502 0.9640281 -0.02623152 116.4882 0.005923493 0.02557571 0.9996554 -3.335889
0.9642792 -0.2648839 0.001471073 688.8146 0.2648264 0.96392 -0.0269268 117.2765 0.005714481 0.02635453 0.9996364 -3.301225
0.9643184 -0.2647442 0.0006937122 691.6848 0.2646696 0.9639772 -0.02641622 118.0356 0.006324819 0.02565725 0.9996508 -3.280964
0.9643162 -0.2647497 0.001349571 694.6124 0.2647079 0.9640447 -0.02340011 118.8023 0.004894124 0.02292235 0.9997253 -3.242363
0.9639395 -0.2661013 0.003279281 697.515 0.266102 0.9636465 -0.02398281 119.5699 0.003221789 0.0239906 0.999707 -3.213769
0.9633537 -0.2681775 0.00552087 700.4219 0.26823 0.9630166 -0.02552906 120.3385 0.001529631 0.02607438 0.9996588 -3.212037
0.9628884 -0.2698432 0.005524159 703.3043 0.269893 0.9625176 -0.02679008 121.1012 0.001912019 0.02728679 0.9996258 -3.159344
0.96249 -0.2712849 0.004189102 706.2134 0.2713002 0.962142 -0.02605821 121.9065 0.003038688 0.02621727 0.9996517 -3.142238
0.9627762 -0.2702911 0.002187747 709.0673 0.2702511 0.9624169 -0.02679695 122.655 0.005137451 0.02639071 0.9996385 -3.113579
0.9629538 -0.2696643 0.001045774 711.9155 0.2695941 0.962599 -0.02687439 123.4395 0.006240402 0.02616074 0.9996383 -3.089309
0.9632428 -0.2686315 -0.0006733148 714.7908 0.2685108 0.9628795 -0.02765436 124.1993 0.008077153 0.02645707 0.9996173 -3.029861
0.9634842 -0.2677602 -0.001652175 717.6482 0.2676146 0.9631306 -0.02760008 124.9639 0.008981464 0.0261501 0.9996177 -3.024799
0.9637437 -0.26682 -0.002254122 720.4877 0.2666576 0.9633915 -0.02775942 125.7097 0.009578371 0.02615189 0.9996121 -2.967353
0.9639057 -0.2662427 -0.0008200528 723.2053 0.266117 0.9635366 -0.027909 126.4379 0.008220718 0.02668341 0.9996101 -2.943905
0.9639781 -0.2659813 -0.0004276701 725.7314 0.2658587 0.96358 -0.02885344 127.1119 0.008086569 0.02770038 0.9995835 -2.906236
0.9641272 -0.2654305 0.002300849 727.9966 0.2653897 0.9637371 -0.02790949 127.7134 0.005190617 0.02751892 0.9996078 -2.881778
0.9641085 -0.2655078 0.0005982211 730.2522 0.2654195 0.963725 -0.02804479 128.323 0.00686959 0.027197 0.9996065 -2.850501
0.9642285 -0.2650469 0.003678293 732.4722 0.2650432 0.9638232 -0.02823194 128.9115 0.003937564 0.02819695 0.9995946 -2.826119
0.9642174 -0.265112 0.000611776 734.5746 0.2650239 0.963832 -0.02811447 129.469 0.006863833 0.02727059 0.9996045 -2.795595
0.9642999 -0.2647994 0.002643275 736.7914 0.2647638 0.9638824 -0.02881665 130.0607 0.005082825 0.02848774 0.9995812 -2.77219
0.9642036 -0.2651631 -6.612903e-05 739.1075 0.265063 0.9638464 -0.02723505 130.6906 0.007285467 0.0262426 0.9996291 -2.731692
0.9645735 -0.2638142 -4.963041e-05 741.1861 0.2637072 0.9641875 -0.0283007 131.2208 0.007513979 0.02728501 0.9995995 -2.699036
