1.0 0.0 0.0 0.0 0.0 1.0 0.0 0.0 0.0 0.0 1.0 0.0
0.9999833 0.00572748 0.0007464418 1.178749 -0.005724665 0.9999766 -0.003720094 -0.1180571 -0.0007677312 0.003715759 0.9999928 0.02296091
0.9999737 0.00721255 -0.0007192704 1.864481 -0.007215221 0.9999669 -0.003782446 -0.2057969 0.0006919654 0.003787536 0.9999926 -0.000271056
0.9999499 0.009862014 -0.001732647 2.874002 -0.009872313 0.999933 -0.006039655 -0.3311481 0.001672968 0.006056458 0.9999803 0.01977785
0.9999417 0.01054071 -0.002348184 4.994661 -0.01055337 0.9999295 -0.005447153 -0.4133394 0.002290602 0.005471617 0.9999824 0.01645546
0.9999424 0.01029074 -0.003064505 7.808354 -0.01030437 0.9999369 -0.004467566 -0.4575059 0.003018337 0.004498886 0.9999853 -0.0206763
0.9999471 0.01023209 -0.001010657 10.60101 -0.0102345 0.9999447 -0.002406899 -0.5113001 0.0009859734 0.002417115 0.9999966 -0.06692822
0.9999475 0.01012054 -0.001559789 13.34263 -0.01012536 0.999944 -0.003115882 -0.5676267 0.001528167 0.003131512 0.9999939 -0.1044817
0.9999489 0.01009643 0.00054492 16.07304 -0.0100946 0.9999436 -0.003259237 -0.6124295 -0.0005777961 0.00325357 0.9999945 -0.1536694
0.9999537 0.009609954 0.0003785474 18.80988 -0.009609533 0.9999532 -0.001100969 -0.6481654 -0.0003891099 0.00109728 0.9999993 -0.1621499
0.999961 0.008826436 -0.0003149033 21.54898 -0.008826679 0.9999607 -0.0007777824 -0.7016928 0.0003080259 0.0007805317 0.9999996 -0.2374849
0.9999673 0.008077023 0.000190399 24.29916 -0.008076695 0.9999659 -0.001661699 -0.7445896 -0.0002038141 0.001660107 0.9999986 -0.2615856
0.9999722 0.007366377 0.001182207 27.018 -0.007364499 0.9999716 -0.001584369 -0.7926583 -0.001193844 0.001575619 0.999998 -0.2801444
0.999971 0.007393504 0.001812733 29.77832 -0.007393091 0.9999726 -0.000234423 -0.8316212 -0.001814416 0.0002210145 0.9999983 -0.3531355
0.9999701 0.007502252 0.001870271 32.47941 -0.007505796 0.9999701 0.001894968 -0.8661267 -0.001855999 -0.001908949 0.9999965 -0.3508162
0.999979 0.006472434 0.0004515349 35.23729 -0.006472849 0.9999787 0.0009239534 -0.9073951 -0.000445545 -0.0009268567 0.9999995 -0.3823421
0.9999732 0.006484389 0.003398721 37.97117 -0.006486881 0.9999785 0.0007227902 -0.9468946 -0.003393962 -0.000744818 0.999994 -0.5033744
0.9999763 0.006721822 0.001518201 40.71156 -0.006725286 0.9999747 0.002288688 -0.9971558 -0.001502778 -0.002298844 0.9999962 -0.4808772
0.9999806 0.006227462 0.0003051791 43.45118 -0.006227798 0.99998 0.001112762 -1.028067 -0.0002982433 -0.001114641 0.9999993 -0.5545181
0.999975 0.007036271 0.0007307946 46.16338 -0.007036046 0.9999752 -0.0003091254 -1.076663 -0.0007329516 0.0003039758 0.9999997 -0.5816741
0.9999839 0.005573176 0.00103411 48.90669 -0.005572911 0.9999843 -0.0002589274 -1.110919 -0.001035537 0.0002531602 0.9999994 -0.6105129
0.9999791 0.005720793 0.003011928 51.61048 -0.005722749 0.9999833 0.0006410809 -1.164374 -0.00300821 -0.000658304 0.9999952 -0.6441171
0.9999762 0.005122936 0.004617838 54.33522 -0.005135749 0.999983 0.002767057 -1.205008 -0.004603584 -0.002790707 0.9999855 -0.6935009
0.9999775 0.004844337 0.004632151 57.06112 -0.004849094 0.9999878 0.001016248 -1.250721 -0.004627171 -0.001038686 0.9999887 -0.7438987
0.999982 0.004267644 0.004212123 59.8059 -0.004276293 0.9999888 0.002046531 -1.290112 -0.004203342 -0.002064506 0.999989 -0.788417
0.9999864 0.003398567 0.003947607 62.53326 -0.003400907 0.9999939 0.0005862162 -1.328173 -0.003945592 -0.0005996336 0.999992 -0.838601
0.9999923 0.002796171 0.002780397 65.25176 -0.00279968 0.9999952 0.001258983 -1.360801 -0.002776864 -0.001266757 0.9999954 -0.875147
0.9999973 0.001881426 0.001346279 67.98582 -0.001883769 0.9999967 0.001741511 -1.387172 -0.001342998 -0.001744042 0.9999976 -0.9063047
0.9999954 0.001860704 0.002393046 70.71684 -0.00186315 0.9999979 0.0010203 -1.418374 -0.002391142 -0.001024754 0.9999966 -0.9598187
0.9999918 0.0009877625 0.003933962 73.42835 -0.001006397 0.9999882 0.004737725 -1.453881 -0.003929236 -0.004741644 0.999981 -0.9909944
0.9999914 0.0003660951 0.00413772 76.20124 -0.0003881363 0.9999857 0.005327347 -1.486453 -0.00413571 -0.005328907 0.9999772 -1.054756
0.9999952 0.0006098932 0.00302094 78.92113 -0.0006211623 0.9999928 0.003730822 -1.515304 -0.003018643 -0.003732681 0.9999885 -1.133758
0.9999959 0.0002005764 0.002870166 81.69352 -0.0002173317 0.999983 0.005838612 -1.546814 -0.002868946 -0.005839211 0.9999788 -1.160195
0.9999999 0.0001706595 0.0005150874 84.42128 -0.0001721106 0.9999961 0.002818485 -1.573647 -0.0005146044 -0.002818573 0.9999959 -1.224438
0.999998 0.0003017303 0.002002896 87.15822 -0.0003084629 0.9999944 0.003361929 -1.604127 -0.00200187 -0.00336254 0.9999924 -1.27227
0.9999998 0.0006049917 -0.0001436113 89.91152 -0.0006045541 0.9999952 0.003027823 -1.643191 0.0001454424 -0.003027736 0.9999954 -1.317544
0.9999959 0.002165459 -0.001860108 92.67656 -0.002158662 0.9999911 0.003648331 -1.679692 0.001867992 -0.003644301 0.9999916 -1.380277
0.9999897 0.002981303 -0.003416468 95.42869 -0.002967303 0.9999872 0.0040955 -1.706348 0.003428634 -0.004085321 0.9999858 -1.403105
0.999985 0.004484109 -0.00312963 98.17379 -0.004474171 0.9999849 0.003175332 -1.753377 0.003143822 -0.003161282 0.99999 -1.457246
0.9999806 0.006021559 -0.001628132 100.9462 -0.006012786 0.9999677 0.005340514 -1.798619 0.001660237 -0.005330621 0.9999844 -1.522836
0.999971 0.007383296 -0.001867626 103.7066 -0.007376448 0.9999663 0.003647198 -1.842272 0.001894491 -0.003633316 0.9999916 -1.577853
0.9999602 0.008320769 -0.003230792 106.4713 -0.008304738 0.9999533 0.00494439 -1.885783 0.003271782 -0.004917362 0.9999825 -1.628115
0.9999579 0.008813756 -0.002550699 109.2396 -0.008806443 0.9999571 0.002864148 -1.942438 0.002575834 -0.002841565 0.9999927 -1.668053
0.9999642 0.008313851 -0.001544073 112.0125 -0.008308439 0.9999595 0.003479315 -1.986943 0.001572937 -0.003466361 0.9999927 -1.723046
0.9999712 0.007509301 0.001142918 114.7937 -0.007513509 0.9999648 0.003722913 -2.037466 -0.001114922 -0.003731393 0.9999924 -1.758082
0.9999666 0.007694895 0.002777864 117.5634 -0.007706 0.9999623 0.004009432 -2.080316 -0.002746906 -0.004030704 0.9999881 -1.815888
0.9999626 0.007982219 0.003318645 120.3718 -0.008000318 0.999953 0.005476993 -2.134495 -0.00327477 -0.005503338 0.9999795 -1.858881
0.9999576 0.008466994 0.003630693 123.1711 -0.008474732 0.9999617 0.002121249 -2.186582 -0.003612593 -0.002151928 0.9999912 -1.934437
0.9999526 0.008310865 0.005065764 125.974 -0.008321294 0.9999632 0.002041103 -2.236489 -0.005048615 -0.00208316 0.9999851 -1.96925
0.9999604 0.008262812 0.003316242 128.7565 -0.008267888 0.9999647 0.001520044 -2.287827 -0.003303565 -0.001547402 0.9999933 -2.015707
0.9999574 0.008385023 0.003851612 131.5608 -0.0083989 0.9999583 0.00360103 -2.346382 -0.003821256 -0.003633226 0.9999861 -2.043
0.9999491 0.008880451 0.004786956 134.3664 -0.008890778 0.9999583 0.002140088 -2.408597 -0.004767751 -0.002182539 0.9999862 -2.09479
0.9999381 0.008632933 0.007019714 137.1751 -0.008645692 0.9999609 0.001789238 -2.459864 -0.007003994 -0.001849818 0.9999738 -2.16319
0.9999299 0.008523151 0.008218106 140.0013 -0.008553788 0.9999566 0.003700017 -2.511992 -0.008186214 -0.003770053 0.9999594 -2.167604
0.9999275 0.008696766 0.008336326 142.7768 -0.008707461 0.9999613 0.001247527 -2.570938 -0.008325154 -0.001320025 0.9999645 -2.283555
0.9999247 0.008160346 0.009168192 145.6094 -0.008176464 0.9999652 0.001721774 -2.616571 -0.009153822 -0.001796607 0.9999565 -2.278691
0.9999339 0.007652572 0.008581819 148.4128 -0.007662547 0.9999701 0.00113005 -2.67119 -0.008572914 -0.001195734 0.9999625 -2.328648
0.9999294 0.007136284 0.009495936 151.2233 -0.007158787 0.9999716 0.002337792 -2.727574 -0.009478984 -0.002405606 0.9999522 -2.378821
0.9999306 0.00715035 0.009364389 154.0305 -0.007174353 0.999971 0.002532126 -2.784028 -0.009346012 -0.002599134 0.999953 -2.407999
0.9999301 0.006727185 0.009717548 156.8269 -0.006746998 0.9999752 0.002007497 -2.837172 -0.009703802 -0.002072921 0.9999508 -2.480195
0.9999305 0.006048298 0.01012048 159.6499 -0.006072255 0.9999789 0.002338168 -2.88758 -0.01010613 -0.00239946 0.9999461 -2.502426
0.9999467 0.005871075 0.008499672 162.4524 -0.005877794 0.9999825 0.0007656919 -2.929341 -0.008495026 -0.0008156103 0.9999636 -2.574454
0.9999393 0.004981935 0.009826529 165.2547 -0.004994914 0.9999868 0.00129674 -2.982341 -0.009819937 -0.001345744 0.9999509 -2.587739
0.9999622 0.004556827 0.007400394 168.0973 -0.004567023 0.9999888 0.001361457 -3.028998 -0.007394106 -0.001395203 0.9999717 -2.665669
0.9999648 0.004260689 0.007227805 170.9368 -0.004275353 0.9999889 0.0020147 -3.066885 -0.00721914 -0.00204553 0.9999719 -2.673573
0.9999856 0.003230104 0.004290617 173.7731 -0.003233288 0.9999944 0.0007354632 -3.106437 -0.004288218 -0.0007493254 0.9999905 -2.737804
0.9999839 0.002557341 0.005068226 176.5957 -0.002574559 0.9999909 0.003393794 -3.144621 -0.005059501 -0.003406788 0.9999814 -2.764427
0.9999895 0.00324219 0.00323433 179.3904 -0.003251343 0.9999907 0.002828729 -3.189421 -0.003225129 -0.002839215 0.9999908 -2.823511
0.9999686 0.002764846 0.007418085 182.2312 -0.002767615 0.9999961 0.0003630076 -3.229024 -0.007417053 -0.0003835266 0.9999724 -2.860922
0.9999598 0.003905475 0.008077488 185.0618 -0.003892558 0.9999912 -0.001614233 -3.285217 -0.008083721 0.001582726 0.9999661 -2.912613
0.9999605 0.004030501 0.007927218 187.9014 -0.004028896 0.9999919 -0.0002183341 -3.322647 -0.007928034 0.0001863875 0.9999685 -2.937731
0.9999655 0.005338774 0.006354437 190.7392 -0.005352343 0.9999834 0.002120161 -3.362894 -0.006343012 -0.0021541 0.9999776 -2.994932
0.9999645 0.006791621 0.004995145 193.5606 -0.006802419 0.9999745 0.002147911 -3.423962 -0.00498043 -0.002181814 0.9999852 -3.016256
0.999963 0.006978475 0.005037357 196.4167 -0.006984209 0.999975 0.001121584 -3.461541 -0.005029405 -0.001156725 0.9999867 -3.05544
0.9999565 0.006467346 0.006719752 199.2933 -0.006467733 0.9999791 3.579857e-05 -3.519414 -0.006719379 -7.925856e-05 0.9999774 -3.093088
0.9999454 0.005164172 0.009082322 202.1549 -0.005173177 0.9999862 0.0009683967 -3.56514 -0.009077196 -0.001015328 0.9999583 -3.13683
0.9999418 0.005024201 0.009550077 205.0006 -0.005033692 0.9999869 0.000970023 -3.621191 -0.009545078 -0.001018039 0.9999539 -3.201494
0.9999344 0.003408531 0.01093374 207.8595 -0.003431094 0.999992 0.0020455 -3.662283 -0.01092668 -0.00208288 0.9999381 -3.234779
0.9999557 0.002888979 0.008963607 210.7166 -0.002881463 0.9999956 -0.0008512717 -3.701959 -0.008966027 0.0008254056 0.9999595 -3.282565
0.9999658 0.002114657 0.007991625 213.6119 -0.002098642 0.9999957 -0.002011835 -3.734339 -0.007995846 0.001994995 0.999966 -3.309789
0.9999779 0.002847026 0.005996521 216.4892 -0.00282902 0.9999915 -0.003009172 -3.775696 -0.006005037 0.002992142 0.9999775 -3.354373
0.9999766 0.003291874 0.006003485 219.3748 -0.003288137 0.9999944 -0.0006323272 -3.816243 -0.006005533 0.0006125721 0.9999818 -3.373956
0.9999743 0.004583583 0.005524795 222.2252 -0.004578646 0.999989 -0.0009058684 -3.85963 -0.005528887 0.000880549 0.9999843 -3.416507
0.9999762 0.00477676 0.004979378 225.1179 -0.004777978 0.9999886 0.0002326024 -3.912928 -0.00497821 -0.0002563882 0.9999876 -3.465841
0.9999783 0.005067135 0.004204085 227.995 -0.005063224 0.9999866 -0.0009402803 -3.963354 -0.004208794 0.0009189738 0.9999907 -3.489127
0.9999739 0.005654371 0.004498711 230.8676 -0.005651773 0.9999839 -0.0005900806 -3.999963 -0.004501975 0.0005646395 0.9999897 -3.536304
0.9999683 0.006403469 0.004722441 233.741 -0.006395546 0.9999781 -0.001690951 -4.067078 -0.004733165 0.001660695 0.9999874 -3.57039
0.9999663 0.006201821 0.005390817 236.6607 -0.006202358 0.9999807 8.288079e-05 -4.106199 -0.0053902 -0.0001163138 0.9999855 -3.606339
0.9999607 0.006038732 0.006497622 239.5658 -0.006044692 0.9999813 0.0008980578 -4.153755 -0.006492078 -0.0009372986 0.9999785 -3.659866
0.999965 0.006360005 0.005448356 242.452 -0.006367256 0.9999788 0.001314608 -4.196075 -0.00543988 -0.001349253 0.9999843 -3.695021
0.9999703 0.006154774 0.004651856 245.3886 -0.006145704 0.9999791 -0.001961643 -4.255658 -0.004663833 0.001932995 0.9999872 -3.733183
0.9999739 0.004820733 0.005378174 248.3191 -0.004791635 0.999974 -0.00541034 -4.285676 -0.005404115 0.005384429 0.9999709 -3.767076
0.9999759 0.004151547 0.005577013 251.2779 -0.004113933 0.9999689 -0.006739169 -4.318494 -0.005604817 0.006716063 0.9999617 -3.778866
0.9999811 0.003714286 0.004898551 254.1904 -0.003684569 0.9999748 -0.006061436 -4.345406 -0.004920942 0.006043272 0.9999696 -3.820707
0.9999727 0.004802224 0.005620347 257.1442 -0.004775203 0.999977 -0.004811405 -4.420854 -0.005643324 0.004784435 0.9999726 -3.813087
0.9999699 0.003941897 0.006681857 260.082 -0.003925459 0.9999893 -0.00247145 -4.451086 -0.006691527 0.002445146 0.9999746 -3.848638
0.9999695 0.003676403 0.006882779 263.008 -0.003660463 0.9999906 -0.002327075 -4.495187 -0.00689127 0.002301811 0.9999736 -3.907484
0.9999716 0.003720251 0.006554618 265.9783 -0.003707187 0.9999912 -0.002004135 -4.536049 -0.006562016 0.001979779 0.9999765 -3.930882
0.9999776 0.003332461 0.005807934 268.9236 -0.003305231 0.9999835 -0.004691745 -4.579842 -0.005823473 0.004672443 0.9999721 -3.965178
0.9999745 0.004657449 0.005414464 271.8282 -0.004638285 0.999983 -0.003546582 -4.628183 -0.005430889 0.003521377 0.9999791 -4.017169
0.9999847 0.004902733 0.002564144 274.7881 -0.004891045 0.9999778 -0.004544965 -4.661846 -0.002586369 0.004532354 0.9999864 -4.011514
0.9999772 0.00550704 0.003919056 277.7511 -0.005490829 0.9999765 -0.004135175 -4.718555 -0.003941736 0.004113561 0.9999838 -4.0644
0.9999744 0.005762837 0.004245004 280.6831 -0.005742494 0.9999721 -0.004788913 -4.76254 -0.004272483 0.004764414 0.9999795 -4.091212
0.9999651 0.006934415 0.004662246 283.6311 -0.006902145 0.9999523 -0.006902444 -4.814794 -0.004709889 0.006870024 0.9999653 -4.116812
0.9999621 0.006195256 0.006115719 286.5937 -0.006137254 0.9999363 -0.009457801 -4.864842 -0.006173924 0.009419909 0.9999366 -4.148228
0.9999586 0.005628825 0.007147528 289.5298 -0.005563031 0.9999423 -0.009191952 -4.913687 -0.007198855 0.00915181 0.9999322 -4.149989
0.9999459 0.005326144 0.008931916 292.4554 -0.005262907 0.9999611 -0.007088635 -4.97121 -0.008969324 0.007041243 0.999935 -4.230685
0.9999574 0.00557096 0.007357079 295.3511 -0.005515945 0.9999568 -0.007477031 -5.011473 -0.007398415 0.007436131 0.999945 -4.199738
0.9999533 0.004727356 0.008423453 298.3029 -0.004650771 0.9999479 -0.009088469 -5.042077 -0.008465979 0.009048869 0.9999232 -4.272716
0.9999291 0.004785177 0.01090157 301.2282 -0.004675367 0.9999384 -0.01007619 -5.092168 -0.01094912 0.01002451 0.9998898 -4.268003
0.9999437 0.004857713 0.009428431 304.1692 -0.004787561 0.9999607 -0.007448905 -5.132322 -0.009464246 0.007403347 0.9999278 -4.297874
0.9999431 0.005875647 0.008905641 307.0669 -0.005825284 0.9999669 -0.005670486 -5.180587 -0.008938664 0.005618285 0.9999443 -4.342507
0.9999501 0.006745509 0.007374254 309.9658 -0.006708528 0.9999648 -0.005028169 -5.233293 -0.007407912 0.004978447 0.9999602 -4.363233
0.9999515 0.007624048 0.006228589 312.8872 -0.00758286 0.9999495 -0.006609761 -5.284014 -0.006278668 0.00656221 0.9999588 -4.393617
0.999943 0.007239929 0.007843648 315.8105 -0.007187738 0.9999521 -0.006661822 -5.332747 -0.007891503 0.006605064 0.9999471 -4.434369
0.9999458 0.007077653 0.007643734 318.7133 -0.007040292 0.9999633 -0.004903683 -5.378363 -0.007678159 0.004849602 0.9999588 -4.455833
0.9999358 0.007653089 0.008352176 321.6258 -0.007613381 0.9999597 -0.004775639 -5.4262 -0.008388388 0.004711744 0.9999537 -4.505129
0.9999363 0.007485718 0.008444375 324.5645 -0.007436216 0.9999551 -0.005878378 -5.481685 -0.008488 0.005815209 0.9999471 -4.51321
0.9999307 0.006958461 0.009492793 327.4727 -0.006904852 0.9999602 -0.005668487 -5.522636 -0.009531858 0.005602549 0.9999389 -4.567953
0.9999407 0.006883864 0.008437307 330.381 -0.006852588 0.9999696 -0.003730228 -5.561492 -0.008462728 0.003672189 0.9999574 -4.587651
0.9999483 0.007213259 0.007174171 333.2901 -0.00717208 0.9999577 -0.005749133 -5.616222 -0.007215338 0.005697382 0.9999577 -4.632398
0.9999414 0.007125285 0.008149452 336.2118 -0.00707518 0.9999559 -0.006160648 -5.666667 -0.008192989 0.006102628 0.9999478 -4.650323
0.9999356 0.006766122 0.009108553 339.1461 -0.006717618 0.9999632 -0.005345256 -5.708853 -0.009144384 0.005283725 0.9999442 -4.656649
0.9999363 0.006620264 0.009133725 342.0617 -0.006559396 0.9999561 -0.006678128 -5.760739 -0.009177537 0.006617791 0.999936 -4.686537
0.9999198 0.006302239 0.010983 345.0016 -0.006225606 0.9999561 -0.006997722 -5.801901 -0.01102662 0.006928786 0.9999152 -4.718161
0.9999175 0.006436479 0.01111743 347.9264 -0.006360469 0.9999561 -0.006858879 -5.838951 -0.01116109 0.006787601 0.9999146 -4.726097
0.9999169 0.006604739 0.01107782 350.8459 -0.006551095 0.9999666 -0.004871678 -5.897019 -0.01110962 0.004798701 0.9999267 -4.763068
0.9999157 0.006223246 0.01139448 353.7742 -0.006148557 0.9999596 -0.006578166 -5.949371 -0.01143496 0.006507552 0.9999135 -4.766508
0.9999136 0.006227789 0.01158008 356.718 -0.006144034 0.9999548 -0.007254222 -6.003121 -0.01162474 0.007182447 0.9999067 -4.823749
0.9999194 0.006240585 0.01105736 359.6553 -0.006166307 0.9999584 -0.006738995 -6.038341 -0.01109895 0.006670269 0.9999161 -4.84051
0.9999263 0.006393534 0.01031934 362.5734 -0.006309986 0.9999472 -0.008108625 -6.093701 -0.01037064 0.008042913 0.9999139 -4.863571
0.9999089 0.006443984 0.01186137 365.4895 -0.006344087 0.9999443 -0.008440432 -6.153933 -0.0119151 0.008364414 0.999894 -4.884966
0.9999126 0.005653867 0.01195002 368.4196 -0.005557256 0.9999517 -0.008102356 -6.199621 -0.01199525 0.008035239 0.9998958 -4.917317
0.9999011 0.00546946 0.01295719 371.3456 -0.00535591 0.9999472 -0.00878197 -6.2549 -0.01300454 0.008711703 0.9998775 -4.933048
0.9999149 0.004514966 0.01223822 374.2614 -0.004430202 0.9999661 -0.006944447 -6.29998 -0.01226916 0.006889638 0.999901 -4.962624
0.9999018 0.004935831 0.0131129 377.1658 -0.004836559 0.9999593 -0.007591585 -6.353971 -0.01314984 0.007527418 0.9998852 -4.977443
0.9998981 0.005013428 0.01336355 380.0636 -0.004932191 0.9999691 -0.006105094 -6.408136 -0.01339374 0.006038561 0.9998921 -5.007179
0.9998791 0.004955639 0.01473728 382.9807 -0.004875917 0.9999734 -0.005440494 -6.448309 -0.01476385 0.005367978 0.9998766 -5.047513
0.9999169 0.004247521 0.01217678 385.8814 -0.004185771 0.9999782 -0.005092079 -6.488899 -0.01219815 0.005040687 0.9999129 -5.096867
0.9999123 0.003845058 0.0126751 388.7766 -0.003776502 0.9999782 -0.005428243 -6.532123 -0.01269569 0.005379899 0.9999049 -5.11671
0.9999463 0.003279546 0.009833413 391.6765 -0.003217545 0.9999747 -0.006314339 -6.573288 -0.009853874 0.00628236 0.9999317 -5.186087
0.9999396 0.002946379 0.01058896 394.5178 -0.002836849 0.9999425 -0.01034399 -6.613092 -0.01061883 0.01031332 0.9998904 -5.177348
0.9999363 0.002875419 0.01091038 397.4179 -0.002739365 0.9999186 -0.01246467 -6.657944 -0.01094533 0.01243399 0.9998628 -5.238874
0.999922 0.002879514 0.0121513 400.254 -0.00273369 0.9999243 -0.01200035 -6.692511 -0.01218493 0.0119662 0.9998541 -5.213585
0.9999197 0.002759231 0.01237147 403.1275 -0.002650124 0.9999574 -0.008826923 -6.736342 -0.0123953 0.008793427 0.9998845 -5.266164
0.9999037 0.002745531 0.01360213 405.9383 -0.002693102 0.9999889 -0.003871314 -6.774145 -0.0136126 0.003834309 0.9999 -5.276429
0.999933 0.002170957 0.0113714 408.7626 -0.002122835 0.9999887 -0.00424224 -6.813917 -0.01138048 0.004217816 0.9999263 -5.330495
0.9999089 0.00214592 0.01333006 411.5619 -0.00213621 0.9999975 -0.0007426382 -6.847477 -0.01333162 0.0007140947 0.9999109 -5.389766
0.9999319 0.002108558 0.01147658 414.3967 -0.002090684 0.9999965 -0.001569252 -6.888622 -0.01147985 0.001545152 0.9999329 -5.44271
0.9999093 0.001863684 0.01333843 417.2035 -0.001752522 0.9999636 -0.008340775 -6.924262 -0.01335349 0.008316643 0.9998763 -5.474211
0.9999261 0.001796891 0.01202153 419.9948 -0.001635732 0.9999088 -0.01340228 -6.94741 -0.01204451 0.01338162 0.9998379 -5.500424
0.9999639 0.001878996 0.008281513 422.7865 -0.00179697 0.9999492 -0.009901082 -6.992363 -0.008299698 0.009885844 0.9999167 -5.528535
0.9999864 0.002276782 0.004695284 425.537 -0.002264181 0.9999939 -0.002687256 -7.019045 -0.004701373 0.002676588 0.9999853 -5.532537
0.9999837 0.001057553 0.0056146 428.2804 -0.001049652 0.9999983 -0.001409904 -7.064215 -0.005616083 0.001403988 0.9999833 -5.613429
0.9999762 -0.0001172272 0.006900931 431.0352 0.0001342437 0.9999969 -0.002465403 -7.093994 -0.006900621 0.002466271 0.9999732 -5.611811
0.9999698 -0.000592723 0.007746768 433.7737 0.0006407996 0.9999807 -0.006205019 -7.119573 -0.00774294 0.006209795 0.9999508 -5.706654
0.999978 -0.0009465633 0.006562949 436.5095 0.0009974757 0.9999692 -0.007758633 -7.142406 -0.006555405 0.007765009 0.9999484 -5.706334
0.999975 -0.0009340136 0.007006164 439.2462 0.0009876527 0.9999702 -0.007656432 -7.169088 -0.006998803 0.007663161 0.9999461 -5.731298
0.999982 -0.001376778 0.005837894 441.9625 0.001411889 0.999981 -0.006014473 -7.209367 -0.005829501 0.006022607 0.9999649 -5.79388
0.9999857 -0.001292104 0.005187241 444.6424 0.001314509 0.9999899 -0.004318123 -7.237298 -0.005181609 0.004324879 0.9999772 -5.775624
0.9999798 -0.002418392 0.005877664 447.3698 0.002450913 0.9999818 -0.005532074 -7.246594 -0.005864178 0.005546368 0.9999674 -5.842388
0.9999394 -0.002111838 0.01080674 450.0468 0.002177028 0.9999794 -0.006024149 -7.285278 -0.01079379 0.00604731 0.9999235 -5.892294
0.9999779 -0.002624937 0.006100873 452.741 0.002653339 0.9999857 -0.004651898 -7.300044 -0.006088575 0.004667982 0.9999706 -5.878168
0.9999841 -0.002570924 0.005007958 455.379 0.002603343 0.9999756 -0.006477778 -7.313242 -0.004991182 0.006490713 0.9999665 -5.971375
0.9999807 -0.001879574 0.00591271 457.6554 0.001899825 0.9999924 -0.003421285 -7.313631 -0.005906234 0.003432452 0.9999767 -5.941512
0.9999736 -0.003110071 0.006563358 459.5209 0.003105581 0.9999949 0.0006942733 -7.236447 -0.006565484 -0.000673872 0.9999782 -6.00594
0.9999303 -0.00353292 0.01126399 461.5945 0.003512295 0.9999921 0.001850306 -7.224515 -0.01127044 -0.001810615 0.9999349 -6.046234
0.9999123 -0.005365825 0.01210515 463.7246 0.005381233 0.9999847 -0.001240604 -7.223919 -0.01209831 0.001305636 0.999926 -6.050229
0.9998984 -0.006839333 0.01250851 465.7745 0.006858233 0.9999754 -0.001468751 -7.237137 -0.01249816 0.001554388 0.9999207 -6.197719
0.9998891 -0.009003272 0.01186021 468.0504 0.008980257 0.9999577 0.001992292 -7.249581 -0.01187764 -0.001885563 0.9999277 -6.113882
0.9998948 -0.01049869 0.01000722 470.5215 0.01050902 0.9999444 -0.0009799949 -7.250183 -0.009996374 0.001085058 0.9999495 -6.18519
0.9998793 -0.01094906 0.01102181 473.0497 0.01098184 0.9999354 -0.002917819 -7.240279 -0.01098915 0.003038507 0.999935 -6.246438
0.9998425 -0.01204885 0.01303233 475.5504 0.0120215 0.9999254 0.00217509 -7.219802 -0.01305757 -0.002018079 0.9999127 -6.243906
0.9998435 -0.01309801 0.01189607 477.9246 0.01308005 0.9999133 0.001586326 -7.224001 -0.01191582 -0.001430477 0.999928 -6.373919
0.9997885 -0.01795362 0.01003372 480.1567 0.01800366 0.9998258 -0.004919142 -7.196287 -0.009943658 0.005098745 0.9999375 -6.314529
0.9997026 -0.02206373 0.01038768 482.5568 0.02215635 0.9997151 -0.008886825 -7.167586 -0.01018864 0.009114336 0.9999065 -6.365479
0.9997507 -0.02048683 0.008882899 485.1229 0.02052134 0.9997821 -0.003811317 -7.157194 -0.008802881 0.003992655 0.9999533 -6.424826
0.9997165 -0.02060763 0.01192759 487.6624 0.02055243 0.9997776 0.004732207 -7.145301 -0.01202245 -0.004485724 0.9999177 -6.432414
0.999652 -0.02243894 0.01387255 490.1227 0.02238951 0.9997425 0.003707857 -7.118456 -0.01395218 -0.003395967 0.9998969 -6.505294
0.9996175 -0.02198378 0.01678196 492.3332 0.02196864 0.9997581 0.001085812 -7.097441 -0.01680177 -0.0007167196 0.9998586 -6.55287
0.9996029 -0.02397732 0.01480342 494.266 0.02399104 0.999712 -0.0007504957 -7.068877 -0.01478116 0.001105347 0.9998901 -6.586968
0.9995962 -0.02465797 0.01412363 496.206 0.02465615 0.9996959 0.0003029074 -7.067398 -0.0141268 4.544921e-05 0.9999002 -6.60826
0.9996713 -0.02251998 0.01225259 497.4415 0.02251753 0.9997463 0.0003380544 -7.016082 -0.01225709 -6.204529e-05 0.9999249 -6.653633
0.9997215 -0.01963869 0.0130881 499.0995 0.01965346 0.9998063 -0.001001278 -6.981965 -0.0130659 0.001258226 0.9999139 -6.67712
0.9997859 -0.01591264 0.01322755 500.2909 0.01592008 0.999873 -0.0004574338 -6.958783 -0.0132186 0.0006679195 0.9999124 -6.668757
0.9998204 -0.01437466 0.01235451 501.7417 0.0143775 0.9998965 -0.0001410304 -6.925921 -0.0123512 0.000318632 0.9999236 -6.714784
0.9997818 -0.01548787 0.01401863 503.5076 0.01547897 0.99988 0.0007429697 -6.90112 -0.01402845 -0.0005258136 0.9999015 -6.755378
0.9997715 -0.01474394 0.01547463 505.3405 0.01474859 0.9998913 -0.0001861327 -6.892703 -0.0154702 0.0004143191 0.9998803 -6.749681
0.9997757 -0.01522398 0.0147226 507.1648 0.01524573 0.9998829 -0.001366634 -6.893534 -0.01470007 0.001590785 0.9998907 -6.80458
0.9997918 -0.01304846 0.0156887 509.2028 0.01306776 0.9999138 -0.00112861 -6.882901 -0.01567262 0.001333392 0.9998763 -6.844351
0.9997465 -0.01603287 0.01580657 511.263 0.01604519 0.9998711 -0.0006532682 -6.860596 -0.01579406 0.0009067221 0.9998748 -6.831642
0.9997259 -0.01777497 0.01523773 513.3636 0.01776207 0.9998418 0.0009812124 -6.851359 -0.01525276 -0.0007102897 0.9998834 -6.902422
0.9996929 -0.01850427 0.01648488 515.4312 0.0184535 0.9998245 0.003226612 -6.853322 -0.01654169 -0.002921417 0.9998589 -6.947091
0.9997454 -0.01812671 0.01343542 517.7318 0.01807468 0.9998287 0.003984212 -6.847225 -0.01350534 -0.003740357 0.9999018 -6.936711
0.9997268 -0.02034857 0.01149894 520.0648 0.02033257 0.9997921 0.001506835 -6.830848 -0.01152722 -0.00127262 0.9999328 -7.015601
0.9996828 -0.02230927 0.01168797 522.5452 0.02228898 0.9997498 0.001863223 -6.82992 -0.01172661 -0.001602119 0.99993 -7.085744
0.99966 -0.02383167 0.01058595 525.0935 0.02380813 0.9997137 0.002344874 -6.807588 -0.01063881 -0.002092045 0.9999412 -7.086082
0.9996457 -0.02390046 0.01171412 527.6547 0.02387516 0.9997122 0.002294991 -6.772059 -0.01176561 -0.002014502 0.9999288 -7.168436
0.9996274 -0.02482469 0.01135238 530.1661 0.02480092 0.9996899 0.002229208 -6.743731 -0.0114042 -0.001946828 0.9999331 -7.203424
0.9996114 -0.02491447 0.01250264 532.7504 0.02488744 0.9996876 0.002312894 -6.700033 -0.01255636 -0.002000836 0.9999192 -7.240414
0.9996168 -0.02492256 0.01204752 535.3089 0.0248739 0.9996819 0.004172213 -6.655695 -0.01214767 -0.003870945 0.9999187 -7.290608
0.9995854 -0.02502286 0.01424503 537.8862 0.02494256 0.9996722 0.005787028 -6.617913 -0.01438517 -0.005429321 0.9998818 -7.349056
0.9995942 -0.02481104 0.01399345 540.4254 0.02473687 0.9996792 0.005449057 -6.595477 -0.01412416 -0.005100692 0.9998872 -7.394762
0.9996317 -0.0240205 0.0126294 543.0174 0.02396562 0.9997028 0.004479417 -6.552836 -0.01273325 -0.004175096 0.9999102 -7.439267
0.9996337 -0.02387618 0.01274454 545.5766 0.02382137 0.9997064 0.004435846 -6.524662 -0.01284671 -0.004130628 0.9999089 -7.502842
0.9996341 -0.02344734 0.01348943 548.1748 0.02337075 0.99971 0.005807315 -6.499049 -0.01362169 -0.005489932 0.9998922 -7.560302
0.9996334 -0.02406167 0.01241065 550.7067 0.02396632 0.9996824 0.007775624 -6.470403 -0.01259381 -0.007475336 0.9998928 -7.59802
0.999631 -0.02391536 0.01288366 553.2973 0.02382005 0.9996881 0.007500769 -6.434837 -0.01305903 -0.007191111 0.9998889 -7.671994
0.999593 -0.02486374 0.01398629 555.8123 0.0247693 0.9996693 0.006885529 -6.412225 -0.01415287 -0.006536296 0.9998785 -7.736911
0.9995687 -0.02577423 0.01407657 558.3381 0.02566421 0.9996392 0.007941342 -6.368262 -0.01427617 -0.007576652 0.9998694 -7.779634
0.9995398 -0.02652474 0.01471718 560.8946 0.02641876 0.9996238 0.007348938 -6.334371 -0.01490658 -0.006956746 0.9998647 -7.851842
0.999532 -0.02717803 0.01404145 563.4734 0.02709496 0.9996144 0.006072906 -6.294523 -0.01420108 -0.005689612 0.999883 -7.918631
0.999491 -0.02850594 0.01432085 566.0139 0.02840861 0.9995723 0.00695471 -6.244771 -0.01451297 -0.006544334 0.9998733 -7.961421
0.9994901 -0.0295833 0.01201776 568.5474 0.02950593 0.9995428 0.006565326 -6.192368 -0.0122065 -0.006207383 0.9999062 -8.018856
0.9994853 -0.0301396 0.01098871 571.1044 0.03006767 0.9995258 0.006653059 -6.132552 -0.01118402 -0.006319229 0.9999175 -8.085435
0.9994714 -0.03130651 0.008770132 573.6747 0.03123683 0.9994802 0.007973365 -6.083517 -0.00901519 -0.007695199 0.9999297 -8.137752
0.999456 -0.0320836 0.007641977 576.2101 0.03202533 0.999458 0.007629434 -6.027378 -0.007882614 -0.007380547 0.9999417 -8.203762
0.9994386 -0.03264004 0.0075558 578.7823 0.03257754 0.9994352 0.008251314 -5.979454 -0.007820855 -0.008000533 0.9999374 -8.259561
0.9993947 -0.03332151 0.01000038 581.3109 0.03321357 0.9993902 0.0107718 -5.922268 -0.01035321 -0.01043313 0.999892 -8.298224
0.9993719 -0.03442344 0.008412928 583.8459 0.03431499 0.9993302 0.01271329 -5.859847 -0.008844928 -0.01241661 0.9998838 -8.38705
0.9993156 -0.03563077 0.009935017 586.3521 0.03550414 0.9992895 0.01264288 -5.809372 -0.01037843 -0.0122815 0.9998707 -8.498425
0.9992749 -0.03716173 0.008284358 588.8794 0.03705909 0.9992384 0.01221598 -5.727872 -0.008732015 -0.01190011 0.999891 -8.51529
0.9993081 -0.03607231 0.00905901 591.4494 0.03596517 0.9992844 0.01172329 -5.671099 -0.009475412 -0.01138937 0.9998903 -8.622972
0.9992461 -0.03713402 0.01133284 594.0001 0.03701033 0.9992551 0.01093526 -5.607561 -0.01173047 -0.01050759 0.999876 -8.666885
0.9991857 -0.03774617 0.014253 596.5522 0.03759513 0.9992355 0.01072016 -5.543669 -0.01464674 -0.01017559 0.999841 -8.758468
0.9991918 -0.03819632 0.0125222 599.0945 0.03806678 0.9992208 0.01042552 -5.470103 -0.01291066 -0.009940417 0.9998673 -8.808592
0.9992261 -0.03739419 0.01220149 601.6435 0.03730447 0.9992759 0.007499822 -5.402162 -0.0124731 -0.007038848 0.9998974 -8.912
0.9992404 -0.03747759 0.01068054 604.1914 0.03740385 0.9992756 0.007022811 -5.335976 -0.010936 -0.006617983 0.9999183 -8.943219
0.9992574 -0.03753625 0.008691711 606.7586 0.03744015 0.9992388 0.01096692 -5.258692 -0.009096751 -0.01063336 0.9999021 -8.989693
0.9992431 -0.03793452 0.008612877 609.3111 0.03781814 0.9991962 0.01329562 -5.191014 -0.009110317 -0.01295983 0.9998745 -9.058329
0.999233 -0.03771672 0.01052577 611.8676 0.03758924 0.9992206 0.01205694 -5.123063 -0.01097231 -0.01165204 0.9998719 -9.146089
0.9992216 -0.03763628 0.01181632 614.4356 0.03749928 0.9992292 0.01160911 -5.048316 -0.01224413 -0.01115697 0.9998628 -9.199107
0.9992197 -0.03782606 0.01137081 617.002 0.0376965 0.9992242 0.01140011 -4.975221 -0.01179321 -0.01096258 0.9998704 -9.269447
0.9992154 -0.03806251 0.01094825 619.546 0.03795067 0.999227 0.01024776 -4.900541 -0.01132984 -0.009824229 0.9998875 -9.36416
0.9992105 -0.03783396 0.01212347 622.0778 0.03768198 0.9992113 0.01252847 -4.829679 -0.01258791 -0.01206174 0.999848 -9.411027
0.9991962 -0.03838309 0.01156564 624.6371 0.03819315 0.9991386 0.01621929 -4.759452 -0.01217822 -0.01576452 0.9998016 -9.47769
0.9991796 -0.03831769 0.01311153 627.1946 0.03804292 0.9990637 0.02060045 -4.687504 -0.01388862 -0.02008475 0.9997018 -9.585198
0.9991971 -0.03837043 0.0115238 629.7827 0.03812795 0.9990612 0.02057155 -4.608478 -0.01230232 -0.02011565 0.9997219 -9.658524
0.9991688 -0.03873205 0.01270888 632.3271 0.03850323 0.9991003 0.01778102 -4.543856 -0.01338614 -0.01727691 0.9997611 -9.748533
0.9991465 -0.03959992 0.01175692 634.874 0.03940704 0.9990917 0.01620732 -4.468931 -0.01238805 -0.01573018 0.9997995 -9.84017
0.9991167 -0.03998992 0.01291353 637.447 0.03976312 0.9990582 0.01736653 -4.393036 -0.01359586 -0.01683771 0.9997658 -9.925176
0.999194 -0.03869632 0.01066987 640.0034 0.03848481 0.9990716 0.0193629 -4.334202 -0.01140924 -0.01893666 0.9997556 -9.983944
0.9991646 -0.03928794 0.01124936 642.5712 0.03906495 0.9990482 0.01939962 -4.245451 -0.01200082 -0.01894396 0.9997485 -10.07907
0.9991685 -0.03901546 0.01183921 645.1341 0.03877249 0.9990458 0.02010122 -4.187467 -0.01261218 -0.01962547 0.9997278 -10.17704
0.9991475 -0.03906909 0.01333318 647.6782 0.03877176 0.9990085 0.02187357 -4.111907 -0.01417455 -0.02133797 0.9996718 -10.2413
0.9991731 -0.03866248 0.012583 650.2578 0.03835607 0.998982 0.02374401 -4.034284 -0.01348819 -0.02324174 0.9996389 -10.36228
0.9992154 -0.03777708 0.01189141 652.8702 0.03750444 0.999046 0.02237122 -3.980554 -0.01272518 -0.02190768 0.999679 -10.45203
0.9992099 -0.03783423 0.01217332 655.465 0.03754944 0.9990338 0.02282966 -3.902006 -0.0130253 -0.02235452 0.9996653 -10.54688
0.9992151 -0.0374605 0.01288268 658.0373 0.03714563 0.9990246 0.02386885 -3.827566 -0.01376426 -0.02337158 0.9996321 -10.63014
0.9991806 -0.03787819 0.01426405 660.6384 0.03753527 0.9990168 0.02358609 -3.757544 -0.01514342 -0.02303135 0.99962 -10.75024
0.9991862 -0.03726662 0.01543513 663.2394 0.03688401 0.9990222 0.02437259 -3.69219 -0.01632833 -0.02378344 0.9995838 -10.83788
0.9991968 -0.03698337 0.01542891 665.8411 0.03656146 0.9989724 0.02678498 -3.614616 -0.01640366 -0.02619937 0.9995221 -10.94623
0.9992383 -0.03702832 0.01232085 668.4032 0.03668334 0.9989583 0.0271379 -3.538343 -0.01331289 -0.02666526 0.9995558 -11.02678
0.9992166 -0.03731274 0.01318595 671.0266 0.03691999 0.998901 0.0288691 -3.481659 -0.01424865 -0.02835966 0.9994962 -11.15104
0.9992025 -0.0373266 0.01417679 673.5981 0.03691123 0.9989117 0.02851046 -3.407613 -0.01522557 -0.02796444 0.9994929 -11.25297
0.9991969 -0.03710544 0.0151237 676.2334 0.03667426 0.9989389 0.02785458 -3.348851 -0.01614121 -0.02727756 0.9994976 -11.38481
0.9992179 -0.0370215 0.01389171 678.8525 0.03662366 0.9989401 0.02787623 -3.283156 -0.01490901 -0.02734567 0.9995149 -11.46661
0.9992095 -0.03763912 0.01279011 681.4494 0.03724682 0.9988664 0.02963874 -3.205998 -0.01389119 -0.02913892 0.9994788 -11.5948
0.9991622 -0.03844893 0.01402247 684.0947 0.03795341 0.9986995 0.03403928 -3.139904 -0.01531301 -0.03347856 0.9993221 -11.72119
0.9991991 -0.03806445 0.0123376 686.7167 0.03765513 0.9987826 0.03186476 -3.060686 -0.01353549 -0.03137467 0.9994161 -11.80558
0.9991763 -0.03862365 0.01244587 689.3375 0.03822647 0.9987971 0.03070929 -2.985279 -0.013617 -0.03020824 0.9994509 -11.97385
0.9991947 -0.03790114 0.01317247 691.9489 0.03747725 0.9988146 0.0310611 -2.922282 -0.0143341 -0.03054242 0.9994307 -12.09116
0.9992003 -0.03816891 0.01190965 694.6073 0.03778331 0.9988025 0.03107637 -2.840107 -0.01308154 -0.03060153 0.999446 -12.18914
0.999151 -0.03828352 0.01522121 697.211 0.03781806 0.9988409 0.0297737 -2.777114 -0.01634341 -0.02917279 0.9994408 -12.32616
0.9991316 -0.03843098 0.01609735 699.8593 0.0379049 0.9987752 0.03180175 -2.712855 -0.01729981 -0.03116396 0.9993646 -12.4058
0.9991432 -0.03827778 0.01573845 702.5341 0.0377506 0.9987576 0.03252985 -2.637291 -0.01696406 -0.03190785 0.9993469 -12.54955
0.9991165 -0.03785646 0.01825029 705.1834 0.03723754 0.9987569 0.03313697 -2.575688 -0.01948205 -0.0324281 0.9992841 -12.67809
0.999081 -0.03897734 0.01783093 707.816 0.03830899 0.9986026 0.03640285 -2.48903 -0.0192249 -0.03568631 0.9991781 -12.76778
0.9990507 -0.03985276 0.01758834 710.4041 0.03916936 0.9985241 0.03762522 -2.41896 -0.01906185 -0.03690057 0.9991371 -12.96139
0.998991 -0.040693 0.01900491 713.0521 0.03997355 0.9985224 0.03681485 -2.339426 -0.02047493 -0.03601801 0.9991414 -13.06733
0.9990304 -0.04112848 0.01570676 715.6647 0.04054319 0.9985319 0.03592174 -2.257549 -0.01716111 -0.03525011 0.9992312 -13.17846
0.9990697 -0.04099716 0.01338017 718.2823 0.04050777 0.998566 0.03499849 -2.175675 -0.01479582 -0.03442393 0.9992978 -13.37179
0.9990582 -0.0402659 0.01616345 720.9033 0.03964812 0.9985331 0.03687692 -2.10405 -0.01762462 -0.03620134 0.9991891 -13.44153
0.9991037 -0.04056755 0.0120897 723.5371 0.04010063 0.9985236 0.0366396 -2.02347 -0.01355823 -0.03612196 0.9992554 -13.53763
0.999109 -0.03933331 0.01529846 726.1808 0.03875297 0.9985805 0.03654195 -1.943404 -0.01671406 -0.03591654 0.999215 -13.76989
0.9990602 -0.03934522 0.01818567 728.8563 0.03862057 0.9985077 0.03861478 -1.879906 -0.01967783 -0.03787616 0.9990886 -13.8168
0.9991574 -0.03924284 0.01202049 731.4833 0.03874835 0.9984906 0.03892536 -1.782442 -0.01352989 -0.03842679 0.9991698 -13.99467
0.9991794 -0.03747065 0.01537996 734.0814 0.03683545 0.9985329 0.03969151 -1.724757 -0.01684466 -0.03909241 0.9990936 -14.14413
0.9991677 -0.03765289 0.01569266 736.631 0.03697853 0.9984643 0.04125012 -1.637286 -0.01722175 -0.04063549 0.9990256 -14.24398
0.9992215 -0.03695408 0.01381108 739.2339 0.03634461 0.9984545 0.04204277 -1.564127 -0.01534339 -0.04150807 0.9990203 -14.44834
0.9992244 -0.03598906 0.01598005 741.8295 0.0352716 0.9984474 0.04311246 -1.496323 -0.01750682 -0.04251537 0.9989424 -14.54826
0.9992856 -0.03527782 0.01355814 744.2394 0.03468484 0.9985267 0.04173039 -1.420972 -0.01501032 -0.04123031 0.9990369 -14.67127
0.9992269 -0.03575284 0.01635336 746.2357 0.03508671 0.9986093 0.03935169 -1.383887 -0.01773755 -0.03874748 0.9990916 -14.81133
0.9991763 -0.03570469 0.01928638 748.2606 0.03489775 0.9985631 0.04067038 -1.334122 -0.02071079 -0.03996383 0.9989865 -14.89478
0.9992275 -0.03510404 0.01767001 750.1464 0.03433084 0.9985147 0.04230801 -1.281853 -0.01912895 -0.0416687 0.9989483 -15.01388
0.9992155 -0.03481681 0.01887169 752.1337 0.03394024 0.9984133 0.04493242 -1.24705 -0.02040615 -0.04425666 0.9988118 -15.10565
0.9991912 -0.03558128 0.01873073 753.9861 0.03468861 0.9983389 0.04600045 -1.192506 -0.02033637 -0.04531351 0.9987658 -15.23633
0.9991591 -0.03691998 0.01783361 755.7164 0.03607344 0.9983056 0.04566201 -1.154797 -0.01948923 -0.04498029 0.9987978 -15.34743
0.9990788 -0.03842168 0.01911499 757.4802 0.03752461 0.9982703 0.04526131 -1.108453 -0.02082094 -0.04450233 0.9987923 -15.44174
0.9990633 -0.03863656 0.01948857 759.1564 0.03773652 0.9982915 0.04460948 -1.051727 -0.02117883 -0.04383226 0.9988144 -15.55634
0.9989479 -0.04024282 0.02199341 760.7772 0.03916928 0.9981154 0.04723726 -1.002617 -0.02385293 -0.04632609 0.9986416 -15.62938
0.9989972 -0.04047215 0.01914877 762.4462 0.03944097 0.9978955 0.05146851 -0.9426289 -0.02119151 -0.05066165 0.998491 -15.74543
0.9990087 -0.04079174 0.0178242 763.96 0.03986511 0.9979749 0.04956938 -0.8969222 -0.01981012 -0.04880968 0.9986116 -15.86839
0.9989673 -0.04157696 0.01831918 765.5367 0.04068501 0.9980834 0.04663255 -0.8439978 -0.0202229 -0.04583907 0.9987441 -15.93581
0.9989424 -0.04272474 0.01699371 767.0485 0.04186461 0.9979646 0.04810277 -0.7769762 -0.0190143 -0.04734046 0.9986978 -16.03896
0.9989505 -0.04221336 0.01777098 768.6429 0.04129583 0.9979365 0.04916787 -0.7398156 -0.01980985 -0.04838241 0.9986324 -16.15787
0.9988013 -0.04329245 0.02284206 770.228 0.04210368 0.9978523 0.05018194 -0.6857979 -0.0249655 -0.04916005 0.9984788 -16.20184
0.9988418 -0.04273549 0.0221089 771.8336 0.04146465 0.9976219 0.05505671 -0.6166265 -0.0244092 -0.05407621 0.9982384 -16.36655
0.9988219 -0.04303966 0.02241334 773.356 0.04178783 0.9976873 0.0536075 -0.5746797 -0.02466875 -0.05260774 0.9983105 -16.4605
0.9987866 -0.04279054 0.02437923 774.8304 0.04150732 0.9978402 0.05091068 -0.5106215 -0.02650508 -0.04983698 0.9984056 -16.51533
0.9987105 -0.04191701 0.02864027 776.3762 0.04035695 0.9977769 0.05303415 -0.4589286 -0.03079963 -0.05180993 0.9981819 -16.67544
0.9987959 -0.04058667 0.02755896 777.95 0.03907853 0.997818 0.05321781 -0.4150246 -0.02965876 -0.05207676 0.9982026 -16.75251
0.9988737 -0.03853767 0.02767999 779.4501 0.03702583 0.9978974 0.05319773 -0.3698477 -0.02967191 -0.05211294 0.9982003 -16.88288
0.998946 -0.036989 0.02718191 781.0041 0.03554389 0.998022 0.05185135 -0.336724 -0.02904608 -0.05083055 0.9982848 -16.96079
0.9989512 -0.03592237 0.02839098 782.5134 0.03427144 0.9978063 0.05664008 -0.2819645 -0.03036335 -0.05560767 0.9979909 -17.05039
0.9990134 -0.03501701 0.02731504 784.0415 0.03333603 0.9976572 0.05974106 -0.2464231 -0.029343 -0.05877155 0.9978401 -17.17981
