1.0 0.0 0.0 0.0 0.0 1.0 0.0 0.0 0.0 0.0 1.0 0.0
0.9999912 0.003945753 0.001434793 0.9082358 -0.00394578 0.9999923 1.518997e-05 -0.007566479 -0.001434722 -2.085121e-05 0.999999 -0.01214898
0.9999829 0.004996847 0.0030471 1.598868 -0.004999245 0.9999872 0.0007798964 -0.01746625 -0.003043164 -0.0007951162 0.9999951 -0.02743108
0.9999632 0.007396764 0.00435809 2.265303 -0.00739393 0.9999726 -0.0006660046 -0.0317016 -0.004362896 0.0006337566 0.9999903 -0.0406574
0.9999454 0.009463545 0.004427821 2.899838 -0.009463787 0.9999552 3.38991e-05 -0.05122346 -0.004427302 -7.580121e-05 0.9999902 -0.05840192
0.9999306 0.01122591 0.003569748 3.532064 -0.01122941 0.9999365 0.0009619014 -0.06461813 -0.003558723 -0.001001921 0.9999931 -0.06927891
0.9999195 0.01180882 0.004651253 4.150246 -0.01182094 0.9999268 0.002587548 -0.0760817 -0.004620356 -0.002642322 0.9999858 -0.0824112
0.9999084 0.0124992 0.00519214 4.769481 -0.01251351 0.999918 0.002733102 -0.09161679 -0.005157552 -0.002797823 0.9999828 -0.07970071
0.9998975 0.01329218 0.005323755 5.359844 -0.01330562 0.9999084 0.002497063 -0.1109334 -0.005290075 -0.002567643 0.9999827 -0.1107336
0.9998916 0.0137853 0.005175109 5.954453 -0.01379434 0.9999034 0.001716393 -0.1209538 -0.005150947 -0.001787594 0.9999852 -0.1227417
0.9998795 0.01479371 0.004705459 6.528867 -0.01479969 0.9998897 0.001239342 -0.1401915 -0.004686605 -0.001308832 0.9999881 -0.1245672
0.999868 0.01527676 0.005528824 7.084531 -0.0152832 0.9998827 0.001123839 -0.1523051 -0.005511006 -0.001208188 0.9999841 -0.1373814
0.9998451 0.01683646 0.005116705 7.633627 -0.0168435 0.9998573 0.001337318 -0.171917 -0.00509346 -0.001423294 0.999986 -0.1508109
0.9998108 0.0180954 0.00713479 8.158557 -0.01810837 0.9998344 0.001757522 -0.1934847 -0.007101806 -0.001886389 0.999973 -0.1703089
0.9997986 0.01913242 0.00605923 8.693336 -0.01914374 0.9998151 0.001816518 -0.2117433 -0.006023355 -0.001932148 0.99998 -0.1748022
0.9997773 0.02016354 0.006222778 9.207459 -0.02017778 0.9997939 0.002233636 -0.2254299 -0.006176458 -0.002358701 0.9999781 -0.1929977
0.9997627 0.02084356 0.006334078 9.700691 -0.02085683 0.9997803 0.002035811 -0.2431993 -0.006290254 -0.002167436 0.9999779 -0.1951038
0.9997517 0.02163783 0.005318864 10.19002 -0.02164678 0.9997644 0.001630275 -0.2565148 -0.005282335 -0.001745007 0.9999845 -0.2176875
0.9997268 0.0227257 0.005475501 10.65685 -0.02273582 0.99974 0.001792315 -0.2725368 -0.005433345 -0.001916315 0.9999834 -0.2287933
0.9997124 0.02352557 0.004648844 11.1123 -0.02352999 0.9997227 0.000899212 -0.2878736 -0.004626401 -0.001008341 0.9999888 -0.2262092
0.9996905 0.02437576 0.00496501 11.5501 -0.02437895 0.9997026 0.0005836143 -0.3042962 -0.004949308 -0.0007044754 0.9999875 -0.2409556
0.9996696 0.02521428 0.004993967 11.96981 -0.02522154 0.999681 0.001394818 -0.322312 -0.004957204 -0.001520313 0.9999865 -0.2486844
0.9996641 0.02543087 0.005004027 12.39327 -0.02544412 0.9996729 0.002601588 -0.3374764 -0.00493623 -0.002728037 0.9999841 -0.2609879
0.9996436 0.02642426 0.003813135 12.81393 -0.0264365 0.9996455 0.003194988 -0.3526286 -0.003727357 -0.003294655 0.9999876 -0.2688695
0.9996319 0.0268934 0.003568676 13.22458 -0.02690546 0.9996324 0.003373744 -0.3674224 -0.003476633 -0.00346852 0.999988 -0.276906
0.9996164 0.02743406 0.003791322 13.65392 -0.02744946 0.9996148 0.004071515 -0.3828751 -0.003678164 -0.004174022 0.9999845 -0.2792446
0.999579 0.02861024 0.004816643 14.06346 -0.02862965 0.9995819 0.004010136 -0.4038401 -0.004699899 -0.004146346 0.9999803 -0.2932981
0.9995666 0.02900673 0.005024141 14.47345 -0.02902816 0.9995695 0.004246498 -0.4194625 -0.004898802 -0.004390499 0.9999784 -0.2956724
0.9995451 0.0296942 0.0052763 14.8889 -0.02971589 0.9995501 0.004079849 -0.4406828 -0.005152778 -0.004234783 0.9999778 -0.3088961
0.9995142 0.030621 0.005800826 15.30861 -0.03065152 0.9995164 0.005248008 -0.4612301 -0.005637321 -0.005423263 0.9999694 -0.3203529
0.9995011 0.03126797 0.004448892 15.72819 -0.03129164 0.999496 0.005353273 -0.4718882 -0.004279263 -0.005489815 0.9999758 -0.3312267
0.9994842 0.03168112 0.005249735 16.14132 -0.03171035 0.9994814 0.005581204 -0.4909387 -0.005070194 -0.005744796 0.9999707 -0.3277001
0.9994743 0.03211994 0.004403736 16.55502 -0.03214456 0.9994674 0.005637589 -0.5130512 -0.004220312 -0.005776182 0.9999744 -0.3452767
0.999453 0.0326977 0.004949499 16.96334 -0.03272318 0.999451 0.005159063 -0.5264037 -0.004778093 -0.005318205 0.9999744 -0.3543525
0.9994254 0.03372626 0.003368587 17.37879 -0.03374292 0.9994179 0.005020887 -0.5514101 -0.00319729 -0.005131668 0.9999817 -0.3622061
0.9994117 0.03406671 0.003958 17.78845 -0.03408487 0.9994081 0.004614658 -0.5671321 -0.003798452 -0.004746851 0.9999815 -0.3656628
0.9993938 0.03458088 0.004037201 18.21438 -0.03459711 0.9993932 0.004023488 -0.5853429 -0.003895616 -0.004160724 0.9999837 -0.3741147
0.9993599 0.0355982 0.003541507 18.63237 -0.03560905 0.9993612 0.003048613 -0.6070383 -0.003430719 -0.003172771 0.9999891 -0.3878609
0.9993428 0.03613931 0.002811704 19.05755 -0.03614701 0.9993427 0.002736893 -0.6229346 -0.002710946 -0.002836729 0.9999923 -0.3969454
0.9993322 0.03653216 0.0006396252 19.49926 -0.03653349 0.99933 0.002216554 -0.6367961 -0.0005582212 -0.002238441 0.9999973 -0.415383
0.9993207 0.036844 -0.000718857 19.93142 -0.03684174 0.9993168 0.002936072 -0.6635597 0.0008265426 -0.002907594 0.9999954 -0.4160898
0.9993296 0.03661026 -0.0002426949 20.37851 -0.03660917 0.9993234 0.003549164 -0.6764967 0.0003724665 -0.0035379 0.9999937 -0.4143322
0.999342 0.03626701 -0.0005625727 20.83014 -0.03626258 0.999321 0.006523743 -0.7001791 0.0007987873 -0.00649905 0.9999785 -0.4288175
0.9993527 0.03597071 -0.0005999949 21.28267 -0.03596401 0.9993138 0.0088454 -0.7186191 0.0009177586 -0.008818096 0.9999607 -0.4423603
0.9993364 0.03634883 -0.002332254 21.7606 -0.03632013 0.9992757 0.01135093 -0.7413986 0.002743158 -0.01125869 0.9999329 -0.4565727
0.9993544 0.03564924 -0.004455841 22.23929 -0.03559514 0.9992981 0.01168169 -0.7525186 0.004869157 -0.01151554 0.9999219 -0.4676611
0.9993637 0.03537061 -0.004602462 22.73268 -0.03531036 0.9992975 0.01257324 -0.7749217 0.00504395 -0.01240273 0.9999104 -0.4633319
0.9993708 0.03516145 -0.004668531 23.2366 -0.03511365 0.9993336 0.009954162 -0.802744 0.005015424 -0.009783968 0.9999396 -0.4751445
0.9993674 0.03546744 -0.002616012 23.75167 -0.03544401 0.9993353 0.008518357 -0.8284169 0.002916398 -0.008420246 0.9999603 -0.4909367
0.9993684 0.03524998 -0.004491496 24.2779 -0.03521414 0.9993491 0.007824834 -0.8437431 0.004764398 -0.007661728 0.9999593 -0.5046306
0.9993643 0.0352327 -0.005453861 24.81027 -0.03517979 0.9993356 0.009510349 -0.8691865 0.005785313 -0.009312437 0.9999399 -0.5291513
0.9993435 0.03497192 -0.009459653 25.35109 -0.03486645 0.9993305 0.01109278 -0.884797 0.009841255 -0.01075567 0.9998937 -0.529912
0.9993629 0.03440452 -0.009496342 25.91128 -0.03429475 0.9993457 0.01148981 -0.9065046 0.00988543 -0.01115681 0.9998889 -0.5342223
0.9993675 0.03442844 -0.008905824 26.48954 -0.03434448 0.9993657 0.009415639 -0.9339279 0.00922434 -0.009103817 0.999916 -0.5378597
0.9993693 0.03486777 -0.006727138 27.07676 -0.03482477 0.9993727 0.006406735 -0.9649475 0.006946308 -0.006168424 0.9999568 -0.5513175
0.9993481 0.03509172 -0.008483337 27.66236 -0.03504261 0.9993685 0.005869618 -0.9892554 0.008683955 -0.005568513 0.9999468 -0.5793198
0.9993192 0.03524788 -0.01089657 28.25828 -0.03518127 0.9993614 0.006245744 -1.004948 0.01110976 -0.005858137 0.9999211 -0.5882842
0.9993009 0.03561508 -0.01137092 28.87214 -0.03550543 0.9993224 0.009703858 -1.033235 0.01170882 -0.009293344 0.9998882 -0.5991262
0.9992856 0.03578465 -0.01215464 29.48977 -0.03564347 0.9992969 0.01163992 -1.065956 0.01256262 -0.01119837 0.9998584 -0.6087767
0.9992958 0.03564054 -0.01173101 30.12805 -0.03549977 0.9992977 0.01199636 -1.089523 0.01215033 -0.01157147 0.9998592 -0.6210331
0.9992915 0.0357136 -0.01187615 30.77103 -0.03557795 0.9993016 0.01144358 -1.116132 0.01227654 -0.01101294 0.999864 -0.6292144
0.9992782 0.03608215 -0.01188093 31.42184 -0.035948 0.9992896 0.01131728 -1.152629 0.01228084 -0.01088202 0.9998654 -0.6535866
0.9992774 0.03621253 -0.01154972 32.08568 -0.03608203 0.9992847 0.01131393 -1.180511 0.01195117 -0.01088901 0.9998693 -0.6626577
0.9992675 0.03615985 -0.01253028 32.75943 -0.03597753 0.9992477 0.01448195 -1.200991 0.01304452 -0.01402054 0.9998166 -0.6946062
0.9992197 0.03626249 -0.01565446 33.45076 -0.03598702 0.9991986 0.01753389 -1.230544 0.01627774 -0.01695685 0.9997237 -0.6953977
0.9992129 0.03620451 -0.01621326 34.14773 -0.03593141 0.9992126 0.01683026 -1.258768 0.01680982 -0.01623445 0.9997269 -0.7235959
0.9992257 0.03682517 -0.01384839 34.86409 -0.03665171 0.999249 0.01257716 -1.298868 0.01430114 -0.01205986 0.999825 -0.7337155
0.9992096 0.03726841 -0.01382999 35.59053 -0.03714957 0.9992714 0.008752548 -1.338945 0.01414611 -0.008231851 0.9998661 -0.7511181
0.9991862 0.03749913 -0.01485681 36.31441 -0.0374022 0.9992776 0.006749686 -1.362256 0.01509918 -0.006188516 0.9998668 -0.7716169
0.9992077 0.03769572 -0.01276756 37.05474 -0.03757503 0.999248 0.00956494 -1.398516 0.01311851 -0.00907762 0.9998727 -0.7775392
0.9992353 0.037398 -0.01140886 37.7989 -0.03724833 0.9992206 0.01306074 -1.432698 0.01188842 -0.01262579 0.9998496 -0.7998008
0.9992445 0.03727263 -0.01101029 38.5643 -0.03711894 0.9992148 0.01384796 -1.469626 0.01151779 -0.01342881 0.9998435 -0.8153742
0.9992774 0.03647603 -0.01068986 39.34613 -0.03634816 0.9992681 0.01192202 -1.506106 0.0111169 -0.01152485 0.9998718 -0.8293353
0.9993334 0.03493407 -0.0106025 40.12498 -0.03483127 0.999346 0.00973036 -1.538196 0.01093548 -0.009354576 0.9998965 -0.8556181
0.9993749 0.0341376 -0.00918639 40.92337 -0.03406098 0.9993845 0.008372121 -1.5741 0.009466541 -0.008053991 0.9999228 -0.8733068
0.9994164 0.0335684 -0.00633284 41.73267 -0.03350727 0.9993931 0.009522805 -1.613875 0.006648662 -0.009305051 0.9999346 -0.8623301
0.9994691 0.03222083 -0.004824458 42.5404 -0.03216042 0.9994092 0.01211501 -1.654892 0.005211963 -0.01195342 0.9999149 -0.9122319
0.9995216 0.03089402 -0.001481424 43.36259 -0.03087329 0.9994462 0.01241161 -1.683594 0.001864048 -0.01235994 0.9999219 -0.919055
0.9995802 0.02878152 -0.003319872 44.20541 -0.02873824 0.9995097 0.01242229 -1.715701 0.003675777 -0.01232167 0.9999173 -0.9399729
0.9996328 0.02709404 -0.000310488 45.04586 -0.027091 0.9996055 0.00741231 -1.746263 0.0005111949 -0.007401177 0.9999725 -0.9625512
0.999663 0.02591112 0.001599185 45.88863 -0.02592211 0.9996372 0.007286455 -1.786844 -0.001409805 -0.007325453 0.9999722 -0.9843746
0.9996842 0.02502679 0.00225894 46.74646 -0.02503979 0.9996688 0.005921901 -1.81852 -0.002109986 -0.005976595 0.9999799 -0.979423
0.999712 0.02398743 0.0007348892 47.60762 -0.0239928 0.9996762 0.008483399 -1.847145 -0.0005311564 -0.008498587 0.9999638 -1.044839
0.9997162 0.02380311 0.0009948912 48.48547 -0.02381009 0.9996866 0.007718199 -1.871806 -0.0008108623 -0.007739697 0.9999697 -1.007264
0.9997358 0.02298489 0.0003495997 49.35281 -0.02298706 0.9996979 0.008684985 -1.898844 -0.0001498706 -0.008690726 0.9999622 -1.068627
0.9997585 0.02194567 0.001116351 50.23886 -0.02195427 0.9997237 0.008382653 -1.934454 -0.00093208 -0.008405137 0.9999642 -1.060279
0.9997866 0.02051536 0.002413621 51.11933 -0.02053872 0.999738 0.01009151 -1.951045 -0.002205958 -0.01013892 0.9999462 -1.097576
0.9998072 0.01938544 0.00312 52.00061 -0.01941771 0.9997544 0.01066998 -1.97778 -0.002912392 -0.0107285 0.9999382 -1.126123
0.9998198 0.01878363 0.002744879 52.88541 -0.01881349 0.9997593 0.01129062 -2.003834 -0.002532139 -0.01134022 0.9999325 -1.137562
0.9998439 0.01757341 -0.001840441 53.76224 -0.01754998 0.9997733 0.01205498 -2.026383 0.002051871 -0.0120208 0.9999256 -1.170668
0.9998593 0.01666302 -0.001925382 54.66537 -0.01664247 0.9998091 0.01023747 -2.055005 0.002095602 -0.01020399 0.9999458 -1.186481
0.9998602 0.01609289 -0.004538484 55.55228 -0.01606334 0.99985 0.006474166 -2.073098 0.004641991 -0.006400357 0.9999688 -1.211495
0.9998526 0.0163431 -0.005262823 56.42339 -0.01631551 0.9998531 0.00524297 -2.096924 0.005347736 -0.005156332 0.9999724 -1.243356
0.9998326 0.01666828 -0.007550246 57.3066 -0.01662065 0.9998417 0.006328018 -2.121881 0.007654529 -0.006201469 0.9999515 -1.254193
0.9998226 0.01695953 -0.008200541 58.17506 -0.01689028 0.9998218 0.008442027 -2.141779 0.008342251 -0.008302019 0.9999307 -1.290319
0.9997884 0.01833986 -0.009316878 59.04845 -0.01824898 0.999786 0.00974831 -2.174997 0.009493668 -0.009576224 0.9999091 -1.299939
0.9997862 0.01919881 -0.007680321 59.92339 -0.0191327 0.9997801 0.008590239 -2.20759 0.007843554 -0.008441457 0.9999336 -1.313949
0.9998077 0.01903293 -0.004730378 60.78586 -0.01899628 0.9997901 0.007674212 -2.224016 0.004875448 -0.007582876 0.9999593 -1.342026
0.9998083 0.01880367 -0.005452567 61.65356 -0.01875793 0.9997895 0.008321989 -2.247529 0.005607903 -0.008218115 0.9999505 -1.37286
0.9998147 0.01826099 -0.006091215 62.50007 -0.018199 0.9997835 0.01008098 -2.272001 0.006273985 -0.00996826 0.9999306 -1.387425
0.999829 0.01755437 -0.005818855 63.36153 -0.01749186 0.9997905 0.01062501 -2.292437 0.006004152 -0.01052141 0.9999266 -1.416506
0.9998349 0.01721544 -0.005816911 64.21852 -0.0171544 0.9997988 0.01038511 -2.315799 0.005994525 -0.01028361 0.9999291 -1.440432
0.9998316 0.01705878 -0.006762134 65.07487 -0.01699576 0.9998126 0.00927017 -2.343112 0.006919004 -0.009153682 0.9999341 -1.44783
0.9998462 0.01654817 -0.005819625 65.91433 -0.01649884 0.9998282 0.008424394 -2.363972 0.005958035 -0.00832708 0.9999476 -1.493889
0.9998602 0.01631681 -0.003666105 66.75929 -0.0162869 0.999835 0.008044671 -2.389539 0.003796763 -0.007983837 0.9999609 -1.498857
0.9998667 0.01572018 -0.004410915 67.60143 -0.01568138 0.9998393 0.008697256 -2.406976 0.004546928 -0.008626929 0.9999524 -1.52485
0.9998749 0.01546867 -0.003286025 68.43377 -0.0154364 0.9998344 0.009629312 -2.433411 0.003434434 -0.009577383 0.9999483 -1.565937
0.9998924 0.01445759 -0.002469129 69.27895 -0.01442844 0.9998304 0.01144084 -2.452387 0.002634117 -0.01140398 0.9999315 -1.56073
0.9999076 0.01310644 -0.003606437 70.10567 -0.01306128 0.9998394 0.01227279 -2.472225 0.00376671 -0.01222455 0.9999182 -1.595495
0.9999251 0.01193535 -0.002710656 70.93741 -0.0118993 0.9998454 0.01294992 -2.485183 0.002864798 -0.0129167 0.9999125 -1.622683
0.999939 0.01028064 -0.004044601 71.77464 -0.01023542 0.9998866 0.01104565 -2.501896 0.004157699 -0.01100358 0.9999308 -1.641613
0.9999561 0.008849656 -0.003097027 72.60579 -0.008822892 0.9999245 0.008551243 -2.522666 0.003172469 -0.008523542 0.9999586 -1.665028
0.9999677 0.007625109 -0.002551126 73.4351 -0.007610942 0.9999559 0.005517622 -2.539234 0.002593086 -0.005498026 0.9999815 -1.673007
0.9999786 0.006534533 0.000308277 74.25105 -0.006535447 0.999974 0.003066918 -2.556872 -0.0002882281 -0.003068867 0.9999952 -1.709401
0.9999831 0.005490501 0.001937803 75.06787 -0.005499299 0.9999745 0.004564126 -2.567949 -0.001912694 -0.004574705 0.9999877 -1.715299
0.9999856 0.004528696 0.002884739 75.88078 -0.004551704 0.9999573 0.00801976 -2.581116 -0.002848298 -0.008032775 0.9999637 -1.752684
0.9999887 0.004359716 0.001886873 76.695 -0.004380471 0.9999284 0.0111389 -2.595434 -0.001838175 -0.01114704 0.9999362 -1.768076
0.9999907 0.004177593 0.001090587 77.49776 -0.004189484 0.9999293 0.01113926 -2.605772 -0.001043974 -0.01114373 0.9999374 -1.787978
0.9999877 0.004769177 0.001357456 78.30866 -0.004780789 0.9999508 0.00868362 -2.623978 -0.001315975 -0.008690003 0.9999614 -1.811148
0.9999802 0.006287772 0.0002179337 79.12904 -0.006289038 0.9999597 0.006400404 -2.647003 -0.0001776807 -0.006401649 0.9999795 -1.828439
0.9999683 0.007901696 0.0009979072 79.92319 -0.00790732 0.9999521 0.005762247 -2.669496 -0.000952328 -0.005769955 0.9999829 -1.841681
0.9999571 0.009072145 0.001832895 80.72937 -0.009084342 0.9999359 0.00675979 -2.682879 -0.001771452 -0.006776152 0.9999754 -1.863856
0.9999396 0.01074586 0.002336641 81.5256 -0.01076557 0.9999051 0.008590855 -2.694027 -0.002244104 -0.00861549 0.9999604 -1.910697
0.9999321 0.01153408 0.001639133 82.33566 -0.01154776 0.9998964 0.008600762 -2.718916 -0.001539761 -0.008619107 0.9999617 -1.893446
0.9999293 0.01187989 0.000516373 83.12445 -0.01188404 0.9998893 0.008951674 -2.731588 -0.0004099709 -0.008957178 0.9999598 -1.933327
0.999922 0.01243394 0.001131555 83.91898 -0.0124411 0.9999012 0.006551469 -2.746722 -0.001049983 -0.006565037 0.9999779 -1.947934
0.999909 0.01347707 0.0004868119 84.70615 -0.01348021 0.9998835 0.007153688 -2.762863 -0.0003903444 -0.007159601 0.9999743 -1.966563
0.999888 0.01495627 -0.0005574673 85.51111 -0.0149526 0.9998698 0.006085385 -2.788281 0.0006484093 -0.006076368 0.9999813 -1.984643
0.9998716 0.01593617 -0.001713219 86.29142 -0.01592179 0.9998404 0.008105277 -2.800766 0.001842112 -0.008076959 0.9999657 -2.0152
0.9998587 0.01664323 -0.002378329 87.08035 -0.01662079 0.9998199 0.009161415 -2.824751 0.002530376 -0.009120589 0.9999552 -2.018759
0.9998441 0.01749462 -0.00239137 87.86421 -0.0174694 0.9997954 0.01018958 -2.846717 0.002569144 -0.01014621 0.9999452 -2.046007
0.9998161 0.01874666 -0.004051509 88.64656 -0.01870621 0.9997771 0.00980188 -2.868832 0.004234358 -0.009724287 0.9999437 -2.07668
0.9997792 0.02056132 -0.004325687 89.41308 -0.02052246 0.9997504 0.008844283 -2.893204 0.004506457 -0.008753558 0.9999515 -2.090698
0.9997373 0.02237378 -0.0049806 90.19415 -0.02233154 0.9997156 0.008381033 -2.920408 0.005166699 -0.008267608 0.9999525 -2.116678
0.9996812 0.02470911 -0.005181682 90.96725 -0.02465871 0.99965 0.009573044 -2.951599 0.005416411 -0.00944222 0.9999408 -2.128752
0.9996238 0.02709159 -0.004275197 91.73779 -0.02704674 0.9995818 0.01022275 -2.978603 0.00455036 -0.01010328 0.9999386 -2.152668
0.9995654 0.0291423 -0.004438626 92.51602 -0.02909376 0.9995201 0.01063379 -3.019271 0.004746389 -0.01050003 0.9999336 -2.167696
0.9994748 0.03214009 -0.00414993 93.28178 -0.03209407 0.9994273 0.01071758 -3.043601 0.004492018 -0.01057876 0.999934 -2.212962
0.9993575 0.03526002 -0.006420576 94.04565 -0.03519659 0.9993329 0.00973737 -3.08366 0.006759633 -0.009505131 0.999932 -2.221555
0.9992032 0.03936107 -0.006610656 94.80162 -0.03928776 0.9991686 0.01087514 -3.124611 0.007033217 -0.01060675 0.999919 -2.24797
0.9989693 0.04462146 -0.008326629 95.5628 -0.04453875 0.9989589 0.009867151 -3.174473 0.008758247 -0.009486123 0.9999167 -2.257155
0.9987118 0.05001981 -0.008528493 96.3261 -0.04994243 0.998711 0.009056742 -3.225358 0.008970518 -0.008619142 0.9999226 -2.280363
0.9984233 0.05550732 -0.00836061 97.08933 -0.05543936 0.9984288 0.008152351 -3.282835 0.00879999 -0.00767599 0.9999318 -2.287477
0.9981401 0.06045401 -0.00785318 97.83868 -0.06037965 0.9981314 0.009384733 -3.3333 0.008405849 -0.008893106 0.9999251 -2.321306
0.9978002 0.06589181 -0.007281277 98.58755 -0.06581438 0.9977776 0.01040581 -3.400545 0.007950753 -0.009903705 0.9999194 -2.336159
0.9974254 0.07125491 -0.008074985 99.339 -0.07116486 0.9974045 0.01093898 -3.461621 0.008833482 -0.01033616 0.9999076 -2.36605
0.9970449 0.0763917 -0.008117967 100.0974 -0.07629941 0.9970229 0.01112917 -3.527 0.008943976 -0.01047689 0.9999051 -2.375408
0.9966438 0.08120205 -0.01036315 100.8427 -0.08108882 0.996647 0.0109157 -3.589437 0.01121478 -0.01003873 0.9998867 -2.399635
0.9962333 0.08618665 -0.009543439 101.5964 -0.08608648 0.9962329 0.01045247 -3.667095 0.01040835 -0.009591538 0.9998998 -2.428153
0.9957822 0.09111263 -0.01078333 102.3586 -0.09100378 0.9957985 0.0101889 -3.747888 0.01166636 -0.009164603 0.99989 -2.434128
0.995346 0.09570049 -0.01130054 103.1033 -0.09557556 0.99536 0.01112233 -3.823166 0.01231252 -0.009990515 0.9998743 -2.471466
0.9949194 0.1000951 -0.01078695 103.8618 -0.09997116 0.9949243 0.01147216 -3.914058 0.01188051 -0.01033549 0.999876 -2.474183
0.9944749 0.1041984 -0.01274131 104.6113 -0.1040504 0.9945022 0.01177652 -3.992695 0.01389836 -0.01038572 0.9998495 -2.516384
0.9940066 0.108508 -0.01330212 105.3691 -0.1083724 0.9940547 0.01052051 -4.087138 0.01436459 -0.009015874 0.9998562 -2.523965
0.9937175 0.1110118 -0.01420896 106.1349 -0.1108911 0.9937917 0.009016989 -4.182801 0.01512173 -0.007384693 0.9998584 -2.533199
0.993407 0.1140411 -0.01171285 106.9036 -0.1139336 0.9934433 0.009468845 -4.289614 0.01271589 -0.00807193 0.9998866 -2.552709
0.9931235 0.1165923 -0.01058273 107.6599 -0.1164756 0.993132 0.01104948 -4.384137 0.01179833 -0.009740867 0.9998829 -2.579576
0.9927914 0.1192527 -0.0120062 108.4256 -0.1191045 0.9928044 0.01239021 -4.480917 0.01339738 -0.0108709 0.9998512 -2.608767
0.9925451 0.1212756 -0.01210674 109.2021 -0.1211132 0.9925491 0.01334676 -4.586202 0.01363517 -0.01178097 0.9998376 -2.606566
0.9924249 0.1224174 -0.01033489 109.9897 -0.1222529 0.9923812 0.01528188 -4.689967 0.01212692 -0.01390265 0.9998298 -2.647698
0.9922833 0.1236147 -0.009650039 110.7774 -0.1234482 0.9922175 0.01627746 -4.804665 0.01158707 -0.01496057 0.9998209 -2.648515
0.9922885 0.1236014 -0.0092791 111.592 -0.123425 0.9921969 0.01765247 -4.909012 0.01138856 -0.01637107 0.9998011 -2.686697
0.9923934 0.1227241 -0.009704251 112.4097 -0.1225751 0.9923506 0.01468807 -5.021948 0.0114326 -0.01338685 0.999845 -2.709272
0.9923793 0.1225663 -0.01268228 113.2393 -0.1224164 0.9924065 0.01199125 -5.120609 0.0140557 -0.01034734 0.9998477 -2.759234
0.9924286 0.1220741 -0.01354152 114.0733 -0.121951 0.9924899 0.009573687 -5.238248 0.01460852 -0.007849799 0.9998625 -2.734459
0.992591 0.1209098 -0.0119944 114.912 -0.1207258 0.9925719 0.01503367 -5.3387 0.01372303 -0.01347426 0.999815 -2.770546
0.9925982 0.1209288 -0.01118602 115.734 -0.1206787 0.992473 0.02083763 -5.455187 0.01362169 -0.01933347 0.9997203 -2.783345
0.9925622 0.1212644 -0.01073235 116.594 -0.1209541 0.9923191 0.02594136 -5.560226 0.01379568 -0.02445029 0.9996058 -2.850321
0.9924563 0.1216928 -0.01487908 117.4782 -0.121385 0.9924022 0.02009141 -5.697189 0.01721101 -0.01813375 0.9996874 -2.850451
0.9926592 0.1203055 -0.01242663 118.3519 -0.1200863 0.9926164 0.01709101 -5.806596 0.01439102 -0.01547328 0.9997767 -2.898385
0.9929548 0.1180771 -0.009930389 119.2274 -0.1179416 0.9929317 0.01327716 -5.920135 0.01142793 -0.01201241 0.9998626 -2.920619
0.9933034 0.1154294 -0.004931593 120.1006 -0.1153381 0.9931986 0.01592775 -6.031459 0.006736582 -0.01525229 0.999861 -2.926002
0.9936962 0.1119298 -0.006297812 120.9891 -0.111825 0.9936135 0.01507424 -6.146316 0.007944848 -0.01427496 0.9998665 -2.975592
0.9941325 0.1081481 0.002160102 121.895 -0.1081661 0.9940637 0.01172454 -6.262545 -0.0008792927 -0.01188939 0.999929 -2.981011
0.9946015 0.1037388 -0.002454801 122.7976 -0.1037158 0.9945736 0.008150754 -6.351474 0.00328703 -0.007852151 0.9999638 -3.003785
0.9951872 0.09795868 -0.002574458 123.6916 -0.09791658 0.9951067 0.0132157 -6.446132 0.003856453 -0.01290002 0.9999093 -3.039642
0.9959251 0.0901841 -0.0003623184 124.6306 -0.09016754 0.9958049 0.01557234 -6.538958 0.001765175 -0.01547621 0.9998787 -3.027462
0.9963928 0.08485737 0.0006950488 125.5253 -0.08485844 0.9962857 0.0146162 -6.622458 0.0005478245 -0.01462245 0.999893 -3.110816
0.9967857 0.08010604 -0.001149118 126.4515 -0.08008682 0.996717 0.01188378 -6.701917 0.002097308 -0.01175355 0.9999287 -3.113477
0.9972709 0.07379658 -0.002177428 127.4024 -0.07377089 0.9972235 0.01015857 -6.784301 0.00292105 -0.009970213 0.9999461 -3.125268
0.9977064 0.0676905 -0.0001776657 128.3256 -0.06768408 0.9976414 0.01141098 -6.857881 0.0009496617 -0.01137278 0.9999349 -3.171341
0.9981369 0.06091804 0.003405211 129.2877 -0.06095216 0.9980797 0.01102546 -6.924211 -0.002727023 -0.01121247 0.9999334 -3.163576
0.9984806 0.05485198 0.005277819 130.2089 -0.05490867 0.9984276 0.01127258 -6.98217 -0.004651198 -0.01154525 0.9999225 -3.223896
0.9987646 0.0492226 0.006805451 131.1628 -0.04929318 0.9987279 0.01062383 -7.046764 -0.00627386 -0.01094617 0.9999204 -3.218407
0.9990187 0.0438306 0.006363529 132.1154 -0.04389353 0.9989849 0.01011042 -7.094326 -0.005913925 -0.01037981 0.9999287 -3.267685
0.9991943 0.03955454 0.006793774 133.0676 -0.03961722 0.9991713 0.009353111 -7.148596 -0.006418185 -0.009614726 0.9999332 -3.271054
0.9993447 0.03575604 0.005629322 134.0408 -0.03581734 0.9992958 0.01119433 -7.187884 -0.005225092 -0.01138862 0.9999215 -3.31464
0.9994562 0.03267899 0.004405301 135.0032 -0.03273144 0.999387 0.01241092 -7.225616 -0.003997025 -0.01254836 0.9999133 -3.340513
0.9995521 0.02973258 0.00341679 135.9836 -0.02977906 0.9994518 0.0144701 -7.271893 -0.002984684 -0.01456537 0.9998895 -3.361479
0.9996222 0.02691301 0.005579615 136.9688 -0.02698866 0.9995382 0.01395884 -7.30162 -0.005201365 -0.01410415 0.999887 -3.39412
0.9997007 0.0242991 0.002840473 137.9572 -0.02433879 0.999593 0.01488743 -7.337676 -0.002477565 -0.0149521 0.9998851 -3.413482
0.999769 0.0211091 0.004036603 138.9648 -0.02117518 0.9996295 0.01709652 -7.361479 -0.003674215 -0.01717804 0.9998457 -3.444213
0.9998378 0.01795135 -0.001505877 139.9491 -0.01792234 0.999687 0.0174647 -7.38743 0.00181892 -0.01743487 0.9998463 -3.47729
0.9998941 0.01440472 -0.002065822 140.9507 -0.0143571 0.9996666 0.02146187 -7.40153 0.002374286 -0.02142994 0.9997675 -3.533371
0.999929 0.01094942 -0.004705179 141.9803 -0.01085556 0.9997503 0.01953138 -7.432739 0.004917862 -0.01947892 0.9997982 -3.534905
0.9999406 0.008312811 -0.007046887 142.9908 -0.008181357 0.9997958 0.0184821 -7.438516 0.007199085 -0.01842335 0.9998044 -3.590796
0.9999258 0.005960268 -0.01062542 144.0227 -0.005796382 0.9998648 0.0153887 -7.444895 0.0107157 -0.01532597 0.9998251 -3.607449
0.9999379 0.004537613 -0.01017667 145.0413 -0.004370267 0.999856 0.01640651 -7.464252 0.01024965 -0.01636102 0.9998136 -3.632018
0.9999481 0.003792968 -0.009454906 146.0868 -0.0036585 0.9998926 0.01419901 -7.474326 0.009507746 -0.01416369 0.9998545 -3.673625
0.999916 0.003566305 -0.01246282 147.1243 -0.003374102 0.9998755 0.01540932 -7.489988 0.01251622 -0.01536597 0.9998036 -3.69685
0.9999176 0.002145241 -0.01265605 148.1789 -0.001950185 0.9998796 0.0154044 -7.512952 0.01268756 -0.01537845 0.9998012 -3.738542
0.9999177 0.00196871 -0.01267323 149.2323 -0.001779375 0.9998869 0.01493372 -7.517868 0.0127012 -0.01490995 0.9998082 -3.777951
0.9998721 0.001655346 -0.01590364 150.3007 -0.001470773 0.9999316 0.0116104 -7.535881 0.01592177 -0.01158552 0.9998061 -3.77157
0.9998581 0.001163708 -0.01680346 151.3807 -0.0009524136 0.9999205 0.01257696 -7.544242 0.01681676 -0.01255917 0.9997797 -3.831389
0.9998828 0.0005637382 -0.01529886 152.457 -0.0003709374 0.9999206 0.01260222 -7.549664 0.01530474 -0.01259507 0.9998035 -3.840914
0.9999095 0.0006517877 -0.01344037 153.5229 -0.0004451275 0.9998817 0.01537335 -7.568381 0.0134488 -0.01536598 0.9997915 -3.863513
0.9999183 0.0008503132 -0.01275189 154.6123 -0.0006675094 0.9998971 0.01433283 -7.59262 0.01276276 -0.01432315 0.9998159 -3.903214
0.9999663 0.001253879 -0.008119375 155.7237 -0.001130022 0.9998833 0.01524118 -7.606874 0.008137538 -0.01523149 0.9998509 -3.937367
0.9999492 0.00125904 -0.01000782 156.8328 -0.001123786 0.9999081 0.01350898 -7.6156 0.01002391 -0.01349704 0.9998587 -3.9646
0.9999661 0.0007302942 -0.008206662 157.9257 -0.0006179556 0.9999062 0.01368292 -7.630763 0.008215884 -0.01367738 0.9998727 -4.002341
0.9999641 -0.0002077503 -0.008476962 159.0571 0.0003267946 0.9999012 0.01404431 -7.640087 0.008473207 -0.01404657 0.9998654 -4.025037
0.9999821 -0.0009358166 -0.005902713 160.1888 0.001016413 0.9999061 0.01366601 -7.652224 0.00588937 -0.01367177 0.9998892 -4.060338
0.9999699 -0.001731312 -0.00756216 161.2989 0.00184073 0.9998933 0.01448619 -7.664073 0.007536274 -0.01449967 0.9998665 -4.085501
0.9999837 -0.003195738 -0.00472444 162.4338 0.003263159 0.9998919 0.01433257 -7.682711 0.004678126 -0.01434775 0.9998861 -4.122012
0.9999805 -0.005662463 -0.002636478 163.5895 0.005699227 0.9998837 0.01415225 -7.685785 0.002556034 -0.014167 0.9998963 -4.147539
0.9999616 -0.008317645 0.002745032 164.7366 0.008284216 0.999894 0.01197276 -7.695442 -0.002844327 -0.01194956 0.9999245 -4.167304
0.9999192 -0.01136653 0.005696387 165.8896 0.011293 0.9998546 0.01277772 -7.697293 -0.005840797 -0.01271236 0.9999021 -4.227545
0.9998499 -0.01504437 0.008590897 167.0405 0.01492141 0.9997877 0.01420258 -7.701553 -0.008802743 -0.01407226 0.9998623 -4.22948
0.9997829 -0.01864331 0.009303291 168.2038 0.01850184 0.9997153 0.01506784 -7.689192 -0.009581557 -0.01489244 0.9998432 -4.277865
0.9997157 -0.02184619 0.009549037 169.3795 0.02169896 0.9996481 0.01525924 -7.669368 -0.009879032 -0.0150477 0.999838 -4.310185
0.999657 -0.02499381 0.007817416 170.5605 0.02487125 0.9995719 0.01539994 -7.658143 -0.008198974 -0.01520023 0.9998509 -4.339929
0.9995952 -0.02732076 0.007937939 171.7343 0.02718777 0.9994956 0.01640501 -7.635855 -0.008382133 -0.01618255 0.9998339 -4.399204
0.9995497 -0.02933803 0.006304309 172.9226 0.02922102 0.9994124 0.0179135 -7.61895 -0.006826151 -0.01772122 0.9998196 -4.393242
0.9994608 -0.03149088 0.009303215 174.1107 0.03131545 0.9993395 0.01843666 -7.594739 -0.009877657 -0.01813539 0.9997867 -4.463875
0.9994227 -0.0324749 0.009988164 175.3098 0.03225771 0.9992551 0.02118696 -7.567488 -0.01066877 -0.02085254 0.9997256 -4.472414
0.9993671 -0.03418223 0.009844712 176.5134 0.03395823 0.9991792 0.02208676 -7.549016 -0.01059161 -0.02173848 0.9997076 -4.519622
0.9993462 -0.03507517 0.008766731 177.7346 0.03490202 0.9992065 0.01917962 -7.511623 -0.009432504 -0.0188611 0.9997776 -4.588779
0.9993275 -0.03629476 0.005209197 178.9529 0.03621984 0.9992483 0.01382001 -7.485837 -0.005706875 -0.01362204 0.9998909 -4.59159
0.9992637 -0.03808935 0.004616099 180.1672 0.03803125 0.9992036 0.01208019 -7.443574 -0.005072549 -0.01189574 0.9999164 -4.656837
0.9992031 -0.03944847 0.006084036 181.3833 0.0393547 0.9991151 0.01482993 -7.422013 -0.006663672 -0.01457868 0.9998715 -4.682955
0.9991483 -0.04095485 0.005040975 182.6058 0.04086269 0.9990166 0.01719826 -7.385531 -0.005740371 -0.01697762 0.9998394 -4.728164
0.9990618 -0.04294761 0.005567851 183.8406 0.0428592 0.9989666 0.01513008 -7.34621 -0.006211897 -0.01487725 0.99987 -4.749341
0.9989655 -0.04505748 0.006146826 185.0766 0.04497171 0.9988977 0.0134425 -7.294176 -0.006745736 -0.01315216 0.9998907 -4.787976
0.9989219 -0.046105 0.005414261 186.3119 0.04602198 0.9988341 0.01456867 -7.252275 -0.006079638 -0.01430379 0.9998792 -4.82872
0.9988642 -0.04750998 0.003605804 187.5417 0.04744343 0.9987341 0.01671886 -7.216975 -0.004395552 -0.01652879 0.9998537 -4.862448
0.9988016 -0.04888044 0.002440067 188.7927 0.04882905 0.9986464 0.01792604 -7.168915 -0.003312997 -0.01778541 0.9998363 -4.900424
0.998715 -0.05067332 0.0008052525 190.0508 0.0506505 0.9985527 0.01808866 -7.113619 -0.001720699 -0.01802463 0.9998361 -4.936564
0.9986087 -0.05261213 0.003557642 191.3027 0.052554 0.9985079 0.01482695 -7.062462 -0.004332411 -0.01461935 0.9998838 -4.967961
0.9985079 -0.05446406 0.00397112 192.5648 0.0543965 0.9983993 0.01549708 -7.014889 -0.004808798 -0.01525794 0.999872 -5.015482
0.9984118 -0.05627355 0.002655484 193.8293 0.05622936 0.9983125 0.01450638 -6.960764 -0.003467329 -0.01433403 0.9998912 -5.049094
0.9982873 -0.05849184 0.00113392 195.098 0.0584649 0.9981505 0.01666552 -6.891708 -0.00210662 -0.01657068 0.9998605 -5.092077
0.9981731 -0.06041833 0.0004774691 196.3696 0.06040459 0.9980636 0.01485442 -6.826468 -0.001374024 -0.01479844 0.9998896 -5.126538
0.998034 -0.0626227 -0.002552729 197.6431 0.06265592 0.9979044 0.0161692 -6.75851 0.00153482 -0.01629735 0.999866 -5.163055
0.9978878 -0.06492769 0.002098008 198.9082 0.0648971 0.9978157 0.01232608 -6.695055 -0.00289373 -0.01216389 0.9999219 -5.216193
0.997704 -0.06772376 0.0003508219 200.1694 0.06770927 0.9975744 0.01614727 -6.621958 -0.001443524 -0.01608644 0.9998696 -5.242731
0.997511 -0.07047688 0.0022207 201.4471 0.07043178 0.9973843 0.01624289 -6.546592 -0.003359639 -0.01604605 0.9998656 -5.27881
0.99731 -0.07328696 -0.00131151 202.7066 0.07329842 0.9971957 0.01509461 -6.466012 0.0002015947 -0.01515013 0.9998852 -5.329104
0.9971744 -0.0751214 -0.0002650788 203.9803 0.07512014 0.9971215 0.01027889 -6.397685 -0.0005078486 -0.01026975 0.9999471 -5.368978
0.9969894 -0.07749472 -0.002597449 205.2337 0.07751741 0.9969385 0.01022798 -6.304755 0.001796882 -0.01039854 0.9999443 -5.401209
0.9968225 -0.07963695 -0.00169403 206.4835 0.07964861 0.9967862 0.008572533 -6.218648 0.001005895 -0.00868022 0.9999618 -5.432673
0.9965637 -0.08281435 -0.001632974 207.7283 0.08282726 0.9965047 0.01086728 -6.136434 0.0007272991 -0.01096519 0.9999396 -5.466043
0.9962681 -0.08628421 -0.002214225 208.9764 0.08630347 0.9962082 0.01100264 -6.034742 0.001256475 -0.01115268 0.999937 -5.505022
0.9959065 -0.09036473 -0.002095195 210.222 0.09038369 0.995832 0.01222398 -5.936559 0.0009818459 -0.01236331 0.9999231 -5.545238
0.995455 -0.09520281 -0.002388244 211.4572 0.09522278 0.9954008 0.01048648 -5.832116 0.001378918 -0.01066623 0.9999422 -5.573232
0.9950383 -0.09949276 -0.0002508362 212.6802 0.09948853 0.9949656 0.01206964 -5.72589 -0.0009512685 -0.01203471 0.9999271 -5.622535
0.9945157 -0.1045665 -0.002088935 213.9164 0.1045845 0.9944377 0.01249168 -5.600976 0.0007711047 -0.01264164 0.9999198 -5.638608
0.9939917 -0.1094499 0.001134839 215.1484 0.1094267 0.9939131 0.01275316 -5.478871 -0.002523763 -0.01255235 0.999918 -5.690897
0.9934554 -0.1142097 -0.001580838 216.368 0.1142204 0.9933859 0.01174108 -5.344123 0.0002294369 -0.0118448 0.9999298 -5.716428
0.9929781 -0.1182837 -0.001877826 217.5896 0.1182983 0.9928842 0.01366686 -5.210368 0.0002478979 -0.01379303 0.9999048 -5.765223
0.9924465 -0.1225044 -0.006530656 218.7926 0.1225987 0.9923136 0.0168266 -5.0744 0.004419128 -0.01750015 0.9998371 -5.79101
0.9919462 -0.1264002 -0.008111997 219.9939 0.1265247 0.9918126 0.0172984 -4.936063 0.005859059 -0.01818545 0.9998175 -5.850926
0.991412 -0.1302617 -0.0115818 221.1967 0.1304254 0.9913489 0.01472329 -4.781846 0.009563725 -0.01610741 0.9998245 -5.886979
0.9910102 -0.1333044 -0.01134194 222.3962 0.133456 0.9909577 0.01386616 -4.634826 0.009390962 -0.01525516 0.9998395 -5.933054
0.9906039 -0.1362563 -0.01175237 223.5884 0.1364019 0.9905732 0.01263214 -4.481759 0.009920369 -0.01411649 0.9998512 -5.956779
0.9902907 -0.1382915 -0.01413448 224.774 0.1384999 0.9902488 0.01500874 -4.326036 0.01192107 -0.01682064 0.9997874 -5.995696
0.9898717 -0.1412694 -0.01403118 225.9664 0.1414356 0.9898789 0.01165116 -4.172408 0.01224322 -0.01351767 0.9998337 -6.028996
0.9897221 -0.142584 -0.01094855 227.1537 0.1426838 0.9897279 0.008951085 -4.014918 0.009559802 -0.01042127 0.9999 -6.067056
0.9894309 -0.1445105 -0.01196466 228.3242 0.1446116 0.9894557 0.008060135 -3.866765 0.01067373 -0.009705175 0.9998959 -6.093215
0.9891992 -0.1463269 -0.008573242 229.4965 0.1464169 0.9891614 0.01104206 -3.705319 0.006864571 -0.01217806 0.9999023 -6.130422
0.9889635 -0.1478629 -0.009365642 230.658 0.1479721 0.988915 0.01230751 -3.553742 0.007442 -0.01355753 0.9998804 -6.156205
0.9886472 -0.1500198 -0.008417959 231.8401 0.1501292 0.9885619 0.01436678 -3.382704 0.006166373 -0.01546746 0.9998614 -6.201933
0.9883714 -0.1518352 -0.008246578 233.005 0.1519442 0.9882786 0.01476975 -3.211955 0.00590735 -0.01585102 0.9998569 -6.23765
0.9880775 -0.1536947 -0.008995386 234.1737 0.1538232 0.9879694 0.01595744 -3.036626 0.006434592 -0.01715089 0.9998322 -6.27009
0.9876985 -0.1560909 -0.009346818 235.3602 0.156228 0.9875851 0.01638675 -2.855823 0.006672955 -0.0176454 0.999822 -6.320417
0.987403 -0.1579601 -0.009156544 236.5162 0.1580758 0.987332 0.01369608 -2.693613 0.006877115 -0.01497098 0.9998643 -6.338244
0.9870757 -0.1599424 -0.01000107 237.6957 0.1600683 0.987015 0.01339118 -2.516704 0.007729389 -0.01481896 0.9998603 -6.387588
0.9866913 -0.1623405 -0.009263672 238.8501 0.1624595 0.9866159 0.01399891 -2.336202 0.006867096 -0.01531758 0.9998591 -6.41729
0.9864068 -0.1640162 -0.01001502 240.0152 0.1641496 0.9863306 0.01437862 -2.155879 0.007519792 -0.01582713 0.9998465 -6.453217
0.9860067 -0.1663117 -0.01144954 241.1816 0.1664589 0.9859575 0.01339296 -1.969438 0.009061355 -0.01511142 0.9998447 -6.48945
0.9856658 -0.1683594 -0.01086457 242.3429 0.1685015 0.9856044 0.01383646 -1.782223 0.008378664 -0.01546883 0.9998453 -6.526641
0.985374 -0.1700395 -0.01116116 243.503 0.1701829 0.9853202 0.01347944 -1.590345 0.008705284 -0.01518173 0.9998469 -6.556896
0.9850394 -0.1720138 -0.01042685 244.6806 0.1721329 0.9850023 0.01186143 -1.404311 0.00823014 -0.01347878 0.9998753 -6.599284
0.9847001 -0.1740622 -0.008247832 245.8401 0.1741527 0.9846462 0.01194195 -1.210469 0.006042554 -0.01319562 0.9998947 -6.62053
0.9841188 -0.1772953 -0.008752974 247.0077 0.1774088 0.9840293 0.01457475 -1.011572 0.006029148 -0.01589614 0.9998555 -6.658179
0.9834595 -0.1809601 -0.007797997 248.1724 0.1810744 0.9833043 0.0180219 -0.8093504 0.004406558 -0.01913583 0.9998072 -6.706501
0.9829001 -0.1839378 -0.008622882 249.3138 0.1840557 0.9827886 0.01581318 -0.6089462 0.005565828 -0.01712986 0.9998378 -6.735076
0.9821073 -0.1880037 -0.01094312 250.4808 0.1881428 0.9820489 0.01349413 -0.3930704 0.008209733 -0.01531155 0.9998491 -6.787178
0.9814402 -0.1914792 -0.01053201 251.6349 0.1916138 0.9813741 0.01373761 -0.186122 0.007705377 -0.01550072 0.9998502 -6.806317
0.9807009 -0.1951449 -0.01201102 252.8006 0.1953066 0.9806393 0.0142051 0.03673968 0.009006427 -0.01627678 0.999827 -6.855948
0.9798478 -0.199496 -0.009982033 253.9659 0.1996333 0.9797488 0.01546336 0.2615462 0.006695005 -0.01714449 0.9998306 -6.875878
0.9789801 -0.2039188 -0.003882754 255.1281 0.2039533 0.9788843 0.01373361 0.4921054 0.001000225 -0.01423683 0.9998981 -6.897447
0.9781556 -0.2077493 -0.007195149 256.2784 0.207835 0.9780561 0.01451848 0.7277954 0.004021055 -0.01569674 0.9998687 -6.966249
0.9771037 -0.2126883 -0.005660546 257.4308 0.2127577 0.9769297 0.01851373 0.9594284 0.001592302 -0.01929416 0.9998126 -6.994229
0.9760271 -0.217482 -0.008526917 258.5821 0.2176191 0.975794 0.02163351 1.203297 0.003615613 -0.02297051 0.9997296 -7.020565
0.9751772 -0.221331 -0.006486685 259.7481 0.221412 0.975027 0.01729902 1.456787 0.002495883 -0.01830584 0.9998293 -7.084308
0.9740839 -0.2260484 -0.007920301 260.9159 0.2261504 0.9739594 0.01610061 1.717836 0.004074534 -0.01747452 0.999839 -7.09179
0.9729349 -0.2310264 -0.004941725 262.0697 0.2310763 0.9728087 0.01572156 1.977233 0.001175257 -0.01643797 0.9998642 -7.147722
0.9716979 -0.2362013 -0.00349281 263.2497 0.2362251 0.9715228 0.018468 2.250895 -0.000968821 -0.0187704 0.9998233 -7.179502
0.9704778 -0.2411777 -0.00247183 264.4083 0.2411823 0.9703106 0.01811825 2.525502 -0.001971275 -0.01817952 0.9998328 -7.214242
0.9692736 -0.2459798 -0.001631681 265.5799 0.2459687 0.96911 0.01802793 2.810372 -0.002853228 -0.01787534 0.9998361 -7.267915
0.9680119 -0.2508945 -0.00219984 266.7466 0.2508976 0.9678855 0.01574878 3.094296 -0.001822088 -0.01579694 0.9998736 -7.293254
0.9666709 -0.2560084 -0.002670612 267.9126 0.2560161 0.9665222 0.01704669 3.390259 -0.001782888 -0.01716226 0.9998511 -7.336903
0.9653627 -0.2609013 -0.002304617 269.0845 0.2609025 0.9652188 0.0168135 3.688514 -0.002162205 -0.01683241 0.999856 -7.378024
0.9639475 -0.2660409 -0.005229245 270.2646 0.2660922 0.9637686 0.01856817 4.009217 9.9889e-05 -0.01929021 0.9998139 -7.415648
0.9626092 -0.2708371 -0.005547586 271.4483 0.2708927 0.9624635 0.01677245 4.33235 0.0007967455 -0.01764812 0.999844 -7.455215
0.9612513 -0.275578 -0.007262301 272.6231 0.2756633 0.9611101 0.0166401 4.660686 0.002394227 -0.01799727 0.9998352 -7.491126
0.9599333 -0.2801027 -0.008401914 273.8082 0.2802036 0.9598169 0.01540598 4.992222 0.003749042 -0.01714296 0.999846 -7.525109
0.9588454 -0.2837681 -0.009543196 274.9832 0.2838938 0.9587117 0.01661217 5.334073 0.004435172 -0.01863776 0.9998165 -7.574532
0.9579876 -0.2865619 -0.01191623 276.1671 0.2867207 0.9578981 0.014921 5.672289 0.007138742 -0.01771076 0.9998177 -7.602755
