1.0 0.0 0.0 0.0 0.0 1.0 0.0 0.0 0.0 0.0 1.0 0.0
0.9999996 -0.0006775758 0.0005158284 0.3365845 0.0006768045 0.9999987 0.001493804 0.09953772 -0.0005168398 -0.001493454 0.9999987 -0.02137286
0.9999982 0.0008627663 0.001700055 0.5671141 -0.0008668691 0.9999967 0.002414014 0.1219081 -0.001697967 -0.002415483 0.9999956 -0.02398728
0.9999954 0.002356776 0.001893295 1.171989 -0.002362964 0.9999918 0.003272795 0.1293362 -0.001885566 -0.003277254 0.9999928 -0.05912838
0.9999954 0.003029976 0.0001193615 1.50049 -0.003030121 0.9999948 0.00123442 0.1714382 -0.0001156206 -0.001234776 0.9999992 -0.05915089
0.9999916 0.004099996 -5.836208e-05 1.846993 -0.004100003 0.9999917 -0.0001203544 0.177739 5.786814e-05 0.0001205926 1.0 -0.06858446
0.9999861 0.005273416 -6.763319e-05 2.132225 -0.005273543 0.999984 -0.002041307 0.2132983 5.686745e-05 0.002041635 0.9999979 -0.08454595
0.9999747 0.006310438 0.003298918 2.523818 -0.00630013 0.9999752 -0.003125865 0.2228757 -0.003318562 0.003105002 0.9999897 -0.07106642
0.9999682 0.007549789 0.002547629 2.840886 -0.007542368 0.9999672 -0.002909794 0.2350755 -0.002569514 0.002890486 0.9999925 -0.04766909
0.9999611 0.008142903 0.003385641 3.193871 -0.008142683 0.9999669 -7.864458e-05 0.2509068 -0.003386169 5.107333e-05 0.9999943 -0.06567275
0.9999488 0.008068371 0.00611052 3.612751 -0.008086772 0.9999628 0.002992598 0.2628922 -0.006086147 -0.003041859 0.9999769 -0.07097758
0.9999546 0.009521528 0.0001719671 4.035572 -0.00952188 0.9999523 0.00217954 0.2592509 -0.0001512063 -0.002181079 0.9999976 -0.07332659
0.9999533 0.008975138 0.003585913 4.456332 -0.00897609 0.9999597 0.0002492148 0.2815447 -0.003583532 -0.0002813907 0.9999936 -0.09600659
0.9999582 0.00887951 0.002190678 5.026846 -0.008875904 0.9999592 -0.001650445 0.2847703 -0.002205244 0.001630931 0.9999962 -0.09870549
0.9999595 0.00865774 0.002474139 5.700264 -0.008650992 0.999959 -0.002725233 0.2975242 -0.002497631 0.002703719 0.9999932 -0.1161364
0.9999454 0.01027655 0.001899291 7.076593 -0.01027024 0.9999417 -0.003303918 0.276173 -0.001933133 0.003284231 0.9999927 -0.1251874
0.9999291 0.01084065 0.004938407 8.274077 -0.01082148 0.9999338 -0.003892202 0.2678944 -0.004980274 0.003838485 0.9999802 -0.113968
0.9999163 0.01222867 0.004218448 9.890704 -0.01222035 0.9999233 -0.001992152 0.2415714 -0.004242486 0.001940434 0.9999891 -0.1519551
0.9998925 0.01284653 0.007075682 11.71265 -0.01282659 0.9999136 -0.002856317 0.1829698 -0.007111765 0.002765253 0.9999709 -0.1802162
0.9999135 0.01288488 0.002650942 13.8028 -0.01287024 0.9999022 -0.005466562 0.135136 -0.002721119 0.005431971 0.9999815 -0.1745241
0.9998965 0.01408259 0.00294066 16.07074 -0.01406318 0.9998797 -0.006520963 0.07002435 -0.003032139 0.006478934 0.9999744 -0.2437355
0.9998804 0.01545053 0.0006295974 18.62232 -0.01544603 0.9998589 -0.006619356 0.01874143 -0.0007317811 0.006608839 0.9999779 -0.2441059
0.999871 0.01594906 -0.001919375 21.20206 -0.01596121 0.9998516 -0.006492649 -0.04034318 0.001815538 0.006522446 0.9999771 -0.2715813
0.999875 0.0157851 0.0008620562 23.74766 -0.01577987 0.9998587 -0.005767201 -0.1201728 -0.0009529704 0.005752877 0.999983 -0.279528
0.9998706 0.01550017 0.004304285 26.29088 -0.01549707 0.9998796 -0.0007530042 -0.1886108 -0.004315438 0.000686203 0.9999905 -0.342485
0.9998478 0.01459941 0.009549183 28.86221 -0.01460572 0.9998932 0.0005922855 -0.2673587 -0.009539516 -0.000731668 0.9999542 -0.373182
0.9998774 0.0140483 0.006920696 31.41236 -0.01405624 0.9999006 0.001101232 -0.3215869 -0.006904537 -0.001198376 0.9999754 -0.4176201
0.9998772 0.01464319 0.005583303 33.95716 -0.0146482 0.9998922 0.0008585812 -0.3903072 -0.005570129 -0.0009402611 0.999984 -0.5114834
0.9998909 0.01435956 0.003462301 36.48648 -0.01434526 0.9998885 -0.004118072 -0.4453684 -0.003521049 0.004067955 0.9999855 -0.5083472
0.9998823 0.01505942 0.002930784 38.96698 -0.01504152 0.9998688 -0.006033894 -0.5162417 -0.003021267 0.0059891 0.9999775 -0.5654625
0.9998752 0.01463249 0.005947884 41.50832 -0.01458422 0.9998609 -0.008078399 -0.5859233 -0.006065264 0.007990646 0.9999497 -0.5715863
0.9998897 0.01348598 0.006230609 43.99312 -0.01343922 0.9998816 -0.007486867 -0.6352037 -0.006330839 0.007402307 0.9999526 -0.6103115
0.9998871 0.01300384 0.007524277 46.49188 -0.01295185 0.9998922 -0.006916522 -0.7017537 -0.007613407 0.006818288 0.9999478 -0.6353365
0.9999118 0.01220853 0.005233554 48.98242 -0.01216565 0.9998928 -0.008147953 -0.7678137 -0.005332468 0.008083565 0.9999531 -0.6339758
0.9999172 0.01146819 0.00583493 51.43212 -0.01140711 0.999881 -0.01039505 -0.8283379 -0.005953447 0.01032763 0.999929 -0.6943882
0.9999136 0.01151687 0.006337477 53.89347 -0.01143864 0.9998596 -0.01224506 -0.8842356 -0.006477613 0.01217151 0.9999049 -0.6866611
0.9999248 0.01181739 0.003266718 56.35299 -0.01177033 0.9998318 -0.01406869 -0.9454409 -0.003432424 0.01402918 0.9998957 -0.6838024
0.9999283 0.0115882 0.003009873 58.81515 -0.01154663 0.9998424 -0.01348173 -0.9926102 -0.003165628 0.01344601 0.9999046 -0.7248299
0.9999212 0.01237081 0.002132082 61.26997 -0.01234272 0.9998429 -0.01271707 -1.045198 -0.002289067 0.01268975 0.9999169 -0.7223962
0.9999238 0.01219933 0.001863488 63.72243 -0.01217636 0.9998553 -0.01187428 -1.107515 -0.002008076 0.01185069 0.9999278 -0.721787
0.9999232 0.01187269 0.003570309 66.156 -0.01182934 0.9998589 -0.01192616 -1.175893 -0.003711401 0.011883 0.9999225 -0.7254674
0.9999099 0.01236078 0.005223314 68.59294 -0.01229489 0.9998467 -0.01246385 -1.232866 -0.005376576 0.01239851 0.9999087 -0.747973
0.9999079 0.01314506 0.003386138 70.99187 -0.01308949 0.9997872 -0.01594057 -1.291713 -0.003594958 0.01589477 0.9998672 -0.7847097
0.9998941 0.0135174 0.005381812 73.42789 -0.01341621 0.9997405 -0.01841353 -1.357431 -0.005629319 0.01833938 0.999816 -0.7685922
0.9998947 0.01379191 0.00451646 75.86018 -0.01370649 0.9997363 -0.01842662 -1.415711 -0.004769407 0.01836278 0.99982 -0.7514775
0.9998748 0.01385783 0.007634865 78.24279 -0.01372834 0.9997654 -0.01675929 -1.47317 -0.00786532 0.01665238 0.9998304 -0.7712841
0.9998909 0.01329657 0.006437798 80.63204 -0.01318342 0.9997633 -0.01730992 -1.530232 -0.006666437 0.01722316 0.9998295 -0.7517849
0.9998889 0.01369251 0.00589235 83.004 -0.0136159 0.9998248 -0.01285154 -1.585911 -0.006067287 0.01276988 0.9999 -0.7964888
0.9999017 0.01353291 0.003660929 85.40592 -0.01349768 0.9998639 -0.009482936 -1.643515 -0.003788762 0.009432591 0.9999483 -0.780994
0.9999138 0.01312254 -0.0003699072 87.79103 -0.01312551 0.9998667 -0.00970856 -1.702346 0.0002424569 0.009712578 0.9999528 -0.7857267
0.9999278 0.01141384 0.003745905 90.19732 -0.01136944 0.9998673 -0.01166749 -1.75082 -0.003878579 0.01162406 0.9999249 -0.8162453
0.9999346 0.0107184 0.003985508 92.59192 -0.01066813 0.9998659 -0.01242872 -1.797691 -0.00411819 0.01238539 0.9999148 -0.8170394
0.9999368 0.01061489 0.003691104 94.90617 -0.01053757 0.9997369 -0.02037019 -1.850561 -0.003906361 0.02033001 0.9997857 -0.8507988
0.9999129 0.01065219 0.007791814 97.24386 -0.01047779 0.999701 -0.02209115 -1.898381 -0.008024803 0.02200759 0.9997256 -0.8309796
0.9999433 0.01064757 0.000197215 99.58613 -0.01064074 0.9997058 -0.02179494 -1.939815 -0.0004292201 0.0217916 0.9997624 -0.8053918
0.9999211 0.01223583 0.002819669 101.9282 -0.0121802 0.9997458 -0.01896889 -2.001399 -0.003051053 0.01893305 0.9998161 -0.838684
0.9999321 0.01164559 0.0004474392 104.2267 -0.01163385 0.9997183 -0.02068073 -2.052703 -0.0006881524 0.02067412 0.999786 -0.7627494
0.9999161 0.01282086 0.001839313 106.2001 -0.01278033 0.9997065 -0.02057475 -2.078506 -0.00210256 0.02054952 0.9997866 -0.8099474
0.9998977 0.013948 0.003163125 107.7439 -0.0138755 0.9996641 -0.02189034 -2.124323 -0.003467389 0.02184421 0.9997554 -0.7998731
0.9999028 0.01388128 0.001312628 109.8426 -0.01385089 0.9996864 -0.02086216 -2.173258 -0.00160181 0.02084195 0.9997815 -0.7649919
0.9999133 0.01314406 0.0007843361 112.024 -0.0131255 0.9997091 -0.0202391 -2.227396 -0.001050132 0.02022705 0.9997948 -0.7868201
0.9999015 0.01394629 0.001582587 113.6729 -0.01391158 0.9997001 -0.02015326 -2.26221 -0.001863175 0.02012926 0.9997957 -0.742971
0.9999089 0.01349569 -0.0004335601 114.9237 -0.01350153 0.9997234 -0.01925751 -2.293106 0.0001735469 0.01926161 0.9998145 -0.7513773
0.9999008 0.01399192 0.001630717 117.0291 -0.01395741 0.9997116 -0.01953624 -2.353184 -0.001903596 0.01951154 0.9998078 -0.7408309
0.9998994 0.01417932 0.0001773271 118.4288 -0.01417289 0.9996972 -0.02010637 -2.378043 -0.0004623681 0.02010184 0.9997978 -0.73019
0.9998823 0.01519333 0.002115519 119.775 -0.0151425 0.9996374 -0.02226365 -2.425741 -0.002453011 0.022229 0.9997499 -0.7336425
0.9998975 0.01424962 0.001374728 122.0245 -0.01421577 0.9996545 -0.0221043 -2.468167 -0.001689231 0.02208249 0.9997547 -0.7115926
0.9998794 0.01518343 0.003255762 124.4116 -0.01511334 0.9996742 -0.02057045 -2.54164 -0.003567031 0.02051877 0.9997831 -0.6798568
0.9998863 0.01507585 0.000217088 126.7883 -0.01506822 0.9996759 -0.02052651 -2.596968 -0.0005264722 0.02052091 0.9997893 -0.6594932
0.9998817 0.01508562 0.003002678 129.1907 -0.01501428 0.9996338 -0.02251137 -2.660876 -0.003341177 0.02246363 0.9997421 -0.6717246
0.9998875 0.01493108 0.00146036 131.6151 -0.0148908 0.9995884 -0.02451813 -2.719104 -0.001825841 0.02449362 0.9996983 -0.6035281
0.9998916 0.0147002 0.0008041751 134.0273 -0.01467833 0.9996378 -0.02255105 -2.772943 -0.001135389 0.0225368 0.9997454 -0.6089199
0.9998804 0.01539191 0.001469028 136.4398 -0.01535842 0.9996701 -0.02058665 -2.844667 -0.001785411 0.02056162 0.999787 -0.5774402
0.9998854 0.01489062 -0.00271094 138.8304 -0.014942 0.9996877 -0.02003657 -2.890518 0.002411737 0.02007478 0.9997956 -0.569721
0.9998913 0.01473392 0.0005951559 141.2337 -0.01471863 0.9996815 -0.02049777 -2.948117 -0.0008969788 0.02048678 0.9997897 -0.6241879
0.9998702 0.01496519 0.005960454 143.6698 -0.01480144 0.9995357 -0.02663034 -3.02151 -0.006356215 0.02653866 0.9996276 -0.5227847
0.9998819 0.01516868 0.002494379 146.0821 -0.01508755 0.9994408 -0.02983917 -3.077103 -0.002945605 0.02979801 0.9995516 -0.4592506
0.9998261 0.01744239 0.006589918 148.4868 -0.01724698 0.9994411 -0.02862928 -3.151551 -0.007085599 0.02851065 0.9995684 -0.4748296
0.9998271 0.01781969 0.005314921 150.9081 -0.01767349 0.9994954 -0.02639035 -3.219248 -0.005782507 0.02629185 0.9996376 -0.4001122
0.9998161 0.01833121 0.005629756 153.3412 -0.01819006 0.9995422 -0.02417563 -3.29385 -0.006070347 0.02406878 0.9996919 -0.3898031
0.9998221 0.01759987 0.006786392 155.7824 -0.01741624 0.9995041 -0.0262296 -3.36666 -0.007244665 0.02610674 0.9996329 -0.3384359
0.9998261 0.01734802 0.006834482 158.2094 -0.01714109 0.9994251 -0.02925454 -3.437928 -0.007338061 0.0291323 0.9995486 -0.3129938
0.9998308 0.01672718 0.007648946 160.6611 -0.01649332 0.9994235 -0.02967754 -3.503161 -0.008140958 0.02954636 0.9995303 -0.2962082
0.999835 0.01731542 0.005485253 163.115 -0.01715761 0.9994713 -0.02761711 -3.57426 -0.005960555 0.02751844 0.9996035 -0.2493547
0.9998432 0.01696157 0.005093732 165.5785 -0.01683076 0.999553 -0.0247108 -3.638729 -0.00551059 0.02462119 0.9996817 -0.2317162
0.9998729 0.01574626 0.002516838 168.0083 -0.01567463 0.9995307 -0.02631458 -3.704085 -0.002930013 0.02627178 0.9996505 -0.1766568
0.9999099 0.01323517 0.002261805 170.4552 -0.01316786 0.9995335 -0.02755281 -3.755366 -0.002625416 0.02752054 0.9996178 -0.1682237
0.9999307 0.0116486 0.001671852 172.8962 -0.01159601 0.9995232 -0.02861483 -3.813587 -0.002004378 0.02859346 0.9995891 -0.1343486
0.9999424 0.0107289 0.000398196 175.3526 -0.01071364 0.999554 -0.02786922 -3.877625 -0.0006970246 0.02786335 0.9996115 -0.09322005
0.9999579 0.009096378 -0.001256773 177.8232 -0.00912756 0.9995786 -0.02755564 -3.916261 0.001005587 0.02756595 0.9996195 -0.07501671
0.9999532 0.008407049 -0.004779611 180.2811 -0.008533606 0.999596 -0.02710558 -3.961124 0.004549802 0.0271451 0.9996212 -0.03909063
0.9999376 0.008008734 -0.007789317 182.7239 -0.00822753 0.9995607 -0.02847493 -4.003051 0.007557847 0.02853724 0.9995642 0.002365591
0.9999419 0.007004797 -0.008194806 185.1946 -0.007236339 0.9995655 -0.02857484 -4.047872 0.007991085 0.02863248 0.9995581 0.04382255
0.9999341 0.005828881 -0.009886811 187.6701 -0.006106311 0.9995817 -0.02826646 -4.082747 0.009717913 0.02832497 0.9995515 0.08554111
0.9999441 0.006011602 -0.00869686 190.1447 -0.006254314 0.9995841 -0.02815538 -4.134351 0.008523982 0.0282082 0.9995657 0.1078332
0.9999243 0.005540045 -0.01098581 192.625 -0.005866791 0.9995344 -0.02993688 -4.165043 0.01081484 0.02999907 0.9994914 0.1643998
0.9999034 0.005000944 -0.01296886 195.0857 -0.005388022 0.9995357 -0.02998562 -4.206021 0.01281289 0.0300526 0.9994662 0.198002
0.9998706 0.00438794 -0.01547757 197.5708 -0.004860115 0.9995198 -0.03060253 -4.236271 0.01533586 0.03067379 0.9994118 0.2279593
0.9998971 0.004123573 -0.01373772 200.0818 -0.004557523 0.9994867 -0.0317082 -4.277594 0.01359991 0.03176755 0.9994028 0.2733613
0.9999034 0.003584749 -0.01342833 202.5836 -0.004043239 0.9994043 -0.0342734 -4.322857 0.01329747 0.03432439 0.9993223 0.3554854
0.9999318 0.002571224 -0.01139217 205.0575 -0.002959522 0.9994106 -0.03419998 -4.361109 0.01129752 0.03423136 0.9993501 0.3817253
0.9999403 0.001103723 -0.01087312 207.543 -0.001445554 0.9995034 -0.03148067 -4.387158 0.01083297 0.0314945 0.9994452 0.4219379
0.9998935 0.0001155347 -0.01459562 210.0485 -0.0005583744 0.9995395 -0.03034017 -4.423337 0.01458539 0.03034509 0.999433 0.4908037
0.9998438 -0.001142702 -0.01763484 212.5554 0.0006099222 0.999544 -0.03018764 -4.448782 0.01766129 0.03017217 0.9993887 0.5158265
0.9998193 -0.002725839 -0.01880964 215.0811 0.002121116 0.9994826 -0.03209503 -4.456473 0.01888739 0.03204934 0.9993078 0.5423248
0.9997609 -0.004383676 -0.02142089 217.6142 0.003701265 0.9994876 -0.03179369 -4.473361 0.02154929 0.03170681 0.9992649 0.5874106
0.9997122 -0.005838712 -0.02326989 220.149 0.005090593 0.9994724 -0.03208026 -4.480671 0.02344492 0.03195257 0.9992144 0.6538875
0.9996903 -0.007686294 -0.02366869 222.6846 0.006950405 0.9994948 -0.03101807 -4.478288 0.02389514 0.03084395 0.9992386 0.6759978
0.9996558 -0.009368451 -0.02450619 225.2335 0.008586425 0.9994566 -0.03182423 -4.494483 0.02479102 0.03160286 0.999193 0.7335325
0.9996465 -0.01172471 -0.02386138 227.7868 0.01097884 0.9994544 -0.03115283 -4.486688 0.02421362 0.03087984 0.9992298 0.7786185
0.9995524 -0.01400133 -0.02643616 230.3447 0.01316707 0.9994179 -0.03147202 -4.481148 0.02686142 0.03110985 0.999155 0.8166979
0.9995314 -0.01627488 -0.02592573 232.8724 0.01539808 0.9993145 -0.03366743 -4.468787 0.02645589 0.03325244 0.9990968 0.8618579
0.9994764 -0.01859557 -0.0264791 235.4656 0.01764875 0.9992119 -0.03555277 -4.462041 0.02711936 0.03506683 0.9990169 0.9155768
0.9994629 -0.01980242 -0.02611027 238.022 0.01880795 0.9991084 -0.03779822 -4.446802 0.02683549 0.03728684 0.9989442 0.9804439
0.9993653 -0.02264544 -0.02750051 240.5986 0.02157133 0.9990162 -0.03874544 -4.418794 0.02835086 0.03812762 0.9988706 1.030537
0.9993061 -0.02484459 -0.02774828 243.1551 0.02372144 0.9989141 -0.04009747 -4.387109 0.02871435 0.03941142 0.9988104 1.094945
0.9992299 -0.02706125 -0.02841258 245.733 0.02589784 0.998842 -0.04054618 -4.346202 0.0294769 0.03977912 0.9987736 1.171398
0.9991366 -0.02890775 -0.02983975 248.3294 0.0276465 0.9987413 -0.04184795 -4.305042 0.03101192 0.04098685 0.9986783 1.240518
0.9990808 -0.03049784 -0.03012491 250.9051 0.02919267 0.9986547 -0.04285413 -4.261618 0.03139134 0.04193531 0.9986271 1.304495
0.9989343 -0.0334366 -0.03181659 253.5145 0.03205782 0.998565 -0.04290062 -4.196733 0.03320538 0.04183492 0.9985726 1.396514
0.998846 -0.03572708 -0.03209837 256.1014 0.03430604 0.9984518 -0.04378156 -4.139471 0.03361287 0.04262986 0.9985253 1.466215
0.9987081 -0.0377862 -0.03397481 258.7135 0.0362897 0.9983883 -0.04363475 -4.072027 0.03556884 0.04234544 0.9984697 1.552958
0.9984877 -0.04081907 -0.03682702 261.3386 0.03919264 0.9982688 -0.04385475 -3.992803 0.03855338 0.04234507 0.9983589 1.654668
0.998376 -0.04286071 -0.03752882 263.9801 0.04122613 0.9982113 -0.04329634 -3.911983 0.03931741 0.04167886 0.9983572 1.707771
0.9982136 -0.04516347 -0.03911374 266.6013 0.04345725 0.9981111 -0.04342546 -3.826588 0.0410011 0.04164811 0.9982907 1.804284
0.9979795 -0.04767362 -0.04200279 269.2635 0.04583594 0.9979935 -0.04367901 -3.733338 0.04400085 0.04166552 0.9981623 1.878174
0.9978157 -0.05013087 -0.04302105 271.9052 0.04819159 0.9978243 -0.04498928 -3.629213 0.04518281 0.04281776 0.9980607 1.948345
0.9976816 -0.05181189 -0.04412334 274.5632 0.04982659 0.9977452 -0.0449646 -3.514881 0.04635355 0.04266184 0.9980137 2.044535
0.9974164 -0.0549277 -0.04629873 277.2446 0.05282755 0.9975699 -0.04542582 -3.400838 0.04868136 0.0428626 0.9978942 2.125073
0.9974004 -0.05671933 -0.04444512 279.9288 0.05465716 0.9974303 -0.04631573 -3.279557 0.04695791 0.04376608 0.9979376 2.197064
0.9970514 -0.05948527 -0.04847715 282.6346 0.05733301 0.9973567 -0.04464094 -3.162683 0.05100448 0.04172997 0.9978262 2.316821
0.9968247 -0.06196961 -0.05000326 285.3354 0.05974648 0.9972081 -0.04479356 -3.014506 0.05263949 0.04166381 0.9977441 2.366343
0.9965321 -0.06432649 -0.05278119 288.0322 0.06190656 0.9970088 -0.04627053 -2.881082 0.05559974 0.04284257 0.9975336 2.475102
0.996262 -0.06712098 -0.05437697 290.7591 0.06464606 0.9968446 -0.04606313 -2.724444 0.05729719 0.04237568 0.9974574 2.575086
0.9961624 -0.06996766 -0.05258244 293.479 0.06753466 0.9966232 -0.04670557 -2.570848 0.05567276 0.0429752 0.9975238 2.648742
0.9959761 -0.07261764 -0.05251971 296.2264 0.07016797 0.996424 -0.04707446 -2.419774 0.05575032 0.04319984 0.9975097 2.766507
0.9958077 -0.07552566 -0.05160354 298.9836 0.07310533 0.9962027 -0.04728391 -2.231727 0.05497874 0.04331318 0.9975476 2.843172
0.9956512 -0.07809801 -0.05078774 301.7278 0.07567967 0.9959803 -0.04791565 -2.063381 0.0543257 0.04386368 0.9975594 2.937979
0.9952665 -0.08154967 -0.05286119 304.4919 0.07909871 0.9957625 -0.0469116 -1.855607 0.05646281 0.04250829 0.9974993 3.03862
0.9951077 -0.08449271 -0.05120131 307.2679 0.08209416 0.9955031 -0.04726854 -1.666413 0.0549649 0.04283397 0.9975691 3.1173
0.9946982 -0.08845709 -0.05244832 310.0484 0.08602991 0.9951898 -0.04686144 -1.457363 0.05634126 0.04210087 0.9975235 3.237957
0.9943871 -0.09217604 -0.05194033 312.8226 0.08975551 0.9948468 -0.04715646 -1.24251 0.05601936 0.04222985 0.9975362 3.308899
0.9940253 -0.09581067 -0.05228724 315.6383 0.09334872 0.9944922 -0.04765937 -1.015285 0.05656552 0.04249367 0.9974942 3.412807
0.9936713 -0.09957397 -0.05198459 318.4522 0.0972017 0.9941858 -0.04633065 -0.7584214 0.05629567 0.04098445 0.9975726 3.511248
0.9932173 -0.1036798 -0.05262886 321.2693 0.1012256 0.9937366 -0.04733923 -0.5111493 0.05720735 0.04169076 0.9974915 3.587713
0.9927409 -0.1065801 -0.05573287 324.0749 0.1040206 0.9934651 -0.04697474 -0.2517197 0.06037524 0.04083638 0.9973401 3.700741
0.9923953 -0.1089175 -0.05734536 326.9213 0.1062223 0.9931771 -0.04812559 0.03439235 0.06219582 0.04166825 0.9971938 3.772205
0.9921156 -0.1108844 -0.05840635 329.7339 0.1081736 0.992987 -0.04770041 0.3023266 0.06328598 0.04100629 0.9971526 3.892693
0.9918411 -0.113207 -0.05861311 332.6003 0.1104854 0.9927292 -0.04776914 0.5960046 0.06359474 0.0409035 0.9971372 3.982536
0.9914489 -0.1168317 -0.05813308 335.4695 0.1141493 0.9923269 -0.04751211 0.8878828 0.06323794 0.04046998 0.9971776 4.090847
0.9911411 -0.120446 -0.05596471 338.3226 0.1178801 0.9919103 -0.04709785 1.19432 0.06118472 0.04008349 0.9973213 4.175943
0.990688 -0.1247496 -0.05454144 341.2183 0.1223114 0.9914265 -0.04597649 1.514816 0.05980936 0.03887731 0.9974524 4.276053
0.9903315 -0.1284824 -0.05230429 344.0993 0.1260874 0.9909154 -0.04678155 1.844639 0.05783974 0.03973433 0.9975348 4.35732
0.9897665 -0.1319619 -0.05429858 346.9612 0.1294073 0.9904213 -0.0481571 2.171156 0.06013337 0.04063765 0.9973628 4.466341
0.9894934 -0.1345832 -0.05282235 349.8613 0.1318061 0.9898601 -0.05295717 2.52928 0.05941388 0.04543846 0.9971988 4.57193
0.9891004 -0.13744 -0.05282638 352.7533 0.1344977 0.9893456 -0.05572801 2.885462 0.0599228 0.04801558 0.9970475 4.680366
0.9888669 -0.1396845 -0.05128874 355.6484 0.1369561 0.9891396 -0.05334804 3.25153 0.05818362 0.04572981 0.9972579 4.79148
0.9883872 -0.1421595 -0.0536788 358.5219 0.1395383 0.9889641 -0.04979197 3.623262 0.06016481 0.04172349 0.9973161 4.891366
0.9877885 -0.1459264 -0.05458379 361.4124 0.1434487 0.9885474 -0.04686639 4.018329 0.06079771 0.0384641 0.9974087 4.965936
0.9870742 -0.1497402 -0.05711757 364.305 0.1470547 0.9879309 -0.04865678 4.416648 0.06371409 0.03962845 0.9971811 5.07841
0.9866918 -0.1542574 -0.05141916 367.2049 0.1516671 0.987116 -0.05097837 4.82399 0.05862048 0.04250135 0.9973752 5.157293
0.9860156 -0.1580133 -0.05296372 370.0936 0.155307 0.9865048 -0.05184338 5.243375 0.06044091 0.04289274 0.9972498 5.270796
0.9855229 -0.1620389 -0.04988113 372.9762 0.1593969 0.9857877 -0.05305984 5.677868 0.05776997 0.04434078 0.9973447 5.3434
0.9846786 -0.1663412 -0.05233121 375.8753 0.1635674 0.9850818 -0.05347508 6.113302 0.06044563 0.0440961 0.997197 5.476867
0.9840143 -0.1704498 -0.05160246 378.7389 0.1678198 0.9844643 -0.05163839 6.582057 0.05960254 0.042153 0.9973318 5.538451
0.9832082 -0.1740408 -0.05487666 381.6228 0.1713817 0.9839374 -0.04995423 7.0393 0.06268927 0.03971056 0.9972427 5.678998
0.9825877 -0.1778033 -0.05392057 384.4783 0.1753541 0.9833723 -0.0472193 7.51648 0.06141975 0.0369419 0.9974281 5.745135
0.9819029 -0.1816041 -0.05372795 387.3745 0.1792262 0.9827214 -0.04622356 8.005406 0.061194 0.03575759 0.9974852 5.84275
0.9814563 -0.1841472 -0.05322811 390.2398 0.1818428 0.9822814 -0.04534488 8.503955 0.06063512 0.03482487 0.9975523 5.917404
0.9808607 -0.1872914 -0.05323731 393.1223 0.1849066 0.9816461 -0.0466992 9.006587 0.06100654 0.03596148 0.9974893 6.004018
0.9804936 -0.1900291 -0.05021157 396.0126 0.1878152 0.9811416 -0.04568237 9.522934 0.05794564 0.03536078 0.9976933 6.081429
0.9794402 -0.194461 -0.05368227 398.864 0.1920332 0.9802512 -0.04723295 10.04331 0.06180707 0.03595308 0.9974403 6.18136
0.9787977 -0.1980351 -0.05231867 401.7393 0.1956647 0.979537 -0.04714562 10.59622 0.06058456 0.03590911 0.9975169 6.245398
0.9778953 -0.2013471 -0.05639274 404.6082 0.1986888 0.9788173 -0.04938909 11.13168 0.06514255 0.03709275 0.9971863 6.345654
0.9772226 -0.2050414 -0.05471867 407.5064 0.202325 0.9779725 -0.05132389 11.71246 0.06403688 0.03908392 0.9971819 6.422572
0.9765619 -0.2078451 -0.0559214 410.361 0.2048441 0.9772501 -0.05496508 12.26603 0.06607342 0.04222164 0.9969211 6.554558
0.9760188 -0.2107969 -0.0543313 413.2254 0.2079377 0.9766588 -0.05384748 12.85692 0.06441403 0.04125863 0.99707 6.627173
0.9759051 -0.2113386 -0.05426992 416.0776 0.208756 0.9767103 -0.04957731 13.43175 0.06348359 0.03705359 0.9972948 6.760973
0.9755333 -0.2127804 -0.05531104 418.9325 0.2105117 0.9765959 -0.04410143 14.01367 0.06340046 0.03137879 0.9974948 6.841044
0.975076 -0.2156269 -0.05226817 421.8222 0.2131985 0.9758124 -0.04834013 14.61072 0.06142735 0.03599181 0.9974624 6.904548
0.9745547 -0.2182477 -0.05109899 424.692 0.2158413 0.9752129 -0.04870639 15.2165 0.06046246 0.03643776 0.9975052 6.983792
0.9736847 -0.221926 -0.05183619 427.5091 0.2193145 0.9742869 -0.05163322 15.81215 0.06196208 0.03890605 0.9973199 7.074196
0.9729733 -0.2246947 -0.05324785 430.3946 0.222211 0.9737778 -0.04877677 16.43454 0.06281145 0.03562624 0.9973893 7.186383
0.9720147 -0.2281519 -0.05598409 433.2416 0.2254393 0.9729303 -0.05082849 17.0597 0.06606524 0.03678502 0.997137 7.278793
0.9711856 -0.2318538 -0.05515701 436.0408 0.2292371 0.9720916 -0.04988276 17.70304 0.06518318 0.03580139 0.9972309 7.363643
0.9703497 -0.2350343 -0.0563952 438.9014 0.2323561 0.9713349 -0.05018974 18.33593 0.06657494 0.03559783 0.9971462 7.493376
0.9694931 -0.2388486 -0.05508576 441.7354 0.2363903 0.9704919 -0.04759586 18.99537 0.06482849 0.03312211 0.9973466 7.530762
0.9682778 -0.2436547 -0.05541315 444.5637 0.2411695 0.9692992 -0.04791825 19.66167 0.06538744 0.03303421 0.997313 7.659642
0.9672157 -0.2478747 -0.05524429 447.4195 0.2455609 0.9683155 -0.04544362 20.35971 0.06475822 0.03038794 0.9974382 7.720736
0.9661658 -0.2519213 -0.05531124 450.2376 0.2495414 0.9672472 -0.0464961 21.03974 0.06521299 0.0311205 0.997386 7.801172
0.9650932 -0.2563022 -0.05389151 453.0648 0.2541468 0.9661758 -0.04374822 21.75654 0.06328143 0.02852475 0.997588 7.879429
0.9639208 -0.2603993 -0.05521755 455.862 0.2581571 0.9650738 -0.04458006 22.47361 0.06489763 0.02871685 0.9974787 7.941529
0.9630296 -0.2635971 -0.05559277 458.6956 0.2613567 0.9642184 -0.04444728 23.20239 0.06531975 0.02827451 0.9974637 8.022239
0.961702 -0.2679662 -0.05764941 461.5078 0.2654311 0.9629337 -0.04801391 23.95871 0.06837866 0.03087313 0.9971817 8.100019
0.9608161 -0.2715731 -0.05550243 464.3143 0.2690104 0.9618647 -0.04949404 24.70602 0.06682708 0.03262394 0.9972311 8.183456
0.9597899 -0.2750902 -0.05593536 467.1131 0.2725048 0.9608709 -0.04968024 25.4477 0.06741322 0.03243994 0.9971976 8.271148
0.9587188 -0.2791777 -0.05401935 469.8978 0.2767558 0.95973 -0.04821005 26.22524 0.06530318 0.03126971 0.9973754 8.349079
0.9578286 -0.281726 -0.05652232 472.6897 0.2793112 0.9590493 -0.04700597 26.99811 0.0674505 0.02923634 0.9972942 8.437562
0.9565682 -0.2855683 -0.05854889 475.4066 0.2831652 0.9579641 -0.04606946 27.77512 0.06924371 0.02748958 0.9972209 8.51785
0.955467 -0.2892117 -0.05864642 478.1921 0.2867099 0.9568383 -0.04752067 28.57154 0.06985866 0.02858993 0.9971471 8.585633
0.9543291 -0.2928195 -0.05926698 480.9413 0.2903859 0.9557849 -0.04638023 29.38294 0.07022753 0.02705171 0.9971641 8.661198
0.9535007 -0.2953798 -0.05989278 483.6635 0.2928213 0.954964 -0.04794969 30.17604 0.07135882 0.02818218 0.9970525 8.734327
0.9525969 -0.2979887 -0.06133457 486.3758 0.2954844 0.954205 -0.04670768 30.9877 0.07244412 0.02637018 0.9970238 8.834444
0.9517784 -0.3008439 -0.06009058 489.1093 0.29835 0.9532943 -0.04709064 31.81573 0.07145093 0.02689183 0.9970815 8.876574
0.9508268 -0.3037576 -0.06049607 491.8307 0.3014272 0.9524395 -0.04472608 32.63127 0.07120474 0.02429159 0.9971659 8.979835
0.9498116 -0.3068196 -0.06098899 494.5193 0.3044472 0.9514554 -0.04521635 33.47405 0.07190157 0.02437909 0.9971138 9.025872
0.9489568 -0.3094518 -0.06099705 497.2296 0.3071477 0.9506288 -0.04432891 34.30109 0.07170322 0.02333112 0.9971531 9.128179
0.9480436 -0.3124707 -0.05979497 499.9153 0.3100727 0.9495935 -0.04612015 35.16479 0.07119211 0.02518313 0.9971447 9.191632
0.9471675 -0.314896 -0.06094432 502.6088 0.3123572 0.9487658 -0.04771512 36.00706 0.07284718 0.02615782 0.997 9.262128
0.9463319 -0.3172218 -0.06185672 505.2934 0.3146881 0.9480119 -0.04737798 36.87689 0.07367025 0.02536972 0.9969599 9.380742
0.9453292 -0.320265 -0.06150608 507.9911 0.3177747 0.9470015 -0.04698359 37.75185 0.07329355 0.02486989 0.9970003 9.43653
0.9445406 -0.3228467 -0.06010959 510.6864 0.3204891 0.9461496 -0.04568807 38.63262 0.07162291 0.02388976 0.9971457 9.525444
0.9436244 -0.32546 -0.06040468 513.3911 0.3232142 0.9452977 -0.04409954 39.53621 0.07145305 0.02208975 0.9971994 9.593881
0.9429093 -0.3273001 -0.06161697 516.0659 0.3251628 0.9447122 -0.04228426 40.42488 0.07204995 0.01983468 0.9972038 9.666979
0.9418241 -0.3302237 -0.06260677 518.7578 0.3281131 0.9437162 -0.04173078 41.32897 0.07286353 0.01876095 0.9971654 9.71509
0.9409301 -0.3323833 -0.06458955 521.4154 0.3303427 0.9429975 -0.04036657 42.24117 0.07432496 0.01664543 0.9970952 9.809
0.9398709 -0.3351467 -0.06572253 524.0928 0.3330477 0.9420193 -0.04097299 43.16181 0.07564386 0.01662058 0.9969963 9.833096
0.9388022 -0.3379114 -0.06682949 526.7729 0.3357351 0.9410275 -0.04182295 44.08443 0.07702084 0.01682648 0.9968875 9.943104
0.9377005 -0.3412068 -0.06554167 529.4545 0.3388614 0.9397871 -0.04441926 45.03023 0.07675137 0.01944242 0.9968607 9.982305
0.9363945 -0.3447102 -0.06588072 532.1414 0.3422083 0.9384755 -0.0464485 45.98062 0.0778387 0.02094919 0.9967458 10.0758
0.9351365 -0.3483676 -0.06449617 534.828 0.3459175 0.9371238 -0.04625884 46.92456 0.07655598 0.02094797 0.9968452 10.16292
0.9339349 -0.3519065 -0.06266958 537.4969 0.3495762 0.9358132 -0.04527567 47.88421 0.07457982 0.02037673 0.9970068 10.21578
0.9324379 -0.3558598 -0.06263623 540.1412 0.3537736 0.9343829 -0.04210691 48.85566 0.07351038 0.01710304 0.9971478 10.30026
0.9308587 -0.3595742 -0.06487218 542.7902 0.3574103 0.9329686 -0.04274629 49.82763 0.07589418 0.01660477 0.9969776 10.35171
0.9293569 -0.3637787 -0.06293477 545.4402 0.3616186 0.9313222 -0.04325587 50.82257 0.07434811 0.01744175 0.9970798 10.44755
0.927797 -0.3675575 -0.06398652 548.0266 0.3651754 0.9297994 -0.04604284 51.80477 0.07641803 0.0193521 0.996888 10.50199
0.9266915 -0.370578 -0.06256845 550.6632 0.3682305 0.9285941 -0.04603713 52.80754 0.07516103 0.01962261 0.9969783 10.58664
0.9253119 -0.3740601 -0.06226526 553.2944 0.3715261 0.9271456 -0.04867452 53.83334 0.07593617 0.02190594 0.996872 10.66358
0.924381 -0.3763654 -0.06220094 555.8635 0.3738286 0.9262136 -0.04878976 54.83252 0.07597414 0.02184784 0.9968704 10.75093
0.9231508 -0.3794318 -0.06183979 558.4456 0.3769469 0.924975 -0.04828982 55.867 0.07552297 0.02126848 0.9969172 10.82857
0.9225551 -0.3810109 -0.06101419 560.8818 0.3787156 0.9243679 -0.04602731 56.83091 0.07393646 0.01935571 0.9970751 10.91623
0.9217152 -0.3835308 -0.05783765 562.5436 0.3813368 0.923313 -0.04555741 57.491 0.07087491 0.01993533 0.997286 10.96086
0.9219332 -0.3834339 -0.05493291 564.6094 0.3811964 0.9232955 -0.04706118 58.33816 0.06876416 0.02244704 0.9973804 11.01654
0.9215924 -0.3849665 -0.04968192 565.9645 0.3827915 0.922585 -0.04803716 58.86832 0.0643285 0.02525286 0.9976092 11.07043
0.9213749 -0.3862848 -0.04303893 567.39 0.3843007 0.9219693 -0.04780886 59.43632 0.0581484 0.02750999 0.9979289 11.06389
0.9209895 -0.3872597 -0.04252319 568.8503 0.3853027 0.9215618 -0.04759887 60.02863 0.05762088 0.02745376 0.997961 11.15066
0.9205301 -0.3885773 -0.04039712 570.1884 0.3867738 0.9210308 -0.04591518 60.56327 0.05504858 0.02664176 0.9981282 11.17124
0.9195707 -0.3905552 -0.04308485 571.8477 0.3887617 0.9202614 -0.04453766 61.24323 0.05704373 0.02420579 0.9980782 11.21679
0.9190192 -0.3921186 -0.04058063 573.449 0.3903635 0.919561 -0.04498516 61.90993 0.05495589 0.02550103 0.9981631 11.22414
0.9180019 -0.3939568 -0.04550244 575.1202 0.3919924 0.9187933 -0.04648259 62.58974 0.06011947 0.02483449 0.9978822 11.33897
0.917324 -0.3954971 -0.04581142 576.879 0.3934643 0.9181117 -0.04750536 63.33641 0.06084823 0.02555265 0.9978199 11.34415
0.9166253 -0.3969165 -0.04749191 578.6948 0.3948765 0.9175333 -0.0469617 64.08715 0.06221528 0.02429285 0.9977671 11.41395
0.9155502 -0.3990639 -0.05015782 580.4276 0.3970026 0.9166466 -0.04634756 64.81808 0.06447262 0.02252074 0.9976653 11.5106
0.914946 -0.400472 -0.04996009 582.2288 0.398374 0.9160174 -0.04701101 65.57506 0.06459091 0.02310973 0.9976442 11.51009
0.9144207 -0.4022208 -0.04531194 583.804 0.4001502 0.9151691 -0.04842933 66.22803 0.06094737 0.0261532 0.9977983 11.60294
0.9135858 -0.4039809 -0.04647997 585.0981 0.4019152 0.9144239 -0.04788598 66.79071 0.06184742 0.02506695 0.9977708 11.60624
0.9126976 -0.4054822 -0.05066933 586.5005 0.4033859 0.9138309 -0.04682943 67.36526 0.0652917 0.02230181 0.9976169 11.69181
0.9123304 -0.4062002 -0.0515227 587.7757 0.4042591 0.9135762 -0.04419322 67.91679 0.06502121 0.0194903 0.9976935 11.7306
0.9115679 -0.4080917 -0.05005153 588.8922 0.4062667 0.9127487 -0.04286482 68.40897 0.06317724 0.01873993 0.9978263 11.70561
0.9112616 -0.4085914 -0.05152949 590.1414 0.4066569 0.9125139 -0.04414065 68.94125 0.06505687 0.01926886 0.9976955 11.79966
0.9103265 -0.4100874 -0.05598134 591.3094 0.4079165 0.9118401 -0.04638907 69.4605 0.0700696 0.01939349 0.9973536 11.75859
0.9100591 -0.4109565 -0.05391818 592.4861 0.4087645 0.9114126 -0.04731496 69.96898 0.0685861 0.02101957 0.9974238 11.83239
0.9096927 -0.4115859 -0.05528294 593.681 0.4094011 0.9111524 -0.04681872 70.4923 0.06964111 0.01995775 0.9973724 11.86968
0.9095618 -0.4121311 -0.0533408 594.8139 0.4099737 0.9108851 -0.04701189 70.97888 0.06796239 0.0208919 0.9974691 11.87474
0.9088441 -0.4133972 -0.05572402 596.022 0.411358 0.9103795 -0.04465096 71.50254 0.06918859 0.01765825 0.9974473 11.95075
0.9081836 -0.4148541 -0.05566598 597.327 0.4129183 0.9097427 -0.04320237 72.07561 0.06856441 0.01625018 0.9975144 11.95288
0.9080983 -0.4158086 -0.04960541 598.4491 0.4139574 0.9092531 -0.04356923 72.55273 0.06322034 0.01903062 0.9978181 12.00191
0.9072729 -0.4172538 -0.05249053 599.6075 0.415338 0.9086136 -0.04376975 73.08202 0.0659567 0.0179098 0.9976618 12.00956
0.9067428 -0.4185353 -0.05143631 600.8698 0.4166249 0.9080125 -0.04400973 73.62714 0.06512444 0.01847586 0.9977061 12.03575
0.9066194 -0.4187885 -0.05154947 602.2313 0.4169676 0.9079221 -0.04260788 74.2404 0.06464659 0.01713467 0.9977611 12.08074
0.905811 -0.4205131 -0.05172187 603.4402 0.4185612 0.9070925 -0.04460415 74.78103 0.06567316 0.01875416 0.9976649 12.07336
0.9050713 -0.4221216 -0.05156824 604.7291 0.420047 0.9063083 -0.04653678 75.34202 0.0663809 0.02045802 0.9975846 12.14654
0.9043133 -0.4238098 -0.0510163 605.8053 0.4216855 0.9054976 -0.04749266 75.84045 0.06632299 0.02143541 0.997568 12.16091
0.9037802 -0.4252467 -0.04844179 606.8733 0.4231574 0.9047912 -0.04785771 76.3099 0.06418105 0.02275435 0.9976788 12.20068
0.9030822 -0.426966 -0.04628759 607.9614 0.4249734 0.9039778 -0.04713773 76.80485 0.06196916 0.02289825 0.9978154 12.25809
0.9023578 -0.4285374 -0.04589166 609.0748 0.426619 0.9032557 -0.04610338 77.31769 0.06120892 0.02202349 0.9978819 12.28191
0.9018716 -0.4297631 -0.04394602 610.1398 0.4279536 0.9026785 -0.0450252 77.80246 0.05901929 0.02180009 0.9980188 12.31419
0.9016606 -0.4301367 -0.04461605 611.0881 0.4284481 0.9025546 -0.04274583 78.23108 0.05865498 0.01942657 0.9980893 12.36946
0.9010835 -0.4311359 -0.04658812 612.0123 0.4295475 0.9021369 -0.0404711 78.65772 0.05947741 0.01645602 0.998094 12.35618
0.8999796 -0.4334364 -0.04657986 613.0339 0.4318685 0.9010415 -0.04017479 79.1206 0.0593836 0.01604012 0.9981064 12.39982
0.8990228 -0.4355629 -0.04519895 614.1779 0.4340963 0.9000282 -0.03885752 79.66825 0.05760521 0.0153131 0.998222 12.4145
0.8984118 -0.436819 -0.04522676 615.2789 0.4352306 0.8993865 -0.04096739 80.18999 0.05857166 0.01712151 0.9981363 12.40839
0.8976701 -0.4383636 -0.04500761 616.5559 0.436697 0.8986095 -0.04238788 80.78654 0.05902557 0.01839565 0.998087 12.47091
0.8967531 -0.4401939 -0.04542397 617.812 0.4383997 0.8976817 -0.04442051 81.40491 0.0603299 0.01992038 0.9979797 12.49085
0.8960655 -0.4415529 -0.04580091 619.0155 0.4396968 0.8970014 -0.04533624 81.97567 0.06110182 0.02048573 0.9979213 12.51629
0.8953731 -0.4431026 -0.04435135 620.1449 0.4412575 0.8962172 -0.04568155 82.50779 0.05999005 0.02133167 0.997971 12.56641
0.8943453 -0.4451463 -0.04462387 621.2424 0.4432976 0.89521 -0.04567742 83.05647 0.06028086 0.02106974 0.9979591 12.60062
0.8935928 -0.4469432 -0.04163834 622.2456 0.4451455 0.8942788 -0.04594461 83.53365 0.05777092 0.02252065 0.9980758 12.62833
0.8933122 -0.4478073 -0.03823586 623.2119 0.4462219 0.8938643 -0.04350369 84.00097 0.05365894 0.02180069 0.9983213 12.66412
0.8925214 -0.4493953 -0.03806971 624.3392 0.4478711 0.89309 -0.04244645 84.55981 0.05307491 0.02083405 0.9983732 12.68793
0.8922448 -0.4502023 -0.03488631 625.4992 0.4487666 0.8926586 -0.04206049 85.13352 0.0500773 0.02187245 0.9985058 12.7017
0.891634 -0.4513414 -0.03577179 626.645 0.4497406 0.89203 -0.04489787 85.70093 0.05217378 0.02394444 0.9983509 12.75949
0.8909137 -0.4526339 -0.03735569 627.7126 0.4509788 0.8913881 -0.04522272 86.22153 0.05376776 0.02344292 0.9982783 12.78928
0.8901216 -0.453791 -0.04192065 628.8422 0.4521454 0.8908931 -0.04329338 86.79936 0.05699296 0.01958215 0.9981825 12.82096
0.889908 -0.4538122 -0.04602333 629.7867 0.4521206 0.8909301 -0.04278655 87.26448 0.06042062 0.017268 0.9980236 12.84711
0.8889949 -0.4553259 -0.04864626 630.7991 0.4536206 0.8901887 -0.04233813 87.76415 0.06258199 0.01557143 0.9979184 12.91345
0.8886285 -0.4562716 -0.04642849 631.8715 0.4546195 0.8896917 -0.04206894 88.30363 0.06050191 0.01627637 0.9980354 12.89047
0.8884043 -0.4573341 -0.03979167 632.9545 0.4557321 0.8890619 -0.04332689 88.8294 0.05519213 0.02035745 0.9982682 12.96718
0.8877099 -0.4579648 -0.0473214 633.9893 0.4562135 0.8888077 -0.04347657 89.36386 0.06197036 0.01700592 0.9979331 12.99789
0.8874518 -0.4591854 -0.03972645 635.0033 0.4575848 0.8881087 -0.04334868 89.87664 0.05518648 0.02029164 0.9982699 12.96485
0.8871671 -0.4597956 -0.03901951 636.0134 0.458317 0.8878253 -0.0413726 90.37379 0.05366544 0.0188211 0.9983816 13.04708
0.88661 -0.4609642 -0.03787825 636.9827 0.4596331 0.8872529 -0.03898268 90.87211 0.05157721 0.01715234 0.9985217 13.02691
0.8861353 -0.4615666 -0.04147793 637.9598 0.460237 0.8869874 -0.03788547 91.3595 0.05427706 0.01448198 0.9984209 13.07498
0.8856983 -0.4628433 -0.03625761 639.0828 0.461601 0.8862821 -0.03779935 91.94713 0.04962964 0.01674227 0.9986274 13.08692
0.8854694 -0.4635419 -0.03275419 640.2473 0.4624172 0.8859071 -0.03659637 92.53844 0.04598112 0.01725887 0.9987932 13.0818
0.8843905 -0.4648299 -0.04226872 641.1577 0.4635932 0.8853148 -0.03604021 93.00136 0.05417369 0.01227813 0.9984561 13.13272
0.8846597 -0.4647678 -0.03698836 642.1357 0.4636096 0.8853122 -0.035897 93.5036 0.04943001 0.01460847 0.9986708 13.1288
0.8837076 -0.4660945 -0.04262406 643.1318 0.4648173 0.8846446 -0.03672583 94.00401 0.05482486 0.0126425 0.9984159 13.17728
0.8832778 -0.4671164 -0.04028241 644.1852 0.4657983 0.8840705 -0.03809515 94.54427 0.05340736 0.01488512 0.9984618 13.16863
0.8830172 -0.4681219 -0.03379908 645.2905 0.466832 0.8834529 -0.03973408 95.11742 0.04846029 0.01930739 0.9986385 13.18251
0.8825503 -0.4691247 -0.03204709 646.4119 0.4678076 0.8828768 -0.0410485 95.69205 0.04755049 0.02123549 0.9986431 13.23301
0.8816729 -0.470353 -0.03769652 647.394 0.4689517 0.8822937 -0.04052175 96.20693 0.05231893 0.01804908 0.9984673 13.24777
0.8813228 -0.4711475 -0.03591825 648.4966 0.4697353 0.8818365 -0.04139066 96.76495 0.05117514 0.01960646 0.9984972 13.29774
0.8807775 -0.4721149 -0.03658603 649.4902 0.4707466 0.8813478 -0.04029789 97.27957 0.05127025 0.01827072 0.9985177 13.33254
0.8807046 -0.4723534 -0.03523817 650.3633 0.4710453 0.8812199 -0.0395984 97.71123 0.04975701 0.01827572 0.9985941 13.36764
0.8803594 -0.4730602 -0.03437031 651.2567 0.4718388 0.8808588 -0.03815642 98.17591 0.04832568 0.01737411 0.9986805 13.37052
0.8801334 -0.4737351 -0.03066361 652.1846 0.4726354 0.8804826 -0.03696052 98.65168 0.04450827 0.01803748 0.9988462 13.38605
0.8798764 -0.4737923 -0.03658392 652.9842 0.4726201 0.8805128 -0.03643394 99.05085 0.04947472 0.01476707 0.9986662 13.43338
0.8794831 -0.4745434 -0.03630526 653.842 0.4733862 0.8801098 -0.0362234 99.50227 0.04914219 0.01467146 0.998684 13.42322
0.8791565 -0.4752576 -0.03484365 654.8569 0.4741207 0.8797126 -0.03627045 100.0294 0.0478902 0.01536731 0.9987344 13.43947
0.8786052 -0.4762063 -0.03578377 655.8581 0.4751123 0.8792245 -0.03510318 100.5575 0.04817833 0.01384052 0.9987429 13.47119
0.8779777 -0.4771449 -0.03857389 656.8337 0.476076 0.8787507 -0.03389249 101.0664 0.05006847 0.01139274 0.9986808 13.47623
0.8772794 -0.4782583 -0.04061783 657.8515 0.4771729 0.8781593 -0.03380176 101.6014 0.0518349 0.01027186 0.9986029 13.48371
0.8766756 -0.4792779 -0.04162399 658.8463 0.4781303 0.877599 -0.03480545 102.1275 0.05321066 0.0106114 0.9985269 13.51798
0.8757578 -0.480999 -0.04108858 659.9335 0.4798498 0.8766532 -0.0349754 102.7096 0.05284357 0.01091363 0.9985431 13.52692
0.875074 -0.4822689 -0.040771 660.9668 0.481122 0.8759538 -0.03502256 103.2616 0.05260381 0.0110315 0.9985545 13.53802
0.8744243 -0.4835883 -0.03904394 662.0732 0.482589 0.8752431 -0.03252009 103.8451 0.04989928 0.00959418 0.9987082 13.57625
