1.0 0.0 0.0 0.0 0.0 1.0 0.0 0.0 0.0 0.0 1.0 0.0
0.997989 0.002507898 -0.0633373 0.9473717 -0.002489645 0.9999968 0.0003671027 0.01619589 0.06333801 -0.0002086771 0.9979921 0.01505006
0.9978514 -0.001542236 -0.06550021 1.354533 0.001475196 0.9999983 -0.00107186 -0.007573094 0.06550176 0.0009729311 0.997852 0.05858508
0.9977665 -0.002531056 -0.06675006 4.119802 0.002479063 0.9999964 -0.0008617465 0.0348286 0.06675202 0.0006943442 0.9977694 -0.003447011
0.9979558 -0.003285541 -0.06382345 6.95812 0.003329198 0.9999943 0.000577702 0.04502656 0.06382119 -0.0007890019 0.997961 -0.02844235
0.9978403 -0.004630446 -0.0655234 9.760169 0.004683272 0.9999889 0.0006526299 0.05296557 0.06551965 -0.0009580844 0.9978508 -0.09035884
0.9980857 -0.005292851 -0.06161902 12.57127 0.005202394 0.9999851 -0.001628343 0.05983865 0.06162672 0.001304659 0.9980984 -0.150836
0.9978951 -0.007113002 -0.06445821 15.41814 0.006829991 0.9999661 -0.00460989 0.09039448 0.06448882 0.004159938 0.9979098 -0.1390021
0.9947745 -0.004727565 -0.101987 18.27648 0.003995632 0.9999647 -0.007379822 0.06846701 0.1020183 0.006933756 0.9947584 0.03010803
0.9945241 -0.002392887 -0.1044804 21.06875 0.002255428 0.9999964 -0.001433766 0.02801907 0.1044834 0.001190267 0.9945259 0.01056821
0.9942616 -0.002691114 -0.1069423 23.86756 0.002405269 0.9999932 -0.00280179 0.004015425 0.1069491 0.002528487 0.9942613 -0.03919957
0.9944367 -0.002879287 -0.1052966 26.647 0.002637354 0.9999937 -0.002436804 -0.02169423 0.1053029 0.002145543 0.9944379 -0.08409817
0.9943811 -0.003956825 -0.1057855 29.44724 0.003252304 0.9999713 -0.00683157 -0.0405825 0.1058095 0.006449137 0.9943655 -0.1107061
0.9946522 -0.00439347 -0.1031873 32.25156 0.003526347 0.9999568 -0.008584302 -0.04923517 0.1032206 0.00817452 0.9946249 -0.1377136
0.9945816 -0.004044522 -0.1038797 35.03793 0.003301622 0.9999677 -0.007322491 -0.07626531 0.103906 0.006939843 0.9945629 -0.1799713
0.9946125 -0.003938609 -0.103588 37.83942 0.003473489 0.9999832 -0.004670109 -0.09076818 0.1036046 0.004285137 0.9946094 -0.2187934
0.9944916 -0.004635628 -0.1047141 40.62734 0.00443844 0.9999881 -0.002116059 -0.1012577 0.1047226 0.001639636 0.9945001 -0.1906981
0.9945796 -0.005622886 -0.1038258 43.42315 0.005439359 0.9999831 -0.002050691 -0.1135891 0.1038356 0.00147483 0.9945934 -0.2819768
0.9948221 -0.006598128 -0.1014167 46.20295 0.006213964 0.9999721 -0.004103427 -0.1363693 0.101441 0.00345198 0.9948356 -0.2806676
0.9948251 -0.007584173 -0.1013185 48.9625 0.006983546 0.9999558 -0.00628149 -0.1409956 0.1013617 0.005541421 0.9948342 -0.3259825
0.9947559 -0.007756129 -0.1019829 51.7403 0.007000982 0.9999455 -0.007760495 -0.1549504 0.1020375 0.007005818 0.9947559 -0.3837547
0.9946179 -0.00765845 -0.1033275 54.52197 0.007025532 0.9999543 -0.006487906 -0.152274 0.1033725 0.005727056 0.9946262 -0.406755
0.9943457 -0.007622267 -0.1059179 57.31266 0.007152641 0.9999628 -0.00481303 -0.1648512 0.1059507 0.004028222 0.9943632 -0.4246612
0.9946159 -0.007747816 -0.1033403 60.06876 0.007615787 0.9999696 -0.00167212 -0.1708473 0.1033502 0.0008760991 0.9946446 -0.4610865
0.9944624 -0.008115845 -0.1047786 62.83746 0.00808272 0.9999671 -0.0007407712 -0.1727997 0.1047812 -0.000110227 0.9944953 -0.5257186
0.9946032 -0.007754076 -0.103462 65.62851 0.007781062 0.9999698 -0.0001427742 -0.1839382 0.10346 -0.0006630407 0.9946334 -0.5656044
0.9941977 -0.00777169 -0.1072874 68.37705 0.007715592 0.9999697 -0.0009379626 -0.1869089 0.1072914 0.0001047347 0.9942276 -0.6094019
0.9944133 -0.007579949 -0.1052841 71.15841 0.00763228 0.9999709 9.414993e-05 -0.1858778 0.1052803 -0.0008971817 0.9944422 -0.6654024
0.9942384 -0.007223566 -0.1069477 73.90115 0.007363423 0.9999725 0.0009128816 -0.2041803 0.1069382 -0.001695123 0.9942642 -0.6598151
0.994359 -0.007204825 -0.105822 76.68064 0.007166145 0.999974 -0.0007457507 -0.2005845 0.1058246 -1.679148e-05 0.9943848 -0.7572737
0.9944941 -0.006952133 -0.1045611 79.44297 0.006962155 0.9999758 -0.000269129 -0.2046625 0.1045605 -0.0004603237 0.9945184 -0.7993658
0.9944143 -0.005341365 -0.1054125 82.21507 0.00520084 0.9999853 -0.001607927 -0.222726 0.1054195 0.001050712 0.9944273 -0.8077646
0.9944583 -0.00445437 -0.1050369 84.97013 0.004349154 0.9999896 -0.001230733 -0.2263351 0.1050413 0.0007670912 0.9944676 -0.8886433
0.9943942 -0.003798381 -0.1056685 87.74226 0.003773294 0.9999928 -0.0004373246 -0.2399799 0.1056694 3.615482e-05 0.9944013 -0.9090693
0.9943224 -0.003266075 -0.1063596 90.49773 0.003343967 0.9999942 0.0005540145 -0.2493286 0.1063571 -0.000906532 0.9943276 -0.9763648
0.9944729 -0.00345183 -0.1049372 93.2662 0.00353665 0.9999936 0.0006222323 -0.2820818 0.1049344 -0.0009899195 0.9944786 -0.9795814
0.9946414 -0.004281607 -0.103296 96.03285 0.00444818 0.9999892 0.001382273 -0.2856831 0.103289 -0.001834345 0.9946497 -1.037807
0.9947523 -0.004272211 -0.1022226 98.79418 0.004371024 0.9999901 0.0007426662 -0.3000145 0.1022184 -0.001185586 0.9947613 -1.087908
0.9947684 -0.004603895 -0.1020515 101.5501 0.004802288 0.999987 0.001698454 -0.309079 0.1020424 -0.00217965 0.9947777 -1.138778
0.9946996 -0.005283718 -0.1026881 104.3231 0.005394275 0.9999851 0.0007989508 -0.321832 0.1026823 -0.001348644 0.9947133 -1.200673
0.9948034 -0.006324003 -0.1016183 107.09 0.00622635 0.9999799 -0.001278127 -0.3339909 0.1016243 0.0006387741 0.9948226 -1.237635
0.994948 -0.007168644 -0.1001351 109.8662 0.007167142 0.9999743 -0.0003747391 -0.3483182 0.1001352 -0.0003448368 0.9949738 -1.281936
0.9950289 -0.007653296 -0.09929267 112.603 0.007606101 0.9999707 -0.0008538658 -0.3566646 0.09929629 9.439106e-05 0.9950579 -1.353675
0.9948937 -0.008167014 -0.1005977 115.3697 0.008018739 0.999966 -0.001878231 -0.3556809 0.1006097 0.001061974 0.9949254 -1.39879
0.9947851 -0.00818099 -0.101664 118.1117 0.007732508 0.9999585 -0.004804719 -0.3590006 0.1016991 0.003993546 0.9948072 -1.433744
0.9949533 -0.008013024 -0.100019 120.8482 0.007394205 0.9999512 -0.006556203 -0.3626092 0.1000667 0.005783555 0.9949639 -1.481628
0.9949359 -0.007999338 -0.1001924 123.594 0.007741159 0.9999655 -0.002965357 -0.3866589 0.1002127 0.002174735 0.9949636 -1.466926
0.995137 -0.008219975 -0.0981572 126.3241 0.008424143 0.9999633 0.001665749 -0.3722566 0.09813988 -0.002484539 0.9951695 -1.549779
0.9947185 -0.008423288 -0.1022944 129.063 0.008640294 0.9999613 0.001678471 -0.3742604 0.1022763 -0.002553459 0.9947528 -1.594976
0.9951078 -0.008745577 -0.09840734 131.7814 0.008954657 0.9999586 0.001683152 -0.3782097 0.09838853 -0.002556122 0.9951448 -1.643421
0.9948154 -0.009080923 -0.1012907 134.5312 0.009193263 0.9999576 0.0006423318 -0.3801949 0.1012805 -0.001570193 0.9948567 -1.725997
0.9949551 -0.009643698 -0.09985664 137.246 0.009806154 0.9999512 0.001136181 -0.3818434 0.09984081 -0.002109659 0.9950012 -1.75805
0.9946642 -0.009945097 -0.1026853 139.9776 0.00969595 0.9999489 -0.00292519 -0.3831478 0.1027091 0.001913951 0.9947096 -1.812925
0.9947429 -0.01026552 -0.1018875 142.7025 0.009982602 0.9999448 -0.003286295 -0.3753652 0.1019156 0.002251916 0.9947905 -1.857174
0.994467 -0.0100969 -0.1045636 145.4304 0.009613113 0.9999406 -0.0051297 -0.3625717 0.1046091 0.004096136 0.994505 -1.895344
0.9946872 -0.00992585 -0.1024639 148.1593 0.009586606 0.999947 -0.003802778 -0.3803737 0.1024962 0.002800294 0.9947295 -1.917505
0.9949828 -0.01001086 -0.09954375 150.865 0.01011571 0.9999486 0.000548591 -0.3814186 0.09953316 -0.001552795 0.995033 -1.917698
0.9948955 -0.009846536 -0.1004286 153.5865 0.009756729 0.9999514 -0.001385386 -0.3708195 0.1004373 0.0003984598 0.9949433 -2.044347
0.9950157 -0.00988852 -0.0992267 156.2817 0.009988481 0.9999499 0.0005106429 -0.3844546 0.09921668 -0.001499222 0.9950647 -2.027404
0.9953316 -0.01009787 -0.09598393 158.9854 0.01083631 0.9999155 0.007175189 -0.3775478 0.09590337 -0.008181805 0.995357 -2.06252
0.9954088 -0.01020476 -0.0951698 161.7117 0.01022602 0.9999478 -0.0002642677 -0.3576885 0.09516752 -0.0007101543 0.995461 -2.249889
0.995407 -0.01019624 -0.09518893 164.4081 0.01012792 0.9999479 -0.001200914 -0.3829031 0.09519622 0.0002313332 0.9954585 -2.231116
0.9952741 -0.009758581 -0.09661447 167.0997 0.009878932 0.9999509 0.0007673993 -0.3680633 0.09660224 -0.00171822 0.9953216 -2.254339
0.9950445 -0.00971636 -0.09895419 169.7951 0.00958808 0.9999526 -0.001771847 -0.3532306 0.0989667 0.0008142861 0.9950904 -2.376235
0.9949709 -0.01010312 -0.09965371 172.4938 0.01074826 0.9999245 0.005939064 -0.3505716 0.0995862 -0.0069803 0.9950045 -2.360233
0.9946188 -0.01035487 -0.1030834 175.1581 0.01071014 0.9999385 0.0028935 -0.3496265 0.1030471 -0.003981967 0.9946685 -2.445873
0.9949131 -0.01078552 -0.1001579 177.8441 0.01090162 0.9999405 0.0006119128 -0.3402538 0.1001453 -0.001700684 0.9949714 -2.517789
0.9947283 -0.01127025 -0.101924 180.5437 0.01178198 0.9999208 0.004420033 -0.3376963 0.1018661 -0.005597599 0.9947824 -2.51434
0.9944817 -0.0113643 -0.1042932 183.2316 0.01163862 0.9999303 0.002022088 -0.3279365 0.1042629 -0.003224758 0.9945446 -2.625379
0.994244 -0.01199312 -0.1064661 185.895 0.01252823 0.999912 0.004358682 -0.3148994 0.1064045 -0.005667426 0.9943068 -2.693725
0.9936101 -0.01226533 -0.1121981 188.5685 0.01282121 0.9999088 0.004234203 -0.295474 0.1121359 -0.005645662 0.9936768 -2.730032
0.9927146 -0.01251881 -0.1198371 191.2378 0.01267126 0.9999197 0.0005102688 -0.2755372 0.1198211 -0.002025039 0.9927934 -2.806086
0.9925156 -0.0134663 -0.1213727 193.9191 0.01378003 0.9999036 0.001745793 -0.263711 0.1213375 -0.003405247 0.9926054 -2.843111
0.9921973 -0.01546655 -0.1237146 196.5711 0.01567727 0.9998769 0.0007299726 -0.2471065 0.1236881 -0.002663785 0.9923176 -2.860155
0.9925497 -0.01786016 -0.1205245 199.2314 0.01844438 0.999823 0.003733413 -0.2124253 0.1204365 -0.005928598 0.9927033 -2.933483
0.992202 -0.02018382 -0.1229952 201.9056 0.02114404 0.9997551 0.006506576 -0.1817738 0.1228338 -0.009056454 0.9923859 -2.983146
0.9915681 -0.02187497 -0.1277264 204.5754 0.02256241 0.9997376 0.003937577 -0.1479758 0.1276068 -0.006786192 0.9918016 -3.048496
0.9913554 -0.02325532 -0.1291269 207.221 0.02377614 0.9997141 0.002493083 -0.1086727 0.129032 -0.005541671 0.991625 -3.115057
0.9911715 -0.02479005 -0.1302479 209.8965 0.02540121 0.9996727 0.003032797 -0.06153293 0.1301301 -0.006314477 0.9914768 -3.161659
0.9909101 -0.02562751 -0.1320623 212.5706 0.02631222 0.9996477 0.003442029 -0.009735296 0.1319275 -0.006885593 0.9912354 -3.205523
0.9910691 -0.0259822 -0.1307933 215.2081 0.02695483 0.9996204 0.005671197 0.02513551 0.1305963 -0.009146059 0.9913934 -3.25258
0.9912303 -0.0271338 -0.1293298 217.8929 0.02807319 0.9995909 0.005445725 0.08540514 0.1291292 -0.009028669 0.9915867 -3.352252
0.9907854 -0.02739265 -0.1326425 220.5302 0.02831572 0.9995862 0.005077419 0.1445365 0.1324486 -0.0087865 0.9911509 -3.421513
0.9903192 -0.02818081 -0.1359183 223.2038 0.02880867 0.9995816 0.002654276 0.2008832 0.1357866 -0.006544206 0.9907165 -3.430517
0.9903092 -0.02926582 -0.1357614 225.8798 0.029635 0.9995606 0.0006986884 0.2699969 0.1356813 -0.004715208 0.9907413 -3.508357
0.9902366 -0.02954714 -0.1362292 228.5203 0.03049472 0.999523 0.004873723 0.3192193 0.1360202 -0.00898041 0.9906654 -3.550954
0.9899685 -0.03097675 -0.1378508 231.1818 0.03197771 0.9994757 0.005051963 0.397003 0.137622 -0.009409437 0.9904401 -3.607638
0.9896266 -0.0320314 -0.1400468 233.8315 0.03267387 0.9994633 0.002290098 0.4506669 0.1398983 -0.006842212 0.9901422 -3.677688
0.9895745 -0.03291959 -0.1402093 236.4844 0.03358566 0.999433 0.002386382 0.5141928 0.1400512 -0.007070525 0.990119 -3.694718
0.9892671 -0.03411821 -0.1420793 239.1429 0.03472495 0.9993953 0.001792459 0.5910351 0.1419322 -0.006706915 0.9898537 -3.773711
0.9893486 -0.03480953 -0.1413419 241.8051 0.03588438 0.999343 0.005062209 0.6594528 0.1410728 -0.01008025 0.9899479 -3.803027
0.989028 -0.03649476 -0.1431491 244.4493 0.03814679 0.9992334 0.008812223 0.7436475 0.1427177 -0.01417621 0.9896619 -3.868884
0.9885676 -0.03754453 -0.1460292 247.0996 0.03927741 0.9991878 0.009000505 0.8271704 0.1455727 -0.01463326 0.9892393 -3.992145
0.9882492 -0.03849722 -0.1479242 249.7604 0.04012921 0.9991621 0.008062921 0.8911378 0.1474898 -0.01390425 0.9889659 -4.016264
0.9884576 -0.03988485 -0.1461537 252.4268 0.0410226 0.9991467 0.004777677 0.9891058 0.1458384 -0.01071814 0.9892504 -4.063126
0.9887619 -0.04077211 -0.1438316 255.062 0.0417046 0.9991241 0.003473034 1.073938 0.143564 -0.009432442 0.9895961 -4.154845
0.988699 -0.04103388 -0.1441892 257.7311 0.0421013 0.9991038 0.004358225 1.16314 0.1438812 -0.01037953 0.9895405 -4.18636
0.9883771 -0.04115457 -0.1463454 260.3888 0.04246562 0.9990809 0.005844428 1.250301 0.1459703 -0.01199115 0.9892163 -4.254429
0.9882057 -0.04156569 -0.1473832 263.0311 0.04315237 0.9990398 0.007583266 1.342301 0.1469265 -0.01385376 0.9890504 -4.321558
0.9881079 -0.04279139 -0.1476877 265.6879 0.04450505 0.9989744 0.008316791 1.438447 0.1471804 -0.01479074 0.9889991 -4.364902
0.9880217 -0.04372363 -0.1479911 268.3395 0.04538942 0.9989382 0.007895969 1.53811 0.1474887 -0.01451862 0.9889572 -4.451636
0.9878983 -0.0450337 -0.1484216 271.0028 0.04708553 0.9988372 0.01033788 1.645641 0.1477835 -0.01720129 0.9888701 -4.510748
0.9876238 -0.04585864 -0.1499873 273.6574 0.04798124 0.9987923 0.01056192 1.738511 0.1493218 -0.01762778 0.9886315 -4.579087
0.9877633 -0.04686885 -0.1487514 276.3333 0.04843671 0.9988023 0.006933045 1.856571 0.1482483 -0.01405323 0.9888503 -4.649083
0.9877461 -0.0476292 -0.1486237 279.0138 0.04938644 0.9987464 0.008153297 1.95775 0.1480491 -0.01539338 0.9888602 -4.706164
0.9877273 -0.04908084 -0.1482764 281.6823 0.05107922 0.9986476 0.009697335 2.08176 0.1475999 -0.01715217 0.9888984 -4.779325
0.9875631 -0.05022734 -0.1489847 284.3656 0.05250885 0.9985551 0.01141747 2.192579 0.1481959 -0.01909848 0.9887736 -4.830176
0.9874647 -0.05174617 -0.149117 287.0471 0.05414053 0.9984608 0.0120398 2.307889 0.1482645 -0.01996215 0.9887462 -4.911952
0.9875287 -0.05355134 -0.1480518 289.7298 0.05552656 0.9984145 0.00923756 2.442218 0.1473224 -0.01734316 0.9889365 -4.996251
0.9874981 -0.05559941 -0.1475 292.4033 0.05785495 0.9982638 0.01104252 2.572501 0.14663 -0.01943808 0.9890004 -5.051302
0.9872502 -0.05732526 -0.1484952 295.104 0.05959578 0.9981632 0.01088233 2.717436 0.1475986 -0.01959327 0.9888533 -5.134002
0.9870313 -0.0594253 -0.1491232 297.7475 0.06165277 0.998044 0.01035489 2.848792 0.1482162 -0.01941446 0.9887644 -5.201596
0.9869388 -0.06127913 -0.1489854 300.4748 0.06359314 0.9979173 0.01081338 3.007395 0.1480125 -0.0201466 0.9887803 -5.267065
0.9867478 -0.06243299 -0.1497695 303.1514 0.0647249 0.9978482 0.01047279 3.14936 0.1487934 -0.02002782 0.9886655 -5.34345
0.98654 -0.06466551 -0.1501904 305.8596 0.06719442 0.9976698 0.01181933 3.310641 0.1490761 -0.0217522 0.9885864 -5.404353
0.9864082 -0.06708968 -0.1499924 308.5755 0.06958141 0.9975109 0.01142051 3.492352 0.1488529 -0.02170197 0.9886212 -5.478253
0.9865129 -0.06989612 -0.1480097 311.2719 0.07207545 0.9973547 0.009405609 3.655143 0.1469608 -0.01994662 0.9889412 -5.560164
0.9864848 -0.07233112 -0.1470238 313.972 0.0747739 0.9971381 0.01114909 3.831325 0.1457966 -0.02199196 0.9890701 -5.627625
0.9861186 -0.07504401 -0.1481165 316.7012 0.07753076 0.9969285 0.01107929 4.01573 0.1468302 -0.02240908 0.9889079 -5.704539
0.9859313 -0.07713071 -0.1482913 319.4005 0.07978116 0.9967402 0.01199979 4.213077 0.1468823 -0.02366183 0.9888709 -5.78468
0.9855126 -0.08015869 -0.1494638 322.1121 0.0828312 0.9964947 0.01173186 4.414554 0.1479995 -0.02394216 0.9886976 -5.848354
0.9852441 -0.08273722 -0.1498285 324.8216 0.08535203 0.996289 0.01109537 4.617291 0.1483545 -0.02371981 0.9886497 -5.940352
0.9849603 -0.08472036 -0.1505841 327.5236 0.08735359 0.9961172 0.01094675 4.834933 0.149072 -0.02393617 0.9885366 -5.994795
0.9845325 -0.0871345 -0.1519977 330.2222 0.08951635 0.9959457 0.008885138 5.052236 0.1506072 -0.02235398 0.9883409 -6.075432
0.984523 -0.08890191 -0.1510326 332.9626 0.09133705 0.9957769 0.009249382 5.283057 0.1495726 -0.02290111 0.9884855 -6.142766
0.9843418 -0.09042583 -0.1513089 335.6846 0.09328252 0.995569 0.01187469 5.516912 0.1495646 -0.02580323 0.9884152 -6.187618
0.9840685 -0.09238441 -0.1519023 338.3873 0.09549439 0.9953412 0.01329152 5.753514 0.1499667 -0.02758558 0.9883061 -6.305807
0.9838212 -0.09366659 -0.1527167 341.1129 0.09698253 0.9951819 0.01439371 6.004059 0.1506327 -0.02897169 0.9881652 -6.36863
0.9835734 -0.09497514 -0.1535024 343.8449 0.09794243 0.9951214 0.0118681 6.245881 0.1516263 -0.02670755 0.988077 -6.427023
0.9835362 -0.09696475 -0.152494 346.5612 0.09977752 0.9949502 0.01088371 6.501107 0.1506686 -0.02591999 0.9882445 -6.541615
0.9835673 -0.09806885 -0.1515846 349.3042 0.1009039 0.9948341 0.01110633 6.731793 0.1497123 -0.0262193 0.9883819 -6.58282
0.9833692 -0.1002336 -0.1514538 352.0206 0.1032702 0.9945773 0.01229864 7.00139 0.1493997 -0.02773476 0.9883878 -6.670961
0.9833241 -0.1022793 -0.1503755 354.7424 0.1057638 0.9942729 0.01533861 7.263022 0.1479455 -0.03098711 0.98851 -6.742912
0.9828129 -0.1050441 -0.151804 357.4887 0.1082925 0.9940305 0.01326843 7.537047 0.1495041 -0.02947962 0.9883215 -6.798621
0.98273 -0.1084115 -0.1499625 360.2139 0.1116534 0.9936577 0.01334487 7.824683 0.1475646 -0.02985823 0.9886016 -6.920555
0.9824012 -0.1109005 -0.1502963 362.9557 0.1140204 0.9934025 0.01227579 8.10686 0.1479433 -0.0291966 0.9885648 -6.966639
0.9819848 -0.113934 -0.1507477 365.6866 0.1169533 0.9930732 0.01128795 8.400335 0.1484175 -0.02871504 0.9885078 -7.059862
0.9818142 -0.1168049 -0.1496579 368.4334 0.1199357 0.9927087 0.01203608 8.699587 0.1471609 -0.02976653 0.9886646 -7.115648
0.9813267 -0.1195805 -0.1506601 371.15 0.1231292 0.9922858 0.01441632 9.012 0.147774 -0.03269778 0.9884805 -7.204459
0.9812294 -0.1223363 -0.1490726 373.8752 0.1259131 0.9919316 0.0147605 9.331604 0.146064 -0.03325363 0.9887161 -7.298871
0.9809718 -0.1249356 -0.1486118 376.6443 0.1284061 0.9916236 0.01395367 9.6608 0.1456236 -0.03277082 0.9887972 -7.360901
0.9803968 -0.1282712 -0.1495615 379.3572 0.1315914 0.9912255 0.01247725 9.996927 0.1466487 -0.03191366 0.9886737 -7.457651
0.9802391 -0.1311108 -0.1481258 382.0958 0.1348024 0.9907571 0.01511956 10.3371 0.1447743 -0.03478849 0.988853 -7.543077
0.9795064 -0.1331876 -0.1510906 384.8419 0.1367543 0.990514 0.01341902 10.68394 0.1478701 -0.03380631 0.9884288 -7.609703
0.9792987 -0.1362063 -0.1497399 387.5956 0.1397549 0.9900955 0.01338707 11.04186 0.1464334 -0.03403683 0.9886348 -7.708066
0.9791024 -0.1380505 -0.1493338 390.3536 0.1413419 0.9898927 0.01160525 11.41057 0.1462224 -0.03246986 0.9887187 -7.759123
0.9786516 -0.1415683 -0.1489946 393.1065 0.1449771 0.9893596 0.01221593 11.78602 0.1456798 -0.03355595 0.9887626 -7.86591
0.9783536 -0.1444482 -0.1481857 395.8242 0.1479471 0.9889123 0.01280815 12.16255 0.1446925 -0.03445455 0.9888766 -7.938121
0.9775751 -0.1471337 -0.1506607 398.5874 0.1506682 0.9885085 0.01225609 12.54475 0.1471261 -0.03468101 0.9885095 -8.00174
0.9772657 -0.1502701 -0.149568 401.3149 0.1538094 0.9880239 0.01231688 12.95121 0.1459259 -0.03504184 0.9886747 -8.08624
0.9767233 -0.1535187 -0.1498117 404.082 0.1568651 0.9875619 0.01071057 13.36364 0.1463041 -0.0339615 0.9886565 -8.171151
0.9763805 -0.1564397 -0.149023 406.8313 0.1598118 0.9870877 0.01085357 13.77252 0.1454008 -0.03441285 0.9887742 -8.24128
0.9756616 -0.1592448 -0.1507498 409.5686 0.1625853 0.9866437 0.0100193 14.20278 0.1471408 -0.03428514 0.9885212 -8.316516
0.9748651 -0.1626182 -0.1522938 412.3087 0.1659191 0.9860971 0.009136406 14.62864 0.1486908 -0.03417522 0.9882931 -8.379564
0.9747287 -0.1649819 -0.1506152 415.0544 0.1685982 0.985618 0.01147554 15.08171 0.1465558 -0.03657899 0.9885259 -8.473717
0.973891 -0.1671198 -0.1536466 417.8341 0.1705613 0.9853023 0.00940177 15.52187 0.1498171 -0.03536245 0.9880812 -8.485874
0.97363 -0.1688723 -0.1533844 420.5556 0.1725675 0.9849364 0.01100758 15.9936 0.149215 -0.03718647 0.9881053 -8.640385
0.9731953 -0.171049 -0.1537311 423.3186 0.1746042 0.9845898 0.009827947 16.44365 0.149681 -0.03640661 0.9880638 -8.656245
0.9726123 -0.1736627 -0.1544881 426.0712 0.1775182 0.9840513 0.01141422 16.92439 0.1500421 -0.03852606 0.9879287 -8.741611
0.9724998 -0.1756203 -0.1529755 428.8145 0.1792587 0.9837488 0.01021554 17.38475 0.1486954 -0.0373568 0.9881772 -8.814692
0.9719704 -0.1775337 -0.1541273 431.58 0.1812115 0.983393 0.0100358 17.86436 0.149786 -0.03768414 0.988 -8.87843
0.9718838 -0.1795935 -0.1522763 434.3006 0.1830185 0.9830712 0.008664738 18.356 0.1481423 -0.03629049 0.9883 -8.954471
0.9713587 -0.1818221 -0.1529802 437.0627 0.185321 0.9826387 0.008810263 18.8447 0.1487223 -0.03690836 0.98819 -9.032202
0.9711282 -0.1836377 -0.1522736 439.8144 0.187112 0.9823003 0.008684194 19.34927 0.1479837 -0.03692568 0.9883002 -9.092196
0.9708735 -0.1853317 -0.151845 442.5971 0.1883268 0.9820912 0.005458797 19.84999 0.1481139 -0.03389628 0.9883893 -9.161655
0.9703141 -0.1879931 -0.1521486 445.3348 0.1911866 0.9815321 0.006505611 20.36475 0.1481157 -0.03540126 0.9883362 -9.220152
0.9698129 -0.1896784 -0.1532486 448.1056 0.1932778 0.9811045 0.008802403 20.89474 0.1486833 -0.03815624 0.9881485 -9.285591
0.9694347 -0.191237 -0.1537032 450.8379 0.195301 0.980674 0.01164807 21.41049 0.1485052 -0.04131041 0.9880484 -9.372923
0.9693595 -0.1934737 -0.151361 453.6124 0.1979655 0.9800936 0.01504642 21.93185 0.1454369 -0.04454966 0.988364 -9.408869
0.9684617 -0.1950167 -0.1550822 456.3808 0.1995702 0.9797806 0.01420244 22.46804 0.1491768 -0.04470431 0.9877995 -9.509868
0.9683589 -0.1967492 -0.1535278 459.1319 0.200985 0.9795156 0.01241953 23.00894 0.1479393 -0.04288334 0.9880663 -9.609538
0.9675174 -0.1990143 -0.1558955 461.9017 0.2026636 0.9792181 0.007711256 23.55262 0.151121 -0.03905512 0.9877434 -9.670903
0.9675362 -0.2013834 -0.1527036 464.6514 0.2049202 0.9787489 0.00762153 24.09758 0.1479236 -0.03866615 0.9882426 -9.748549
0.9666469 -0.2038359 -0.1550634 467.4113 0.2075978 0.9781792 0.008292181 24.65969 0.1499896 -0.04020645 0.9878697 -9.808893
0.966489 -0.2059295 -0.153271 470.172 0.2104787 0.9774998 0.0138923 25.2304 0.1469616 -0.04568705 0.9880865 -9.899011
0.9661254 -0.2080173 -0.1527436 472.937 0.2125492 0.9770532 0.01378228 25.8009 0.1463717 -0.04578094 0.9881697 -9.921528
0.9657655 -0.2107202 -0.1513074 475.6895 0.2151561 0.976488 0.01338111 26.38791 0.1449302 -0.04547773 0.9883962 -10.07574
0.9655612 -0.2122843 -0.1504227 478.4478 0.2169693 0.9760592 0.0152573 26.96627 0.1435825 -0.04736895 0.9885041 -10.1348
0.9643397 -0.2147426 -0.1547082 481.2255 0.2204703 0.9751748 0.02066321 27.55394 0.1464303 -0.05403492 0.9877441 -10.20729
0.9639937 -0.2172504 -0.1533575 483.9992 0.2236512 0.9743332 0.02558804 28.17096 0.1438623 -0.0589653 0.9878394 -10.3438
0.9634782 -0.2200867 -0.1525503 486.7761 0.2257648 0.9739611 0.02073789 28.78199 0.1440139 -0.05442099 0.9880781 -10.43269
0.9630181 -0.2237727 -0.1500728 489.5452 0.2287226 0.9733542 0.01635101 29.41068 0.1424151 -0.05007136 0.9885398 -10.5368
0.9624083 -0.2264136 -0.1500237 492.3417 0.2313962 0.9727213 0.0163995 30.03146 0.1422181 -0.05049793 0.9885464 -10.62371
0.9618347 -0.2288629 -0.1499857 495.0995 0.2348785 0.9717414 0.02345952 30.67698 0.1403784 -0.0577926 0.9884098 -10.73242
0.9608105 -0.2318488 -0.151952 497.8814 0.2383095 0.9708537 0.0255281 31.3272 0.1416045 -0.06073926 0.9880581 -10.81251
0.9600416 -0.2348504 -0.152202 500.637 0.2413239 0.9701152 0.02528904 31.97349 0.1417144 -0.06100852 0.9880258 -10.94227
0.9595274 -0.2385595 -0.1496543 503.425 0.2447038 0.9693054 0.02380791 32.65007 0.1393812 -0.05946533 0.9884517 -11.03942
0.958438 -0.2424292 -0.150415 506.2051 0.2488566 0.9682124 0.02520123 33.3383 0.1395242 -0.06158559 0.9883017 -11.19
0.9581586 -0.2447163 -0.1484791 508.9687 0.2512301 0.9675636 0.026533 34.01586 0.1371699 -0.06272522 0.9885595 -11.2756
0.9570029 -0.2463766 -0.1531147 511.7332 0.2537772 0.966781 0.03052116 34.72248 0.1405087 -0.06806584 0.987737 -11.42048
0.9573191 -0.2481719 -0.1481581 514.51 0.25535 0.966343 0.03126609 35.41371 0.1354122 -0.06776381 0.9884693 -11.53058
0.9565626 -0.249974 -0.1500036 517.2702 0.2571253 0.9659116 0.03002369 36.11337 0.1373851 -0.06728926 0.9882295 -11.65811
0.9564839 -0.2533051 -0.1448278 520.024 0.261122 0.9645785 0.03746741 36.839 0.130207 -0.07365468 0.9887472 -11.83142
0.9558653 -0.253823 -0.1479713 522.7848 0.262489 0.9640208 0.04199091 37.56131 0.1319891 -0.07897848 0.9880998 -12.00819
0.9553316 -0.2554127 -0.1486809 525.5687 0.2636499 0.9638586 0.0382788 38.29486 0.1335305 -0.07576864 0.9881441 -12.11717
0.9548147 -0.2564969 -0.1501274 528.3494 0.2639023 0.9640404 0.03133637 39.02289 0.1366912 -0.0695394 0.9881699 -12.29136
0.9547626 -0.258323 -0.1473013 531.0927 0.2654287 0.9636488 0.03047303 39.76633 0.1340748 -0.06819248 0.9886221 -12.43359
0.9539207 -0.2589605 -0.1515743 533.8543 0.2661434 0.963502 0.02883517 40.50118 0.1385749 -0.06784694 0.9880252 -12.53317
0.9538812 -0.2619244 -0.1466501 536.6094 0.2695781 0.9623549 0.03464907 41.24593 0.132054 -0.07258475 0.9885814 -12.67371
0.9530763 -0.2662534 -0.1440648 539.3638 0.2736645 0.9612252 0.0339683 42.00155 0.1294345 -0.0717998 0.9889851 -12.79161
0.9522127 -0.2700925 -0.1426221 542.0949 0.2776198 0.9600371 0.03543836 42.76053 0.1273509 -0.07333958 0.9891426 -13.00183
0.951471 -0.2731239 -0.1417968 544.8304 0.2806923 0.9591206 0.03605006 43.52256 0.1261541 -0.07410184 0.9892392 -13.11609
0.9504608 -0.276535 -0.14196 547.5223 0.2842423 0.9580448 0.03682931 44.29461 0.1258194 -0.07535585 0.989187 -13.2871
0.9496056 -0.2798729 -0.1411394 550.2387 0.2872755 0.957219 0.03470862 45.08187 0.1253873 -0.0735054 0.9893811 -13.44811
0.948237 -0.2826986 -0.1446656 552.9316 0.2905676 0.9561745 0.03606758 45.87 0.1281293 -0.07623573 0.9888231 -13.59185
0.9474413 -0.2854395 -0.144497 555.6384 0.293529 0.9552063 0.03770262 46.66808 0.1272626 -0.07813507 0.9887867 -13.73369
0.9461637 -0.287724 -0.1482874 558.3224 0.2958769 0.9545574 0.03573408 47.46576 0.1312672 -0.07768509 0.9882985 -13.88327
0.9455414 -0.2905878 -0.1466634 560.9729 0.2986214 0.953707 0.03561468 48.27409 0.1295247 -0.077472 0.9885451 -14.04378
0.9447544 -0.2928543 -0.147226 563.6417 0.3009062 0.9530015 0.03526483 49.08031 0.1299791 -0.07761782 0.988474 -14.16843
0.9442507 -0.295391 -0.145378 566.312 0.3033191 0.9522361 0.03526855 49.90326 0.1280162 -0.07739827 0.9887474 -14.3266
0.9433928 -0.297845 -0.1459402 568.9727 0.3056807 0.951525 0.03405564 50.73055 0.1287224 -0.07673896 0.9887071 -14.46176
0.9424652 -0.2995522 -0.1484174 571.5935 0.3077112 0.950839 0.03490964 51.54299 0.1306638 -0.07857084 0.9883084 -14.62472
0.9421422 -0.3013955 -0.1467272 574.2534 0.3092776 0.9503745 0.0337014 52.37431 0.1292884 -0.07713096 0.9886027 -14.72791
0.9411265 -0.3035836 -0.1487213 576.9046 0.3118531 0.9494748 0.03528888 53.2272 0.130494 -0.07959048 0.9882493 -14.90191
0.9404036 -0.3055325 -0.1493018 579.5341 0.3137371 0.9488897 0.03431206 54.06804 0.1311875 -0.0791087 0.9881961 -15.02236
0.9393618 -0.3079361 -0.1509133 582.1567 0.3163592 0.9480009 0.03480171 54.91969 0.1323492 -0.0804342 0.9879342 -15.15707
0.9389931 -0.3102267 -0.1484971 584.7938 0.3185258 0.9472603 0.03520667 55.7747 0.1297433 -0.08035896 0.988286 -15.30559
0.9378526 -0.3129247 -0.1500356 587.3931 0.3212887 0.9463506 0.0345587 56.63327 0.131172 -0.0806157 0.9880764 -15.42804
0.9372702 -0.3147742 -0.1498059 590.0242 0.3231415 0.9457178 0.03460014 57.50266 0.1307829 -0.08083817 0.9881098 -15.61742
0.9365709 -0.3168366 -0.1498314 592.6118 0.3251795 0.9450315 0.03425878 58.36108 0.130741 -0.08080788 0.9881179 -15.72754
0.9355332 -0.3184343 -0.1528964 595.2033 0.3269207 0.9444638 0.0333256 59.22705 0.1337931 -0.0811622 0.9876801 -15.88947
0.9352043 -0.3207279 -0.1500888 597.8182 0.3287978 0.9438657 0.03177539 60.1173 0.1314724 -0.07906536 0.9881617 -16.01488
0.9341857 -0.3228123 -0.1519519 600.3969 0.330688 0.9432921 0.02907277 60.99713 0.13395 -0.07740803 0.9879602 -16.1434
0.9339955 -0.3249034 -0.1486272 602.9634 0.3327194 0.942534 0.03045119 61.87444 0.1301925 -0.07789242 0.9884244 -16.29263
0.9339084 -0.326054 -0.1466418 605.5366 0.3341252 0.9419309 0.0335646 62.75343 0.1271825 -0.08034298 0.98862 -16.40016
0.9336083 -0.326947 -0.1465648 608.0978 0.3353436 0.9414041 0.03609565 63.63053 0.1261753 -0.08284874 0.9885423 -16.572
0.9331312 -0.3291969 -0.1445531 610.6445 0.3375826 0.94056 0.03721433 64.53393 0.12371 -0.08352445 0.988797 -16.68472
0.9324566 -0.3304977 -0.1459313 613.1961 0.3388614 0.9401463 0.03602586 65.41894 0.1252903 -0.08304304 0.9886386 -16.85038
0.9319054 -0.3317787 -0.1465446 615.7161 0.3401641 0.939688 0.03570449 66.30009 0.1258602 -0.0831224 0.9885595 -17.00666
0.9319557 -0.3317902 -0.1461977 618.2648 0.3401144 0.9397155 0.03545263 67.20555 0.1256214 -0.08276422 0.9886199 -17.11727
0.9320634 -0.3317845 -0.1455226 620.7782 0.3400342 0.9397497 0.03531424 68.08408 0.1250381 -0.08239779 0.9887245 -17.27905
0.931928 -0.3326362 -0.1444418 623.3173 0.3408386 0.9394474 0.03560463 68.98455 0.1238521 -0.08241227 0.9888725 -17.37604
0.9314403 -0.3336897 -0.1451557 625.8596 0.3417622 0.9391701 0.03403073 69.88408 0.1249702 -0.08130632 0.9888234 -17.519
0.9314899 -0.3356124 -0.1403244 628.4058 0.3434527 0.9385078 0.03526046 70.78366 0.1198617 -0.08103956 0.9894775 -17.66817
0.9307562 -0.3374394 -0.1408103 630.9105 0.3456397 0.9376062 0.03778903 71.69183 0.1192731 -0.08384199 0.9893152 -17.79527
0.9299845 -0.3393884 -0.1412249 633.4033 0.3473825 0.9370447 0.03567551 72.59368 0.1202262 -0.08223674 0.9893345 -17.94347
0.9296639 -0.3416494 -0.1378434 635.9415 0.3494008 0.9362867 0.03586336 73.50435 0.1168082 -0.08150345 0.9898046 -18.08834
0.9289959 -0.3438133 -0.1369637 638.4584 0.3514418 0.9355438 0.03530592 74.41632 0.1159969 -0.08093382 0.9899467 -18.20198
0.928238 -0.3464645 -0.1354127 640.9656 0.353976 0.9345906 0.03523716 75.333 0.114347 -0.08064132 0.9901625 -18.35662
0.9272301 -0.3492366 -0.1351967 643.4616 0.3567562 0.9335304 0.03529754 76.26669 0.1138831 -0.08096121 0.9901899 -18.48673
0.9261913 -0.351563 -0.1362835 645.9415 0.3591781 0.9326046 0.03520856 77.18604 0.1147206 -0.08155992 0.990044 -18.61252
0.925429 -0.3540534 -0.1350088 648.44 0.361833 0.9314911 0.03742797 78.12772 0.112508 -0.08348757 0.9901372 -18.74061
0.9242488 -0.357325 -0.1344727 650.959 0.364984 0.930295 0.03657472 79.10034 0.1120302 -0.08288451 0.9902421 -18.88169
0.9228535 -0.3607327 -0.1349569 653.454 0.3682399 0.9290837 0.03468203 80.05318 0.1128753 -0.08170296 0.9902443 -19.04135
0.9218038 -0.3640082 -0.1333257 655.9495 0.3713332 0.9278743 0.03406998 81.02295 0.1113077 -0.08091408 0.9904865 -19.16689
0.9205443 -0.3674085 -0.1326998 658.4299 0.3747293 0.9264997 0.03429532 81.98743 0.110346 -0.08129686 0.9905627 -19.30068
0.919418 -0.3704656 -0.1320067 660.9011 0.3778626 0.9251875 0.03532832 82.9571 0.109043 -0.08236188 0.9906191 -19.42071
0.9179515 -0.373889 -0.1325595 663.3729 0.3811432 0.9239116 0.03342378 83.95374 0.1099765 -0.08120556 0.9906113 -19.55587
0.9167858 -0.3772068 -0.1312201 665.8383 0.3842928 0.9226317 0.03270244 84.94768 0.1087323 -0.08040809 0.9908137 -19.71425
0.9154742 -0.3794584 -0.1338595 668.3164 0.3869897 0.9214344 0.03461105 85.96259 0.1102093 -0.08348776 0.9903957 -19.8166
0.9146875 -0.3805322 -0.1361691 670.7703 0.3884367 0.9207677 0.03610516 86.97048 0.1116409 -0.08591802 0.9900275 -19.97454
0.9140357 -0.3821309 -0.1360688 673.2292 0.3901902 0.9199716 0.03746816 87.97124 0.1108617 -0.08733995 0.9899906 -20.07255
0.9130108 -0.3842249 -0.1370489 675.6949 0.3924891 0.9189552 0.03839039 88.99778 0.1111912 -0.08884101 0.9898201 -20.21266
0.9121515 -0.3872293 -0.1342878 678.1662 0.3947434 0.9181743 0.03367276 90.03818 0.1102605 -0.08372386 0.9903701 -20.34951
0.9112879 -0.3897951 -0.1327183 680.6345 0.3969919 0.9172695 0.03184804 91.06228 0.1093243 -0.08171084 0.990642 -20.47409
0.9103276 -0.3925057 -0.1313124 683.0637 0.3999966 0.9158294 0.03548601 92.1004 0.1063313 -0.0848284 0.9907057 -20.60843
0.9088634 -0.3934934 -0.1383119 685.4963 0.4019245 0.914871 0.03831068 93.15415 0.1114625 -0.09041013 0.9896474 -20.78301
0.9069843 -0.3942436 -0.14816 687.9465 0.4030005 0.9145913 0.03336529 94.20277 0.1223518 -0.08997037 0.9884004 -20.93577
0.9056973 -0.3965574 -0.1498486 690.3883 0.4050786 0.9137865 0.03009634 95.25728 0.1249947 -0.08795863 0.9882508 -20.95589
0.9040149 -0.3988007 -0.153997 692.8129 0.4075435 0.9127333 0.02874556 96.3427 0.1290944 -0.08874688 0.9876531 -21.11238
0.9032293 -0.4005179 -0.1541504 695.2462 0.4095658 0.9117585 0.03085457 97.39156 0.1281901 -0.09100349 0.9875655 -21.27566
0.902861 -0.4026501 -0.1507148 697.6839 0.4117755 0.9106567 0.0338388 98.45303 0.1236242 -0.09261239 0.9879979 -21.29149
0.9008706 -0.4047353 -0.1569123 700.1356 0.414496 0.9094157 0.03399677 99.53969 0.1289388 -0.09566621 0.9870272 -21.42942
0.9000242 -0.4077612 -0.1539068 702.5344 0.4167666 0.9085126 0.03017285 100.6265 0.1275229 -0.0912995 0.9876246 -21.64567
0.8993309 -0.4103833 -0.1509618 704.9715 0.4192183 0.9073629 0.03079803 101.6969 0.1243381 -0.09098356 0.9880597 -21.68323
0.8974493 -0.4130685 -0.1547876 707.3991 0.422606 0.9057025 0.03327265 102.8312 0.1264477 -0.09527469 0.9873873 -21.8296
0.8970037 -0.4148465 -0.1525998 709.8073 0.424474 0.9047419 0.03555589 103.9123 0.1233132 -0.09666843 0.9876482 -21.99898
0.895757 -0.416606 -0.1551094 712.2567 0.4266941 0.9036347 0.03710054 105.0475 0.1247059 -0.09941731 0.9872004 -22.07098
0.8949391 -0.4178529 -0.15647 714.6981 0.4272101 0.9036455 0.03026823 106.171 0.1287457 -0.09393378 0.9872188 -22.22942
0.8945417 -0.4200861 -0.1527181 717.1375 0.428178 0.9034009 0.02302852 107.291 0.1282917 -0.08599052 0.9880015 -22.3405
0.8935469 -0.422121 -0.1529304 719.5756 0.4303381 0.9023567 0.02369465 108.4384 0.1279958 -0.08698407 0.9879528 -22.42189
0.8932105 -0.4232974 -0.1516383 721.9846 0.4325708 0.9010001 0.03287906 109.5676 0.1227085 -0.09496223 0.9878891 -22.5667
0.8926339 -0.4246077 -0.1513705 724.3988 0.4349326 0.8995004 0.04162454 110.6987 0.1184838 -0.1029915 0.9876003 -22.6785
0.8911638 -0.4268759 -0.1536359 726.8511 0.4365766 0.8990061 0.03447894 111.8558 0.1234014 -0.09780023 0.9875258 -22.7843
0.890275 -0.431016 -0.1470903 729.283 0.4393111 0.8979031 0.02785437 113.0481 0.1200671 -0.08941644 0.9887308 -22.97327
0.889231 -0.4330643 -0.1473893 731.6838 0.4415785 0.8967445 0.02929147 114.1904 0.1194854 -0.09113081 0.9886447 -23.09421
0.888153 -0.4340897 -0.1508324 734.1105 0.4436208 0.8955357 0.03487463 115.3685 0.1199371 -0.09788638 0.987944 -23.21723
0.887362 -0.4348686 -0.1532254 736.4955 0.445121 0.8946319 0.03874149 116.5255 0.1202329 -0.1025816 0.9874315 -23.33941
0.8862255 -0.4365576 -0.1549902 738.9229 0.4468377 0.8938351 0.03734701 117.7116 0.1222316 -0.1023533 0.9872098 -23.45799
0.885343 -0.4386115 -0.1542329 741.3635 0.4485332 0.893083 0.03494222 118.9164 0.1224167 -0.1001144 0.9874164 -23.63098
0.8843488 -0.4414585 -0.1517945 743.7796 0.4511969 0.8917267 0.03527882 120.1012 0.1197851 -0.09968799 0.9877823 -23.72724
0.8824822 -0.4447266 -0.1531125 746.1801 0.4550317 0.8896377 0.03861062 121.3136 0.1190435 -0.1037442 0.9874542 -23.89571
0.8811961 -0.4476878 -0.1518852 748.58 0.4574229 0.8885702 0.03474483 122.5166 0.1194059 -0.1000928 0.9877872 -24.0638
0.8794496 -0.4510859 -0.1519538 750.9487 0.4601371 0.8873793 0.02884544 123.7108 0.1218288 -0.09528767 0.9879666 -24.16769
0.8791719 -0.4552418 -0.1407539 753.3218 0.4631728 0.8858249 0.02801979 124.9126 0.1119275 -0.08982757 0.989648 -24.30117
0.8770472 -0.4584374 -0.1436087 755.6972 0.4666519 0.8839985 0.02797796 126.1315 0.1141237 -0.09155325 0.989239 -24.32869
0.8763793 -0.4589584 -0.1460018 758.0425 0.4671749 0.883781 0.02605232 127.3379 0.1170767 -0.09104009 0.9889413 -24.47668
0.8758171 -0.4607137 -0.1438305 760.3793 0.4685371 0.8831102 0.02427726 128.5527 0.1158333 -0.08865237 0.9893045 -24.69406
0.8742883 -0.4631582 -0.145274 762.7206 0.4716011 0.8813586 0.02826927 129.7735 0.1149453 -0.09322685 0.9889875 -24.74705
0.8724223 -0.4662194 -0.146693 765.0799 0.4751118 0.879388 0.03074713 131.0165 0.1146652 -0.09652008 0.9887041 -24.79016
0.8712949 -0.469113 -0.1441468 767.355 0.4768209 0.8787138 0.02244531 132.2362 0.1161344 -0.0882887 0.9893017 -24.92498
0.8701486 -0.4709251 -0.1451585 769.6823 0.4782757 0.8780137 0.0185471 133.4737 0.1187169 -0.08556452 0.9892346 -25.14376
0.8691236 -0.4725952 -0.1458699 772.0374 0.4800318 0.8770535 0.0186168 134.7169 0.1191375 -0.08620247 0.9891286 -25.17448
0.8676415 -0.4747595 -0.1476539 774.3533 0.4821098 0.8759562 0.01645777 135.9648 0.1215249 -0.08546484 0.9889022 -25.1891
0.8664806 -0.4756813 -0.1514555 776.6566 0.4832895 0.8753186 0.01576914 137.2041 0.1250707 -0.08686049 0.9883383 -25.33335
0.866308 -0.4762734 -0.1505793 778.9787 0.4842559 0.8747127 0.01934173 138.452 0.1225017 -0.08967482 0.9884087 -25.38861
0.8656151 -0.4764092 -0.1540933 781.3052 0.4844826 0.8746258 0.01749381 139.7183 0.1264398 -0.08979846 0.9879014 -25.45424
0.8653755 -0.4779109 -0.1507526 783.6009 0.4856716 0.8739702 0.01730301 140.9721 0.123484 -0.08818989 0.9884201 -25.55774
0.8648219 -0.4792552 -0.1496583 785.9061 0.4867518 0.8733965 0.01586139 142.2379 0.1231093 -0.08656371 0.9886106 -25.64194
0.8638906 -0.4810351 -0.1493257 788.2197 0.4883597 0.8725208 0.01457398 143.5103 0.1232791 -0.08551496 0.9886807 -25.72597
0.8625416 -0.4829846 -0.1508239 790.5103 0.4903694 0.8714046 0.01385053 144.7782 0.1247391 -0.08590609 0.9884636 -25.78425
0.8616762 -0.4845854 -0.1506361 792.8365 0.4918042 0.8706155 0.01253559 146.0637 0.1250716 -0.08488511 0.9885098 -25.85868
0.8602128 -0.486857 -0.1516714 795.1181 0.4941423 0.8692958 0.01216243 147.3378 0.125926 -0.08540952 0.9883561 -25.95345
0.8584295 -0.489248 -0.1540625 797.4102 0.4965853 0.8679216 0.01073962 148.6233 0.1284598 -0.08572437 0.9880027 -26.00218
0.8560209 -0.4909416 -0.1618784 799.7066 0.497977 0.8671837 0.003349721 149.9207 0.1387338 -0.08347914 0.986805 -26.07223
0.8550799 -0.4930893 -0.1603158 801.9792 0.4997727 0.8661551 0.001582678 151.1767 0.1380779 -0.08147477 0.9870645 -26.11158
0.8541702 -0.4961146 -0.1557674 804.2582 0.5029869 0.8642765 0.005496569 152.464 0.1318992 -0.08304398 0.9877785 -26.12517
0.8536955 -0.4986297 -0.1502413 806.5114 0.505347 0.862882 0.007679988 153.7332 0.1258111 -0.08248037 0.9886195 -26.23176
0.8525653 -0.5015953 -0.1467465 808.7504 0.5081661 0.8612159 0.008605786 155.013 0.1220638 -0.08190861 0.9891367 -26.27254
0.8511748 -0.5036761 -0.1476883 811.0033 0.5101812 0.8600363 0.007270213 156.3133 0.1233554 -0.08153601 0.9890072 -26.33087
0.8497677 -0.5059075 -0.1481636 813.2664 0.5128765 0.8583982 0.01050041 157.639 0.1218711 -0.08491252 0.9889071 -26.43312
0.8484275 -0.5078592 -0.1491635 815.4911 0.5149575 0.8571492 0.01067951 158.9317 0.1224317 -0.08587368 0.9887549 -26.44415
0.8467827 -0.5101525 -0.1506768 817.7212 0.5174864 0.8556168 0.01130516 160.2535 0.1231542 -0.0875462 0.9885184 -26.53938
0.8459658 -0.5120852 -0.1486965 819.9362 0.5191537 0.8546174 0.01041955 161.5616 0.1217429 -0.0860109 0.988828 -26.62537
0.8450971 -0.5132939 -0.1494668 822.1838 0.5201123 0.8540627 0.007762469 162.8717 0.1236696 -0.08429956 0.9887363 -26.65502
0.8437904 -0.5150262 -0.1508836 824.374 0.5223061 0.8526957 0.01031472 164.1983 0.1233454 -0.0875109 0.9884977 -26.75233
0.8430051 -0.5157048 -0.1529413 826.5862 0.5234446 0.851969 0.0124361 165.5172 0.1238878 -0.09053998 0.988157 -26.81132
0.8428161 -0.5161254 -0.1525636 828.8866 0.5233158 0.8520982 0.008320399 166.8589 0.1257048 -0.08685149 0.9882587 -26.83173
0.841554 -0.5177354 -0.1540678 831.0823 0.5249286 0.8511162 0.007158436 168.2023 0.1274234 -0.0868988 0.9880344 -26.93663
0.8410195 -0.5190315 -0.1526187 833.2952 0.5257828 0.8506063 0.00459975 169.5372 0.127431 -0.08411278 0.9882745 -26.98752
0.8403692 -0.5197834 -0.1536389 835.5228 0.5268588 0.849929 0.006358769 170.8968 0.127277 -0.08628972 0.9881066 -27.03051
0.8395108 -0.5213181 -0.1531307 837.7159 0.5286657 0.8487855 0.008706994 172.2578 0.125436 -0.08826456 0.9881676 -27.12059
