1.0 0.0 0.0 0.0 0.0 1.0 0.0 0.0 0.0 0.0 1.0 0.0
0.9999982 -0.001891328 -0.0003599439 0.9613202 0.001891555 0.999998 0.0006308375 0.005262297 0.0003587501 -0.0006315171 0.9999998 -0.01744629
0.9999923 -0.002483147 -0.003043905 1.723111 0.002485078 0.9999968 0.0006307255 0.01268523 0.003042329 -0.000638285 0.9999952 -0.02458274
0.9999862 -0.003010267 -0.004300998 2.467049 0.003008899 0.9999955 -0.0003245981 0.01070901 0.004301955 0.0003116524 0.9999907 -0.02550436
0.9999873 -0.003500569 -0.003631611 3.203378 0.00348693 0.9999869 -0.003755282 0.009275878 0.003644709 0.003742571 0.9999864 -0.04211794
0.9999821 -0.003887796 -0.004550023 3.941978 0.003859326 0.9999729 -0.00624923 0.001363252 0.004574196 0.006231558 0.9999701 -0.04229238
0.9999828 -0.004671055 -0.003542118 4.684841 0.004652952 0.9999763 -0.005101876 0.002471947 0.003565865 0.005085307 0.9999807 -0.06076998
0.9999763 -0.005588404 -0.004008519 5.432757 0.005575616 0.9999795 -0.003194427 0.006103515 0.004026288 0.003172002 0.9999869 -0.04826475
0.999961 -0.006688103 -0.005771638 6.185259 0.006685393 0.9999776 -0.0004886318 0.005580639 0.005774776 0.000450027 0.9999833 -0.0663257
0.9999498 -0.007863205 -0.006205074 6.939785 0.007855244 0.9999683 -0.001306372 0.01138852 0.00621515 0.001257564 0.9999799 -0.05884531
0.9999424 -0.008882144 -0.006026498 7.71076 0.008873545 0.9999596 -0.001452355 0.0156141 0.006039154 0.001398795 0.9999808 -0.08130191
0.9999316 -0.01008095 -0.005936911 8.477899 0.01007411 0.9999485 -0.001182129 0.01508029 0.005948523 0.00112224 0.9999817 -0.08131797
0.9999241 -0.01067249 -0.00616168 9.259719 0.0106716 0.9999429 -0.00017689 0.01820927 0.006163217 0.0001111215 0.999981 -0.1008991
0.9999022 -0.01185343 -0.007426842 10.03973 0.01185198 0.9999298 -0.0002404014 0.01768636 0.007429169 0.0001523551 0.9999724 -0.1012031
0.9998946 -0.01283209 -0.006790387 10.82718 0.01282933 0.9999177 -0.0004492877 0.02504302 0.006795593 0.0003621242 0.9999769 -0.1094216
0.9998846 -0.01362938 -0.006712354 11.61086 0.01363587 0.9999067 0.0009226036 0.01807872 0.006699153 -0.001014026 0.9999771 -0.1323679
0.999872 -0.0148297 -0.006013051 12.41438 0.01483527 0.9998895 0.0008827704 0.03247607 0.005999296 -0.0009718626 0.9999815 -0.1240639
0.9998627 -0.01562778 -0.005508837 13.2126 0.01562748 0.9998778 -9.625901e-05 0.03850456 0.005509669 1.015653e-05 0.9999848 -0.1511748
0.9998438 -0.01665053 -0.00593356 14.0073 0.01662601 0.999853 -0.004157826 0.04787968 0.006001919 0.004058525 0.9999738 -0.1497341
0.9998228 -0.01773348 -0.006319554 14.81304 0.01770484 0.9998329 -0.004560661 0.04213143 0.006399374 0.004447966 0.9999696 -0.1706515
0.9997963 -0.01895239 -0.006944397 15.64094 0.01892707 0.999814 -0.003694211 0.04895644 0.00701312 0.003562022 0.9999691 -0.1656246
0.9997801 -0.01987059 -0.006704092 16.44853 0.01986574 0.9998022 -0.0007893821 0.06443664 0.006718453 0.0006560268 0.9999772 -0.1786202
0.9997598 -0.02041933 -0.00796072 17.25361 0.02041646 0.9997914 -0.0004412816 0.06153454 0.00796807 0.0002786458 0.9999682 -0.1955431
0.9997439 -0.02103316 -0.008355265 18.07123 0.0210254 0.9997785 -0.00101518 0.0713746 0.008374766 0.0008392469 0.9999646 -0.1972492
0.9997245 -0.02168547 -0.008979688 18.8741 0.02167042 0.9997637 -0.001770469 0.07998419 0.00901596 0.001575388 0.9999581 -0.2053047
0.9997144 -0.02258154 -0.007817396 19.69705 0.0225639 0.9997427 -0.002337892 0.0998567 0.007868177 0.002160833 0.9999667 -0.2147329
0.9997106 -0.02275433 -0.007814477 20.5022 0.02273328 0.9997377 -0.002772081 0.1065303 0.007875505 0.00259363 0.9999656 -0.229514
0.9997075 -0.02304921 -0.007320827 21.30103 0.02302807 0.9997305 -0.002958898 0.1141526 0.007387055 0.002789448 0.9999688 -0.2473468
0.9996993 -0.02341451 -0.007289676 22.09702 0.02339337 0.9997219 -0.002971354 0.123161 0.007357222 0.00279993 0.999969 -0.2529623
0.9997009 -0.02342089 -0.007041477 22.90073 0.02340421 0.9997232 -0.002442424 0.1314224 0.00709673 0.002276894 0.9999722 -0.2716944
0.9996964 -0.02329908 -0.00801229 23.7125 0.02327635 0.9997249 -0.002918764 0.146306 0.00807809 0.002731381 0.9999636 -0.2669986
0.9997017 -0.02296539 -0.008309502 24.50981 0.02294692 0.999734 -0.002310811 0.1584072 0.00836036 0.002119444 0.9999628 -0.2953047
0.9997095 -0.02269956 -0.008098112 25.30017 0.02267593 0.9997383 -0.002997607 0.1627341 0.008164039 0.002813104 0.9999627 -0.2858195
0.9997308 -0.02177474 -0.008010863 26.09177 0.02175444 0.99976 -0.002612916 0.1714519 0.008065836 0.002437941 0.9999645 -0.3191803
0.9997308 -0.02145975 -0.008821987 26.88484 0.0214327 0.9997653 -0.003149241 0.1825373 0.008887498 0.002959314 0.9999561 -0.323164
0.9997314 -0.02158801 -0.008435043 27.65779 0.02156705 0.999764 -0.00256813 0.1843028 0.008488493 0.002385521 0.9999611 -0.3282387
0.999743 -0.02109511 -0.008305629 28.43744 0.02106828 0.9997725 -0.003304685 0.1978933 0.008373453 0.00312885 0.9999601 -0.3409849
0.9997572 -0.02074563 -0.007431269 29.21445 0.02072304 0.9997804 -0.003104418 0.2059223 0.00749404 0.002949666 0.9999676 -0.351378
0.9997544 -0.02075452 -0.007765444 29.98143 0.02073357 0.9997813 -0.002768912 0.2178054 0.007821212 0.002607227 0.999966 -0.3570459
0.9997706 -0.02014141 -0.007287998 30.75515 0.02013837 0.999797 -0.0004896268 0.2232842 0.007296381 0.000342746 0.9999733 -0.379589
0.9997597 -0.02056929 -0.007572931 31.50939 0.02057429 0.999788 0.0005825204 0.2273423 0.007559345 -0.0007381882 0.9999712 -0.374929
0.999765 -0.02059889 -0.006755414 32.2677 0.02060142 0.9997877 0.0003048471 0.2368535 0.006747701 -0.0004439466 0.9999771 -0.4048501
0.9997725 -0.02055078 -0.005711512 33.02322 0.02054799 0.9997886 -0.0005460154 0.2432098 0.005721527 0.0004285311 0.9999835 -0.3923203
0.9997647 -0.02057132 -0.006885747 33.74426 0.02063628 0.9997419 0.009500001 0.2461731 0.006688542 -0.009639861 0.9999312 -0.4592933
0.9997073 -0.02143238 -0.01122046 34.47177 0.02172535 0.9994079 0.02667395 0.2649494 0.01064213 -0.02690992 0.9995812 -0.4869885
0.9996491 -0.02292583 -0.01326916 35.17948 0.02344422 0.9989115 0.04032874 0.2715176 0.01233015 -0.04062568 0.9990984 -0.4951896
0.9996289 -0.02462101 -0.01165536 35.91284 0.02504198 0.9989839 0.03746711 0.2882926 0.01072104 -0.03774508 0.9992299 -0.5023956
0.9996275 -0.0243479 -0.01233316 36.69151 0.02451888 0.9996026 0.01390737 0.300357 0.01198965 -0.01420458 0.9998272 -0.537213
0.9996351 -0.02420874 -0.01198493 37.44276 0.02398651 0.9995438 -0.01835196 0.3114114 0.01242375 0.01805778 0.9997597 -0.5557132
0.9996296 -0.02441798 -0.01201576 38.18798 0.0238974 0.9988439 -0.04171177 0.3174757 0.01302039 0.04140918 0.9990574 -0.5586098
0.9996542 -0.02472222 -0.008957116 38.91311 0.02421481 0.9983058 -0.05290788 0.3412047 0.01024994 0.0526727 0.9985592 -0.5350395
0.999686 -0.02488386 -0.002944146 39.59256 0.02473062 0.9987282 -0.04393655 0.3515311 0.004033713 0.04384995 0.99903 -0.5378233
0.9996862 -0.02503021 -0.001025315 40.27759 0.02500276 0.9994611 -0.02126856 0.3337175 0.001557119 0.02123625 0.9997733 -0.5309856
0.9996741 -0.02552505 -0.0004023429 40.95842 0.02552461 0.9996737 -0.001051847 0.351356 0.0004290601 0.001041234 0.9999993 -0.5369077
0.9996493 -0.02622594 -0.003678016 41.6607 0.02624736 0.9996381 0.005902632 0.3639124 0.003521883 -0.005997099 0.9999758 -0.5331638
0.9996193 -0.02681641 -0.006486536 42.37846 0.02681523 0.9996403 -0.0002691868 0.3761306 0.006491422 9.514634e-05 0.9999789 -0.5380259
0.9995954 -0.02807944 -0.004533967 43.08703 0.02804992 0.9995856 -0.006447411 0.3859199 0.004713129 0.006317624 0.9999689 -0.5365891
0.9995703 -0.02923697 -0.002121192 43.76829 0.02922538 0.9995587 -0.005302095 0.4016279 0.002275273 0.005237823 0.9999837 -0.5567154
0.9995566 -0.02975618 -0.001080772 44.4568 0.02975526 0.9995569 -0.0008570217 0.4099492 0.001105794 0.0008244831 0.999999 -0.5701208
0.9995144 -0.03115611 -0.0005513764 45.14231 0.03115663 0.999514 0.0009556913 0.4211061 0.0005213328 -0.0009724062 0.9999994 -0.571295
0.9994824 -0.03215091 -0.001132988 45.82439 0.0321508 0.999483 -0.0001110445 0.4451236 0.001135973 7.456058e-05 0.9999993 -0.5973633
0.9994467 -0.0332244 -0.001517892 46.52272 0.03322059 0.999445 -0.002469352 0.4541271 0.001599093 0.00241756 0.9999958 -0.5942884
0.9994034 -0.03453316 -0.0006443243 47.20045 0.03453221 0.9994025 -0.001441015 0.465687 0.0006937022 0.001417905 0.9999987 -0.600539
0.9993554 -0.03588438 0.001008436 47.86668 0.0358844 0.9993558 -2.75475e-06 0.4866244 -0.001007687 3.894009e-05 0.9999995 -0.6210183
0.9993178 -0.03690551 0.001370381 48.5523 0.03690392 0.9993181 0.001169022 0.5027419 -0.00141259 -0.001117652 0.9999984 -0.6213731
0.9992752 -0.03806134 -0.0006227538 49.24017 0.03806121 0.9992756 -0.0002157055 0.5284795 0.0006305125 0.0001918464 0.9999998 -0.6340561
0.9992313 -0.03920136 3.992046e-05 49.91196 0.03920138 0.9992307 -0.001170892 0.5479959 6.010809e-06 0.001171557 0.9999993 -0.6470325
0.9991795 -0.04050006 -0.0002921814 50.59599 0.04049952 0.9991781 -0.001663586 0.5704569 0.0003593166 0.001650388 0.9999986 -0.654381
0.9991226 -0.04185239 0.001567576 51.26155 0.04185455 0.9991227 -0.001373777 0.5957335 -0.001508705 0.001438182 0.9999979 -0.6572607
0.9990748 -0.04300449 0.0002948544 51.91685 0.04300457 0.9990748 -0.0002637386 0.6037854 -0.0002832396 0.0002761747 0.9999999 -0.6850669
0.9990131 -0.04441221 0.0006236715 52.61455 0.04441223 0.9990133 -8.47898e-06 0.6468182 -0.0006226795 3.616925e-05 0.9999998 -0.6890019
0.9989601 -0.04559402 -3.521382e-05 53.29259 0.04559404 0.9989599 0.0004681305 0.6760916 1.383324e-05 -0.0004692492 0.9999999 -0.6991193
0.9989234 -0.04638905 0.0004706534 53.96907 0.04638839 0.9989226 0.001333151 0.6915391 -0.0005319899 -0.001309883 0.999999 -0.7150506
0.998877 -0.04737753 -0.0004103027 54.64492 0.04737848 0.9988731 0.002765513 0.7302958 0.0002788172 -0.002781847 0.9999961 -0.7218098
0.998866 -0.04760907 -0.0004642674 55.32139 0.04761 0.9988635 0.002251522 0.7541545 0.0003565469 -0.002271072 0.9999974 -0.7284624
0.9988648 -0.04763544 -0.0002955339 56.01591 0.04763615 0.9988595 0.003246655 0.7820929 0.0001405411 -0.003257047 0.9999947 -0.7458069
0.9988697 -0.04753302 -5.908972e-05 56.69522 0.04753299 0.998865 0.003007012 0.7851284 -8.390973e-05 -0.003006422 0.9999955 -0.7487004
0.9988564 -0.04779096 0.001402953 57.40033 0.04778539 0.9988503 0.003766405 0.8175116 -0.001581341 -0.003695057 0.9999919 -0.7618763
0.9988375 -0.04818429 0.001386135 58.09675 0.04817717 0.9988272 0.004775354 0.8469416 -0.001614606 -0.004703023 0.9999877 -0.7793608
0.9988205 -0.04850667 0.002177781 58.79836 0.04849632 0.9988128 0.004579612 0.8637755 -0.002397338 -0.004468595 0.9999871 -0.7881605
0.9987979 -0.04894562 0.002662494 59.49831 0.04893507 0.9987946 0.003894211 0.8931069 -0.002849888 -0.00375924 0.9999889 -0.8040093
0.9987602 -0.04966628 0.003378726 60.20519 0.04965264 0.9987587 0.004008829 0.9310682 -0.003573635 -0.003836096 0.9999862 -0.8197042
0.998728 -0.05034799 0.002723771 60.922 0.05033576 0.9987228 0.004385088 0.9617891 -0.002941072 -0.004242407 0.9999866 -0.8287333
0.9986736 -0.05135765 0.003683971 61.61723 0.05134119 0.9986713 0.004429469 0.9841104 -0.003906564 -0.004234454 0.9999834 -0.8333712
0.9986157 -0.05250227 0.003195119 62.33725 0.0524888 0.9986129 0.004166305 1.011719 -0.003409428 -0.003992829 0.9999862 -0.8555472
0.99853 -0.05406617 0.003819554 63.05128 0.05405408 0.9985328 0.003200863 1.049576 -0.003987009 -0.002989696 0.9999876 -0.8580959
0.9984106 -0.05618695 0.004383752 63.76166 0.05617487 0.9984169 0.002830593 1.088239 -0.004535854 -0.002579838 0.9999864 -0.8866771
0.9982706 -0.05861779 0.004434248 64.48544 0.05860374 0.9982761 0.003234338 1.120991 -0.004616193 -0.002968881 0.9999849 -0.8841085
0.998134 -0.06091083 0.004300212 65.2017 0.06089588 0.9981378 0.0035248 1.162381 -0.004506904 -0.003256358 0.9999846 -0.911033
0.9980028 -0.06302851 0.004222082 65.91948 0.06301692 0.9980085 0.002826099 1.202327 -0.004391799 -0.002554392 0.9999871 -0.9100031
0.9978599 -0.06524491 0.00432154 66.64999 0.06523494 0.9978671 0.002409869 1.242825 -0.004469554 -0.002122796 0.9999878 -0.9293922
0.9977 -0.06765081 0.004255185 67.3789 0.06764242 0.9977074 0.002087222 1.287607 -0.004386632 -0.001794591 0.9999888 -0.9457967
0.9975529 -0.06974969 0.004825646 68.09081 0.0697406 0.9975631 0.002026012 1.322288 -0.0049552 -0.00168451 0.9999863 -0.9500245
0.9974366 -0.07135352 0.005369617 68.80511 0.07133629 0.9974467 0.003335209 1.375545 -0.005593886 -0.002943611 0.99998 -0.9732277
0.9974025 -0.07191403 0.004061656 69.51723 0.0719 0.9974055 0.003503268 1.419348 -0.004303053 -0.003202136 0.9999856 -0.9777777
0.9973435 -0.07268198 0.00482654 70.24052 0.07266404 0.9973493 0.003792928 1.457953 -0.005089424 -0.003432136 0.9999812 -0.9887599
0.9972808 -0.07356002 0.004469408 70.95746 0.073553 0.9972899 0.001715072 1.512288 -0.004583456 -0.00138167 0.9999886 -1.004299
0.9972571 -0.07344768 0.009148458 71.6405 0.07340915 0.9972919 0.004479165 1.543386 -0.009452667 -0.003795299 0.9999481 -1.033561
0.9971817 -0.07445626 0.009216412 72.32347 0.07430688 0.9971133 0.01560946 1.592994 -0.01035203 -0.01488062 0.9998357 -1.059108
0.9970746 -0.07576457 0.01009563 73.01339 0.0754421 0.9967225 0.02920552 1.625186 -0.01227529 -0.02835844 0.9995224 -1.073755
0.9969972 -0.07723508 0.00559002 73.71881 0.07699219 0.9964099 0.03520552 1.671673 -0.008289053 -0.03466943 0.9993644 -1.107072
0.9968626 -0.07903241 0.004345699 74.43242 0.07890423 0.9965847 0.02434995 1.725979 -0.006255293 -0.02393067 0.999694 -1.121194
0.9967764 -0.08022237 0.001092861 75.14939 0.08022055 0.996776 0.001621891 1.787421 -0.00121945 -0.001528992 0.9999981 -1.13858
0.9966881 -0.08130982 0.001212527 75.86954 0.0813166 0.9964384 -0.02231862 1.845488 0.0006065142 0.0223433 0.9997502 -1.148972
0.9966112 -0.08220989 0.002776433 76.5695 0.08225672 0.9960145 -0.03448426 1.880965 6.957981e-05 0.03459578 0.9994014 -1.144547
0.9965304 -0.08300593 0.006104401 77.23725 0.08317126 0.9959011 -0.03554787 1.949904 -0.003128695 0.03593225 0.9993494 -1.144229
0.9964461 -0.08395177 0.006883067 77.89358 0.08407845 0.9962413 -0.02083494 1.997439 -0.005108065 0.02133962 0.9997593 -1.142359
0.9963072 -0.08558447 0.006876427 78.56637 0.08561689 0.9963177 -0.004568026 2.042583 -0.006460154 0.005139895 0.9999659 -1.139429
0.9961587 -0.0872239 0.007734491 79.23727 0.08715755 0.996158 0.008536924 2.088376 -0.008449399 -0.007830011 0.9999337 -1.148217
0.9960836 -0.08836644 0.002960542 79.92941 0.08834317 0.9960638 0.00723854 2.139376 -0.003588533 -0.006948648 0.9999694 -1.146784
0.99597 -0.08960231 0.003898262 80.6216 0.0896036 0.9959774 -0.0001569699 2.199364 -0.003868516 0.0005056356 0.9999924 -1.17165
0.9958416 -0.09109371 0.001165961 81.31065 0.09109957 0.9958185 -0.006815913 2.258615 -0.0005401988 0.006893788 0.9999761 -1.165156
0.995727 -0.09229645 0.003017717 81.97023 0.0923152 0.9957066 -0.006812524 2.320198 -0.002375989 0.007061996 0.9999722 -1.184037
0.9956143 -0.09354457 0.001282413 82.64793 0.09354887 0.9956073 -0.003850423 2.37767 -0.0009165931 0.003953504 0.9999918 -1.199974
0.9955255 -0.09444291 0.003073926 83.31235 0.09444787 0.9955286 -0.001512921 2.428309 -0.002917297 0.001796477 0.9999942 -1.202886
0.9954048 -0.09574756 0.001258756 83.97688 0.09574942 0.9954042 -0.001517927 2.494789 -0.001107633 0.001631477 0.999998 -1.203688
0.9953298 -0.09650883 0.002163764 84.65961 0.09651668 0.9953238 -0.003879052 2.546885 -0.001779283 0.004069776 0.9999902 -1.214736
0.9952141 -0.09766819 0.003128043 85.31595 0.09768052 0.9952095 -0.004065125 2.615761 -0.002716024 0.004351219 0.9999868 -1.219959
0.9951413 -0.09834483 0.004691344 85.99162 0.09836351 0.9951429 -0.003933416 2.661385 -0.004281726 0.004375761 0.9999813 -1.231648
0.9950276 -0.09945062 0.005442292 86.66068 0.09946856 0.9950358 -0.003131353 2.735637 -0.005103861 0.003657119 0.9999803 -1.250856
0.9949395 -0.1003252 0.00549385 87.31957 0.1003391 0.9949505 -0.002324245 2.787202 -0.005232929 0.002863732 0.9999822 -1.247535
0.9947878 -0.1017185 0.0071112 87.99973 0.1017391 0.9948078 -0.002587843 2.843327 -0.006811045 0.003297841 0.9999714 -1.253817
0.9946388 -0.1029621 0.009617716 88.67198 0.1029927 0.9946783 -0.002741402 2.907033 -0.009284273 0.00371726 0.99995 -1.262638
0.9945551 -0.1036986 0.01033042 89.32695 0.1037287 0.9946028 -0.002421631 2.972142 -0.01002355 0.003480006 0.9999437 -1.279618
0.9944281 -0.1049622 0.009783828 90.00079 0.1049802 0.9944735 -0.001341485 3.041513 -0.00958895 0.002361119 0.9999512 -1.29014
0.9943463 -0.1058798 0.008060004 90.67345 0.1058906 0.9943774 -0.0009145507 3.104717 -0.007917852 0.001762858 0.9999671 -1.314849
0.99422 -0.1071822 0.006204027 91.36507 0.1071751 0.9942391 0.001474353 3.173001 -0.006326311 -0.0008009147 0.9999797 -1.303361
0.99409 -0.1085346 0.002302747 92.05438 0.1085286 0.9940901 0.00259947 3.245965 -0.002571271 -0.002334193 0.999994 -1.307716
0.9939432 -0.1098387 0.003529132 92.74621 0.1098313 0.9939479 0.002244197 3.307744 -0.003754273 -0.001842995 0.9999912 -1.338343
0.9938374 -0.1108221 0.002379331 93.45551 0.1108173 0.9938388 0.002044822 3.388676 -0.002591282 -0.001768549 0.9999951 -1.329854
0.9937245 -0.1118499 0.001109561 94.15546 0.1118508 0.9937246 -0.0007726114 3.466027 -0.001016182 0.000891868 0.9999991 -1.357883
0.9936184 -0.112753 -0.003035805 94.87396 0.1127521 0.993623 -0.0004488173 3.544256 0.003067051 0.0001036597 0.9999953 -1.369704
0.9934065 -0.1145992 -0.003229372 95.59892 0.1145968 0.9934117 -0.0009207921 3.625859 0.003313618 0.000544645 0.9999943 -1.336241
0.9932786 -0.1157416 -0.001261482 96.30865 0.1157436 0.9932777 0.001718734 3.691945 0.001054073 -0.00185319 0.9999977 -1.377512
0.9931206 -0.1170957 4.665739e-05 97.04187 0.1170956 0.9931197 0.001362585 3.76229 -0.0002058893 -0.001347748 0.999999 -1.36965
0.9930636 -0.117578 0.000405458 97.77004 0.1175771 0.9930623 0.001715412 3.845634 -0.0006043398 -0.00165584 0.9999985 -1.407713
0.992908 -0.1188786 -0.001249362 98.51568 0.1188792 0.9929086 0.000427878 3.929597 0.001189637 -0.0005733668 0.9999991 -1.402352
0.9928215 -0.1196043 -0.000572063 99.26829 0.1196037 0.9928212 -0.0009314754 4.009034 0.0006793647 0.000856368 0.9999994 -1.396959
0.9926617 -0.1209244 5.306755e-05 100.0031 0.1209243 0.9926604 -0.001660468 4.083451 0.0001481131 0.0016547 0.9999986 -1.426677
0.9925597 -0.1217558 0.0009083627 100.7517 0.1217571 0.9925588 -0.001451336 4.173981 -0.0007248948 0.001551137 0.9999985 -1.434361
0.9924302 -0.1228102 -0.0002929168 101.509 0.1228098 0.9924296 -0.001144267 4.258721 0.0004312269 0.001099632 0.9999993 -1.451992
0.9922537 -0.124227 -0.0004120914 102.2504 0.1242271 0.9922538 0.0003126815 4.34536 0.0003700557 -0.0003614523 0.9999999 -1.444095
0.9920906 -0.1255232 -0.0003983054 102.9835 0.1255233 0.9920908 0.0001397717 4.433476 0.0003776105 -0.0001886628 0.9999999 -1.458959
0.9919341 -0.126739 0.001990838 103.7314 0.1267401 0.9919357 -0.0004401855 4.513445 -0.001918995 0.0006889541 0.9999979 -1.472115
0.9917728 -0.1279873 0.00246283 104.4499 0.1279894 0.9917752 -0.0007410914 4.603489 -0.002347724 0.00105021 0.9999967 -1.492759
0.9915735 -0.1295182 0.002675038 105.1863 0.1295185 0.991577 6.662612e-05 4.693216 -0.002661135 0.0002804022 0.9999964 -1.50263
0.9913292 -0.1314012 0.0004405591 105.8988 0.1314007 0.991329 0.0009845624 4.779774 -0.0005661116 -0.0009181357 0.9999994 -1.512969
0.9911607 -0.1326106 0.003853441 106.602 0.1326037 0.9911671 0.002007004 4.877537 -0.004085554 -0.001478283 0.9999906 -1.538171
0.9909413 -0.1342926 0.0008727431 107.3052 0.1342678 0.9908483 0.01384552 4.96822 -0.002724107 -0.01360292 0.9999037 -1.546934
0.9906851 -0.1361727 -0.0002303522 107.9993 0.1361275 0.9903097 0.02749675 5.068265 -0.003516186 -0.02727197 0.9996219 -1.577476
0.9903889 -0.1383101 -0.0003239489 108.686 0.13823 0.98973 0.03642408 5.136459 -0.004717195 -0.03611878 0.9993364 -1.59403
0.9900914 -0.1404002 -0.002598827 109.3976 0.1404154 0.989651 0.02957079 5.234533 -0.001579814 -0.0296427 0.9995593 -1.641964
0.9900526 -0.1406053 -0.005104783 110.1142 0.1406368 0.9900402 0.00644658 5.313968 0.004147517 -0.007100373 0.9999662 -1.649549
0.989801 -0.1423744 -0.004852818 110.8389 0.1422686 0.9896694 -0.01771594 5.41662 0.007324982 0.01684485 0.9998313 -1.641511
0.9895574 -0.1441286 -0.001777088 111.5376 0.1439714 0.9889232 -0.03609572 5.523557 0.006959829 0.03546293 0.9993467 -1.652875
0.9895058 -0.1444859 0.001424672 112.2133 0.1443975 0.9884461 -0.04608093 5.614008 0.005249833 0.04580307 0.9989367 -1.65929
0.9893541 -0.1454539 0.004654631 112.8975 0.1455194 0.9884325 -0.04272256 5.712654 0.001613374 0.04294508 0.9990761 -1.624551
0.9891344 -0.1468265 0.007430268 113.5585 0.1469766 0.988762 -0.02733773 5.804642 -0.003332864 0.02813276 0.9995986 -1.626274
0.9889773 -0.1478465 0.008084317 114.2024 0.147924 0.9889481 -0.01001539 5.886858 -0.006514229 0.01110086 0.9999171 -1.630299
0.9888538 -0.1487557 0.006317111 114.8665 0.1487454 0.9888735 0.002064793 5.980415 -0.006553972 -0.001102137 0.9999779 -1.627488
0.9886547 -0.1501938 0.001895678 115.5505 0.1501896 0.9886547 0.002189365 6.07197 -0.002203 -0.001879815 0.9999958 -1.64326
0.9885147 -0.1511196 0.001219023 116.213 0.1511236 0.9885044 -0.004554945 6.17251 -0.000516668 0.004686853 0.9999889 -1.637262
0.9882941 -0.1525399 0.00252344 116.8721 0.1525571 0.9882504 -0.009370569 6.260952 -0.001064404 0.009645848 0.9999529 -1.64599
0.9882172 -0.1529661 0.005311055 117.538 0.1530091 0.9881842 -0.00894425 6.356002 -0.003880134 0.009651502 0.9999459 -1.660577
0.988118 -0.1536495 0.003824772 118.1804 0.1536742 0.9880942 -0.007348325 6.457834 -0.002650169 0.007848781 0.9999657 -1.668753
0.9879823 -0.1545206 0.003792942 118.844 0.1545383 0.9879744 -0.004951932 6.55084 -0.002982154 0.005478576 0.9999806 -1.674466
0.9878816 -0.1551839 0.002812222 119.4971 0.1551978 0.9878671 -0.005666757 6.637765 -0.001898713 0.006034535 0.99998 -1.670148
0.9878488 -0.1553688 0.003926579 120.1261 0.1553926 0.9878297 -0.006743576 6.736909 -0.002831051 0.007271794 0.9999695 -1.690441
0.9879898 -0.1544895 0.00300946 120.7712 0.1545104 0.9879516 -0.008841821 6.827539 -0.001607233 0.009200622 0.9999564 -1.686194
0.9882491 -0.1528123 0.003489377 121.4085 0.15284 0.9882007 -0.009963952 6.925734 -0.00192559 0.01038018 0.9999443 -1.700107
0.9885718 -0.1507313 0.002429789 122.0484 0.150748 0.9885238 -0.009796786 7.016893 -0.0009252218 0.01005111 0.999949 -1.694757
0.9889829 -0.1479947 0.003225129 122.6858 0.1480175 0.9889468 -0.008667523 7.095264 -0.001906734 0.009049408 0.9999573 -1.716357
0.9893816 -0.14532 0.002492609 123.3133 0.145335 0.9893531 -0.007647378 7.175258 -0.001354753 0.007928438 0.9999676 -1.706525
0.9897953 -0.1424844 0.001865469 123.9449 0.1424943 0.989769 -0.007260056 7.255647 -0.0008119384 0.007451789 0.9999719 -1.724513
0.9901532 -0.1399764 0.00181324 124.5816 0.1399862 0.9901247 -0.007551412 7.337007 -0.0007383135 0.007730884 0.9999698 -1.715967
0.9905312 -0.1372753 0.001847835 125.2049 0.1372857 0.9905005 -0.007849827 7.422629 -0.000752694 0.00802918 0.9999675 -1.730875
0.9909671 -0.1341017 0.000977214 125.8431 0.1341049 0.9909221 -0.009440492 7.491745 0.000297643 0.009486266 0.9999549 -1.732696
0.9913601 -0.1311679 0.0004877946 126.4715 0.1311661 0.9913086 -0.01013226 7.563659 0.0008454729 0.0101087 0.9999486 -1.741752
0.9917063 -0.1285242 0.0003189033 127.0948 0.1285211 0.9916574 -0.009882634 7.65272 0.0009539149 0.009841655 0.9999511 -1.737951
0.9920954 -0.1254855 -0.0001850956 127.7209 0.1254791 0.9920578 -0.00872949 7.711844 0.00127905 0.008637262 0.9999619 -1.749254
0.9924746 -0.1224503 0.0003686832 128.3538 0.1224494 0.9924433 -0.007891019 7.784499 0.0006003608 0.007876781 0.9999688 -1.753819
0.9927905 -0.1198595 -0.0007945835 128.9761 0.1198498 0.9927616 -0.007779472 7.854589 0.001721276 0.007628155 0.9999694 -1.751944
0.993106 -0.1172172 -0.0007262187 129.5993 0.1172069 0.9930708 -0.008516382 7.923017 0.001719453 0.008372553 0.9999635 -1.761224
0.9934107 -0.1146085 -0.0002237722 130.212 0.1146011 0.9933654 -0.009569488 7.983142 0.001319032 0.009480787 0.9999542 -1.75811
0.9936393 -0.1126099 0.0001501597 130.8312 0.1126058 0.9935899 -0.00994699 8.047605 0.000970932 0.009900629 0.9999505 -1.767935
0.9938854 -0.1104163 9.597105e-06 131.4416 0.1104108 0.9938346 -0.01011956 8.106344 0.001107826 0.01005874 0.9999488 -1.772359
0.99411 -0.1083756 -0.000335091 132.0525 0.1083678 0.9940672 -0.009311279 8.1668 0.001342219 0.009220123 0.9999566 -1.78021
0.9943143 -0.1064842 0.0004966323 132.6577 0.1064847 0.9942813 -0.008101753 8.228365 0.0003689166 0.008108572 0.999967 -1.780218
0.9944857 -0.1048712 0.0005222658 133.2674 0.1048722 0.994458 -0.007417908 8.283092 0.0002585533 0.007431775 0.9999723 -1.787738
0.9946329 -0.1034655 0.0004897707 133.8649 0.1034661 0.9946028 -0.00774935 8.329577 0.0003146628 0.007758433 0.9999698 -1.791242
0.9947478 -0.1023548 0.0005618921 134.473 0.1023559 0.9947137 -0.008233445 8.401095 0.0002838105 0.008247714 0.999966 -1.796951
0.9949053 -0.1008002 0.001676189 135.0611 0.1008109 0.9948688 -0.008566017 8.439284 -0.000804132 0.008691355 0.9999619 -1.798658
0.995028 -0.09955569 0.002804404 135.6459 0.09957756 0.9949871 -0.009214439 8.483326 -0.001872997 0.009447881 0.9999536 -1.796524
0.995056 -0.09922882 0.004144589 136.2367 0.09926365 0.9950179 -0.009269606 8.541851 -0.003204129 0.009635184 0.9999484 -1.818884
0.9951077 -0.09848893 0.007783963 136.8015 0.09854786 0.9951032 -0.007588736 8.583293 -0.006998441 0.008318703 0.9999409 -1.804057
0.9951255 -0.09852841 0.004171725 137.3792 0.09856167 0.9950929 -0.008704972 8.632571 -0.003293567 0.009073712 0.9999534 -1.825953
0.9951698 -0.09787003 0.007656854 137.9396 0.09792566 0.9951673 -0.007261912 8.683659 -0.006909126 0.007976637 0.9999443 -1.836256
0.9950876 -0.09849439 0.009971512 138.4889 0.09851884 0.9951333 -0.001989702 8.740523 -0.009727008 0.002962309 0.9999483 -1.807591
0.9951602 -0.09796494 0.007689487 139.0008 0.09786015 0.9951154 0.01299117 8.785628 -0.008924605 -0.0121758 0.999886 -1.88212
0.9951617 -0.09807868 0.00580934 139.5052 0.09789967 0.9948653 0.02566131 8.83151 -0.008296339 -0.02496842 0.9996538 -1.88984
0.9951557 -0.09828103 0.002452712 140.0375 0.09814985 0.9946395 0.03254028 8.876138 -0.005637657 -0.03214192 0.9994674 -1.889035
0.9951189 -0.09858914 0.004313423 140.5776 0.0984344 0.9947622 0.02754797 8.91788 -0.00700676 -0.02698891 0.9996112 -1.887773
0.9950154 -0.09922321 0.009955278 141.125 0.09906894 0.9949682 0.01494906 8.946465 -0.01138848 -0.01388829 0.9998387 -1.905139
0.9949818 -0.09976629 0.00761003 141.6683 0.09983753 0.9949572 -0.009638495 9.00411 -0.006610056 0.01034989 0.9999246 -1.911483
0.9949532 -0.1000774 0.007252814 142.2074 0.1002555 0.9944792 -0.03098078 9.055272 -0.004112298 0.03155157 0.9994937 -1.966072
0.9948428 -0.1014121 0.001821047 142.743 0.1013895 0.9938031 -0.04555786 9.137655 0.002810356 0.04550755 0.99896 -1.944743
0.9947087 -0.1027343 -0.0006294872 143.2724 0.1025599 0.9933418 -0.05247179 9.190276 0.006015949 0.05212959 0.9986222 -1.920743
0.9945632 -0.1040842 0.003237094 143.7872 0.1041116 0.9932109 -0.05188934 9.231283 0.002185742 0.05194425 0.9986476 -1.883056
0.994432 -0.1049842 0.009130409 144.2896 0.1052909 0.9934224 -0.04501014 9.275311 -0.004344999 0.04572088 0.9989448 -1.887283
0.9943435 -0.1055423 0.01190955 144.7886 0.1058897 0.9938036 -0.03378551 9.315866 -0.008269951 0.0348555 0.9993581 -1.910483
0.9942815 -0.1061339 0.01182918 145.2865 0.1063904 0.9940416 -0.02371423 9.361702 -0.009241808 0.02483713 0.9996488 -1.893083
0.9942729 -0.1067031 0.005982554 145.7888 0.106785 0.9941591 -0.01564462 9.425195 -0.004278282 0.01619387 0.9998597 -1.886457
0.9941742 -0.1077671 0.001950557 146.3061 0.1077821 0.9941137 -0.01099307 9.473627 -0.0007543844 0.01113926 0.9999377 -1.869787
0.9940361 -0.1090505 0.0005642046 146.8222 0.1090497 0.993969 -0.01157102 9.527294 0.0007010231 0.01156354 0.9999329 -1.858464
0.9939587 -0.1096485 0.00483411 147.3173 0.1097075 0.9938602 -0.01434667 9.568624 -0.003231338 0.01479034 0.9998854 -1.85523
0.993866 -0.1103799 0.006834807 147.8267 0.1104652 0.9937855 -0.01369905 9.61434 -0.005280232 0.01437003 0.9998828 -1.868843
0.9937648 -0.1112173 0.007893004 148.3327 0.1113087 0.9937099 -0.01227722 9.673103 -0.006477917 0.01307923 0.9998935 -1.872766
0.9936538 -0.1123473 0.005503977 148.8316 0.1123988 0.9936112 -0.01015953 9.725957 -0.004327417 0.01071369 0.9999332 -1.891618
0.9934831 -0.1139165 0.003791249 149.3378 0.1139526 0.9934217 -0.01131929 9.78484 -0.002476856 0.01167755 0.9999288 -1.871735
0.9933152 -0.1153843 0.003365211 149.8457 0.1154147 0.9932564 -0.01100503 9.833513 -0.00207271 0.01131986 0.9999338 -1.887088
0.9930433 -0.1176573 0.004662131 150.3327 0.1177034 0.9929844 -0.01131802 9.895612 -0.003297776 0.01178803 0.9999251 -1.869027
0.9928309 -0.1194316 0.004781771 150.8314 0.1194718 0.9927945 -0.009254454 9.945202 -0.003642041 0.009759394 0.9999458 -1.897813
0.9925702 -0.121583 0.004691249 151.3111 0.12162 0.9925393 -0.00863017 10.00679 -0.003606966 0.009136599 0.9999518 -1.890993
0.9922823 -0.1239654 0.002909253 151.8048 0.1239813 0.9922657 -0.006111006 10.06078 -0.002129199 0.006424536 0.9999771 -1.898501
0.9919937 -0.1262646 0.002419426 152.3065 0.1262756 0.991982 -0.005112491 10.12858 -0.0017545 0.005377073 0.999984 -1.900844
0.9917098 -0.1284903 0.001392762 152.7911 0.1284934 0.9917076 -0.002372193 10.18262 -0.001076408 0.002531487 0.9999962 -1.908207
0.9913812 -0.1310077 0.0005424342 153.2877 0.1310086 0.9913787 -0.002243273 10.25148 -0.0002438716 0.002295003 0.9999973 -1.913055
0.9910151 -0.13375 -0.0002999874 153.7791 0.1337491 0.9910133 -0.002023406 10.30942 0.000567922 0.001965103 0.9999979 -1.912159
0.9906929 -0.1361108 -0.001193922 154.2846 0.1361057 0.9906876 -0.003631409 10.37974 0.001677078 0.003435111 0.9999927 -1.918192
0.990308 -0.138887 -0.0007139349 154.7929 0.1388827 0.9902993 -0.004314055 10.4448 0.001306175 0.00417309 0.9999905 -1.925423
0.9899568 -0.1413702 0.0001795332 155.2945 0.1413691 0.989943 -0.005239205 10.51372 0.0005629396 0.005211967 0.9999862 -1.923886
0.989596 -0.1438739 0.0002735359 155.8065 0.143873 0.989578 -0.006001543 10.58074 0.0005927805 0.005978458 0.9999819 -1.936919
0.9892063 -0.1465299 6.896805e-05 156.3284 0.1465274 0.9891865 -0.006308906 10.66354 0.0008562209 0.006250915 0.9999801 -1.94052
0.9888248 -0.1490825 -1.328904e-05 156.8458 0.1490797 0.9888073 -0.00596675 10.73516 0.0009026781 0.005898089 0.9999822 -1.943518
0.9883922 -0.1519232 0.0004563702 157.3776 0.1519237 0.9883816 -0.004590921 10.81486 0.0002463993 0.004606964 0.9999893 -1.948698
0.9879451 -0.1548033 0.0005672988 157.8985 0.1548043 0.98794 -0.003218364 10.89322 -6.22439e-05 0.003267387 0.9999946 -1.949663
0.9873944 -0.1582767 0.0008935865 158.437 0.1582784 0.9873918 -0.002284196 10.97798 -0.000520785 0.002396838 0.999997 -1.964799
0.9868492 -0.1616375 0.001361123 158.9797 0.1616406 0.9868461 -0.00261927 11.06418 -0.0009198467 0.002804837 0.9999956 -1.955661
0.9862786 -0.1650736 0.002297282 159.514 0.1650822 0.9862707 -0.004255061 11.14093 -0.001563344 0.004575915 0.9999883 -1.966414
0.9857317 -0.1683056 0.002515652 160.0616 0.1683165 0.9857203 -0.0050321 11.23017 -0.001632799 0.005383726 0.9999841 -1.969275
0.9851541 -0.1716668 0.001398292 160.6207 0.171672 0.9851387 -0.005517895 11.32574 -0.000430272 0.005676025 0.9999838 -1.982931
0.9844464 -0.1756842 0.0005836904 161.1902 0.1756842 0.984424 -0.006667901 11.43572 0.0005968462 0.006666736 0.9999776 -1.975118
0.9837515 -0.1795169 0.002576955 161.7545 0.1795305 0.9837295 -0.006715116 11.53004 -0.00132955 0.007068648 0.9999741 -1.98082
0.9830325 -0.1834005 0.003385441 162.3372 0.1834202 0.9830099 -0.006949688 11.62332 -0.002053347 0.007452727 0.9999701 -1.990448
0.9822978 -0.1872656 0.004763007 162.9116 0.1872995 0.9822694 -0.008084802 11.72938 -0.003164551 0.008833792 0.999956 -1.993453
0.9814487 -0.1916574 0.005079882 163.5045 0.1916993 0.9814055 -0.009730226 11.85213 -0.003120553 0.01052353 0.9999397 -1.99245
0.9806624 -0.1956491 0.004756677 164.0868 0.195686 0.9806235 -0.009200118 11.96212 -0.002864514 0.009953025 0.9999464 -2.004172
0.9797618 -0.20011 0.004760446 164.6829 0.200143 0.9797344 -0.007938442 12.08021 -0.003075412 0.008730552 0.9999571 -1.99874
0.9788653 -0.2044354 0.005372618 165.2838 0.2044726 0.9788424 -0.007646683 12.19823 -0.003695693 0.008583626 0.9999563 -1.999999
0.9779158 -0.2088824 0.006991268 165.8786 0.2089363 0.9778953 -0.008146151 12.31715 -0.00513514 0.009426978 0.9999424 -2.001125
0.9770054 -0.2130689 0.007887353 166.4976 0.2131381 0.9769776 -0.009325533 12.44982 -0.005718786 0.01079219 0.9999254 -2.009031
0.9760467 -0.2174492 0.006977835 167.113 0.217508 0.976015 -0.009208389 12.58841 -0.004808116 0.01050555 0.9999332 -2.015995
0.9750249 -0.2219934 0.006737245 167.7379 0.2220532 0.9749826 -0.010049 12.72325 -0.004337887 0.01129405 0.9999268 -2.014194
0.9739514 -0.2266463 0.007077876 168.3516 0.2267069 0.9739175 -0.009428957 12.86826 -0.004756229 0.01078795 0.9999305 -2.018091
0.9728062 -0.2314779 0.008136923 168.9875 0.2315494 0.9727784 -0.009331727 13.01923 -0.005755335 0.01096206 0.9999233 -2.012057
0.9717725 -0.2357566 0.008777319 169.612 0.2358389 0.9717411 -0.009964603 13.15767 -0.00618006 0.01175336 0.9999118 -2.017752
0.9707192 -0.240066 0.008514262 170.2456 0.2401519 0.9706714 -0.01113371 13.31379 -0.005591726 0.01285242 0.9999018 -2.029209
0.9696997 -0.2441481 0.008608609 170.8657 0.2442364 0.969649 -0.0113869 13.45553 -0.005567238 0.01314441 0.9998981 -2.044987
0.9686872 -0.24816 0.007856649 171.4908 0.2482356 0.968639 -0.01083471 13.61364 -0.004921515 0.01244575 0.9999104 -2.03011
0.9677156 -0.2519242 0.007793641 172.1027 0.2519987 0.9676672 -0.01081278 13.76543 -0.004817649 0.01242768 0.9999112 -2.033962
0.9666725 -0.2558814 0.008307093 172.717 0.2559673 0.9666129 -0.01183228 13.92988 -0.005002085 0.01356428 0.9998955 -2.03581
0.9656637 -0.2596329 0.009187468 173.333 0.2597301 0.9656099 -0.01174233 14.08407 -0.005822816 0.0137254 0.9998888 -2.044158
0.9647387 -0.2630731 0.008470047 173.9479 0.263162 0.964676 -0.01207786 14.24598 -0.004993492 0.01388097 0.9998912 -2.049484
0.9637596 -0.2666448 0.008243531 174.563 0.2667281 0.9637021 -0.01159619 14.41304 -0.004852243 0.01337472 0.9998988 -2.052697
0.9628036 -0.2700769 0.008225353 175.1524 0.2701533 0.9627622 -0.01031142 14.58163 -0.005134183 0.01214997 0.999913 -2.052596
0.9620228 -0.2728826 0.006876012 175.7625 0.2729397 0.9619842 -0.009510516 14.74404 -0.00401936 0.01102607 0.9999312 -2.051501
0.9612402 -0.2756189 0.007184192 176.3727 0.2756813 0.961197 -0.01001684 14.91133 -0.004144594 0.01160914 0.999924 -2.055069
0.9605182 -0.2781357 0.006731375 176.9814 0.2781967 0.9604597 -0.01112415 15.0801 -0.003371191 0.0125576 0.9999155 -2.053128
0.9598172 -0.2805398 0.006962148 177.5939 0.2806084 0.9597402 -0.01255501 15.24962 -0.003159673 0.01400415 0.9998969 -2.065238
0.9590896 -0.2830178 0.006930573 178.2141 0.2830901 0.9589906 -0.01404581 15.43131 -0.002671139 0.01543317 0.9998773 -2.060056
0.958422 -0.285262 0.007272171 178.8168 0.2853377 0.9583316 -0.0135255 15.60211 -0.003110839 0.01503817 0.9998821 -2.076643
0.9577824 -0.2874064 0.007108127 179.4282 0.2874792 0.9576926 -0.01343783 15.78503 -0.002945282 0.01491396 0.9998844 -2.068181
0.9573023 -0.2890099 0.00675756 180.0388 0.2890743 0.9572272 -0.01233169 15.95899 -0.00290454 0.01375859 0.9999011 -2.076218
0.9567707 -0.2907741 0.006349592 180.6706 0.2908279 0.9567171 -0.01055768 16.14365 -0.003004866 0.01194791 0.9999241 -2.071276
0.9564059 -0.2919731 0.006273421 181.301 0.2920235 0.9563614 -0.009756142 16.3093 -0.003151126 0.01116282 0.9999327 -2.066824
0.9560362 -0.293117 0.008786736 181.9381 0.2932055 0.9559805 -0.01148843 16.50491 -0.005032492 0.01355968 0.9998954 -2.059334
0.955838 -0.2936972 0.01075916 182.5899 0.2938274 0.9557607 -0.01366934 16.69508 -0.006268532 0.016227 0.9998487 -2.057115
0.9557655 -0.2939337 0.01073949 183.2366 0.2940777 0.9556464 -0.01606988 16.88213 -0.005539674 0.01851728 0.9998132 -2.073499
0.9556575 -0.2943133 0.009919778 183.8952 0.2944469 0.9555147 -0.01710956 17.08215 -0.004442923 0.01927172 0.9998044 -2.066153
0.9553658 -0.2951598 0.012519 184.5437 0.2953257 0.955286 -0.01453357 17.27712 -0.007669502 0.01758206 0.999816 -2.070474
0.9551836 -0.2957203 0.01318109 185.2018 0.2958655 0.9551675 -0.01088853 17.46661 -0.009370188 0.01430038 0.9998538 -2.050081
0.9549901 -0.2963449 0.01317306 185.8643 0.2964751 0.9549949 -0.009336001 17.65657 -0.009813528 0.01282127 0.9998696 -2.073647
0.9548648 -0.2967665 0.01276288 186.5226 0.2968987 0.9548554 -0.01010601 17.85534 -0.00918758 0.01343916 0.9998675 -2.07449
0.9547297 -0.2973812 0.007453318 187.1813 0.2974409 0.9546989 -0.008894236 18.06632 -0.004470696 0.01070851 0.9999326 -2.084282
0.9545177 -0.2981123 0.005012183 187.8263 0.2981307 0.954519 -0.003436321 18.26208 -0.003759813 0.004774315 0.9999815 -2.105445
0.9541339 -0.2993748 0.001800801 188.4854 0.299376 0.9541352 -0.0003790419 18.45196 -0.001604732 0.0009007731 0.9999983 -2.106385
0.9539207 -0.3000564 0.001152611 189.1455 0.300057 0.9539212 -0.0003556577 18.65941 -0.0009927824 0.0006851182 0.9999993 -2.101073
0.9538507 -0.3002792 0.001053498 189.7974 0.3002805 0.9538368 -0.005200491 18.84952 0.0005567337 0.005276837 0.9999859 -2.1124
0.9538705 -0.3002183 -0.0003016619 190.467 0.3001917 0.9537987 -0.01238029 19.05609 0.004004513 0.01171863 0.9999233 -2.116875
0.9538556 -0.3002582 -0.00213452 191.1216 0.3001943 0.9537592 -0.01505137 19.26115 0.006555115 0.01371606 0.9998844 -2.125534
0.9535196 -0.3012998 -0.004332879 191.7746 0.3012244 0.9534663 -0.01288369 19.47222 0.008013105 0.01097968 0.9999076 -2.133222
0.9533247 -0.3019157 -0.004357215 192.4141 0.3018681 0.9533058 -0.009139831 19.66461 0.006913218 0.007397923 0.9999487 -2.12167
0.9532715 -0.3020813 -0.004512476 193.0663 0.3020373 0.9532589 -0.008447656 19.85745 0.006853437 0.006689974 0.9999542 -2.119972
0.9533651 -0.3018191 -0.0004039318 193.739 0.3017932 0.9532994 -0.01188122 20.0449 0.003971046 0.01120524 0.9999293 -2.119064
0.9531903 -0.3023705 0.0005898024 194.4134 0.3023445 0.9530789 -0.0151235 20.25307 0.004010773 0.0145939 0.9998854 -2.12223
0.9530284 -0.3028706 0.002526358 195.0745 0.302869 0.9528825 -0.01689517 20.46045 0.002709725 0.01686673 0.9998541 -2.134931
0.9527487 -0.3037548 0.001729691 195.7273 0.303751 0.9526627 -0.01299774 20.66219 0.002300313 0.01290897 0.9999141 -2.136649
0.9524872 -0.3045669 0.002660984 196.3804 0.3045784 0.9524602 -0.007184106 20.86806 -0.0003464393 0.007653248 0.9999707 -2.136669
0.9520234 -0.3059689 0.005876136 197.0375 0.3059408 0.9520363 0.005210884 21.06976 -0.007188662 -0.003163134 0.9999692 -2.151857
0.9514322 -0.3077259 0.009030656 197.6942 0.3074969 0.9513273 0.02054321 21.27945 -0.01491279 -0.01676857 0.9997482 -2.121173
0.9509125 -0.3092835 0.01045163 198.3483 0.3088446 0.9506088 0.03094868 21.46004 -0.01950732 -0.02620155 0.9994663 -2.20631
0.9505011 -0.3105564 0.01011991 199.031 0.3101841 0.9502689 0.02783538 21.67143 -0.01826109 -0.02331853 0.9995613 -2.216565
0.9500642 -0.3120268 0.004166728 199.7129 0.3119739 0.9500372 0.01005509 21.88827 -0.007096005 -0.00825307 0.9999408 -2.243932
0.9496989 -0.3131417 0.00377469 200.4438 0.3131553 0.9495097 -0.01910019 22.11556 0.002396961 0.01932149 0.9998105 -2.23621
0.9490774 -0.3149682 0.006864036 201.1304 0.3149661 0.9481391 -0.04276417 22.34743 0.006961293 0.04274845 0.9990616 -2.207187
0.948934 -0.3153968 0.007017558 201.8094 0.3153161 0.9475161 -0.05281045 22.56395 0.010007 0.05232637 0.9985799 -2.217068
0.948702 -0.3161087 0.00631455 202.4745 0.316082 0.9477676 -0.04276554 22.79781 0.007533835 0.04256767 0.9990652 -2.230192
0.94815 -0.3177603 0.006314706 203.1419 0.3178212 0.9478916 -0.02216025 23.01159 0.001055991 0.02301819 0.9997345 -2.190003
0.9476905 -0.3191224 0.006599577 203.8246 0.3191444 0.9477026 -0.002590483 23.23348 -0.005427755 0.004561194 0.9999748 -2.202648
0.9473699 -0.3201155 0.004044161 204.5263 0.3201153 0.9473784 0.0007201908 23.46977 -0.004061894 0.0006123105 0.9999915 -2.167729
