1.0 0.0 0.0 0.0 0.0 1.0 0.0 0.0 0.0 0.0 1.0 0.0
0.999999 0.00119146 0.0008127589 0.3618551 -0.001193071 0.9999973 0.001985088 0.01241995 -0.0008103916 -0.001986056 0.9999977 -0.02128815
0.999998 0.001530144 0.001290106 0.7848326 -0.001533011 0.9999963 0.002224293 0.01642541 -0.001286698 -0.002226266 0.9999967 -0.03387637
0.9999921 0.003679947 0.001503779 1.08402 -0.003682658 0.9999915 0.001803888 -0.04008865 -0.001497128 -0.001809412 0.9999973 -0.03012138
0.9999946 0.002066489 0.002552269 1.531819 -0.002071525 0.9999958 0.001972018 -0.02714746 -0.002548183 -0.001977294 0.9999948 -0.03473309
0.9999947 0.003249135 -0.0002954962 1.929073 -0.003248144 0.9999893 0.003292138 -0.09880357 0.0003061896 -0.003291161 0.9999945 -0.04910767
0.9999967 0.002568161 -0.0003214623 2.262975 -0.002566584 0.999985 0.00481251 -0.08980933 0.0003338169 -0.004811669 0.9999884 -0.05873141
0.9999967 0.002547414 -0.0004957099 2.662157 -0.002544621 0.9999813 0.0055542 -0.08849258 0.0005098495 -0.005552921 0.9999844 -0.06732834
0.9999946 0.003227521 -0.0005711886 2.994906 -0.003224932 0.9999846 0.00447805 -0.1478135 0.000585633 -0.004476184 0.9999898 -0.07991692
0.9999964 0.002462346 -0.001037289 3.352605 -0.002459636 0.9999937 0.002606377 -0.1470436 0.0010437 -0.002603816 0.9999961 -0.08252215
0.9999995 0.0009577114 0.0001620604 4.033748 -0.0009579491 0.9999983 0.001473378 -0.1363237 -0.0001606491 -0.001473533 0.9999989 -0.117061
0.9999993 2.881042e-05 0.001145457 4.577522 -3.210832e-05 0.9999959 0.002879199 -0.1592631 -0.001145369 -0.002879234 0.9999952 -0.1114049
0.9999999 -0.0002570801 0.0004199854 4.732134 0.0002559321 0.9999963 0.0027311 -0.2122967 -0.0004206859 -0.002730992 0.9999962 -0.1066439
0.9999892 -0.001201121 0.004504373 5.37512 0.00118956 0.9999961 0.002568423 -0.2187319 -0.00450744 -0.002563036 0.9999865 -0.124697
0.9999924 -0.001188808 0.003700005 5.924516 0.001182372 0.9999977 0.00174121 -0.2381401 -0.003702067 -0.001736822 0.9999917 -0.1246375
0.9999886 -0.00388414 0.002787304 6.523065 0.003872783 0.9999841 0.004068616 -0.2765028 -0.002803063 -0.004057775 0.9999878 -0.1593419
0.999993 -0.003662343 -0.0007617413 7.169989 0.003664958 0.9999874 0.003459747 -0.2772513 0.0007490609 -0.003462514 0.9999937 -0.138878
0.9999848 -0.00520702 -0.001802424 7.800807 0.005212115 0.9999824 0.002833097 -0.2907068 0.00178764 -0.002842448 0.9999943 -0.1586989
0.9999591 -0.007917034 -0.004380626 9.076349 0.007932127 0.9999626 0.003438702 -0.3104728 0.004353237 -0.003473309 0.9999845 -0.1624608
0.9999496 -0.00986975 -0.001825964 10.1986 0.009875211 0.9999468 0.00300686 -0.3085625 0.00179619 -0.003024741 0.9999938 -0.2093424
0.999925 -0.01209358 0.001926343 11.95772 0.01208807 0.999923 0.002845597 -0.2892461 -0.001960608 -0.002822097 0.9999941 -0.2524599
0.999885 -0.01504796 0.001873425 13.38097 0.01504001 0.999878 0.004188368 -0.2951912 -0.001936223 -0.00415971 0.9999894 -0.2642146
0.999827 -0.01825426 0.003561916 15.29896 0.01823979 0.9998255 0.004054806 -0.2770937 -0.003635311 -0.003989135 0.9999855 -0.3141577
0.9997478 -0.02217128 0.003587306 17.60306 0.02215803 0.9997476 0.003691477 -0.2491253 -0.003668246 -0.003611058 0.9999868 -0.3530765
0.9996738 -0.0247981 0.006117024 19.96017 0.02478134 0.999689 0.002800546 -0.2145598 -0.00618457 -0.002648044 0.9999774 -0.4069365
0.9996064 -0.02733589 0.006304239 22.42961 0.02730528 0.9996152 0.004891344 -0.1702319 -0.006435522 -0.00471728 0.9999682 -0.4531925
0.9995477 -0.02943531 0.006163294 24.83479 0.02940057 0.9995518 0.005652291 -0.1300127 -0.006326908 -0.00546853 0.999965 -0.4989042
0.9994938 -0.03148764 0.00455334 27.27867 0.03146086 0.9994879 0.005838017 -0.08393421 -0.004734834 -0.00569181 0.9999726 -0.5574288
0.9994327 -0.03313093 0.006059021 29.67866 0.03310318 0.9994411 0.004624699 -0.03496145 -0.006208856 -0.004421502 0.999971 -0.611259
0.9993277 -0.03623288 0.005599027 32.05217 0.03620766 0.999334 0.004543265 0.04162822 -0.005759913 -0.004337483 0.999974 -0.6456575
0.9992128 -0.03886419 0.007960351 34.50461 0.03881877 0.9992294 0.005783128 0.1048071 -0.008178975 -0.005469565 0.9999516 -0.7089355
0.9991432 -0.04096768 0.005879398 36.93293 0.04091938 0.9991295 0.008113029 0.1821701 -0.006206652 -0.007865497 0.9999498 -0.7487689
0.999062 -0.0428829 0.00601236 39.37568 0.04282764 0.9990416 0.009037671 0.258067 -0.00639416 -0.008771698 0.9999411 -0.8180507
0.9989718 -0.04499236 0.005578813 41.79662 0.04494193 0.9989504 0.008857447 0.3450769 -0.005971475 -0.008597617 0.9999452 -0.8696587
0.9988811 -0.04701412 0.005115284 44.22428 0.04696651 0.9988554 0.009061101 0.4337169 -0.005535428 -0.008810715 0.9999459 -0.9304661
0.9987586 -0.04967323 0.003724049 46.65004 0.04963769 0.9987258 0.009094509 0.5409901 -0.004171058 -0.008898365 0.9999517 -0.9980855
0.9986538 -0.05172305 0.003904231 49.08919 0.05168992 0.9986299 0.008156564 0.636378 -0.004320764 -0.007943776 0.9999591 -1.057011
0.9985219 -0.05421032 0.003899306 51.54176 0.05417749 0.9984986 0.008082889 0.7351446 -0.004331628 -0.007859686 0.9999597 -1.104851
0.9983776 -0.0568256 0.003623208 54.01254 0.05679343 0.9983504 0.008436411 0.8538086 -0.004096635 -0.008216948 0.9999579 -1.169766
0.9982495 -0.05906807 0.002992416 56.47242 0.05904102 0.9982198 0.008438855 0.9676968 -0.003485556 -0.008247407 0.9999599 -1.209215
0.9980813 -0.06171111 0.005053542 58.91 0.06165539 0.998042 0.01052595 1.103446 -0.005693215 -0.01019417 0.9999318 -1.309032
0.9979539 -0.06390923 0.001896197 61.33196 0.06388742 0.9979079 0.009917594 1.22855 -0.002526055 -0.009776158 0.999949 -1.345898
0.9978293 -0.06584886 0.0007775641 63.8232 0.06583986 0.9977937 0.008537966 1.361305 -0.001338064 -0.008468238 0.9999632 -1.38584
0.9976353 -0.06865956 0.003108785 66.26471 0.06863828 0.9976205 0.006498875 1.507987 -0.003547598 -0.006270126 0.9999741 -1.473349
0.9974203 -0.07131485 0.008180271 68.7206 0.0712714 0.9974419 0.005485944 1.655393 -0.008550574 -0.004888772 0.9999515 -1.520899
0.997227 -0.07392037 0.008611831 71.18607 0.07385889 0.9972422 0.007250673 1.814566 -0.009124055 -0.006594506 0.9999366 -1.575637
0.9970393 -0.07630984 0.009462849 73.65643 0.07623234 0.9970555 0.00829737 1.971117 -0.01006816 -0.007551428 0.9999208 -1.631982
0.9968497 -0.07884534 0.008610591 76.08433 0.07876729 0.9968519 0.009056067 2.138439 -0.009297512 -0.008349305 0.9999219 -1.699774
0.996666 -0.08086181 0.0108792 78.55877 0.08078825 0.9967065 0.007039314 2.297671 -0.01141258 -0.006136933 0.999916 -1.764389
0.9964076 -0.08372817 0.01271225 81.00201 0.08365797 0.9964769 0.005958385 2.48357 -0.01316634 -0.004873498 0.9999014 -1.832877
0.99616 -0.0865463 0.01322467 83.43882 0.08648276 0.9962392 0.005304171 2.671246 -0.01363399 -0.004140098 0.9998985 -1.873946
0.995934 -0.08891767 0.01446075 85.85441 0.0888353 0.9960268 0.006243801 2.857912 -0.01495848 -0.004933788 0.999876 -1.950109
0.9957203 -0.09101154 0.01606084 88.30676 0.09092693 0.99584 0.005923324 3.04799 -0.01653312 -0.004437611 0.9998535 -2.008034
0.9954763 -0.09377927 0.01524472 90.72287 0.09367628 0.9955758 0.00733659 3.254456 -0.01586529 -0.005875333 0.9998569 -2.055138
0.9952308 -0.0963138 0.01547157 93.15419 0.09620319 0.9953316 0.007742483 3.454308 -0.01614505 -0.006217142 0.9998503 -2.126881
0.9949858 -0.09887268 0.01508499 95.56114 0.09874263 0.9950711 0.009137751 3.667239 -0.01591411 -0.0076024 0.9998444 -2.180534
0.9946269 -0.1020843 0.01720512 98.01045 0.1019263 0.9947435 0.009825112 3.889651 -0.01811767 -0.008018669 0.9998037 -2.266696
0.9943951 -0.1042244 0.01776832 100.3906 0.1040474 0.9945157 0.01061507 4.109488 -0.01877723 -0.008706823 0.9997858 -2.329902
0.9941169 -0.1069617 0.01705145 102.794 0.1068336 0.9942425 0.008259152 4.338865 -0.01783669 -0.006388895 0.9998205 -2.374137
0.9937927 -0.1096112 0.01901365 105.2002 0.109465 0.9939538 0.008570602 4.578099 -0.01983812 -0.006436072 0.9997825 -2.462879
0.9935894 -0.1116093 0.01798374 107.6042 0.1114926 0.9937379 0.007373833 4.816783 -0.01869411 -0.005321509 0.9998111 -2.521037
0.9932669 -0.1140226 0.02048345 109.9947 0.1138963 0.9934664 0.007232266 5.065358 -0.02117426 -0.00485058 0.999764 -2.579829
0.9929836 -0.1165651 0.01990255 112.3663 0.1163533 0.9931414 0.01149456 5.311852 -0.02110591 -0.009098179 0.9997358 -2.646446
0.9927276 -0.1187725 0.01961944 114.7436 0.1185427 0.9928703 0.01249212 5.56419 -0.02096329 -0.01007553 0.9997295 -2.70666
0.9924121 -0.1210959 0.02130669 117.0947 0.1208918 0.9926089 0.0106242 5.826797 -0.02243575 -0.007967779 0.9997165 -2.791267
0.9920682 -0.1235718 0.02303581 119.4823 0.1233874 0.9923153 0.009266378 6.097005 -0.02400385 -0.00635055 0.9996917 -2.852953
0.9918275 -0.1256015 0.02241302 121.8759 0.1253596 0.99204 0.01189666 6.369849 -0.02372885 -0.008989746 0.999678 -2.912479
0.9916657 -0.1273209 0.01971028 124.2284 0.1270885 0.9918109 0.01263323 6.64774 -0.02115734 -0.01002299 0.9997259 -2.99185
0.991432 -0.128987 0.02061425 126.5871 0.1287358 0.9915926 0.01308432 6.926643 -0.02212865 -0.01031842 0.9997019 -3.075426
0.9912784 -0.1303771 0.01920876 128.9831 0.1301873 0.9914303 0.01082588 7.220404 -0.02045559 -0.008230723 0.9997569 -3.135107
0.9910483 -0.1316169 0.02236445 131.3508 0.13142 0.9912758 0.01006442 7.496901 -0.02349398 -0.007035188 0.9996992 -3.205786
0.9908535 -0.1330135 0.02272987 133.7024 0.1328111 0.9910889 0.01020231 7.786844 -0.02388436 -0.007090214 0.9996896 -3.253103
0.9905906 -0.1343502 0.02608322 136.0423 0.1341189 0.9909104 0.01043288 8.074168 -0.02724779 -0.006836458 0.9996054 -3.34633
0.9903976 -0.1354853 0.02749968 138.3816 0.1351721 0.9907374 0.01295254 8.365855 -0.02899984 -0.00911098 0.9995379 -3.41713
0.9902245 -0.1365399 0.02850075 140.7452 0.1361948 0.9905869 0.01372604 8.667628 -0.03010662 -0.009710202 0.9994995 -3.485606
0.9901312 -0.1374306 0.02744181 143.0646 0.1371073 0.9904665 0.01334348 8.957108 -0.02901399 -0.009449327 0.9995344 -3.550178
0.989895 -0.1388083 0.02898647 145.408 0.138529 0.9902923 0.01144233 9.26003 -0.03029337 -0.007311243 0.9995143 -3.629956
0.9897154 -0.1399001 0.02985599 147.7363 0.1395789 0.9901308 0.01259224 9.559715 -0.03132299 -0.008295469 0.9994749 -3.701743
0.9895122 -0.1409237 0.03171874 150.0598 0.1406009 0.9899913 0.01219675 9.857142 -0.03312008 -0.007609153 0.9994224 -3.77413
0.9893259 -0.1419143 0.03308452 152.3937 0.1415394 0.9898415 0.01342365 10.16174 -0.03465344 -0.008597601 0.9993624 -3.834704
0.9890178 -0.1435646 0.03511272 154.7406 0.1431403 0.9895986 0.01432757 10.46616 -0.03680443 -0.00914418 0.9992806 -3.913635
0.9885728 -0.1462 0.03673501 157.0668 0.1456412 0.9891832 0.01746705 10.77655 -0.03889135 -0.01191732 0.9991724 -3.992414
0.9880765 -0.1492186 0.03792864 159.3796 0.1485598 0.9887081 0.01964791 11.09481 -0.0404322 -0.01377897 0.9990873 -4.090981
0.987444 -0.1532256 0.03842099 161.6817 0.1525268 0.9880862 0.02052006 11.42046 -0.04110746 -0.01440218 0.9990509 -4.165887
0.9865025 -0.1586488 0.04053963 163.9921 0.1580088 0.9872633 0.01855269 11.75649 -0.04296666 -0.01189665 0.9990057 -4.239283
0.9857118 -0.1635186 0.04042121 166.2742 0.1628152 0.986451 0.02014143 12.09799 -0.04316704 -0.01327245 0.9989797 -4.354127
0.9848795 -0.1685113 0.04020408 168.6006 0.1678249 0.9856157 0.01990304 12.46312 -0.04297967 -0.01285485 0.9989932 -4.422613
0.9840931 -0.1735047 0.03816842 170.8915 0.1728222 0.9847389 0.0205315 12.83508 -0.04114824 -0.01360856 0.9990604 -4.508879
0.9831735 -0.178394 0.03931335 173.187 0.1777128 0.9838747 0.02021815 13.22329 -0.04228621 -0.01289147 0.9990224 -4.605958
0.9823895 -0.1830239 0.03759255 175.4924 0.182347 0.9830154 0.0207368 13.6198 -0.04074939 -0.01351672 0.999078 -4.659321
0.9815487 -0.1875788 0.03709899 177.7792 0.1869488 0.98217 0.01981074 14.01887 -0.04015358 -0.0125096 0.9991152 -4.748459
0.9808328 -0.1912922 0.03707304 180.1028 0.1906336 0.9814454 0.02058512 14.43442 -0.04032294 -0.01312319 0.9991005 -4.851276
0.980102 -0.1946862 0.03869548 182.4038 0.1939435 0.980763 0.02213746 14.85957 -0.04226095 -0.01419223 0.9990058 -4.913348
0.979494 -0.1979696 0.03741153 184.7404 0.1971989 0.9800863 0.02331183 15.29884 -0.04128156 -0.01545628 0.999028 -5.0184
0.9789269 -0.2006216 0.03811891 187.0361 0.1998882 0.9795671 0.02220428 15.73753 -0.04179468 -0.01411685 0.9990265 -5.102123
0.9784958 -0.202876 0.03724546 189.3591 0.2021294 0.9790921 0.02286134 16.18726 -0.04110475 -0.01484133 0.9990446 -5.162594
0.9781904 -0.2042926 0.03752567 191.693 0.2035534 0.9788029 0.02260402 16.64179 -0.04134807 -0.01447256 0.99904 -5.274634
0.9780575 -0.2050723 0.03672613 193.9642 0.2042863 0.9786158 0.02404916 17.09282 -0.04087259 -0.01601882 0.999036 -5.368888
0.9778728 -0.2062766 0.0348524 196.2785 0.2055654 0.9783747 0.02292702 17.56007 -0.03882802 -0.01525526 0.9991295 -5.437255
0.9778836 -0.2065644 0.03278405 198.6125 0.2058208 0.9782788 0.02467027 18.02071 -0.03716793 -0.01737702 0.999158 -5.527467
0.9777176 -0.2074272 0.03228435 200.952 0.2066984 0.9780976 0.02451152 18.48326 -0.03666161 -0.01729222 0.9991781 -5.618068
0.9774463 -0.2083907 0.03423738 203.2958 0.2075994 0.9778874 0.02527453 18.96103 -0.03874728 -0.01759683 0.9990941 -5.71358
0.9773422 -0.209072 0.03303241 205.6601 0.2083126 0.9777426 0.02500446 19.43432 -0.03752493 -0.01755685 0.9991415 -5.800103
0.9771484 -0.2095994 0.03534323 207.974 0.2087959 0.9776369 0.0251119 19.90433 -0.03981628 -0.01715853 0.9990597 -5.897624
0.9771138 -0.2101354 0.03303985 210.3407 0.2093647 0.97751 0.02531394 20.3881 -0.03761614 -0.01781722 0.9991334 -5.979508
0.977016 -0.210481 0.03372513 212.6803 0.2097056 0.9774418 0.02512062 20.86311 -0.03825177 -0.0174709 0.9991154 -6.100756
0.9769979 -0.2106142 0.03341946 215.0799 0.2098572 0.9774181 0.02477858 21.35488 -0.03788351 -0.0171953 0.9991342 -6.177103
0.9768424 -0.2111666 0.0344612 217.4397 0.2104584 0.9773308 0.02306639 21.83214 -0.03855084 -0.01527958 0.9991398 -6.258406
0.976756 -0.2113621 0.03568849 219.8355 0.2105434 0.9772553 0.025364 22.32336 -0.04023776 -0.01726047 0.999041 -6.347029
0.9767498 -0.2116402 0.03418015 222.2183 0.2108464 0.9771891 0.02540435 22.8112 -0.03877705 -0.01760693 0.9990928 -6.450576
0.9766889 -0.2118862 0.03439489 224.611 0.2111245 0.9771526 0.02448292 23.30856 -0.03879665 -0.01665059 0.9991084 -6.5609
0.9768065 -0.2117753 0.03162721 227.0039 0.2110601 0.9771659 0.02449856 23.80037 -0.03609323 -0.01725511 0.9991995 -6.616482
0.9769446 -0.2114293 0.02961163 229.3784 0.2106968 0.9772049 0.02602382 24.28807 -0.03443883 -0.01918476 0.9992226 -6.726092
0.9769368 -0.2113304 0.03056291 231.7902 0.2104687 0.9771665 0.0291312 24.7865 -0.03602136 -0.0220268 0.9991083 -6.847029
0.9770883 -0.2108723 0.02883177 234.2134 0.2100163 0.977235 0.030082 25.28051 -0.03451888 -0.02333763 0.9991315 -6.931201
0.9771197 -0.2110858 0.02607146 236.6328 0.2103458 0.9772121 0.02848205 25.77954 -0.0314895 -0.02234635 0.9992542 -7.043746
0.9772975 -0.2103125 0.0256575 239.0708 0.2096615 0.9774311 0.025894 26.27882 -0.03052427 -0.01992675 0.9993353 -7.138126
0.9774947 -0.209558 0.02428031 241.5249 0.2088997 0.977562 0.02708317 26.78233 -0.029411 -0.02140151 0.9993383 -7.255455
0.9776321 -0.2089244 0.0242081 243.9736 0.2082096 0.9776528 0.02904611 27.27629 -0.02973556 -0.02335605 0.9992849 -7.341722
0.9778019 -0.2081278 0.02421196 246.4203 0.2073347 0.9777579 0.03165201 27.76946 -0.0302611 -0.02592942 0.9992056 -7.444104
0.9778378 -0.2078581 0.02506528 248.9039 0.207117 0.9778787 0.02925362 28.26003 -0.03059141 -0.02341386 0.9992577 -7.551888
0.9776522 -0.2082494 0.02878123 251.3313 0.2074743 0.977847 0.02774074 28.76633 -0.03392063 -0.02114944 0.9992007 -7.66968
0.9777675 -0.2076354 0.0292953 253.8268 0.2069051 0.9780126 0.02610975 29.25897 -0.03407248 -0.01946792 0.9992297 -7.762606
0.9778013 -0.2071293 0.03165596 256.3236 0.2062913 0.9780953 0.02780804 29.75596 -0.0367224 -0.02066039 0.9991119 -7.871367
0.977931 -0.206532 0.03155138 258.8279 0.2056326 0.9781837 0.02953065 30.25225 -0.03696207 -0.02239094 0.9990658 -7.97046
0.9779314 -0.2064112 0.03232152 261.3254 0.2055008 0.9782163 0.02936582 30.74565 -0.03767887 -0.02207566 0.999046 -8.084057
0.9778987 -0.206681 0.0315771 263.7955 0.2057969 0.9781621 0.02910107 31.24925 -0.03690216 -0.02195943 0.9990776 -8.208882
0.9779847 -0.2066293 0.02916124 266.2926 0.2058065 0.9781666 0.02888185 31.74777 -0.03449238 -0.02224443 0.9991574 -8.293226
0.9779947 -0.2066418 0.02873157 268.8006 0.2058077 0.978148 0.02949303 32.24743 -0.03419821 -0.02293085 0.9991519 -8.407529
0.9777234 -0.2075797 0.0311072 271.3029 0.2066415 0.9779298 0.03086542 32.75878 -0.03682769 -0.02374981 0.9990394 -8.525143
0.9777312 -0.2073618 0.03229398 273.8325 0.2063532 0.9779551 0.03197259 33.25931 -0.03821196 -0.02459664 0.9989669 -8.630299
0.9776008 -0.2077884 0.03347487 276.3655 0.2067564 0.9778744 0.03183765 33.76253 -0.03934972 -0.02420336 0.9989323 -8.744592
0.9775318 -0.2083232 0.03214028 278.8956 0.2073921 0.9777966 0.0300348 34.26844 -0.03768361 -0.02269433 0.999032 -8.860755
0.9772818 -0.2092591 0.03362897 281.4165 0.208295 0.977605 0.03002886 34.78444 -0.03915966 -0.02234191 0.9989831 -8.977552
0.9771997 -0.2097458 0.03297789 283.9352 0.2087635 0.9774785 0.03088114 35.28899 -0.03871237 -0.02329246 0.9989789 -9.062247
0.9768838 -0.2107224 0.03597363 286.4716 0.2097543 0.9773272 0.02888704 35.7979 -0.04124515 -0.02067366 0.9989352 -9.195836
0.9767641 -0.2108745 0.03826021 289.0502 0.2098302 0.9772909 0.02956276 36.32259 -0.04362538 -0.02084769 0.9988304 -9.298089
0.9768295 -0.2106744 0.03768811 291.6164 0.2096375 0.9773288 0.02966811 36.84327 -0.04308399 -0.02107985 0.998849 -9.403224
0.9768276 -0.2109776 0.03600393 294.1561 0.2099475 0.9772409 0.03037101 37.37565 -0.04159211 -0.02210831 0.99889 -9.535773
0.9769008 -0.2105881 0.0362966 296.6881 0.209522 0.9773102 0.03106794 37.88966 -0.04201558 -0.02274536 0.998858 -9.643258
0.9770234 -0.2104149 0.03392585 299.2376 0.2094051 0.9773366 0.03102426 38.41044 -0.03968494 -0.02320718 0.9989427 -9.742107
0.9769967 -0.2103296 0.03519794 301.8267 0.2093185 0.9773769 0.03033583 38.93986 -0.04078218 -0.02227043 0.9989198 -9.873572
0.9770164 -0.2101928 0.03546816 304.4333 0.2091824 0.9774112 0.03017104 39.46057 -0.04100871 -0.02205829 0.9989153 -9.982597
0.9769514 -0.2104177 0.03592195 306.9607 0.2093987 0.9773656 0.03014172 39.979 -0.04145123 -0.02192498 0.9988999 -10.09045
0.9769579 -0.2103237 0.03629346 309.5052 0.209248 0.9773616 0.03129669 40.49955 -0.04205427 -0.02298121 0.998851 -10.21052
0.9769942 -0.2104019 0.03483412 312.0688 0.2093867 0.9773529 0.03063875 41.02102 -0.04049167 -0.02264008 0.9989234 -10.32027
0.9770061 -0.2101961 0.03573188 314.5924 0.2091755 0.9774092 0.03027696 41.53947 -0.04128877 -0.02210654 0.9989027 -10.44086
0.9772113 -0.2094488 0.03448589 317.0009 0.2084658 0.9775686 0.03002474 42.03458 -0.04000098 -0.02215139 0.9989541 -10.51727
0.9769781 -0.2107057 0.03341862 318.7832 0.2097735 0.9773096 0.02934449 42.39613 -0.03884339 -0.02165859 0.9990106 -10.60918
0.9770421 -0.2100902 0.03536725 320.959 0.2090764 0.9774296 0.03030857 42.85189 -0.04093653 -0.02221829 0.9989147 -10.69899
0.9770599 -0.209812 0.03650896 323.3396 0.2087402 0.9774772 0.0310806 43.33702 -0.04220775 -0.02274672 0.9988499 -10.79987
0.977006 -0.2100367 0.03665954 325.6782 0.2089494 0.9774233 0.0313685 43.8207 -0.04242043 -0.02298722 0.9988354 -10.90516
0.9769682 -0.2101725 0.03688772 327.8553 0.2090742 0.9773922 0.03150328 44.27299 -0.04267489 -0.02306543 0.9988227 -11.01846
0.9771051 -0.2101095 0.0334616 330.1253 0.2090905 0.9773878 0.03153138 44.739 -0.03933001 -0.02381297 0.9989425 -11.11493
0.9774159 -0.2089251 0.03175778 332.2264 0.2079215 0.9776154 0.03219888 45.18237 -0.03777405 -0.02486856 0.9989768 -11.20225
0.9781082 -0.2066479 0.02451431 334.2465 0.205831 0.9780586 0.03217496 45.60113 -0.03062531 -0.02642479 0.9991816 -11.33732
0.9786332 -0.2040909 0.02497828 336.1641 0.2032945 0.9786232 0.0311168 45.98084 -0.03079497 -0.02537399 0.9992036 -11.38118
0.9788803 -0.2027092 0.02650199 338.1064 0.2019377 0.9789647 0.02914161 46.38102 -0.03185179 -0.0231744 0.9992239 -11.478
0.9791678 -0.2011716 0.02757423 340.0011 0.2003943 0.9792991 0.02855808 46.75505 -0.03274849 -0.02243743 0.9992117 -11.59751
0.9793795 -0.2000605 0.0281336 341.8348 0.1991582 0.9794481 0.03189697 47.10885 -0.03393673 -0.0256362 0.9990951 -11.64665
0.979443 -0.1996967 0.02850831 343.6656 0.1987319 0.9794834 0.03343253 47.465 -0.03459979 -0.02707975 0.9990343 -11.77458
0.9795989 -0.1987873 0.02948778 345.5306 0.1978251 0.9796948 0.03261032 47.823 -0.03537154 -0.02611161 0.999033 -11.83125
0.979634 -0.1989052 0.02745903 347.2648 0.1981216 0.9797535 0.02882377 48.16805 -0.03263628 -0.02279651 0.9992073 -11.93615
0.9796538 -0.198271 0.03109858 349.0746 0.1973746 0.9798789 0.02967358 48.50577 -0.03635626 -0.02293176 0.9990758 -12.02838
0.9796779 -0.1979253 0.03250935 350.8678 0.1968992 0.9798937 0.03223452 48.83402 -0.03823573 -0.02517838 0.9989515 -12.06203
0.9796217 -0.1982616 0.03215034 352.5741 0.1971881 0.9797857 0.03372149 49.16941 -0.03818612 -0.02669464 0.998914 -12.19295
0.9796221 -0.1978347 0.03467114 354.4231 0.1966497 0.9798555 0.03481341 49.51096 -0.04086001 -0.02728591 0.9987922 -12.26458
0.9796305 -0.1978594 0.034289 356.244 0.1966306 0.9798111 0.03614917 49.86158 -0.04074919 -0.02867056 0.998758 -12.37508
0.9795871 -0.1978836 0.03537298 357.9969 0.1966247 0.9798131 0.03612624 50.18643 -0.0418077 -0.0284336 0.998721 -12.45726
0.9799178 -0.1962647 0.03523313 359.7852 0.1949758 0.9801124 0.0369311 50.51662 -0.0417807 -0.02931983 0.9986965 -12.54651
0.9800327 -0.1961448 0.03260412 361.5073 0.1950049 0.9801736 0.0351111 50.84505 -0.03884456 -0.02805206 0.9988514 -12.63715
0.9801412 -0.1955564 0.03287605 363.257 0.1944004 0.980286 0.03532537 51.16129 -0.03913604 -0.02823274 0.998835 -12.75957
0.9802838 -0.1951237 0.03115243 364.9858 0.1940843 0.9804124 0.03351209 51.48182 -0.03708122 -0.02680516 0.9989527 -12.77944
0.9805208 -0.1943341 0.02851441 366.6833 0.1933063 0.9805053 0.03524009 51.79347 -0.03480688 -0.02904163 0.998972 -12.90456
0.9807115 -0.1934309 0.02809894 368.3982 0.1922872 0.9805666 0.03891835 52.08862 -0.03508089 -0.0327646 0.9988472 -12.97248
0.9810244 -0.1919804 0.02710351 370.1363 0.1908315 0.980806 0.04003751 52.40419 -0.03426971 -0.03410558 0.9988305 -13.06864
0.9811835 -0.1912321 0.02663063 371.7767 0.1901759 0.9810234 0.03776389 52.6946 -0.03334694 -0.0319888 0.9989318 -13.17392
0.98147 -0.1898754 0.02576688 373.4904 0.1888524 0.9812852 0.03760518 52.99552 -0.03242496 -0.03204222 0.9989604 -13.25261
0.9817882 -0.1883536 0.02479752 375.1708 0.1873252 0.9815325 0.03877377 53.28452 -0.03164274 -0.03342243 0.9989403 -13.37199
0.9822002 -0.1864442 0.02283165 376.864 0.1854445 0.9818382 0.04004856 53.56624 -0.02988381 -0.0351017 0.9989368 -13.43395
0.9825196 -0.1849372 0.02129362 378.4637 0.1840072 0.9821299 0.03952643 53.83232 -0.02822301 -0.03491731 0.9989916 -13.5454
0.9828787 -0.1831328 0.0202937 380.1316 0.1822232 0.9824395 0.04009166 54.10643 -0.02727943 -0.03570725 0.9989899 -13.65958
0.9832677 -0.1811399 0.01931195 381.7913 0.1802338 0.9827552 0.04132665 54.36884 -0.02646483 -0.0371545 0.9989591 -13.71809
0.9837128 -0.1787951 0.01847705 383.4437 0.1779161 0.9831687 0.04153408 54.62618 -0.02559215 -0.03757025 0.9989662 -13.85733
0.9840915 -0.1768058 0.0174258 385.1341 0.1760386 0.9836261 0.03860558 54.88205 -0.02396617 -0.03492381 0.9991026 -13.9366
0.9843491 -0.1752058 0.01896843 386.8353 0.1743567 0.9838805 0.03973555 55.13403 -0.02562457 -0.03580637 0.9990302 -14.02773
0.9844382 -0.1743725 0.0218085 388.4949 0.1733753 0.9839854 0.04139603 55.3672 -0.02867758 -0.03697078 0.9989048 -14.14271
0.9845831 -0.1730901 0.02521755 390.1835 0.1719952 0.9842627 0.04055097 55.60932 -0.03183967 -0.0355885 0.9988592 -14.2107
0.9847787 -0.1715463 0.02797711 391.9139 0.1702948 0.9844865 0.04226124 55.85176 -0.03479284 -0.03685362 0.9987148 -14.34722
0.9849873 -0.1702514 0.02853829 393.595 0.1689408 0.9846721 0.04335494 56.07344 -0.0354821 -0.03788279 0.998652 -14.46015
0.9849082 -0.1707282 0.02841949 395.2357 0.1693968 0.9845625 0.04406332 56.28989 -0.03550361 -0.03858416 0.9986244 -14.52411
0.9848232 -0.170947 0.0300067 396.8042 0.1697467 0.9847227 0.03882148 56.4944 -0.0361847 -0.03313876 0.9987955 -14.65032
0.9847008 -0.1715376 0.03064685 398.5257 0.1703741 0.9846755 0.03724237 56.72629 -0.03656566 -0.03145116 0.9988362 -14.7773
0.9844273 -0.1732896 0.02955687 400.189 0.1718373 0.9840448 0.04612777 56.95288 -0.03707875 -0.04033046 0.9984982 -14.75428
0.9838886 -0.176088 0.03092381 401.8329 0.1744062 0.9833738 0.05057827 57.16553 -0.0393159 -0.04437007 0.9982412 -14.93812
0.9830449 -0.1799788 0.03507756 403.471 0.1783215 0.9829082 0.04574511 57.39385 -0.04271118 -0.03871441 0.9983371 -15.1004
0.9827704 -0.1817386 0.03366585 405.1326 0.1801844 0.9826224 0.04457076 57.63405 -0.04118105 -0.03773677 0.9984388 -15.10596
0.982256 -0.1847812 0.03207871 406.8077 0.1833401 0.9820989 0.04322147 57.89833 -0.03949098 -0.03657323 0.9985504 -15.27374
0.9813969 -0.1885265 0.03630222 408.333 0.1868549 0.981357 0.04498461 58.12195 -0.04410623 -0.03736451 0.9983279 -15.39399
0.9812546 -0.1900847 0.03173752 409.9675 0.1884116 0.9808512 0.04931366 58.38377 -0.04050356 -0.04240954 0.998279 -15.4358
0.9806331 -0.1931745 0.03228309 411.632 0.1914977 0.9802785 0.04881414 58.65881 -0.04107606 -0.04168664 0.998286 -15.60374
0.979972 -0.1965525 0.03196833 413.2321 0.1949282 0.9796513 0.04781764 58.91682 -0.04071649 -0.04062841 0.9983444 -15.68747
0.979812 -0.1976202 0.03024425 414.7877 0.196105 0.9794645 0.0468175 59.16343 -0.03887526 -0.0399413 0.9984455 -15.76787
0.979369 -0.1997079 0.03087161 416.3978 0.1981573 0.9790398 0.04706229 59.44441 -0.03962324 -0.03997391 0.9984148 -15.89385
0.9790417 -0.2020354 0.02567133 418.1042 0.2005639 0.9783635 0.05078184 59.75507 -0.03537562 -0.0445688 0.9983798 -16.0008
0.9790358 -0.2026898 0.02014424 419.8221 0.2013953 0.9780663 0.05316165 60.0579 -0.03047772 -0.0479902 0.9983827 -16.12508
0.9783146 -0.2061921 0.01963057 421.4887 0.2049036 0.9773098 0.05366292 60.3628 -0.03025002 -0.04847685 0.9983661 -16.23398
0.9779915 -0.2080527 0.01570594 423.1019 0.2069665 0.9769011 0.05319235 60.65689 -0.02640996 -0.04877106 0.9984608 -16.34884
0.9773161 -0.2111468 0.01643646 424.903 0.2100566 0.9763104 0.05190498 61.01193 -0.02700666 -0.04727499 0.9985167 -16.52764
0.977029 -0.2125424 0.01549207 426.6585 0.2114498 0.9759159 0.05363861 61.34381 -0.02651943 -0.04913069 0.9984402 -16.60452
0.9765077 -0.2150894 0.01301225 428.3871 0.2141297 0.9753622 0.05307823 61.67354 -0.02410822 -0.049045 0.9985056 -16.7377
0.9756573 -0.2187862 0.01501542 430.1316 0.2177018 0.9745238 0.0539399 62.03651 -0.02643418 -0.04935797 0.9984313 -16.87407
0.9751368 -0.2214053 0.009375609 431.9395 0.220528 0.9736977 0.0572711 62.41886 -0.02180914 -0.05377958 0.9983146 -17.02468
0.9745373 -0.2241119 0.007134547 433.5815 0.2233153 0.9729542 0.05907975 62.7409 -0.02018206 -0.05598216 0.9982278 -17.12321
0.9740025 -0.2264406 0.006606271 435.2821 0.225715 0.9725378 0.0567746 63.09585 -0.01928092 -0.05380747 0.9983652 -17.22293
0.9733785 -0.2290791 0.007556863 436.912 0.2282601 0.9718328 0.0586383 63.43536 -0.02077681 -0.05535232 0.9982507 -17.39265
0.9731608 -0.2300746 0.004875651 438.7119 0.2294018 0.9715594 0.05871046 63.82013 -0.01824477 -0.05601624 0.9982631 -17.51028
0.9728521 -0.2312884 0.008031476 440.5341 0.2304382 0.9713144 0.05870611 64.21961 -0.02137913 -0.0552616 0.998243 -17.63243
0.9723663 -0.2333822 0.006032778 442.3767 0.2326536 0.9708295 0.0579886 64.62289 -0.01939031 -0.05498262 0.998299 -17.76651
0.9719675 -0.2349989 0.007391948 444.3637 0.2340879 0.9701782 0.06290543 65.07684 -0.02195421 -0.05941167 0.9979921 -17.96608
0.9717424 -0.2360033 0.004372709 446.3351 0.2352369 0.969785 0.06465846 65.51863 -0.0195002 -0.06180274 0.9978979 -18.09511
0.971268 -0.2379534 0.004083861 448.3492 0.2372157 0.9693534 0.06389474 65.98511 -0.01916268 -0.06109016 0.9979483 -18.24101
0.9709334 -0.2393422 0.001901977 450.4668 0.2387375 0.9689872 0.06378173 66.48156 -0.01710865 -0.06147374 0.9979621 -18.43331
0.9704759 -0.2411654 0.003982149 452.6146 0.240495 0.9687742 0.06032388 66.99065 -0.01840584 -0.05758518 0.9981709 -18.60691
0.969854 -0.2436839 0.001179351 454.8032 0.2431436 0.9680039 0.06204443 67.51176 -0.01626084 -0.05988729 0.9980727 -18.78027
0.9694688 -0.2452144 -0.0003663125 456.9713 0.2447045 0.9673544 0.06591595 68.022 -0.01580919 -0.06399309 0.9978251 -18.91409
0.9687263 -0.2481169 -0.002696511 459.2151 0.247666 0.9661863 0.07173415 68.57906 -0.01519312 -0.07015859 0.9974201 -19.12697