1.0 0.0 0.0 0.0 0.0 1.0 0.0 0.0 0.0 0.0 1.0 0.0
0.9999924 -0.003794899 0.0009469212 0.586657 0.003794353 0.9999926 0.0005786426 0.003234365 -0.0009491101 -0.0005750453 0.9999994 -0.01308791
0.9999794 -0.006133946 0.001861461 0.9254022 0.006132105 0.9999808 0.0009928887 -0.001086488 -0.001867515 -0.0009814537 0.9999978 -0.01037269
0.9999596 -0.008555991 0.002741741 1.273151 0.008553245 0.999963 0.001011812 0.004982737 -0.002750297 -0.0009883207 0.9999957 -0.0252066
0.9999343 -0.01077767 0.003911971 1.613189 0.01077602 0.9999418 0.0004403522 0.004255353 -0.003916489 -0.0003981678 0.9999923 -0.0282723
0.9999145 -0.01268524 0.003191919 1.954479 0.01268452 0.9999195 0.0002447749 0.004521282 -0.003194767 -0.000204266 0.9999949 -0.02797255
0.9998908 -0.01463179 0.002074963 2.299064 0.01463129 0.999893 0.0002554584 0.008814185 -0.002078479 -0.0002250711 0.9999978 -0.03896957
0.9998749 -0.01576026 0.001305672 2.646084 0.01575863 0.9998749 0.001251344 0.006747555 -0.00132523 -0.001230612 0.9999984 -0.04390283
0.9998633 -0.01653513 -0.0002501725 2.991223 0.01653563 0.999861 0.002122194 0.005572062 0.0002150469 -0.00212604 0.9999977 -0.04740827
0.9998503 -0.01726182 0.001178983 3.339481 0.01725898 0.9998481 0.002376988 0.01608096 -0.001219836 -0.002356284 0.9999965 -0.05087254
0.9998578 -0.01683974 0.0009029586 3.687156 0.01683807 0.9998567 0.001826673 0.009131216 -0.0009335898 -0.001811209 0.9999979 -0.05175092
0.9998683 -0.01619612 0.0009883756 4.041646 0.01619491 0.9998682 0.001221417 0.006640287 -0.001008027 -0.001205249 0.9999987 -0.05699313
0.9998763 -0.01566896 0.001366189 4.394905 0.01566722 0.9998765 0.001281595 0.00474371 -0.001386101 -0.001260032 0.9999983 -0.06144532
0.9998971 -0.01422631 0.001856188 4.752131 0.01422409 0.9998981 0.001207476 0.002460844 -0.001873177 -0.00118095 0.9999976 -0.06489959
0.9999161 -0.0128274 0.001809522 5.099124 0.01282479 0.9999168 0.001446333 0.0004435077 -0.001827924 -0.001423005 0.9999973 -0.07258434
0.999939 -0.01102712 0.000561546 5.453532 0.01102557 0.9999355 0.002696595 0.005430863 -0.0005912455 -0.00269024 0.9999962 -0.0864087
0.9999606 -0.008846198 -0.0006943339 5.797394 0.008849804 0.9999464 0.005375389 0.005046971 0.000646745 -0.005381323 0.9999853 -0.09544811
0.9999752 -0.006433958 -0.002872995 6.14584 0.00645797 0.9999437 0.008428442 0.00612376 0.002818605 -0.008446787 0.9999604 -0.1049094
0.9999844 -0.003718208 -0.004158084 6.488001 0.0037697 0.9999156 0.0124452 -0.00721023 0.004111459 -0.01246068 0.9999139 -0.114911
0.9999805 -0.0004338665 -0.006229956 6.835475 0.0005327066 0.999874 0.01587241 -0.01069858 0.006222284 -0.01587542 0.9998546 -0.1106361
0.9999751 0.003879228 -0.005892086 7.181979 -0.003757195 0.9997811 0.02058307 -0.02384014 0.005970642 -0.02056042 0.9997708 -0.1450782
0.9999593 0.007465329 -0.005053885 7.53932 -0.007352739 0.9997321 0.02194144 -0.03568908 0.005216332 -0.02190339 0.9997465 -0.132036
0.9999027 0.01158573 -0.00776897 7.89409 -0.01140358 0.9996684 0.02309348 -0.04590205 0.008033948 -0.02300264 0.9997031 -0.1438903
0.9998214 0.01654567 -0.009128937 8.252513 -0.01633278 0.9996037 0.02292241 -0.06178383 0.009504587 -0.02276921 0.9996955 -0.1575879
0.9997063 0.02156363 -0.01106015 8.607434 -0.0213033 0.9995053 0.0231393 -0.07973575 0.01155365 -0.02289689 0.999671 -0.1607938
0.9996212 0.0252824 -0.0108764 8.959279 -0.02502661 0.999421 0.02304453 -0.08304062 0.01145272 -0.0227636 0.9996753 -0.1835755
0.9994814 0.02903166 -0.01392998 9.313457 -0.0286906 0.9992981 0.02408901 -0.0978332 0.01461955 -0.02367686 0.9996127 -0.1912988
0.9993685 0.03147928 -0.01647967 9.665146 -0.03105951 0.9992014 0.02513628 -0.1045714 0.01725778 -0.02460856 0.9995482 -0.2125024
0.9991597 0.03398034 -0.02291946 10.02607 -0.03339393 0.9991169 0.02550045 -0.1138148 0.02376573 -0.02471365 0.9994121 -0.2260454
0.998989 0.0361314 -0.02674608 10.38047 -0.03541037 0.9990091 0.02695824 -0.1227972 0.02769362 -0.0259839 0.9992787 -0.2426552
0.99888 0.03734215 -0.02905832 10.7299 -0.03653602 0.9989457 0.02779532 -0.139925 0.03006562 -0.02670252 0.9991912 -0.2488498
0.9987834 0.03942167 -0.02962481 11.08068 -0.03858534 0.9988548 0.02829135 -0.1594541 0.03070617 -0.02711385 0.9991606 -0.2603843
0.9988396 0.04014042 -0.0266117 11.42057 -0.03939265 0.9988298 0.02805207 -0.1812859 0.02770658 -0.02697121 0.9992521 -0.2689328
0.9988263 0.04049786 -0.02657179 11.76116 -0.03976705 0.998831 0.02747843 -0.1982167 0.02765355 -0.02638949 0.9992692 -0.2842134
0.998835 0.03938628 -0.02788065 12.10013 -0.03870283 0.9989469 0.02464295 -0.2042856 0.02882189 -0.02353518 0.9993075 -0.2978551
0.9988742 0.03634753 -0.0304829 12.41943 -0.03569385 0.9991267 0.02172111 -0.2050333 0.03124579 -0.02060861 0.9992992 -0.314229
0.9988489 0.03314884 -0.03467182 12.73454 -0.03248829 0.9992831 0.01944453 -0.2041931 0.03529152 -0.01829572 0.9992096 -0.3232463
0.9988323 0.02913626 -0.03853783 13.05454 -0.02848056 0.9994419 0.01745537 -0.2035013 0.0390249 -0.01633741 0.9991047 -0.3263051
0.9989544 0.02343044 -0.039257 13.35728 -0.02284503 0.999622 0.0152951 -0.2019713 0.03960054 -0.01438228 0.9991121 -0.3358789
0.9990386 0.01778254 -0.04007126 13.66426 -0.01724622 0.9997576 0.01369037 -0.2014776 0.04030499 -0.01298613 0.999103 -0.3419318
0.999185 0.01097285 -0.03884467 13.96905 -0.01052466 0.9998759 0.01172383 -0.1987232 0.0389685 -0.01130545 0.9991765 -0.3493069
0.9992772 0.003702169 -0.03783457 14.27118 -0.003322424 0.9999436 0.01009493 -0.1986082 0.0378698 -0.009961933 0.999233 -0.3588215
0.9993228 -0.003851479 -0.03659434 14.55813 0.004186039 0.9999502 0.009070177 -0.1977763 0.03655758 -0.009217219 0.999289 -0.3751901
0.9993065 -0.01137556 -0.03545646 14.86326 0.01165798 0.999902 0.007768733 -0.1888948 0.03536461 -0.008176696 0.999341 -0.371073
0.9992853 -0.01880772 -0.03278938 15.17401 0.01902283 0.9997996 0.006260838 -0.1909222 0.03266506 -0.00688011 0.9994427 -0.3812846
0.999159 -0.02566863 -0.03197448 15.48109 0.02581856 0.9996575 0.004285017 -0.1829765 0.03185353 -0.005106948 0.9994795 -0.3871108
0.998935 -0.03299062 -0.03225752 15.7958 0.03309045 0.999449 0.002565741 -0.171426 0.0321551 -0.003630424 0.9994763 -0.3940717
0.9986675 -0.04021225 -0.03234481 16.12178 0.04020898 0.999191 -0.0007514946 -0.1568781 0.03234886 -0.0005500587 0.9994765 -0.3956034
0.9983634 -0.0468198 -0.03283957 16.44504 0.04670293 0.9988996 -0.004317231 -0.1362996 0.03300556 0.00277646 0.9994513 -0.4014222
0.9980775 -0.05285909 -0.03235966 16.78292 0.05263875 0.9985846 -0.007624272 -0.1085976 0.03271687 0.005906242 0.9994472 -0.4023469
0.9977643 -0.0588388 -0.03169198 17.11667 0.05855226 0.9982353 -0.009895593 -0.0916659 0.0322183 0.008017832 0.9994487 -0.4025604
0.9975021 -0.06439226 -0.02903809 17.4602 0.06409469 0.9978826 -0.01106577 -0.07314214 0.02968915 0.009176941 0.999517 -0.4089316
0.9972801 -0.06907088 -0.02572365 17.80555 0.06881727 0.9975727 -0.01061849 -0.05546632 0.02639465 0.008819372 0.9996127 -0.4086009
0.9970898 -0.07320762 -0.02127442 18.15266 0.07295926 0.9972601 -0.01222601 -0.03865924 0.02211116 0.01063826 0.9996989 -0.4039566
0.9969152 -0.07654385 -0.01735586 18.5095 0.07631387 0.9969918 -0.01354825 -0.01959768 0.01834068 0.01218196 0.9997576 -0.4104913
0.9967155 -0.07975006 -0.01407889 18.87687 0.07956043 0.9967378 -0.01355216 0.005082813 0.01511375 0.01238752 0.999809 -0.4084138
0.9964325 -0.08349696 -0.01227202 19.24425 0.08332656 0.9964267 -0.01379703 0.03623687 0.01338017 0.01272522 0.9998295 -0.4046554
0.996148 -0.08694585 -0.01137908 19.61758 0.08679499 0.9961395 -0.01314173 0.06599142 0.01247777 0.01210346 0.9998489 -0.410933
0.9958659 -0.09039201 -0.008965534 19.991 0.09027702 0.9958383 -0.0124942 0.09084798 0.0100576 0.01163316 0.9998817 -0.401951
0.9955758 -0.09381152 -0.005301235 20.37663 0.09373859 0.9955165 -0.01264463 0.1217322 0.006463679 0.01209176 0.999906 -0.4043648
0.9952118 -0.09774052 -0.000561349 20.75906 0.09772641 0.9951383 -0.01222399 0.1565983 0.001753399 0.0121106 0.9999251 -0.4040281
0.9948753 -0.1010927 0.001849808 21.15266 0.1011074 0.9948083 -0.01155467 0.1860399 -0.0006721113 0.01168249 0.9999315 -0.4101884
0.994526 -0.1043978 0.004381157 21.55095 0.1044393 0.9944743 -0.01064704 0.2217109 -0.00324542 0.01104632 0.9999337 -0.4065681
0.9941222 -0.1080479 0.006830052 21.94479 0.1081037 0.994104 -0.00840303 0.2643116 -0.005881852 0.009091993 0.9999413 -0.4095064
0.9936845 -0.1118619 0.008827397 22.35376 0.1119319 0.9936845 -0.007876863 0.3063946 -0.007890527 0.008815183 0.99993 -0.4025801
0.9931813 -0.1160113 0.01150391 22.76414 0.1160968 0.9932128 -0.007057453 0.3481934 -0.01060709 0.008344897 0.9999089 -0.4139892
0.9926308 -0.12039 0.01379412 23.17577 0.120497 0.9926877 -0.00720247 0.4010674 -0.01282614 0.008811544 0.9998789 -0.4152204
0.9920473 -0.1247758 0.0165306 23.58347 0.1248891 0.9921526 -0.006008201 0.4433742 -0.0156512 0.008024911 0.9998453 -0.4156452
0.9914533 -0.1295577 0.01533195 23.99914 0.1296388 0.9915514 -0.004419345 0.5018096 -0.01462986 0.006369191 0.9998727 -0.4213528
0.9908545 -0.1339168 0.01654125 24.42004 0.1339958 0.9909747 -0.003759625 0.542814 -0.01588848 0.005941699 0.9998561 -0.4224395
0.9901345 -0.1389255 0.01826038 24.84352 0.1390121 0.9902843 -0.003557242 0.604643 -0.01758878 0.006060563 0.9998269 -0.4225454
0.9893151 -0.144215 0.02139446 25.27301 0.1443394 0.9895186 -0.004379098 0.6662907 -0.02053868 0.007420371 0.9997615 -0.4277529
0.9884104 -0.150119 0.02256536 25.70803 0.1502844 0.9886258 -0.005812022 0.7337007 -0.0214362 0.009135883 0.9997285 -0.4254763
0.987473 -0.1555165 0.02667581 26.13903 0.1557149 0.9877868 -0.00551543 0.8028477 -0.02549226 0.009600161 0.9996289 -0.4335591
0.9867187 -0.1604652 0.02524218 26.5743 0.1606394 0.9870003 -0.005019825 0.8616915 -0.02410853 0.009008043 0.9996688 -0.4437796
0.9859751 -0.16544 0.02197202 27.01212 0.1655509 0.9861956 -0.003315492 0.9405008 -0.0211202 0.00690648 0.9997531 -0.4588134
0.985023 -0.1716006 0.01682 27.4671 0.1716916 0.9851422 -0.004112283 1.027182 -0.01586442 0.006938545 0.9998501 -0.4452322
0.983752 -0.1782207 0.02166819 27.90742 0.1783881 0.9839416 -0.006039066 1.10209 -0.02024395 0.00980629 0.999747 -0.4203448
0.9825906 -0.1839025 0.02637315 28.35615 0.1841078 0.9828902 -0.005557245 1.176857 -0.02489992 0.010316 0.9996367 -0.4438424
0.9814446 -0.1896964 0.02796112 28.80616 0.1898706 0.9818021 -0.003687826 1.255696 -0.02675272 0.008928388 0.9996022 -0.4546849
0.9800636 -0.1968253 0.02711339 29.25462 0.1969871 0.9804003 -0.003405195 1.352245 -0.02591174 0.008678295 0.9996266 -0.4681376
0.9788646 -0.2032628 0.02254892 29.71283 0.2033779 0.9790961 -0.002909666 1.458481 -0.02148613 0.007434119 0.9997415 -0.4766743
0.9775201 -0.2100265 0.01852881 30.17398 0.2100209 0.9776943 0.002268712 1.568841 -0.018592 0.001673725 0.9998258 -0.4746008
0.9756724 -0.2182729 0.02050046 30.64178 0.218063 0.975861 0.01199892 1.670352 -0.02262464 -0.007236624 0.9997178 -0.4949221
0.9741605 -0.2248491 0.02131085 31.13514 0.2246203 0.9743648 0.01261729 1.774769 -0.02360153 -0.007504418 0.9996933 -0.4710244
0.9726405 -0.231439 0.02016143 31.64272 0.2313022 0.9728411 0.008907273 1.890346 -0.02167536 -0.004000192 0.9997571 -0.4940927
0.9706497 -0.2394406 0.02252485 32.14982 0.2393603 0.9709107 0.006236183 2.027716 -0.02336281 -0.0006615955 0.9997268 -0.5021005
0.9689603 -0.2463357 0.02084922 32.66238 0.246239 0.9691828 0.007126009 2.150172 -0.0219621 -0.00177093 0.9997572 -0.5096161
0.9673408 -0.2528274 0.01817032 33.1776 0.252737 0.9675086 0.007145854 2.291153 -0.01938661 -0.002320163 0.9998094 -0.5240652
0.9654359 -0.2599621 0.01879697 33.70897 0.2598853 0.9656179 0.006461728 2.426934 -0.0198305 -0.001353328 0.9998025 -0.5236004
0.963638 -0.2665524 0.01875225 34.2355 0.2665037 0.9638205 0.005094575 2.573959 -0.01943177 8.821744e-05 0.9998112 -0.5336953
0.9616548 -0.2734488 0.02111585 34.77879 0.273439 0.9618834 0.003404761 2.723186 -0.02124201 0.002499693 0.9997712 -0.5378393
0.9596783 -0.2804199 0.01955032 35.31462 0.2804269 0.9598722 0.002436333 2.879002 -0.019449 0.003144339 0.9998059 -0.5536906
0.9581045 -0.2857562 0.01947133 35.86148 0.2857942 0.9582905 0.0008625982 3.04105 -0.01890569 0.004738335 0.99981 -0.5627155
0.9567903 -0.290343 0.0159108 36.40084 0.2903783 0.9569118 9.504496e-05 3.200803 -0.01525283 0.004529214 0.9998734 -0.5634728
0.9556732 -0.2940885 0.01416493 36.94091 0.2941292 0.9557654 -0.0008321286 3.369109 -0.01329363 0.004961563 0.9998993 -0.5713539
0.9549373 -0.2964021 0.01550935 37.49761 0.2964514 0.9550475 -0.0009241565 3.51789 -0.01453825 0.00548028 0.9998793 -0.5699648
0.9544306 -0.2978869 0.01804475 38.04913 0.2979731 0.9545716 -0.002229431 3.672267 -0.01656089 0.007504688 0.9998347 -0.5756446
0.9536892 -0.3002284 0.0184353 38.59972 0.3003115 0.9538393 -0.001851076 3.840254 -0.01702857 0.007301684 0.9998283 -0.5878008
0.953213 -0.3019153 0.01523401 39.147 0.3019682 0.9533172 -0.001247399 4.010586 -0.01414624 0.005789225 0.9998832 -0.6088877
0.9526879 -0.3036857 0.01267989 39.70677 0.3037091 0.952765 7.995067e-05 4.189734 -0.01210523 0.003774828 0.9999196 -0.5943764
0.9518555 -0.306237 0.01378578 40.25852 0.3062497 0.9519503 0.001235256 4.365332 -0.01350166 0.003046106 0.9999042 -0.6145661
0.9510537 -0.3087684 0.01260801 40.81475 0.308769 0.9511352 0.001942564 4.529812 -0.01259172 0.002045479 0.9999186 -0.617497
0.9506286 -0.3101448 0.01074117 41.37473 0.3101534 0.9506861 0.0008934442 4.704555 -0.01048857 0.002482076 0.9999419 -0.6345462
0.9504718 -0.3107913 0.003497858 41.95153 0.310805 0.9504631 -0.004493537 4.89681 -0.001928032 0.005358131 0.9999838 -0.6168974
0.9503182 -0.311196 0.007233745 42.52098 0.3112288 0.950327 -0.003920415 5.080653 -0.005654405 0.005976992 0.9999661 -0.6259738
0.9498506 -0.3125594 0.009514374 43.08726 0.3125756 0.9498928 -0.0002278431 5.259298 -0.008966421 0.003190378 0.9999547 -0.6441768
0.9494786 -0.3136443 0.01084956 43.66732 0.3136285 0.9495405 0.00316694 5.449576 -0.01129539 0.0003957907 0.9999361 -0.6531046
0.9490415 -0.3150396 0.008376975 44.24037 0.3149969 0.9490734 0.00604168 5.646034 -0.009853734 -0.003095084 0.9999467 -0.6632743
0.948622 -0.3163924 0.003478068 44.85126 0.316366 0.9486146 0.006536855 5.841453 -0.005367558 -0.005100662 0.9999726 -0.6590739
0.9477678 -0.3189306 0.00441663 45.45964 0.3189237 0.9477777 0.002196161 6.035933 -0.004886407 -0.0006728826 0.9999878 -0.6604978
0.9470754 -0.3209528 0.006123944 46.07819 0.3209651 0.9470903 -0.001121087 6.243108 -0.005440112 0.003027327 0.9999806 -0.6720471
0.9463168 -0.3231618 0.007144277 46.69265 0.3231726 0.9463401 -0.000388965 6.445915 -0.006635216 0.002676919 0.9999744 -0.6889533
0.9454341 -0.325723 0.007677037 47.31768 0.3257149 0.9454651 0.002319815 6.658827 -0.008013988 0.0003072924 0.9999678 -0.6903676
0.9446384 -0.3280753 0.004995004 47.95581 0.3280642 0.9446509 0.002922106 6.877704 -0.005677206 -0.001121651 0.9999833 -0.6965805
0.9437684 -0.3305938 0.003004858 48.59978 0.3305928 0.9437732 0.00083173 7.097776 -0.003110869 0.0002084239 0.9999951 -0.7040073
0.9428642 -0.3331744 0.001347437 49.24921 0.333176 0.9428637 -0.001233776 7.32383 -0.000859387 0.001612217 0.9999983 -0.7057509
0.9420463 -0.3354724 0.002666707 49.90086 0.3354773 0.9420468 -0.001648937 7.552213 -0.00195899 0.002447995 0.9999951 -0.7291573
0.941705 -0.3364395 -0.0001311089 50.54486 0.3364387 0.9417034 -0.001950598 7.773534 0.0007797241 0.001792778 0.9999981 -0.7258499
0.9414693 -0.3370987 4.457778e-05 51.20331 0.3370978 0.9414667 -0.002340081 7.997704 0.0007468697 0.002218142 0.9999973 -0.7366481
0.941124 -0.3380545 0.002181933 51.84693 0.3380608 0.9411155 -0.004044184 8.222077 -0.0006862967 0.004543704 0.9999894 -0.7409552
0.9410322 -0.3383147 0.00122281 52.48756 0.3383166 0.9410197 -0.004892063 8.43484 0.0005043691 0.005017286 0.9999873 -0.7494825
0.9408669 -0.3387753 0.0008397959 53.13428 0.3387746 0.9408517 -0.005476914 8.660206 0.00106532 0.005437549 0.9999846 -0.7629617
0.9405557 -0.3396361 0.001537312 53.77449 0.3396392 0.9405383 -0.005740704 8.890025 0.0005038494 0.005921583 0.9999824 -0.7585495
0.9402293 -0.3405252 0.003385074 54.40937 0.3405413 0.9402014 -0.007266539 9.106596 -0.0007082125 0.00798497 0.9999679 -0.7501139
0.9401407 -0.3406782 0.008596357 55.04827 0.340753 0.9401031 -0.009680863 9.321919 -0.004783402 0.01203061 0.9999162 -0.785479
0.9401121 -0.3407811 0.007586552 55.67289 0.3408424 0.9400746 -0.009282943 9.541088 -0.003968474 0.01131283 0.9999281 -0.7766801
0.9398828 -0.3414571 0.005229066 56.29512 0.3414876 0.9398607 -0.006927416 9.760443 -0.002549178 0.00829662 0.9999623 -0.7810883
0.9392114 -0.3433007 0.005149637 56.90407 0.3433156 0.9392171 -0.002349111 9.98907 -0.004030176 0.003974263 0.999984 -0.8019972
0.9391035 -0.3436039 0.004576713 57.52268 0.343606 0.939114 0.0003504633 10.19474 -0.004418475 0.001243465 0.9999894 -0.7865784
0.9388357 -0.344349 0.003359946 58.13343 0.3443486 0.9388415 0.0007264605 10.41137 -0.003404613 0.0004749657 0.9999941 -0.7968501
0.9386338 -0.3447953 0.009095812 58.7446 0.3448162 0.9386698 -0.0007954924 10.62624 -0.008263683 0.00388306 0.9999583 -0.7898824
0.9382645 -0.3456455 0.01374481 59.3361 0.3455748 0.9383627 0.007303997 10.82357 -0.01542221 -0.002103221 0.9998789 -0.819338
0.938163 -0.3459077 0.01407283 59.93144 0.3457705 0.938251 0.01130679 11.03733 -0.01711495 -0.005741644 0.999837 -0.8632438
0.937626 -0.347452 0.01159872 60.53357 0.3473723 0.93769 0.008360462 11.26574 -0.01378087 -0.003809911 0.9998978 -0.8460946
0.9367729 -0.3499123 0.004221427 61.13899 0.3499197 0.936779 -0.001131036 11.49492 -0.00355878 0.002536685 0.9999905 -0.8559964
0.9354507 -0.3534551 0.001246471 61.74767 0.3534219 0.9353009 -0.01746661 11.72572 0.005007837 0.01677968 0.9998467 -0.8359816
0.9337949 -0.3578081 0.0007037511 62.35718 0.3575173 0.932953 -0.04219043 11.94625 0.01443951 0.03964881 0.9991093 -0.8561069
0.9325411 -0.3610381 0.004306696 62.94686 0.3607066 0.9310217 -0.05558215 12.17117 0.01605765 0.05338609 0.9984449 -0.8525465
0.9314622 -0.3638287 -0.002626267 63.52757 0.3632157 0.9302664 -0.05175902 12.40164 0.02127454 0.04725767 0.9986562 -0.8274884
0.9301111 -0.3672453 -0.004929466 64.0861 0.3667576 0.9294231 -0.04076218 12.62903 0.01955128 0.03610544 0.9991567 -0.8421023
0.9290583 -0.3698876 -0.005811777 64.66096 0.3695306 0.9286653 -0.03206225 12.8516 0.01725662 0.02764007 0.999469 -0.8213211
0.9278466 -0.372881 -0.007781838 65.24091 0.3726741 0.9277478 -0.01994478 13.08166 0.01465661 0.0156056 0.9997708 -0.7951148
0.9262978 -0.376739 -0.006333061 65.81718 0.3765458 0.9261689 -0.0205981 13.32027 0.01362559 0.01669529 0.9997678 -0.7706401
0.9250296 -0.3798863 -0.00256914 66.42139 0.3796759 0.9247047 -0.02770388 13.5567 0.01290002 0.02465148 0.9996129 -0.7530332
0.9234655 -0.3836643 0.003622466 67.0059 0.3835901 0.9229985 -0.03053297 13.79007 0.008370878 0.02958568 0.9995272 -0.7560487
0.9219303 -0.3873464 0.002710233 67.58653 0.3872775 0.9215804 -0.02656204 14.02851 0.007791013 0.02553796 0.9996435 -0.7515123
0.9210016 -0.3895524 0.002245407 68.16778 0.3895028 0.9207559 -0.02227795 14.26625 0.006610958 0.02139262 0.9997493 -0.7563003
0.9203544 -0.3910318 0.006466962 68.76924 0.3910752 0.9200863 -0.02239753 14.50171 0.002807983 0.02314273 0.9997282 -0.729306
0.9198945 -0.3920537 0.009381363 69.36501 0.3921626 0.9195247 -0.02612789 14.73539 0.001617139 0.02771392 0.9996146 -0.7142845
0.9197857 -0.3922921 0.01004961 69.96019 0.3924191 0.9194031 -0.02655529 14.98329 0.00117779 0.02836883 0.9995968 -0.7125347
0.9197398 -0.3924576 0.007461795 70.54871 0.3925179 0.9194092 -0.02483496 15.24035 0.002886226 0.02577059 0.9996637 -0.7284892
0.9197567 -0.3923908 0.00878057 71.15112 0.392487 0.919449 -0.02382547 15.48038 0.001275611 0.0253599 0.9996776 -0.7096082
0.9205835 -0.3904939 0.00636054 71.75431 0.390536 0.9203235 -0.02205137 15.71704 0.00275717 0.02278415 0.9997366 -0.6928223
0.922083 -0.3869345 0.006690941 72.36749 0.386979 0.92177 -0.02423209 15.95677 0.003208723 0.02493325 0.999684 -0.6970644
0.923124 -0.3844786 0.004275196 72.97961 0.3844375 0.922707 -0.02862751 16.21103 0.007061912 0.02807029 0.999581 -0.6723989
0.9243217 -0.3816125 -0.001139937 73.59943 0.3813924 0.9238822 -0.03132682 16.46713 0.01300787 0.0285213 0.9995086 -0.6801206
0.9255244 -0.3786527 -0.005174502 74.21898 0.3782875 0.9250875 -0.03334304 16.70958 0.0174123 0.02890234 0.9994306 -0.6605083
0.926582 -0.3760571 -0.005168698 74.83257 0.3758271 0.9263567 -0.0248426 16.944 0.0141303 0.02107618 0.999678 -0.6572684
0.9278498 -0.372952 -0.001255318 75.43587 0.3729037 0.9277743 -0.01332292 17.17011 0.006133461 0.01189355 0.9999105 -0.6637931
0.9294088 -0.3690381 -0.003181445 76.05159 0.3690352 0.9294143 -0.001459729 17.41144 0.003495576 0.0001826201 0.9999939 -0.672408
0.930764 -0.3655981 -0.004045833 76.68094 0.3656006 0.9307718 -0.0001405245 17.65062 0.003817123 -0.001348364 0.9999918 -0.6624213
0.9318334 -0.3628576 -0.00455998 77.30408 0.3628518 0.9318445 -0.002078912 17.88086 0.005003541 0.0002826023 0.9999874 -0.6905106
0.9330538 -0.359732 -0.001870963 77.91713 0.3597303 0.9330556 -0.001204162 18.10888 0.002178888 0.000450506 0.9999975 -0.6762905
0.9341568 -0.356861 -0.001127223 78.52159 0.3568624 0.9341464 0.004433618 18.32504 -0.0005291938 -0.004543959 0.9999895 -0.6884959
0.9350504 -0.3545009 -0.00312622 79.13514 0.3545114 0.9350436 0.00391481 18.54995 0.001535348 -0.004768826 0.9999874 -0.7312006
0.9357444 -0.3525361 -0.01003603 79.75818 0.3523152 0.9356929 -0.01877991 18.78161 0.01601124 0.01403735 0.9997733 -0.6637019
0.9363418 -0.3506653 -0.01726152 80.39705 0.349078 0.9351062 -0.06100047 19.03207 0.0375321 0.05109167 0.9979885 -0.6157708
0.9368874 -0.3493313 -0.01447625 81.04002 0.346404 0.9330562 -0.09700628 19.27328 0.04739449 0.08586933 0.9951785 -0.5803167
0.9377543 -0.3471693 -0.00950858 81.6432 0.3444484 0.9332085 -0.1023586 19.46696 0.04440923 0.09271196 0.9947021 -0.5763357
0.9387379 -0.3446254 -0.002134556 82.20789 0.3434835 0.9360965 -0.07577721 19.66328 0.02811291 0.07040175 0.9971225 -0.6069669
0.9393235 -0.3430174 0.00322479 82.77071 0.3428193 0.9383664 -0.0440811 19.85197 0.01209455 0.04251193 0.9990227 -0.6034958
0.9399033 -0.3414335 -0.002206032 83.33156 0.3413107 0.9397043 -0.02150967 20.05851 0.009417141 0.01946407 0.9997662 -0.5457758
0.9398569 -0.3412341 -0.01510839 83.93774 0.3408356 0.9398185 -0.02391915 20.27968 0.02236117 0.0173311 0.9995998 -0.5012004
0.9398636 -0.3411751 -0.01599633 84.54785 0.3401949 0.9392754 -0.04504662 20.49763 0.03039374 0.03689581 0.9988568 -0.4514117
0.9399326 -0.3413304 -0.004498625 85.15085 0.3405426 0.9385117 -0.0568003 20.70656 0.02360969 0.05185648 0.9983754 -0.4616204
0.9404794 -0.3398383 0.002901249 85.7369 0.3394739 0.9390005 -0.05509664 20.89845 0.01599968 0.05280216 0.9984768 -0.4584442
0.9412043 -0.3378377 -0.0004543802 86.30312 0.3374526 0.940194 -0.0464871 21.08512 0.0161323 0.04360053 0.9989188 -0.4550138
0.9425938 -0.3339021 -0.00513088 86.88048 0.333395 0.9418188 -0.04272159 21.29474 0.01909718 0.03855849 0.9990739 -0.4245775
0.9442944 -0.3289961 -0.008344078 87.46155 0.3283781 0.9435954 -0.0423773 21.47944 0.0218154 0.03727663 0.9990668 -0.3952576
0.945501 -0.3256083 -0.002681111 88.05756 0.3251826 0.9446273 -0.04399665 21.66334 0.01685832 0.04072703 0.9990281 -0.3508564
0.9465567 -0.3224896 0.005556672 88.63338 0.3224325 0.9456685 -0.04181215 21.84099 0.008229217 0.04136922 0.99911 -0.3633586
0.9472342 -0.3203567 0.010906 89.21099 0.3205286 0.9463322 -0.04143427 22.03354 0.002953039 0.04274364 0.9990817 -0.3438298
0.9474524 -0.3198489 0.005533278 89.7852 0.3197819 0.9465069 -0.04317467 22.2297 0.008572084 0.04267539 0.9990522 -0.3356555
0.9477718 -0.3189332 0.003200253 90.35452 0.3187276 0.9466915 -0.04677476 22.42004 0.01188837 0.04535181 0.9989004 -0.3259629
0.9477947 -0.3188812 8.300971e-05 90.92114 0.3184725 0.9465666 -0.0508608 22.61301 0.01613998 0.04823203 0.9987057 -0.2567006
0.947755 -0.3189315 0.006565235 91.48409 0.3188513 0.946489 -0.04992775 22.78682 0.009709609 0.0494126 0.9987313 -0.2865398
0.9478981 -0.3182825 0.01361722 92.04947 0.3185614 0.9466207 -0.04927386 22.96037 0.002792657 0.05104452 0.9986925 -0.2403549
0.9480866 -0.3178483 0.01021394 92.60682 0.3179691 0.9469391 -0.04692552 23.1467 0.005243213 0.04773717 0.9988462 -0.2473658
0.9479946 -0.3181408 0.009628372 93.15887 0.3182365 0.946876 -0.04638001 23.32984 0.005638497 0.0470321 0.9988775 -0.2392099
0.9479669 -0.318327 0.005152593 93.70837 0.3181916 0.9467756 -0.04868316 23.51445 0.01061882 0.04778953 0.998801 -0.175232
0.9478255 -0.3187661 0.003875094 94.2535 0.3185523 0.9465806 -0.05009474 23.69111 0.01230042 0.04871549 0.998737 -0.1942036
0.9477114 -0.3189097 0.01181952 94.80341 0.3190811 0.9462808 -0.05234604 23.85566 0.005509072 0.05338032 0.9985591 -0.1680298
0.9474596 -0.3197399 0.009310983 95.33563 0.319772 0.9460112 -0.05299553 24.02777 0.00813649 0.05318851 0.9985514 -0.1235197
0.9474277 -0.3197916 0.0106818 95.8666 0.3198972 0.9459726 -0.05293015 24.1991 0.006821926 0.05356457 0.9985411 -0.1430759
0.9473874 -0.3199177 0.01048026 96.37995 0.3200135 0.9459423 -0.05276747 24.37016 0.00696753 0.05334507 0.9985518 -0.0982154
0.9474775 -0.319661 0.01015832 96.88305 0.3197384 0.9460232 -0.05298587 24.53352 0.007327504 0.05345092 0.9985436 -0.07615646
0.9475461 -0.3194988 0.008767457 97.38112 0.3195188 0.9462053 -0.05102475 24.69999 0.008006531 0.05114967 0.9986589 -0.0813533
0.9478294 -0.3186857 0.007676774 97.87166 0.3186509 0.9464959 -0.0510616 24.8548 0.009006565 0.05084389 0.998666 -0.04862111
0.9477058 -0.3190939 0.005730796 98.34312 0.3189649 0.9464134 -0.0506264 25.01269 0.01073087 0.04980685 0.9987012 -0.04492988
0.9476078 -0.319386 0.005665231 98.80065 0.3192476 0.9462901 -0.05114727 25.16609 0.01097477 0.05027616 0.998675 -0.01775908
0.9476393 -0.3192752 0.00656553 99.24814 0.3191886 0.9463432 -0.05052931 25.30876 0.009919507 0.0499792 0.998701 -0.009048821
0.9477546 -0.3189284 0.006782684 99.69798 0.3188321 0.9463494 -0.05262079 25.45115 0.01036347 0.05203413 0.9985915 0.007452758
0.9477967 -0.3188049 0.006699746 100.1294 0.3186759 0.9462521 -0.05525206 25.58806 0.01127498 0.05450277 0.99845 0.02405884
0.9476154 -0.3193762 0.004882154 100.5446 0.3191484 0.9460956 -0.05520585 25.73569 0.01301245 0.05387205 0.998463 0.03740063
0.9474487 -0.3198422 0.006476201 100.9499 0.319708 0.9459475 -0.0544984 25.87021 0.01130474 0.05370492 0.9984928 0.06083355
0.9471775 -0.3206352 0.006913255 101.3599 0.3205107 0.9456105 -0.055622 25.9999 0.01129712 0.05489968 0.998428 0.07486174
0.9468885 -0.3214064 0.01000199 101.7657 0.3214358 0.9451879 -0.05743487 26.13097 0.009006174 0.05759942 0.9982991 0.08964889
0.9462621 -0.323208 0.01116298 102.1679 0.3233036 0.9445683 -0.05714413 26.26075 0.00792524 0.05768236 0.9983035 0.1070704
0.9456862 -0.3248332 0.01268445 102.5643 0.3250221 0.9440533 -0.05589165 26.39408 0.006180671 0.05697869 0.9983563 0.1210837
0.9449866 -0.3269266 0.01091935 102.9546 0.3270145 0.943386 -0.05553471 26.52704 0.00785461 0.05605035 0.9983971 0.1381134
0.9442626 -0.3289571 0.01246539 103.3514 0.3291278 0.9426435 -0.05566233 26.6643 0.006560104 0.05666256 0.9983718 0.1617031
0.9434137 -0.3313008 0.01450174 103.7514 0.3315822 0.9417658 -0.05594845 26.80042 0.004878521 0.05759106 0.9983283 0.1776327
0.9423485 -0.3341974 0.01707071 104.1395 0.3346241 0.9407216 -0.05540258 26.9334 0.002456618 0.05792081 0.9983181 0.1912464
0.9410082 -0.337927 0.01757715 104.5266 0.3383773 0.9393961 -0.05509973 27.08179 0.002107786 0.057797 0.9983261 0.2092228
0.939979 -0.3408251 0.01666898 104.9068 0.3412181 0.9383684 -0.05508993 27.2182 0.003134387 0.05747113 0.9983423 0.2181492
0.9385701 -0.344625 0.01788118 105.2907 0.3450819 0.9369694 -0.0548343 27.36115 0.002143146 0.0576363 0.9983354 0.245067
0.9368584 -0.3491879 0.01908113 105.6723 0.3497064 0.935254 -0.05482152 27.50552 0.001297312 0.05803279 0.9983138 0.2551429
0.9344347 -0.3555241 0.02084164 106.0472 0.3561345 0.9328171 -0.05496116 27.6443 9.857956e-05 0.05878004 0.9982709 0.2759208
0.9318723 -0.3621576 0.02135089 106.4173 0.3627864 0.9302422 -0.05509704 27.79131 9.231549e-05 0.05908922 0.9982527 0.2851894
0.9282805 -0.3711906 0.02264796 106.7913 0.3718806 0.9266375 -0.05520541 27.94976 -0.0004947223 0.05966844 0.9982181 0.3036772
0.9239766 -0.3818112 0.02207962 107.1543 0.3824473 0.9222535 -0.05641539 28.11512 0.001177017 0.06057078 0.9981632 0.3211452
0.9192539 -0.3930257 0.02242593 107.5149 0.3936613 0.9175048 -0.05670684 28.27539 0.001711345 0.06095621 0.998139 0.328099
0.9148951 -0.4030724 0.02235236 107.8716 0.4036844 0.913142 -0.05666412 28.44787 0.002428864 0.06086503 0.9981431 0.3451643
0.9100757 -0.4138504 0.0221393 108.2215 0.4144299 0.9083381 -0.05630263 28.61861 0.003190905 0.06041484 0.9981682 0.3577527
0.9049727 -0.4248949 0.02210885 108.5717 0.4254535 0.9032619 -0.05574277 28.78799 0.003714739 0.05985196 0.9982004 0.3797166
0.9002464 -0.4348688 0.02110692 108.919 0.4353493 0.8985403 -0.05564529 28.96384 0.00523299 0.05928336 0.9982275 0.3941904
0.8958465 -0.4438767 0.02079877 109.263 0.4443261 0.8941803 -0.0549192 29.14259 0.005779499 0.05844061 0.9982741 0.4019805
0.8921539 -0.4513275 0.01910414 109.5958 0.4516699 0.8905348 -0.05424177 29.31353 0.007467902 0.05702077 0.9983451 0.4167169
0.8895364 -0.4565217 0.01768739 109.9434 0.4567842 0.8879892 -0.05313427 29.48729 0.008550741 0.05534418 0.9984307 0.4263502
0.8872544 -0.4609097 0.01849435 110.2902 0.4612097 0.8857023 -0.05307851 29.66328 0.008083911 0.05562391 0.998419 0.4495411
0.8856646 -0.4639927 0.01757732 110.6319 0.464241 0.8841468 -0.05258306 29.83296 0.008857224 0.05473107 0.9984618 0.4560348
0.8846554 -0.4659493 0.01661428 110.9746 0.4661532 0.8832104 -0.05138685 30.00682 0.009269761 0.05320445 0.9985406 0.4740562
0.8842149 -0.4668814 0.01362854 111.3126 0.4669321 0.8828229 -0.05097032 30.18602 0.0117655 0.05143232 0.9986072 0.4845948
0.884783 -0.4658535 0.01181496 111.6587 0.4658138 0.8834161 -0.0509244 30.3539 0.01328578 0.05056062 0.9986326 0.5006449
0.885907 -0.4637147 0.01172842 112.0022 0.4636683 0.8845199 -0.0513432 30.52266 0.01343457 0.0509234 0.9986122 0.5180536
0.8872978 -0.4610994 0.009483469 112.3469 0.4609357 0.8859161 -0.05187653 30.69131 0.01551868 0.0504012 0.9986085 0.5307808
0.8888796 -0.4580477 0.009233405 112.6887 0.4578889 0.887542 -0.05105592 30.85733 0.01519102 0.04961044 0.9986531 0.5415559
0.8910846 -0.453756 0.008590238 113.0264 0.4535776 0.8897748 -0.05067869 31.02008 0.01535238 0.04905533 0.9986781 0.5553758
0.8935589 -0.4488837 0.007474638 113.385 0.4486595 0.8922701 -0.05058192 31.18388 0.01603601 0.04855149 0.9986919 0.5705346
0.8959214 -0.4441772 0.005610289 113.734 0.4438702 0.8946637 -0.05055833 31.3503 0.01743753 0.04778653 0.9987053 0.5795146
0.8985317 -0.4388818 0.004849063 114.0863 0.4385376 0.8972633 -0.05102165 31.50483 0.01804158 0.04797107 0.9986858 0.6015465
0.9009213 -0.433974 0.002721748 114.4446 0.433545 0.8997136 -0.05053617 31.66949 0.01948259 0.04670911 0.9987185 0.6056044
0.9039699 -0.4275947 -0.001133116 114.792 0.427015 0.9028761 -0.04972748 31.82537 0.02228627 0.04446828 0.9987622 0.6284565
0.907644 -0.4197311 -0.002852812 115.1607 0.419072 0.9065605 -0.0502662 31.98442 0.02368453 0.04442829 0.9987318 0.6421252
0.9113044 -0.4117172 -0.003639117 115.5368 0.4110213 0.9102124 -0.05074187 32.13859 0.02420367 0.04474553 0.9987051 0.6618909
0.9153538 -0.402642 -0.002629075 115.9073 0.4019997 0.9142257 -0.05086729 32.28809 0.02288487 0.04550467 0.998702 0.6697685
0.918888 -0.3945063 -0.003088276 116.2785 0.3938732 0.9178047 -0.04998466 32.44458 0.0225537 0.04471392 0.9987452 0.6855989
0.9222075 -0.3866725 -0.004192395 116.6642 0.3860196 0.9211826 -0.04910507 32.59338 0.02284954 0.04366672 0.9987848 0.6940059
0.9257776 -0.3780318 -0.005277695 117.0483 0.3773347 0.92476 -0.04937156 32.73859 0.02354462 0.04371563 0.9987665 0.7172846
0.9290317 -0.3699399 -0.006680913 117.4443 0.3691971 0.928053 -0.04910258 32.89247 0.02436525 0.04315128 0.9987714 0.7309769
0.9320371 -0.3623159 -0.005832101 117.8504 0.3616446 0.9310821 -0.04795026 33.0295 0.02280331 0.04258227 0.9988327 0.750343
0.9350234 -0.3545537 -0.004785782 118.2697 0.3539231 0.9340153 -0.04851689 33.17724 0.02167184 0.04367063 0.9988109 0.7691205
0.9377867 -0.3472064 -0.001975152 118.6976 0.3466887 0.9366703 -0.04955315 33.3273 0.01905524 0.04578552 0.9987695 0.7807979
0.9403604 -0.3401789 -0.0007558204 119.1314 0.339717 0.9391948 -0.05005566 33.46934 0.01773774 0.0468136 0.9987462 0.8042734
0.9424529 -0.3343371 0.001074088 119.5865 0.3339742 0.9412699 -0.04972097 33.62154 0.01561256 0.0472184 0.9987625 0.8133775
0.9442172 -0.3293224 0.0007601315 120.0451 0.3289467 0.9430248 -0.04998428 33.76727 0.01574412 0.04744606 0.9987497 0.8354784
0.9455854 -0.3253701 0.001571172 120.5162 0.3250313 0.944357 -0.05044096 33.92495 0.01492823 0.04820692 0.9987258 0.8618754
0.9466615 -0.3221779 0.005771556 120.9977 0.3220809 0.945529 -0.04731583 34.07388 0.00978694 0.04665098 0.9988633 0.8781267
0.947369 -0.3200554 0.007514283 121.5016 0.320059 0.9463185 -0.04520594 34.24226 0.007357501 0.04523172 0.9989494 0.9001858
0.9481169 -0.3177961 0.008942441 122.0083 0.3178662 0.9470499 -0.04536307 34.40488 0.005947268 0.04585199 0.9989305 0.9048742
0.9486693 -0.3161619 0.008258091 122.5281 0.3161957 0.9475594 -0.04638308 34.57397 0.006839528 0.04661338 0.9988896 0.9358793
0.949048 -0.3150414 0.007543258 123.0502 0.3150482 0.9479737 -0.04572104 34.741 0.007253208 0.04576795 0.9989257 0.9465764
0.9492074 -0.3145706 0.007113645 123.5853 0.3145505 0.9480903 -0.04672202 34.91442 0.007952994 0.04658648 0.9988826 0.9783768
0.9494318 -0.3139351 0.004894478 124.1295 0.3138046 0.9482957 -0.04755601 35.093 0.01028809 0.0466871 0.9988566 0.9983811
0.9495621 -0.3135104 0.006569632 124.6759 0.3134314 0.9482627 -0.05058526 35.27156 0.009629267 0.05009297 0.9986981 1.018108
0.9498714 -0.3126125 0.004209985 125.227 0.3123908 0.948487 -0.05276752 35.44565 0.01250267 0.05143752 0.9985979 1.034413
0.9501442 -0.3117798 0.004396007 125.7661 0.3115518 0.9486861 -0.05412778 35.62476 0.01270552 0.05279878 0.9985244 1.051169
0.9505383 -0.3105762 0.004406338 126.314 0.3103619 0.9491274 -0.0532226 35.79141 0.0123475 0.05195768 0.9985729 1.079002
0.9509119 -0.3094163 0.005308925 126.8633 0.3092603 0.9495337 -0.05238011 35.95737 0.01116626 0.05145071 0.9986131 1.097684
0.9514265 -0.307786 0.007443501 127.4093 0.3077606 0.9501302 -0.05036067 36.12679 0.008428013 0.05020529 0.9987034 1.11151
0.9518793 -0.3064139 0.006030818 127.9472 0.3063253 0.9506238 -0.04979115 36.28852 0.009523664 0.04924255 0.9987414 1.13713
0.9521974 -0.3054503 0.004507182 128.481 0.3052835 0.9509361 -0.05022263 36.46637 0.01105448 0.04919783 0.9987279 1.158415
0.9524485 -0.3046811 0.003340044 129.0277 0.3044396 0.9511267 -0.05171493 36.62634 0.01257976 0.05027266 0.9986563 1.176996
0.9526666 -0.3039863 0.004307018 129.5715 0.3037848 0.9512907 -0.05254186 36.80602 0.01187478 0.05136328 0.9986094 1.203788
0.9530441 -0.3027914 0.004936753 130.1165 0.3026202 0.9516429 -0.05288473 36.96984 0.01131502 0.05189544 0.9985884 1.222109
0.9535354 -0.3012146 0.006329033 130.6461 0.3011151 0.9521021 -0.05320873 37.1184 0.01000136 0.05264217 0.9985633 1.238984
0.953962 -0.2999064 0.003566776 131.1907 0.2996526 0.9525108 -0.0541418 37.28414 0.01284008 0.05271801 0.9985269 1.25815
0.954275 -0.2989188 0.00262362 131.7304 0.2986241 0.9528633 -0.05361947 37.44993 0.01352792 0.0519512 0.998558 1.271451
0.9546503 -0.2977251 -0.001619054 132.2691 0.2972159 0.9533088 -0.0535268 37.61866 0.01747973 0.05061817 0.9985651 1.304952
0.9549403 -0.2967845 -0.002819262 132.8153 0.2962411 0.9536874 -0.05216711 37.78475 0.01817108 0.04898129 0.9986344 1.312159
0.9551817 -0.2958995 -0.008445125 133.3561 0.2950992 0.9540713 -0.05161629 37.95348 0.02333049 0.04681078 0.9986313 1.340393
0.9557992 -0.2937502 -0.01259909 133.9095 0.2927721 0.9548117 -0.0511759 38.1176 0.02706269 0.04522522 0.9986102 1.364696
0.9565206 -0.2912881 -0.01481862 134.4776 0.2902282 0.9556164 -0.05064525 38.28273 0.02891327 0.04414244 0.9986067 1.386768
0.9572203 -0.2890287 -0.01384729 135.0527 0.2880378 0.9563239 -0.04978941 38.4492 0.02763306 0.04367089 0.9986637 1.407781
0.9579439 -0.28644 -0.01719586 135.6327 0.2853394 0.9571877 -0.0487156 38.62416 0.03041377 0.04176015 0.9986647 1.420265
0.9589306 -0.2826713 -0.02343436 136.2331 0.2814474 0.9585167 -0.04509002 38.79964 0.03520788 0.03664266 0.998708 1.445179
0.9594818 -0.2803714 -0.0280457 136.8456 0.2789587 0.9592161 -0.04567452 38.97798 0.03970772 0.03600027 0.9985626 1.480422
0.9602932 -0.2773818 -0.02993739 137.473 0.2757352 0.9599508 -0.0496441 39.15156 0.04250879 0.0394181 0.9983182 1.510788
0.9612396 -0.2740775 -0.02999804 138.1144 0.2723472 0.9608159 -0.05157467 39.32055 0.04295805 0.04140574 0.9982185 1.53833
0.9621737 -0.270817 -0.02966361 138.7611 0.269208 0.9618313 -0.04906619 39.49396 0.04181935 0.03922452 0.9983549 1.556253
0.9630014 -0.267767 -0.03048049 139.4129 0.2663004 0.9628421 -0.04493742 39.66983 0.04138066 0.03515784 0.9985247 1.5704
0.9639576 -0.2640414 -0.03267834 140.0827 0.2625659 0.9639387 -0.04337347 39.84757 0.04295231 0.03322997 0.9985244 1.600272
0.964673 -0.2611717 -0.03457312 140.7756 0.2595827 0.9646949 -0.04450395 40.03178 0.04497569 0.03395718 0.9984108 1.638106
0.9653731 -0.2593014 -0.02859293 141.4801 0.2576556 0.9648832 -0.05112669 40.20694 0.04084606 0.04198921 0.9982828 1.665149
0.9661215 -0.2571815 -0.02160773 142.207 0.2555861 0.9650267 -0.05830185 40.37552 0.03584619 0.05080403 0.9980651 1.699514
0.9671128 -0.2539222 -0.01470974 142.9317 0.2525405 0.9655156 -0.06327051 40.54618 0.03026827 0.05747491 0.997888 1.738864
0.9678363 -0.2509336 -0.0180353 143.6693 0.2491958 0.966042 -0.06829288 40.72512 0.03455984 0.061602 0.9975023 1.774598
0.9684804 -0.2487241 -0.01349287 144.4143 0.2472007 0.9663831 -0.07068027 40.91557 0.03061917 0.06511701 0.9974077 1.817147
0.9692668 -0.2459388 -0.005990554 145.1659 0.2449343 0.9670119 -0.06996425 41.07406 0.02299986 0.06634674 0.9975315 1.858785
0.9701547 -0.2424162 -0.005849725 145.9118 0.2415237 0.9681684 -0.06569848 41.25048 0.0215899 0.06232484 0.9978224 1.874468
0.9707761 -0.2395279 -0.01484007 146.6679 0.2383072 0.9694397 -0.05827755 41.43697 0.02834565 0.05303796 0.9981901 1.925541
0.9711843 -0.2381767 -0.008547394 147.4338 0.2373451 0.9698057 -0.05607557 41.61536 0.02164521 0.05243103 0.99839 1.987589
0.9717163 -0.2361128 -0.004270607 148.1943 0.2353487 0.9697448 -0.06485477 41.77898 0.01945444 0.06201535 0.9978856 2.006952
0.9726344 -0.23232 -0.003115047 148.9822 0.231416 0.9698706 -0.07614299 41.95856 0.02071073 0.07333843 0.9970921 2.040581
0.9728283 -0.2315172 -0.002209486 149.7661 0.2305938 0.9697161 -0.08048251 42.14988 0.02077566 0.07778618 0.9967536 2.110668
0.9730393 -0.2306045 0.004012316 150.5257 0.2302001 0.9699658 -0.07857694 42.31395 0.01422838 0.0773821 0.9969 2.153468
0.9734793 -0.228566 0.009779682 151.2958 0.2286497 0.9706414 -0.07466531 42.46799 0.007573385 0.07492125 0.9971607 2.21084
0.9740524 -0.2256389 0.01758116 152.0756 0.22632 0.9714789 -0.07076681 42.62276 -0.00111198 0.07290956 0.9973379 2.248105
0.9746362 -0.2212588 0.03359821 152.8578 0.2231939 0.971999 -0.07350095 42.77303 -0.01639469 0.0791356 0.996729 2.260629
0.9757162 -0.2173123 0.02744488 153.6238 0.2187389 0.973254 -0.07021395 42.9411 -0.01145248 0.07451215 0.9971544 2.321228
0.9766241 -0.2147735 0.008813483 154.3967 0.2149309 0.9750932 -0.05475184 43.12632 0.003165276 0.05536626 0.9984611 2.377568
0.976751 -0.2136705 0.01739302 155.1693 0.2142311 0.9758621 -0.04240572 43.27734 -0.00791234 0.04514595 0.9989491 2.398285
0.9772958 -0.2108838 0.02051877 155.9379 0.2116046 0.9763726 -0.04381511 43.41486 -0.01079408 0.04716218 0.9988289 2.405556
0.9789046 -0.2040153 0.01111729 156.7431 0.2043134 0.9770694 -0.05992734 43.57965 0.001363728 0.06093456 0.9981408 2.422491
0.9795265 -0.201285 0.003485304 157.5436 0.2010918 0.9774777 -0.06402522 43.75558 0.00948051 0.06341527 0.9979422 2.476636
