1.0 0.0 0.0 0.0 0.0 1.0 0.0 0.0 0.0 0.0 1.0 0.0
0.9999986 0.0001447889 -0.001655702 0.4325466 -0.0001456748 0.9999999 -0.000534924 0.005154238 0.001655624 0.0005351644 0.9999985 0.004010958
0.9999998 -0.0003168314 -0.0004588994 1.134293 0.0003162813 0.9999992 -0.001198358 -0.007846506 0.0004592788 0.001198212 0.9999992 -0.004116199
0.9999964 0.0002072603 -0.00266092 2.400448 -0.0002062927 1.0 0.000363898 -0.02830774 0.002660995 -0.0003633478 0.9999964 -0.02536926
0.9999954 0.0008121852 -0.002935056 4.32113 -0.000819197 0.9999969 -0.002388559 -0.05884896 0.002933107 0.002390952 0.9999928 -0.04706085
0.9999854 -5.02668e-05 -0.005406321 6.227565 3.772984e-05 0.9999973 -0.002319022 -0.06393297 0.005406424 0.002318784 0.9999827 -0.08847813
0.9999883 -0.0003005448 -0.004829727 8.12797 0.0002803678 0.9999912 -0.004177816 -0.07613298 0.004830941 0.004176414 0.9999796 -0.1033477
0.9999896 -0.0004783919 -0.00452796 9.992753 0.000455443 0.9999871 -0.005067936 -0.08879191 0.004530326 0.005065821 0.9999769 -0.1308739
0.9999772 -0.0002580706 -0.006754868 11.82243 0.0002346396 0.9999939 -0.003469321 -0.1065097 0.006755723 0.003467657 0.9999712 -0.1575712
0.9999429 -0.000788392 -0.01065929 13.62511 0.0007816021 0.9999996 -0.0006411427 -0.1197223 0.01065979 0.0006327747 0.999943 -0.184312
0.9999418 -0.0007351524 -0.01076488 15.44223 0.0006988 0.999994 -0.003380323 -0.135864 0.01076731 0.003372604 0.9999363 -0.2122521
0.999943 -0.0001684764 -0.01068003 17.23179 0.0001318266 0.999994 -0.003432225 -0.1659617 0.01068055 0.003430621 0.9999371 -0.2306445
0.9999613 -0.0003570905 -0.008795192 19.01283 0.0003339788 0.9999964 -0.002629094 -0.1786734 0.008796099 0.002626055 0.9999579 -0.2456344
0.9999626 -0.000285435 -0.00863849 20.80212 0.0002756939 0.9999994 -0.001128803 -0.2031831 0.008638807 0.001126379 0.999962 -0.2844088
0.9999724 0.0004147196 -0.007421448 22.56678 -0.0004252391 0.9999989 -0.001415922 -0.2321406 0.007420853 0.001419039 0.9999714 -0.299574
0.9999726 -5.489813e-05 -0.007393078 24.35385 4.715903e-05 0.9999994 -0.001046974 -0.2365193 0.007393131 0.001046597 0.9999721 -0.3261346
0.9999766 0.0004670534 -0.006821178 26.14337 -0.0004706049 0.9999996 -0.0005190636 -0.2617321 0.006820934 0.0005222615 0.9999766 -0.369381
0.9999849 0.0006426268 -0.005465678 27.91325 -0.000644788 0.9999996 -0.0003936464 -0.2857019 0.005465424 0.0003971647 0.999985 -0.3847453
0.9999804 0.0007766385 -0.006213854 29.70227 -0.000777505 0.9999998 -0.0001370236 -0.3009103 0.006213746 0.0001418522 0.9999807 -0.4486991
0.9999862 0.001904455 -0.00488565 31.46821 -0.001911502 0.9999971 -0.001438297 -0.3232119 0.004882897 0.001447616 0.999987 -0.429288
0.9999757 0.002730208 -0.006418108 33.2375 -0.002728919 0.9999963 0.000209635 -0.3457686 0.006418657 -0.0001921154 0.9999794 -0.4929467
0.9999707 0.003976717 -0.006533435 35.00137 -0.003981414 0.9999918 -0.000706212 -0.3729719 0.006530573 0.0007322037 0.9999784 -0.5090913
0.9999478 0.005715169 -0.00847202 36.75624 -0.005715998 0.9999837 -7.3635e-05 -0.4110624 0.008471461 0.0001220572 0.9999641 -0.5534292
0.9999226 0.007695501 -0.009772159 38.51498 -0.007707124 0.9999697 -0.001152282 -0.4349473 0.009762995 0.001227508 0.9999516 -0.5823574
0.999893 0.009816724 -0.01085241 40.25491 -0.009829641 0.999951 -0.001137503 -0.4713259 0.01084071 0.001244057 0.9999405 -0.6111495
0.9998222 0.01304446 -0.01361744 41.99653 -0.01305763 0.9999143 -0.0008785782 -0.5101935 0.01360481 0.001056233 0.9999069 -0.6389189
0.999767 0.0160518 -0.01443287 43.73286 -0.01606701 0.9998704 -0.0009388396 -0.5514147 0.01441593 0.001170514 0.9998954 -0.6635896
0.999715 0.01960042 -0.01362502 45.48835 -0.01961891 0.9998068 -0.001224398 -0.6042007 0.01359839 0.001491358 0.9999064 -0.6928341
0.9996458 0.02303335 -0.01333433 47.22549 -0.02305912 0.9997324 -0.001781938 -0.6568007 0.01328972 0.002088785 0.9999095 -0.6924278
0.9995447 0.02639891 -0.01461214 48.95105 -0.02642506 0.9996494 -0.001599546 -0.7209252 0.0145648 0.001984945 0.9998919 -0.7668121
0.9994035 0.03008076 -0.01696475 50.68239 -0.03014368 0.9995396 -0.00346529 -0.7867582 0.0168527 0.003974603 0.9998501 -0.7835808
0.9992869 0.03359949 -0.0172226 52.40482 -0.03372646 0.9994056 -0.007135083 -0.868914 0.01697263 0.007710853 0.9998262 -0.8060907
0.999111 0.03711826 -0.01998543 54.10641 -0.0373328 0.9992479 -0.01047059 -0.946228 0.01958175 0.01120739 0.9997454 -0.8231737
0.9989489 0.03968098 -0.02294619 55.82384 -0.0399338 0.9991453 -0.01066678 -1.018956 0.02250331 0.01157189 0.9996798 -0.8455397
0.9987234 0.04298893 -0.02652165 57.52722 -0.04318438 0.9990438 -0.006840881 -1.108516 0.0262022 0.007977469 0.9996248 -0.8824804
0.9986936 0.04545719 -0.02333968 59.23955 -0.04546972 0.9989657 -6.327173e-06 -1.207821 0.02331525 0.001067568 0.9997276 -0.8505365
0.9985927 0.04810992 -0.02231778 60.9079 -0.0480271 0.9988371 0.004232553 -1.296787 0.02249546 -0.003154738 0.999742 -0.9069877
0.998536 0.05131625 -0.01710212 62.59749 -0.0512147 0.9986676 0.006324213 -1.418809 0.01740387 -0.005439075 0.9998338 -0.9674597
0.9983672 0.05531083 -0.01427007 64.2891 -0.0552998 0.9984691 0.001166328 -1.530463 0.01431274 -0.0003752917 0.9998975 -0.935101
0.9981077 0.05946498 -0.01565328 65.94189 -0.05943818 0.9982296 0.002171901 -1.649872 0.01575472 -0.001237388 0.9998751 -1.052833
0.9978538 0.06337425 -0.01647584 67.61452 -0.06331071 0.9979844 0.004350414 -1.763416 0.01671834 -0.00329798 0.9998548 -1.068012
0.9975572 0.06769817 -0.01721983 69.27837 -0.06755736 0.9976779 0.008631507 -1.898658 0.01776419 -0.007447096 0.9998145 -1.127732
0.9972147 0.07237609 -0.01801355 70.92397 -0.07219443 0.997335 0.01053936 -2.026383 0.01872834 -0.009209532 0.9997822 -1.137122
0.9967796 0.07744324 -0.02081067 72.5933 -0.07730819 0.9969811 0.0072183 -2.182621 0.02130686 -0.005586218 0.9997573 -1.176234
0.9964136 0.08257815 -0.01846021 74.23388 -0.08250996 0.9965805 0.004426975 -2.330604 0.01876266 -0.002887947 0.9998198 -1.2622
0.9958597 0.08827063 -0.02171744 75.8796 -0.0881735 0.9960904 0.005392048 -2.482776 0.02210849 -0.00345482 0.9997496 -1.244607
0.9952593 0.09419468 -0.02421298 77.49819 -0.09406452 0.9955451 0.006462034 -2.646225 0.0247138 -0.004153817 0.9996859 -1.336316
0.994739 0.09969084 -0.02358063 79.14598 -0.09960593 0.9950157 0.004751489 -2.821095 0.02393677 -0.002377721 0.9997106 -1.359091
0.9941748 0.105005 -0.0242982 80.76409 -0.1048567 0.9944607 0.007302631 -3.007985 0.02493042 -0.004712262 0.9996781 -1.37407
0.9936171 0.1105143 -0.02261817 82.39089 -0.1103977 0.9938673 0.006342141 -3.201756 0.02318035 -0.003804667 0.999724 -1.427883
0.9930522 0.1157352 -0.02127382 84.02374 -0.1156305 0.9932736 0.006093528 -3.412814 0.02183596 -0.003591289 0.9997551 -1.454137
0.9924772 0.1207479 -0.02022292 85.63487 -0.1206427 0.9926757 0.006346125 -3.618337 0.02084109 -0.003858636 0.9997754 -1.505662
0.9918296 0.1263331 -0.01772265 87.244 -0.1262211 0.9919751 0.007309482 -3.84883 0.01850386 -0.005012788 0.9998162 -1.543546
0.9912845 0.1307306 -0.0162625 88.86842 -0.1305759 0.9913856 0.01023872 -4.073073 0.01746092 -0.008025995 0.9998153 -1.568758
0.990555 0.1362957 -0.01497606 90.48019 -0.136159 0.9906386 0.009797612 -4.315568 0.01617123 -0.007665948 0.9998398 -1.636222
0.9898888 0.1410259 -0.01522617 92.08652 -0.1409103 0.9899865 0.008420336 -4.564747 0.01626119 -0.006189671 0.9998486 -1.663703
0.9891833 0.1457306 -0.01670415 93.6998 -0.1456358 0.9893152 0.006767706 -4.813762 0.01751193 -0.004261781 0.9998376 -1.710351
0.9885618 0.1499186 -0.0164299 95.30422 -0.1497818 0.9886756 0.009268249 -5.064551 0.01763333 -0.006701336 0.9998221 -1.749504
0.987996 0.1534526 -0.01778211 96.91901 -0.1532567 0.9881145 0.01191244 -5.33822 0.01939875 -0.009044219 0.9997709 -1.797888
0.9875512 0.1565947 -0.01485796 98.5147 -0.1564128 0.98761 0.01270836 -5.604774 0.01666393 -0.01022618 0.9998088 -1.829709
0.9871295 0.1591537 -0.01566439 100.1388 -0.1589304 0.9871819 0.01460262 -5.889019 0.01778766 -0.01192513 0.9997706 -1.876803
0.9866957 0.1621686 -0.01152859 101.746 -0.1620469 0.9867239 0.01080687 -6.168528 0.01312807 -0.008794915 0.9998751 -1.933085
0.9863018 0.1646353 -0.01019449 103.3467 -0.1645472 0.9863286 0.008952387 -6.454467 0.011529 -0.00715228 0.999908 -1.952077
0.985935 0.1669886 -0.006858817 104.9386 -0.1669546 0.9859505 0.005271017 -6.745203 0.007642654 -0.004051768 0.9999626 -2.008124
0.9856835 0.1685015 -0.005935217 106.5469 -0.1684802 0.9856973 0.00392553 -7.029325 0.006511785 -0.002869364 0.9999747 -2.030208
0.9852881 0.1708459 -0.004370516 108.1247 -0.1708304 0.9852936 0.003707801 -7.33561 0.004939703 -0.002906635 0.9999835 -2.112226
0.98492 0.1728812 -0.006688145 109.7045 -0.1728234 0.9849166 0.008436331 -7.616113 0.008045749 -0.007153242 0.9999421 -2.09736
0.9845275 0.1748362 -0.01174666 111.2851 -0.1746993 0.9845508 0.0118272 -7.906386 0.01363301 -0.009592069 0.9998611 -2.195263
0.9840269 0.1776278 -0.01180882 112.8533 -0.1775021 0.9840595 0.0109625 -8.220799 0.01356782 -0.008691305 0.9998702 -2.219508
0.9836338 0.1795485 -0.01506554 114.4317 -0.1794104 0.9837226 0.01008037 -8.506171 0.01663023 -0.007212477 0.9998357 -2.250138
0.9831072 0.1823757 -0.0154696 116.0033 -0.1822548 0.9832109 0.008905291 -8.81901 0.01683399 -0.005935447 0.9998407 -2.320283
0.9826062 0.1848816 -0.01743124 117.5656 -0.1846998 0.9827273 0.01153517 -9.125909 0.0192628 -0.008114981 0.9997815 -2.324151
0.9819127 0.1884352 -0.01842794 119.1045 -0.1882022 0.9820353 0.01366608 -9.439614 0.02067205 -0.009950715 0.9997368 -2.423629
0.9813084 0.191529 -0.01872024 120.6661 -0.1913053 0.981443 0.01310758 -9.753006 0.02088333 -0.0092813 0.9997388 -2.409464
0.980556 0.1953263 -0.01890886 122.2174 -0.1951273 0.9807061 0.01186892 -10.08575 0.02086234 -0.007948504 0.9997507 -2.52468
0.9798256 0.1991114 -0.01722064 123.7646 -0.1989539 0.9799532 0.01043815 -10.42048 0.01895378 -0.00680145 0.9997972 -2.508009
0.9790596 0.2028731 -0.01687839 125.3039 -0.2026751 0.9791634 0.01273487 -10.75288 0.01911026 -0.009047363 0.9997764 -2.582197
0.9782879 0.2067513 -0.01437439 126.835 -0.2065756 0.9783468 0.01280509 -11.09047 0.01671061 -0.009557667 0.9998147 -2.646143
0.9776222 0.2100436 -0.01168512 128.3831 -0.2098774 0.9776275 0.01399986 -11.43629 0.01436428 -0.01123413 0.9998337 -2.653327
0.9767818 0.2139578 -0.01092152 129.9071 -0.213806 0.9767817 0.01357938 -11.79361 0.01357336 -0.010929 0.9998481 -2.734126
0.9758608 0.2181713 -0.009850046 131.4319 -0.2180076 0.9758252 0.01542924 -12.15528 0.01297814 -0.0129094 0.9998325 -2.777171
0.9749765 0.2219146 -0.01321345 132.9589 -0.2217107 0.9749923 0.01531415 -12.50446 0.01628145 -0.01200137 0.9997954 -2.804777
0.9740409 0.2261759 -0.009423453 134.468 -0.2260423 0.9740248 0.01342578 -12.87056 0.01221527 -0.01094716 0.9998655 -2.900689
0.9731609 0.2298878 -0.01046562 136.0074 -0.2297445 0.97316 0.01330417 -13.24092 0.01324319 -0.01054268 0.9998567 -2.903756
0.9722318 0.2339392 -0.0061507 137.5178 -0.233864 0.9722077 0.01096092 -13.63075 0.008543945 -0.009218127 0.999921 -2.948004
0.9712598 0.2379049 -0.007468341 139.0339 -0.237792 0.9712223 0.01349511 -14.02018 0.01046397 -0.01133135 0.999881 -3.009987
0.9702395 0.2420243 -0.007715723 140.5363 -0.2418932 0.9701886 0.01488385 -14.41084 0.01108796 -0.01257452 0.9998595 -3.045164
0.9691744 0.246295 -0.006299661 142.0285 -0.2461224 0.9690208 0.02055056 -14.80691 0.011166 -0.01836659 0.999769 -3.147834
0.9679942 0.2507551 -0.01044793 143.5373 -0.2504829 0.9678669 0.02217617 -15.2133 0.015673 -0.01884937 0.9996995 -3.147167
0.9671639 0.2539961 -0.008941741 145.0341 -0.2537395 0.9669979 0.02304788 -15.62102 0.01450072 -0.0200222 0.9996943 -3.237621
0.9659392 0.2585756 -0.01000637 146.5246 -0.2582702 0.9657559 0.02474414 -16.03928 0.01606194 -0.02131699 0.9996437 -3.302768
0.964857 0.2626212 -0.00900897 148.0309 -0.2623505 0.9646789 0.02380519 -16.46008 0.01494251 -0.0206051 0.999676 -3.331712
0.9638731 0.2662836 -0.006450865 149.521 -0.2661057 0.9637257 0.02050634 -16.88407 0.01167737 -0.0180489 0.9997689 -3.407937
0.9628937 0.2698584 -0.003489141 151.0195 -0.2697865 0.962818 0.01401637 -17.32225 0.007141844 -0.01255495 0.9998957 -3.456674
0.9618497 0.2735638 -0.002841642 152.4843 -0.2735088 0.9617872 0.01258525 -17.75882 0.006175923 -0.0113279 0.9999168 -3.502088
0.9606086 0.2779005 -0.001552833 153.9549 -0.2778301 0.9604647 0.01782455 -18.2002 0.006444894 -0.016691 0.9998399 -3.595774
0.9593828 0.2820894 -0.003202441 155.4389 -0.2819689 0.9592052 0.02047164 -18.64946 0.008846631 -0.01873715 0.9997853 -3.589854
0.958273 0.2858537 -0.0007290985 156.9272 -0.2857904 0.9581085 0.01875419 -19.1165 0.00605951 -0.01776327 0.9998239 -3.647184
0.9571783 0.2894988 -0.0003396336 158.3704 -0.2894481 0.9570311 0.01763841 -19.56669 0.005431338 -0.0167848 0.9998444 -3.737407
0.955978 0.293375 0.006095289 159.8537 -0.2934378 0.9558072 0.01808091 -20.04573 -0.0005214352 -0.01907354 0.999818 -3.760859
0.9548503 0.297067 0.003477051 161.302 -0.2970754 0.9546412 0.0201613 -20.52502 0.002669922 -0.02028397 0.9997907 -3.83719
0.9536492 0.3008402 0.006956991 162.7665 -0.3009171 0.9534944 0.01723894 -20.99512 -0.001447286 -0.01853338 0.9998272 -3.884532
0.9525227 0.304415 0.00566078 164.2232 -0.3044647 0.9522672 0.02209558 -21.47935 0.001335651 -0.02277005 0.9997398 -3.9411
0.951165 0.3086455 0.004814156 165.6898 -0.3086784 0.9509505 0.02026651 -21.97021 0.001677141 -0.02076282 0.999783 -3.961899
0.9501686 0.3116834 0.005761579 167.1274 -0.311736 0.9499637 0.01974641 -22.46601 0.0006813379 -0.02055851 0.9997884 -4.07833
0.9488981 0.3155138 0.006597344 168.5856 -0.3155803 0.9487652 0.01592135 -22.95855 -0.001235926 -0.01718973 0.9998515 -4.079118
0.9478874 0.318529 0.006988157 170.0298 -0.3186023 0.9477497 0.01622122 -23.46644 -0.001456095 -0.01760233 0.999844 -4.1698
0.9470136 0.321129 0.006437005 171.4789 -0.3211933 0.9468012 0.02005832 -23.95898 0.0003467423 -0.02106302 0.9997781 -4.179555
0.9461905 0.3235418 0.006648322 172.9237 -0.323607 0.9458914 0.02382853 -24.48674 0.001420933 -0.02469777 0.9996939 -4.258411
0.9456043 0.3252771 0.005234054 174.3692 -0.3253054 0.9452935 0.02441952 -24.99677 0.002995391 -0.02479387 0.9996881 -4.304655
0.944887 0.3272841 0.008577961 175.8201 -0.3273962 0.9446 0.02329623 -25.5123 -0.0004782579 -0.02482069 0.9996918 -4.365492
0.9443594 0.3286953 0.01203095 177.2656 -0.3288918 0.9440978 0.02256771 -26.03472 -0.003940497 -0.02526891 0.9996729 -4.431818
0.9437631 0.3303921 0.01234436 178.7217 -0.3305917 0.9435272 0.02158352 -26.55898 -0.004516216 -0.02445067 0.9996908 -4.498095
0.942993 0.3324895 0.01466248 180.1596 -0.332743 0.9427814 0.02110349 -27.08714 -0.006806829 -0.02477928 0.9996698 -4.527512
0.9424151 0.3342236 0.01218477 181.6061 -0.3344237 0.942145 0.02288693 -27.61905 -0.003830463 -0.02564386 0.9996638 -4.612718
0.9416822 0.33633 0.01080355 183.056 -0.3364947 0.9414041 0.02301673 -28.1583 -0.002429286 -0.02530979 0.9996767 -4.670034
0.9411074 0.3379782 0.009359444 184.4994 -0.3381077 0.9407697 0.02521082 -28.69487 -0.0002843738 -0.02689059 0.9996383 -4.731818
0.9405495 0.3396041 0.005969513 185.9583 -0.3396446 0.9402236 0.02492489 -29.23656 0.002851918 -0.0254706 0.9996715 -4.778043
0.939958 0.3412527 0.005049334 187.4067 -0.3412744 0.9396708 0.02346133 -29.76907 0.003261529 -0.02377588 0.999712 -4.841324
0.9392307 0.3432588 0.004367758 188.865 -0.3432709 0.93899 0.02151757 -30.31905 0.003284815 -0.02170929 0.999759 -4.899132
0.9385253 0.3451767 0.004835606 190.309 -0.3451959 0.9382639 0.0223748 -30.87168 0.003186184 -0.02266854 0.999738 -4.969693
0.9376788 0.3474726 0.004617292 191.7564 -0.3474849 0.9374096 0.02274685 -31.42428 0.003575614 -0.02293368 0.9997306 -5.016805
0.937189 0.3487965 0.004204877 193.2015 -0.3487788 0.936816 0.02700341 -31.98846 0.0054795 -0.02677387 0.9996265 -5.09909
0.9364141 0.3508783 0.003628314 194.66 -0.3508277 0.9359733 0.02956109 -32.55232 0.00697634 -0.02895433 0.9995564 -5.135961
0.9359191 0.3522143 0.0007030834 196.1179 -0.3520674 0.935467 0.03081953 -33.11038 0.01019737 -0.02909212 0.9995247 -5.230335
0.9351382 0.3542689 -0.003161896 197.5719 -0.3540227 0.9347562 0.02998415 -33.67678 0.01357805 -0.02691994 0.9995454 -5.329237
0.9343565 0.3562436 -0.008274956 199.0232 -0.3558283 0.9340075 0.03187726 -34.23507 0.01908494 -0.02684027 0.9994575 -5.393559
0.9337696 0.3576459 -0.01279482 200.4887 -0.3571624 0.9335698 0.02970401 -34.79582 0.02256837 -0.02316688 0.9994769 -5.401278
0.9332702 0.3588347 -0.01563438 201.9312 -0.3582952 0.9331465 0.02936528 -35.37844 0.02512644 -0.02180402 0.9994465 -5.524672
0.9327829 0.3599218 -0.019294 203.3982 -0.3592897 0.9327471 0.02989198 -35.94116 0.0287552 -0.0209506 0.9993669 -5.584978
0.9322281 0.3611942 -0.022124 204.8673 -0.360487 0.9322673 0.03043874 -36.53611 0.03161978 -0.02040043 0.9992918 -5.645729
0.9318069 0.3621595 -0.02400675 206.3147 -0.3615458 0.9319797 0.02642666 -37.09624 0.03194448 -0.015945 0.9993625 -5.721889
0.9317064 0.3624479 -0.02355001 207.7798 -0.3618608 0.9318746 0.02581411 -37.68523 0.03130193 -0.01552934 0.9993894 -5.761662
0.9316024 0.362718 -0.02350691 209.231 -0.3620807 0.9317433 0.02742764 -38.25515 0.0318509 -0.01704025 0.9993474 -5.837561
0.9315498 0.3630351 -0.02050575 210.6718 -0.3624476 0.9315976 0.02752804 -38.83993 0.02909675 -0.01821148 0.9994107 -5.904159
0.931251 0.3638234 -0.0201021 212.1314 -0.363304 0.9313246 0.02539296 -39.4322 0.02796013 -0.01634405 0.9994754 -5.957151
0.9310375 0.364554 -0.01641637 213.5847 -0.3641318 0.9310389 0.02397227 -40.02519 0.02402346 -0.01634136 0.9995778 -6.032007
0.9310956 0.364465 -0.01504421 215.0364 -0.3640449 0.9310492 0.0248768 -40.60459 0.02307362 -0.01768591 0.9995773 -6.10238
0.9311871 0.3642947 -0.01341261 216.4767 -0.3638957 0.9310973 0.02525791 -41.18848 0.02168977 -0.01863905 0.999591 -6.155653
0.931357 0.3638633 -0.01332947 217.9398 -0.363416 0.9312202 0.02752611 -41.77701 0.02242842 -0.02079249 0.9995322 -6.213497
0.9314442 0.3635933 -0.01454643 219.3898 -0.363149 0.9313592 0.026325 -42.36162 0.02311955 -0.01923775 0.9995476 -6.314384
0.9316826 0.3629581 -0.01513002 220.8554 -0.3625121 0.9316182 0.02592834 -42.94421 0.02350631 -0.01867216 0.9995493 -6.363502
0.9318036 0.3626691 -0.01459758 222.3081 -0.3622701 0.9317565 0.0243 -43.52414 0.02241424 -0.01735456 0.9995981 -6.432392
0.9320608 0.3620898 -0.01239003 223.7781 -0.3616972 0.931936 0.02588947 -44.11577 0.02092103 -0.01964912 0.999588 -6.48131
0.9321276 0.3619356 -0.0118616 225.2376 -0.3615337 0.9319724 0.02684851 -44.70186 0.02077212 -0.02073787 0.9995691 -6.54407
0.9322643 0.3616456 -0.009777011 226.7061 -0.3613183 0.932102 0.0251994 -45.29819 0.01822643 -0.01995989 0.9996346 -6.629957
0.9323589 0.3614327 -0.008564288 228.175 -0.3611373 0.9321835 0.02477175 -45.88051 0.01693681 -0.02000328 0.9996564 -6.664491
0.9322394 0.3617474 -0.008282941 229.6441 -0.3614455 0.9320449 0.0254855 -46.47654 0.01693938 -0.02076475 0.9996409 -6.750637
0.9322374 0.3617975 -0.005997862 231.0999 -0.3615292 0.9319851 0.02646679 -47.05947 0.01516553 -0.02250493 0.9996317 -6.806407
0.9321148 0.3621369 -0.004339012 232.5792 -0.3619062 0.9318385 0.02648192 -47.65157 0.01363334 -0.02311387 0.9996399 -6.875909
0.9320765 0.362219 -0.005549609 234.0466 -0.361937 0.9317806 0.02804468 -48.2384 0.01532933 -0.02413118 0.9995913 -6.93347
0.931866 0.3627571 -0.005739254 235.507 -0.3624519 0.9315445 0.02921954 -48.8295 0.01594596 -0.02514849 0.9995565 -7.019557
0.9315748 0.3634897 -0.006607743 236.9736 -0.3631513 0.9312508 0.02988845 -49.41732 0.01701761 -0.02544372 0.9995314 -7.083924
0.9313001 0.3641977 -0.006333753 238.4565 -0.3638842 0.9309989 0.02879583 -50.01142 0.01638409 -0.02451281 0.9995652 -7.13365
0.9312618 0.3643396 -0.002846758 239.9212 -0.3641212 0.9309239 0.02821703 -50.6124 0.0129307 -0.02524088 0.9995978 -7.227819
0.9311894 0.364535 -0.0007830979 241.3866 -0.364362 0.9308093 0.02888308 -51.20952 0.01125781 -0.02661028 0.9995825 -7.294434
0.9311063 0.3647362 -0.002922948 242.8618 -0.3645183 0.9307747 0.02801785 -51.79808 0.01293973 -0.02502213 0.9996032 -7.372948
0.9308226 0.3654676 -0.001640147 244.3215 -0.3653 0.9305145 0.02643361 -52.40461 0.01118681 -0.02400586 0.9996492 -7.438368
0.9307165 0.3657147 -0.004424442 245.7886 -0.3654616 0.9304094 0.02785648 -52.98402 0.01430407 -0.02430952 0.9996021 -7.505868
0.9306988 0.3657315 -0.006341985 247.2579 -0.3654021 0.9303756 0.02970572 -53.56455 0.01676475 -0.02532971 0.9995385 -7.581667
0.9310057 0.3649374 -0.007001732 248.7232 -0.3645599 0.930647 0.03150228 -54.16172 0.0180125 -0.02677626 0.9994792 -7.633913
0.9311298 0.3646458 -0.005537168 250.171 -0.3643102 0.9307491 0.03137167 -54.73797 0.01659326 -0.02719385 0.9994925 -7.713785
0.9312785 0.3642798 -0.004546679 251.634 -0.3639745 0.9308869 0.03117659 -55.32694 0.01558945 -0.02737921 0.9995036 -7.799317
0.9314013 0.3639681 -0.004333351 253.0903 -0.3636996 0.9310611 0.02911978 -55.91875 0.01463329 -0.02554617 0.9995666 -7.885054
0.9316857 0.363225 -0.005406386 254.5357 -0.3629484 0.9313915 0.02790273 -56.50225 0.01517043 -0.02403434 0.999596 -7.941935
0.9314319 0.3638511 -0.006861903 255.9776 -0.3635722 0.9312062 0.02588682 -57.08137 0.0158088 -0.02161701 0.9996413 -8.035064
0.9317144 0.3631464 -0.005749292 257.4162 -0.3628885 0.9314662 0.02612276 -57.66256 0.01484166 -0.0222526 0.9996422 -8.08567
0.9316795 0.3632369 -0.005679276 258.8529 -0.3629894 0.9314436 0.02552499 -58.23685 0.01456154 -0.02171959 0.999658 -8.146215
0.9318703 0.3627473 -0.005666429 260.2954 -0.3624988 0.931632 0.0256179 -58.81197 0.01457185 -0.02181849 0.9996557 -8.201572
0.9318621 0.3627946 -0.003632857 261.7125 -0.3625736 0.9315647 0.02697913 -59.38263 0.01317212 -0.02382365 0.9996294 -8.285131
0.9321458 0.3620639 -0.003730007 263.1466 -0.361867 0.9318959 0.02494424 -59.9616 0.01250739 -0.02190191 0.9996819 -8.324968
0.9320879 0.3622285 -0.00165162 264.5737 -0.3620763 0.9318105 0.02509557 -60.53631 0.01062933 -0.02279326 0.9996837 -8.410701
0.9322467 0.3618017 -0.003938372 265.9844 -0.3615576 0.9319243 0.02816289 -61.10795 0.01385965 -0.02483082 0.9995956 -8.501765
0.932395 0.3614284 -0.003028085 267.3895 -0.3611882 0.9320233 0.02959217 -61.66434 0.0135177 -0.02649788 0.9995575 -8.544006
0.9325569 0.3610071 -0.003399006 268.7916 -0.3607329 0.9321433 0.03131365 -62.22572 0.01447281 -0.02797562 0.9995039 -8.630816
0.9328358 0.3602826 -0.003714113 270.2041 -0.3599862 0.9324005 0.03223456 -62.78615 0.01507659 -0.02873252 0.9994735 -8.691054
0.9331101 0.3595808 -0.002682499 271.6079 -0.3593328 0.9326971 0.0309192 -63.3549 0.01361991 -0.02788711 0.9995183 -8.783631
0.9331809 0.3594053 -0.001056204 273.0018 -0.3592135 0.9327713 0.03005772 -63.90894 0.0117881 -0.02766989 0.9995476 -8.855217
0.9336132 0.3582798 -0.001440984 274.4115 -0.3580757 0.9332029 0.03023521 -64.46932 0.01217739 -0.027712 0.9995418 -8.919949
0.9340965 0.3570157 -0.001878299 275.8064 -0.3567996 0.9336901 0.03027452 -65.01216 0.01256223 -0.02760915 0.9995399 -9.006952
0.9346517 0.3555533 -0.002862128 277.2156 -0.3553123 0.9342612 0.03015441 -65.56055 0.01339547 -0.02716692 0.9995412 -9.068111
0.9348996 0.3548842 -0.004471624 278.6131 -0.3545663 0.9344701 0.03237567 -66.10622 0.01566821 -0.02868252 0.9994658 -9.125187
0.9352226 0.3540272 -0.004848182 280.0036 -0.3537091 0.9348171 0.03173613 -66.64822 0.01576761 -0.0279655 0.9994845 -9.212317
0.9357918 0.3525318 -0.003883617 281.4188 -0.3522583 0.9354028 0.03058809 -67.20702 0.01441602 -0.02725605 0.9995245 -9.278214
0.936407 0.3509155 -0.0004039248 282.8108 -0.3507641 0.9360356 0.02831468 -67.7485 0.01031415 -0.02637238 0.999599 -9.330928
0.9373433 0.3484071 -8.86214e-05 284.2058 -0.3482501 0.9369285 0.02977848 -68.28353 0.01045807 -0.0278818 0.9995565 -9.416539
0.9380967 0.3463732 0.000418114 285.5958 -0.3462156 0.9376318 0.03132442 -68.82063 0.0104579 -0.02953009 0.9995092 -9.489517
0.9390718 0.3437127 -0.002404182 286.985 -0.3434122 0.9385015 0.03581949 -69.33955 0.01456794 -0.03281144 0.9993554 -9.559391
0.9398937 0.3414605 -0.002151689 288.3869 -0.3411826 0.9393488 0.03490339 -69.86623 0.01393931 -0.03207136 0.9993884 -9.641934
0.9409837 0.3384505 -0.000942898 289.7932 -0.3382116 0.9404172 0.03504876 -70.3854 0.01274899 -0.03266141 0.9993852 -9.689
0.9420231 0.3355463 -0.00110553 291.2019 -0.3353321 0.9415298 0.0327776 -70.89964 0.01203929 -0.03050653 0.9994621 -9.779441
0.9431762 0.3322902 0.001339205 292.6074 -0.3321387 0.942608 0.03426533 -71.40979 0.01012369 -0.03276305 0.9994119 -9.883215
0.9441851 0.3294147 -0.0005956045 294.0176 -0.329182 0.943583 0.0359197 -71.9212 0.01239448 -0.03371879 0.9993545 -9.90423
0.9447328 0.3278399 0.0009222869 295.4231 -0.3276674 0.9441367 0.03521207 -72.43585 0.01067316 -0.03356821 0.9993795 -10.01911
0.9456716 0.3251235 -0.0001691286 296.8469 -0.3249156 0.9450853 0.03526527 -72.93894 0.01162541 -0.03329442 0.999378 -10.07498
0.9465129 0.3226655 0.0004594475 298.2679 -0.3224766 0.9459082 0.03558965 -73.44469 0.01104896 -0.03383422 0.9993664 -10.15597
0.9473276 0.3202662 0.0002124244 299.6985 -0.3200713 0.9467276 0.03550996 -73.95288 0.01117153 -0.03370755 0.9993693 -10.24067
0.9478407 0.3187362 0.002285375 301.1289 -0.3186164 0.9472324 0.03513677 -74.46078 0.00903458 -0.03403222 0.9993799 -10.29938
0.9485264 0.3166954 0.001268515 302.5599 -0.3165269 0.947875 0.03665825 -74.95969 0.01040711 -0.03517283 0.9993271 -10.3932
0.9491335 0.3148623 0.002711794 304.0084 -0.3147589 0.9485188 0.03520087 -75.45259 0.008511238 -0.03426388 0.9993766 -10.4716
0.9496258 0.3133821 0.00159044 305.4379 -0.3132537 0.9490646 0.03388862 -75.94705 0.009110657 -0.03267972 0.9994243 -10.53637
0.9501324 0.3118427 0.001616837 306.8936 -0.3117201 0.9495856 0.03343755 -76.44198 0.008891929 -0.03227409 0.9994395 -10.63305
0.950466 0.3108269 -0.001006417 308.3433 -0.3105928 0.9498663 0.03586278 -76.927 0.01210308 -0.03377377 0.9993562 -10.69559
0.9507558 0.3098988 -0.005122425 309.7917 -0.3095365 0.9502292 0.03538061 -77.41801 0.01583188 -0.03205274 0.9993608 -10.76636
0.9507787 0.309812 -0.006033733 311.2526 -0.3094101 0.9502465 0.03601495 -77.90594 0.0168914 -0.03237535 0.999333 -10.85255
0.9505783 0.3103469 -0.009254041 312.6997 -0.3098256 0.9500798 0.03683416 -78.40362 0.02022345 -0.03214661 0.9992785 -10.92857
0.9506451 0.3100937 -0.01076272 314.1635 -0.309527 0.9501821 0.03670605 -78.8907 0.02160886 -0.03156307 0.9992682 -11.00374
0.9505935 0.3101933 -0.01233013 315.619 -0.3096233 0.9502261 0.03469442 -79.37859 0.02247838 -0.02916259 0.9993219 -11.07265
0.950356 0.3108468 -0.01406238 317.0967 -0.310256 0.9500638 0.03346827 -79.88343 0.02376366 -0.02744383 0.9993408 -11.17084
0.9501386 0.3115312 -0.01359898 318.568 -0.3109556 0.9498389 0.03335688 -80.37067 0.02330855 -0.02746497 0.999351 -11.23254
0.9498575 0.3123337 -0.01478002 320.0261 -0.3116991 0.9495568 0.03443156 -80.86845 0.02478861 -0.02809816 0.9992977 -11.3165
0.9493442 0.3137788 -0.01698309 321.4947 -0.3130813 0.9491001 0.03448094 -81.35843 0.02693804 -0.0274172 0.999261 -11.37189
0.9485191 0.3161314 -0.01929992 322.9666 -0.3153705 0.9483417 0.03448983 -81.87255 0.02920623 -0.02662764 0.9992187 -11.4621
0.9479651 0.3177279 -0.02027407 324.4345 -0.3169699 0.9478428 0.03352704 -82.37623 0.02986911 -0.02535619 0.9992322 -11.53401
0.9474667 0.3191698 -0.02091545 325.8907 -0.3184145 0.9473804 0.03290023 -82.88259 0.03031565 -0.02451209 0.9992397 -11.62131
0.9467604 0.3211111 -0.02307438 327.3494 -0.320282 0.9467275 0.03356045 -83.39137 0.03262179 -0.02438339 0.9991703 -11.6969
0.9462305 0.3226572 -0.0232431 328.8129 -0.3218627 0.9462327 0.03237575 -83.90917 0.03243965 -0.02315383 0.9992055 -11.75998
0.945835 0.3237453 -0.0241911 330.261 -0.3229701 0.9458967 0.0311351 -84.41169 0.03296212 -0.02163566 0.9992224 -11.84227
0.9453326 0.3252049 -0.02424941 331.7247 -0.3243998 0.9453787 0.03200116 -84.91678 0.03333181 -0.02238523 0.9991936 -11.92728
0.9449404 0.3263248 -0.02449115 333.1686 -0.3254894 0.9449786 0.03274152 -85.43348 0.03382798 -0.02296717 0.9991637 -11.99862
0.9445303 0.3275252 -0.02428537 334.6031 -0.3267477 0.944598 0.03115407 -85.95278 0.03314365 -0.02149078 0.9992195 -12.06202
0.9441023 0.3289113 -0.02209722 336.0408 -0.3281884 0.9441056 0.03093342 -86.46392 0.03103646 -0.02195226 0.9992772 -12.14614
0.9435901 0.3303657 -0.02227538 337.4824 -0.329563 0.943545 0.03333041 -86.98895 0.03202905 -0.0241091 0.9991961 -12.21456
0.9429795 0.3321447 -0.02166966 338.9203 -0.3313127 0.9428822 0.03471458 -87.5083 0.0319622 -0.0255557 0.9991623 -12.29233
0.9425302 0.3334481 -0.02119585 340.3572 -0.3326696 0.9424521 0.03339029 -88.03378 0.03111 -0.02442014 0.9992176 -12.36974
0.9423124 0.3342159 -0.01862907 341.7918 -0.3335598 0.9422083 0.03132578 -88.55362 0.02802204 -0.02330477 0.9993356 -12.43402
0.9419809 0.335242 -0.01687469 343.2217 -0.3346252 0.9418281 0.03139474 -89.08274 0.02641789 -0.02392655 0.9993646 -12.51399
0.9415318 0.3365658 -0.01553635 344.6476 -0.3359858 0.9413501 0.03120776 -89.61251 0.0251286 -0.02416311 0.9993922 -12.59025
0.9411003 0.3378189 -0.0144441 346.0609 -0.3372208 0.9408462 0.03302652 -90.13434 0.02474665 -0.02621042 0.9993501 -12.66359
0.9406114 0.3391548 -0.01497524 347.4717 -0.3385056 0.9403329 0.0344684 -90.66379 0.02577184 -0.02735217 0.9992936 -12.73944
0.9399779 0.3409016 -0.01508882 348.8903 -0.3402534 0.9397082 0.03429129 -91.19557 0.02586904 -0.02709903 0.999298 -12.82579
0.9395111 0.3422154 -0.01440457 350.3053 -0.341624 0.939266 0.0327501 -91.71954 0.02473731 -0.02584813 0.9993598 -12.90037
0.9387864 0.3441861 -0.01469631 351.7183 -0.3436188 0.9385822 0.03145839 -92.25454 0.02462123 -0.02448278 0.999397 -12.9665
0.9379644 0.3464436 -0.01412885 353.1114 -0.3459546 0.9378116 0.02871815 -92.78634 0.02319942 -0.02204866 0.9994877 -13.05198
0.9370412 0.3490939 -0.009346522 354.5111 -0.3487775 0.9368666 0.02520237 -93.33077 0.01755444 -0.0203558 0.9996387 -13.10919
0.9361949 0.3513306 -0.01029119 355.9057 -0.3510527 0.9360977 0.02197291 -93.8686 0.01735332 -0.01695818 0.9997056 -13.17719
0.9356512 0.3527307 -0.01174543 357.298 -0.3523851 0.9355414 0.02423256 -94.39874 0.0195359 -0.01853431 0.9996374 -13.23216
0.9348133 0.3547604 -0.01640577 358.6884 -0.3541114 0.9346244 0.03289682 -94.93736 0.02700372 -0.02494291 0.9993241 -13.33798
0.9342139 0.3561954 -0.01921237 360.0659 -0.3554963 0.9341207 0.03226615 -95.48097 0.02943973 -0.02331356 0.9992946 -13.38112
0.9338977 0.3569819 -0.01997659 361.4421 -0.3562791 0.9338384 0.03179735 -96.01329 0.03000598 -0.02257823 0.9992947 -13.4292
0.9337293 0.357387 -0.02059486 362.8127 -0.3566462 0.9336711 0.03258083 -96.55059 0.03087279 -0.0230766 0.9992569 -13.5363
0.9335383 0.3581366 -0.01563796 364.1848 -0.3574155 0.9332416 0.03625169 -97.09311 0.02757706 -0.02825309 0.9992203 -13.58391
0.933165 0.3588895 -0.02003396 365.5283 -0.3579403 0.9329059 0.03956842 -97.62634 0.03289048 -0.0297529 0.999016 -13.6706
0.9329612 0.3596873 -0.01443647 366.8965 -0.3588838 0.9325029 0.0405084 -98.16668 0.02803241 -0.03261175 0.9990749 -13.76683
0.9325961 0.3605486 -0.01640263 368.2365 -0.3597135 0.9322294 0.03942602 -98.71045 0.02950601 -0.03086831 0.9990879 -13.85365
0.9324957 0.3606552 -0.01948463 369.5938 -0.3597299 0.9322276 0.03932013 -99.24408 0.03234512 -0.02965665 0.9990367 -13.92244
0.9325716 0.3603792 -0.02090767 370.9203 -0.3594361 0.9323707 0.03860511 -99.76383 0.03340618 -0.02848706 0.9990358 -14.03402
0.9322735 0.3609543 -0.02404296 372.267 -0.359898 0.9321634 0.03930337 -100.2921 0.03659869 -0.02798848 0.998938 -14.08954
0.9322039 0.3609021 -0.02730403 373.6045 -0.3597737 0.9322298 0.03886769 -100.8176 0.03948105 -0.02640935 0.9988713 -14.19398
0.9318875 0.3616185 -0.02859647 374.9379 -0.360579 0.9320408 0.03581376 -101.3572 0.03960399 -0.02306311 0.9989492 -14.26848
0.9319662 0.3614466 -0.02820026 376.2716 -0.3605322 0.9321692 0.03281914 -101.8838 0.03814978 -0.02041923 0.9990634 -14.33187
0.9318146 0.3618475 -0.02807096 377.5913 -0.3609235 0.9320062 0.03314305 -102.4052 0.03815504 -0.02075171 0.9990563 -14.42008
0.9316267 0.3623343 -0.02802712 378.9038 -0.3613768 0.9317982 0.03404489 -102.9294 0.03845125 -0.02158878 0.9990273 -14.46925
0.9312477 0.3633445 -0.02754255 380.2154 -0.3623998 0.9314028 0.03398856 -103.4662 0.03800277 -0.02167035 0.9990426 -14.57761
0.9309868 0.3641331 -0.02589872 381.5287 -0.3632364 0.9310884 0.03366749 -103.9896 0.03637346 -0.02193663 0.9990975 -14.62993
0.930756 0.364744 -0.02559594 382.8516 -0.3637466 0.9307789 0.03659706 -104.5304 0.03717272 -0.0247525 0.9990023 -14.672
0.9304683 0.3653127 -0.02784767 384.1509 -0.364318 0.9306122 0.03512194 -105.0423 0.03874587 -0.02253445 0.9989949 -14.79595
0.9302471 0.3658983 -0.02754438 385.457 -0.3649 0.9303734 0.03539724 -105.5634 0.03857836 -0.02287724 0.9989936 -14.85777
0.9297972 0.3668217 -0.03031522 386.7458 -0.3657458 0.9300268 0.0357764 -106.086 0.04131753 -0.02217713 0.9988999 -14.90199
0.9294553 0.3675025 -0.03247645 388.0521 -0.3664393 0.9298059 0.0343976 -106.6058 0.042838 -0.02007039 0.9988804 -15.00542
0.9293776 0.367689 -0.03258962 389.3501 -0.3665514 0.9296987 0.03606367 -107.1377 0.04355874 -0.021571 0.998818 -15.05367
0.9290887 0.3684405 -0.0323384 390.6402 -0.3671977 0.9293418 0.03859225 -107.668 0.04427238 -0.02398103 0.9987316 -15.14394
0.9290245 0.3685731 -0.03267146 391.9396 -0.367313 0.9292877 0.03880033 -108.1943 0.04466194 -0.0240458 0.9987127 -15.2202
0.929103 0.3684087 -0.03229044 393.2414 -0.3671173 0.9293265 0.0397106 -108.7144 0.0446381 -0.02504086 0.9986894 -15.30027
0.9293141 0.3679318 -0.03164654 394.5276 -0.3667035 0.9295352 0.03863933 -109.2397 0.04363321 -0.02430318 0.998752 -15.37129
0.9296483 0.3670185 -0.03242607 395.8248 -0.3657469 0.9298892 0.03918156 -109.7589 0.04453301 -0.02456534 0.9987059 -15.45987
0.9299654 0.3662439 -0.03209054 397.1139 -0.3649917 0.9301966 0.03892697 -110.2761 0.04410727 -0.02448796 0.9987266 -15.5259
0.9303352 0.365115 -0.03416853 398.4055 -0.3638287 0.9306673 0.03856798 -110.7911 0.04588127 -0.02344966 0.9986717 -15.61758
0.9305546 0.3646571 -0.03306493 399.685 -0.3634211 0.9308486 0.03802792 -111.3031 0.04464559 -0.02337056 0.9987295 -15.69376
0.9306746 0.3642061 -0.03462194 400.9557 -0.3629147 0.9310291 0.03844271 -111.8219 0.0462351 -0.02321284 0.9986609 -15.76731
0.9310415 0.3633416 -0.03383036 402.2459 -0.3620875 0.9313681 0.03802353 -112.3384 0.04532405 -0.02315194 0.998704 -15.83887
0.9314011 0.3624569 -0.03342085 403.5206 -0.3611946 0.9316992 0.03840983 -112.8479 0.04506008 -0.02370353 0.998703 -15.91278
0.9314428 0.3624269 -0.03257438 404.8176 -0.3611875 0.9317042 0.03835054 -113.3591 0.04424895 -0.02395587 0.9987333 -15.99104
0.9316298 0.3621422 -0.03031367 406.0896 -0.3608908 0.9317528 0.03992913 -113.8798 0.04270488 -0.02625925 0.9987426 -16.0669
0.9316701 0.3619829 -0.03097161 407.3731 -0.3607427 0.9318382 0.03927106 -114.3954 0.04307598 -0.02541489 0.9987485 -16.13343
0.9319904 0.3612993 -0.02927089 408.6505 -0.3601168 0.9320945 0.03893578 -114.8901 0.04135071 -0.02574683 0.9988129 -16.22981
0.9321551 0.360926 -0.02862364 409.9394 -0.3597879 0.9322497 0.03825429 -115.4144 0.04049134 -0.02536049 0.998858 -16.29271
0.9322452 0.3607433 -0.02798498 411.2135 -0.3596462 0.9323294 0.0376344 -115.9214 0.03966758 -0.0250198 0.9988996 -16.36702
0.9324639 0.3603355 -0.02587333 412.4891 -0.3592114 0.9324093 0.03975091 -116.4233 0.0384482 -0.02777229 0.9988746 -16.44782
0.9327572 0.3595345 -0.0264386 413.7625 -0.3583229 0.9326715 0.04157621 -116.9272 0.03960661 -0.02930696 0.9987855 -16.52504
0.9326892 0.3597402 -0.02603487 415.0487 -0.358533 0.9325821 0.04176778 -117.4391 0.03930521 -0.02962199 0.9987881 -16.60852
0.9325119 0.360149 -0.02672589 416.3116 -0.358922 0.9324332 0.04175191 -117.946 0.03995702 -0.02934165 0.9987705 -16.68007
0.9325224 0.3600566 -0.02758915 417.5962 -0.3588005 0.9324758 0.04184679 -118.4484 0.04079343 -0.02912407 0.9987431 -16.76434
0.9325676 0.3599639 -0.02727005 418.8721 -0.3586821 0.9324822 0.04270925 -118.9573 0.04080263 -0.03004799 0.9987153 -16.84596
0.9327138 0.3596152 -0.02686847 420.1346 -0.3583584 0.9326212 0.04238935 -119.4555 0.04030196 -0.02990859 0.9987398 -16.92154
0.9326836 0.3597801 -0.02567962 421.3963 -0.3585699 0.9325523 0.0421154 -119.9577 0.03909988 -0.03007241 0.9987827 -17.0074
0.9326954 0.3598511 -0.02421852 422.6828 -0.358702 0.9325216 0.04166997 -120.4611 0.03757928 -0.03017816 0.9988379 -17.07014
0.9326456 0.3600833 -0.02263056 423.9528 -0.3589594 0.9323937 0.04231028 -120.9799 0.03633581 -0.03133705 0.9988482 -17.16316
0.9328513 0.3596732 -0.02058334 425.2234 -0.3585836 0.9324974 0.04320008 -121.4721 0.03473182 -0.0329184 0.9988544 -17.23458
0.9329501 0.3595013 -0.01905135 426.4883 -0.3584465 0.9325278 0.04368256 -121.9724 0.03346985 -0.03392475 0.9988638 -17.32178
0.9328668 0.3598375 -0.01663028 427.7671 -0.3589139 0.9324195 0.04212858 -122.4887 0.03066584 -0.03333152 0.9989738 -17.38815
0.9326512 0.3604425 -0.01558918 429.0323 -0.359557 0.9321768 0.04201254 -123.003 0.02967497 -0.03357784 0.9989955 -17.481
0.9327167 0.3603588 -0.01345997 430.3019 -0.3595809 0.9322248 0.04072723 -123.5046 0.02722413 -0.03314702 0.9990796 -17.54461
0.9325743 0.3607121 -0.01385284 431.569 -0.3598715 0.9320335 0.04250083 -124.0179 0.02824187 -0.03464993 0.9990004 -17.65146
0.9324728 0.3609491 -0.01449978 432.8473 -0.3601373 0.9320107 0.04070747 -124.5078 0.02820727 -0.0327367 0.9990659 -17.71671
0.9322719 0.3614525 -0.01487124 434.0966 -0.3605846 0.9317703 0.04221969 -125.0126 0.029117 -0.0339979 0.9989977 -17.81252
0.9319729 0.3620796 -0.01802777 435.3637 -0.3611333 0.9315965 0.04135825 -125.5206 0.03176959 -0.03203434 0.9989817 -17.87916
0.932165 0.3616199 -0.01730239 436.6519 -0.360712 0.9317808 0.04088276 -126.0153 0.03090606 -0.03186831 0.9990141 -17.96215
0.9319715 0.3620041 -0.01954654 437.9094 -0.3610211 0.9316553 0.04101389 -126.5235 0.03305783 -0.03116706 0.9989673 -18.04096
0.9318697 0.3623946 -0.01700116 439.1877 -0.3615032 0.9314843 0.04064615 -127.0366 0.03056627 -0.03173095 0.999029 -18.10707
0.9316 0.3630131 -0.01851629 440.4353 -0.3620605 0.9312497 0.04106286 -127.5382 0.03214964 -0.03155015 0.998985 -18.19521
0.9318148 0.3625867 -0.01587255 441.7136 -0.3617339 0.9313989 0.04055753 -128.0528 0.0294893 -0.03205048 0.9990512 -18.25823
0.9314837 0.3633551 -0.01764095 442.9584 -0.362427 0.9311026 0.04116134 -128.5556 0.03138172 -0.03194756 0.9989968 -18.35224
0.9314518 0.3635694 -0.01465436 444.2401 -0.3627561 0.9310021 0.04053704 -129.0666 0.02838127 -0.03244234 0.9990706 -18.41529
0.9312124 0.3640756 -0.01710045 445.5023 -0.3631632 0.930814 0.04120408 -129.5799 0.03091874 -0.03215949 0.9990044 -18.50286
0.9312027 0.3642297 -0.01407988 446.7621 -0.3634225 0.930723 0.04097404 -130.0849 0.02802843 -0.03303819 0.999061 -18.58008
0.9312451 0.3640088 -0.01673729 448.0494 -0.3630716 0.9307966 0.04239091 -130.5951 0.03100968 -0.03339949 0.9989609 -18.65048
0.9311209 0.364474 -0.01313628 449.3103 -0.3636774 0.9305896 0.04173161 -131.1072 0.02743458 -0.0340798 0.9990425 -18.73689
0.9306408 0.3656253 -0.01502835 450.5584 -0.3647574 0.9301565 0.0419617 -131.6193 0.02932099 -0.03356957 0.9990062 -18.80959
0.9307441 0.3654322 -0.01322328 451.8466 -0.3646593 0.9302495 0.04073625 -132.1274 0.02718728 -0.03309303 0.9990824 -18.8941
0.9308084 0.3652368 -0.01406409 453.1052 -0.3644074 0.9303026 0.0417616 -132.6457 0.02833674 -0.03374698 0.9990286 -18.97292
0.9305682 0.3658251 -0.01465853 454.3744 -0.3649722 0.9300765 0.0418686 -133.1521 0.02895014 -0.03361163 0.9990156 -19.04688
0.9303137 0.3664589 -0.01497711 455.6355 -0.3655762 0.9298102 0.04250723 -133.6639 0.02950303 -0.03406978 0.9989839 -19.14333
0.9302248 0.3666559 -0.01566474 456.9042 -0.3657373 0.9297282 0.04291794 -134.1766 0.03030006 -0.03419415 0.9989558 -19.19351
0.9299599 0.3673296 -0.01560553 458.1633 -0.3663415 0.9293802 0.04523646 -134.6952 0.03112016 -0.03635114 0.9988544 -19.30865
0.9298543 0.3675837 -0.01590902 459.4292 -0.3665238 0.9292135 0.04714335 -135.2115 0.03211201 -0.03800541 0.9987614 -19.36499
