1.0 0.0 0.0 0.0 0.0 1.0 0.0 0.0 0.0 0.0 1.0 0.0
0.9999757 -0.006489658 0.00256353 0.6734431 0.006495353 0.9999763 -0.002219355 0.008561043 -0.002549067 0.002235952 0.9999943 -0.002410669
0.9999417 -0.01019525 0.003553669 1.060731 0.01020424 0.9999448 -0.002521498 0.01426683 -0.003527765 0.002557614 0.9999905 -0.01462844
0.9999072 -0.01349767 0.001840752 1.44605 0.01350111 0.999907 -0.001871774 0.01659765 -0.001815316 0.001896453 0.9999965 -0.02526916
0.9998615 -0.01655428 0.001702745 1.822942 0.01655703 0.9998617 -0.001613241 0.02010489 -0.001675803 0.00164121 0.9999973 -0.03453256
0.9998063 -0.01965847 0.0009802424 2.21041 0.01965884 0.9998066 -0.0003689622 0.02519112 -0.0009727996 0.0003881611 0.9999995 -0.02971743
0.9997522 -0.02218161 0.001879737 2.614883 0.02218293 0.9997538 -0.0006849656 0.03783715 -0.001864081 0.000726494 0.999998 -0.0390154
0.9997269 -0.02322048 0.002633858 3.001304 0.02322087 0.9997302 -0.0001153129 0.02920422 -0.00263047 0.0001764419 0.9999965 -0.0447752
0.9997048 -0.02426749 0.001133893 3.398031 0.02426749 0.9997054 1.039552e-05 0.02941712 -0.001133811 1.712428e-05 0.9999993 -0.06310873
0.9996884 -0.02488413 0.001931859 3.798217 0.02488495 0.9996903 -0.0003986033 0.0404085 -0.001921342 0.0004465533 0.999998 -0.05680156
0.999692 -0.02478981 0.00114474 4.19749 0.0247896 0.9996927 0.000200364 0.04087792 -0.001149355 -0.0001719247 0.9999993 -0.06551018
0.9997036 -0.02427012 0.00190912 4.612924 0.02427104 0.9997052 -0.0004578985 0.04631682 -0.001897444 0.0005040991 0.9999981 -0.07480744
0.9997219 -0.02341686 0.002784529 5.017749 0.0234164 0.9997259 0.0001973399 0.0480285 -0.002788387 -0.0001320814 0.9999961 -0.0736334
0.9997315 -0.02288518 0.003620517 5.440682 0.02288519 0.9997381 4.016726e-05 0.05050431 -0.003620488 4.269973e-05 0.9999934 -0.08876824
0.999746 -0.02226273 0.003521706 5.857866 0.02226096 0.999752 0.0005406665 0.05417134 -0.003532869 -0.0004621326 0.9999937 -0.08681844
0.9997573 -0.02177625 0.003345515 6.274356 0.02177577 0.9997629 0.0001784933 0.06078127 -0.003348609 -0.0001055988 0.9999944 -0.1046707
0.999773 -0.0208979 0.004150305 6.704105 0.02089353 0.9997813 0.001094293 0.06480738 -0.004172265 -0.00100733 0.9999908 -0.1003473
0.999782 -0.02042202 0.004360209 7.12967 0.02041883 0.9997911 0.0007750465 0.07017335 -0.004375127 -0.0006858471 0.9999902 -0.1145121
0.9997966 -0.01963367 0.004611973 7.566647 0.01963158 0.999807 0.0004979557 0.07342595 -0.00462086 -0.0004073141 0.9999892 -0.1279018
0.9998116 -0.01889742 0.004419913 8.004 0.01889513 0.9998212 0.0005584908 0.08387803 -0.004429677 -0.0004748708 0.9999901 -0.1144647
0.9998286 -0.01793777 0.004570331 8.450287 0.017936 0.9998391 0.0004261263 0.08825155 -0.00457724 -0.0003440798 0.9999894 -0.1355815
0.9998414 -0.01686585 0.005725373 8.886255 0.01686078 0.9998574 0.0009334562 0.08816279 -0.0057403 -0.0008367738 0.9999832 -0.1330022
0.9998544 -0.01592137 0.006138538 9.329214 0.01591353 0.9998726 0.001322967 0.0895026 -0.006158818 -0.001225088 0.9999803 -0.1469539
0.9998654 -0.01547181 0.005454531 9.782404 0.01546171 0.9998785 0.001890032 0.09375273 -0.005483111 -0.001805442 0.9999833 -0.1684656
0.9998723 -0.01489905 0.005784386 10.23281 0.01489237 0.9998883 0.001195338 0.0982044 -0.005801549 -0.001109042 0.9999825 -0.1506476
0.9998938 -0.01378477 0.00471455 10.69474 0.01377725 0.9999039 0.00162357 0.09655573 -0.004736478 -0.001558444 0.9999875 -0.1642679
0.9998997 -0.01316028 0.005229407 11.14936 0.01315553 0.9999131 0.0009411373 0.09833618 -0.005241338 -0.0008722473 0.9999859 -0.1709492
0.999902 -0.01268827 0.00591029 11.6016 0.012682 0.9999191 0.0010967 0.09856308 -0.005923727 -0.001021638 0.9999819 -0.1767412
0.9999112 -0.01206203 0.005671784 12.06129 0.01206567 0.9999272 -0.0006081393 0.09646514 -0.005664034 0.0006765191 0.9999837 -0.1942798
0.9999186 -0.01095064 0.006546402 12.5236 0.01095355 0.9999399 -0.0004083658 0.09331042 -0.006541537 0.0004800388 0.9999785 -0.1890675
0.999934 -0.01012282 0.005436677 12.97274 0.0101245 0.9999487 -0.0002824996 0.09676007 -0.005433539 0.0003375246 0.9999852 -0.2080118
0.9999452 -0.009052231 0.005265487 13.43153 0.00905457 0.999959 -0.0004206644 0.09264791 -0.005261463 0.0004683181 0.9999861 -0.2109949
0.9999612 -0.007546844 0.004538944 13.88366 0.007548349 0.9999714 -0.0003145048 0.08934418 -0.004536441 0.0003487542 0.9999896 -0.2198233
0.9999707 -0.005861497 0.004931151 14.34836 0.005866763 0.9999824 -0.001054239 0.08657312 -0.004924884 0.001083138 0.9999873 -0.2310046
0.9999766 -0.004372307 0.005253963 14.80882 0.004380209 0.9999893 -0.001493503 0.08401758 -0.005247377 0.001516481 0.9999851 -0.2262585
0.9999786 -0.002674961 0.005972088 15.27739 0.002682159 0.9999957 -0.001197628 0.08105528 -0.005968858 0.00121362 0.9999815 -0.2374684
0.9999869 -0.0009533605 0.00503492 15.73334 0.0009606379 0.9999986 -0.001443184 0.06935365 -0.005033537 0.001448001 0.9999863 -0.2448111
0.9999873 0.0003437598 0.005024949 16.20557 -0.0003324082 0.9999974 -0.002259709 0.06804665 -0.005025712 0.00225801 0.9999848 -0.2544957
0.999984 0.002465187 0.005091467 16.66027 -0.002452121 0.9999937 -0.002570829 0.06010091 -0.005097772 0.002558304 0.9999837 -0.2608457
0.9999822 0.004061522 0.004382448 17.1353 -0.004050229 0.9999884 -0.00258272 0.05983818 -0.004392887 0.002564924 0.9999871 -0.2474966
0.9999795 0.005714529 0.002887458 17.6024 -0.005707718 0.9999808 -0.002361588 0.04735462 -0.002900898 0.002345059 0.999993 -0.2668871
0.9999643 0.007522433 0.003843222 18.06325 -0.007509628 0.9999661 -0.003335395 0.0322313 -0.003868182 0.003306415 0.9999871 -0.2812665
0.9999533 0.009080191 0.003308979 18.5294 -0.009069419 0.9999535 -0.003255671 0.02364121 -0.003338387 0.003225508 0.9999892 -0.2745759
0.9999353 0.01070732 0.003835187 19.00092 -0.01069475 0.9999373 -0.003280906 0.01147476 -0.003870076 0.003239677 0.9999872 -0.2980745
0.9999157 0.01232563 0.004077966 19.47168 -0.01231452 0.9999204 -0.002737883 -0.003719704 -0.004111388 0.002687434 0.999988 -0.2879411
0.9999009 0.01370139 0.003244323 19.94349 -0.01369361 0.9999033 -0.002406776 -0.01411612 -0.003276985 0.002362111 0.9999918 -0.3061851
0.9998817 0.01507981 0.003009345 20.42284 -0.01507441 0.9998846 -0.001807652 -0.02305786 -0.003036257 0.001762074 0.9999939 -0.2962631
0.9998648 0.01631125 0.002093705 20.90515 -0.01630837 0.9998661 -0.001386666 -0.03770787 -0.002116043 0.001352333 0.9999968 -0.3151622
0.9998478 0.01728635 0.002382974 21.37207 -0.01728244 0.9998493 -0.001652913 -0.05277115 -0.002411187 0.001611478 0.9999958 -0.319937
0.999838 0.0177551 0.002947085 21.85684 -0.0177483 0.9998399 -0.002316811 -0.06132182 -0.002987748 0.002264129 0.999993 -0.3209135
0.999827 0.0184207 0.002586465 22.34947 -0.01841384 0.999827 -0.002649094 -0.07672656 -0.002634815 0.002601008 0.9999931 -0.340421
0.9998167 0.01909732 0.001358631 22.83883 -0.01909398 0.9998147 -0.002436394 -0.09866149 -0.001404908 0.002410006 0.9999961 -0.3386068
0.9998137 0.01910875 -0.002742085 23.32741 -0.01911411 0.9998153 -0.001943559 -0.09918325 0.00270444 0.001995609 0.9999943 -0.3820416
0.9998077 0.01957261 -0.00121687 23.83352 -0.01957533 0.9998059 -0.002262621 -0.107523 0.001172348 0.002286007 0.9999967 -0.3749905
0.9998081 0.01955414 -0.001205134 24.32712 -0.01955741 0.999805 -0.002762962 -0.1154197 0.001150871 0.002786001 0.9999955 -0.3377197
0.9998001 0.01998992 -0.0004538314 24.82998 -0.01999061 0.9997989 -0.001578058 -0.1409265 0.0004221949 0.001586815 0.9999986 -0.3715173
0.9997995 0.01994152 -0.001812898 25.32787 -0.01994424 0.9998 -0.001498772 -0.1609014 0.001782648 0.001534628 0.9999973 -0.3719471
0.9998038 0.01974923 -0.001521811 25.83875 -0.01975137 0.999804 -0.001407323 -0.1634301 0.001493719 0.001437105 0.9999979 -0.3798985
0.9997745 0.02009103 -0.006882942 26.34462 -0.02010559 0.9997958 -0.002052771 -0.17759 0.006840294 0.002190694 0.9999742 -0.4049649
0.9997925 0.02002623 -0.003740574 26.85929 -0.02002442 0.9997994 0.0005232102 -0.1869587 0.003750302 -0.0004481988 0.9999928 -0.3948961
0.9997899 0.01916057 -0.007281441 27.37483 -0.01916267 0.9998164 -0.000218913 -0.2019626 0.007275909 0.0003583988 0.9999735 -0.3870418
0.9997976 0.01968967 -0.004141509 27.90919 -0.01969199 0.9998059 -0.000520011 -0.2165544 0.004130466 0.0006014603 0.9999913 -0.414829
0.9997881 0.01925596 -0.007278713 28.42168 -0.01926393 0.999814 -0.001026022 -0.235647 0.007257602 0.001166021 0.999973 -0.403639
0.9997922 0.01933373 -0.006466971 28.95743 -0.01933722 0.999813 -0.0004775127 -0.2449478 0.006456529 0.0006024667 0.999979 -0.422815
0.9997727 0.01886256 -0.00994043 29.47788 -0.01886643 0.9998219 -0.0002948365 -0.2560454 0.009933098 0.0004823098 0.9999505 -0.4266557
0.9997754 0.01857572 -0.01020073 30.01582 -0.01858853 0.9998266 -0.001162504 -0.2697819 0.01017737 0.00135186 0.9999473 -0.4417492
0.9997751 0.01831665 -0.01068786 30.55148 -0.0183366 0.9998302 -0.001771493 -0.2840247 0.0106536 0.001967074 0.9999413 -0.4346578
0.9997892 0.01798519 -0.009905537 31.09151 -0.01801594 0.999833 -0.003023772 -0.2974386 0.009849501 0.003201592 0.9999464 -0.4503052
0.9997826 0.01794014 -0.0106242 31.6219 -0.01796612 0.999836 -0.002354349 -0.3197103 0.01058022 0.002544713 0.9999408 -0.4507237
0.9997761 0.01787321 -0.0113261 32.15484 -0.01791568 0.9998327 -0.003659696 -0.3291843 0.01125879 0.003861792 0.9999292 -0.4704553
0.9997637 0.0175812 -0.01278666 32.69891 -0.01762254 0.9998399 -0.003127507 -0.3407353 0.01272962 0.003352102 0.9999133 -0.4678771
0.9997699 0.0171542 -0.01287747 33.23753 -0.0171954 0.9998473 -0.003095699 -0.3595619 0.0128224 0.00331642 0.9999123 -0.4788127
0.9997932 0.01659884 -0.01174534 33.7701 -0.01664354 0.9998546 -0.003717992 -0.3728613 0.01168191 0.003912708 0.9999241 -0.4727415
0.9998017 0.01691601 -0.01050873 34.3043 -0.01695878 0.9998481 -0.003994028 -0.3886639 0.01043957 0.004171452 0.9999368 -0.4935531
0.9998087 0.01642015 -0.01062604 34.85605 -0.01646221 0.9998571 -0.003883421 -0.4058394 0.01056076 0.004057607 0.999936 -0.4904711
0.9998061 0.01643885 -0.01084002 35.39287 -0.01647702 0.9998584 -0.0034414 -0.4174666 0.01078191 0.003619344 0.9999353 -0.5102133
0.9998066 0.01617269 -0.01118436 35.9397 -0.01621405 0.999862 -0.003616982 -0.4283557 0.01112431 0.003797626 0.9999309 -0.506164
0.9998294 0.0162553 -0.008767221 36.47486 -0.01627754 0.9998645 -0.002470733 -0.442118 0.00872587 0.002613021 0.9999585 -0.524783
0.9998339 0.01599519 -0.008730609 37.02596 -0.01601721 0.9998686 -0.00245746 -0.4589438 0.008690154 0.002596892 0.9999589 -0.5089414
0.9998401 0.01668361 -0.006428529 37.55883 -0.0166931 0.9998597 -0.001426061 -0.4764195 0.006403835 0.001533145 0.9999783 -0.536231
0.9998425 0.0165166 -0.006496802 38.09499 -0.01652899 0.9998617 -0.001858087 -0.4981406 0.006465214 0.00196518 0.9999772 -0.532683
0.9998421 0.01657929 -0.006397834 38.64164 -0.01657921 0.9998627 6.511567e-05 -0.5059174 0.006398034 4.096563e-05 0.9999796 -0.5436501
0.9998542 0.01596873 -0.006045935 39.18524 -0.01596677 0.9998723 0.0003721072 -0.5176709 0.006051105 -0.0002755189 0.9999816 -0.5572759
0.9998578 0.01621129 -0.004645502 39.72678 -0.01620855 0.9998685 0.0006262767 -0.5408169 0.004655044 -0.0005508907 0.999989 -0.5627193
0.9998621 0.01595499 -0.004603073 40.27961 -0.01595605 0.9998728 -0.0001948961 -0.5500219 0.004599378 0.0002683161 0.9999894 -0.567218
0.9998546 0.01586711 -0.006245317 40.83117 -0.01587271 0.9998735 -0.0008482342 -0.5609311 0.006231069 0.000947241 0.9999802 -0.578638
0.9998507 0.01626473 -0.00583981 41.3693 -0.01627473 0.999866 -0.001667293 -0.5779067 0.00581191 0.001762086 0.9999816 -0.5906693
0.9998624 0.01567394 -0.005421707 41.9274 -0.01568639 0.9998744 -0.002259994 -0.5883871 0.005385604 0.002344731 0.9999828 -0.5900885
0.9998679 0.01559205 -0.004599199 42.46675 -0.01560139 0.9998763 -0.002003558 -0.6076145 0.004567391 0.002075047 0.9999874 -0.6031686
0.9998643 0.01532834 -0.006029963 43.01918 -0.01534652 0.9998778 -0.002980218 -0.6146989 0.005983544 0.003072353 0.9999774 -0.6185898
0.9998723 0.01486443 -0.005864087 43.5732 -0.01487844 0.9998864 -0.002352437 -0.6306891 0.005828454 0.002439386 0.99998 -0.6107011
0.9998587 0.01462792 -0.008288727 44.13171 -0.01469143 0.9998627 -0.007654367 -0.6419139 0.008175622 0.007775058 0.9999363 -0.6616238
0.9998592 0.01527262 -0.00694803 44.66228 -0.01533405 0.999843 -0.008876112 -0.6413119 0.006811378 0.008981404 0.9999365 -0.7391231
0.9998705 0.01566874 -0.003664033 45.21168 -0.01567923 0.9998732 -0.002851886 -0.668241 0.003618882 0.002908966 0.9999892 -0.6752449
0.9998758 0.01436928 -0.006467124 45.75859 -0.01438086 0.999895 -0.001748273 -0.6923352 0.006441324 0.001841059 0.9999776 -0.5792851
0.9998664 0.01564258 -0.00473235 46.29161 -0.0156337 0.9998761 0.001906496 -0.7025989 0.004761585 -0.001832257 0.999987 -0.7040179
0.9998617 0.01607938 -0.004244094 46.82367 -0.01605904 0.9998597 0.004785942 -0.7033172 0.004320453 -0.004717124 0.9999796 -0.7157458
0.9998388 0.01466656 -0.01035207 47.38313 -0.01463708 0.9998885 0.002918019 -0.7264435 0.01039371 -0.002766025 0.9999422 -0.604394
0.9998751 0.01506882 -0.004773831 47.9349 -0.01508051 0.9998833 -0.00242066 -0.7288535 0.004736798 0.002492349 0.9999857 -0.6850956
0.9998737 0.01456863 -0.006352299 48.4702 -0.01459309 0.9998863 -0.003820726 -0.7490948 0.006295913 0.003912943 0.9999725 -0.7184735
0.999893 0.01452642 -0.001706644 49.00916 -0.01453128 0.9998903 -0.002870478 -0.7621719 0.001664759 0.002894971 0.9999944 -0.6793421
0.9998729 0.01473517 -0.006089477 49.539 -0.01473478 0.9998915 0.0001086987 -0.7737393 0.006090418 -1.895783e-05 0.9999815 -0.7381394
0.9998969 0.01400274 -0.003173009 50.07233 -0.0140029 0.999902 -2.884091e-05 -0.7807507 0.003172294 7.326928e-05 0.999995 -0.7050271
0.9998648 0.01365092 -0.009171436 50.59126 -0.01364106 0.9999062 0.001135896 -0.7945896 0.009186082 -0.001010635 0.9999573 -0.7395329
0.9999133 0.01290541 -0.002610441 51.1205 -0.01290635 0.9999167 -0.0003427023 -0.8019489 0.002605801 0.0003763639 0.9999965 -0.7477866
0.9999166 0.01205418 -0.004627339 51.64092 -0.01205603 0.9999273 -0.0003712694 -0.8196113 0.004622527 0.0004270257 0.9999892 -0.7322022
0.999935 0.01102588 -0.002910611 52.16301 -0.0110288 0.9999386 -0.0009881768 -0.83456 0.002899537 0.001020213 0.9999953 -0.7738398
0.9999326 0.01022289 -0.00551075 52.68856 -0.01023 0.999947 -0.001262329 -0.8417503 0.005497552 0.001318619 0.999984 -0.7608077
0.9999428 0.009553334 -0.004802778 53.20985 -0.009561216 0.999953 -0.001621019 -0.8428491 0.004787066 0.001666847 0.9999871 -0.7873507
0.9999514 0.008819357 -0.004418243 53.73378 -0.008826968 0.9999597 -0.0017062 -0.8565996 0.004403017 0.001745117 0.9999888 -0.777598
0.9999597 0.007465849 -0.004980365 54.26247 -0.007476039 0.99997 -0.002030417 -0.8659472 0.004965057 0.002067569 0.9999855 -0.7848653
0.9999596 0.008024422 -0.004043091 54.78066 -0.008031826 0.9999661 -0.001818514 -0.8745027 0.004028361 0.001850914 0.9999902 -0.80771
0.9999618 0.00767323 -0.004190181 55.29474 -0.00768339 0.9999675 -0.002414096 -0.8832038 0.004171521 0.002446199 0.9999883 -0.79592
0.9999635 0.007564363 -0.003967314 55.81228 -0.007573461 0.9999688 -0.002283288 -0.896499 0.003949918 0.002313251 0.9999895 -0.8197253
0.999961 0.007630939 -0.004439195 56.34096 -0.007642895 0.9999671 -0.002682691 -0.9020861 0.004418578 0.002716515 0.9999865 -0.8183367
0.9999591 0.007752674 -0.004650816 56.86228 -0.007763065 0.9999673 -0.002220337 -0.909192 0.00463345 0.002256351 0.9999867 -0.8266609
0.9999614 0.008010792 -0.003617503 57.37066 -0.008020269 0.9999644 -0.002613174 -0.9245638 0.003596441 0.002642087 0.99999 -0.8302532
0.9999561 0.009073268 -0.002342075 57.89228 -0.009077751 0.999957 -0.00191093 -0.9337981 0.002324636 0.001932107 0.9999954 -0.8446416
0.9999413 0.01020299 -0.003625406 58.39609 -0.01020759 0.9999472 -0.001252498 -0.9458805 0.003612435 0.001289431 0.9999927 -0.8571035
0.9999343 0.0110684 -0.002992176 58.90512 -0.0110724 0.9999379 -0.00132413 -0.9545395 0.002977334 0.001357174 0.9999946 -0.8595361
0.9999176 0.01222279 -0.003920442 59.41102 -0.01222838 0.9999242 -0.001403422 -0.9700606 0.003902992 0.001451247 0.9999914 -0.8659522
0.9999146 0.0127989 -0.002621713 59.93081 -0.01280794 0.999912 -0.003461764 -0.9772311 0.002577176 0.003495047 0.9999906 -0.850274
0.9999031 0.01349528 -0.003424975 60.42683 -0.01350744 0.9999026 -0.003553863 -0.9933699 0.003376681 0.003599782 0.9999878 -0.895976
0.9998928 0.01461444 -0.0008709588 60.9327 -0.01461836 0.9998821 -0.004687357 -1.008955 0.0008023531 0.004699586 0.9999886 -0.8834037
0.9998807 0.01523924 -0.002537679 61.41829 -0.01525015 0.9998744 -0.004339145 -1.019917 0.002471235 0.004377328 0.9999874 -0.8938496
0.9998693 0.01610381 -0.001394941 61.90999 -0.01611094 0.9998565 -0.005262829 -1.034292 0.001309989 0.005284616 0.9999852 -0.9064124
0.999856 0.01670676 -0.002983359 62.39406 -0.0167194 0.999851 -0.00426452 -1.045967 0.002911669 0.004313786 0.9999865 -0.9019926
0.9998498 0.01711499 -0.002731993 62.86863 -0.01712657 0.9998441 -0.00427297 -1.061101 0.002658435 0.004319118 0.9999871 -0.9078411
0.9998381 0.01789114 -0.001922758 63.3461 -0.01789888 0.9998316 -0.004088488 -1.070108 0.001849287 0.004122241 0.9999898 -0.9204366
0.9998345 0.01814531 -0.001280442 63.81535 -0.01815104 0.9998245 -0.004620783 -1.083242 0.001196371 0.00464326 0.9999885 -0.9150103
0.9998261 0.01855589 -0.001838292 64.27509 -0.01856343 0.999819 -0.004174781 -1.097538 0.001760492 0.004208181 0.9999896 -0.9354616
0.9998211 0.01878044 -0.002249938 64.72958 -0.01879061 0.9998128 -0.004587398 -1.104822 0.002163363 0.004628855 0.9999869 -0.9321113
0.9998105 0.01916296 -0.003423077 65.17461 -0.019177 0.9998076 -0.004116768 -1.124031 0.003343529 0.004181632 0.9999857 -0.949843
0.999802 0.01973244 -0.002576771 65.61036 -0.01974163 0.9997987 -0.003592802 -1.138795 0.002505358 0.00364296 0.9999902 -0.9496526
0.9997919 0.01988654 -0.004555609 66.04784 -0.0199036 0.999795 -0.00373082 -1.149271 0.004480482 0.003820717 0.9999827 -0.9576735
0.9997954 0.01987907 -0.00374155 66.47746 -0.01989641 0.9997913 -0.004655788 -1.158041 0.003648216 0.004729278 0.9999822 -0.9685037
0.9997863 0.02037132 -0.003525025 66.8967 -0.02038748 0.9997815 -0.004610038 -1.173633 0.003430342 0.004680919 0.9999831 -0.9675246
0.9997786 0.02073931 -0.003547699 67.31347 -0.02075178 0.9997785 -0.003515685 -1.187461 0.003474001 0.003588528 0.9999875 -0.9795445
0.9997905 0.02021657 -0.003192239 67.73129 -0.02022457 0.9997923 -0.002493845 -1.194339 0.003141159 0.002557884 0.9999918 -0.9824259
0.9997959 0.01998804 -0.002954301 68.1468 -0.01999519 0.9997971 -0.002413075 -1.210389 0.002905469 0.002471654 0.9999927 -0.9850378
0.9998033 0.01956407 -0.00324917 68.55742 -0.019572 0.9998055 -0.002425437 -1.220042 0.003201087 0.002488553 0.9999918 -1.003955
0.9998016 0.01932508 -0.004818005 68.95782 -0.01933485 0.9998111 -0.00198953 -1.23109 0.004778648 0.002082291 0.9999864 -1.004377
0.9998081 0.01885951 -0.005304156 69.35801 -0.01886844 0.9998206 -0.001638959 -1.241214 0.005272294 0.001738725 0.9999846 -1.010745
0.9998124 0.01835553 -0.006185838 69.75177 -0.01836631 0.99983 -0.00169031 -1.249425 0.00615376 0.001803604 0.9999794 -1.014183
0.9998278 0.01769003 -0.00560542 70.1435 -0.01770235 0.9998411 -0.00215442 -1.26396 0.005566417 0.002253278 0.9999819 -1.020709
0.9998354 0.01735379 -0.00528624 70.54457 -0.01736643 0.9998465 -0.002355377 -1.275204 0.005244553 0.002446793 0.9999833 -1.028695
0.9998384 0.01681057 -0.006373363 70.9259 -0.01683 0.9998537 -0.003006624 -1.279572 0.006321889 0.003113402 0.9999751 -1.034488
0.9998453 0.01614963 -0.006974445 71.31194 -0.01616951 0.9998654 -0.002803503 -1.290344 0.00692823 0.002915843 0.9999717 -1.041455
0.9998496 0.0153882 -0.008003316 71.70102 -0.01541094 0.9998773 -0.002786972 -1.294793 0.007959449 0.002909891 0.9999641 -1.048231
0.9998565 0.01474854 -0.008336665 72.07803 -0.01477065 0.9998875 -0.00259657 -1.302421 0.008297432 0.002719335 0.9999619 -1.049944
0.9998626 0.01432647 -0.008344905 72.46186 -0.01434393 0.999895 -0.002036818 -1.312499 0.008314849 0.002156237 0.9999631 -1.059915
0.9998693 0.01416484 -0.007787857 72.8414 -0.01418035 0.9998976 -0.001940052 -1.321892 0.007759579 0.002050233 0.9999678 -1.062039
0.9998684 0.01366097 -0.008751918 73.21438 -0.01367468 0.9999055 -0.00150918 -1.328854 0.008730473 0.001628661 0.9999605 -1.070425
0.9998699 0.01315055 -0.009338699 73.58696 -0.0131647 0.9999124 -0.001456227 -1.336703 0.00931873 0.001578979 0.9999554 -1.076844
0.9998729 0.01250549 -0.009886692 73.95995 -0.01251845 0.9999207 -0.001249419 -1.341417 0.009870286 0.001373026 0.9999503 -1.083772
0.9998844 0.01152219 -0.00992354 74.32967 -0.01153649 0.9999325 -0.00138479 -1.349179 0.009906914 0.001499112 0.9999498 -1.082513
0.9998901 0.01101455 -0.00991643 74.69507 -0.01102979 0.999938 -0.001484212 -1.354058 0.009899469 0.001593425 0.9999498 -1.093034
0.9999004 0.01047501 -0.009455356 75.06023 -0.01048711 0.9999442 -0.001231708 -1.363701 0.009441926 0.001330745 0.9999545 -1.094195
0.9999059 0.00965484 -0.009741304 75.42065 -0.009667879 0.9999526 -0.001292333 -1.365276 0.009728364 0.001386389 0.9999517 -1.106791
0.9999096 0.009473656 -0.009544238 75.77595 -0.009486069 0.9999542 -0.001256094 -1.380136 0.009531901 0.001346517 0.9999537 -1.111388
0.9999135 0.008243738 -0.01024481 76.14042 -0.008262714 0.9999642 -0.001811349 -1.382046 0.01022951 0.001895842 0.9999459 -1.115207
0.9999146 0.008289874 -0.01010466 76.49559 -0.008315111 0.9999624 -0.002458146 -1.387038 0.0100839 0.002541958 0.9999459 -1.121974
0.9999191 0.00752602 -0.01025938 76.84727 -0.007558395 0.9999666 -0.003120604 -1.392696 0.01023555 0.003197895 0.9999425 -1.125529
0.9999269 0.006937926 -0.00990868 77.20025 -0.006965586 0.999972 -0.002759654 -1.395972 0.009889256 0.002828472 0.9999471 -1.132453
0.9999324 0.006372617 -0.009724618 77.55393 -0.006398365 0.9999762 -0.002618884 -1.404231 0.009707696 0.002680929 0.9999493 -1.138053
0.999936 0.005917952 -0.009637772 77.8928 -0.005949271 0.9999772 -0.003224141 -1.415384 0.009618471 0.003281273 0.9999484 -1.139525
0.9999469 0.005240442 -0.008870929 78.23943 -0.005270869 0.9999803 -0.003410084 -1.418274 0.008852883 0.003456661 0.9999548 -1.145771
0.9999508 0.00486619 -0.008641729 78.58633 -0.004899332 0.9999808 -0.003818142 -1.423337 0.008622983 0.003860292 0.9999554 -1.153868
0.9999478 0.003836616 -0.009463118 78.92898 -0.00387202 0.9999856 -0.003725786 -1.425595 0.009448687 0.003762233 0.9999483 -1.158597
0.9999438 0.004057796 -0.009796097 79.27217 -0.004092777 0.9999852 -0.003553511 -1.422574 0.009781533 0.003593405 0.9999457 -1.161174
0.999931 0.004778937 -0.01073292 79.61785 -0.004816018 0.9999824 -0.003431646 -1.428829 0.01071634 0.0034831 0.9999365 -1.163134
0.999934 0.005800987 -0.009914909 79.94575 -0.005839874 0.9999753 -0.003897582 -1.439316 0.009892055 0.003955226 0.9999433 -1.168843
0.9999425 0.006395456 -0.008608921 80.28313 -0.006434605 0.999969 -0.004527545 -1.444337 0.008579698 0.004582679 0.9999527 -1.16826
0.9999322 0.00760405 -0.008813967 80.61414 -0.007645891 0.9999596 -0.004723291 -1.457092 0.008777696 0.004790362 0.99995 -1.176734
0.9999275 0.008430662 -0.008591952 80.95016 -0.008472525 0.9999523 -0.004847625 -1.462898 0.008550674 0.004920069 0.9999514 -1.180176
0.9999108 0.009250768 -0.009633483 81.27882 -0.00929605 0.9999459 -0.004666385 -1.469497 0.009589795 0.004755522 0.9999427 -1.189166
0.9998916 0.01031136 -0.01050386 81.61759 -0.0103646 0.9999335 -0.005026862 -1.476733 0.01045133 0.005135186 0.9999322 -1.190024
0.9998892 0.01090449 -0.01013181 81.94447 -0.01095489 0.9999278 -0.00493258 -1.480486 0.01007729 0.005043027 0.9999365 -1.195998
0.9999086 0.01156576 -0.007004476 82.2766 -0.0116034 0.9999182 -0.005358061 -1.489272 0.006941934 0.005438847 0.9999611 -1.179798
0.9998939 0.01267161 -0.007187614 82.60545 -0.01270664 0.9999076 -0.004849491 -1.501408 0.007125499 0.004940307 0.9999624 -1.203099
0.9998878 0.01306438 -0.007328024 82.91665 -0.01309861 0.9999033 -0.0046433 -1.504458 0.007266655 0.004738766 0.9999624 -1.2068
0.9998582 0.01352284 -0.01003733 83.24378 -0.01356441 0.9998996 -0.004084854 -1.50643 0.009981086 0.004220425 0.9999413 -1.206625
0.999855 0.01399111 -0.009706736 83.57001 -0.01402561 0.9998955 -0.003495004 -1.519047 0.009656822 0.00363064 0.9999468 -1.21361
0.9998524 0.01470249 -0.008892514 83.89236 -0.01473357 0.9998856 -0.003439652 -1.528632 0.008840924 0.003570162 0.9999545 -1.209097
0.9998527 0.01552047 -0.007323925 84.21167 -0.01554312 0.9998746 -0.003045632 -1.543324 0.007275736 0.00315902 0.9999685 -1.221809
0.9998508 0.01607164 -0.006333151 84.52316 -0.01608903 0.9998668 -0.002704683 -1.554615 0.00628884 0.002806174 0.9999763 -1.225268
0.9998357 0.01666579 -0.007136041 84.84476 -0.01667913 0.9998592 -0.001812979 -1.565195 0.007104822 0.001931704 0.9999729 -1.227347
0.9998395 0.01679197 -0.006237871 85.16853 -0.01680005 0.999858 -0.001244788 -1.5677 0.006216084 0.001349385 0.9999798 -1.229901
0.9998199 0.01745516 -0.007441169 85.48979 -0.01746143 0.9998472 -0.0007786351 -1.576526 0.007426441 0.0009084283 0.999972 -1.242725
0.9998184 0.01778273 -0.006856095 85.80487 -0.01779279 0.9998407 -0.001408074 -1.585659 0.006829963 0.001529807 0.9999755 -1.239295
0.9998026 0.01847492 -0.007302198 86.11613 -0.01848559 0.9998282 -0.001397234 -1.595749 0.007275129 0.001531944 0.9999723 -1.249536
0.9998118 0.01832568 -0.006364422 86.44369 -0.01833694 0.9998304 -0.001716251 -1.601884 0.006331891 0.001832633 0.9999782 -1.251851
0.9997966 0.01921375 -0.006126064 86.7597 -0.01922596 0.9998133 -0.001938901 -1.615652 0.006087666 0.002056287 0.9999794 -1.257457
0.9998025 0.01921236 -0.005090855 87.07695 -0.01922356 0.9998128 -0.002159619 -1.620171 0.005048411 0.002257057 0.9999847 -1.264502
0.9997888 0.01953774 -0.006380203 87.39329 -0.01955078 0.9998069 -0.001988648 -1.629293 0.006340117 0.002112966 0.9999776 -1.27161
0.999783 0.0197873 -0.006514471 87.70704 -0.01980172 0.9998015 -0.002156318 -1.637159 0.00647051 0.002284848 0.9999765 -1.272226
0.9997839 0.01966778 -0.006726922 88.02905 -0.01968595 0.9998026 -0.002645504 -1.6438 0.006673563 0.002777359 0.9999739 -1.275548
0.9997907 0.01962771 -0.005763965 88.34589 -0.01964263 0.9998038 -0.00254185 -1.650963 0.005712943 0.002654538 0.9999802 -1.281636
0.9997892 0.02003964 -0.00446332 88.66678 -0.02005087 0.999796 -0.002484268 -1.664821 0.004412625 0.002573238 0.9999869 -1.288988
0.9997934 0.01983567 -0.004445819 88.98638 -0.0198466 0.9998 -0.002428852 -1.674385 0.004396752 0.002516584 0.9999872 -1.293725
0.9997933 0.01999231 -0.003702159 89.3036 -0.02000064 0.9997975 -0.002226866 -1.682992 0.00365689 0.002300452 0.9999906 -1.296288
0.9997969 0.01991505 -0.003089624 89.63115 -0.01992078 0.9998 -0.001837666 -1.694345 0.003052408 0.00189884 0.9999936 -1.299903
0.9997907 0.02023741 -0.002984115 89.94743 -0.0202437 0.9997929 -0.002093958 -1.708292 0.002941121 0.002153929 0.9999934 -1.302606
0.9997966 0.01997634 -0.002794155 90.27303 -0.01998071 0.999799 -0.001544402 -1.714777 0.002762742 0.001599917 0.9999949 -1.312006
0.9998094 0.01939505 -0.002236065 90.59583 -0.01939878 0.9998106 -0.001657872 -1.721403 0.002203487 0.001700933 0.9999961 -1.317261
0.9998164 0.01909452 -0.001597877 90.92888 -0.0190963 0.999817 -0.001109606 -1.734376 0.001576398 0.001139916 0.9999981 -1.319243
0.9998199 0.01894936 -0.0009901717 91.2644 -0.01894996 0.9998202 -0.0006092038 -1.746528 0.0009784496 0.0006278579 0.9999993 -1.323664
0.9998282 0.01853595 -0.000164917 91.60061 -0.01853599 0.9998281 -0.0002342879 -1.757527 0.0001605459 0.0002373045 0.9999999 -1.329755
0.9998233 0.01878834 0.0005205285 91.93977 -0.01878827 0.9998235 -0.0001304797 -1.768764 -0.0005228881 0.0001206768 0.9999999 -1.335282
0.9998264 0.01859485 0.001192288 92.28561 -0.01859512 0.9998271 0.0002207331 -1.773281 -0.001187977 -0.0002428655 0.9999993 -1.337964
0.9998329 0.01820144 0.001723473 92.64639 -0.01820275 0.9998341 0.0007484385 -1.79185 -0.001709565 -0.0007796853 0.9999982 -1.34647
0.9998373 0.01795105 0.001745639 92.99715 -0.01795208 0.9998387 0.0005794822 -1.802495 -0.001734955 -0.0006107259 0.9999983 -1.350534
0.9998459 0.01746009 0.001794001 93.36 -0.0174611 0.9998473 0.0005480711 -1.817619 -0.001784158 -0.0005793118 0.9999982 -1.357065
0.9998553 0.01682596 0.002490039 93.72881 -0.01682547 0.9998584 -0.0002180684 -1.819093 -0.002493356 0.0001761408 0.9999969 -1.356504
0.9998525 0.0167222 0.003917652 94.09601 -0.01671637 0.9998592 -0.001515867 -1.828584 -0.003942449 0.001450155 0.9999912 -1.354871
0.9998677 0.01596551 0.003121383 94.47241 -0.0159588 0.9998702 -0.00216401 -1.835772 -0.003155528 0.00211391 0.9999928 -1.353313
0.9998807 0.01463451 0.004946987 94.83724 -0.01463487 0.9998928 3.682546e-05 -1.843778 -0.004945918 -0.0001092196 0.9999878 -1.392727
0.9999093 0.012458 0.005122183 95.21138 -0.01245449 0.999922 -0.00071639 -1.847695 -0.00513071 0.0006525308 0.9999866 -1.371858
0.9999285 0.0107919 0.005146015 95.58044 -0.010786 0.999941 -0.001174287 -1.854565 -0.005158384 0.001118699 0.9999861 -1.411009
0.9999431 0.009155731 0.005464983 95.95147 -0.00914795 0.9999571 -0.00144692 -1.862593 -0.005477996 0.001396845 0.999984 -1.386924
0.9999617 0.007077318 0.005151414 96.31347 -0.007072321 0.9999744 -0.000987658 -1.862112 -0.005158272 0.0009511878 0.9999862 -1.402955
0.9999703 0.005059976 0.005810657 96.67699 -0.005060201 0.9999871 2.411535e-05 -1.868814 -0.005810461 -5.351773e-05 0.9999831 -1.40205
0.9999752 0.003377682 0.006180501 97.04045 -0.003386764 0.9999931 0.001459651 -1.872152 -0.006175528 -0.001480547 0.9999799 -1.402471
0.9999807 0.001025537 0.006120131 97.40626 -0.001022501 0.9999994 -0.0004990777 -1.875077 -0.006120639 0.0004928103 0.9999812 -1.429359
0.9999666 -0.001018706 0.008117255 97.77992 0.001032889 0.9999979 -0.001743277 -1.876489 -0.008115463 0.001751603 0.9999655 -1.406288
0.9999646 -0.003527677 0.007641317 98.13091 0.003527957 0.9999937 -2.308388e-05 -1.876494 -0.007641187 5.004129e-05 0.9999708 -1.4375
0.9999409 -0.006309398 0.008852001 98.49413 0.006314999 0.9999799 -0.0006050593 -1.879501 -0.008848006 0.000660924 0.9999607 -1.431715
0.9999259 -0.009614174 0.007472568 98.85474 0.009624918 0.9999528 -0.001403087 -1.874428 -0.007458725 0.001474906 0.9999711 -1.43172
0.9998496 -0.01401887 0.01021646 99.20708 0.01404491 0.9998982 -0.002481462 -1.869873 -0.01018064 0.002624578 0.9999447 -1.443843
0.9997709 -0.01874094 0.01034023 99.55224 0.01877157 0.9998198 -0.002873464 -1.857951 -0.01028451 0.003066908 0.9999424 -1.443865
0.9996576 -0.0236793 0.01113401 99.90456 0.02371753 0.9997132 -0.003314302 -1.851556 -0.01105234 0.003577238 0.9999325 -1.463772
0.9994997 -0.02984792 0.01046485 100.2435 0.02988186 0.9995486 -0.003101677 -1.839937 -0.01036755 0.003412834 0.9999405 -1.461377
0.9992678 -0.03698169 0.00981476 100.5829 0.03701013 0.9993113 -0.002731597 -1.823222 -0.00970698 0.003092842 0.9999481 -1.464388
0.9989013 -0.04508435 0.01278832 100.9209 0.04511537 0.9989794 -0.00214718 -1.805547 -0.01267846 0.00272177 0.9999159 -1.469184
0.9984005 -0.05484681 0.0137224 101.2445 0.05488038 0.9984908 -0.002081729 -1.781377 -0.01358752 0.002831491 0.9999037 -1.485115
0.9977226 -0.06603704 0.01374137 101.5556 0.06592154 0.9977871 0.008695775 -1.749925 -0.01428521 -0.007770118 0.9998678 -1.480615
0.996657 -0.07967115 0.01809611 101.8536 0.07928578 0.9966286 0.02109975 -1.718809 -0.01971614 -0.01959445 0.9996136 -1.510199
0.995378 -0.0938091 0.0205563 102.1554 0.09329492 0.9953324 0.02468943 -1.684623 -0.02277645 -0.02265752 0.9994838 -1.513822
0.9937933 -0.1091395 0.02152656 102.471 0.1087371 0.9938878 0.01906073 -1.648716 -0.02347526 -0.01660169 0.9995866 -1.537142
0.9917718 -0.1263609 0.02053389 102.7881 0.1262284 0.9919719 0.007632519 -1.590937 -0.02133349 -0.004977758 0.99976 -1.528722
0.989497 -0.1439366 0.01333705 103.0943 0.1439983 0.9895706 -0.003778483 -1.511417 -0.01265409 0.00565931 0.9999039 -1.518274
0.9866018 -0.1626967 0.01210701 103.3906 0.1627409 0.9866649 -0.002753832 -1.448414 -0.01149753 0.004687242 0.9999229 -1.502054
0.98295 -0.1830961 0.01688543 103.6698 0.1830308 0.9830925 0.005346743 -1.38078 -0.01757891 -0.002165027 0.9998431 -1.503997
0.9792361 -0.2023219 0.01274905 103.9426 0.2022673 0.9793153 0.005448165 -1.318634 -0.01358762 -0.002756323 0.9999039 -1.579438
0.9744946 -0.2242091 0.009514107 104.2467 0.2242547 0.9745222 -0.004014136 -1.233518 -0.008371704 0.006045338 0.9999467 -1.561725
0.9679459 -0.2508309 0.01283364 104.5195 0.2509867 0.9679106 -0.01244348 -1.133557 -0.009300606 0.01526569 0.9998402 -1.565572
0.9619232 -0.2724583 0.02168669 104.7797 0.2727645 0.9619977 -0.01264583 -1.057347 -0.01741709 0.01807968 0.9996848 -1.565114
0.9547478 -0.2956112 0.03272034 105.0449 0.295948 0.955186 -0.005867795 -0.9738473 -0.02951943 0.01528578 0.9994473 -1.56366
0.9465283 -0.3201295 0.04001526 105.2858 0.320236 0.9473298 0.003894252 -0.8748999 -0.03915432 0.009128305 0.9991915 -1.580651
0.9391776 -0.3417226 0.03422201 105.5186 0.3415092 0.9398009 0.01207885 -0.7678766 -0.03628948 0.0003429456 0.9993412 -1.620525
0.9315087 -0.3632985 0.01748872 105.7651 0.3630927 0.9316494 0.01388611 -0.6297885 -0.02133816 -0.006585008 0.9997506 -1.623052
0.9215381 -0.3881852 0.008928638 106.0233 0.3880602 0.9215415 0.01305293 -0.4882263 -0.01329507 -0.008563924 0.9998749 -1.611186
0.9103611 -0.4137488 0.007386259 106.2516 0.4136579 0.9103624 0.01128046 -0.350523 -0.01139145 -0.007213911 0.9999091 -1.593517
0.8990303 -0.4377006 0.01275679 106.5044 0.4375767 0.8991085 0.01141909 -0.2259508 -0.01646788 -0.004684036 0.9998534 -1.598454
0.8859972 -0.4633437 0.01793188 106.7344 0.4631686 0.8861724 0.0131723 -0.08987888 -0.02199404 -0.003365142 0.9997525 -1.60803
0.8721013 -0.488933 0.01959391 106.9537 0.4887156 0.8723143 0.01498896 0.05779899 -0.02442065 -0.003496038 0.9996957 -1.631725
0.8572285 -0.5147167 0.01503776 107.1692 0.5145443 0.8573499 0.01398048 0.2238224 -0.02008861 -0.004246867 0.9997892 -1.65259
0.8418403 -0.5395775 0.01269544 107.3751 0.5394655 0.8419318 0.01130763 0.38944 -0.01679003 -0.002670465 0.9998555 -1.641951
0.8260691 -0.5634415 0.01197811 107.582 0.5633655 0.8261553 0.009307755 0.5585812 -0.01514016 -0.0009407923 0.999885 -1.649692
0.8096438 -0.5867906 0.01240064 107.7792 0.5867355 0.8097384 0.008072158 0.7304972 -0.01477794 0.0007403232 0.9998905 -1.663883
0.7926345 -0.6096268 0.009263244 107.9644 0.6095887 0.7926885 0.006815646 0.9013157 -0.01149787 0.0002444533 0.9999338 -1.682747
0.775002 -0.6319284 0.006194632 108.1507 0.6319022 0.7750266 0.005783311 1.092266 -0.008455643 -0.000567676 0.9999641 -1.675943
0.756089 -0.6544396 0.006190407 108.3302 0.6544057 0.7561136 0.006738332 1.279789 -0.009090482 -0.001043741 0.9999582 -1.678986
0.7364964 -0.6764188 0.005536296 108.5 0.6763862 0.7365161 0.0067446 1.474884 -0.008639746 -0.001222699 0.9999619 -1.687388
0.717401 -0.6966433 0.004884758 108.6705 0.696606 0.717415 0.007475849 1.66887 -0.008712399 -0.001960429 0.9999601 -1.68893
0.6961856 -0.7178509 0.003964351 108.8356 0.7178114 0.6961915 0.008003983 1.867492 -0.008505614 -0.002726601 0.9999601 -1.708868
0.6736516 -0.7390469 0.001779725 108.9867 0.7390186 0.6736437 0.007454331 2.080034 -0.006708001 -0.003706372 0.9999706 -1.709244
0.6502026 -0.7597596 0.001374638 109.1331 0.7597398 0.6501969 0.006266844 2.286987 -0.00565508 -0.00303035 0.9999794 -1.704397
0.6267931 -0.7791685 0.005174568 109.2759 0.7791452 0.6268145 0.006036461 2.495171 -0.007946915 0.0002481269 0.9999684 -1.691385
0.6021513 -0.7983314 0.008995231 109.4137 0.7983214 0.6022063 0.005549009 2.706656 -0.009846931 0.003839741 0.9999442 -1.71972
0.5777298 -0.8161469 0.01150964 109.5306 0.8161486 0.5778129 0.005811096 2.919034 -0.01139313 0.006036336 0.9999169 -1.724206
0.5532223 -0.8329911 0.008422432 109.6463 0.8329529 0.5532812 0.008327761 3.14511 -0.01159692 0.002408386 0.9999298 -1.745432
0.5283753 -0.8490006 0.004178947 109.7526 0.8489413 0.5283887 0.01020459 3.364702 -0.01087181 -0.001844173 0.9999392 -1.751065
0.5041956 -0.8635895 8.027814e-05 109.8514 0.8635523 0.5041748 0.00923708 3.596854 -0.008017519 -0.004587971 0.9999573 -1.745353
0.4815387 -0.8764238 0.001321214 109.958 0.87639 0.4815323 0.008195678 3.821789 -0.007819096 -0.002788637 0.9999655 -1.751221
0.4600589 -0.8878881 -0.0008427296 110.0499 0.8878573 0.4600346 0.00881265 4.042482 -0.007436962 -0.004802561 0.9999608 -1.762264
0.4383959 -0.898782 8.991454e-06 110.1398 0.8987301 0.4383707 0.01074348 4.268728 -0.009659987 -0.004701817 0.9999423 -1.769386
0.417204 -0.9088113 -0.001680398 110.2163 0.9087346 0.4171431 0.01390409 4.499022 -0.01193523 -0.007327878 0.999902 -1.776278
0.3973119 -0.9176784 -0.003088574 110.3092 0.9175947 0.3972243 0.01525629 4.724998 -0.01277351 -0.008895563 0.9998788 -1.777073
0.3767342 -0.9263181 -0.002457121 110.3865 0.9262291 0.376658 0.01511702 4.959156 -0.01307768 -0.007970958 0.9998827 -1.773435
0.3569793 -0.9341118 -0.0009320942 110.459 0.9340318 0.3569351 0.01348507 5.191875 -0.01226387 -0.005684499 0.9999086 -1.790323
0.3380253 -0.9411367 -0.0006140047 110.5264 0.9410628 0.3379903 0.01277298 5.427674 -0.0118136 -0.004895409 0.9999182 -1.800625
0.320251 -0.9473302 -0.002201951 110.5885 0.9472702 0.3202025 0.01223435 5.662679 -0.0108849 -0.006003907 0.9999228 -1.80605
0.302548 -0.9531285 -0.003287785 110.6472 0.9530791 0.3024917 0.01178668 5.899448 -0.01023969 -0.006699555 0.9999251 -1.813624
0.2861205 -0.958178 -0.005474973 110.6996 0.9581526 0.2860508 0.01089391 6.136899 -0.008872182 -0.008362831 0.9999257 -1.818511
0.2697379 -0.962915 -0.006020284 110.7546 0.9628995 0.2696702 0.01012291 6.37623 -0.008124013 -0.008527462 0.9999306 -1.825234
0.2537239 -0.9672505 -0.007111069 110.8116 0.9672408 0.2536442 0.01048375 6.626815 -0.008336733 -0.009538094 0.9999198 -1.831626
0.2378204 -0.9712919 -0.005784781 110.8544 0.971271 0.2377541 0.01027626 6.871256 -0.008605894 -0.008062495 0.9999304 -1.834923
0.2224994 -0.9749119 -0.006390997 110.9008 0.9748958 0.2224289 0.0101796 7.132201 -0.008502673 -0.008495511 0.9999278 -1.843316
0.2072845 -0.9782684 -0.004898985 110.949 0.9782452 0.2072318 0.009561687 7.394019 -0.008338671 -0.006774398 0.9999423 -1.847066
0.1931235 -0.981161 -0.005137694 110.9905 0.9811407 0.1930707 0.00929678 7.655055 -0.0081297 -0.006836226 0.9999436 -1.856607
0.1790792 -0.9838204 -0.005292085 111.0262 0.9838048 0.1790293 0.008750907 7.918132 -0.007661883 -0.006773485 0.9999477 -1.866174
0.165659 -0.9861683 -0.005415911 111.0612 0.9861506 0.1656065 0.009025411 8.189999 -0.008003663 -0.006836045 0.9999446 -1.874102
0.1523046 -0.9883146 -0.006121234 111.0959 0.9883016 0.1522468 0.008989883 8.465964 -0.007952894 -0.007418825 0.9999409 -1.88313
0.1402202 -0.9901031 -0.005832812 111.1282 0.9900839 0.1401621 0.009394133 8.738189 -0.008483621 -0.007092221 0.9999388 -1.883032
0.1287675 -0.9916509 -0.0068937 111.1553 0.9916396 0.1287012 0.009332735 9.013597 -0.008367588 -0.008037819 0.9999327 -1.895016
0.1173659 -0.993065 -0.006875329 111.1756 0.9930512 0.1172985 0.009513506 9.297353 -0.008641062 -0.007944115 0.9999311 -1.897357
0.1067079 -0.9942564 -0.008213023 111.2023 0.9942582 0.1066343 0.008916365 9.585498 -0.007989364 -0.009117313 0.9999265 -1.909098
0.09747088 -0.9952093 -0.007609233 111.222 0.9952078 0.09740508 0.008573743 9.872174 -0.00779149 -0.008408459 0.9999343 -1.911421
0.08924413 -0.9959778 -0.007978229 111.2477 0.9959754 0.08917165 0.009025294 10.16381 -0.008277562 -0.008751573 0.9999275 -1.922829
0.08178544 -0.9966224 -0.007400228 111.2703 0.9966131 0.0817163 0.009196538 10.45181 -0.008560756 -0.008127307 0.9999303 -1.921688
0.07469487 -0.9971794 -0.007332874 111.2949 0.9971695 0.07462668 0.009150527 10.75155 -0.008577489 -0.007995615 0.9999312 -1.930327
0.06862432 -0.9976189 -0.006869715 111.3069 0.9976072 0.06856227 0.008894799 11.04333 -0.008402617 -0.007463677 0.9999368 -1.943237
0.0628646 -0.9979997 -0.006681088 111.3316 0.9979815 0.06280029 0.009437099 11.35104 -0.008998647 -0.007260861 0.9999331 -1.944814
