1.0 0.0 0.0 0.0 0.0 1.0 0.0 0.0 0.0 0.0 1.0 0.0
0.9999994 0.0009979927 0.0004079316 1.536945 -0.0009985988 0.9999985 0.001488033 -0.01759918 -0.0004064459 -0.001488439 0.9999988 -0.03160181
0.9999964 -0.002301951 0.001395541 2.887056 0.002300741 0.9999969 0.0008686025 -0.01105324 -0.001397537 -0.0008653886 0.9999986 -0.03826699
0.9999862 -0.00493008 0.001804537 4.261476 0.004925026 0.999984 0.002794544 -0.01927413 -0.001818285 -0.002785618 0.9999945 -0.08148636
0.9999743 -0.006999164 0.001539117 5.625155 0.006995892 0.9999733 0.002121126 -0.03322618 -0.001553922 -0.002110304 0.9999965 -0.09360645
0.99996 -0.008749317 0.001848976 6.936726 0.008746389 0.9999604 0.001585948 -0.04769074 -0.001862778 -0.001569713 0.999997 -0.1141371
0.9999308 -0.01151151 0.002413918 8.23994 0.01150893 0.9999331 0.001081649 -0.03801543 -0.002426208 -0.001053793 0.9999965 -0.1448468
0.9999078 -0.01330774 0.002703846 9.523605 0.01330455 0.9999107 0.001193162 -0.04134964 -0.002719483 -0.001157079 0.9999956 -0.1549702
0.9998686 -0.01605107 0.002256274 10.82745 0.01604793 0.9998703 0.001401873 -0.02261823 -0.002278483 -0.001365481 0.9999965 -0.1792244
0.9998171 -0.01896429 0.002466892 12.13247 0.01896107 0.9998193 0.001323256 -0.006810398 -0.002491541 -0.001276239 0.9999961 -0.2081927
0.999758 -0.02188686 0.002221138 13.43681 0.02188374 0.9997596 0.001418985 0.005179458 -0.002251661 -0.001370035 0.9999965 -0.2221168
0.9996901 -0.02481909 0.001920878 14.73409 0.02481567 0.9996905 0.001784235 0.02052424 -0.001964567 -0.001736014 0.9999965 -0.2362009
0.999612 -0.02783846 0.0008638696 16.05121 0.02783648 0.9996101 0.002226027 0.04482376 -0.0009255018 -0.002201117 0.9999971 -0.2718045
0.9995138 -0.03113302 0.001686101 17.36277 0.03113205 0.9995151 0.0005970022 0.07200979 -0.00170387 -0.0005442202 0.9999984 -0.2772709
0.9994042 -0.03447033 0.001747454 18.67368 0.03447055 0.9994057 -9.250565e-05 0.107462 -0.001743226 0.0001526862 0.9999985 -0.3034135
0.9992862 -0.03765233 0.003054973 19.98829 0.03765875 0.9992884 -0.002071386 0.1383798 -0.002974807 0.002184954 0.9999932 -0.3201575
0.9991569 -0.0407787 0.004749684 21.29949 0.04078774 0.9991663 -0.001821144 0.1759872 -0.004671459 0.002013338 0.9999871 -0.3352064
0.9990205 -0.0440087 0.004616978 22.6236 0.04402165 0.9990268 -0.0027434 0.2193163 -0.004491752 0.00294396 0.9999856 -0.3432284
0.9988514 -0.04750701 0.006241253 23.96409 0.04750833 0.9988708 -6.214718e-05 0.2710824 -0.006231254 0.0003585873 0.9999805 -0.3804804
0.9987067 -0.05046767 0.006160163 25.28843 0.05046476 0.9987257 0.0006261694 0.3214026 -0.006183914 -0.0003144884 0.9999808 -0.3675948
0.9985501 -0.05356548 0.005343507 26.60401 0.05355797 0.9985635 0.001539112 0.3766579 -0.005418274 -0.001250693 0.9999846 -0.4059244
0.9983684 -0.05664635 0.00719005 27.93425 0.05663892 0.998394 0.001233234 0.4336818 -0.007248361 -0.0008239853 0.9999734 -0.4233071
0.9981955 -0.05940602 0.008751235 29.26378 0.05940134 0.9982338 0.0007947395 0.4861986 -0.008782991 -0.0002734704 0.9999614 -0.4411753
0.9979975 -0.06242173 0.01022347 30.6091 0.06241901 0.99805 0.0005852961 0.5522354 -0.01024007 5.40147e-05 0.9999475 -0.4689077
0.9977885 -0.06545345 0.01156964 31.9359 0.06544467 0.9978555 0.001136341 0.6303145 -0.0116192 -0.0003766576 0.9999324 -0.4887461
0.9976107 -0.06823394 0.0108194 33.28557 0.06823944 0.997669 -0.0001394646 0.7075303 -0.01078467 0.0008774415 0.9999415 -0.4971082
0.9974443 -0.07038718 0.01226348 34.62337 0.07037545 0.9975197 0.001386217 0.7848799 -0.01233063 -0.000519626 0.9999238 -0.5216507
0.9972883 -0.0726169 0.01195285 35.97203 0.07260916 0.9973598 0.001081702 0.8687923 -0.01199984 -0.0002108824 0.999928 -0.5298291
0.9971691 -0.07400221 0.01331802 37.31535 0.07399121 0.9972579 0.001316948 0.9531423 -0.01337896 -0.0003278042 0.9999105 -0.5759099
0.9970846 -0.07524985 0.01263723 38.67082 0.07523005 0.997164 0.002035393 1.035569 -0.01275455 -0.00107876 0.9999181 -0.5819061
0.9969434 -0.07713748 0.01239619 40.02638 0.07712636 0.9970204 0.0013735 1.131971 -0.0124652 -0.0004132286 0.9999222 -0.6006011
0.9968721 -0.07816529 0.01166749 41.37323 0.07817445 0.9969395 -0.000331305 1.219665 -0.01160588 0.001242368 0.9999319 -0.6360938
0.9967467 -0.07966053 0.01226036 42.73763 0.079665 0.9968218 0.0001240922 1.315656 -0.01223128 0.0008530332 0.9999248 -0.6410807
0.9966467 -0.08083868 0.01266927 44.11055 0.08084154 0.9967269 0.0002875141 1.40636 -0.01265105 0.0007376538 0.9999197 -0.6656002
0.9965233 -0.0819819 0.01484051 45.47348 0.0819743 0.9966339 0.001120265 1.491291 -0.01488239 0.0001001694 0.9998893 -0.6713966
0.9963611 -0.08380904 0.01551072 46.8551 0.08381846 0.9964812 4.30572e-05 1.608481 -0.01545974 0.001257184 0.9998797 -0.6943684
0.9962574 -0.08497566 0.01581867 48.22439 0.08498831 0.996382 -0.0001277543 1.703761 -0.01575059 0.001471678 0.9998749 -0.7439296
0.99607 -0.08708151 0.01616838 49.609 0.08711272 0.9961976 -0.001235228 1.816079 -0.01599934 0.002638845 0.9998685 -0.7269687
0.9959247 -0.08905956 0.01422908 50.96885 0.08908246 0.9960238 -0.0009829993 1.925567 -0.01408496 0.002246555 0.9998983 -0.7691693
0.9957125 -0.09097285 0.01674784 52.3375 0.09095979 0.9958533 0.001541246 2.029562 -0.01681861 -1.125742e-05 0.9998586 -0.7720912
0.9954949 -0.09351189 0.01566649 53.73747 0.09347595 0.995617 0.003012481 2.150668 -0.01587953 -0.001534469 0.9998727 -0.7871799
0.9952019 -0.09662349 0.01539915 55.12415 0.0966061 0.9953208 0.001871349 2.266386 -0.01550792 -0.0003747175 0.9998797 -0.833655
0.9948581 -0.09976103 0.01746861 56.50795 0.09976698 0.9950107 0.0005331847 2.39861 -0.01743465 0.001212347 0.9998473 -0.8355761
0.9946136 -0.1027421 0.0137068 57.89637 0.1026942 0.9947045 0.004151951 2.525787 -0.01406079 -0.002721977 0.9998974 -0.8813698
0.9944007 -0.1045837 0.01515104 59.29643 0.1045344 0.9945133 0.004014361 2.650721 -0.01548775 -0.002408078 0.9998772 -0.8864034
0.9940739 -0.1081091 0.0113843 60.69406 0.108055 0.994131 0.005268773 2.803382 -0.01188709 -0.004007419 0.9999213 -0.9171447
0.9937962 -0.1101689 0.01522601 62.07961 0.1101168 0.9939095 0.004220538 2.939541 -0.01559825 -0.002517714 0.9998752 -0.9406562
0.9936166 -0.112139 0.01228054 63.50135 0.112077 0.9936837 0.005628957 3.078316 -0.0128342 -0.004216659 0.9999087 -0.9708205
0.9933496 -0.1140503 0.01578529 64.89491 0.1139985 0.9934723 0.004142913 3.218892 -0.01615475 -0.00231586 0.9998668 -0.9914216
0.993099 -0.1163308 0.01488158 66.30221 0.1162885 0.9932088 0.003683058 3.362849 -0.01520897 -0.001927085 0.9998825 -1.007342
0.9927956 -0.1184305 0.01819305 67.70417 0.1184182 0.9929624 0.001756897 3.514155 -0.01827308 0.0004101475 0.9998329 -1.040213
0.992558 -0.1204568 0.01785393 69.12672 0.1204145 0.9927176 0.003431057 3.66599 -0.01813721 -0.00125565 0.9998347 -1.059751
0.9923149 -0.1224312 0.01793552 70.54411 0.1224132 0.9924769 0.002099626 3.826369 -0.01805765 0.0001120548 0.9998369 -1.085751
0.9920524 -0.1245337 0.01797984 71.95369 0.1244962 0.9922148 0.003190524 3.987973 -0.0182372 -0.0009267445 0.9998333 -1.102139
0.9918 -0.126592 0.01753155 73.36539 0.1265515 0.9919542 0.003408452 4.154551 -0.01782198 -0.001161859 0.9998405 -1.141065
0.9915855 -0.128094 0.01871204 74.76876 0.1280276 0.9917594 0.004710182 4.321232 -0.01916118 -0.002274891 0.9998138 -1.164928
0.9913806 -0.1297818 0.01792062 76.19361 0.1297153 0.9915396 0.004829118 4.503702 -0.01839573 -0.002462917 0.9998277 -1.187769
0.991275 -0.1306153 0.01770492 77.60944 0.1305558 0.9914309 0.004481211 4.664092 -0.01813851 -0.002130634 0.9998332 -1.208054
0.9911732 -0.1314903 0.01691272 79.03494 0.1314043 0.9913101 0.006103877 4.832711 -0.01756835 -0.003827595 0.9998384 -1.255589
0.9910483 -0.1324022 0.01711595 80.45087 0.1323012 0.9911855 0.006911315 5.010449 -0.01788016 -0.004584986 0.9998296 -1.277629
0.9910426 -0.1326538 0.01541003 81.88954 0.1325654 0.991152 0.006623597 5.180608 -0.01615232 -0.00452143 0.9998593 -1.291023
0.9909691 -0.1330715 0.0164964 83.32722 0.1329754 0.991096 0.006794575 5.353291 -0.01725368 -0.004539598 0.9998409 -1.332328
0.9908965 -0.1335518 0.01697254 84.76865 0.1334591 0.9910331 0.006487273 5.534896 -0.01768673 -0.004163076 0.9998349 -1.357031
0.9908193 -0.1339294 0.01844109 86.21186 0.1338426 0.9909853 0.005869729 5.713457 -0.01906098 -0.003347637 0.9998127 -1.378829
0.9907828 -0.1339462 0.02019551 87.67004 0.1338684 0.9909855 0.005162388 5.887107 -0.02070495 -0.002411264 0.9997827 -1.413189
0.990772 -0.1339704 0.02056059 89.11717 0.1338872 0.9909821 0.005376658 6.065837 -0.02109549 -0.002574242 0.9997742 -1.4362
0.9906535 -0.1350387 0.01924235 90.57288 0.1349511 0.9908354 0.005786357 6.258217 -0.01984739 -0.003135497 0.9997981 -1.472291
0.9906377 -0.1353808 0.01758158 92.02863 0.1352711 0.9907815 0.007294881 6.440713 -0.0184071 -0.004848305 0.9998188 -1.499113
0.9907129 -0.1352577 0.01390538 93.51684 0.1351775 0.9907998 0.006557858 6.627916 -0.01466445 -0.004617259 0.9998818 -1.527504
0.9906255 -0.1359564 0.01330073 94.99242 0.135864 0.9906982 0.007623162 6.823013 -0.01421343 -0.005744607 0.9998825 -1.56088
0.990535 -0.1367079 0.01230345 96.50096 0.1366056 0.9905864 0.008805864 7.020414 -0.01339146 -0.007041798 0.9998856 -1.570799
0.9905016 -0.1369595 0.01219443 97.99591 0.1368381 0.9905399 0.01029154 7.209363 -0.0134886 -0.008525119 0.9998727 -1.608559
0.9904263 -0.1375365 0.01181103 99.51692 0.1374022 0.9904482 0.01152007 7.408007 -0.01328265 -0.009786921 0.9998639 -1.644483
0.9903732 -0.1379062 0.01195276 101.0404 0.1377906 0.9904108 0.01001572 7.599681 -0.01321937 -0.008272319 0.9998784 -1.653239
0.9903313 -0.1381511 0.01257945 102.5841 0.1380408 0.9903833 0.009253609 7.806121 -0.01373687 -0.007427662 0.999878 -1.716459
0.9902365 -0.1387606 0.01331521 104.1409 0.1386633 0.9903076 0.007977539 8.005875 -0.01429311 -0.00605332 0.9998795 -1.721811
0.9902235 -0.1389334 0.01244287 105.6903 0.1388258 0.9902745 0.009132386 8.20268 -0.01359065 -0.007315712 0.9998809 -1.764976
0.990205 -0.1390314 0.01281277 107.2639 0.1389079 0.990254 0.01007502 8.409071 -0.01408864 -0.008196538 0.9998671 -1.798462
0.9902034 -0.1393168 0.009386066 108.8489 0.1392254 0.9902123 0.00978154 8.623406 -0.01065693 -0.008378935 0.9999081 -1.818762
0.9902017 -0.1392418 0.01059596 110.4268 0.1391341 0.99022 0.01030382 8.823057 -0.01192706 -0.008728603 0.9998907 -1.876801
0.990208 -0.1394448 0.006574817 112.0267 0.1393583 0.9901671 0.01216886 9.036993 -0.008207052 -0.01113344 0.9999043 -1.878412
0.9901884 -0.1396607 0.004673019 113.6381 0.1395899 0.9901232 0.01305925 9.244107 -0.006450728 -0.01227881 0.9999038 -1.960516
0.9901867 -0.1396119 0.006234393 115.2649 0.1395284 0.9901422 0.01225273 9.462901 -0.007883562 -0.01126262 0.9999055 -1.952651
0.990206 -0.139482 0.0060662 116.9061 0.1394078 0.9901707 0.01129486 9.683397 -0.007582002 -0.01033856 0.9999178 -1.994792
0.9901723 -0.1397515 0.005330482 118.5602 0.1396968 0.9901483 0.009536369 9.906225 -0.00661069 -0.008697996 0.9999403 -2.017813
0.9901568 -0.1397584 0.007552394 120.2018 0.1396857 0.990151 0.009422026 10.10942 -0.008794817 -0.008274321 0.9999271 -2.075608
0.9902084 -0.1394497 0.006406464 121.8714 0.1393893 0.9901961 0.009069037 10.34108 -0.00760833 -0.008087244 0.9999384 -2.0842
0.9903334 -0.1385396 0.006820172 123.549 0.1384689 0.990317 0.009936787 10.55434 -0.00813077 -0.008896351 0.9999273 -2.141859
0.9904405 -0.1377077 0.00801283 125.2294 0.1376303 0.9904379 0.009524135 10.7644 -0.009247757 -0.00833028 0.9999225 -2.16066
0.9904892 -0.1373457 0.008199672 126.9445 0.1372722 0.9904931 0.008937405 10.98808 -0.009349232 -0.007726816 0.9999264 -2.193338
0.9905332 -0.1369616 0.009247294 128.6492 0.1368731 0.9905421 0.009607604 11.20213 -0.01047571 -0.008250944 0.9999111 -2.228024
0.9906241 -0.136254 0.009941873 130.3678 0.136155 0.9906367 0.01003844 11.41415 -0.01121656 -0.008590688 0.9999002 -2.244651
0.9905723 -0.1365884 0.01049335 132.1106 0.1364777 0.990586 0.01062472 11.6373 -0.01184578 -0.00909244 0.9998885 -2.296546
0.9905099 -0.1370008 0.01100084 133.8374 0.1368833 0.9905283 0.01080626 11.86208 -0.01237711 -0.009197874 0.9998811 -2.32649
0.9904643 -0.1373346 0.01093954 135.5927 0.1372158 0.9904807 0.01095987 12.07635 -0.01234057 -0.009354281 0.9998801 -2.370993
0.9904241 -0.1375782 0.01150505 137.3475 0.1374597 0.9904513 0.01052401 12.27778 -0.01284307 -0.008841746 0.9998784 -2.410776
0.9903593 -0.138153 0.01010978 139.1329 0.1380332 0.9903582 0.01171278 12.52441 -0.01163046 -0.01020437 0.9998803 -2.441332
0.9902421 -0.1389687 0.01040971 140.9221 0.1388412 0.9902406 0.01211456 12.75765 -0.01199166 -0.01055105 0.9998724 -2.491944
0.9902226 -0.1393021 0.007358309 142.7185 0.1392051 0.9901862 0.0123672 12.99378 -0.009008873 -0.01122197 0.9998965 -2.516644
0.9900725 -0.1402124 0.009845406 144.5208 0.1400909 0.9900647 0.01210792 13.23085 -0.01144527 -0.01060847 0.9998782 -2.559774
0.9899504 -0.1410599 0.01001576 146.3433 0.1409498 0.989956 0.01095942 13.46448 -0.0114611 -0.009437563 0.9998898 -2.587937
0.9898313 -0.141598 0.01356355 148.1643 0.1414772 0.9898959 0.009490736 13.6986 -0.01477037 -0.007475296 0.999863 -2.631624
0.9897364 -0.1424444 0.01146892 150.0215 0.1423317 0.9897673 0.01011399 13.95437 -0.01279224 -0.008377796 0.9998831 -2.682172
0.989639 -0.1432264 0.01004404 151.8613 0.1431213 0.9896494 0.01050912 14.20173 -0.01144526 -0.008962718 0.9998943 -2.715517
0.9895542 -0.1440676 0.00519854 153.7223 0.1440127 0.9895281 0.009730193 14.45605 -0.006545907 -0.008879897 0.9999391 -2.751055
0.9894607 -0.1446886 0.005717375 155.5974 0.1446256 0.9894338 0.01022156 14.70983 -0.007135907 -0.009286958 0.9999314 -2.784232
0.98936 -0.1454349 0.003920014 157.4765 0.1453825 0.98931 0.01136942 14.9718 -0.005531619 -0.01067855 0.9999277 -2.810822
0.989336 -0.1455586 0.005185399 159.3703 0.1454843 0.9892801 0.0126108 15.21014 -0.006965424 -0.01172193 0.999907 -2.850721
0.989318 -0.1457147 0.004129142 161.2514 0.1456527 0.9892551 0.01263513 15.47888 -0.0059259 -0.01189874 0.9999117 -2.897603
0.9892972 -0.1457558 0.006815381 163.1637 0.1456434 0.9892265 0.01479805 15.72701 -0.008898856 -0.01364705 0.9998673 -2.950683
0.9892906 -0.1458554 0.005512573 165.0827 0.1457511 0.9891908 0.01606699 16.00007 -0.007796444 -0.01509146 0.9998557 -2.989987
0.9892244 -0.1462101 0.007593832 167.0231 0.1460634 0.9891255 0.01720198 16.2504 -0.01002636 -0.01590744 0.9998232 -3.058404
0.9892609 -0.1459886 0.007087591 168.9654 0.1458746 0.9891957 0.01457845 16.52135 -0.009139302 -0.01338799 0.9998686 -3.089743
0.9892468 -0.1458989 0.01021273 170.9171 0.1457216 0.9891902 0.01636657 16.77199 -0.0124902 -0.01470236 0.9998139 -3.140068
0.9892603 -0.14584 0.009735353 172.8718 0.145697 0.9892291 0.01407347 17.04848 -0.01168297 -0.01250391 0.9998536 -3.178313
0.9893268 -0.1454584 0.008616447 174.848 0.1453291 0.9892828 0.01411016 17.30556 -0.01057654 -0.01270734 0.9998633 -3.261533
0.9893311 -0.1452557 0.01116566 176.8302 0.1451299 0.9893473 0.01136047 17.5773 -0.01269689 -0.009618793 0.9998731 -3.280091
0.9895217 -0.1442963 0.005025413 178.8071 0.1442316 0.9894774 0.01147569 17.85187 -0.006628432 -0.01063062 0.9999215 -3.327337
0.9895798 -0.1437066 0.008961788 180.781 0.1436445 0.989603 0.00722566 18.10416 -0.009906988 -0.005863056 0.9999337 -3.394488
0.9897041 -0.1429692 0.00674735 182.7558 0.1429224 0.9897093 0.006964757 18.38443 -0.007673661 -0.005928701 0.999953 -3.426548
0.989713 -0.1428664 0.007573813 184.7366 0.1428196 0.9897281 0.00640214 18.65557 -0.008410666 -0.005254592 0.9999508 -3.480516
0.9898704 -0.1418961 0.004698338 186.7099 0.1418658 0.989866 0.006258309 18.912 -0.005538756 -0.005528382 0.9999694 -3.519673
0.9900209 -0.1408853 0.003164629 188.6661 0.140868 0.9900149 0.005166546 19.168 -0.00386092 -0.004669194 0.9999816 -3.569865
0.9901905 -0.1397223 0.000612183 190.6304 0.1397162 0.9901736 0.005982616 19.42973 -0.001442072 -0.005838398 0.9999819 -3.620596
0.9904174 -0.1381057 -0.0005362012 192.5921 0.1381065 0.9904002 0.005832681 19.6861 -0.0002744728 -0.005850841 0.9999828 -3.651616
0.9906573 -0.1363749 -6.683567e-05 194.5415 0.1363707 0.9906226 0.008334807 19.93352 -0.001070449 -0.008266051 0.9999653 -3.701576
0.990896 -0.134611 0.002207649 196.4737 0.1345867 0.9908623 0.008850959 20.16857 -0.003378912 -0.008473261 0.9999584 -3.741927
0.991069 -0.1332441 0.005317471 198.4294 0.1331937 0.9910501 0.008911367 20.39436 -0.006457266 -0.008123525 0.9999462 -3.798854
0.991205 -0.1321363 0.007262163 200.3767 0.1320889 0.9912157 0.006655935 20.6364 -0.008077859 -0.005638144 0.9999515 -3.841115
0.9913641 -0.1309024 0.007862698 202.3166 0.1308568 0.9913828 0.006062072 20.86916 -0.008588484 -0.004980834 0.9999507 -3.888695
0.9915401 -0.1295267 0.008435481 204.255 0.1294634 0.9915546 0.007662614 21.09943 -0.009356753 -0.006505703 0.9999351 -3.946047
0.9917113 -0.1282281 0.008144102 206.1818 0.1281577 0.991716 0.008649107 21.33436 -0.009185695 -0.007533687 0.9999294 -3.968355
0.9917184 -0.1280151 0.0103294 208.1019 0.1279299 0.9917465 0.008526616 21.55979 -0.01133568 -0.007134562 0.9999103 -4.041315
0.9917833 -0.127581 0.009432171 210.0305 0.1275102 0.9918069 0.007760141 21.78841 -0.01034494 -0.006493679 0.9999254 -4.084215
0.991818 -0.1272351 0.01040394 211.9426 0.1271603 0.9918532 0.007564238 22.0194 -0.01128162 -0.006179379 0.9999173 -4.122104
0.9919205 -0.1267189 0.006001066 213.8435 0.1266794 0.991922 0.00656157 22.24896 -0.006784065 -0.005748344 0.9999605 -4.180605
0.9920226 -0.125967 0.004845569 215.7493 0.1259517 0.9920306 0.003353619 22.46653 -0.005229399 -0.002716559 0.9999827 -4.225452
0.9920959 -0.1254332 -0.003503666 217.6331 0.1254534 0.9920795 0.006293789 22.69261 0.002686465 -0.006683589 0.9999741 -4.283913
0.9921472 -0.1247516 0.008996436 219.5348 0.1246315 0.9921197 0.01286778 22.90432 -0.01053082 -0.0116455 0.9998767 -4.296868
0.9921073 -0.1253893 0.0007718163 221.4265 0.1253645 0.9920017 0.01470985 23.1187 -0.002610101 -0.01449699 0.9998915 -4.355134
0.9919974 -0.1256796 0.01207921 223.3229 0.125659 0.9920704 0.002454525 23.33099 -0.01229191 -0.000917021 0.999924 -4.420427
0.9921125 -0.124878 0.01087216 225.1991 0.1248248 0.992164 0.005436988 23.54198 -0.01146593 -0.004036988 0.9999261 -4.4693
0.9921444 -0.123892 0.01732731 227.0701 0.1237433 0.9922698 0.009407451 23.75974 -0.01835887 -0.007189412 0.9998056 -4.457445
0.9921862 -0.1242412 0.01142685 228.9374 0.1240344 0.9921267 0.01731663 23.96982 -0.01348833 -0.015764 0.9997848 -4.585542
0.9919937 -0.1250295 0.01778087 230.836 0.1249059 0.9921372 0.007908329 24.19124 -0.01862984 -0.005624078 0.9998106 -4.585825
0.991989 -0.125478 0.01460222 232.68 0.1253742 0.9920788 0.007822141 24.39848 -0.01546806 -0.005928736 0.9998628 -4.65403
0.9918684 -0.1260688 0.0174264 234.5469 0.1259375 0.9920022 0.008438662 24.6241 -0.01835088 -0.006175403 0.9998125 -4.690578
0.9918589 -0.126655 0.01320752 236.39 0.1264672 0.9918691 0.01419989 24.84168 -0.01489862 -0.01241397 0.9998119 -4.730816
0.9917881 -0.1272315 0.01298258 238.2427 0.1270193 0.9917706 0.0160416 25.05862 -0.01491673 -0.01426083 0.999787 -4.82348
0.9916806 -0.1278095 0.01530495 240.0961 0.1276195 0.9917405 0.01280753 25.27548 -0.01681546 -0.01074777 0.9998009 -4.824793
0.9916981 -0.1280175 0.0120986 241.9383 0.1278721 0.9917167 0.01211323 25.48556 -0.01354909 -0.01046559 0.9998534 -4.903023
0.991584 -0.1284633 0.01607426 243.7801 0.1282963 0.9916747 0.01102207 25.70877 -0.01735637 -0.008867041 0.99981 -4.960667
0.9916288 -0.1286069 0.01151822 245.6255 0.1284615 0.9916346 0.01258688 25.9237 -0.01304063 -0.01100186 0.9998544 -5.001987
0.9915923 -0.128745 0.01301742 247.4425 0.1285958 0.9916279 0.0117207 26.14109 -0.01441742 -0.009948166 0.9998466 -5.076266
0.991579 -0.1292127 0.008669735 249.2602 0.1290992 0.9915519 0.01258382 26.35727 -0.01022248 -0.0113586 0.9998832 -5.105273
0.991538 -0.1293245 0.01129571 251.0925 0.1292027 0.9915581 0.01092045 26.57292 -0.01261263 -0.009368609 0.9998766 -5.168675
0.9915083 -0.1296801 0.009713733 252.9121 0.1295543 0.9914919 0.01262455 26.79377 -0.01126824 -0.01125889 0.9998731 -5.219591
0.9913709 -0.1302581 0.01471804 254.7265 0.1300839 0.9914275 0.01223516 27.01217 -0.01618559 -0.010215 0.9998168 -5.25926
0.9913831 -0.1303464 0.01301039 256.5312 0.1301675 0.9913964 0.01376259 27.22359 -0.01469236 -0.01195047 0.9998206 -5.320589
0.9913268 -0.1304691 0.01577754 258.3506 0.1302585 0.9913852 0.01371616 27.44857 -0.01743116 -0.01154204 0.9997814 -5.371248
0.9913307 -0.130697 0.01347802 260.1647 0.1304786 0.9913223 0.01598171 27.6666 -0.01544983 -0.01408456 0.9997814 -5.425797
0.9913233 -0.1304959 0.01577889 261.9832 0.130254 0.9913596 0.01549629 27.87751 -0.01766475 -0.01330657 0.9997554 -5.484578
0.9913349 -0.1304818 0.01515575 263.8097 0.1302045 0.9913231 0.01803372 28.0982 -0.01737731 -0.01590411 0.9997225 -5.53995
0.991357 -0.1304181 0.01422881 265.6281 0.1301405 0.9913143 0.01895395 28.32074 -0.01657716 -0.01693839 0.9997191 -5.603247
0.9914074 -0.1302741 0.01183131 267.451 0.1300233 0.9913104 0.01994827 28.53843 -0.01432724 -0.01823852 0.999731 -5.665161
0.9915078 -0.1296237 0.01048501 269.268 0.1294179 0.9914199 0.01837404 28.7504 -0.01277676 -0.01686106 0.9997762 -5.714337
0.9914965 -0.1297172 0.01040033 271.0824 0.1295267 0.9914254 0.01727761 28.97725 -0.01255235 -0.01578357 0.9997966 -5.786574
0.9916121 -0.1289327 0.009045186 272.915 0.128771 0.9915349 0.01662636 29.1921 -0.0111123 -0.01532215 0.9998209 -5.836786
0.9916695 -0.1284902 0.009045949 274.73 0.1283276 0.9915911 0.01671116 29.4013 -0.0111171 -0.01541111 0.9998195 -5.88517
0.9917999 -0.1275175 0.008499718 276.5739 0.1273317 0.9916654 0.01965609 29.62496 -0.01093537 -0.01841263 0.9997706 -5.961989
0.9917874 -0.1275158 0.00986886 278.3921 0.1273105 0.991677 0.01920267 29.83623 -0.01223536 -0.01778856 0.9997669 -5.994831
0.9919418 -0.1265482 0.006080091 280.2217 0.1263816 0.9917233 0.02264066 30.04833 -0.008894904 -0.0216898 0.9997252 -6.095735
0.9919099 -0.1266157 0.009122473 282.0313 0.1263963 0.9917454 0.02156954 30.26055 -0.01177821 -0.02024199 0.9997258 -6.124914
0.9919885 -0.1260796 0.007915108 283.839 0.1258492 0.9917375 0.02487596 30.46062 -0.01098606 -0.02368056 0.9996592 -6.219155
0.9919544 -0.1259211 0.01305225 285.6594 0.1255595 0.9917564 0.02557139 30.67298 -0.01616463 -0.02372682 0.9995878 -6.293171
0.9919411 -0.1261902 0.01135048 287.4505 0.1258242 0.9916393 0.02863297 30.87587 -0.01486878 -0.02697405 0.9995255 -6.362173
0.9919342 -0.1263294 0.01036419 289.2762 0.1259806 0.9915997 0.02930368 31.09546 -0.01397904 -0.02776164 0.9995168 -6.46781
0.9920227 -0.1257729 0.008497613 291.0713 0.1254704 0.9916499 0.02979445 31.30068 -0.01217399 -0.02849057 0.9995199 -6.538522
0.9919288 -0.1264578 0.009254609 292.8641 0.1261559 0.9916139 0.02804622 31.51222 -0.01272366 -0.02665233 0.9995638 -6.627469
0.9919062 -0.1266142 0.009530785 294.6692 0.1262647 0.991509 0.0310977 31.71559 -0.01338727 -0.0296426 0.9994709 -6.707034
0.9917338 -0.1274615 0.01474787 296.4604 0.1269662 0.9914321 0.03069888 31.91677 -0.01853443 -0.02857263 0.9994199 -6.755691
0.9915214 -0.1284913 0.01937308 298.2553 0.1278039 0.9912398 0.03331621 32.1326 -0.02348421 -0.03055779 0.9992571 -6.862351
0.9913784 -0.1293404 0.02097187 300.0535 0.1285679 0.9910917 0.03474848 32.34621 -0.02527943 -0.03175258 0.999176 -6.939582
0.9914029 -0.1294367 0.01914192 301.8444 0.1286834 0.9910172 0.03640603 32.5443 -0.02368224 -0.03362979 0.9991537 -7.068762
0.9913793 -0.1297696 0.0180792 303.6313 0.1290898 0.9910246 0.03473043 32.77297 -0.02242388 -0.03209719 0.9992332 -7.132743
0.9914768 -0.1294006 0.01514054 305.4123 0.1288035 0.9910394 0.0353607 32.97736 -0.01958057 -0.03310916 0.9992599 -7.231326
0.9914452 -0.1294111 0.0170068 307.2116 0.1287615 0.99106 0.03494003 33.18595 -0.02137638 -0.03245131 0.9992447 -7.319585
0.9914284 -0.1296802 0.01589772 308.9819 0.129007 0.9909213 0.03784252 33.40824 -0.02066081 -0.03546723 0.9991572 -7.397657
0.9914631 -0.1295316 0.01491817 310.7749 0.1288766 0.9909056 0.03868849 33.61385 -0.01979388 -0.03643561 0.99914 -7.50253
0.9915003 -0.1293959 0.01356085 312.5638 0.1288136 0.990962 0.03743443 33.82886 -0.01828215 -0.03536943 0.9992071 -7.593666
0.9914601 -0.1295684 0.01479757 314.3638 0.1289727 0.990999 0.03587577 34.04612 -0.01931274 -0.03366091 0.9992467 -7.685257
0.9913634 -0.1302751 0.01506701 316.1319 0.1296531 0.9908786 0.03673619 34.26043 -0.01971539 -0.03446543 0.9992114 -7.779532
0.9914061 -0.1301511 0.01321054 317.9147 0.1295895 0.9908791 0.03694989 34.47091 -0.01789912 -0.03492041 0.9992298 -7.87365
0.9914042 -0.1301472 0.01338992 319.6886 0.129586 0.9908931 0.03658606 34.68441 -0.01802955 -0.03453643 0.9992408 -7.974837
0.9913471 -0.1304308 0.01478602 321.4647 0.1298221 0.9908634 0.03654786 34.89798 -0.0194179 -0.03431207 0.9992225 -8.046756
0.9913442 -0.1303613 0.01558013 323.2412 0.1296919 0.9908184 0.038196 35.10739 -0.02041637 -0.03584476 0.9991488 -8.15747
0.9912968 -0.1308937 0.01405448 325.0156 0.1302425 0.9906708 0.04010488 35.3192 -0.01917284 -0.03792534 0.9990966 -8.245808
0.991196 -0.1316986 0.01363844 326.7926 0.1310368 0.9905096 0.04146874 35.54139 -0.01897038 -0.03931651 0.9990467 -8.349232
0.991091 -0.1323632 0.01478246 328.566 0.1316654 0.9904457 0.0410065 35.75574 -0.02006897 -0.03869484 0.9990495 -8.431793
0.9909486 -0.133309 0.01579994 330.321 0.1325157 0.9902209 0.04361492 35.96448 -0.02145969 -0.04112641 0.9989235 -8.540812
0.9905932 -0.1356283 0.01816753 332.0782 0.1347177 0.9898893 0.04439176 36.18077 -0.02400461 -0.04152669 0.998849 -8.612243
0.9899979 -0.1385216 0.02675718 333.8419 0.1371162 0.9893577 0.04868549 36.39507 -0.03321642 -0.04452969 0.9984557 -8.825131
0.9898251 -0.1401022 0.02485142 335.6258 0.1388911 0.9892777 0.04515318 36.62741 -0.03091102 -0.04124211 0.9986709 -8.806998
0.9895783 -0.1420006 0.02388682 337.3899 0.1408573 0.9890435 0.04418295 36.85462 -0.0298991 -0.04035786 0.9987379 -9.010988
0.9894484 -0.1433407 0.02110122 339.1675 0.1422931 0.9888108 0.04478949 37.10135 -0.02728527 -0.04131433 0.9987736 -9.0317
0.9893257 -0.144431 0.01934795 340.9323 0.1434065 0.988562 0.04668719 37.33151 -0.02586973 -0.04341421 0.9987221 -9.156648
0.9888855 -0.1469421 0.02265862 342.7188 0.1458114 0.9882716 0.04536687 37.57516 -0.02905918 -0.04155876 0.9987134 -9.233472
0.9885825 -0.1483848 0.02620382 344.5023 0.1471055 0.988078 0.04540807 37.80794 -0.03262929 -0.0410349 0.9986248 -9.353477
0.9883948 -0.1488189 0.03047419 346.2686 0.1473135 0.9879816 0.04680875 38.04937 -0.03707397 -0.04177626 0.9984389 -9.46486
0.9885024 -0.1481886 0.03005271 348.0802 0.1465573 0.9879022 0.0506965 38.28004 -0.03720178 -0.04570917 0.9982618 -9.584105
0.9884574 -0.148561 0.02969194 349.8597 0.1468868 0.9877701 0.05229419 38.53605 -0.03709768 -0.04732922 0.9981902 -9.690883
0.9884185 -0.1490956 0.02827374 351.6541 0.1475003 0.9876962 0.05196171 38.78652 -0.03567313 -0.04718953 0.9982488 -9.801759
0.9884895 -0.1488106 0.02727374 353.4644 0.1473907 0.9879007 0.04824909 39.03778 -0.03412373 -0.04367382 0.9984629 -9.909441
0.9885107 -0.1487343 0.02692001 355.2385 0.1472247 0.9877701 0.05133673 39.26904 -0.03422631 -0.04678361 0.9983185 -10.05443
0.988419 -0.1495416 0.02579133 357.0757 0.14809 0.9876493 0.05116773 39.54276 -0.03312449 -0.04675572 0.998357 -10.12234
0.9882028 -0.1511778 0.0245061 358.8808 0.1497131 0.987286 0.05340654 39.77821 -0.03226841 -0.04910761 0.9982721 -10.29312
0.9879884 -0.1532422 0.01989689 360.6926 0.1521411 0.9871733 0.048396 40.05634 -0.02705799 -0.04478755 0.99863 -10.33883
0.9879015 -0.1537054 0.02062028 362.5048 0.1525569 0.987083 0.04892374 40.29815 -0.02787377 -0.04518608 0.9985896 -10.48675
0.9876089 -0.1548912 0.02524611 364.3405 0.1537239 0.987177 0.04301471 40.57655 -0.03158498 -0.03860078 0.9987554 -10.55139
0.9872665 -0.155864 0.03179855 366.1571 0.1541894 0.9867921 0.04966652 40.82674 -0.03911978 -0.04413109 0.9982595 -10.68272
0.9871069 -0.1572656 0.02979084 367.9878 0.1554534 0.9862742 0.05565261 41.08896 -0.03813418 -0.05030398 0.9980056 -10.81709
0.9871214 -0.1579177 0.02556047 369.8123 0.1562525 0.9860361 0.05760426 41.3602 -0.03430028 -0.0528685 0.9980122 -10.95086
0.9869941 -0.159156 0.02262599 371.6457 0.1577258 0.9859483 0.05503118 41.63035 -0.0310666 -0.05074675 0.9982283 -11.05542
0.9867292 -0.1602904 0.02593175 373.496 0.1587332 0.9858526 0.05383559 41.90803 -0.03419421 -0.04900492 0.9982131 -11.17381
0.9863722 -0.1621907 0.02764073 375.327 0.1604962 0.9854876 0.0552743 42.18546 -0.03620457 -0.0500848 0.9980885 -11.3199
0.9861009 -0.1635771 0.02911312 377.1605 0.1617393 0.9851812 0.05708267 42.45909 -0.03801912 -0.05158053 0.9979449 -11.42757
0.9859519 -0.1649292 0.02640457 379.0016 0.1631884 0.9848731 0.05826351 42.74891 -0.03561451 -0.0531361 0.997952 -11.58975
0.9858416 -0.1664166 0.02053745 380.8536 0.165045 0.9846736 0.0563741 43.04082 -0.02960427 -0.05218633 0.9981984 -11.68804
0.9856339 -0.1677221 0.01987934 382.7172 0.1664189 0.9845117 0.05514868 43.32721 -0.0288211 -0.05104811 0.9982802 -11.83888
0.9853854 -0.1693828 0.01803354 384.5637 0.1681919 0.9842511 0.05441828 43.63068 -0.02696705 -0.05058988 0.9983554 -11.9497
0.9852344 -0.1704492 0.01613376 386.4137 0.1692892 0.9839199 0.05694669 43.93105 -0.02558084 -0.05337457 0.9982468 -12.08848
0.9851429 -0.1712353 0.01310975 388.281 0.170233 0.9837482 0.05710056 44.23723 -0.02267432 -0.05402051 0.9982824 -12.21148
0.9849402 -0.1721054 0.01650586 390.1346 0.1709831 0.9837576 0.05464029 44.53119 -0.02564166 -0.0509952 0.9983697 -12.30705
0.9846227 -0.1737944 0.01770991 392.0093 0.1726479 0.9835467 0.05318505 44.83195 -0.02666179 -0.04930963 0.9984276 -12.44501
0.984213 -0.1750517 0.02610974 393.8768 0.1735192 0.9834293 0.05251632 45.14706 -0.03487016 -0.0471567 0.9982787 -12.56844
0.9841337 -0.1760156 0.02234606 395.7516 0.1746663 0.9832351 0.05234718 45.45182 -0.03118536 -0.04761352 0.9983789 -12.67578
0.9838549 -0.1768555 0.0274173 397.6309 0.1751824 0.9830183 0.05464238 45.75719 -0.03661552 -0.04895714 0.9981295 -12.82872
0.9836693 -0.1782477 0.02494871 399.5075 0.1767193 0.982783 0.05392628 46.0751 -0.0341314 -0.04863671 0.9982332 -12.91329
0.9834085 -0.1794758 0.02638305 401.3909 0.1777999 0.9824679 0.05607184 46.38384 -0.03598404 -0.05045062 0.9980781 -13.08872
0.9831965 -0.1811749 0.02236689 403.27 0.1797707 0.9822307 0.0539033 46.71227 -0.03173537 -0.04897663 0.9982956 -13.18398
0.9828518 -0.1827584 0.02452829 405.1642 0.1812076 0.9819021 0.05506602 47.03702 -0.03414816 -0.04967703 0.9981814 -13.32753
0.9825839 -0.1845228 0.02191144 407.0394 0.1831143 0.9815722 0.05463849 47.36331 -0.03158971 -0.04967461 0.9982657 -13.44059
0.9820753 -0.1865726 0.02680773 408.9158 0.1848556 0.9811445 0.0564251 47.69152 -0.03682964 -0.05045814 0.9980469 -13.58785
0.9818479 -0.1882587 0.0230928 410.8159 0.1867195 0.9807756 0.05669982 48.03842 -0.03332309 -0.05135872 0.9981242 -13.70266
0.9815422 -0.1895712 0.02525142 412.6989 0.187904 0.9805229 0.05715515 48.36587 -0.03559458 -0.05135535 0.9980459 -13.84488
0.9813551 -0.1908073 0.02312385 414.5977 0.1892909 0.9803292 0.05588978 48.71976 -0.03333316 -0.05047059 0.9981691 -13.96093
0.9810017 -0.1923103 0.02554054 416.5066 0.1906586 0.9800446 0.05623106 49.06516 -0.03584468 -0.05029325 0.998091 -14.11227
0.9808584 -0.1933235 0.02330035 418.42 0.191715 0.9797195 0.05826414 49.42093 -0.03409164 -0.05268185 0.9980292 -14.23871
0.9808256 -0.1937793 0.02075455 420.338 0.1923072 0.9796076 0.05819562 49.77062 -0.03160843 -0.0530885 0.9980894 -14.37193
0.9807835 -0.1941219 0.01950347 422.2754 0.1927879 0.9796515 0.05581778 50.1353 -0.02994205 -0.05098512 0.9982505 -14.4923
0.9805304 -0.1954743 0.01870562 424.205 0.1941419 0.9793105 0.05709435 50.49789 -0.02947909 -0.05235121 0.9981936 -14.63474
0.9803527 -0.1965353 0.01680771 426.1334 0.1952574 0.9789956 0.0586673 50.86686 -0.02798487 -0.05423282 0.9981361 -14.76417
0.9802824 -0.1970405 0.01488318 428.08 0.1958217 0.9787791 0.06037707 51.23451 -0.02646408 -0.05627213 0.9980647 -14.90371
0.9800737 -0.1981724 0.01353628 430.0501 0.197118 0.9787359 0.05675114 51.60796 -0.02449495 -0.05295206 0.9982966 -15.02781
0.9797274 -0.1997293 0.01556906 432.0105 0.1986005 0.9785116 0.05543494 51.98436 -0.02630649 -0.0512191 0.9983409 -15.168
0.9794908 -0.2007309 0.01746208 433.9678 0.1995216 0.9783587 0.05482135 52.36442 -0.02808852 -0.05021295 0.9983435 -15.29205
0.9792725 -0.2015895 0.01967215 435.9574 0.2001818 0.9780608 0.05765824 52.7441 -0.03086386 -0.05252513 0.9981425 -15.42466
0.9791825 -0.202094 0.01896499 437.9426 0.2007101 0.9779274 0.05808231 53.12926 -0.03028447 -0.05306672 0.9981316 -15.55739
0.9789696 -0.2028189 0.02197468 439.9324 0.2012783 0.977816 0.05798824 53.51358 -0.03324831 -0.0523457 0.9980754 -15.70517
0.9787905 -0.2037116 0.0216996 441.9303 0.2022432 0.9777215 0.05619895 53.90812 -0.03266454 -0.0506184 0.9981837 -15.82586
0.9786153 -0.2043348 0.02365087 443.9425 0.2026634 0.9774592 0.05917132 54.29065 -0.03520852 -0.05311279 0.9979676 -15.98677
0.9786496 -0.2043507 0.02204042 445.9561 0.2028012 0.9774951 0.0580957 54.68273 -0.03341629 -0.05238551 0.9980677 -16.10807
0.9784151 -0.2056076 0.02072289 447.9666 0.204051 0.9770952 0.06039827 55.08275 -0.03266658 -0.05486605 0.9979592 -16.26733
0.9783475 -0.2064022 0.01530331 450.0045 0.2051634 0.9769039 0.05972248 55.49763 -0.02727671 -0.05528966 0.9980977 -16.40056
0.9782888 -0.2068793 0.01232952 452.0477 0.2057787 0.9767079 0.06080324 55.8964 -0.02462127 -0.05694598 0.9980736 -16.56152
0.9781176 -0.2078081 0.01008734 454.0888 0.206886 0.9766159 0.0584772 56.32222 -0.0220035 -0.05511065 0.9982378 -16.70216
0.9778454 -0.2091715 0.008098004 456.1338 0.2083022 0.9761497 0.06117081 56.73527 -0.02070005 -0.05812877 0.9980944 -16.85736
0.9775751 -0.2105706 0.002651598 458.1741 0.2100268 0.975814 0.06062714 57.15453 -0.01535376 -0.05871067 0.998157 -16.98367
0.977392 -0.2114352 6.844662e-05 460.2502 0.2110495 0.975629 0.06005285 57.58286 -0.01276406 -0.05868072 0.9981952 -17.14686
0.9770319 -0.2130871 -0.001605663 462.335 0.2128493 0.9755256 0.05517844 58.02726 -0.01019145 -0.05425287 0.9984752 -17.27192
0.9768068 -0.2141042 0.002823682 464.4107 0.2136013 0.9752628 0.05689548 58.44521 -0.01493539 -0.05497275 0.9983761 -17.4221
0.9766201 -0.2149672 0.001520955 466.4933 0.2145415 0.9750853 0.05639762 58.88482 -0.0136067 -0.05475274 0.9984072 -17.53422
0.9765226 -0.2153358 0.005837036 468.5773 0.2146007 0.9748281 0.06047219 59.30437 -0.01871193 -0.05779983 0.9981528 -17.71544
0.9766086 -0.2150065 0.002787172 470.6755 0.2144616 0.9749076 0.05967824 59.74435 -0.01554844 -0.05768455 0.9982138 -17.82431
0.9765093 -0.2154126 0.005199573 472.7944 0.2147581 0.9749424 0.05801838 60.19074 -0.01756718 -0.05553884 0.998302 -18.01865
0.9766901 -0.2145812 0.005600622 474.9061 0.2139558 0.9752837 0.05517701 60.62726 -0.01730214 -0.05269255 0.9984609 -18.13644
0.9767135 -0.2144268 0.007206773 477.02 0.2137328 0.975379 0.05435135 61.06503 -0.01868372 -0.05154537 0.9984959 -18.28061
0.9766985 -0.2144317 0.008887191 479.1391 0.213629 0.9753401 0.05544637 61.50895 -0.0205575 -0.05225583 0.9984221 -18.42895
0.9768922 -0.2136106 0.007215679 481.2829 0.2128598 0.9753968 0.05737394 61.95396 -0.01929383 -0.05451223 0.9983267 -18.56963
0.9769223 -0.2134872 0.006784079 483.433 0.2127624 0.9754251 0.05725459 62.40391 -0.01884048 -0.05448989 0.9983366 -18.71282
0.9770655 -0.2128821 0.004921554 485.5727 0.2122335 0.9754481 0.05880144 62.84565 -0.01731849 -0.05640834 0.9982576 -18.86102
0.9770333 -0.2130034 0.005963519 487.7183 0.2122886 0.9754121 0.0592036 63.30079 -0.01842746 -0.0565779 0.9982281 -18.98769
0.9770233 -0.2129659 0.008425001 489.893 0.2121239 0.9754807 0.05865893 63.73495 -0.02071078 -0.055524 0.9982426 -19.15549
0.9769973 -0.2129581 0.01118561 492.0632 0.211952 0.9754887 0.05914682 64.18143 -0.02350723 -0.05541547 0.9981866 -19.314
0.9770659 -0.2127175 0.009673038 494.2623 0.2117833 0.9754903 0.05971764 64.63552 -0.02213894 -0.05629948 0.9981685 -19.46985
0.9771537 -0.2123071 0.00981799 496.4305 0.2113878 0.9756373 0.05871048 65.07676 -0.02204345 -0.05529375 0.9982268 -19.62113
0.9771906 -0.2121679 0.009123126 498.6322 0.2112819 0.9756453 0.05896135 65.53853 -0.02141064 -0.05568893 0.9982186 -19.75513
0.9771358 -0.2124151 0.009241488 500.8379 0.2115317 0.975618 0.0585124 65.9865 -0.02144508 -0.05521969 0.9982439 -19.92676
0.9772164 -0.2120455 0.009205847 503.0453 0.2111764 0.9757276 0.05796667 66.44219 -0.02127397 -0.05470192 0.9982761 -20.07303
0.9773135 -0.2117284 0.005433793 505.2456 0.211059 0.9757237 0.0584568 66.89433 -0.01767885 -0.05598377 0.9982752 -20.24595
0.9773363 -0.2116785 0.002438064 507.4697 0.2111923 0.9757533 0.05747432 67.35698 -0.01454503 -0.05565684 0.998344 -20.40051
0.9774238 -0.2112679 0.002917185 509.6908 0.2107672 0.9758903 0.05670189 67.81828 -0.01482614 -0.05480694 0.9983869 -20.54053
0.9772868 -0.2118551 0.005275237 511.9113 0.2112496 0.9758691 0.05525325 68.27312 -0.01685363 -0.05288388 0.9984584 -20.67136
0.9771245 -0.2125022 0.008397583 514.1352 0.2116966 0.9756725 0.05698953 68.72699 -0.02030369 -0.05390812 0.9983395 -20.85446
0.9770791 -0.2126638 0.009517148 516.3442 0.2117779 0.9756002 0.05791403 69.18987 -0.02160115 -0.05457107 0.9982762 -21.01914
0.9772437 -0.2117222 0.01298351 518.5489 0.2106452 0.9758351 0.05808927 69.61916 -0.02496855 -0.05403246 0.9982269 -21.15686
0.9772021 -0.2118613 0.01381475 520.746 0.2107645 0.9758672 0.05711039 70.07615 -0.02558084 -0.05289673 0.9982723 -21.36224
0.9772147 -0.2116075 0.01654484 522.9199 0.2103752 0.9759675 0.05683044 70.51535 -0.02817297 -0.05205492 0.9982467 -21.51259
0.9773771 -0.2111395 0.01241801 525.115 0.2101249 0.9760222 0.0568161 70.96373 -0.02411637 -0.05292142 0.9983074 -21.68629
0.977472 -0.2107837 0.01089752 527.2845 0.2099016 0.9762008 0.05452707 71.41002 -0.02213158 -0.05101128 0.9984528 -21.85176
0.9775112 -0.2107055 0.008660836 529.4614 0.2099581 0.976244 0.05352923 71.85389 -0.01973399 -0.05050701 0.9985287 -21.99009
0.9774663 -0.2109582 0.007503659 531.6138 0.2102963 0.9762511 0.05205176 72.30281 -0.0183062 -0.04930085 0.9986162 -22.15333
0.977399 -0.2112488 0.008075288 533.7531 0.2105225 0.9761001 0.05393306 72.73883 -0.01927558 -0.05101409 0.9985119 -22.31377
0.9773964 -0.2113097 0.006663911 535.9161 0.2106864 0.9761591 0.05219519 73.17935 -0.01753439 -0.0496114 0.9986147 -22.44159
0.9772583 -0.2118545 0.009165452 538.0624 0.2111186 0.9760967 0.05161323 73.61893 -0.01988086 -0.04850446 0.9986251 -22.59767
0.9772157 -0.2120022 0.01022446 540.2115 0.2111882 0.9760139 0.05287903 74.05907 -0.02118968 -0.04951493 0.9985486 -22.73101
0.9773017 -0.2116287 0.009725166 542.361 0.2107149 0.975781 0.05874158 74.49876 -0.02192104 -0.05535901 0.9982259 -22.8854
0.9774736 -0.2108373 0.009640503 544.4937 0.2098973 0.9758682 0.06020026 74.92713 -0.02210032 -0.05682064 0.9981397 -23.04767
0.9774786 -0.2107039 0.01180854 546.6417 0.2096191 0.9758712 0.06111655 75.35917 -0.02440111 -0.05726482 0.9980608 -23.21045
0.9774871 -0.210735 0.01047167 548.7874 0.2097015 0.9757847 0.06220689 75.80926 -0.02332726 -0.05861051 0.9980083 -23.38868
0.9776844 -0.2098281 0.01026769 550.9173 0.2087787 0.975901 0.06347188 76.22768 -0.02333843 -0.05991178 0.9979308 -23.55935
0.9777552 -0.2095388 0.009394775 553.0551 0.2085852 0.9760654 0.06155162 76.66948 -0.02206736 -0.0582228 0.9980597 -23.72207
0.9776676 -0.2099024 0.01034428 555.1878 0.208928 0.9760872 0.06002549 77.10786 -0.02269641 -0.05652377 0.9981433 -23.8993
0.9777547 -0.2094822 0.01062785 557.2997 0.208496 0.9761888 0.05987188 77.52799 -0.02291688 -0.05632414 0.9981495 -24.05284
0.9778102 -0.2092273 0.01054447 559.4167 0.2083092 0.9763958 0.05708107 77.9583 -0.0222385 -0.05361794 0.9983138 -24.20366
0.9778058 -0.2090857 0.01337869 561.5388 0.2080442 0.9765166 0.05597287 78.38242 -0.02476764 -0.05194724 0.9983426 -24.3672
0.9778486 -0.2088342 0.01415356 563.6272 0.207727 0.9765258 0.05697961 78.80731 -0.02572061 -0.05277735 0.998275 -24.50645
0.9778972 -0.2085563 0.01487644 565.7181 0.2072787 0.9763218 0.06189862 79.22062 -0.02743354 -0.05744692 0.9979716 -24.69139
