1.0 0.0 0.0 0.0 0.0 1.0 0.0 0.0 0.0 0.0 1.0 0.0
0.9999929 -1.497054e-05 -0.003760349 1.56628 1.173473e-05 0.9999996 -0.0008605276 0.01119877 0.003760361 0.0008604774 0.9999925 -0.02218469
0.9999954 0.0005476884 -0.002979267 2.898412 -0.000549011 0.9999996 -0.0004431399 -0.006557199 0.002979023 0.0004447735 0.9999955 -0.0488734
0.9999909 -0.000395776 -0.004243998 4.23688 0.0004026883 0.9999986 0.001627986 -0.004479242 0.004243348 -0.00162968 0.9999897 -0.05348196
0.9999868 0.0003803638 -0.005129695 5.569129 -0.0003519454 0.9999845 0.005539754 -0.02633546 0.005131724 -0.005537876 0.9999715 -0.09363136
0.999973 0.0004612571 -0.007330556 6.891195 -0.0004080349 0.9999734 0.007260165 -0.04277446 0.007333711 -0.007256978 0.9999468 -0.1096385
0.9999779 0.0007941966 -0.006597972 8.195607 -0.000763952 0.9999892 0.004585169 -0.04976588 0.006601543 -0.004580027 0.9999677 -0.1242568
0.999963 0.001223537 -0.008511739 9.496949 -0.001191532 0.9999921 0.003764152 -0.0643963 0.008516278 -0.00375387 0.9999567 -0.1668321
0.9999566 0.002180214 -0.009055422 10.79066 -0.00216433 0.9999962 0.001763481 -0.07878747 0.009059231 -0.001743806 0.9999574 -0.1793178
0.9999786 0.003900586 -0.005250787 12.08925 -0.003884769 0.9999878 0.003019224 -0.101137 0.0052625 -0.002998761 0.9999816 -0.1939645
0.9999624 0.005912099 -0.006348039 13.39437 -0.005882869 0.9999721 0.004613275 -0.1308816 0.006375136 -0.004575756 0.9999692 -0.2175653
0.999957 0.007381518 -0.005615229 14.72032 -0.007362749 0.9999672 0.003355859 -0.1551905 0.005639817 -0.003314371 0.9999786 -0.2413244
0.9999506 0.008531 -0.005093693 16.03049 -0.008525552 0.9999632 0.001090449 -0.1749947 0.005102808 -0.001046968 0.9999864 -0.2713099
0.9999219 0.01051864 -0.006746734 17.32315 -0.01048182 0.9999303 0.005469975 -0.203538 0.006803799 -0.005398829 0.9999623 -0.3014005
0.9998928 0.01202595 -0.008349543 18.6436 -0.01194593 0.9998827 0.009567844 -0.2355058 0.008463629 -0.009467075 0.9999194 -0.335569
0.9998549 0.01407213 -0.009600811 19.96425 -0.01399174 0.9998668 0.008388853 -0.264813 0.009717582 -0.008253302 0.9999187 -0.3449888
0.9998586 0.01547932 -0.006572315 21.28469 -0.01544007 0.9998629 0.005981799 -0.2995339 0.006664009 -0.005879476 0.9999605 -0.3881492
0.9998278 0.01760908 -0.005854119 22.59855 -0.01759286 0.9998413 0.00281048 -0.3429918 0.00590268 -0.002707005 0.9999789 -0.4116884
0.9998033 0.01932669 -0.004455119 23.91199 -0.01932153 0.9998126 0.001198866 -0.3842701 0.004477454 -0.00111255 0.9999893 -0.4326439
0.9997775 0.02085058 -0.003189178 25.21775 -0.02084388 0.9997805 0.00211929 -0.4196469 0.003232666 -0.002052344 0.9999927 -0.4644828
0.9997262 0.02336261 -0.001319928 26.53944 -0.02335736 0.9997196 0.003864384 -0.47336 0.00140984 -0.003832496 0.9999917 -0.4797499
0.9996897 0.02485763 -0.001595899 27.84916 -0.02485052 0.9996818 0.004330785 -0.5192851 0.001703044 -0.004289782 0.9999893 -0.5093031
0.9996451 0.02660917 0.001274972 29.15578 -0.0266152 0.9996333 0.004968047 -0.5656059 -0.001142309 -0.005000218 0.9999868 -0.5363613
0.9996001 0.02826978 -0.0006775285 30.45696 -0.02826539 0.9995835 0.005794244 -0.6119906 0.0008410485 -0.005772776 0.999983 -0.5652494
0.9995387 0.030317 -0.001793077 31.75737 -0.03030506 0.9995204 0.006348483 -0.6709967 0.001984684 -0.006291215 0.9999782 -0.5994572
0.9994923 0.03184659 -0.000896556 33.06805 -0.03184113 0.9994774 0.005557105 -0.7181754 0.001073062 -0.005525738 0.9999841 -0.6175483
0.9994492 0.03318166 -0.0005860844 34.38123 -0.033178 0.9994347 0.005428922 -0.7766011 0.0007658937 -0.005406487 0.9999851 -0.647525
0.9993774 0.03528061 -0.0001219583 35.67954 -0.03527941 0.9993625 0.005479716 -0.8477399 0.0003152083 -0.005472002 0.999985 -0.6773978
0.9993331 0.03649161 0.001309924 36.98488 -0.03649758 0.9993217 0.004870799 -0.9054193 -0.001131292 -0.00491536 0.9999873 -0.7033029
0.9992725 0.03806536 0.002358738 38.29495 -0.03807541 0.9992653 0.004370083 -0.9657954 -0.002190656 -0.004456714 0.9999877 -0.728621
0.999198 0.0400131 0.001526775 39.59305 -0.04002174 0.99918 0.006121325 -1.037006 -0.00128059 -0.00617752 0.9999801 -0.7589634
0.9991204 0.04192405 0.0009410681 40.88696 -0.04192946 0.9990978 0.006744783 -1.101823 -0.0006574505 -0.006778309 0.9999768 -0.7920985
0.9990406 0.04377414 -0.001286535 42.19328 -0.04376472 0.9990201 0.006613711 -1.167415 0.001574783 -0.006551061 0.9999773 -0.8166155
0.9989752 0.04524562 -0.001211953 43.48806 -0.04523829 0.998961 0.005514496 -1.235826 0.001460201 -0.005454017 0.9999841 -0.8541906
0.9989054 0.04673169 -0.002031903 44.79962 -0.04672084 0.9988949 0.005097328 -1.314451 0.002267865 -0.004996816 0.9999849 -0.8702363
0.9988194 0.04851719 -0.00244852 46.11022 -0.04850777 0.9988155 0.003770941 -1.397696 0.002628576 -0.003647717 0.9999899 -0.9016514
0.9987345 0.05023611 -0.002384295 47.40335 -0.05022548 0.9987285 0.004325906 -1.467238 0.00259858 -0.004200679 0.9999878 -0.9281815
0.998654 0.05183288 -0.001892343 48.70384 -0.05182458 0.9986473 0.004198435 -1.554721 0.002107401 -0.004094713 0.9999894 -0.9428777
0.9985756 0.05330946 -0.002204281 50.01769 -0.05329505 0.99856 0.006146347 -1.63763 0.002528765 -0.006020114 0.9999787 -0.9765018
0.9985039 0.05467116 -0.0009600929 51.35383 -0.05466471 0.9984878 0.005789705 -1.728364 0.001275171 -0.00572856 0.9999828 -0.996463
0.9983974 0.05659139 9.467037e-05 52.66217 -0.05659073 0.9983746 0.006761276 -1.810821 0.0002881135 -0.006755798 0.9999771 -1.026401
0.9983152 0.0580175 0.0009086999 53.98036 -0.0580227 0.9982868 0.007528519 -1.912078 -0.0004703573 -0.007568561 0.9999713 -1.049316
0.9982485 0.05906992 0.003279022 55.30478 -0.05909332 0.9982238 0.007569127 -2.007329 -0.00282609 -0.007749638 0.999966 -1.08713
0.9981458 0.06066938 0.004915644 56.63972 -0.06069722 0.9981399 0.005727806 -2.105982 -0.004558998 -0.006015551 0.9999715 -1.100922
0.9980715 0.06164586 0.007288921 57.95068 -0.06170063 0.9980663 0.007545072 -2.200308 -0.006809704 -0.007980253 0.999945 -1.141627
0.9979835 0.06296939 0.007989964 59.28676 -0.06305185 0.9979547 0.01052637 -2.305104 -0.007310784 -0.01100892 0.9999127 -1.163222
0.9978751 0.06460019 0.008491626 60.63317 -0.0647027 0.9978274 0.01240915 -2.412615 -0.007671544 -0.01293221 0.9998869 -1.190862
0.9977716 0.06555666 0.01241805 61.96824 -0.06566758 0.9978032 0.008745916 -2.517406 -0.01181742 -0.00954189 0.9998847 -1.222017
0.9976006 0.0671092 0.01700955 63.29443 -0.06725681 0.9977015 0.008259133 -2.624866 -0.01641619 -0.009383323 0.9998212 -1.247525
0.9974875 0.06823473 0.0190465 64.64693 -0.06844415 0.9975989 0.01056795 -2.73576 -0.01827967 -0.01184502 0.9997628 -1.293358
0.9973391 0.06989421 0.0207234 65.99514 -0.07018304 0.997442 0.01355313 -2.853929 -0.0197231 -0.01497149 0.9996934 -1.325261
0.9972329 0.07162668 0.01990316 67.3456 -0.07187618 0.9973401 0.01211574 -2.974426 -0.01898241 -0.01351278 0.9997285 -1.365056
0.9971049 0.0732605 0.02036482 68.70826 -0.07347624 0.9972463 0.01005457 -3.090783 -0.01957214 -0.01152179 0.999742 -1.409546
0.9969754 0.0748792 0.02081547 70.05962 -0.07506019 0.9971465 0.008052892 -3.205329 -0.02015308 -0.009590949 0.9997509 -1.442764
0.9969268 0.0757535 0.01995576 71.41017 -0.07594635 0.9970704 0.009089042 -3.317068 -0.01920877 -0.01057668 0.9997596 -1.47673
0.9968019 0.0773851 0.01994041 72.75468 -0.07757595 0.996946 0.008981303 -3.439619 -0.01918449 -0.01049948 0.9997608 -1.50367
0.9966199 0.07972837 0.01980287 74.08734 -0.07993909 0.9967487 0.01008625 -3.557873 -0.01893433 -0.01163518 0.999753 -1.536303
0.9964684 0.08156559 0.01994294 75.41821 -0.08180338 0.9965833 0.01141276 -3.682844 -0.01894391 -0.01300386 0.999736 -1.577352
0.9963433 0.08392701 0.01600927 76.75871 -0.0841478 0.9963597 0.01365475 -3.822406 -0.01480499 -0.01495196 0.9997786 -1.625394
0.9961286 0.08592 0.01858729 78.09879 -0.08613277 0.9962232 0.01096508 -3.951613 -0.01757498 -0.01252361 0.9997671 -1.646131
0.9960194 0.08757015 0.0166367 79.41912 -0.08772635 0.996105 0.008901652 -4.082171 -0.01579238 -0.01032569 0.999822 -1.694647
0.9958381 0.08957101 0.01683641 80.76905 -0.08969758 0.9959449 0.00691744 -4.21861 -0.01614854 -0.008398836 0.9998343 -1.717466
0.9957321 0.09099313 0.01542222 82.10041 -0.09113844 0.9957975 0.008995799 -4.344563 -0.01453885 -0.01036296 0.9998406 -1.757407
0.9955486 0.09304525 0.01501731 83.42005 -0.09317407 0.9956167 0.008117448 -4.490826 -0.01419619 -0.009480537 0.9998543 -1.778329
0.9954195 0.09433011 0.01555078 84.76441 -0.0944714 0.9954903 0.008614438 -4.619947 -0.01466805 -0.01004408 0.999842 -1.817587
0.9951838 0.09688839 0.01489458 86.08949 -0.09702926 0.9952403 0.009043986 -4.771578 -0.01394743 -0.01044564 0.9998482 -1.845858
0.995005 0.09862027 0.01546417 87.41928 -0.09878475 0.995056 0.01025782 -4.925654 -0.01437608 -0.0117342 0.9998278 -1.87774
0.9948062 0.100658 0.01511544 88.75541 -0.100819 0.9948516 0.01029333 -5.069445 -0.01400152 -0.0117638 0.9998327 -1.915238
0.9946012 0.1025429 0.01591686 90.08733 -0.1027053 0.9946641 0.009742299 -5.224259 -0.01483293 -0.01132445 0.9998258 -1.943247
0.9943838 0.1046189 0.01599556 91.41718 -0.1047914 0.9944402 0.01035921 -5.384244 -0.01482286 -0.01197723 0.9998184 -1.976844
0.9942036 0.1062386 0.01650859 92.75936 -0.106425 0.9942614 0.01085071 -5.53678 -0.0152611 -0.01254474 0.9998049 -2.016237
0.9940503 0.107667 0.01648823 94.1011 -0.1078662 0.9940964 0.01170951 -5.707917 -0.01513017 -0.01341836 0.9997955 -2.05402
0.9937239 0.110574 0.01691765 95.43626 -0.1107577 0.9937936 0.01033436 -5.866561 -0.01566994 -0.01214326 0.9998035 -2.08564
0.9935153 0.1124999 0.01646526 96.77241 -0.1126801 0.9935764 0.01045551 -6.028086 -0.01518325 -0.01224302 0.9998097 -2.11952
0.9932007 0.1152437 0.01647151 98.11235 -0.1154298 0.9932568 0.01082812 -6.197922 -0.01511256 -0.01265579 0.9998057 -2.158477
0.9929277 0.1175896 0.01635136 99.46123 -0.1177742 0.9929814 0.01081914 -6.367697 -0.01496438 -0.01266839 0.9998078 -2.184121
0.99261 0.1203093 0.0158406 100.8057 -0.1204798 0.9926624 0.01028179 -6.548129 -0.01448737 -0.01211428 0.9998217 -2.218817
0.9922608 0.1231585 0.0158257 102.1475 -0.1233382 0.9923044 0.01092799 -6.730302 -0.01435804 -0.01279533 0.999815 -2.243053
0.9920285 0.1252749 0.01362123 103.4915 -0.125439 0.9920294 0.01194714 -6.913003 -0.01201599 -0.01356054 0.9998358 -2.287317
0.9917822 0.1272393 0.01334913 104.8447 -0.1274069 0.9917711 0.01255915 -7.105814 -0.01164127 -0.01415671 0.999832 -2.319856
0.9914076 0.1301588 0.0130263 106.2012 -0.1303252 0.9913877 0.01286128 -7.297035 -0.01124011 -0.01444843 0.9998325 -2.354491
0.9909876 0.1332292 0.01391432 107.5443 -0.1334098 0.9909761 0.0129736 -7.498619 -0.01206029 -0.01471299 0.999819 -2.391804
0.9905443 0.136366 0.01504477 108.8953 -0.1365778 0.9905293 0.01408752 -7.697692 -0.01298122 -0.0160091 0.9997876 -2.438605
0.9901543 0.1391677 0.01505939 110.2402 -0.139413 0.9900936 0.0166901 -7.913149 -0.01258749 -0.01862525 0.9997473 -2.4677
0.9896739 0.1424979 0.01548716 111.6008 -0.1427665 0.9895947 0.01789274 -8.125443 -0.01277634 -0.01991902 0.99972 -2.516505
0.9892561 0.1454393 0.0148264 112.9703 -0.1456926 0.9891709 0.01773522 -8.334488 -0.01208645 -0.01970477 0.9997328 -2.562964
0.9888964 0.1478064 0.01539798 114.3331 -0.148057 0.9888386 0.01664565 -8.543795 -0.01276578 -0.0187406 0.9997429 -2.601158
0.9885174 0.1504804 0.01374757 115.6741 -0.150698 0.9884427 0.01646252 -8.767567 -0.0111114 -0.01834522 0.99977 -2.647673
0.9881947 0.152535 0.01429138 117.0374 -0.1527572 0.9881338 0.01601486 -8.991385 -0.01167898 -0.01800891 0.9997696 -2.689593
0.9878071 0.1550895 0.01358119 118.4153 -0.1552832 0.9877621 0.01459964 -9.228724 -0.01115074 -0.01653056 0.9998012 -2.728383
0.9874707 0.1570884 0.01499766 119.7764 -0.1572767 0.9874778 0.01232941 -9.460888 -0.01287305 -0.01453371 0.9998115 -2.747591
0.9870554 0.1594502 0.01724027 121.1407 -0.1596771 0.9870877 0.01269565 -9.702018 -0.01499333 -0.01528418 0.9997708 -2.809144
0.9869074 0.1598478 0.02150585 122.5031 -0.1601854 0.9869729 0.01500324 -9.93704 -0.01882745 -0.01825173 0.9996561 -2.841969
0.9872002 0.1579286 0.02223213 123.8722 -0.1583308 0.987228 0.01766373 -10.1714 -0.01915858 -0.02095767 0.9995968 -2.895446
0.987097 0.1588727 0.01997259 125.2533 -0.1592145 0.9870999 0.01687155 -10.41332 -0.01703452 -0.01983378 0.9996582 -2.928591
0.9869763 0.1594768 0.02109442 126.6351 -0.1597691 0.987069 0.01297335 -10.64615 -0.0187527 -0.01617462 0.9996933 -2.990341
0.9870706 0.1598768 0.01145309 127.9949 -0.1600561 0.9869621 0.01696685 -10.86428 -0.008591164 -0.01858061 0.9997904 -3.056597
0.9869785 0.1605827 0.009312434 129.3528 -0.1607784 0.9866261 0.02681546 -11.09954 -0.004881792 -0.02796352 0.999597 -3.132531
0.986686 0.1625896 0.003913317 130.7475 -0.1626365 0.9863622 0.02527454 -11.34911 0.0002494291 -0.02557448 0.9996729 -3.11674
0.9863065 0.1649179 0.001249666 132.1523 -0.1649184 0.9861987 0.01463213 -11.58742 0.001180681 -0.01463785 0.9998922 -3.117576
0.9860945 0.1661792 0.001493189 133.5214 -0.1661858 0.9860438 0.01000278 -11.83806 0.0001899031 -0.01011183 0.9999489 -3.220582
0.985785 0.1677991 0.008449662 134.8951 -0.1678946 0.985729 0.01224586 -12.08325 -0.006274231 -0.01349044 0.9998893 -3.264423
0.985423 0.1700938 0.003102073 136.2731 -0.1701219 0.9852853 0.01647683 -12.34267 -0.000253821 -0.01676437 0.9998595 -3.244235
0.9849439 0.1726731 0.008340754 137.6427 -0.1728036 0.9847748 0.01891007 -12.60224 -0.004948505 -0.02006666 0.9997864 -3.376642
0.9845456 0.1750834 0.003952663 139.0312 -0.1751213 0.9844548 0.0134692 -12.87337 -0.001532985 -0.01395324 0.9999015 -3.311179
0.9842126 0.1769608 0.003234467 140.4022 -0.1769883 0.9841248 0.01317402 -13.11637 -0.0008518334 -0.0135385 0.999908 -3.444215
0.9838352 0.1789838 0.005746254 141.7539 -0.1790416 0.9837691 0.01195365 -13.39022 -0.003513476 -0.01278924 0.999912 -3.472072
0.9834604 0.181118 0.001382612 143.112 -0.1811201 0.9833699 0.01337243 -13.64785 0.001062369 -0.01340168 0.9999096 -3.482759
0.9828923 0.1841633 0.002555826 144.4733 -0.1841803 0.9828331 0.01079373 -13.92033 -0.0005241417 -0.0110798 0.9999385 -3.558598
0.982582 0.1857739 0.004556282 145.8114 -0.1858156 0.9825144 0.01174341 -14.18713 -0.002294992 -0.0123855 0.9999207 -3.555045
0.9822345 0.1876391 0.002613635 147.1474 -0.1876571 0.9821577 0.012284 -14.4532 -0.0002620438 -0.01255623 0.9999211 -3.620658
0.9817629 0.1899989 0.006484642 148.4795 -0.190066 0.9816967 0.01209069 -14.73814 -0.004068734 -0.0131027 0.9999059 -3.650852
0.9813976 0.1919461 0.003930691 149.791 -0.1919807 0.9813193 0.01248929 -15.00427 -0.001459993 -0.01301157 0.9999143 -3.700755
0.98088 0.1945757 0.003826262 151.0912 -0.1946082 0.9808069 0.01205354 -15.27594 -0.001407498 -0.0125677 0.99992 -3.746604
0.9802842 0.1975928 0.0002088057 152.3851 -0.1975766 0.9801896 0.01385278 -15.53681 0.002532539 -0.01362091 0.999904 -3.790699
0.9794885 0.2014893 -0.002087297 153.6632 -0.2014458 0.9794126 0.01307549 -15.8117 0.004678898 -0.01238682 0.9999123 -3.837298
0.9787906 0.2048255 -0.003914885 154.9342 -0.2047583 0.9787228 0.01325843 -16.0829 0.006547252 -0.01217562 0.9999045 -3.877806
0.9777694 0.2095688 -0.006925651 156.1842 -0.2094774 0.9777397 0.01201398 -16.3646 0.00928924 -0.01029614 0.9999039 -3.908611
0.9766741 0.2146139 -0.006969711 157.42 -0.2145116 0.9766338 0.01309411 -16.64919 0.009617032 -0.01129359 0.99989 -3.952259
0.9755009 0.2198512 -0.007957501 158.6541 -0.2197171 0.9754484 0.01498912 -16.937 0.01105751 -0.0128735 0.999856 -3.983045
0.9743072 0.2251214 -0.006768286 159.8604 -0.2249965 0.9742352 0.01557652 -17.22272 0.01010051 -0.01365348 0.9998558 -4.034515
0.9730304 0.2305341 -0.008115767 161.0574 -0.230383 0.9729644 0.016242 -17.52454 0.01164069 -0.01393423 0.9998351 -4.068135
0.9718467 0.2355079 -0.007071049 162.2398 -0.2353764 0.9717768 0.01574302 -17.8195 0.01057909 -0.01363544 0.999851 -4.114165
0.9706127 0.2405371 -0.007275218 163.4094 -0.2404171 0.9705633 0.01437267 -18.12512 0.01051822 -0.01220121 0.9998702 -4.155907
0.969255 0.2459886 -0.005868278 164.572 -0.2458881 0.9691955 0.01411023 -18.43735 0.009158463 -0.01223347 0.9998832 -4.199018
0.9679589 0.2510692 -0.004453893 165.6974 -0.250986 0.9678881 0.01408701 -18.7549 0.007847685 -0.01251778 0.9998909 -4.241195
0.966743 0.2557307 -0.003136193 166.8221 -0.2556712 0.9666771 0.012957 -19.05872 0.006345189 -0.01172426 0.9999111 -4.273817
0.9652688 0.2612463 -0.00255231 167.9265 -0.2611927 0.9651983 0.01306794 -19.37631 0.005877435 -0.01194743 0.9999114 -4.318232
0.9639522 0.2660404 -0.004309969 169.0176 -0.2659581 0.9638821 0.01405979 -19.68504 0.007894775 -0.0124067 0.9998919 -4.357009
0.9626735 0.2706406 -0.003657878 170.111 -0.2705656 0.962598 0.0141233 -19.99784 0.007343404 -0.01260643 0.9998935 -4.398325
0.9612522 0.275628 -0.004849602 171.194 -0.2755527 0.9612066 0.01235175 -20.32339 0.008065959 -0.01053683 0.999912 -4.42707
0.960003 0.2799553 -0.004384866 172.2566 -0.2798835 0.9599526 0.01249168 -20.6439 0.007706375 -0.0107648 0.9999124 -4.467758
0.9585023 0.2850473 -0.004629703 173.3145 -0.284967 0.9584464 0.01319869 -20.96636 0.008199573 -0.01133166 0.9999022 -4.492019
0.9573348 0.2889343 -0.005209851 174.3895 -0.2888441 0.9572804 0.01354697 -21.29636 0.008901473 -0.01146415 0.9998947 -4.541643
0.9562496 0.2925158 -0.00460233 175.4437 -0.2924352 0.956194 0.01322236 -21.6327 0.00826847 -0.01129799 0.999902 -4.547439
0.9553799 0.2953344 -0.005180345 176.4898 -0.2952654 0.955351 0.01107373 -21.96453 0.0082195 -0.00905004 0.9999253 -4.601931
0.9547175 0.2974958 -0.003286366 177.5291 -0.2974527 0.9546869 0.009740391 -22.30407 0.006035175 -0.008321784 0.9999472 -4.620443
0.9539839 0.2998452 -0.002753388 178.542 -0.2997979 0.9539366 0.01123883 -22.63331 0.005996466 -0.009896202 0.9999331 -4.649686
0.9531448 0.3025098 -0.001643845 179.5539 -0.3024661 0.9530759 0.01266312 -22.96715 0.005397426 -0.01157258 0.9999185 -4.69283
0.9525856 0.3042428 -0.004120472 180.5686 -0.3041591 0.9525157 0.01417957 -23.29571 0.008238846 -0.01225397 0.999891 -4.72047
0.9519435 0.3062367 -0.004757351 181.5573 -0.3061267 0.9518532 0.01619338 -23.63035 0.009487307 -0.01395883 0.9998575 -4.754737
0.9514127 0.3079051 -0.002876698 182.5544 -0.3078214 0.9513059 0.01622555 -23.97054 0.00773255 -0.01455169 0.9998642 -4.782096
0.9503579 0.3111215 -0.004827259 183.5301 -0.3110187 0.9502809 0.01528071 -24.30311 0.009341409 -0.01302078 0.9998716 -4.839147
0.9496388 0.3133165 -0.004349135 184.5154 -0.3132346 0.9495788 0.01356411 -24.63256 0.008379708 -0.01151871 0.9998986 -4.852238
0.9493395 0.3142062 -0.005373383 185.4855 -0.3141054 0.9492798 0.01433386 -24.95116 0.009604631 -0.01191989 0.9998828 -4.871079
0.9485886 0.3164133 -0.007894554 186.4192 -0.3162386 0.9485111 0.01788825 -25.27227 0.01314815 -0.01447202 0.9998088 -4.960166
0.9478099 0.3186378 -0.01124231 187.367 -0.3183967 0.9477657 0.01907413 -25.60275 0.01673282 -0.01449913 0.9997548 -4.965952
0.9469633 0.3211679 -0.01057046 188.281 -0.3209454 0.9469167 0.01852011 -25.91778 0.01595741 -0.01414533 0.9997726 -5.013275
0.9461856 0.3234622 -0.01024563 189.1945 -0.3233207 0.9461949 0.0133696 -26.24674 0.01401893 -0.009337503 0.9998581 -5.027113
0.9451594 0.3265012 -0.0084055 190.0969 -0.3263932 0.9451573 0.01205618 -26.56807 0.01188088 -0.008651515 0.999892 -5.069782
0.9443372 0.3289252 -0.005946201 190.984 -0.3288437 0.944313 0.01160797 -26.89383 0.00943323 -0.009006471 0.9999149 -5.082298
0.9431123 0.3324669 -0.002234624 191.8519 -0.3323994 0.9430211 0.01489489 -27.215 0.007059356 -0.01330477 0.9998866 -5.148118
0.9411109 0.3380958 -0.001225381 192.7073 -0.338039 0.9410083 0.01526125 -27.55612 0.006312856 -0.0139483 0.9998828 -5.142902
0.9390304 0.3438332 0.0007452868 193.538 -0.343806 0.938924 0.01480914 -27.86898 0.004392106 -0.01416246 0.9998901 -5.194314
0.9366454 0.3502679 0.002771167 194.3647 -0.3502753 0.9365712 0.01190813 -28.20099 0.00157564 -0.01212436 0.9999253 -5.220161
0.9337224 0.3579597 0.005221089 195.168 -0.3579966 0.933658 0.01101404 -28.52761 -0.0009321286 -0.01215319 0.9999257 -5.241149
0.9298883 0.3678092 0.004908912 195.9621 -0.3678417 0.9298211 0.01118318 -28.8633 -0.0004511341 -0.01220481 0.9999254 -5.284616
0.9251289 0.3795684 0.00801553 196.7507 -0.3796324 0.9250927 0.009098394 -29.21582 -0.003961645 -0.01146014 0.9999265 -5.29221
0.9199763 0.3918316 0.01056444 197.5104 -0.391895 0.9199979 0.004714725 -29.5605 -0.007871887 -0.008477587 0.9999331 -5.315763
0.9142317 0.404762 0.01865845 198.2798 -0.4048423 0.9143863 0.0005832152 -29.92588 -0.01682497 -0.008086924 0.9998258 -5.334163
0.908742 0.4167808 0.02194999 199.0228 -0.4168994 0.9089521 0.0009187548 -30.28933 -0.01956858 -0.009985851 0.9997587 -5.353858
0.9030351 0.4289356 0.0232784 199.7466 -0.4291759 0.903199 0.00630573 -30.64983 -0.01832028 -0.01568483 0.9997091 -5.37548
0.8973287 0.440951 0.01905994 200.4737 -0.4412213 0.8972979 0.01344046 -31.01218 -0.01117585 -0.02047016 0.999728 -5.415326
0.8910851 0.4536529 0.01290088 201.1862 -0.4538169 0.8909496 0.01609267 -31.38519 -0.004193548 -0.02019458 0.9997873 -5.436357
0.8835136 0.4683551 0.006870894 201.8889 -0.4683986 0.8833258 0.01838956 -31.77398 0.002543606 -0.01946574 0.9998073 -5.453643
0.875563 0.4830484 0.00732829 202.5804 -0.4830986 0.8753802 0.01803111 -32.18235 0.002294856 -0.01932766 0.9998106 -5.478267
0.8662009 0.4996789 0.004114075 203.2715 -0.4996694 0.8660409 0.01742909 -32.60147 0.005145994 -0.01715277 0.9998397 -5.515856
0.8571151 0.5151239 0.001035336 203.9603 -0.515091 0.857034 0.01319439 -33.02914 0.005909425 -0.0118424 0.9999124 -5.534504
0.8486205 0.5289966 0.002390794 204.6259 -0.5289941 0.8485745 0.009283706 -33.46022 0.002882283 -0.009143059 0.999954 -5.553628
0.8394334 0.5434531 0.003224141 205.2507 -0.5434496 0.8393574 0.01189224 -33.89341 0.003756667 -0.0117349 0.9999241 -5.565781
0.8303746 0.5571682 0.006439753 205.8766 -0.5571851 0.8301896 0.01815931 -34.33214 0.004771575 -0.01866717 0.9998144 -5.622912
0.8208616 0.57109 0.006516202 206.4905 -0.5710701 0.8205649 0.02350207 -34.7837 0.008074829 -0.02301315 0.9997026 -5.638882
0.8115604 0.5842466 0.005070351 207.1035 -0.5841706 0.8112351 0.02534789 -35.24624 0.01069617 -0.02353329 0.9996659 -5.66862
0.8022839 0.5969023 0.006944852 207.7074 -0.596868 0.8019451 0.02515599 -35.70111 0.009446278 -0.0243274 0.9996594 -5.700787
0.7935973 0.6084025 0.007056509 208.3105 -0.6083834 0.7933028 0.02324438 -36.16945 0.00854399 -0.02273974 0.9997049 -5.721536
0.7860274 0.6181233 0.00919891 208.8882 -0.6181517 0.7857201 0.02307791 -36.64569 0.007037227 -0.02382619 0.9996914 -5.77095
0.7795178 0.6262997 0.01002893 209.4573 -0.6263511 0.7792282 0.02208817 -37.10884 0.006018992 -0.02349975 0.9997057 -5.781926
0.7724594 0.6349443 0.01233467 210.0073 -0.6350479 0.772155 0.02215371 -37.58022 0.004542096 -0.02494594 0.9996785 -5.823661
0.7656132 0.6432049 0.01113435 210.5223 -0.6432799 0.765332 0.02140189 -38.03875 0.005244326 -0.02354807 0.999709 -5.848383
0.7585083 0.6515784 0.01052622 211.0583 -0.6516321 0.7582141 0.02207124 -38.51738 0.006400018 -0.02360044 0.999701 -5.854517
0.7516338 0.6594872 0.01110193 211.5832 -0.6595533 0.7513429 0.02175421 -38.98411 0.006005273 -0.02367351 0.9997017 -5.918373
0.7446618 0.6673974 0.007709183 212.0866 -0.6674037 0.7444459 0.01929588 -39.45097 0.007138952 -0.01951405 0.9997841 -5.966893
0.7377107 0.6750374 0.01037096 212.5654 -0.6750379 0.7373019 0.02664477 -39.90783 0.01033968 -0.02665692 0.9995912 -5.987764
0.731472 0.6817883 0.01065165 213.024 -0.6816068 0.7306634 0.0392831 -40.35932 0.01899999 -0.03599472 0.9991714 -5.979895
0.7241809 0.6894177 0.01628695 213.4812 -0.689229 0.7227941 0.05032317 -40.82209 0.02292157 -0.04766852 0.9986002 -6.038917
0.7171059 0.6968445 0.01292448 213.9566 -0.6965595 0.7159342 0.04735943 -41.28775 0.02374908 -0.04296439 0.9987943 -6.128403
0.7099165 0.7042322 0.008685481 214.4695 -0.7041425 0.7094692 0.02892658 -41.78119 0.01420895 -0.02665128 0.9995438 -6.111456
0.7046349 0.7095662 0.002313242 214.9355 -0.709555 0.7045951 0.008790038 -42.26608 0.004607215 -0.00783514 0.9999587 -6.113344
0.6995032 0.7144507 0.01598104 215.3613 -0.7145506 0.6995831 0.0007988154 -42.73999 -0.01060935 -0.01197803 0.999872 -6.120696
0.6946895 0.7191636 0.01450053 215.7776 -0.719304 0.6946236 0.009990187 -43.19014 -0.002887829 -0.01737037 0.999845 -6.21051
0.6886672 0.7249501 0.01359809 216.1992 -0.725072 0.6884674 0.01682848 -43.64838 0.002837968 -0.02144882 0.9997659 -6.226252
0.6838984 0.7295503 0.006272583 216.6299 -0.7294919 0.6836617 0.02117843 -44.11362 0.0111624 -0.01905969 0.999756 -6.231798
0.6795235 0.7335371 0.01308483 217.082 -0.7336282 0.6795408 0.003759774 -44.62771 -0.00613374 -0.01215425 0.9999073 -6.166521
0.6747668 0.7377949 0.01866518 217.5048 -0.7374805 0.6750244 -0.02155333 -45.11166 -0.02850139 0.0007782662 0.9995934 -6.23612
0.6697488 0.7423466 0.01892213 217.9356 -0.7413518 0.6698867 -0.04061379 -45.59359 -0.04282519 0.01317308 0.9989957 -6.215508
0.6660169 0.7457831 0.01513204 218.3198 -0.7451091 0.6660963 -0.03358496 -46.02814 -0.0351265 0.01109314 0.9993213 -6.210642
0.6622921 0.7489947 0.01939472 218.6677 -0.7489425 0.6625388 -0.01130314 -46.46025 -0.02131574 -0.007039551 0.999748 -6.2762
0.6570831 0.7534577 0.02330871 219.063 -0.7538034 0.6569492 0.01407539 -46.92026 -0.004707424 -0.02681888 0.9996292 -6.233943
0.6520246 0.7578157 0.02406843 219.4405 -0.7581649 0.6513721 0.03000499 -47.38104 0.007060749 -0.03781183 0.9992599 -6.258852
0.6468344 0.7623298 0.02141424 219.8545 -0.7625946 0.646277 0.02784864 -47.87419 0.00739032 -0.03434384 0.9993827 -6.270068
0.6423094 0.7661693 0.02057137 220.2428 -0.7664433 0.6421391 0.01490154 -48.36087 -0.001792578 -0.02533819 0.9996773 -6.285129
0.6377445 0.7699139 0.02268429 220.6193 -0.7702174 0.6377051 0.009870579 -48.82898 -0.006866395 -0.02376674 0.9996939 -6.306734
0.6328984 0.7738841 0.02330095 220.9839 -0.7742259 0.6327491 0.01423561 -49.29206 -0.00372694 -0.0270499 0.9996271 -6.339373
0.6267849 0.7788536 0.02297193 221.3427 -0.7791917 0.6264732 0.01979438 -49.76182 0.001025629 -0.03030635 0.9995402 -6.361582
0.6190071 0.7851072 0.02090009 221.6995 -0.7853705 0.6186125 0.02261867 -50.22759 0.004829025 -0.03041543 0.9995257 -6.384358
0.6096946 0.7923901 0.01975764 222.0445 -0.7926177 0.6093193 0.02206988 -50.70298 0.005449241 -0.02911615 0.9995612 -6.396586
0.5997533 0.7999671 0.0186741 222.3787 -0.8001691 0.5994314 0.0202819 -51.18264 0.005031008 -0.02710657 0.9996199 -6.423483
0.5888256 0.808043 0.01873284 222.7182 -0.808246 0.5885205 0.01954076 -51.66436 0.004765111 -0.02664684 0.9996336 -6.441064
0.5762645 0.8170236 0.01979165 223.0444 -0.8172475 0.5759336 0.02017578 -52.14833 0.005085414 -0.02780126 0.9996005 -6.449683
0.5626122 0.826447 0.02128106 223.3345 -0.8267028 0.5622433 0.02109533 -52.6378 0.005469043 -0.0294616 0.9995509 -6.486458
0.5477914 0.8363069 0.02270404 223.632 -0.8365881 0.5473546 0.02287512 -53.12314 0.006703456 -0.03152472 0.9994805 -6.502934
0.5320163 0.8464509 0.02190025 223.9257 -0.8467014 0.5315901 0.02255182 -53.62135 0.007447049 -0.0305409 0.9995058 -6.532335
0.5155596 0.8565998 0.02085885 224.215 -0.8568076 0.5151263 0.02292866 -54.11456 0.008895744 -0.02969311 0.9995195 -6.553578
0.4991525 0.8663142 0.01861505 224.4836 -0.8664488 0.4987358 0.02300555 -54.61547 0.01064604 -0.02761227 0.999562 -6.571884
0.4824132 0.8757514 0.01836047 224.7375 -0.8758721 0.4819995 0.02289959 -55.11698 0.01120461 -0.02712848 0.9995692 -6.591116
0.4642813 0.8854966 0.01840172 224.988 -0.8856137 0.4638735 0.02257406 -55.62366 0.01145319 -0.02677753 0.9995758 -6.616387
0.446111 0.8947089 0.02193041 225.2034 -0.8949187 0.4456667 0.02239698 -56.13062 0.01026512 -0.02961748 0.9995086 -6.621815
0.4275584 0.9036247 0.0256174 225.421 -0.9039514 0.4271157 0.02107252 -56.64983 0.008100051 -0.03216662 0.9994497 -6.654685
0.4086291 0.9122999 0.02703662 225.632 -0.9126722 0.408204 0.01997465 -57.16574 0.007186416 -0.0328378 0.9994348 -6.669071
0.3885839 0.9210812 0.02473594 225.8333 -0.9213753 0.388184 0.01951385 -57.67615 0.008371747 -0.03037385 0.9995036 -6.70978
0.3681639 0.9294958 0.02220146 226.0203 -0.9297125 0.3677962 0.01899142 -58.19234 0.009486834 -0.02763293 0.9995731 -6.725612
0.3470468 0.9375904 0.02196964 226.1958 -0.9377778 0.3466395 0.02034287 -58.70879 0.01145774 -0.02766257 0.9995517 -6.728149
0.3246179 0.945475 0.02646125 226.3469 -0.9457629 0.3240933 0.02227077 -59.23922 0.01248055 -0.03225556 0.9994017 -6.740489
0.3014168 0.9530063 0.03044361 226.481 -0.9534114 0.3008209 0.02265686 -59.76262 0.01243405 -0.03585444 0.9992797 -6.768158
0.2784603 0.9598985 0.03247338 226.613 -0.9603732 0.2778584 0.02186179 -60.30371 0.0119621 -0.0372742 0.9992335 -6.789021
0.2557072 0.9662141 0.03230996 226.7342 -0.9666602 0.2550733 0.02248407 -60.8281 0.01348301 -0.0369821 0.999225 -6.821587
0.2330756 0.971939 0.03178535 226.8381 -0.9723504 0.2324375 0.02253036 -61.35857 0.01451004 -0.03615777 0.9992408 -6.831231
0.2106783 0.9769697 0.03383494 226.9209 -0.9774332 0.2099785 0.02309533 -61.89595 0.01545883 -0.03793709 0.9991605 -6.849545
0.1895429 0.9812118 0.03601381 227.0173 -0.9817277 0.1887578 0.02411082 -62.4279 0.01685993 -0.03992579 0.9990604 -6.865957
0.169198 0.9848571 0.03779567 227.0889 -0.985429 0.1683714 0.02409589 -62.96235 0.0173673 -0.04132193 0.9989949 -6.891299
0.148932 0.9881127 0.03811035 227.1557 -0.9887077 0.1481526 0.02253446 -63.49987 0.01662044 -0.0410361 0.9990194 -6.915455
0.1303532 0.990827 0.03563643 227.1961 -0.9913464 0.1296909 0.02031383 -64.02596 0.01550577 -0.03797602 0.9991583 -6.944185
0.1115662 0.9931775 0.03393139 227.2477 -0.9936426 0.1109701 0.01897349 -64.57047 0.01507867 -0.03583248 0.999244 -6.945682
0.09374744 0.9949637 0.03547804 227.275 -0.9955068 0.09320247 0.01672155 -65.11136 0.0133307 -0.03688623 0.9992306 -6.959045
0.07674915 0.9963478 0.03742703 227.2937 -0.9969777 0.07623589 0.01495735 -65.63488 0.01204944 -0.03846187 0.9991874 -6.99216
0.0601024 0.9974549 0.03835702 227.3151 -0.9981154 0.05957663 0.01470662 -66.17215 0.01238401 -0.03916863 0.9991559 -7.003048
0.04476112 0.9983197 0.03680032 227.3255 -0.9989094 0.04423702 0.01493436 -66.71266 0.01328133 -0.03742866 0.999211 -7.030593
0.03003561 0.9989085 0.03577341 227.3363 -0.9994437 0.02949429 0.01556617 -67.25645 0.01449407 -0.03622105 0.9992387 -7.03892
0.01693702 0.9992617 0.0344829 227.3211 -0.9997339 0.01638472 0.01623499 -67.78521 0.01565801 -0.0347487 0.9992734 -7.051148
0.005208969 0.9993751 0.03496094 227.3041 -0.9998639 0.004657745 0.01583293 -68.31408 0.0156602 -0.03503865 0.9992632 -7.066842
-0.005563498 0.9993693 0.03507238 227.2996 -0.9998804 -0.006065547 0.01422259 -68.84842 0.01442636 -0.03498906 0.9992836 -7.077472
-0.0147258 0.9992707 0.03522772 227.2867 -0.9998048 -0.01517957 0.01264556 -69.37989 0.01317108 -0.03503462 0.9992993 -7.115441
-0.02288449 0.9991375 0.0346472 227.2663 -0.99965 -0.02332884 0.01247195 -69.92708 0.01326947 -0.03434967 0.9993218 -7.107739
-0.0305078 0.9988631 0.03663084 227.2401 -0.9994694 -0.0309037 0.01028703 -70.47498 0.01140736 -0.03629757 0.9992759 -7.11804
-0.03758514 0.9983843 0.04261667 227.196 -0.9992324 -0.03802013 0.009441199 -71.02291 0.01104624 -0.0422291 0.9990469 -7.125908
-0.04261351 0.9979603 0.04753295 227.1504 -0.9990178 -0.04314041 0.01011732 -71.56655 0.01214728 -0.04705513 0.9988185 -7.148912
-0.04699576 0.9977902 0.0469692 227.13 -0.9988369 -0.04744816 0.008563267 -72.12019 0.01077294 -0.04651214 0.9988596 -7.180256
-0.05070961 0.9977764 0.04325268 227.0956 -0.9986868 -0.05097711 0.005105501 -72.67094 0.007299045 -0.04293697 0.9990511 -7.174808
-0.05244529 0.9975569 0.04615089 227.0572 -0.9985976 -0.05272341 0.00483056 -73.22621 0.007251995 -0.04583282 0.9989228 -7.182615
-0.05406773 0.9972305 0.05106917 227.0183 -0.9985016 -0.05442744 0.005678777 -73.77554 0.008442616 -0.05068561 0.998679 -7.179626
-0.05395842 0.9969449 0.05647412 226.9665 -0.9984951 -0.05442446 0.006742418 -74.31434 0.009795392 -0.05602532 0.9983813 -7.215654
-0.05232298 0.9970592 0.05599196 226.9349 -0.9985706 -0.05285031 0.007975174 -74.86527 0.01091092 -0.05549463 0.9983994 -7.235307
-0.05040216 0.997287 0.05364817 226.9075 -0.9986562 -0.05097437 0.009348558 -75.42069 0.01205788 -0.05310488 0.9985161 -7.251624
-0.04909265 0.9974914 0.0509991 226.8799 -0.9987065 -0.04970104 0.01073176 -75.96213 0.01323955 -0.05040628 0.998641 -7.254067
-0.04765868 0.9975482 0.05124581 226.8496 -0.9987653 -0.048311 0.01156656 -76.50636 0.01401394 -0.05063129 0.9986191 -7.262548
-0.04539013 0.9975413 0.05339435 226.8112 -0.9988749 -0.04605591 0.01130359 -77.04366 0.01373493 -0.0528212 0.9985095 -7.284701
-0.04410744 0.9976398 0.05262499 226.7829 -0.9989024 -0.04487175 0.01342823 -77.58045 0.01575792 -0.05197495 0.9985241 -7.308146
-0.04404974 0.9976684 0.05212876 226.7565 -0.9988599 -0.04494309 0.01609233 -78.1198 0.01839764 -0.05136047 0.9985107 -7.324568
-0.04324687 0.9977481 0.05126739 226.7272 -0.9988922 -0.04413497 0.01631607 -78.65894 0.01854201 -0.05050498 0.9985517 -7.33041
-0.04314935 0.9977648 0.05102605 226.6958 -0.9989403 -0.04390603 0.01380463 -79.19675 0.01601412 -0.05037632 0.9986019 -7.331672
-0.04335594 0.997802 0.05011676 226.6733 -0.9988566 -0.04430413 0.01796759 -79.70548 0.02014848 -0.04928044 0.9985817 -7.379013
-0.04478741 0.9980662 0.04310192 226.6429 -0.998303 -0.04632217 0.03528988 -80.20432 0.03721822 -0.04144823 0.9984472 -7.414946
-0.04452538 0.9979829 0.04525083 226.6146 -0.9976313 -0.04679573 0.05041772 -80.70006 0.05243357 -0.04289878 0.9977026 -7.438422
-0.04472625 0.997905 0.04674448 226.5765 -0.9973841 -0.04726481 0.05468955 -81.21825 0.05678434 -0.04417614 0.9974086 -7.44302
-0.04581738 0.9976528 0.05088815 226.5427 -0.9977899 -0.04815888 0.04578308 -81.74902 0.04812634 -0.04867803 0.9976544 -7.450382
-0.04813969 0.9975579 0.05060416 226.5133 -0.9985394 -0.04930747 0.02209006 -82.28287 0.02453128 -0.04946684 0.9984745 -7.48005
-0.05184674 0.9976777 0.04417256 226.4782 -0.998503 -0.05101609 -0.01972746 -82.84773 -0.01742814 -0.04512923 0.9988291 -7.514472
-0.05528951 0.9975777 0.04221025 226.4397 -0.9976757 -0.05350989 -0.04218847 -83.37589 -0.03982761 -0.04444473 0.9982176 -7.491402
-0.06039977 0.9971138 0.04599965 226.3913 -0.997663 -0.05882996 -0.03474898 -83.86087 -0.03194252 -0.04799099 0.9983369 -7.484018
-0.06720376 0.9964849 0.0500146 226.3388 -0.9977071 -0.06671476 -0.01138588 -84.33761 -0.008009151 -0.0506651 0.9986836 -7.564804
-0.07336366 0.9958163 0.05447401 226.2851 -0.997263 -0.07375407 0.005186256 -84.8417 0.009182239 -0.05394443 0.9985017 -7.525346
-0.07882202 0.9952716 0.05675854 226.2421 -0.9966198 -0.07999533 0.01870165 -85.33741 0.02315364 -0.05509258 0.9982128 -7.536659
-0.08555698 0.9949853 0.05180847 226.1927 -0.9959117 -0.08691764 0.02460133 -85.85486 0.02898103 -0.04949184 0.998354 -7.540612
-0.09153521 0.9945173 0.05056132 226.1349 -0.9956723 -0.092224 0.01145385 -86.38792 0.01605402 -0.04929408 0.9986553 -7.519549
-0.09659195 0.9939882 0.0515521 226.0697 -0.9953049 -0.09678179 0.001193745 -86.92438 0.00617587 -0.05119476 0.9986696 -7.542197
-0.1017119 0.9932126 0.05642131 226.0106 -0.9947826 -0.1019949 0.002152737 -87.43745 0.007892812 -0.05590798 0.9984047 -7.559709
-0.1063403 0.9928011 0.05511542 225.9473 -0.994224 -0.1069742 0.008670716 -87.95633 0.01450422 -0.05387503 0.9984424 -7.593309
-0.1116618 0.9921749 0.05586376 225.8675 -0.9935595 -0.112554 0.01308064 -88.48014 0.01926597 -0.05404336 0.9983527 -7.594578
-0.1164809 0.9917483 0.05354853 225.8055 -0.9929745 -0.1174166 0.01465947 -89.00871 0.02082599 -0.05146478 0.9984576 -7.599007
-0.1206816 0.9911474 0.05534209 225.7221 -0.9925157 -0.1215212 0.01205167 -89.54874 0.01867021 -0.05347347 0.9983947 -7.610433
-0.1254969 0.9905354 0.05558886 225.6425 -0.9919633 -0.1261927 0.00917721 -90.09076 0.01610526 -0.05399041 0.9984116 -7.616785
-0.1296054 0.9899231 0.05704953 225.5589 -0.9914123 -0.1303825 0.01009977 -90.62766 0.01743626 -0.05525062 0.9983203 -7.638294
-0.1331179 0.9894435 0.05728145 225.4789 -0.9909245 -0.1339602 0.01110615 -91.182 0.01866234 -0.05528317 0.9982963 -7.650648
-0.1360906 0.9890833 0.05651236 225.3957 -0.9905191 -0.1369238 0.01112839 -91.7394 0.01874479 -0.0544621 0.9983399 -7.665627
-0.1392167 0.9886626 0.05625816 225.3127 -0.9901091 -0.1399686 0.009635931 -92.29459 0.01740106 -0.05436023 0.9983698 -7.659747
-0.1419851 0.9882296 0.05694398 225.2252 -0.9897247 -0.1427108 0.008867474 -92.86607 0.01688962 -0.05509982 0.998338 -7.693914
-0.1440769 0.9878895 0.05758607 225.1354 -0.9893863 -0.1449169 0.01066507 -93.43954 0.01888111 -0.05543828 0.9982836 -7.693771
-0.1462529 0.9874477 0.05964188 225.0337 -0.9890462 -0.1471728 0.01130989 -94.01309 0.01994558 -0.05733446 0.9981558 -7.716368
-0.1476568 0.9872625 0.05924752 224.9389 -0.9888117 -0.1486411 0.01254259 -94.59966 0.02118945 -0.05673264 0.9981645 -7.733161
-0.1486717 0.9871382 0.05877692 224.8524 -0.9886481 -0.1496785 0.01308643 -95.19054 0.02171576 -0.05616411 0.9981853 -7.749597
-0.1503847 0.9870238 0.05628876 224.7555 -0.9883683 -0.1514052 0.01430268 -95.78003 0.02263949 -0.05348312 0.9983121 -7.767341
-0.1518046 0.986729 0.05763111 224.6568 -0.9881848 -0.152758 0.01249054 -96.38153 0.02112838 -0.05505407 0.9982598 -7.776175
-0.1531167 0.9866086 0.05620301 224.5565 -0.9880047 -0.1539913 0.01155019 -96.99628 0.02005029 -0.05376031 0.9983525 -7.781514
-0.1543239 0.9863649 0.05717079 224.4519 -0.9878171 -0.1552073 0.01132281 -97.60897 0.02004174 -0.0547269 0.9983002 -7.80372
-0.1555331 0.9861919 0.05687657 224.3438 -0.9876138 -0.1564474 0.01196238 -98.22713 0.02069539 -0.05431154 0.9983096 -7.819396
-0.15599 0.9861432 0.05646929 224.2404 -0.9875557 -0.1568616 0.01131902 -98.86665 0.02002003 -0.05400092 0.9983402 -7.828398
-0.1564909 0.9860463 0.05677207 224.1335 -0.9874585 -0.1574128 0.01211781 -99.49948 0.02088537 -0.05416374 0.9983136 -7.861806
-0.1568114 0.9859576 0.05742761 224.0167 -0.9874163 -0.157718 0.01158376 -100.1397 0.02047846 -0.05488849 0.9982825 -7.852963
-0.1556331 0.9861031 0.05812897 223.9057 -0.9875836 -0.1566002 0.01244106 -100.7885 0.02137118 -0.05547098 0.9982315 -7.881896
-0.1532445 0.9864656 0.058323 223.8001 -0.987956 -0.1542211 0.0126012 -101.4608 0.0214253 -0.05568949 0.9982182 -7.891753
-0.150273 0.9869276 0.05824125 223.6946 -0.9883827 -0.1513281 0.01412633 -102.1122 0.0227552 -0.05544183 0.9982026 -7.926716
-0.1472174 0.9874272 0.05757122 223.5941 -0.9888313 -0.1482944 0.01488149 -102.7899 0.02323188 -0.05473741 0.9982305 -7.933321
-0.1431693 0.988051 0.05707775 223.4868 -0.989407 -0.1442879 0.01596279 -103.4719 0.02400768 -0.05418774 0.9982421 -7.946547
-0.1397411 0.9885235 0.05739111 223.3748 -0.9899223 -0.1408116 0.01503102 -104.1446 0.02293985 -0.0547123 0.9982386 -7.975092
-0.1358011 0.9891113 0.05671664 223.2874 -0.9904699 -0.1368688 0.01536541 -104.838 0.02296084 -0.05408949 0.9982721 -7.997786
-0.1321803 0.9896939 0.05508551 223.1978 -0.990921 -0.1333134 0.01741553 -105.5299 0.02457968 -0.05228339 0.9983298 -8.008652
-0.1285092 0.990284 0.05313172 223.0987 -0.9913509 -0.1297166 0.0199253 -106.2277 0.02662378 -0.0501116 0.9983887 -8.047294
-0.1245453 0.9909594 0.04988026 223.0149 -0.9918441 -0.1257139 0.02100996 -106.9426 0.02709067 -0.04685675 0.9985342 -8.052763
-0.1207191 0.9915064 0.04839406 222.9181 -0.9923221 -0.1218523 0.02118217 -107.659 0.02689918 -0.04546541 0.9986037 -8.103096
-0.1171725 0.9921538 0.04360861 222.8303 -0.9927297 -0.1182321 0.02256195 -108.3764 0.02754086 -0.04064792 0.9987939 -8.076396
-0.1135042 0.9925859 0.04347406 222.7469 -0.993062 -0.1146948 0.02594147 -109.1006 0.03073539 -0.04022798 0.9987177 -8.151735
-0.1116585 0.9929001 0.04100938 222.6656 -0.9932545 -0.1128068 0.02683431 -109.8202 0.03126992 -0.03773647 0.9987984 -8.178494
-0.1114602 0.9931899 0.03391603 222.573 -0.9933985 -0.1122855 0.02348044 -110.5501 0.02712882 -0.031075 0.9991488 -8.192492
-0.1121601 0.9931155 0.0337857 222.4773 -0.9934479 -0.1128185 0.01825283 -111.3142 0.02193882 -0.0315171 0.9992624 -8.200521
-0.1114687 0.993107 0.03623888 222.3752 -0.9936357 -0.1119746 0.0122394 -112.0644 0.01621287 -0.03464394 0.9992682 -8.220754
