1.0 0.0 0.0 0.0 0.0 1.0 0.0 0.0 0.0 0.0 1.0 0.0
0.9999919 -0.004017923 0.0002399372 0.3706557 0.004018004 0.9999919 -0.0003336793 0.04742084 -0.0002385945 0.0003346406 0.9999999 0.004977644
0.9999846 -0.00480875 -0.002769338 0.5345338 0.004809541 0.9999883 0.0002792838 0.1016984 0.002767963 -0.0002925988 0.9999961 0.005782044
0.9999902 -0.003137156 -0.003106709 0.7441553 0.003143654 0.9999928 0.002089067 0.1778221 0.003100133 -0.002098813 0.999993 -0.01316844
0.9999835 -0.003746064 -0.004345016 1.056645 0.003758319 0.9999889 0.002815847 0.2389844 0.00433442 -0.002832131 0.9999866 0.0234468
0.9999834 -0.004909066 -0.003015712 1.70684 0.004918192 0.9999833 0.003025931 0.2841738 0.003000807 -0.003040713 0.9999909 -0.008718523
0.9999682 -0.007134637 -0.00355206 2.439298 0.007147169 0.9999682 0.003527832 0.3109341 0.003526778 -0.003553107 0.9999875 -0.01052274
0.999953 -0.008271175 -0.00505091 3.68478 0.008293564 0.9999559 0.004427886 0.3399929 0.005014063 -0.004469568 0.9999775 -0.03175818
0.9999562 -0.007846583 -0.00510912 4.792292 0.007862223 0.9999644 0.003048337 0.3549609 0.005085019 -0.003088373 0.9999823 -0.0762298
0.999936 -0.009093858 -0.006730109 6.630802 0.009108391 0.9999563 0.002131756 0.3851761 0.006710429 -0.00219292 0.9999751 -0.06850225
0.9999429 -0.009159029 -0.00550745 8.491779 0.009168536 0.9999565 0.001703329 0.3791419 0.00549161 -0.001753727 0.9999834 -0.1470573
0.999959 -0.007891629 -0.004439895 10.43114 0.007899513 0.9999671 0.001761009 0.4036525 0.004425852 -0.001796009 0.9999886 -0.1384094
0.9999657 -0.007558134 -0.003388172 13.02786 0.007567292 0.9999678 0.002698108 0.4179228 0.00336767 -0.002723654 0.9999906 -0.1876206
0.9999751 -0.007053633 -1.133669e-05 15.87072 0.007053636 0.9999707 0.002948198 0.3721295 -9.459153e-06 -0.002948205 0.9999956 -0.2493928
0.9999667 -0.007346078 -0.003562526 18.70647 0.007364538 0.9999593 0.005196636 0.384611 0.003524206 -0.005222699 0.9999802 -0.2808163
0.9999737 -0.006506706 -0.003220479 21.4677 0.006521157 0.9999686 0.004497285 0.3444271 0.003191115 -0.004518168 0.9999847 -0.3849599
0.9999624 -0.007460929 -0.004419445 24.2386 0.00747963 0.9999629 0.004230523 0.357263 0.004387718 -0.00426342 0.9999813 -0.3799409
0.9999592 -0.008219926 -0.003746664 27.00771 0.008230207 0.9999624 0.002737364 0.3503263 0.003724022 -0.002768088 0.9999892 -0.4790173
0.9999594 -0.008818498 -0.001845398 29.78835 0.00882308 0.999958 0.00249014 0.3404633 0.001823361 -0.002506321 0.9999952 -0.5161901
0.9999472 -0.009595044 -0.003662148 32.57378 0.009613007 0.9999418 0.004919449 0.3455563 0.003614733 -0.004954394 0.9999812 -0.5593188
0.9999448 -0.01000521 -0.003214495 35.35772 0.01001001 0.9999489 0.001478911 0.3366182 0.003199533 -0.001511007 0.9999937 -0.6632564
0.9999368 -0.01073437 -0.003335034 38.13802 0.01074101 0.9999404 0.00197806 0.3462775 0.003313602 -0.002013757 0.9999925 -0.6447182
0.9999303 -0.01100218 -0.004295196 40.91393 0.01099831 0.9999392 -0.0009230562 0.3497762 0.004305091 0.0008757519 0.9999903 -0.7343814
0.9999302 -0.01128467 -0.003507107 43.67178 0.01127988 0.9999354 -0.001383901 0.3453018 0.003522498 0.001344244 0.9999929 -0.7561062
0.9999282 -0.01139644 -0.003713769 46.43953 0.01139919 0.9999349 0.000719499 0.3581626 0.003705327 -0.0007617812 0.9999928 -0.7970514
0.9999332 -0.0109165 -0.003783835 49.19182 0.01092573 0.9999373 0.002426873 0.3419972 0.003757105 -0.002468053 0.9999899 -0.8507041
0.9999374 -0.01004779 -0.004926336 51.89915 0.01006868 0.9999403 0.004234558 0.3389131 0.004883495 -0.004283895 0.9999789 -0.8746557
0.9999394 -0.009810168 -0.004987253 54.62975 0.009824896 0.9999475 0.002937336 0.3297977 0.004958176 -0.002986157 0.9999833 -0.96776
0.9999444 -0.009215191 -0.005123061 57.35111 0.009231802 0.9999522 0.003228363 0.3193767 0.005093066 -0.003275479 0.9999816 -0.9721612
0.9999487 -0.008577475 -0.00538489 60.15718 0.008593062 0.9999589 0.002878068 0.3116433 0.005359983 -0.002924193 0.9999813 -1.060317
0.9999579 -0.007861431 -0.004744715 62.95198 0.00787452 0.9999652 0.002746162 0.3004281 0.004722961 -0.002783408 0.999985 -1.091374
0.9999598 -0.006643192 -0.006030942 65.72188 0.006674234 0.9999645 0.005141619 0.2939589 0.005996571 -0.005181664 0.9999686 -1.138029
0.9999743 -0.005478259 -0.004617796 68.51346 0.005502034 0.9999715 0.005151649 0.2734157 0.004589443 -0.005176924 0.999976 -1.208735
0.9999692 -0.004618765 -0.006336472 71.30875 0.004661746 0.9999661 0.006785327 0.2632719 0.006304918 -0.006814657 0.9999569 -1.229416
0.9999846 -0.004303137 -0.003507824 74.07278 0.00432469 0.9999717 0.006160274 0.2623794 0.003481216 -0.006175349 0.9999748 -1.335207
0.9999819 -0.003594777 -0.004813925 76.86335 0.003621747 0.9999777 0.005605398 0.2348639 0.004793668 -0.005622732 0.9999727 -1.3546
0.9999757 -0.002691678 -0.006421529 79.62473 0.002728842 0.9999796 0.005785621 0.2105524 0.006405825 -0.005803004 0.9999626 -1.431007
0.9999889 -0.001485298 -0.004462466 82.31888 0.001512874 0.9999796 0.006182696 0.1764635 0.004453193 -0.006189379 0.9999709 -1.495004
0.9999782 -0.0008471799 -0.006537642 85.08765 0.0008960512 0.9999717 0.007476063 0.163728 0.006531123 -0.007481759 0.9999507 -1.521362
0.9999911 7.6021e-05 -0.004213574 87.8682 -4.510427e-05 0.9999731 0.00733702 0.1178436 0.004214019 -0.007336765 0.9999642 -1.626883
0.9999854 0.0006902582 -0.005357971 90.63686 -0.0006498893 0.9999715 0.007532441 0.09642192 0.005363017 -0.007528849 0.9999573 -1.637055
0.9999905 0.0006887179 -0.004300395 93.41747 -0.0006624735 0.9999812 0.006101245 0.06898614 0.004304517 -0.006098338 0.9999722 -1.736393
0.9999921 0.000824494 -0.003894679 96.17625 -0.0008055695 0.9999878 0.004858138 0.03586356 0.003898637 -0.004854962 0.9999806 -1.770376
0.9999914 0.001276536 -0.003940453 98.93645 -0.00125613 0.9999858 0.005176971 0.003665467 0.003947006 -0.005171977 0.9999788 -1.822961
0.9999962 0.00126538 -0.002431722 101.7184 -0.001255568 0.9999911 0.00403232 -0.02454961 0.002436803 -0.004029251 0.9999889 -1.904907
0.9999895 0.001695916 -0.004257127 104.5135 -0.001671122 0.9999816 0.005820943 -0.06099688 0.00426692 -0.005813768 0.999974 -1.9008
0.9999858 0.002647731 -0.004630136 107.2477 -0.002620059 0.9999788 0.005972293 -0.1145346 0.00464585 -0.005960077 0.9999714 -2.005394
0.9999911 0.002238314 -0.003581778 110.0176 -0.002213573 0.9999738 0.006896602 -0.1386742 0.003597121 -0.006888613 0.9999698 -2.02151
0.9999926 0.002605646 -0.002828897 112.7881 -0.002583873 0.9999673 0.007673164 -0.1692794 0.002848798 -0.007665798 0.9999666 -2.113766
0.9999944 0.003270257 -0.00072337 115.5466 -0.003263482 0.9999526 0.009176538 -0.2120128 0.0007533453 -0.009174126 0.9999576 -2.183939
0.9999862 0.003339532 -0.004048954 118.3469 -0.003294872 0.9999341 0.01098709 -0.2467998 0.004085379 -0.0109736 0.9999315 -2.23319
0.9999912 0.003559362 -0.002225394 121.1305 -0.003539048 0.9999527 0.009066294 -0.2827976 0.002257559 -0.009058339 0.9999564 -2.337086
0.9999859 0.003426417 -0.004041482 123.9204 -0.00339899 0.9999713 0.006773869 -0.3133549 0.004064576 -0.006760037 0.9999689 -2.350736
0.9999914 0.003596487 -0.002074809 126.6878 -0.003585982 0.9999809 0.005045016 -0.3612514 0.002092913 -0.005037532 0.9999851 -2.45142
0.9999943 0.003225854 -0.001011191 129.4647 -0.003217713 0.999963 0.007952144 -0.3978776 0.001036806 -0.007948846 0.9999679 -2.480142
0.9999917 0.003246594 -0.002461942 132.2551 -0.00322291 0.9999492 0.009563666 -0.4377427 0.002492866 -0.009555653 0.9999512 -2.548319
0.9999955 0.002863091 0.0008901109 135.0359 -0.002872329 0.99994 0.01055581 -0.4766336 -0.0008598354 -0.01055832 0.9999439 -2.644551
0.9999909 0.002743233 -0.003245875 137.8154 -0.002707633 0.9999367 0.0109218 -0.5156029 0.003275631 -0.01091291 0.9999351 -2.674005
0.9999937 0.002682193 -0.002331278 140.5995 -0.002657056 0.9999391 0.01071945 -0.5607221 0.002359887 -0.01071319 0.9999398 -2.799824
0.999992 0.002673003 -0.002979135 143.3865 -0.002641341 0.9999406 0.01058159 -0.5974749 0.003007242 -0.01057363 0.9999396 -2.811326
0.9999943 0.002136519 -0.002598719 146.1513 -0.002112168 0.9999543 0.009336991 -0.6353216 0.002618548 -0.00933145 0.999953 -2.928599
0.9999984 0.001777739 -0.0002897769 148.9401 -0.001774244 0.9999306 0.0116449 -0.6684865 0.0003104584 -0.01164436 0.9999322 -2.960467
0.9999945 0.001515257 -0.002946115 151.7504 -0.001473131 0.9998974 0.01424896 -0.6986696 0.002967404 -0.01424454 0.9998941 -3.064992
0.9999996 0.0008736213 -2.100796e-05 154.5199 -0.000873275 0.9999154 0.01297747 -0.7361268 3.234357e-05 -0.01297745 0.9999158 -3.134818
0.9999977 0.0002754494 -0.0021432 157.2981 -0.000249966 0.9999293 0.01188154 -0.7660275 0.002146321 -0.01188098 0.9999271 -3.212549
0.9999999 -0.0002999761 0.0001788344 160.0606 0.0002983284 0.999958 0.009143477 -0.8030822 -0.0001815698 -0.009143423 0.9999582 -3.317717
0.9999994 -0.0008049575 -0.0007180739 162.8641 0.0008112641 0.9999607 0.008826007 -0.8204553 0.0007109411 -0.008826585 0.9999608 -3.341573
0.9999967 -0.001038119 -0.002340864 165.6012 0.001056337 0.9999691 0.007794838 -0.8558828 0.002332699 -0.007797285 0.9999669 -3.453916
0.999999 -0.001363978 -0.0003973179 168.3431 0.00136778 0.9999517 0.009732442 -0.8866541 0.0003840239 -0.009732975 0.9999526 -3.486995
0.9999919 -0.00109504 -0.003877683 171.1111 0.001137515 0.9999393 0.01096849 -0.9104785 0.003865436 -0.01097281 0.9999323 -3.590002
0.9999968 -0.0001793859 -0.002525356 173.8352 0.0002060999 0.9999441 0.01058205 -0.9578698 0.002523317 -0.01058253 0.9999408 -3.66766
0.9999769 0.001387241 -0.006647941 176.6007 -0.001317476 0.9999442 0.01048718 -0.9856969 0.006662118 -0.01047818 0.9999229 -3.707814
0.9999647 0.003334765 -0.007714678 179.3197 -0.003258117 0.9999455 0.009926684 -1.029871 0.00774736 -0.009901198 0.999921 -3.844389
0.9999567 0.005758496 -0.007303944 182.0366 -0.005689743 0.9999396 0.009399149 -1.067454 0.007357629 -0.009357185 0.9999291 -3.859743
0.9999351 0.007855141 -0.008251532 184.7681 -0.007777319 0.9999254 0.009421371 -1.111988 0.008324922 -0.009356584 0.9999216 -3.975444
0.9999459 0.009053501 -0.005109313 187.4975 -0.009011553 0.999926 0.00817446 -1.162183 0.005182942 -0.008127976 0.9999535 -4.032941
0.9999242 0.01037898 -0.00661653 190.2119 -0.01032702 0.9999161 0.007839327 -1.20916 0.006697338 -0.007770404 0.9999474 -4.068021
0.9999211 0.01161238 -0.004777033 192.8916 -0.01158411 0.9999155 0.005904372 -1.284398 0.004845193 -0.005848569 0.9999712 -4.198853
0.9998993 0.01354245 -0.004238792 195.6202 -0.01351754 0.9998916 0.005851517 -1.338089 0.004317576 -0.00579363 0.9999739 -4.194578
0.9998657 0.01482737 -0.00698264 198.2808 -0.01477162 0.9998591 0.007970282 -1.404277 0.007099835 -0.007866067 0.9999439 -4.28956
0.9998576 0.01625671 -0.004531108 200.9624 -0.01622324 0.9998415 0.007327481 -1.472452 0.004649511 -0.007252929 0.9999629 -4.373205
0.9998329 0.01757818 -0.005023614 203.6851 -0.01753394 0.9998082 0.008719286 -1.542114 0.00517592 -0.008629745 0.9999494 -4.398659
0.999835 0.01797379 -0.002613053 206.3512 -0.01794967 0.9997985 0.008978321 -1.624591 0.002773901 -0.008929937 0.9999563 -4.516188
0.9998452 0.0175952 -5.906223e-05 209.0164 -0.01759375 0.9997957 0.009942195 -1.708867 0.0002339851 -0.009939617 0.9999506 -4.547897
0.9998616 0.01637813 -0.002914044 211.6868 -0.01635031 0.9998229 0.009330467 -1.762521 0.003066343 -0.00928153 0.9999522 -4.631616
0.9998832 0.01527022 0.0005352072 214.3496 -0.01527364 0.999858 0.00710438 -1.839764 -0.0004266458 -0.007111725 0.9999746 -4.727619
0.9999015 0.01403715 -0.0002202411 217.0252 -0.01403421 0.9998505 0.01009479 -1.897358 0.0003619102 -0.0100907 0.999949 -4.745823
0.9999117 0.01328384 -0.0001799398 219.6623 -0.01328055 0.9998338 0.01248594 -1.97096 0.0003457711 -0.01248244 0.999922 -4.860931
0.9999194 0.01268071 0.0006298016 222.331 -0.01268674 0.9998618 0.0107258 -2.039076 -0.0004937039 -0.01073293 0.9999423 -4.917568
0.9999285 0.0119055 -0.001148867 224.9769 -0.01189638 0.9999001 0.007640888 -2.0888 0.001239721 -0.007626674 0.9999701 -4.975219
0.9999254 0.01218927 -0.0008041161 227.6103 -0.01218301 0.9998986 0.007378022 -2.168617 0.0008939672 -0.007367675 0.9999725 -5.071239
0.9999227 0.01226971 -0.002023307 230.2283 -0.0122483 0.9998722 0.01027351 -2.222837 0.002149101 -0.01024794 0.9999452 -5.110065
0.999913 0.01244143 -0.004391039 232.8802 -0.0123845 0.9998419 0.0127617 -2.277854 0.004549118 -0.01270621 0.9999089 -5.184433
0.9999153 0.01272075 -0.002748767 235.5019 -0.0126937 0.9998728 0.009645266 -2.347872 0.002871113 -0.009609558 0.9999497 -5.268773
0.9999149 0.01265728 -0.003141975 238.1362 -0.01262998 0.9998835 0.008559703 -2.41362 0.003249952 -0.008519291 0.9999585 -5.318295
0.9999113 0.01288678 -0.003357885 240.7412 -0.01286 0.9998864 0.007877472 -2.473242 0.003459019 -0.007833592 0.9999633 -5.404387
0.9999102 0.01324445 -0.002064237 243.3705 -0.01322682 0.9998778 0.008330044 -2.536885 0.002174312 -0.008301993 0.9999632 -5.46997
0.9999024 0.0133646 -0.004079892 245.9882 -0.01332044 0.9998543 0.01066425 -2.597939 0.004221822 -0.01060886 0.9999348 -5.503816
0.9999021 0.01327352 -0.004438931 248.5886 -0.01322083 0.9998443 0.01169481 -2.65455 0.004593471 -0.01163497 0.9999217 -5.608736
0.9999069 0.01322139 -0.003382856 251.215 -0.01319082 0.9998734 0.00890607 -2.722699 0.003500178 -0.008860618 0.9999546 -5.680804
0.9999024 0.01336356 -0.004064343 253.8199 -0.0133364 0.999889 0.006636974 -2.782983 0.004152586 -0.006582123 0.9999697 -5.730552
0.9998977 0.01323888 -0.005420647 256.4179 -0.0132163 0.9999039 0.004179429 -2.841385 0.005475457 -0.00410736 0.9999766 -5.800067
0.9999011 0.01354059 -0.003810317 259.0179 -0.01352065 0.9998951 0.005211511 -2.912541 0.003880484 -0.005159477 0.9999791 -5.868504
0.9998956 0.01386274 -0.004068979 261.6157 -0.01382378 0.9998598 0.009453322 -2.979729 0.004199457 -0.009396086 0.999947 -5.908885
0.9998816 0.01430627 -0.005672708 264.1631 -0.01425282 0.9998546 0.009353943 -3.040123 0.005805703 -0.009271983 0.9999402 -5.982714
0.9998884 0.0144338 -0.003857954 266.7606 -0.01441479 0.9998841 0.004910634 -3.114484 0.003928386 -0.004854474 0.9999805 -6.060211
0.9998899 0.01441223 -0.003539242 269.3724 -0.01440417 0.9998935 0.002293833 -3.171237 0.003571925 -0.0022426 0.9999911 -6.086096
0.9998868 0.01446955 -0.004131398 271.938 -0.01446978 0.9998953 -2.430444e-05 -3.23392 0.004130614 8.408209e-05 0.9999915 -6.157854
0.9998904 0.01479244 -0.0005348315 274.4956 -0.0147923 0.9998904 0.000259008 -3.305431 0.0005386043 -0.0002510683 0.9999998 -6.199041
0.9998884 0.01477966 -0.002162041 277.0417 -0.01476797 0.9998767 0.005326424 -3.370862 0.002240497 -0.005293901 0.9999835 -6.221254
0.99989 0.01481939 -0.0005128047 279.6103 -0.0148125 0.9998238 0.01153718 -3.440933 0.0006836883 -0.01152832 0.9999333 -6.30815
0.9998957 0.01439202 0.001237189 282.1335 -0.01440372 0.999846 0.01003739 -3.491669 -0.00109254 -0.01005416 0.9999489 -6.376664
0.9999001 0.01339139 0.004523661 284.7284 -0.01341149 0.9999002 0.004441767 -3.566181 -0.004463729 -0.004501992 0.9999799 -6.465503
0.9999171 0.01174794 0.005260241 287.2635 -0.01176907 0.9999226 0.004004673 -3.628423 -0.005212788 -0.004066249 0.9999781 -6.465307
0.9999349 0.01075278 0.00382185 289.7942 -0.01078688 0.9999013 0.009015569 -3.690904 -0.00372453 -0.009056209 0.9999521 -6.57053
0.9999349 0.009458061 0.006392195 292.3224 -0.009529442 0.9998916 0.01123009 -3.74082 -0.006285287 -0.01129027 0.9999165 -6.627226
0.9999632 0.008416843 0.001646518 294.8665 -0.008432034 0.9999198 0.009447772 -3.785114 -0.001566865 -0.009461308 0.999954 -6.644931
0.9999748 0.007081768 0.0005087467 297.4116 -0.007084679 0.9999572 0.005967375 -3.830588 -0.0004664653 -0.00597083 0.9999821 -6.770855
0.9999795 0.006102739 0.001934457 299.9488 -0.006111443 0.999971 0.004525769 -3.891426 -0.001906781 -0.004537499 0.9999879 -6.811679
0.9999893 0.004623572 0.0002070863 302.4825 -0.004624533 0.9999774 0.004903283 -3.925844 -0.0001844109 -0.004904188 0.999988 -6.842978
0.9999954 0.002982527 0.0006486921 304.994 -0.002986475 0.9999766 0.006173651 -3.959048 -0.0006302638 -0.006175559 0.9999807 -6.922684
0.9999959 0.002833826 0.0003397897 307.518 -0.002836617 0.9999597 0.008513984 -4.005347 -0.0003156489 -0.008514914 0.9999637 -6.975924
0.9999979 0.002068907 7.15846e-05 310.0561 -0.002069404 0.9999671 0.007835719 -4.034929 -5.537088e-05 -0.007835851 0.9999693 -7.046737
0.9999962 0.002010482 -0.001885156 312.5927 -0.002002969 0.9999901 0.003978858 -4.074649 0.001893137 -0.003975066 0.9999903 -7.107
0.9999948 0.001730511 -0.002710777 315.0905 -0.001725649 0.999997 0.001794921 -4.113975 0.002713875 -0.001790234 0.9999947 -7.16247
0.9999936 0.001259147 -0.003345974 317.6048 -0.001247325 0.999993 0.003533127 -4.13376 0.003350399 -0.003528931 0.9999881 -7.207108
0.9999889 0.000965691 -0.004603253 320.1445 -0.0009457011 0.9999901 0.004342773 -4.173563 0.004607401 -0.004338371 0.99998 -7.245926
0.9999921 0.0001416182 -0.003984138 322.6304 -0.00012385 0.9999901 0.004459645 -4.179307 0.003984731 -0.004459116 0.9999821 -7.331153
0.9999863 0.0001708314 -0.005229988 325.1451 -0.0001529494 0.9999942 0.003419339 -4.22468 0.005230541 -0.003418492 0.9999804 -7.371636
0.9999802 -0.0006166651 -0.006259855 327.6673 0.0006436031 0.9999905 0.004302202 -4.239588 0.006257143 -0.004306146 0.9999712 -7.403443
0.9999656 -0.000238995 -0.00828721 330.1601 0.0002750834 0.9999905 0.004353842 -4.28424 0.008286091 -0.004355972 0.9999562 -7.478047
0.9999701 -0.0001134324 -0.007727934 332.6365 0.0001306674 0.9999974 0.002229753 -4.296048 0.007727662 -0.002230696 0.9999676 -7.524786
0.9999474 0.001435771 -0.01015016 335.1129 -0.001433223 0.9999988 0.0002583834 -4.337253 0.01015052 -0.0002438224 0.9999484 -7.564143
0.9999248 0.003709745 -0.01168588 337.6451 -0.003707183 0.9999932 0.00024089 -4.360919 0.01168669 -0.0001975503 0.9999317 -7.595711
0.9998888 0.006349249 -0.0134893 340.1552 -0.006327308 0.9999785 0.001668598 -4.4024 0.01349961 -0.001583061 0.9999076 -7.651105
0.9998936 0.008251543 -0.0120302 342.6897 -0.008214016 0.9999611 0.003165423 -4.434919 0.01205585 -0.00306627 0.9999226 -7.703937
0.9998966 0.01005842 -0.01027543 345.1678 -0.01000783 0.9999377 0.0049628 -4.501527 0.01032471 -0.004859452 0.9999349 -7.728004
0.999912 0.01014418 -0.008547468 347.6501 -0.01011117 0.9999413 0.003896314 -4.530968 0.008586491 -0.003809547 0.9999559 -7.793514
0.9999054 0.0107974 -0.008522384 350.1476 -0.01077153 0.9999373 0.003075061 -4.580788 0.008555051 -0.002982971 0.9999589 -7.884268
0.9998918 0.01194292 -0.008582574 352.6636 -0.01193071 0.9999278 0.00147166 -4.638016 0.00859953 -0.001369104 0.9999621 -7.90375
0.9998638 0.01297173 -0.01020426 355.1326 -0.01296991 0.999916 0.0002449726 -4.701781 0.01020658 -0.0001125909 0.9999479 -7.950466
0.9998611 0.01324516 -0.01012 357.6081 -0.01324301 0.9999123 0.0002798934 -4.751832 0.01012282 -0.0001458352 0.9999487 -7.980059
0.9998575 0.01392081 -0.009552076 360.092 -0.01391022 0.9999026 0.001173692 -4.813456 0.009567484 -0.001040654 0.9999537 -8.041229
0.9998617 0.01451787 -0.008120119 362.5586 -0.01451279 0.9998945 0.0006846733 -4.879947 0.008129201 -0.0005667331 0.9999668 -8.077247
0.9998657 0.0145332 -0.007578734 365.0784 -0.01453516 0.9998943 -0.0002032874 -4.937877 0.007574979 0.0003134182 0.9999713 -8.100936
0.9998727 0.01428017 -0.007113584 367.5183 -0.01427996 0.999898 7.995975e-05 -4.995312 0.007114001 2.163214e-05 0.9999747 -8.162881
0.9998972 0.01305218 -0.005941305 370.0012 -0.01304314 0.9999138 0.001557537 -5.056803 0.005961122 -0.001479884 0.9999812 -8.202819
0.9999095 0.0116183 -0.006777025 372.468 -0.01160418 0.9999305 0.002118715 -5.101504 0.00680117 -0.002039881 0.9999748 -8.229947
0.9999264 0.01067629 -0.005751077 374.9629 -0.01066067 0.9999393 0.002740304 -5.163891 0.005779985 -0.002678792 0.9999797 -8.28476
0.9999275 0.009919585 -0.006830927 377.4174 -0.009914205 0.9999504 0.0008209649 -5.212648 0.006838732 -0.0007531821 0.9999763 -8.340977
0.9999391 0.008913256 -0.006514599 379.903 -0.008915102 0.9999602 -0.0002542668 -5.248423 0.006512073 0.0003123296 0.9999787 -8.384515
0.9999098 0.008430393 -0.01046017 382.3967 -0.008427268 0.9999644 0.0003429072 -5.304253 0.01046269 -0.0002547255 0.9999452 -8.410164
0.9999186 0.007606774 -0.01024168 384.8854 -0.007596373 0.9999704 0.001054083 -5.347769 0.0102494 -0.0009761979 0.999947 -8.456791
0.9999335 0.006631726 -0.009430814 387.363 -0.006615858 0.9999765 0.001712835 -5.395836 0.009441952 -0.001650328 0.999954 -8.501238
0.9999499 0.005667293 -0.00825063 389.8367 -0.005659414 0.9999835 0.0009779419 -5.437753 0.008256036 -0.0009311992 0.9999655 -8.522737
0.9999377 0.005632451 -0.009634165 392.322 -0.005623202 0.9999838 0.0009868771 -5.490593 0.009639567 -0.0009326408 0.9999531 -8.566499
0.9999512 0.005381112 -0.008282718 394.7918 -0.005368221 0.9999843 0.00157791 -5.527255 0.00829108 -0.001533369 0.9999645 -8.635032
0.9999515 0.004952999 -0.008508601 397.2837 -0.004935171 0.9999857 0.002114978 -5.561202 0.008518954 -0.002072884 0.9999616 -8.671589
0.9999384 0.004668458 -0.01007077 399.7808 -0.004650195 0.9999876 0.001836138 -5.599399 0.01007922 -0.001789194 0.9999476 -8.703721
0.9999293 0.004689164 -0.01092914 402.2634 -0.004667439 0.999987 0.00201239 -5.644097 0.01093843 -0.001961237 0.9999382 -8.766026
0.999925 0.004376747 -0.01144422 404.7296 -0.004352055 0.9999881 0.00218155 -5.671821 0.01145363 -0.002131581 0.9999321 -8.805923
0.9999175 0.005058479 -0.01180394 407.2098 -0.005017245 0.9999813 0.003520231 -5.72072 0.01182152 -0.003460717 0.9999241 -8.864364
0.99992 0.005340626 -0.0114693 409.6982 -0.005310226 0.9999824 0.002679399 -5.762387 0.01148341 -0.00261828 0.9999306 -8.889819
0.9999165 0.005240713 -0.01181328 412.1887 -0.005234032 0.9999862 0.0005964379 -5.793314 0.01181624 -0.000534557 0.99993 -8.947744
0.999939 0.005775816 -0.009413468 414.6253 -0.005783997 0.999983 -0.0008421426 -5.842086 0.009408442 0.0008965387 0.9999554 -8.998147
0.9999435 0.0061675 -0.008658641 417.1049 -0.00615801 0.9999803 0.001122223 -5.886249 0.008665393 -0.00106884 0.9999619 -9.027002
0.9999475 0.00630381 -0.008077273 419.5699 -0.006282445 0.9999766 0.002667769 -5.924597 0.008093903 -0.002616884 0.9999638 -9.073326
0.9999508 0.006641524 -0.007368497 422.0138 -0.006600336 0.9999624 0.00560018 -5.96018 0.007405414 -0.00555127 0.9999571 -9.135262
0.9999467 0.006877395 -0.007703695 424.4939 -0.006827075 0.9999552 0.006539371 -6.006382 0.007748325 -0.006486429 0.9999489 -9.188894
0.9999517 0.00729253 -0.006597868 426.9523 -0.007248573 0.9999516 0.006661803 -6.055235 0.00664613 -0.006613655 0.9999561 -9.258659
0.9999411 0.00702531 -0.008281291 429.4241 -0.00698328 0.9999627 0.005093283 -6.097123 0.008316763 -0.005035152 0.9999527 -9.294837
0.9999471 0.007330537 -0.007211874 431.8564 -0.007300915 0.9999648 0.004125307 -6.143761 0.007241861 -0.004072436 0.9999655 -9.372984
0.9999492 0.007336878 -0.006917986 434.3103 -0.007309382 0.9999654 0.003991615 -6.182856 0.006947032 -0.003940846 0.9999681 -9.437416
0.9999453 0.007760919 -0.007011693 436.7415 -0.007725526 0.9999572 0.005060714 -6.231561 0.00705067 -0.005006268 0.9999626 -9.459069
0.9999347 0.007662948 -0.008479246 439.1712 -0.007622466 0.9999593 0.004796231 -6.268868 0.008515655 -0.004731285 0.9999526 -9.521009
0.9999335 0.008208349 -0.0081052 441.6173 -0.008183995 0.9999619 0.003033315 -6.328415 0.00812979 -0.00296678 0.9999626 -9.575468
0.9999412 0.00810139 -0.007211284 444.0475 -0.008078593 0.9999622 0.003184811 -6.366582 0.007236814 -0.003126367 0.9999689 -9.632935
0.9999431 0.008163654 -0.006873325 446.4945 -0.008146898 0.9999639 0.002462355 -6.415324 0.006893178 -0.002406219 0.9999734 -9.662695
0.9999407 0.008293215 -0.007058914 448.9472 -0.008266948 0.9999588 0.003742117 -6.461061 0.007089658 -0.003683539 0.9999681 -9.711493
0.9999436 0.008606439 -0.006231117 451.3599 -0.008571763 0.9999478 0.005570542 -6.513778 0.006278734 -0.005516816 0.9999651 -9.78213
0.9999507 0.008284408 -0.005469138 453.811 -0.008255926 0.9999523 0.005210039 -6.551081 0.005512039 -0.005164629 0.9999714 -9.812592
0.9999422 0.008226162 -0.006929439 456.2336 -0.008200061 0.9999592 0.003786839 -6.595891 0.006960308 -0.003729798 0.9999688 -9.88271
0.999944 0.00821616 -0.006673242 458.687 -0.008191747 0.9999597 0.00367771 -6.640008 0.00670319 -0.003622839 0.999971 -9.913043
0.9999381 0.008258536 -0.007458129 461.0815 -0.008224437 0.9999557 0.00459124 -6.690817 0.007495715 -0.004529617 0.9999617 -9.984488
0.9999501 0.008037852 -0.005938507 463.5124 -0.008007091 0.9999546 0.005185911 -6.724362 0.00597992 -0.005138101 0.9999689 -10.02912
0.9999505 0.008098653 -0.005775959 465.9274 -0.00806652 0.999952 0.005564994 -6.778187 0.005820751 -0.005518127 0.9999678 -10.06886
0.9999477 0.008272931 -0.006004417 468.3519 -0.00824145 0.9999523 0.005248868 -6.83031 0.006047554 -0.005199108 0.9999682 -10.13627
0.9999513 0.008258364 -0.005400274 470.7667 -0.008229704 0.999952 0.005308229 -6.874977 0.005443853 -0.005263528 0.9999713 -10.18889
0.99995 0.008220006 -0.005698395 473.1945 -0.008192202 0.9999546 0.004885615 -6.917494 0.005738296 -0.004838689 0.9999718 -10.26174
0.9999445 0.008347973 -0.006423484 475.6303 -0.008320553 0.9999561 0.004283531 -6.972942 0.006458961 -0.004229847 0.9999702 -10.28578
0.999935 0.008401197 -0.007709572 478.0259 -0.008358802 0.9999498 0.005514912 -7.00573 0.007755517 -0.005450111 0.9999551 -10.34017
0.9999222 0.008483593 -0.009143069 480.4403 -0.008432579 0.9999487 0.005603755 -7.053306 0.00919014 -0.00552622 0.9999425 -10.42995
0.9999278 0.009273282 -0.007637433 482.8306 -0.009226291 0.9999385 0.006165235 -7.106419 0.007694134 -0.006094325 0.9999518 -10.47311
0.9999336 0.009144802 -0.007009478 485.2393 -0.00911198 0.9999474 0.004700238 -7.154927 0.007052092 -0.004636056 0.9999644 -10.50373
0.9999344 0.009558698 -0.006311773 487.64 -0.009544376 0.9999518 0.002295268 -7.207843 0.006333408 -0.002234876 0.9999775 -10.56213
0.9999299 0.009737429 -0.006732556 490.0196 -0.009720542 0.9999496 0.0025363 -7.246792 0.006756912 -0.002470678 0.9999741 -10.6091
0.9999234 0.01039576 -0.006713793 492.4205 -0.01036843 0.9999378 0.00409318 -7.305246 0.006755928 -0.004023256 0.9999691 -10.66857
0.9999296 0.01069328 -0.005146109 494.8018 -0.01066931 0.9999323 0.004662475 -7.358496 0.005195618 -0.004607241 0.9999759 -10.71372
0.999923 0.01087385 -0.005980929 497.1981 -0.01085256 0.9999348 0.003581082 -7.410241 0.006019478 -0.003515898 0.9999757 -10.76108
0.9999304 0.01114028 -0.003891411 499.6125 -0.01112951 0.9999342 0.002780396 -7.459428 0.00392213 -0.002736893 0.9999886 -10.81583
0.99992 0.01153399 -0.005193225 501.9812 -0.01151447 0.9999266 0.003771273 -7.517753 0.005236342 -0.003711174 0.9999794 -10.86672
0.9999095 0.01232576 -0.005389085 504.3622 -0.0123056 0.9999171 0.003758594 -7.574968 0.005434966 -0.003691938 0.9999784 -10.9113
0.9999081 0.01263285 -0.004926709 506.7453 -0.01260185 0.9999009 0.006273391 -7.624524 0.005005472 -0.006210729 0.9999682 -10.9804
0.9999024 0.01300492 -0.005103462 509.127 -0.01297153 0.9998945 0.006523838 -7.678924 0.005187766 -0.006457001 0.9999657 -11.01209
0.999902 0.01292075 -0.005400861 511.4678 -0.01286964 0.999873 0.009393279 -7.727396 0.005521544 -0.00932285 0.9999413 -11.09453
0.9998898 0.01379197 -0.005495189 513.8296 -0.01375287 0.9998802 0.007091153 -7.792044 0.005592332 -0.007014797 0.9999598 -11.14171
0.9998904 0.0139429 -0.004980005 516.2043 -0.01391606 0.9998887 0.005384284 -7.844827 0.005054523 -0.005314392 0.9999731 -11.20564
0.999886 0.01431033 -0.004806491 518.5446 -0.0142905 0.9998894 0.004136425 -7.900423 0.004865153 -0.004067267 0.9999799 -11.25058
0.9998723 0.01495926 -0.005632494 520.9086 -0.01493033 0.9998754 0.005143954 -7.966989 0.005708741 -0.005059202 0.9999709 -11.30445
0.9998752 0.01446436 -0.006355278 523.2389 -0.01444151 0.9998893 0.003626333 -8.012166 0.006407026 -0.0035341 0.9999732 -11.35388
0.9998614 0.01522113 -0.00675551 525.5729 -0.01520302 0.9998807 0.002724349 -8.084702 0.006796171 -0.002621267 0.9999735 -11.41137
0.999857 0.01541302 -0.006960078 527.9244 -0.01541132 0.9998811 0.0002981732 -8.156414 0.006963847 -0.0001908666 0.9999757 -11.45029
0.9998689 0.01514026 -0.005738211 530.2437 -0.01513739 0.9998853 0.000543259 -8.211716 0.005745778 -0.0004563262 0.9999834 -11.48174
0.999863 0.01485266 -0.007303172 532.6035 -0.01484057 0.9998884 0.001707447 -8.279595 0.007327717 -0.001598829 0.9999719 -11.53028
0.9998854 0.01347088 -0.006912148 534.9506 -0.01344625 0.9999032 0.003596281 -8.322052 0.006959924 -0.003502927 0.9999697 -11.5805
0.9999027 0.01188323 -0.007313062 537.2873 -0.01185231 0.9999206 0.00425704 -8.374117 0.007363069 -0.004169949 0.9999642 -11.63024
0.9999342 0.009761495 -0.006026172 539.6166 -0.009724782 0.9999342 0.006091868 -8.41611 0.006085241 -0.006032864 0.9999633 -11.68362
0.9999377 0.007481523 -0.008288566 541.9464 -0.007421062 0.9999459 0.007301334 -8.451122 0.008342741 -0.007239369 0.999939 -11.73518
0.9999316 0.006697063 -0.009589204 544.247 -0.006644708 0.9999629 0.00548129 -8.506315 0.009625557 -0.005417197 0.999939 -11.80797
0.99994 0.005849553 -0.009257523 546.6027 -0.005814099 0.9999757 0.003852136 -8.545137 0.009279832 -0.003798081 0.9999498 -11.79887
0.9999081 0.006501796 -0.01189289 548.8936 -0.006453547 0.9999708 0.004090877 -8.594686 0.01191914 -0.00401375 0.9999209 -11.92181
0.9999178 0.006866243 -0.0108249 551.2245 -0.006829132 0.9999708 0.003461532 -8.631029 0.01084836 -0.003387323 0.9999354 -12.0146
0.9998801 0.007157038 -0.01372879 553.5501 -0.007120193 0.9999709 0.002730702 -8.66402 0.01374794 -0.002632623 0.999902 -11.98544
0.9998454 0.007481144 -0.0159121 555.8783 -0.00750667 0.9999706 -0.001545056 -8.698122 0.01590008 0.001664264 0.9998722 -12.03069
0.9998865 0.007766278 -0.01290756 558.1983 -0.007763419 0.9999698 0.0002715888 -8.730244 0.01290928 -0.0001713512 0.9999167 -12.09349
0.9998418 0.008304163 -0.0157274 560.5128 -0.008307443 0.9999653 -0.0001432071 -8.766356 0.01572567 0.000273839 0.9998763 -12.10844
0.9998272 0.008784886 -0.01638154 562.8054 -0.008756758 0.9999601 0.001787944 -8.812226 0.0163966 -0.001644186 0.9998642 -12.18324
0.999828 0.008848699 -0.01629738 565.1481 -0.008803865 0.9999573 0.002820665 -8.845453 0.01632164 -0.0026767 0.9998632 -12.17138
0.9998946 0.009934341 -0.01058471 567.4576 -0.009876915 0.9999363 0.005463891 -8.896944 0.01063831 -0.00535877 0.9999291 -12.27518
0.9998977 0.01002473 -0.01020626 569.7542 -0.00996265 0.9999318 0.006114989 -8.944925 0.01026686 -0.006012681 0.9999292 -12.30579
0.9998058 0.01105327 -0.01631433 572.0363 -0.01096187 0.9999238 0.005681522 -8.980124 0.01637589 -0.005501583 0.9998507 -12.36279
0.9997505 0.01155111 -0.01911725 574.3251 -0.01144033 0.999917 0.005893688 -9.022518 0.01918375 -0.00567351 0.9997999 -12.42503
0.9996605 0.01191873 -0.02317077 576.6309 -0.0117406 0.9999005 0.0078087 -9.055616 0.02326154 -0.00753401 0.999701 -12.48864
0.9996716 0.01143472 -0.02293311 578.9244 -0.01124683 0.9999021 0.008305402 -9.09911 0.02302583 -0.008044749 0.9997025 -12.52477
0.9997347 0.01088795 -0.02029649 581.2404 -0.01072018 0.9999077 0.008356717 -9.149414 0.0203856 -0.008136918 0.9997591 -12.56763
0.9998201 0.008967161 -0.01671471 583.5423 -0.008878417 0.999946 0.005376014 -9.179832 0.01676202 -0.005226647 0.9998459 -12.61917
0.9998757 0.00559136 -0.01473888 585.8414 -0.005502634 0.9999665 0.006053558 -9.205379 0.01477224 -0.005971703 0.999873 -12.68472
0.9998406 0.00307364 -0.01758744 588.1381 -0.002961567 0.9999751 0.006394823 -9.246704 0.01760666 -0.006341717 0.9998249 -12.73382
0.9998234 0.001166777 -0.01875742 590.4464 -0.001030653 0.9999732 0.007265092 -9.277806 0.01876539 -0.007244477 0.9997976 -12.78841
0.9997585 -0.001015815 -0.02195276 592.7424 0.001123372 0.9999875 0.004887708 -9.291529 0.02194751 -0.004911189 0.999747 -12.83192
0.999717 -0.002957814 -0.02360583 595.0543 0.003061902 0.9999857 0.00437448 -9.301766 0.02359256 -0.00444552 0.9997118 -12.87635
0.999676 -0.005197287 -0.02491529 597.396 0.005360382 0.9999646 0.006483675 -9.319618 0.02488071 -0.00661513 0.9996685 -12.91836
0.9996166 -0.006366538 -0.02694644 599.7034 0.006581175 0.9999473 0.007884153 -9.324347 0.02689482 -0.008058469 0.9996058 -12.97915
0.9995865 -0.007603223 -0.02773253 602.0331 0.007833275 0.9999357 0.008196197 -9.335069 0.02766843 -0.008410043 0.9995818 -13.01652
0.9995196 -0.008045888 -0.02992796 604.303 0.008281065 0.9999356 0.007742487 -9.323215 0.02986374 -0.007986603 0.9995221 -13.0659
0.9994506 -0.007712645 -0.03223468 606.6119 0.007878957 0.9999561 0.005035598 -9.333995 0.03219443 -0.005286807 0.9994677 -13.12502
0.9994497 -0.007097132 -0.03240238 608.9384 0.007246567 0.9999635 0.004496774 -9.343268 0.03236929 -0.004729106 0.9994648 -13.17406
0.9993986 -0.007306301 -0.03389882 611.2729 0.007514815 0.9999536 0.006027744 -9.34187 0.0338532 -0.006278862 0.9994071 -13.22018
0.9994081 -0.006975412 -0.03368722 613.5867 0.007193712 0.9999539 0.006363332 -9.357738 0.03364128 -0.006601902 0.9994122 -13.2622
0.9994155 -0.006675604 -0.03352954 615.9495 0.006949748 0.9999434 0.008066315 -9.362881 0.0334738 -0.008294621 0.9994051 -13.31866
0.9993789 -0.00582783 -0.03475454 618.2864 0.006136742 0.9999425 0.008788353 -9.37755 0.03470133 -0.008996174 0.9993572 -13.35673
0.9994069 -0.005558141 -0.03398424 620.6475 0.005870475 0.9999413 0.009097691 -9.377779 0.03393168 -0.009291799 0.9993809 -13.45494
0.999288 -0.006243391 -0.03720916 623.0068 0.006442133 0.9999658 0.005223691 -9.355095 0.03717527 -0.005459678 0.9992939 -13.49253
0.9993255 -0.005654377 -0.03628514 625.3407 0.005798616 0.9999756 0.003871128 -9.365482 0.03626237 -0.00407892 0.999334 -13.55835
0.9991919 -0.006220442 -0.03971013 627.701 0.006323268 0.999977 0.002464338 -9.35947 0.03969389 -0.002713444 0.9992082 -13.59087
0.9992206 -0.005449511 -0.03909528 630.0444 0.005586605 0.9999787 0.003398259 -9.372615 0.03907593 -0.00361402 0.9992297 -13.64196
0.9992019 -0.006609218 -0.0393935 632.3832 0.006791497 0.9999667 0.004495123 -9.364452 0.03936248 -0.004759077 0.9992136 -13.69159
0.9992859 -0.006363348 -0.03724496 634.7433 0.006484982 0.999974 0.003145897 -9.392676 0.03722397 -0.003385184 0.9993012 -13.75424
0.9992632 -0.007130895 -0.03771193 637.1142 0.007255274 0.9999689 0.003162298 -9.385033 0.0376882 -0.003433578 0.9992837 -13.80295
0.9992144 -0.006855737 -0.03903221 639.4683 0.006969461 0.9999719 0.002778255 -9.391487 0.03901206 -0.003048106 0.9992341 -13.83005
0.9991851 -0.007040492 -0.03974299 641.8187 0.007207116 0.9999659 0.00405083 -9.393486 0.03971311 -0.004333961 0.9992017 -13.88375
0.9991591 -0.007318079 -0.04034321 644.1569 0.007583281 0.9999506 0.006424522 -9.399003 0.0402942 -0.006725053 0.9991652 -13.93832
0.9990939 -0.008057171 -0.04179127 646.5065 0.008367466 0.9999386 0.007255237 -9.393019 0.04173025 -0.00759835 0.9991 -14.02047
0.9990398 -0.008351617 -0.0430077 648.845 0.008660849 0.999938 0.007008861 -9.389544 0.0429465 -0.007374614 0.9990501 -14.07205
0.9989246 -0.009312108 -0.04542019 651.1819 0.009633368 0.9999301 0.006859302 -9.39233 0.04535314 -0.007289474 0.9989444 -14.11813
0.9988527 -0.009821224 -0.0468697 653.4897 0.01016021 0.9999237 0.006999714 -9.392946 0.04679739 -0.007467889 0.9988765 -14.17722
0.9988466 -0.0108408 -0.04677576 655.8219 0.0111568 0.9999167 0.006499838 -9.39158 0.04670139 -0.007014208 0.9988843 -14.24279
0.9989004 -0.01158521 -0.04542922 658.1423 0.01192415 0.9999028 0.007196955 -9.389178 0.04534144 -0.007730746 0.9989417 -14.29102
0.9988495 -0.01261192 -0.04626786 660.4717 0.01297535 0.9998872 0.007562962 -9.376146 0.04616725 -0.008154602 0.9989004 -14.35698
0.9988533 -0.01352772 -0.04592505 662.7999 0.0139013 0.9998728 0.007824856 -9.366508 0.04581336 -0.008454301 0.9989142 -14.40395
0.9987894 -0.01433416 -0.04705624 665.1176 0.01471701 0.9998612 0.007799631 -9.353376 0.04693791 -0.008482716 0.9988618 -14.46822
0.9988129 -0.01468754 -0.04644549 667.4424 0.01492439 0.9998773 0.004756779 -9.338771 0.04636992 -0.005444303 0.9989095 -14.52584
0.998775 -0.0155463 -0.04697677 669.751 0.01571229 0.9998716 0.003166129 -9.317369 0.04692152 -0.003900363 0.9988909 -14.57668
0.9987568 -0.01682065 -0.04692411 672.0666 0.01692045 0.9998553 0.001730392 -9.30768 0.04688822 -0.002522218 0.998897 -14.62201
0.9987171 -0.0173101 -0.04758797 674.3984 0.01746314 0.9998435 0.002802039 -9.281754 0.04753203 -0.00362948 0.9988631 -14.65896
0.9986718 -0.01857779 -0.04805605 676.7216 0.01875246 0.9998192 0.003186246 -9.266187 0.04798816 -0.004083184 0.9988396 -14.70827
0.9986889 -0.01886105 -0.04758818 679.0378 0.01912654 0.999804 0.005129713 -9.242901 0.0474821 -0.006033185 0.9988539 -14.75872
0.9986456 -0.02022887 -0.04793535 681.4059 0.02047139 0.9997799 0.004573921 -9.217534 0.04783228 -0.005549029 0.99884 -14.81148
0.9986902 -0.02068815 -0.04679642 683.7264 0.02094077 0.9997686 0.004914448 -9.192023 0.04668392 -0.005887964 0.9988924 -14.8613
0.9986408 -0.02121295 -0.04760774 686.0447 0.02149167 0.9997547 0.005350361 -9.167748 0.04748257 -0.006366258 0.9988518 -14.90355
0.9986113 -0.02171737 -0.04799854 688.4036 0.02200623 0.9997426 0.005497737 -9.13988 0.0478668 -0.006546369 0.9988323 -14.9563
0.9985795 -0.02225381 -0.04841173 690.7216 0.0225945 0.9997236 0.006501548 -9.105862 0.04825366 -0.007586151 0.9988063 -15.01024
0.9985639 -0.0224145 -0.04865839 693.0927 0.02276175 0.9997193 0.006593953 -9.079596 0.04849693 -0.007692034 0.9987937 -15.0639
0.9985996 -0.02411259 -0.04709009 695.4442 0.02447891 0.9996743 0.007217892 -9.043131 0.04690072 -0.008360498 0.9988646 -15.1121
0.9985689 -0.0246176 -0.04747726 697.785 0.02495988 0.9996665 0.006630049 -9.004927 0.0472982 -0.007805587 0.9988503 -15.15744
0.9985998 -0.02542044 -0.04639206 700.1348 0.0257581 0.9996458 0.006695237 -8.968526 0.04620543 -0.007880834 0.9989009 -15.22027
0.9986309 -0.02587827 -0.04546079 702.4903 0.02628151 0.9996202 0.008294801 -8.928918 0.04522887 -0.009478224 0.9989317 -15.2827
0.9985533 -0.02695787 -0.04652376 704.8634 0.02728873 0.9996065 0.006491101 -8.881516 0.04633047 -0.007751286 0.9988961 -15.3462
0.9985172 -0.02711392 -0.0472036 707.1917 0.02737723 0.9996129 0.004940457 -8.841705 0.04705138 -0.006225435 0.9988731 -15.39619
0.9985042 -0.02759946 -0.04719685 709.5611 0.02787855 0.9995975 0.005265194 -8.792651 0.04703254 -0.006573098 0.9988717 -15.43232
0.9984739 -0.02858521 -0.04725087 711.9031 0.02896395 0.9995536 0.007350197 -8.744218 0.04701967 -0.008707551 0.998856 -15.51029
0.9984834 -0.0293589 -0.04657247 714.2365 0.02969012 0.9995383 0.006435953 -8.706532 0.04636202 -0.007808935 0.9988942 -15.55432
0.9985074 -0.030811 -0.04509604 716.5822 0.03117773 0.999486 0.00745133 -8.647381 0.04484328 -0.0088462 0.9989549 -15.61952
0.9984478 -0.03168609 -0.04580235 718.9558 0.03205417 0.9994593 0.007324172 -8.602015 0.04554551 -0.00878096 0.9989237 -15.67765
0.9984204 -0.03208695 -0.04612095 721.3163 0.03245986 0.999446 0.007359065 -8.544527 0.04585927 -0.008844519 0.9989088 -15.71958
0.9983121 -0.03351003 -0.04743551 723.6829 0.03377919 0.9994174 0.004883976 -8.483214 0.04724421 -0.006478065 0.9988624 -15.77527
0.9983242 -0.0341472 -0.04672137 726.0349 0.03443513 0.9993924 0.005371455 -8.423022 0.04650956 -0.006971309 0.9988935 -15.83442
0.9982305 -0.03479806 -0.04821788 728.4066 0.03515057 0.999361 0.006482051 -8.365325 0.0479615 -0.008165468 0.9988158 -15.87745
0.9982415 -0.03614965 -0.04697949 730.7912 0.03650725 0.9993105 0.006775955 -8.296529 0.04670214 -0.008479131 0.9988729 -15.92899
0.9981866 -0.03665682 -0.04774584 733.1754 0.03701459 0.9992927 0.00663039 -8.241839 0.04746902 -0.00838566 0.9988375 -15.97221
0.9981689 -0.03783334 -0.04719711 735.5517 0.03817929 0.9992503 0.006449612 -8.165675 0.04691771 -0.008239754 0.9988648 -16.04562
0.9981337 -0.03872529 -0.04721683 737.9335 0.03902712 0.999223 0.005487012 -8.095591 0.04696766 -0.007319509 0.9988696 -16.09735
0.998079 -0.03973133 -0.0475364 740.3167 0.04003528 0.9991834 0.005458796 -8.015679 0.0472807 -0.007351443 0.9988546 -16.14512
0.9979827 -0.04114152 -0.04835214 742.6996 0.04146361 0.9991238 0.005676795 -7.949116 0.04807622 -0.007670197 0.9988142 -16.2018
