1.0 0.0 0.0 0.0 0.0 1.0 0.0 0.0 0.0 0.0 1.0 0.0
0.9999928 0.003776237 -0.0003206266 2.155101 -0.00377651 0.9999924 -0.0008565566 -0.04202851 0.0003173896 0.0008577613 0.9999996 -0.02394636
0.9999862 0.005249325 -0.00011451 4.045029 -0.005249085 0.9999843 0.00199885 -0.06522028 0.0001250008 -0.001998222 0.999998 -0.05063699
0.9999838 0.005635998 -0.0007521886 5.919151 -0.005633252 0.9999776 0.003604305 -0.08303585 0.0007724856 -0.003600009 0.9999932 -0.08339889
0.9999866 0.00516483 0.0002836263 7.838323 -0.005166525 0.9999664 0.006347203 -0.09673158 -0.0002508346 -0.006348583 0.9999798 -0.1363334
0.9999875 0.0048067 -0.00134248 9.769967 -0.004794752 0.9999502 0.00876545 -0.09843995 0.001384546 -0.008758904 0.9999607 -0.173654
0.9999883 0.004717306 -0.001133938 11.69643 -0.004706142 0.9999423 0.009654057 -0.1056413 0.001179414 -0.009648607 0.9999527 -0.2212148
0.9999859 0.004570884 -0.002721369 13.56889 -0.004544689 0.999944 0.009555358 -0.1309305 0.002764893 -0.009542855 0.9999506 -0.2670564
0.99999 0.004349514 -0.001005936 15.43898 -0.004339015 0.9999385 0.01021392 -0.1513543 0.0010503 -0.01020945 0.9999473 -0.3110633
0.9999887 0.004563702 -0.001355196 17.28137 -0.004549004 0.9999328 0.01065755 -0.1812866 0.001403743 -0.01065127 0.9999423 -0.3623548
0.9999879 0.004766082 -0.001233327 19.15034 -0.004754942 0.9999493 0.008883607 -0.2095999 0.001275604 -0.008877635 0.9999598 -0.4009148
0.9999766 0.006143331 -0.003003123 20.99696 -0.006120268 0.9999521 0.007629549 -0.2463828 0.003049851 -0.007610991 0.9999664 -0.4782861
0.999966 0.006821256 -0.004635715 22.89617 -0.006794428 0.9999603 0.005778517 -0.2669495 0.004674947 -0.005746823 0.9999726 -0.4727923
0.9999475 0.008165138 -0.006182845 24.76006 -0.008132694 0.9999532 0.005254323 -0.2932135 0.006225457 -0.005203764 0.9999671 -0.5373385
0.9999338 0.009244785 -0.006842104 26.62997 -0.009212902 0.9999466 0.004676848 -0.3311931 0.006884975 -0.004613503 0.9999657 -0.56063
0.9999257 0.01015436 -0.006750303 28.50335 -0.01010875 0.999926 0.006758154 -0.3626102 0.006818429 -0.006689415 0.9999544 -0.5978776
0.9999148 0.01086902 -0.007222847 30.39788 -0.01081592 0.9999145 0.007350415 -0.4027872 0.007302121 -0.007271667 0.9999469 -0.6348605
0.9999062 0.01179532 -0.006957487 32.29308 -0.01174167 0.9999015 0.007701504 -0.4474705 0.007047642 -0.007619089 0.9999461 -0.6793067
0.9998967 0.01229855 -0.007438736 34.18738 -0.01225567 0.9999082 0.005782648 -0.4813084 0.007509171 -0.005690884 0.9999556 -0.7310433
0.9999071 0.01292019 -0.004353065 36.09682 -0.01289816 0.999904 0.005049922 -0.5256255 0.004417893 -0.004993306 0.9999778 -0.7593655
0.9999002 0.01353393 -0.004062646 38.00094 -0.01350284 0.99988 0.007587158 -0.5706013 0.004164843 -0.007531543 0.999963 -0.7989988
0.9999057 0.01367691 -0.001244099 39.90502 -0.01366404 0.9998585 0.009820026 -0.6139098 0.00137823 -0.0098021 0.999951 -0.8435429
0.99991 0.01311992 -0.002800803 41.81125 -0.01309297 0.9998698 0.00943267 -0.6583934 0.002924195 -0.00939515 0.9999516 -0.8893488
0.9999216 0.01252513 0.0002146245 43.75105 -0.0125264 0.9998927 0.007592428 -0.6994103 -0.0001195053 -0.007594521 0.9999712 -0.9266368
0.9999253 0.01218172 -0.0009952113 45.65419 -0.01217409 0.999899 0.007347908 -0.7423331 0.001084621 -0.007335243 0.9999725 -0.9758388
0.9999325 0.01161239 -0.0002102006 47.59525 -0.01160968 0.9998817 0.01008982 -0.774965 0.0003273426 -0.01008669 0.9999491 -1.032578
0.9999301 0.01171804 -0.001530535 49.52328 -0.01170475 0.999896 0.008424787 -0.8285124 0.001629097 -0.008406283 0.9999633 -1.060631
0.9999321 0.01164331 0.0004928182 51.45074 -0.01164625 0.9999114 0.00645402 -0.8766882 -0.0004176284 -0.006459321 0.9999791 -1.119459
0.9999299 0.01183875 -0.0002826095 53.4056 -0.01183731 0.9999189 0.004657476 -0.9096121 0.0003377253 -0.004653804 0.9999891 -1.145608
0.9999199 0.01265404 -0.0002671499 55.35642 -0.01265275 0.9999104 0.004395421 -0.9523452 0.0003227458 -0.004391689 0.9999903 -1.193814
0.9999149 0.01303222 -0.0005497193 57.31761 -0.01302949 0.999904 0.004712239 -0.9928166 0.0006110775 -0.004704676 0.9999887 -1.226691
0.9999098 0.01342954 -0.0002754396 59.26973 -0.01342746 0.9998884 0.006533726 -1.029445 0.0003631538 -0.006529438 0.9999786 -1.264056
0.9998935 0.01444778 -0.002031756 61.2472 -0.0144336 0.9998724 0.006828274 -1.08446 0.002130151 -0.006798222 0.9999746 -1.31806
0.9998894 0.01472429 -0.00207996 63.22655 -0.01471285 0.9998771 0.005412826 -1.126789 0.002159405 -0.005381626 0.9999832 -1.349378
0.9998913 0.01461838 -0.001919885 65.20742 -0.01460584 0.9998729 0.006391843 -1.171511 0.002013079 -0.006363107 0.9999777 -1.386238
0.9998897 0.01479726 -0.001318297 67.16485 -0.01478488 0.9998505 0.008953612 -1.22972 0.001450589 -0.008933133 0.9999591 -1.420301
0.9999034 0.01377533 -0.001850638 69.17196 -0.0137516 0.99983 0.01227612 -1.261107 0.002019431 -0.01224948 0.9999229 -1.489608
0.9999041 0.01373143 -0.001810638 71.15311 -0.01371051 0.9998444 0.01109899 -1.318408 0.001962761 -0.0110731 0.9999368 -1.531363
0.9999145 0.01295745 -0.001779655 73.17298 -0.01294046 0.9998734 0.009251349 -1.353452 0.001899304 -0.009227527 0.9999556 -1.602541
0.9999133 0.01307473 -0.001547631 75.17089 -0.01306281 0.9998869 0.007475436 -1.402351 0.001645195 -0.007454572 0.9999709 -1.633618
0.9999079 0.01328584 -0.002766364 77.18353 -0.01326458 0.9998833 0.0075661 -1.448221 0.002866564 -0.007528708 0.9999676 -1.684909
0.999887 0.01467775 -0.003250986 79.18139 -0.01464809 0.9998524 0.00896778 -1.502238 0.003382134 -0.008919146 0.9999545 -1.718504
0.9998579 0.01627973 -0.004372398 81.20394 -0.01623325 0.9998134 0.01046254 -1.549134 0.00454191 -0.01039008 0.9999357 -1.781252
0.999815 0.01834396 -0.005790477 83.22167 -0.01830056 0.9998047 0.007459789 -1.612661 0.005926189 -0.00735244 0.9999554 -1.821957
0.9997987 0.01965476 -0.004030825 85.26881 -0.01962794 0.9997857 0.006588259 -1.662407 0.004159452 -0.006507816 0.9999702 -1.877028
0.9997583 0.02142831 -0.004915202 87.28317 -0.02139585 0.9997494 0.006563801 -1.726098 0.005054621 -0.00645705 0.9999664 -1.915275
0.9997179 0.02374404 0.0005878962 89.28508 -0.02374915 0.9996547 0.01124542 -1.797369 -0.0003206816 -0.01125621 0.9999366 -2.030529
0.999679 0.02455018 -0.006252022 91.31599 -0.02449439 0.9996607 0.008849766 -1.870811 0.006467165 -0.008693786 0.9999413 -2.023443
0.9996938 0.02474246 -0.000472755 93.36036 -0.02473747 0.9996568 0.008613479 -1.918041 0.0006857114 -0.008599146 0.9999628 -2.105976
0.9996911 0.02357968 -0.007854063 95.39633 -0.0235709 0.9997215 0.001208635 -1.981895 0.007880375 -0.001023135 0.9999684 -2.086327
0.9997236 0.02348755 0.001016386 97.42317 -0.02349271 0.9997094 0.005409274 -2.0489 -0.0008890404 -0.005431656 0.9999849 -2.178296
0.9997346 0.02249949 -0.004950025 99.44806 -0.02246534 0.9997241 0.006849616 -2.121287 0.005102772 -0.006736595 0.9999643 -2.17918
0.9997453 0.02256927 1.935421e-05 101.4703 -0.02256862 0.9997094 0.008479027 -2.18296 0.0001720169 -0.008477304 0.9999641 -2.282434
0.9997373 0.02164114 -0.007542533 103.5013 -0.02159157 0.999745 0.006592852 -2.245478 0.007683287 -0.006428265 0.9999498 -2.292651
0.9997573 0.02185198 -0.002783404 105.5423 -0.0218364 0.9997463 0.005512104 -2.300506 0.002903149 -0.005449987 0.9999809 -2.35764
0.9997523 0.02156007 -0.005511554 107.5818 -0.02152382 0.9997469 0.006554153 -2.363496 0.005651467 -0.0064339 0.9999633 -2.372348
0.9997579 0.02184078 -0.002668181 109.6086 -0.02181378 0.9997144 0.009760486 -2.429938 0.002880595 -0.00969992 0.9999488 -2.438577
0.9997435 0.02177706 -0.006218343 111.6518 -0.0217102 0.9997077 0.01062477 -2.499151 0.006447903 -0.01048704 0.9999242 -2.507009
0.9997401 0.02246241 -0.003904958 113.6918 -0.0224286 0.9997123 0.008495011 -2.560709 0.004094654 -0.008405221 0.9999563 -2.556036
0.9997312 0.02248148 -0.005659257 115.748 -0.02245082 0.9997331 0.005424625 -2.616446 0.005779701 -0.005296112 0.9999692 -2.591356
0.9997225 0.02335937 -0.0030475 117.8085 -0.02333571 0.999699 0.007579761 -2.687 0.003223641 -0.007506542 0.9999666 -2.633008
0.9996847 0.02454792 -0.005281733 119.8331 -0.02448978 0.9996418 0.01080399 -2.760405 0.005545056 -0.01067124 0.9999277 -2.695663
0.9996546 0.02595239 -0.004143099 121.8852 -0.02590979 0.9996141 0.01002439 -2.828169 0.004401657 -0.009913585 0.9999412 -2.727938
0.9996252 0.02720417 -0.003064754 123.957 -0.02717431 0.9995865 0.009394662 -2.901861 0.003319061 -0.009307859 0.9999512 -2.792624
0.9996095 0.02787786 -0.001908807 126.0292 -0.02785986 0.9995724 0.008880258 -2.975028 0.002155554 -0.008823611 0.9999588 -2.846236
0.9995938 0.02847712 -0.001148742 128.0823 -0.02846567 0.9995543 0.008985315 -3.045933 0.001404106 -0.008948966 0.999959 -2.907586
0.9995881 0.02863124 -0.001982886 130.1494 -0.0286148 0.9995594 0.007876289 -3.129655 0.002207521 -0.007816304 0.999967 -2.937693
0.9995967 0.02839743 0.0003063124 132.2173 -0.02839897 0.9995649 0.007953555 -3.207285 -8.031863e-05 -0.007959046 0.9999683 -2.986214
0.9996102 0.02785261 0.001899197 134.279 -0.02786628 0.9995826 0.007597321 -3.294539 -0.0016868 -0.007647284 0.9999694 -3.014427
0.9996234 0.02690751 0.005388792 136.3557 -0.02695924 0.9995887 0.009768992 -3.370858 -0.005123717 -0.00991059 0.9999378 -3.097098
0.9996458 0.02605694 0.005405113 138.43 -0.02610648 0.9996158 0.009308295 -3.449331 -0.005160491 -0.009446107 0.9999421 -3.121895
0.99966 0.02521675 0.006631511 140.5085 -0.0252798 0.9996343 0.009601211 -3.531324 -0.006386975 -0.00976559 0.9999319 -3.208001
0.9996828 0.02457901 0.005494991 142.5761 -0.02462816 0.9996557 0.009063977 -3.61342 -0.005270315 -0.009196433 0.9999439 -3.252614
0.9997048 0.02370764 0.005315072 144.6567 -0.02375176 0.9996827 0.008397568 -3.684144 -0.005114299 -0.008521331 0.9999506 -3.31731
0.9997212 0.0232989 0.003838941 146.7446 -0.02332962 0.9996945 0.008161286 -3.760521 -0.003647619 -0.008248571 0.9999593 -3.349701
0.999728 0.02280647 0.004885823 148.8331 -0.02285414 0.9996896 0.009933379 -3.82933 -0.004657761 -0.01004234 0.9999387 -3.400684
0.9997323 0.02301123 0.00242762 150.9162 -0.0230345 0.9996841 0.01004007 -3.904375 -0.002195819 -0.0100933 0.9999467 -3.459538
0.999736 0.02287646 0.002125653 153.0083 -0.02289753 0.9996828 0.01048598 -3.970854 -0.001885097 -0.01053189 0.9999428 -3.516585
0.9997495 0.0223791 -0.0004464451 155.1223 -0.02237391 0.9997052 0.009420172 -4.033068 0.0006571286 -0.009407823 0.9999555 -3.550999
0.9997467 0.02246915 0.001268589 157.2064 -0.02248166 0.9996879 0.01089862 -4.107459 -0.00102331 -0.01092438 0.9999398 -3.622992
0.9997435 0.02261823 0.001160776 159.3079 -0.02262811 0.9997002 0.009354275 -4.180107 -0.0009488509 -0.009378141 0.9999556 -3.626387
0.9997481 0.02202474 0.0043271 161.4118 -0.02207778 0.9996767 0.01261746 -4.249613 -0.004047805 -0.01270981 0.999911 -3.743377
0.9997602 0.02187388 0.001104139 163.5149 -0.02188264 0.999723 0.008663879 -4.316397 -0.0009143202 -0.008685962 0.9999619 -3.764715
0.9997366 0.0224021 0.004984548 165.6161 -0.02245095 0.9996982 0.00997208 -4.386107 -0.004759649 -0.01008136 0.9999378 -3.822943
0.9997366 0.02291616 -0.001273648 167.7314 -0.02290572 0.9997082 0.007680392 -4.455538 0.001449282 -0.007649194 0.9999697 -3.877905
0.9997211 0.02311204 0.004869612 169.8435 -0.02316419 0.9996717 0.01094109 -4.504798 -0.004615143 -0.01105083 0.9999283 -3.952877
0.9997125 0.02370112 -0.003615836 171.9361 -0.02365806 0.9996537 0.01152045 -4.589674 0.003887632 -0.0114316 0.9999271 -3.97679
0.9997061 0.02408373 0.002776153 174.0643 -0.02411582 0.9996351 0.01216893 -4.657118 -0.002482066 -0.0122323 0.9999221 -4.04833
0.999711 0.02384791 -0.003035249 176.1987 -0.02381289 0.9996548 0.01109424 -4.730656 0.003298776 -0.01101876 0.9999338 -4.1212
0.9997136 0.02374524 0.002987131 178.3164 -0.02377829 0.9996505 0.01156184 -4.789403 -0.002711548 -0.01162956 0.9999287 -4.186645
0.9997098 0.02385695 -0.003324986 180.4285 -0.02382179 0.9996638 0.01024174 -4.873799 0.003568205 -0.01015956 0.999942 -4.228295
0.9997074 0.02418748 0.0002961003 182.5536 -0.02418924 0.9996552 0.01019956 -4.932354 -4.929665e-05 -0.01020374 0.999948 -4.284327
0.999679 0.02454946 -0.006263402 184.6479 -0.02448067 0.9996417 0.01083283 -5.015995 0.006527097 -0.01067602 0.9999217 -4.361384
0.9996928 0.02467157 -0.002359474 186.7908 -0.02465067 0.9996599 0.008511537 -5.078761 0.002568664 -0.008450761 0.999961 -4.403753
0.9996995 0.02370415 -0.00624427 188.9304 -0.02362235 0.9996383 0.01286317 -5.156666 0.006546921 -0.0127118 0.9998978 -4.459403
0.9997215 0.02349043 -0.002276319 191.0893 -0.02346888 0.9996834 0.009070552 -5.225324 0.002488669 -0.009014604 0.9999563 -4.481085
0.9997668 0.02154326 -0.001481018 193.2085 -0.02152651 0.9997128 0.01052438 -5.284867 0.001707323 -0.01049004 0.9999435 -4.569107
0.9998009 0.0197927 -0.002527139 195.3542 -0.01977346 0.9997768 0.007426751 -5.346192 0.002673571 -0.007375302 0.9999692 -4.592944
0.9998308 0.01819896 -0.002664836 197.4808 -0.01817735 0.9998034 0.007922729 -5.412352 0.002808498 -0.00787295 0.9999651 -4.670439
0.99985 0.01715512 -0.002395797 199.6208 -0.01714187 0.9998382 0.005447368 -5.459653 0.00248886 -0.005405483 0.9999823 -4.697379
0.9998689 0.01613747 -0.001321384 201.7448 -0.01612848 0.9998484 0.006551388 -5.529525 0.001426907 -0.006529217 0.9999776 -4.763022
0.9998824 0.01525926 -0.001542889 203.8825 -0.01525147 0.9998715 0.004940608 -5.589077 0.00161808 -0.004916495 0.9999866 -4.799804
0.9998922 0.01463751 -0.001175616 206.0227 -0.01463314 0.9998863 0.003647233 -5.631633 0.001228869 -0.003629636 0.9999927 -4.871412
0.9998643 0.01598015 -0.004009444 208.1363 -0.01597137 0.9998701 0.002211539 -5.701972 0.004044263 -0.002147203 0.9999895 -4.911607
0.9998382 0.01757101 -0.003863665 210.2731 -0.01754514 0.9998242 0.00663 -5.757525 0.003979481 -0.006561138 0.9999706 -4.949671
0.9997821 0.02039501 -0.004441312 212.405 -0.02034291 0.9997271 0.01147723 -5.822077 0.004674179 -0.01138438 0.9999242 -4.99929
0.9997293 0.02256626 -0.005657015 214.5494 -0.02251229 0.9997021 0.009430083 -5.874011 0.005868132 -0.009300179 0.9999396 -5.049435
0.9996797 0.02458855 -0.005984571 216.6765 -0.02453766 0.9996632 0.008433371 -5.95203 0.00618992 -0.008283823 0.9999465 -5.118785
0.9996676 0.02529437 -0.004996234 218.817 -0.025251 0.9996444 0.00855957 -6.026084 0.005210967 -0.008430565 0.9999509 -5.150999
0.9996651 0.0257599 -0.002486129 220.9628 -0.02573784 0.9996324 0.008530752 -6.089085 0.002704966 -0.008463907 0.9999605 -5.207723
0.9996336 0.02631326 -0.006350429 223.0984 -0.02626302 0.9996241 0.007869127 -6.173853 0.006555104 -0.007699463 0.9999489 -5.278659
0.9996284 0.02675306 -0.005236131 225.2854 -0.02673057 0.9996333 0.004318097 -6.242801 0.005349733 -0.004176528 0.999977 -5.296276
0.999586 0.0276615 -0.007910243 227.416 -0.02761644 0.9996021 0.00574955 -6.332629 0.008066137 -0.005528717 0.9999522 -5.365804
0.9996067 0.02792293 -0.00260491 229.5815 -0.0279025 0.9995819 0.00757669 -6.404281 0.002815385 -0.007501027 0.9999679 -5.374861
0.999583 0.02876447 -0.002530988 231.6965 -0.02872873 0.9995004 0.01317414 -6.500792 0.002908671 -0.01309593 0.99991 -5.470333
0.9995716 0.02926658 -8.199298e-05 233.8443 -0.02926398 0.9995131 0.01080923 -6.580637 0.0003983023 -0.0108022 0.9999416 -5.507437
0.9995247 0.03078461 -0.001675355 235.9805 -0.03076419 0.999465 0.01109104 -6.677881 0.002015892 -0.01103423 0.9999371 -5.612033
0.9994767 0.03230882 -0.00154541 238.1418 -0.03229277 0.9994335 0.00947637 -6.750451 0.001850705 -0.009421506 0.9999539 -5.632316
0.9993728 0.03512331 -0.004512967 240.2716 -0.03506647 0.9993116 0.01211245 -6.847093 0.00493529 -0.0119466 0.9999164 -5.748714
0.9992756 0.03781653 -0.004252887 242.4277 -0.03776397 0.9992167 0.01182535 -6.938308 0.00469675 -0.01165618 0.999921 -5.768436
0.9991888 0.03991356 -0.005352529 244.562 -0.0398399 0.9991184 0.01322759 -7.045182 0.005875771 -0.01300361 0.9998982 -5.851004
0.9991297 0.04150672 -0.004121482 246.7403 -0.04146089 0.9990835 0.01064153 -7.132208 0.004559399 -0.01046139 0.9999349 -5.887593
0.9990775 0.04285058 -0.00283227 248.872 -0.04281025 0.9989984 0.01302865 -7.266229 0.003387719 -0.01289538 0.9999111 -5.947446
0.9990184 0.04408966 -0.004270129 251.0447 -0.04403086 0.9989455 0.01300412 -7.352916 0.004838973 -0.01280334 0.9999063 -5.990767
0.9989372 0.04600289 -0.002841832 253.1805 -0.0459678 0.9988781 0.01137838 -7.484383 0.003362082 -0.01123566 0.9999312 -6.100004
0.9988726 0.04735855 -0.003277103 255.3489 -0.0473238 0.9988297 0.009973539 -7.574571 0.003745601 -0.00980721 0.9999449 -6.121524
0.9988186 0.04847881 -0.003330229 257.4915 -0.04842202 0.998708 0.01542109 -7.706258 0.004073522 -0.01524162 0.9998755 -6.175584
0.9987433 0.0500582 -0.002449697 259.6618 -0.0500214 0.9986596 0.01329645 -7.840177 0.00311201 -0.0131572 0.9999086 -6.23608
0.9986135 0.05259635 -0.002159681 261.8235 -0.05256454 0.9985354 0.01280884 -7.977025 0.002830217 -0.01267756 0.9999157 -6.333084
0.9984615 0.05544732 -0.0004740168 263.9965 -0.05543934 0.9984072 0.01045967 -8.120929 0.001053222 -0.0104173 0.9999452 -6.345666
0.9982721 0.05872727 0.002003926 266.1584 -0.05874227 0.9982369 0.008504335 -8.269407 -0.001500957 -0.008607356 0.9999619 -6.444236
0.9981192 0.06101799 0.005901796 268.337 -0.0610588 0.9981096 0.007001725 -8.406742 -0.005463408 -0.007348913 0.9999581 -6.451869
0.997957 0.06378787 0.00360092 270.4898 -0.06380916 0.9979433 0.006143354 -8.578615 -0.003201642 -0.006360575 0.9999747 -6.573783
0.997687 0.06775604 0.005444296 272.6525 -0.06778869 0.9976813 0.006054471 -8.741126 -0.005021446 -0.006409529 0.9999669 -6.578956
0.9974336 0.07132993 0.006184724 274.7903 -0.07138643 0.9974039 0.009453879 -8.908104 -0.005494324 -0.009871122 0.9999362 -6.64544
0.9971513 0.07477269 0.009922826 276.9598 -0.07487989 0.9971328 0.01091032 -9.084662 -0.009078582 -0.01162226 0.9998912 -6.714965
0.9969118 0.07814887 0.007719481 279.1119 -0.07820642 0.9969093 0.007457265 -9.272028 -0.007112845 -0.008037948 0.9999424 -6.752496
0.9966263 0.08147499 0.009897543 281.2724 -0.08154564 0.9966453 0.006956896 -9.456239 -0.009297527 -0.007740527 0.9999268 -6.825186
0.9963102 0.08535478 0.008979469 283.4122 -0.08542404 0.9963155 0.007634516 -9.662948 -0.008294742 -0.008373409 0.9999306 -6.860184
0.9959661 0.08913393 0.01032748 285.5512 -0.08923407 0.9959638 0.009678785 -9.873284 -0.009423092 -0.0105613 0.9998998 -6.942616
0.9956403 0.09223166 0.01391997 287.698 -0.09238566 0.9956642 0.01085753 -10.07844 -0.01285821 -0.0120962 0.9998441 -6.939857
0.9954093 0.0950898 0.010874 289.8481 -0.09517745 0.9954294 0.007847353 -10.29576 -0.01007809 -0.008846288 0.9999101 -7.02771
0.9948825 0.09910164 0.01969058 291.9963 -0.09935654 0.9949744 0.01241633 -10.52413 -0.01836115 -0.01430917 0.999729 -7.13362
0.9947037 0.1019944 0.012715 294.1127 -0.1021737 0.9946629 0.01435633 -10.75357 -0.01118288 -0.01557943 0.9998161 -7.113541
0.994181 0.106332 0.01725204 296.2339 -0.1067047 0.9940395 0.02235109 -11.01707 -0.01477257 -0.0240619 0.9996013 -7.332705
0.9939489 0.1092285 0.01161099 298.3651 -0.109435 0.9938133 0.01894608 -11.24561 -0.009469707 -0.02010208 0.9997531 -7.262451
0.9934118 0.1129413 0.01942446 300.5137 -0.11338 0.9932808 0.02319968 -11.50162 -0.01667375 -0.02524918 0.9995421 -7.388227
0.9929429 0.1170419 0.01911745 302.6009 -0.1174599 0.9928241 0.02243791 -11.81022 -0.01635409 -0.02452509 0.9995654 -7.573164
0.9923427 0.1209161 0.02520716 304.7188 -0.1213774 0.9924498 0.01764429 -12.04865 -0.02288335 -0.02056876 0.9995265 -7.483003
0.9918914 0.1246737 0.02465566 306.8355 -0.1252483 0.9918513 0.02331676 -12.33775 -0.02154777 -0.02621577 0.999424 -7.62866
0.991721 0.1275599 0.01476074 308.9364 -0.1277297 0.9917458 0.01119406 -12.62489 -0.01321099 -0.01298677 0.9998284 -7.704784
0.9909729 0.1321678 0.02245998 311.0297 -0.1325166 0.99107 0.01481756 -12.93534 -0.02030101 -0.01766012 0.9996379 -7.876381
0.99066 0.1351821 0.01785068 313.112 -0.1354167 0.990708 0.01265424 -13.2149 -0.01597418 -0.01495333 0.9997606 -7.777518
0.9899682 0.1388514 0.02613886 315.1877 -0.1393748 0.9900497 0.01939183 -13.53776 -0.02318619 -0.0228404 0.9994702 -7.990172
0.9896816 0.1414658 0.02275425 317.2604 -0.1418398 0.9897642 0.01575493 -13.8527 -0.02029256 -0.01881982 0.9996169 -7.95254
0.9890622 0.1451996 0.02594301 319.3376 -0.1456599 0.9891917 0.0168244 -14.17433 -0.02321971 -0.02041923 0.9995219 -8.104598
0.9884592 0.1491914 0.02627376 321.4143 -0.1494838 0.9887184 0.009530603 -14.5155 -0.02455546 -0.01334811 0.9996094 -8.091852
0.9877346 0.1537011 0.02750128 323.4658 -0.1540587 0.9879961 0.01138014 -14.8695 -0.02542202 -0.01547737 0.999557 -8.227656
0.986814 0.1585115 0.03274585 325.5177 -0.1590928 0.9871346 0.01596544 -15.22141 -0.02979385 -0.02096455 0.9993362 -8.27347
0.9863251 0.1618538 0.03108059 327.5594 -0.162593 0.9864268 0.02292858 -15.55884 -0.02694765 -0.02766852 0.9992539 -8.344574
0.9858921 0.1643955 0.03147731 329.6189 -0.1649539 0.986171 0.01603374 -15.90969 -0.02840613 -0.02099984 0.9993759 -8.394031
0.9857473 0.1657273 0.02892709 331.6924 -0.1661493 0.9860169 0.01283659 -16.26785 -0.02639523 -0.01745985 0.9994991 -8.497081
0.9851954 0.1685932 0.03108636 333.7362 -0.1691912 0.9854243 0.01770979 -16.63808 -0.0276475 -0.02270714 0.9993598 -8.560351
0.984794 0.1711233 0.02996151 335.7808 -0.1718239 0.9848684 0.02260282 -17.02291 -0.02564028 -0.02740723 0.9992955 -8.591375
0.9842317 0.1734136 0.03486697 337.8451 -0.1741892 0.9844972 0.02057248 -17.40053 -0.03075889 -0.02632154 0.9991802 -8.668743
0.9838313 0.1761112 0.0325697 339.8942 -0.1767932 0.9840573 0.01937893 -17.80597 -0.0286376 -0.0248237 0.9992816 -8.797029
0.9831308 0.180097 0.0319208 341.9485 -0.1807516 0.9833463 0.01894398 -18.20542 -0.02797745 -0.02439414 0.9993109 -8.863561
0.9823579 0.1846956 0.02933425 344.0026 -0.1852683 0.9825203 0.01815449 -18.62453 -0.02546844 -0.02326891 0.9994048 -8.913938
0.9815557 0.1889153 0.02931592 346.0676 -0.1895516 0.9816529 0.02068035 -19.02044 -0.02487122 -0.0258558 0.9993563 -9.012832
0.9807061 0.1933704 0.02869627 348.1215 -0.1939769 0.9808005 0.02009109 -19.4449 -0.02426029 -0.02526987 0.9993863 -9.084278
0.9799401 0.1976573 0.02547805 350.1642 -0.1981531 0.9799936 0.01865701 -19.88541 -0.02128063 -0.02333131 0.9995013 -9.167004
0.9789677 0.2018717 0.02949617 352.2375 -0.2024145 0.9791571 0.01671959 -20.32487 -0.02550618 -0.0223384 0.9994251 -9.246067
0.9781781 0.2061891 0.02556454 354.2775 -0.2066204 0.9782978 0.01553633 -20.78182 -0.02180631 -0.02047946 0.9995524 -9.28153
0.9772295 0.2101945 0.0289946 356.3258 -0.210737 0.9773932 0.01709869 -21.2316 -0.02474507 -0.02281958 0.9994333 -9.374595
0.9765596 0.2137938 0.0249726 358.3773 -0.2142238 0.9766532 0.01601178 -21.70635 -0.02096635 -0.02098618 0.9995599 -9.392564
0.975782 0.2171581 0.02630148 360.4205 -0.2176892 0.9758264 0.01933763 -22.1861 -0.02146636 -0.02459486 0.999467 -9.531748
0.9751803 0.2202579 0.02257918 362.468 -0.2206533 0.9752076 0.01680848 -22.66045 -0.01831719 -0.02137347 0.9996037 -9.577631
0.974522 0.2229607 0.02440104 364.5072 -0.2234162 0.9745597 0.01784767 -23.15167 -0.01980094 -0.02284454 0.9995429 -9.634513
0.9740217 0.2253044 0.02279721 366.5356 -0.2257687 0.973968 0.02036849 -23.64072 -0.01761464 -0.02498625 0.9995326 -9.711617
0.9736189 0.2267705 0.02532659 368.6019 -0.2273086 0.9735992 0.02086353 -24.13874 -0.01992672 -0.02607008 0.9994615 -9.800834
0.9734725 0.2274573 0.02478915 370.6215 -0.2279563 0.9734746 0.01957397 -24.62902 -0.01967937 -0.02470557 0.999501 -9.875917
0.973539 0.2270731 0.025683 372.6662 -0.2275472 0.9736133 0.01731351 -25.11363 -0.02107388 -0.02269947 0.9995202 -9.974687
0.9735676 0.2270099 0.02515177 374.6975 -0.2274664 0.9736367 0.01704702 -25.61453 -0.02061884 -0.02231761 0.9995383 -10.02576
0.9738523 0.2262126 0.02096647 376.709 -0.2266183 0.9737877 0.01953997 -26.10481 -0.0159967 -0.02378043 0.9995892 -10.14444
0.9738134 0.2263854 0.02090863 378.7231 -0.2267875 0.9737508 0.01940831 -26.59067 -0.01596604 -0.02364189 0.999593 -10.18811
0.9737813 0.2266621 0.01934475 380.7335 -0.2270521 0.9736533 0.02113329 -27.0808 -0.01404496 -0.02497147 0.9995895 -10.2909
0.9733936 0.2282983 0.01961507 382.7374 -0.2286472 0.9733452 0.0178777 -27.58331 -0.01501078 -0.02188697 0.9996477 -10.3482
0.972772 0.2311264 0.01718131 384.7345 -0.2314645 0.9726095 0.0213315 -28.08121 -0.01178044 -0.02472755 0.9996248 -10.45319
0.972094 0.2340278 0.01625588 386.7445 -0.2343429 0.9719194 0.02135878 -28.58621 -0.01080085 -0.02457219 0.9996397 -10.51739
0.9713668 0.2370004 0.01665122 388.7273 -0.237336 0.9711697 0.02238289 -29.08479 -0.01086641 -0.02569393 0.9996108 -10.63167
0.9706957 0.2398582 0.01476424 390.7224 -0.2401096 0.9705675 0.01860857 -29.60757 -0.009866272 -0.02160829 0.9997178 -10.69151
0.9701033 0.2421959 0.01551541 392.7209 -0.2424946 0.9699104 0.02168696 -30.11284 -0.009796062 -0.024801 0.9996444 -10.81096
0.9694566 0.2449196 0.01297288 394.7142 -0.2451421 0.9692826 0.01991107 -30.63375 -0.007697777 -0.02248311 0.9997176 -10.82879
0.9688303 0.2474453 0.01177662 396.6819 -0.2476786 0.9684761 0.02663409 -31.1561 -0.0048149 -0.02872073 0.9995759 -10.97037
0.9680722 0.2505014 0.009233301 398.6837 -0.2506616 0.9677043 0.02678111 -31.68444 -0.002226399 -0.02824048 0.9995987 -10.9996
0.9672834 0.2536013 0.007019441 400.6678 -0.2536984 0.9669046 0.02706873 -32.21821 7.75368e-05 -0.02796396 0.9996089 -11.13405
0.9664675 0.2567112 0.006316113 402.6746 -0.2567869 0.9662646 0.01982352 -32.76757 -0.001014116 -0.02078069 0.9997835 -11.17797
0.96566 0.259771 0.004459831 404.6437 -0.2598067 0.9654317 0.0210327 -33.31918 0.001158022 -0.02146913 0.9997689 -11.29493
0.9647208 0.2632561 0.003140888 406.6322 -0.2632643 0.9645069 0.02045589 -33.87093 0.00235573 -0.02056111 0.9997858 -11.32519
0.9637249 0.266879 0.003170548 408.6123 -0.266883 0.9634783 0.02197705 -34.45193 0.002810458 -0.02202599 0.9997535 -11.42673
0.962895 0.2698481 0.003893615 410.6193 -0.26987 0.9626744 0.02069457 -35.01587 0.001836106 -0.02097746 0.9997783 -11.49974
0.9618448 0.2735609 0.004352262 412.6035 -0.2735945 0.961675 0.01808141 -35.61469 0.0007609057 -0.01858227 0.999827 -11.56386
0.9606904 0.2775635 0.005699933 414.5902 -0.2776217 0.9605203 0.01808677 -36.21406 -0.0004546714 -0.01895821 0.9998202 -11.65038
0.9595235 0.2815477 0.006751258 416.5786 -0.2816232 0.9593771 0.01685277 -36.81554 -0.001732145 -0.01807194 0.9998352 -11.69561
0.9585803 0.2846932 0.008575902 418.5647 -0.2848172 0.9583094 0.02284809 -37.43452 -0.001713672 -0.0243443 0.9997022 -11.77905
0.9579118 0.2868914 0.009918362 420.5554 -0.2870514 0.9576098 0.02419114 -38.05125 -0.002557688 -0.02602006 0.9996582 -11.85361
0.9572542 0.2890442 0.01085349 422.543 -0.2892264 0.9569665 0.02373262 -38.68149 -0.003526649 -0.02585726 0.9996594 -11.95405
0.9567143 0.2909197 0.007971344 424.5372 -0.2910259 0.9564704 0.02164331 -39.31507 -0.001327888 -0.02302633 0.999734 -12.03678
0.956013 0.2932004 0.008520884 426.5307 -0.2933143 0.9558161 0.01954501 -39.95378 -0.002413795 -0.02118458 0.9997727 -12.08824
0.9552281 0.2958443 0.003931041 428.5143 -0.2958521 0.954937 0.02380616 -40.59035 0.003289021 -0.02390332 0.9997089 -12.20599
0.9541552 0.2992556 0.005825841 430.508 -0.2993092 0.9538758 0.02312318 -41.24217 0.001362612 -0.02380683 0.9997156 -12.26191
0.9532833 0.3020577 0.003467802 432.5052 -0.3020471 0.9529611 0.02515308 -41.87896 0.004293002 -0.02502545 0.9996776 -12.34409
0.9524355 0.3047002 0.004941969 434.5078 -0.3047322 0.952167 0.02271687 -42.54358 0.002216256 -0.02314233 0.9997298 -12.41249
0.9517107 0.3069929 0.00146431 436.5051 -0.3069491 0.9514698 0.02208591 -43.20415 0.005386969 -0.02146886 0.999755 -12.52306
0.9509765 0.3092467 0.003189461 438.5121 -0.3092522 0.950806 0.01819342 -43.87338 0.002593696 -0.01828787 0.9998294 -12.58088
0.950403 0.3110079 0.002857757 440.5021 -0.3110027 0.9502074 0.01958053 -44.53708 0.003374237 -0.01949816 0.9998042 -12.66011
0.9496608 0.3132521 0.004179582 442.4991 -0.3132696 0.9494359 0.02082137 -45.21845 0.002554092 -0.02108258 0.9997745 -12.73343
0.9489421 0.3154182 0.004487759 444.4944 -0.3154352 0.9486625 0.0232451 -45.88992 0.003074561 -0.02347385 0.9997197 -12.81854
0.9483364 0.3172444 0.003751869 446.5005 -0.3172467 0.9480782 0.02240768 -46.58326 0.003551645 -0.02244028 0.9997419 -12.88686
0.9475586 0.3195762 0.001916711 448.501 -0.3195435 0.9473346 0.02119298 -47.28396 0.004957005 -0.02069406 0.9997736 -12.98037
0.9468561 0.3216575 -0.0002632963 450.4962 -0.3215884 0.946669 0.01996852 -47.97652 0.006672278 -0.01882264 0.9998006 -13.03701
0.9461938 0.3235907 -0.002529534 452.489 -0.3234643 0.9459934 0.02162294 -48.66969 0.009389902 -0.01964128 0.999763 -13.18177
0.9455644 0.3253952 -0.00509413 454.492 -0.3252085 0.9453744 0.02250685 -49.35972 0.01213948 -0.01962502 0.9997337 -13.22544
0.9453248 0.326094 -0.004878568 456.4845 -0.3258378 0.9450042 0.02822374 -50.06634 0.01381386 -0.02509098 0.9995897 -13.30025
0.9452643 0.3263031 -0.001286704 458.474 -0.326172 0.9449825 0.02489433 -50.77065 0.009339008 -0.02311203 0.9996893 -13.39003
0.9451585 0.3266065 0.001874351 460.4806 -0.326559 0.9448863 0.0234323 -51.49696 0.005882093 -0.02275932 0.9997237 -13.53305
0.9450009 0.3270668 0.0007274218 462.5024 -0.327024 0.9448363 0.01842668 -52.22256 0.00533946 -0.01765111 0.9998299 -13.54274
0.944941 0.3272406 -0.0001816559 464.5046 -0.3272021 0.9448379 0.01483186 -52.92558 0.005025224 -0.0139558 0.99989 -13.67116
0.9446064 0.3282053 -0.00017701 466.5128 -0.3281699 0.9445122 0.01417422 -53.64372 0.004819241 -0.01333097 0.9998995 -13.6976
0.9444426 0.3286764 0.0001925735 468.5161 -0.3286389 0.9443259 0.0156546 -54.35376 0.004963446 -0.01484816 0.9998775 -13.78117
0.9445328 0.3284023 0.003132584 470.5363 -0.3284058 0.9443779 0.01731709 -55.08052 0.002728628 -0.01738532 0.9998451 -13.80571
0.9447005 0.3278942 0.005139724 472.5456 -0.3279311 0.9445027 0.01938437 -55.81367 0.001501538 -0.0199979 0.9997989 -13.89476
0.9448387 0.3274183 0.008780031 474.5555 -0.3275316 0.9446254 0.02014018 -56.5309 -0.001699578 -0.02190496 0.9997586 -13.97453
0.9451084 0.3267085 0.005637092 476.5638 -0.3267423 0.9447598 0.02585302 -57.25233 0.003120705 -0.02627578 0.9996499 -14.09121
0.9449997 0.3270361 0.004792837 478.5941 -0.3270566 0.944717 0.02331601 -57.97146 0.003097299 -0.02360115 0.9997166 -14.15907
0.9451544 0.326618 0.001954963 480.618 -0.3265795 0.9449108 0.02213069 -58.69955 0.005381014 -0.02155537 0.9997532 -14.27241
0.9450933 0.326793 0.002216549 482.6519 -0.3267597 0.9448464 0.02221098 -59.422 0.005164094 -0.02171573 0.9997509 -14.33325
0.9450882 0.3268152 0.0003514171 484.67 -0.3267435 0.9448571 0.02199352 -60.14658 0.006855778 -0.02090064 0.9997581 -14.39313
0.9451541 0.326603 0.003762477 486.7126 -0.3266036 0.9448996 0.02225112 -60.87043 0.00371212 -0.02225958 0.9997453 -14.49348
0.9450609 0.3268827 0.002753687 488.7302 -0.3268527 0.9447727 0.02391028 -61.59838 0.005214247 -0.02349672 0.9997103 -14.56976
0.9450594 0.326879 0.003588432 490.7938 -0.3268678 0.9447623 0.02411394 -62.32013 0.004492126 -0.02396205 0.9997028 -14.67021
0.9448287 0.3275616 0.001431372 492.8154 -0.3275034 0.9445583 0.02348049 -63.05316 0.006339294 -0.02265382 0.9997233 -14.7604
0.9444262 0.3287226 0.0007366834 494.8548 -0.3286599 0.9441971 0.02178103 -63.77807 0.006464342 -0.02081269 0.9997625 -14.83219
0.9440918 0.3296823 0.0005154416 496.894 -0.3296061 0.9438374 0.02303624 -64.51365 0.007108149 -0.02191822 0.9997345 -14.9283
0.9439859 0.329975 0.00264135 498.9357 -0.3299388 0.9436872 0.02438455 -65.24839 0.005553684 -0.02389016 0.9996992 -14.98196
0.9438313 0.3304149 0.002893873 500.9729 -0.3303709 0.9434712 0.026781 -65.98653 0.006118556 -0.0262328 0.9996371 -15.08794
0.9436108 0.3310472 0.002509935 503.0134 -0.3309988 0.9432769 0.02585438 -66.73325 0.006191457 -0.02522726 0.9996626 -15.19833
0.9434143 0.331584 0.004644635 505.0539 -0.3315922 0.943083 0.02531828 -67.47536 0.004014859 -0.02542575 0.9996687 -15.26029
0.9431986 0.3322035 0.004148894 507.0911 -0.3321949 0.9428474 0.0261813 -68.20309 0.004785744 -0.0260724 0.9996486 -15.37318
0.9430606 0.3325835 0.004998438 509.1377 -0.3326041 0.9427541 0.02427588 -68.95207 0.003361458 -0.02455613 0.9996928 -15.46411
0.9428579 0.3331699 0.004094492 511.1747 -0.3331538 0.9424769 0.02730352 -69.70005 0.005237744 -0.02710743 0.9996188 -15.57551
0.9425583 0.3340317 0.002575036 513.2141 -0.333986 0.9422328 0.02550891 -70.43063 0.0060945 -0.02490366 0.9996713 -15.6409
0.9425781 0.3339858 0.0001524421 515.2455 -0.333878 0.9422621 0.02583617 -71.16483 0.008485273 -0.02440351 0.9996662 -15.75339
0.9425046 0.3341911 -0.001135907 517.2949 -0.3340737 0.9422535 0.02352106 -71.90855 0.008930842 -0.02178923 0.9997227 -15.83188
0.9423961 0.334498 -0.0007975576 519.31 -0.3343669 0.9420884 0.02585074 -72.64686 0.009398392 -0.02409496 0.9996655 -15.95276
0.9423388 0.3346516 -0.002413813 521.3332 -0.3344898 0.9420642 0.0251288 -73.38918 0.01068336 -0.02287245 0.9996813 -16.025
0.9422541 0.3348971 -0.001124501 523.3575 -0.3347696 0.941978 0.02463148 -74.13019 0.009308266 -0.02283266 0.999696 -16.13136
0.941905 0.3358699 -0.002545766 525.348 -0.3357225 0.9416692 0.02343776 -74.87663 0.01026931 -0.02122147 0.9997221 -16.22882
0.9416461 0.3366045 -0.0003184995 527.3531 -0.3365177 0.9414241 0.02183397 -75.60072 0.007649258 -0.0204527 0.9997616 -16.28097
0.9416797 0.336509 -0.0009724812 529.3404 -0.3364228 0.9414965 0.02010481 -76.32949 0.007681038 -0.01860513 0.9997974 -16.41507
0.9417641 0.3362731 0.000891326 531.3148 -0.336231 0.941597 0.01854032 -77.06436 0.00539534 -0.0177603 0.9998277 -16.49066
0.941768 0.336257 -0.002077736 533.2835 -0.3361945 0.941682 0.01442864 -77.78855 0.006808299 -0.01288991 0.9998937 -16.52737
0.941673 0.3365276 0.001088661 535.2294 -0.336503 0.9415536 0.01556884 -78.50328 0.004214312 -0.01502709 0.9998782 -16.65687
0.9417036 0.3364353 -0.002400312 537.1672 -0.3363622 0.9416082 0.01530606 -79.22204 0.007409652 -0.01360639 0.99988 -16.6894
0.9420189 0.3355462 0.003008286 539.1164 -0.3355344 0.9417998 0.02072649 -79.92733 0.004121494 -0.02053414 0.9997807 -16.79642
0.9425129 0.3341691 0.0006656772 541.0373 -0.3341253 0.9423529 0.01820008 -80.64321 0.005454602 -0.01737623 0.9998341 -16.83572
0.9432499 0.3319673 0.008788543 542.957 -0.3320748 0.9430876 0.01766968 -81.33477 -0.002422611 -0.01958537 0.9998053 -16.96924
0.9439054 0.3301957 0.003665471 544.8688 -0.330214 0.9438021 0.01400976 -82.04161 0.001166483 -0.01443427 0.9998952 -17.00886
0.9445904 0.3281266 0.009048415 546.7888 -0.3282282 0.9444923 0.01415923 -82.72198 -0.003900137 -0.01634462 0.9998588 -17.12442
0.94531 0.326142 0.0045165 548.6856 -0.326173 0.9451998 0.01443548 -83.41637 0.0004390217 -0.01511917 0.9998856 -17.14943
0.9458081 0.3246563 0.006740345 550.5898 -0.3247258 0.9456381 0.0179372 -84.07899 -0.0005505008 -0.01915391 0.9998164 -17.24775
0.9462485 0.3234287 0.002786773 552.486 -0.3234219 0.9460658 0.01892372 -84.76843 0.003484004 -0.01880785 0.9998171 -17.30504
0.9464967 0.3226693 0.005335224 554.3747 -0.3227124 0.9463235 0.01812904 -85.42178 0.0008008375 -0.01888082 0.9998214 -17.40033
0.946434 0.3228841 0.002929545 556.2553 -0.3228891 0.9463058 0.01574438 -86.09994 0.002311365 -0.01584694 0.9998717 -17.46009
0.9463586 0.3231068 0.002704973 558.1548 -0.3231039 0.9462049 0.01732064 -86.76604 0.003036959 -0.01726553 0.9998463 -17.54191
0.9460558 0.3240027 0.0007800837 560.0374 -0.3239736 0.9459326 0.01588925 -87.44103 0.004410253 -0.01528484 0.9998735 -17.6074
0.9457811 0.324785 0.003578017 561.926 -0.3247924 0.9455914 0.01915029 -88.10224 0.002836387 -0.0192741 0.9998102 -17.68145
0.9456908 0.3250608 0.002114722 563.8041 -0.3250355 0.9454859 0.02020327 -88.77295 0.00456785 -0.0197934 0.9997936 -17.7538
0.9454604 0.3257048 0.004580142 565.6709 -0.3257282 0.9452378 0.02064922 -89.44376 0.002396227 -0.0210149 0.9997763 -17.85344
0.9452785 0.3262592 0.001849056 567.5464 -0.3262247 0.94506 0.02094926 -90.10335 0.005087418 -0.02040609 0.9997788 -17.9069
0.9451189 0.3267261 0.0005600138 569.3846 -0.3266346 0.9448105 0.02535046 -90.75275 0.00775355 -0.02414211 0.9996785 -18.01697
0.9448584 0.3274615 -0.003421911 571.2601 -0.3272386 0.9445127 0.02846889 -91.42277 0.0125545 -0.02577928 0.9995888 -18.07789
0.9448143 0.3274944 -0.008561291 573.1409 -0.3271345 0.9445335 0.02897575 -92.08798 0.01757582 -0.02457601 0.9995434 -18.20299
0.944968 0.3269346 -0.012216 575.011 -0.3265475 0.9448221 0.02603745 -92.74405 0.02005449 -0.02061545 0.9995863 -18.29045
0.9453241 0.3257276 -0.01624411 576.89 -0.3253836 0.9453562 0.02066658 -93.40501 0.02208815 -0.01425104 0.9996545 -18.38107
0.9459159 0.3240352 -0.01562918 578.7543 -0.3237434 0.945962 0.01861327 -94.05202 0.02081596 -0.01254674 0.9997046 -18.42832
0.9464127 0.322439 -0.0183313 580.5692 -0.3219039 0.946384 0.02711956 -94.69501 0.02609286 -0.01976538 0.9994641 -18.4907
0.9466797 0.3217717 -0.01614192 582.4022 -0.3210085 0.9463255 0.03770391 -95.33969 0.02740756 -0.03051183 0.9991586 -18.61448
0.946861 0.3210406 -0.01967718 584.259 -0.3202105 0.9466455 0.03643328 -95.98684 0.03032387 -0.02819641 0.9991423 -18.71644
0.9469438 0.3209868 -0.01627322 586.105 -0.3203532 0.9467331 0.03271622 -96.63148 0.02590787 -0.02576725 0.9993322 -18.83647
0.9471578 0.3201278 -0.02025555 587.9481 -0.3194226 0.9470803 0.03175047 -97.25987 0.02934784 -0.02360263 0.9992906 -18.93462
0.9472394 0.3199646 -0.01897971 589.7712 -0.3192187 0.9470624 0.03424072 -97.89262 0.02893079 -0.02637548 0.9992334 -19.05044
0.9472563 0.3196391 -0.02315654 591.5814 -0.3186109 0.9470652 0.0394251 -98.52351 0.03453256 -0.02996775 0.9989542 -19.13673
0.9473635 0.3193326 -0.02300199 593.3846 -0.3182127 0.9470803 0.04218981 -99.14413 0.03525731 -0.03264955 0.9988448 -19.26535
0.9472505 0.3194807 -0.02546439 595.1928 -0.3183288 0.9470967 0.04092048 -99.7612 0.03719054 -0.0306559 0.9988379 -19.37416
0.9471822 0.3196825 -0.02547548 596.9966 -0.3187534 0.9471998 0.03476654 -100.3848 0.03524463 -0.02480985 0.9990707 -19.49403
0.9471123 0.3196487 -0.02833698 598.788 -0.3187733 0.9473084 0.03146955 -101.0047 0.03690306 -0.02077213 0.999103 -19.59971
0.9472012 0.3190989 -0.0313963 600.5899 -0.3182938 0.9475756 0.02809532 -101.6153 0.03871556 -0.01661867 0.9991121 -19.69201
0.9471491 0.319151 -0.03242327 602.3782 -0.3184568 0.947612 0.02483458 -102.2327 0.03865066 -0.01319664 0.9991657 -19.76926
0.9475334 0.3182572 -0.0298819 604.168 -0.3176658 0.9479256 0.0229289 -102.8519 0.0356231 -0.01223344 0.9992904 -19.827
0.9484293 0.315852 -0.02681922 605.952 -0.3151783 0.948661 0.02655187 -103.4788 0.03382881 -0.01672974 0.9992876 -19.9001
0.9498298 0.3120178 -0.02164081 607.7373 -0.3113093 0.9498092 0.03080297 -104.0885 0.03016572 -0.02252059 0.9992912 -20.01591
0.9513035 0.307379 -0.0232313 609.5317 -0.3065548 0.95127 0.03330674 -104.6706 0.03233703 -0.02456315 0.9991751 -20.11227
0.9523758 0.3037907 -0.02629576 611.3139 -0.3029115 0.9524553 0.03276303 -105.2592 0.03499864 -0.02323743 0.9991172 -20.23398
0.9531822 0.3008488 -0.03055835 613.0948 -0.2999178 0.9534417 0.03159372 -105.8419 0.03864054 -0.02094957 0.9990336 -20.30514
0.9539219 0.2981398 -0.03384762 614.8893 -0.297224 0.9543495 0.02957576 -106.4149 0.04112017 -0.01815264 0.9989893 -20.39605
0.9545736 0.2958315 -0.03567743 616.6729 -0.2948677 0.95507 0.02990417 -106.9809 0.04292104 -0.01802561 0.9989159 -20.48448
0.955077 0.2939154 -0.03796983 618.4688 -0.2928977 0.9556676 0.03017171 -107.5368 0.04515447 -0.01769503 0.9988233 -20.58203
0.9553494 0.2926151 -0.04103589 620.2535 -0.2914567 0.9560498 0.03196242 -108.0984 0.04858504 -0.01857509 0.9986463 -20.67407
0.9557138 0.2908977 -0.04460567 622.0703 -0.2896743 0.9565921 0.03194075 -108.6456 0.05196093 -0.0176051 0.9984939 -20.76745
0.9556608 0.2902888 -0.04944623 623.847 -0.2888596 0.956764 0.03409902 -109.2098 0.05720694 -0.01830408 0.9981945 -20.87714
0.9555756 0.2895196 -0.05526019 625.6424 -0.288045 0.9570417 0.03318131 -109.7515 0.06249296 -0.01578982 0.9979205 -20.96219
0.9550405 0.2904468 -0.05948347 627.438 -0.2890061 0.9568014 0.03172852 -110.2981 0.06612931 -0.01311094 0.997725 -21.05891
