1.0 0.0 0.0 0.0 0.0 1.0 0.0 0.0 0.0 0.0 1.0 0.0
0.9999995 -0.0003042263 -0.0009074729 2.059503 0.0003027432 0.9999985 -0.001634 -0.01008193 0.0009079687 0.001633724 0.9999983 -0.06614274
0.9999933 -0.001554172 -0.003328242 3.9526 0.001528247 0.9999686 -0.007777792 -0.02710533 0.003340225 0.007772653 0.9999642 -0.05371689
0.9999795 -0.00138409 0.006247938 5.822236 0.001370284 0.9999967 0.002213453 -0.05443306 -0.00625098 -0.002204846 0.999978 -0.06780878
0.9999807 -0.002434011 0.005702868 7.72783 0.002465771 0.9999814 -0.005568715 -0.06970853 -0.005689208 0.00558267 0.9999682 -0.1013179
0.9999152 -0.002768309 0.01272841 9.615962 0.002817994 0.9999884 -0.003887206 -0.0873673 -0.01271751 0.003922745 0.9999114 -0.1503865
0.9999653 -0.004739353 0.006858085 11.51969 0.004796951 0.999953 -0.008406507 -0.1016038 -0.006817923 0.008439112 0.9999412 -0.1501468
0.9999758 -0.004404027 0.005380324 13.44272 0.00440865 0.9999899 -0.0008477556 -0.09950425 -0.005376536 0.0008714551 0.9999852 -0.2088692
0.9999719 -0.004011581 -0.006329115 15.34925 0.003972804 0.9999734 -0.006127419 -0.1007707 0.006353527 0.006102103 0.9999612 -0.2265649
0.9999846 -0.004361339 -0.003439933 17.23315 0.004329672 0.9999487 -0.009160111 -0.1071812 0.003479707 0.009145075 0.9999521 -0.2476426
0.9999704 -0.006691052 -0.003812052 19.11649 0.006671845 0.9999651 -0.005029174 -0.1195716 0.003845569 0.005003591 0.9999801 -0.2123006
0.9999632 -0.007843636 -0.003488843 21.00875 0.007841894 0.9999691 -0.0005124483 -0.1267841 0.003492755 0.0004850703 0.9999938 -0.2726962
0.9999544 -0.009271614 -0.00228468 22.88539 0.009261951 0.9999483 -0.004204198 -0.129277 0.002323541 0.004182845 0.9999886 -0.2394198
0.9999337 -0.01146046 -0.001114852 24.74944 0.01146082 0.9999343 0.0003243107 -0.1218905 0.001111062 -0.0003370663 0.9999993 -0.3267102
0.9999152 -0.01290988 -0.00170551 26.61493 0.01292448 0.9998773 0.00884851 -0.1235217 0.001591068 -0.008869802 0.9999594 -0.3673093
0.9998807 -0.01457505 -0.005107693 28.4813 0.01466628 0.9997249 0.01830378 -0.1043116 0.004839509 -0.01837651 0.9998194 -0.3992525
0.9998649 -0.01544165 -0.005623607 30.3903 0.0155265 0.9997612 0.01536943 -0.09106421 0.005384935 -0.01545467 0.9998661 -0.4559354
0.9998322 -0.0169956 -0.006839298 32.29145 0.01700019 0.9998553 0.0006139327 -0.08793244 0.006827874 -0.000730099 0.9999764 -0.4885502
0.9998037 -0.01871052 -0.006514993 34.19442 0.01867919 0.9998138 -0.004837594 -0.05645546 0.006604294 0.00471495 0.9999671 -0.5446343
0.9997919 -0.01924991 -0.006756297 36.0598 0.01924705 0.9998147 -0.0004889393 -0.03759969 0.006764456 0.0003587988 0.9999771 -0.5559383
0.999807 -0.01857943 -0.006389073 37.95374 0.01864735 0.9997685 0.0107399 -0.02029821 0.006188052 -0.01085696 0.9999219 -0.5836081
0.9998049 -0.0190573 -0.005190141 39.86524 0.01912485 0.9997287 0.01329258 -0.01378116 0.004935413 -0.01338925 0.9998982 -0.6006826
0.9998117 -0.01930916 0.001917146 41.75631 0.01928635 0.9997503 0.01127761 -0.006286575 -0.002134429 -0.01123851 0.9999346 -0.6602468
0.9997713 -0.01996841 0.007658727 43.67487 0.0199224 0.9997833 0.006037117 0.002975217 -0.007777619 -0.005883157 0.9999524 -0.6975355
0.999635 -0.02039535 0.01771878 45.57459 0.02032082 0.9997839 0.00437636 0.02848138 -0.01780421 -0.004014703 0.9998334 -0.7466618
0.9995946 -0.01938105 0.0208585 47.48532 0.01932215 0.9998088 0.003021684 0.02600417 -0.02091308 -0.002617428 0.9997779 -0.7786964
0.9994447 -0.01767723 0.02824427 49.38684 0.01756386 0.9998366 0.004257071 0.02952974 -0.02831491 -0.003758629 0.999592 -0.8182266
0.9995043 -0.01733219 0.02628426 51.29513 0.01724152 0.9998447 0.003672329 0.03735679 -0.02634382 -0.003217328 0.9996477 -0.8589928
0.9993327 -0.0159401 0.03286349 53.21059 0.0158888 0.9998721 0.001821748 0.04053264 -0.03288833 -0.001298371 0.9994582 -0.8912856
0.9993843 -0.01524747 0.03159916 55.10726 0.01521671 0.9998833 0.001213723 0.06642282 -0.03161399 -0.0007321404 0.9994999 -0.9407659
0.9993728 -0.01407701 0.03249231 57.00546 0.01410423 0.9999003 -0.0006087145 0.07687739 -0.0324805 0.001066612 0.9994718 -0.9846641
0.9995105 -0.01272072 0.02858442 58.90158 0.01256396 0.9999051 0.005656894 0.09919593 -0.02865366 -0.005294992 0.9995754 -1.013867
0.9996548 -0.01237424 0.02317896 60.78673 0.01225692 0.9999113 0.005196449 0.1134486 -0.02324121 -0.004910552 0.9997178 -1.049422
0.99972 -0.01116362 0.02086584 62.66349 0.01093068 0.9998771 0.01124497 0.1281846 -0.02098881 -0.01101374 0.999719 -1.100332
0.9997899 -0.01017855 0.01779358 64.55525 0.01004191 0.9999197 0.007751376 0.1169544 -0.01787105 -0.007571066 0.9998116 -1.12941
0.9998087 -0.008665578 0.01753359 66.44443 0.008540052 0.9999375 0.007221384 0.1267106 -0.01759507 -0.007070264 0.9998202 -1.197509
0.9999171 -0.005293771 0.01173082 68.30297 0.005200955 0.9999551 0.0079286 0.1168692 -0.01177226 -0.007866931 0.9998997 -1.249395
0.9999573 -0.001350975 0.009138747 70.17815 0.00128309 0.9999715 0.00743014 0.1147992 -0.009148526 -0.007418097 0.9999306 -1.297801
0.9999873 0.003751562 0.003363075 72.05626 -0.003777461 0.9999629 0.007727956 0.09263032 -0.003333959 -0.007740562 0.9999645 -1.347373
0.9999631 0.007807521 0.003583926 73.89647 -0.007831814 0.999946 0.006814945 0.08880772 -0.003530525 -0.006842762 0.9999704 -1.399732
0.9999384 0.01070374 0.002951897 75.76315 -0.01072379 0.9999189 0.006862928 0.0405351 -0.002878199 -0.006894161 0.9999721 -1.435139
0.9998693 0.01511902 0.005718845 77.60701 -0.0151603 0.999859 0.0072446 -0.001531021 -0.005608507 -0.007330353 0.9999574 -1.484544
0.9998151 0.01847904 0.005313355 79.44457 -0.01850818 0.9998136 0.005488057 -0.04579363 -0.00521095 -0.005585383 0.9999709 -1.520978
0.9997246 0.02231927 0.007256707 81.26067 -0.02233578 0.9997481 0.002201661 -0.1056734 -0.00720574 -0.002363139 0.9999713 -1.562676
0.999606 0.02634382 0.0096843 83.08985 -0.02636889 0.9996492 0.002469814 -0.1637754 -0.009615839 -0.002724205 0.9999501 -1.600279
0.9994787 0.03082736 0.009589041 84.90942 -0.03085548 0.9995198 0.002799093 -0.2372545 -0.009498149 -0.003093508 0.9999501 -1.638838
0.999378 0.0342129 0.008554423 86.73529 -0.03423635 0.9994104 0.002609956 -0.3125969 -0.008460086 -0.002901205 0.99996 -1.687496
0.999259 0.03807641 0.005623489 88.5438 -0.03808904 0.9992721 0.002156949 -0.3839774 -0.005537266 -0.002369544 0.9999819 -1.724365
0.9990876 0.04227691 0.006048655 90.36684 -0.04228968 0.9991033 0.001998956 -0.4828294 -0.005958722 -0.002252928 0.9999797 -1.761425
0.998983 0.04481231 0.004981657 92.19614 -0.04482201 0.9989933 0.001853205 -0.558854 -0.004893595 -0.002074608 0.9999859 -1.783443
0.9988021 0.04844361 0.006899221 93.99463 -0.04845506 0.9988242 0.00150176 -0.6648282 -0.006818358 -0.001834263 0.9999751 -1.829648
0.998652 0.05164578 0.005181346 95.79456 -0.05165451 0.9986638 0.001566266 -0.7656227 -0.005093531 -0.001831795 0.9999853 -1.854105
0.9984232 0.05585993 0.005550703 97.60872 -0.05586742 0.9984375 0.001202797 -0.8775175 -0.005474842 -0.001511003 0.9999838 -1.888462
0.9982154 0.05942677 0.005874485 99.39321 -0.05944005 0.9982296 0.002113386 -0.996178 -0.005738494 -0.002458794 0.9999805 -1.928198
0.9979553 0.0636632 0.005686501 101.1962 -0.0636778 0.9979675 0.002425996 -1.125575 -0.005520496 -0.002783139 0.9999809 -1.963817
0.9976448 0.06827216 0.006610132 102.9754 -0.06828673 0.9976636 0.002003824 -1.256259 -0.006457883 -0.002450489 0.9999762 -2.002917
0.9974529 0.0707197 0.009296563 104.7564 -0.07075398 0.997488 0.003410617 -1.389778 -0.009032012 -0.004059699 0.9999509 -2.041315
0.9971448 0.07453503 0.0121133 106.5423 -0.0745717 0.9972124 0.002604327 -1.547764 -0.01188542 -0.0035002 0.9999232 -2.070543
0.9969096 0.07713447 0.01488268 108.3076 -0.07716636 0.9970169 0.00157953 -1.68215 -0.01471645 -0.00272309 0.999888 -2.10482
0.9966059 0.08087897 0.01533812 110.0719 -0.08089326 0.9967227 0.0003126639 -1.853303 -0.01526257 -0.001552353 0.9998823 -2.147645
0.9962456 0.08493362 0.0167644 111.8271 -0.08494549 0.9963856 -3.295252e-06 -2.017905 -0.01670409 -0.001420777 0.9998595 -2.181299
0.9959236 0.0889703 0.01484808 113.589 -0.08896904 0.9960341 -0.0007466244 -2.170744 -0.01485563 -0.0005774389 0.9998895 -2.192665
0.9954934 0.09389243 0.01331076 115.3381 -0.09387008 0.9955817 -0.002295509 -2.35411 -0.01346748 0.001035681 0.9999087 -2.227109
0.9951919 0.09726667 0.0115012 117.0904 -0.09725817 0.9952583 -0.001298769 -2.531542 -0.01157299 0.0001739393 0.999933 -2.256634
0.9948365 0.1008929 0.01099898 118.8235 -0.1008801 0.9948971 -0.001715398 -2.722164 -0.01111593 0.0005969629 0.999938 -2.287302
0.9944352 0.1047282 0.01142986 120.5728 -0.1046999 0.9944993 -0.003052065 -2.930784 -0.01168663 0.001838376 0.99993 -2.314893
0.9939104 0.1096984 0.01040513 122.2928 -0.1096619 0.9939607 -0.004017383 -3.122885 -0.01078299 0.002851873 0.9999378 -2.346997
0.9936628 0.1120267 0.009184461 124.0212 -0.111977 0.9936941 -0.005753228 -3.338047 -0.00977106 0.00468832 0.9999413 -2.358821
0.9931041 0.1165859 0.01232949 125.7278 -0.1165193 0.9931703 -0.00598467 -3.532628 -0.01294301 0.004506777 0.9999061 -2.369804
0.9926341 0.1206658 0.01083035 127.4406 -0.120622 0.9926878 -0.004611937 -3.777155 -0.01130767 0.003271587 0.9999307 -2.395416
0.9922242 0.1236817 0.01393158 129.1419 -0.1236445 0.9923204 -0.00350461 -3.97869 -0.01425805 0.001754795 0.9998968 -2.427194
0.9919964 0.1254884 0.01399393 130.826 -0.1254867 0.9920949 -0.001003791 -4.201946 -0.01400927 -0.0007602954 0.9999016 -2.435036
0.9919531 0.1258122 0.01415479 132.5341 -0.1258381 0.9920504 0.000951084 -4.426275 -0.0139226 -0.002724643 0.9998994 -2.470494
0.9918862 0.1261263 0.0159347 134.2342 -0.1261942 0.9919999 0.003326511 -4.659587 -0.01538766 -0.005310386 0.9998675 -2.509446
0.9919152 0.1260066 0.01505099 135.9319 -0.1260922 0.9920064 0.004881009 -4.880798 -0.01431564 -0.006739359 0.9998748 -2.53794
0.9918694 0.1266719 0.01221401 137.6254 -0.1267254 0.9919308 0.003709467 -5.118485 -0.01164557 -0.005227132 0.9999185 -2.576832
0.9918204 0.1273084 0.009209133 139.3616 -0.1273446 0.9918525 0.003445333 -5.338022 -0.008695482 -0.004589885 0.9999517 -2.620405
0.9917122 0.1282805 0.007136886 141.0499 -0.128297 0.991734 0.001902323 -5.557755 -0.006833862 -0.002802199 0.9999727 -2.64634
0.991605 0.1292738 0.002785705 142.7647 -0.1292813 0.9916041 0.002720959 -5.792353 -0.002410568 -0.003058256 0.9999924 -2.684822
0.9911703 0.1325862 0.001532931 144.4757 -0.1325904 0.991166 0.003071177 -6.048309 -0.001112194 -0.003247312 0.9999941 -2.726823
0.9909139 0.1344893 -0.001474027 146.1775 -0.1344808 0.9909042 0.004877438 -6.265139 0.002116583 -0.004634893 0.999987 -2.745127
0.9903378 0.1386647 -0.00173141 147.8828 -0.1386536 0.990326 0.005420169 -6.514309 0.002466247 -0.005127733 0.9999838 -2.794892
0.9897504 0.1427426 -0.004324903 149.5902 -0.1427231 0.9897524 0.00452526 -6.776478 0.00492653 -0.003861614 0.9999804 -2.831868
0.9890441 0.1474428 -0.007240571 151.3002 -0.1474293 0.9890696 0.002364274 -7.034959 0.007510025 -0.001270899 0.999971 -2.881596
0.9879304 0.1545913 -0.009751252 153.0012 -0.1545801 0.9879783 0.001888248 -7.292303 0.009925933 -0.0003581073 0.9999506 -2.899333
0.9867153 0.1622244 -0.008725701 154.7021 -0.162212 0.9867537 0.00212081 -7.578025 0.008954164 -0.0006772224 0.9999597 -2.941813
0.9853996 0.1701104 -0.00707676 156.398 -0.1700914 0.985423 0.003218972 -7.864666 0.007521184 -0.001968278 0.9999698 -2.956706
0.9838661 0.178775 -0.006852656 158.0862 -0.1787654 0.9838898 0.001982851 -8.177625 0.007096741 -0.0007258417 0.9999745 -2.995718
0.9824348 0.1865406 -0.004944639 159.7792 -0.1865336 0.9824469 0.001843821 -8.51485 0.005201792 -0.0008890923 0.9999861 -3.039326
0.9810508 0.1937004 -0.004411697 161.4501 -0.1937011 0.9810605 0.0002705987 -8.862272 0.004380557 0.0005890795 0.9999902 -3.06229
0.9796255 0.2008321 0.0005821243 163.1275 -0.2008329 0.9796242 0.001654896 -9.202647 -0.0002379067 -0.001738088 0.9999985 -3.096434
0.9778747 0.2091909 -0.0004885909 164.7828 -0.209191 0.9778749 -5.617136e-05 -9.573569 0.0004660301 0.0001571374 0.9999999 -3.114545
0.9765263 0.2153403 0.004998164 166.4588 -0.2153446 0.9765381 0.0003492088 -9.942445 -0.004805699 -0.001417339 0.9999874 -3.160292
0.9749663 0.222239 0.007099629 168.1355 -0.222243 0.9749912 -0.0002379613 -10.34116 -0.00697496 -0.001345838 0.9999748 -3.182927
0.9737681 0.2272254 0.01201112 169.8081 -0.2272549 0.9738345 0.001134891 -10.73316 -0.01143897 -0.003834706 0.9999272 -3.220444
0.9724185 0.2328766 0.01306561 171.456 -0.2329206 0.9724939 0.001925602 -11.14587 -0.01225779 -0.004915739 0.9999128 -3.250002
0.9718786 0.2349792 0.01538848 173.129 -0.2350425 0.9719821 0.00241733 -11.57132 -0.01438931 -0.0059663 0.9998786 -3.271699
0.9713435 0.2372111 0.01492727 174.7835 -0.2372806 0.9714364 0.003048524 -11.98914 -0.01377775 -0.006503117 0.9998839 -3.294664
0.970914 0.2387896 0.01747808 176.4329 -0.2389096 0.9710283 0.005100605 -12.40207 -0.01575374 -0.009127929 0.9998342 -3.34658
0.9710572 0.2382899 0.01630493 178.1021 -0.2384006 0.971153 0.005192279 -12.81692 -0.01459731 -0.008929105 0.9998536 -3.36922
0.9712798 0.2374348 0.01550128 179.7835 -0.2375514 0.9713557 0.006139485 -13.23477 -0.01359953 -0.009645509 0.999861 -3.419857
0.9712693 0.2377621 0.01025372 181.4526 -0.2378245 0.9712933 0.005347504 -13.65821 -0.008687938 -0.007632453 0.9999331 -3.457186
0.970801 0.2397768 0.007247171 183.1264 -0.2398131 0.9708081 0.004622471 -14.08042 -0.005927251 -0.006225465 0.999963 -3.486214
0.9706564 0.2404499 0.003161192 184.806 -0.2404616 0.9706501 0.004083501 -14.51202 -0.002086534 -0.004723822 0.9999866 -3.528581
0.9704866 0.2411414 0.002573584 186.4911 -0.2411513 0.9704758 0.004785194 -14.93875 -0.001343693 -0.00526459 0.9999852 -3.558902
0.9704245 0.2414043 -0.0005641972 188.1789 -0.2414007 0.9704185 0.003681516 -15.3725 0.001436241 -0.003436436 0.9999931 -3.593761
0.970067 0.2428182 0.003056188 189.8571 -0.242828 0.9700634 0.003408995 -15.80968 -0.00213693 -0.004049082 0.9999895 -3.632372
0.9703496 0.2416915 0.002629515 191.5756 -0.2416978 0.9703485 0.002433874 -16.23856 -0.0019633 -0.002997257 0.9999936 -3.642487
0.9700342 0.2428668 0.007032319 193.2573 -0.2428949 0.9700464 0.003455084 -16.68219 -0.00598255 -0.005059664 0.9999693 -3.695382
0.9700717 0.2427793 0.004370239 194.949 -0.2427942 0.9700723 0.003285485 -17.1224 -0.003441799 -0.004248225 0.999985 -3.708492
0.9701948 0.2423026 0.003403074 196.6595 -0.2423066 0.9701993 0.0008174748 -17.56592 -0.003103584 -0.001617697 0.9999939 -3.744334
0.9698639 0.2436097 0.004290306 198.3321 -0.243618 0.96987 0.001538942 -18.01443 -0.003786138 -0.00253776 0.9999896 -3.7854
0.9697558 0.2440662 0.002342197 200.0339 -0.2440695 0.969757 0.001240271 -18.46571 -0.001968654 -0.001774419 0.9999965 -3.825812
0.9699229 0.2433791 0.004018398 201.7348 -0.2433923 0.9699225 0.003220706 -18.8938 -0.003113682 -0.004101883 0.9999868 -3.857936
0.9699357 0.2433485 0.002519543 203.4214 -0.2433573 0.9699279 0.00416048 -19.34309 -0.001431328 -0.004648547 0.9999882 -3.884196
0.9699029 0.2434739 0.002966776 205.1074 -0.2434872 0.9698881 0.005566773 -19.77465 -0.001522077 -0.006121601 0.9999801 -3.915447
0.9699025 0.2434696 0.003441867 206.7949 -0.2434871 0.969884 0.006239325 -20.19705 -0.001819126 -0.006889586 0.9999746 -3.946125
0.9695057 0.2450457 0.00335933 208.4806 -0.2450632 0.9694849 0.00657175 -20.63318 -0.001646441 -0.007194597 0.9999728 -3.997579
0.9695815 0.2447537 0.002691146 210.1666 -0.2447663 0.9695604 0.006497073 -21.06563 -0.001019046 -0.006958143 0.9999753 -4.035331
0.9694873 0.2451393 -0.001047433 211.8535 -0.2451264 0.9694662 0.006949859 -21.51093 0.002719134 -0.006481047 0.9999753 -4.078984
0.9695587 0.2448339 -0.003514235 213.5377 -0.2448071 0.9695487 0.006690857 -21.94372 0.005045371 -0.005626868 0.9999714 -4.128432
0.9693246 0.2457717 -0.00247164 215.2191 -0.2457523 0.9693118 0.006332743 -22.38995 0.003952199 -0.005531073 0.9999769 -4.152034
0.9694085 0.2454271 -0.003580228 216.8885 -0.2453924 0.9693899 0.008112337 -22.8159 0.005461624 -0.006985608 0.9999607 -4.210608
0.9694952 0.245108 -0.001058126 218.5599 -0.2450896 0.9694604 0.008802757 -23.24249 0.003183438 -0.008274894 0.9999607 -4.250058
0.9693485 0.2456701 -0.003093211 220.2349 -0.2456381 0.9693264 0.008256948 -23.67681 0.005026816 -0.00724405 0.9999611 -4.283363
0.9692417 0.2460914 -0.003095701 221.9055 -0.2460742 0.9692377 0.005075511 -24.11764 0.00424951 -0.004157625 0.9999824 -4.320951
0.969152 0.2464636 6.710633e-05 223.5934 -0.2464615 0.9691426 0.004381544 -24.56415 0.001014856 -0.004262922 0.9999904 -4.375115
0.9687835 0.2479052 0.001232743 225.2638 -0.247908 0.9687778 0.003375887 -24.99711 -0.0003573541 -0.003576111 0.9999936 -4.417863
0.968175 0.2502626 0.002410353 226.911 -0.2502695 0.9681711 0.003163922 -25.44301 -0.001541822 -0.003666468 0.9999921 -4.457623
0.9678194 0.2515822 0.005660545 228.5898 -0.2516082 0.9678189 0.00446702 -25.90553 -0.00435456 -0.005747509 0.999974 -4.492048
0.9672447 0.2537592 0.006621628 230.224 -0.2537817 0.9672576 0.002808685 -26.35259 -0.00569209 -0.004397134 0.9999741 -4.530797
0.966906 0.2549928 0.00845246 231.892 -0.255033 0.9669237 0.004064524 -26.7918 -0.007136461 -0.006085669 0.999956 -4.565393
0.9664836 0.256573 0.008929606 233.5334 -0.2566161 0.9665051 0.00404986 -27.25082 -0.007591424 -0.006205603 0.999952 -4.599303
0.9656261 0.2597501 0.009806997 235.1655 -0.2598041 0.96565 0.004675041 -27.72727 -0.008255784 -0.00706224 0.999941 -4.661901
0.9646277 0.263407 0.0104942 236.7982 -0.2634761 0.9646484 0.00583992 -28.17012 -0.008584932 -0.008398319 0.9999279 -4.687846
0.9638599 0.2662483 0.009269474 238.416 -0.2663235 0.9638495 0.008111617 -28.63129 -0.006774675 -0.01028714 0.9999241 -4.739193
0.9628767 0.2698616 0.006563042 240.0522 -0.2699078 0.9628558 0.007639705 -29.092 -0.004257601 -0.009127511 0.9999493 -4.786014
0.9619488 0.2732148 0.002888035 241.6854 -0.2732295 0.9619133 0.008275197 -29.56051 -0.0005171332 -0.008749411 0.9999616 -4.823242
0.960828 0.2771393 0.001816222 243.3029 -0.2771448 0.9607933 0.008184963 -30.0451 0.000523361 -0.008367698 0.9999648 -4.872467
0.9593704 0.2821437 0.001850805 244.9123 -0.2821483 0.9593236 0.009524621 -30.51357 0.0009117908 -0.00965984 0.9999529 -4.922714
0.9586405 0.2846049 0.0029106 246.5042 -0.2846198 0.95859 0.009835482 -30.99312 9.154202e-06 -0.0102571 0.9999474 -4.968332
0.9574051 0.2887324 0.003001256 248.1181 -0.2887479 0.9573501 0.01027244 -31.49451 9.273295e-05 -0.01070149 0.9999427 -5.001647
0.9562781 0.2924126 0.005200936 249.7074 -0.292457 0.9561837 0.01348005 -31.99401 -0.001031314 -0.01441173 0.9998956 -5.057887
0.9550552 0.2962939 0.008911017 251.2929 -0.2964041 0.9549273 0.01607293 -32.50639 -0.003747063 -0.0179918 0.9998311 -5.108898
0.9533392 0.3017271 0.01025266 252.8718 -0.3018634 0.9532073 0.01656214 -33.02941 -0.004775667 -0.01888424 0.9998103 -5.165326
0.9520957 0.305593 0.01125037 254.4445 -0.3057495 0.9519628 0.01685922 -33.5479 -0.005557876 -0.01949138 0.9997946 -5.224227
0.9499395 0.3121762 0.01268718 256.0309 -0.3123618 0.9498092 0.01710456 -34.08506 -0.006710766 -0.02021129 0.9997732 -5.281379
0.9483194 0.3169596 0.01506616 257.5858 -0.317197 0.9481982 0.01749452 -34.6277 -0.008740653 -0.02136933 0.9997334 -5.338079
0.9464132 0.322504 0.01712611 259.1631 -0.3227608 0.946358 0.01522794 -35.17178 -0.01129636 -0.01993956 0.9997374 -5.384013
0.9448032 0.3270972 0.01882204 260.7148 -0.3274049 0.944739 0.01655975 -35.73409 -0.01236527 -0.02180813 0.9996857 -5.44866
0.9422494 0.3339778 0.02500012 262.2659 -0.3344526 0.9422404 0.01801263 -36.30208 -0.0175403 -0.02533374 0.9995251 -5.501704
0.9404575 0.3387954 0.02752214 263.8166 -0.3393781 0.9404328 0.02021892 -36.89298 -0.01903265 -0.02835545 0.9994167 -5.568214
0.9390179 0.3423304 0.03248634 265.3713 -0.3430986 0.9390432 0.02194019 -37.46055 -0.02299528 -0.03174825 0.9992313 -5.629387
0.9375576 0.3462035 0.03359812 266.9176 -0.3470435 0.9375553 0.02346292 -38.05636 -0.02337716 -0.03365785 0.99916 -5.690821
0.9358397 0.3506052 0.0357789 268.4664 -0.3515584 0.9358319 0.02500835 -38.65034 -0.02471497 -0.03598218 0.9990467 -5.764546
0.9341676 0.3552416 0.03368006 270.0071 -0.3561469 0.9340619 0.02622245 -39.2525 -0.02214396 -0.03649121 0.9990886 -5.833317
0.9322646 0.3604769 0.03064371 271.5486 -0.3612917 0.9320543 0.02726117 -39.85986 -0.01873457 -0.03648594 0.9991586 -5.920218
0.9302912 0.3658485 0.02670306 273.0758 -0.3665195 0.9300129 0.02718998 -40.4672 -0.01488677 -0.0350818 0.9992735 -6.008761
0.9285756 0.3703946 0.02356092 274.6245 -0.3709478 0.9282746 0.0265307 -41.08369 -0.01204417 -0.03337564 0.9993703 -6.071161
0.9264889 0.3759159 0.01748143 276.1512 -0.3762661 0.9261525 0.02579314 -41.70573 -0.006494422 -0.03047473 0.9995145 -6.137266
0.9246466 0.3805935 0.01331071 277.6876 -0.380819 0.9242796 0.02615897 -42.35002 -0.00234688 -0.02925677 0.9995692 -6.20971
0.9226187 0.3855877 0.009841556 279.2028 -0.3857123 0.9222583 0.02579951 -42.99409 0.0008715149 -0.02759911 0.9996187 -6.27304
0.9205803 0.390507 0.006022875 280.7239 -0.390511 0.9201436 0.02893308 -43.63906 0.005756661 -0.02898722 0.9995632 -6.354121
0.9182613 0.39596 0.003435613 282.2508 -0.3958561 0.9177386 0.03245914 -44.30809 0.009699526 -0.03116598 0.9994671 -6.435513
0.9162689 0.4005622 -0.001044422 283.7665 -0.400295 0.9157469 0.03422718 -44.97663 0.01466654 -0.03094323 0.9994135 -6.523702
0.9144202 0.4047587 -0.002447944 285.2796 -0.4044412 0.9139121 0.0345315 -45.65248 0.01621413 -0.03058626 0.9994006 -6.624641
0.9126929 0.4086121 -0.005274301 286.7851 -0.4082098 0.9122387 0.03442529 -46.32143 0.01887801 -0.02926669 0.9993933 -6.684285
0.9103488 0.413785 -0.006862326 288.2864 -0.4133138 0.9098995 0.03541888 -47.01747 0.02089983 -0.02940724 0.999349 -6.769541
0.9082289 0.4184352 -0.005682825 289.7852 -0.4179817 0.9077355 0.03615696 -47.72634 0.02028785 -0.03046348 0.99933 -6.868343
0.9066863 0.4217736 -0.005199349 291.2825 -0.4213316 0.9061829 0.03622375 -48.42803 0.01998978 -0.03065293 0.9993302 -6.945138
0.905499 0.4243384 -0.002931781 292.7637 -0.423948 0.9049227 0.03718718 -49.12852 0.01843298 -0.03243003 0.999304 -7.035913
0.9045475 0.4263638 -0.002785834 294.2608 -0.4259179 0.9038649 0.04027852 -49.84581 0.01969132 -0.0352473 0.9991846 -7.129483
0.9051622 0.4250414 -0.004607056 295.745 -0.4245045 0.9044696 0.04160063 -50.55482 0.02184893 -0.03569959 0.9991237 -7.222668
0.9049373 0.4255173 -0.004845797 297.2406 -0.4248905 0.9041184 0.04514142 -51.27132 0.02358963 -0.03879122 0.9989688 -7.321321
0.9047502 0.4258707 -0.007825238 298.7253 -0.4250956 0.9039565 0.046434 -51.99009 0.02684856 -0.0386847 0.9988907 -7.436101
0.9048266 0.4257061 -0.007940702 300.236 -0.4249305 0.9040416 0.04629128 -52.70837 0.02688521 -0.03851134 0.9988964 -7.523489
0.9049979 0.4253045 -0.009740368 301.7318 -0.4244946 0.904307 0.04508918 -53.41483 0.02798492 -0.03667088 0.9989355 -7.634083
0.9055132 0.4242511 -0.007534052 303.2315 -0.4235272 0.9047666 0.04496875 -54.125 0.0258946 -0.03752892 0.99896 -7.735037
0.9056093 0.4238935 -0.01364342 304.7153 -0.4228812 0.9049616 0.0470743 -54.83689 0.03230126 -0.03686138 0.9987982 -7.830884
0.9066011 0.4217922 -0.01287515 306.2246 -0.4207974 0.9059119 0.04746724 -55.55589 0.03168507 -0.03761603 0.9987898 -7.94908
0.9072236 0.420305 -0.01700268 307.721 -0.4190532 0.9065611 0.0504146 -56.24902 0.03660347 -0.03861228 0.9985836 -8.055414
0.9080919 0.4183576 -0.01860178 309.2255 -0.4170169 0.9074572 0.0511711 -56.95378 0.03828814 -0.03871081 0.9985166 -8.173122
0.90984 0.4144617 -0.02031227 310.7385 -0.4130046 0.9092143 0.05250126 -57.6492 0.04022798 -0.03937869 0.9984143 -8.271679
0.9114456 0.4107938 -0.02270357 312.2531 -0.409287 0.9109498 0.05152309 -58.33526 0.04184718 -0.03766822 0.9984137 -8.391214
0.9134328 0.4063418 -0.0229524 313.77 -0.404763 0.912881 0.05305929 -59.03072 0.04251302 -0.03917582 0.9983276 -8.510616
0.9154052 0.4016028 -0.02736102 315.2764 -0.3998037 0.914997 0.05420002 -59.70296 0.04680213 -0.03867594 0.9981552 -8.619438
0.9174317 0.3968161 -0.02925747 316.8072 -0.3948869 0.9170572 0.05541368 -60.37154 0.04881981 -0.03928488 0.9980347 -8.736576
0.9188901 0.3931844 -0.03235618 318.3284 -0.3911022 0.9186379 0.05606791 -61.03823 0.05176863 -0.03886568 0.9979025 -8.84374
0.920593 0.3892899 -0.0310155 319.844 -0.3871814 0.9201998 0.05764785 -61.68693 0.05098217 -0.04106158 0.9978551 -8.992123
0.9227589 0.3838458 -0.03432634 321.3826 -0.3815413 0.9224788 0.05881578 -62.33664 0.05424152 -0.04117587 0.9976785 -9.103851
0.9242465 0.3801064 -0.03588083 322.9068 -0.3777054 0.9240175 0.05941707 -62.97801 0.05573931 -0.04136365 0.9975882 -9.236073
0.9261268 0.3752747 -0.03818482 324.4169 -0.3727068 0.9259634 0.06067553 -63.59221 0.05812773 -0.0419615 0.9974269 -9.348527
0.9283533 0.369665 -0.03883218 325.9537 -0.3668931 0.9280814 0.0636759 -64.20404 0.05957816 -0.04486647 0.9972149 -9.487248
0.9307131 0.3634668 -0.04080524 327.4903 -0.3604302 0.9304091 0.06655185 -64.8145 0.06215494 -0.04723324 0.9969482 -9.615499
0.9330236 0.3575783 -0.04005947 329.0272 -0.3544462 0.9325484 0.06871125 -65.42271 0.06192705 -0.04991029 0.996832 -9.7402
0.9359999 0.349627 -0.04080718 330.5686 -0.346462 0.935545 0.06869934 -66.00402 0.0621961 -0.05016444 0.9968024 -9.906715
0.9390015 0.3415811 -0.03998183 332.1009 -0.3384168 0.9384308 0.069439 -66.58041 0.06123922 -0.05167281 0.9967847 -10.03797
0.9417568 0.3335994 -0.04249132 333.6398 -0.330344 0.9413425 0.06890015 -67.14724 0.06298395 -0.05085044 0.9967182 -10.18471
0.9447042 0.3251935 -0.04222637 335.1855 -0.3220913 0.9443551 0.06671365 -67.6955 0.06157153 -0.04942393 0.9968783 -10.3138
0.9470864 0.3178426 -0.04475916 336.7476 -0.314816 0.947021 0.06357734 -68.22451 0.06259546 -0.04612233 0.9969727 -10.45489
0.9497124 0.3100697 -0.04362548 338.2877 -0.3072421 0.9496617 0.06119557 -68.73833 0.06040435 -0.04471461 0.9971719 -10.58064
0.9517421 0.3041239 -0.04117856 339.8244 -0.3012476 0.9513993 0.06394747 -69.24518 0.05862521 -0.04845655 0.9971033 -10.73217
0.953841 0.2975206 -0.04085055 341.3711 -0.2946105 0.9534148 0.06484448 -69.74091 0.05824008 -0.04981633 0.9970589 -10.8588
0.9556857 0.2910908 -0.04394386 342.912 -0.2880649 0.9554523 0.06426193 -70.22138 0.06069232 -0.04875552 0.9969651 -10.99675
0.9579719 0.2835855 -0.04323244 344.4573 -0.2808293 0.9578594 0.06033397 -70.69009 0.05852043 -0.04565731 0.9972416 -11.11244
0.9602614 0.2758012 -0.04279849 346.0066 -0.2729468 0.9600042 0.06238627 -71.14748 0.05829294 -0.04822542 0.997134 -11.23896
0.9631857 0.2661213 -0.03811381 347.5598 -0.2633204 0.9624652 0.06575188 -71.58876 0.05418119 -0.05329513 0.9971078 -11.3821
0.9658552 0.255834 -0.04089955 349.1017 -0.2528147 0.9651846 0.06710752 -72.02219 0.056644 -0.05447614 0.9969071 -11.48304
0.9686466 0.2446341 -0.04333474 350.6624 -0.241688 0.9682621 0.06368198 -72.42335 0.05753817 -0.05121184 0.9970289 -11.63645
0.9715429 0.2331071 -0.04201777 352.2343 -0.2306353 0.9714049 0.05638886 -72.82404 0.05396092 -0.04509341 0.9975243 -11.7399
0.9739775 0.2227708 -0.04172461 353.7994 -0.2203291 0.9738107 0.05610596 -73.19337 0.05313065 -0.0454528 0.9975526 -11.85513
0.9761037 0.2133054 -0.04150233 355.348 -0.2106535 0.9756997 0.06029457 -73.54415 0.05335497 -0.05011114 0.9973174 -11.9969
0.9777213 0.205545 -0.04257169 356.9065 -0.2026543 0.9771734 0.06374414 -73.89188 0.05470221 -0.05369666 0.9970579 -12.11093
0.9790406 0.1983118 -0.0463883 358.4784 -0.1951533 0.9786243 0.06488086 -74.2162 0.05826337 -0.05446817 0.9968143 -12.22661
0.9805074 0.1913826 -0.04447491 360.0432 -0.1884247 0.9800494 0.06323913 -74.52267 0.05569048 -0.05362627 0.9970069 -12.38776
0.9817311 0.1842145 -0.04763498 361.6013 -0.1809432 0.9812944 0.06573126 -74.83321 0.0588526 -0.05591119 0.9966997 -12.47783
0.9829242 0.1773784 -0.04895884 363.1708 -0.1741833 0.9826792 0.06325849 -75.12771 0.05933153 -0.05365049 0.9967955 -12.64291
0.9843557 0.1691566 -0.04929275 364.7472 -0.1662486 0.9843696 0.05811899 -75.40823 0.05835349 -0.04901491 0.9970919 -12.73915
0.985798 0.1610588 -0.0475648 366.3241 -0.1582025 0.9856586 0.05872668 -75.672 0.0563411 -0.05036777 0.9971403 -12.85931
0.9871125 0.1536564 -0.04470577 367.893 -0.1508003 0.9866509 0.06147693 -75.92503 0.05355531 -0.05394301 0.9971068 -12.9828
0.9879985 0.1460031 -0.05041761 369.4567 -0.1425705 0.9875783 0.0660501 -76.16235 0.05943486 -0.05806934 0.9965417 -13.11623
0.988789 0.1391444 -0.05417654 371.0353 -0.1354819 0.9885615 0.06626128 -76.3923 0.06277674 -0.05817848 0.9963304 -13.22646
0.9896253 0.1306496 -0.05977066 372.6327 -0.1267392 0.9897965 0.06511804 -76.6141 0.06766842 -0.05686718 0.9960859 -13.35725
0.9908193 0.1214548 -0.0593788 374.2127 -0.1178023 0.9911262 0.0615756 -76.80647 0.06633053 -0.05401534 0.9963346 -13.49091
0.9918975 0.1127908 -0.05845996 375.7985 -0.1091398 0.9920731 0.06228625 -77.0055 0.06502187 -0.05540127 0.9963447 -13.59498
0.9929488 0.1043797 -0.05619143 377.3844 -0.1008072 0.9929061 0.0630492 -77.18779 0.06237387 -0.05694013 0.9964273 -13.72344
0.9940769 0.09571853 -0.05146921 378.9731 -0.0925323 0.9938339 0.06108709 -77.36683 0.05699902 -0.0559627 0.9968045 -13.84208
0.9949877 0.08737846 -0.04862651 380.5784 -0.08448484 0.9946952 0.0586833 -77.52644 0.05349622 -0.05428096 0.9970917 -13.96079
0.9959958 0.07794823 -0.04377744 382.1638 -0.07543943 0.9955596 0.05630212 -77.66726 0.0479717 -0.05277412 0.9974536 -14.10309
0.9966917 0.06886163 -0.04317135 383.7601 -0.06635206 0.9961617 0.05709245 -77.786 0.04693712 -0.05403906 0.997435 -14.21667
0.9971879 0.0608085 -0.04380285 385.3442 -0.05819101 0.996576 0.05873866 -77.89545 0.04722468 -0.05602454 0.9973119 -14.33622
0.9975316 0.0533723 -0.04563062 386.9233 -0.05068272 0.9970179 0.05819616 -77.99454 0.0486006 -0.05573983 0.9972618 -14.45933
0.9980124 0.04559088 -0.04350486 388.4917 -0.04309893 0.9974664 0.05659419 -78.0757 0.04597482 -0.05460669 0.997449 -14.58298
0.9982381 0.03860758 -0.04505741 390.0788 -0.0359997 0.9977067 0.05732169 -78.14294 0.04716713 -0.05559864 0.9973385 -14.6954
0.9983697 0.03367366 -0.0460875 391.6411 -0.03102502 0.9978906 0.05702586 -78.21475 0.04791055 -0.05550302 0.9973084 -14.81827
0.9984814 0.02895649 -0.04686548 393.1874 -0.0262972 0.998062 0.05639764 -78.26961 0.04840774 -0.05507956 0.9973078 -14.93186
0.998665 0.02432346 -0.0455684 394.7427 -0.0217237 0.9981548 0.05670328 -78.31458 0.04686353 -0.05563767 0.9973506 -15.06985
0.9986388 0.02032714 -0.0480347 396.2794 -0.01752639 0.9981613 0.05802536 -78.36208 0.04912587 -0.0571045 0.9971588 -15.16004
0.9987887 0.01641015 -0.04638719 397.7968 -0.01376939 0.998297 0.0566858 -78.39398 0.04723842 -0.05597841 0.9973139 -15.30076
0.998879 0.0126889 -0.04560531 399.325 -0.01016721 0.9984287 0.0551064 -78.42078 0.04623289 -0.05458094 0.9974384 -15.39979
0.9989364 0.009247552 -0.04517405 400.8481 -0.006799229 0.9985148 0.05405363 -78.44598 0.04560683 -0.05368898 0.9975157 -15.52811
0.9991035 0.00603281 -0.04190212 402.3489 -0.003818981 0.9986023 0.05271382 -78.46955 0.04216157 -0.05250654 0.9977301 -15.63281
0.9991751 0.002411309 -0.04053713 403.8387 -0.0002968513 0.9986426 0.05208632 -78.48144 0.0406077 -0.05203132 0.9978195 -15.72035
0.999348 -0.001197223 -0.03608497 405.3243 0.003042477 0.9986875 0.05112492 -78.49764 0.03597641 -0.05120138 0.9980401 -15.84715
0.9994991 -0.004138906 -0.03137523 406.8118 0.005715958 0.9987155 0.05034243 -78.50977 0.03112657 -0.05049656 0.998239 -15.9295
0.9995338 -0.007663453 -0.02955405 408.259 0.009165901 0.9986544 0.0510416 -78.50708 0.02912313 -0.05128869 0.9982591 -16.03983
0.9995878 -0.01070371 -0.02664095 409.7174 0.01203378 0.9986628 0.05027687 -78.50454 0.02606717 -0.05057673 0.9983799 -16.15175
0.9995748 -0.01322245 -0.02598917 411.1636 0.01452477 0.9986145 0.05057755 -78.48893 0.02528441 -0.05093353 0.9983819 -16.26004
0.9995217 -0.01541625 -0.02680869 412.6183 0.01668917 0.9987116 0.04792487 -78.47215 0.02603533 -0.04834935 0.9984911 -16.35377
0.9995819 -0.01660524 -0.02366844 414.0294 0.01776352 0.9986112 0.04959848 -78.46362 0.02281198 -0.04999818 0.9984888 -16.44888
0.9995708 -0.0180644 -0.02306098 415.4541 0.01920644 0.9985493 0.05030152 -78.4528 0.02211886 -0.05072285 0.9984678 -16.54616
0.9996836 -0.01891551 -0.01658084 416.8639 0.01976134 0.9984292 0.0524273 -78.44314 0.01556311 -0.05273837 0.9984871 -16.66187
0.9997043 -0.01983044 -0.01407467 418.269 0.02055876 0.9983487 0.05364158 -78.43127 0.01298769 -0.05391507 0.9984611 -16.74487
0.9997466 -0.01981882 -0.01067265 419.6671 0.020354 0.9984072 0.05261942 -78.42059 0.009612791 -0.05282332 0.9985576 -16.86558
0.9998058 -0.01826774 -0.007391412 421.0496 0.01861711 0.9985584 0.05034032 -78.40929 0.006461154 -0.05046815 0.9987048 -16.95684
0.9998854 -0.01424153 -0.005130732 422.4342 0.01447128 0.9987454 0.04793774 -78.40659 0.004441588 -0.04800649 0.9988372 -17.07003
0.999947 -0.01027888 -0.0006103707 423.7899 0.01029622 0.9988379 0.04708438 -78.40601 0.0001256868 -0.04708816 0.9988908 -17.15345
0.9999926 -0.00349503 0.001614942 425.1508 0.003414431 0.9988667 0.04747162 -78.42209 -0.001779026 -0.04746576 0.9988713 -17.24518
0.9999381 0.003156032 0.01066837 426.5069 -0.003641241 0.9989452 0.04577199 -78.44003 -0.01051266 -0.04580801 0.9988949 -17.34047
0.9998384 0.01141661 0.01388917 427.8445 -0.01202607 0.9989316 0.04461835 -78.47023 -0.01336494 -0.04477817 0.9989076 -17.41376
0.9996021 0.02084712 0.01900277 429.1902 -0.02162528 0.9988958 0.0417085 -78.51598 -0.01811229 -0.04210284 0.9989491 -17.52093
0.9991392 0.03356613 0.02437379 430.5218 -0.03460038 0.9984616 0.04332934 -78.57906 -0.0228819 -0.04413539 0.9987635 -17.58965
0.9986725 0.04636584 0.0224368 431.8275 -0.04733916 0.9978652 0.04499142 -78.65067 -0.02030283 -0.04599384 0.9987354 -17.6852
0.9979189 0.0598898 0.0238975 433.1558 -0.06094299 0.9970765 0.04609047 -78.7401 -0.02106729 -0.04745094 0.9986514 -17.76716
0.9970816 0.07328384 0.02139626 434.4567 -0.07426552 0.996014 0.04940406 -78.84807 -0.01769045 -0.05084888 0.9985496 -17.85043
0.9960015 0.08723835 0.01924484 435.7512 -0.08808921 0.9949068 0.04899774 -78.95804 -0.01487234 -0.05049709 0.9986135 -17.95245
0.9945886 0.1017823 0.02083216 437.0271 -0.1027138 0.9934521 0.05002632 -79.10585 -0.01560396 -0.05189536 0.9985306 -18.02765
0.9927979 0.1182461 0.01923897 438.3115 -0.1191017 0.991519 0.05201009 -79.27431 -0.01292581 -0.0539269 0.9984612 -18.12525
0.9905728 0.1352166 0.02195586 439.5823 -0.136173 0.9894053 0.05033867 -79.4539 -0.01491662 -0.05285391 0.9984908 -18.20835
0.987996 0.1525206 0.02452234 440.8376 -0.1536183 0.9867685 0.05185844 -79.6632 -0.01628839 -0.05500301 0.9983533 -18.2983
0.9851449 0.1702319 0.0226 442.0894 -0.1712145 0.9838153 0.05284677 -79.8749 -0.01323802 -0.05593117 0.9983469 -18.40384
0.9812827 0.1912115 0.02285571 443.3053 -0.192214 0.9797721 0.0556808 -80.13377 -0.01174657 -0.0590318 0.998187 -18.49103
0.9772968 0.2107561 0.02174244 444.5456 -0.21166 0.9757707 0.05542271 -80.39503 -0.009534967 -0.05876644 0.9982262 -18.58042
0.9728364 0.2302087 0.02435778 445.7535 -0.2312399 0.9713017 0.05568837 -80.68885 -0.0108388 -0.05980816 0.9981511 -18.67674
0.9684176 0.2478717 0.02696111 446.9585 -0.2490384 0.9668602 0.05622418 -81.00832 -0.01213124 -0.06116284 0.9980541 -18.76559
0.9638255 0.2650565 0.02802759 448.1295 -0.2662669 0.962229 0.05672249 -81.34182 -0.01193429 -0.0621334 0.9979965 -18.87145
0.9589086 0.2823378 0.02792411 449.3012 -0.2835064 0.9573269 0.05612101 -81.69824 -0.01088741 -0.06173158 0.9980334 -18.95461
0.954181 0.297807 0.02914933 450.4483 -0.2990001 0.9527321 0.0538592 -82.0638 -0.01173185 -0.06010708 0.998123 -19.04857
0.9490595 0.3137546 0.02905246 451.594 -0.3149033 0.9476676 0.05255261 -82.45293 -0.01104345 -0.05902428 0.9981955 -19.13276
0.9434987 0.3299918 0.0302569 452.7226 -0.3311866 0.9421074 0.05242999 -82.8634 -0.01120379 -0.05948831 0.9981661 -19.21296
0.9378116 0.3456926 0.03171634 453.8326 -0.3469614 0.9363642 0.05329105 -83.28568 -0.01127572 -0.06098131 0.9980752 -19.31065
0.9315341 0.3621562 0.03297161 454.9314 -0.3634754 0.9300827 0.05321355 -83.72324 -0.01139471 -0.06155461 0.9980386 -19.39202
0.924162 0.3806385 0.03223086 456.0094 -0.3818885 0.9226403 0.05381169 -84.18574 -0.009254697 -0.06203932 0.9980308 -19.48058
0.9160465 0.3996103 0.03421174 457.0692 -0.4009422 0.9145828 0.05275927 -84.65549 -0.01020632 -0.06204687 0.9980211 -19.56313
0.9070523 0.4195814 0.03475093 458.1155 -0.4209251 0.9054917 0.05391404 -85.15859 -0.008845354 -0.06353039 0.9979407 -19.65159
0.8973676 0.4396247 0.03822935 459.143 -0.441153 0.8958378 0.05346669 -85.67027 -0.01074202 -0.06484427 0.9978376 -19.73275
0.8871904 0.4596795 0.03984902 460.1462 -0.4612786 0.8856456 0.05342302 -86.20826 -0.01073464 -0.06577789 0.9977766 -19.81882
0.8767647 0.4793795 0.03845779 461.1397 -0.4808586 0.8751196 0.0542305 -86.76308 -0.007658171 -0.06604014 0.9977876 -19.91629
0.8656693 0.499002 0.04017127 462.1153 -0.500562 0.8639661 0.05477394 -87.33656 -0.007374315 -0.06752433 0.9976904 -19.97335
0.8545776 0.5175725 0.0426129 463.0628 -0.5192801 0.8526875 0.05720165 -87.92773 -0.006729484 -0.07101128 0.9974528 -20.0836
0.8425851 0.5368378 0.04307484 463.986 -0.5385522 0.8403771 0.06105605 -88.52652 -0.003421914 -0.07464297 0.9972044 -20.13283
0.8294954 0.5564641 0.04780293 464.8885 -0.5585072 0.8268487 0.06626403 -89.16299 -0.002652241 -0.08166399 0.9966564 -20.24992
0.8163821 0.5755747 0.04726646 465.7532 -0.5775121 0.813586 0.06751203 -89.78711 0.0004028864 -0.08241256 0.9965982 -20.34076
0.8027557 0.5945385 0.04590466 466.6245 -0.596306 0.8001721 0.06437253 -90.45797 0.001540322 -0.07904864 0.9968696 -20.4388
0.7879395 0.6136823 0.05045064 467.4666 -0.6157401 0.7857969 0.0581992 -91.12614 -0.003928134 -0.07692192 0.9970294 -20.52955
0.7712737 0.6345009 0.05045385 468.2874 -0.6364987 0.7691531 0.05721076 -91.81355 -0.002506446 -0.07623896 0.9970864 -20.59961
0.7550641 0.6537775 0.04952985 469.0877 -0.6556498 0.7527636 0.05890866 -92.51308 0.001228891 -0.07695406 0.9970339 -20.69193
0.7373877 0.6737366 0.04835847 469.8681 -0.6754516 0.7349503 0.06011018 -93.24533 0.004957356 -0.07698831 0.9970196 -20.77249
0.7203775 0.6920474 0.04611597 470.6304 -0.6935185 0.7178162 0.06141844 -93.99188 0.009401685 -0.07622674 0.9970462 -20.86264
0.7020385 0.7105435 0.04764185 471.3485 -0.7120819 0.6995633 0.05958564 -94.73678 0.009009702 -0.07575632 0.9970856 -20.95091
0.6836113 0.7282245 0.04862795 472.0461 -0.7297743 0.6810893 0.05955661 -95.50285 0.01025061 -0.076201 0.9970398 -21.02346
0.6652516 0.7449654 0.04966666 472.737 -0.7465434 0.6627628 0.05846639 -96.29708 0.01063823 -0.07597318 0.9970531 -21.11046
0.6470397 0.760621 0.0528723 473.4019 -0.7623899 0.64451 0.05804026 -97.09024 0.01006991 -0.07786366 0.9969131 -21.18243
0.6274284 0.7768024 0.05396042 474.0368 -0.7785736 0.6247244 0.0595205 -97.9058 0.01252528 -0.079357 0.9967676 -21.26953
0.6078552 0.7922029 0.05409807 474.6346 -0.7938798 0.604913 0.06192976 -98.72783 0.01633631 -0.08059169 0.9966133 -21.34179
0.58754 0.8073436 0.05470937 475.2339 -0.8090076 0.5846045 0.06118923 -99.56302 0.01741739 -0.08021142 0.9966257 -21.41765
0.5680726 0.8212713 0.05298151 475.8022 -0.8227291 0.5651374 0.06112657 -100.4202 0.02025967 -0.07831375 0.9967229 -21.51816
0.5467199 0.8356151 0.05333623 476.3576 -0.8370878 0.5439754 0.05809334 -101.2885 0.01953008 -0.07640789 0.9968854 -21.5707
0.526163 0.8486411 0.05441361 476.8996 -0.8501158 0.5233133 0.05870554 -102.1788 0.02134457 -0.07714655 0.9967912 -21.66118
0.5055194 0.8612627 0.05173782 477.4137 -0.8625157 0.5028546 0.05660298 -103.0752 0.02273344 -0.07323858 0.9970553 -21.73291
0.4833461 0.8737944 0.05347811 477.8947 -0.8751329 0.4806902 0.05549108 -103.9905 0.02278139 -0.07362185 0.997026 -21.81653
0.461666 0.8854526 0.05327456 478.3704 -0.8867426 0.4590803 0.0541557 -104.9115 0.023495 -0.07224267 0.9971103 -21.88273
0.4391521 0.8969067 0.05199903 478.8164 -0.89805 0.4365944 0.05377281 -105.8438 0.02552671 -0.07031217 0.9971983 -21.9631
0.4165949 0.9076661 0.05090015 479.2336 -0.9086899 0.4140917 0.05301697 -106.785 0.02704438 -0.06833904 0.9972956 -22.03255
