1.0 0.0 0.0 0.0 0.0 1.0 0.0 0.0 0.0 0.0 1.0 0.0
0.9999961 -0.001641438 0.002262005 2.023857 0.001640187 0.9999985 0.0005549174 -0.0240416 -0.002262913 -0.0005512052 0.9999973 -0.03472187
0.9999957 -0.002679333 0.001164057 4.012299 0.002679816 0.9999964 -0.0004129135 -0.04341269 -0.001162947 0.0004160312 0.9999992 -0.06166938
0.9999878 -0.003899742 0.003021659 5.948646 0.003899716 0.9999924 1.454886e-05 -0.05518904 -0.003021692 -2.765073e-06 0.9999954 -0.1188742
0.9999859 -0.004904329 0.002050644 7.924095 0.004905201 0.9999878 -0.0004208609 -0.07166614 -0.002048555 0.0004309138 0.9999978 -0.1019875
0.9999778 -0.005683817 0.003462744 9.844267 0.005677595 0.9999821 0.001803941 -0.07918268 -0.003472936 -0.001784241 0.9999924 -0.181548
0.9999796 -0.006339846 0.0007618986 11.83067 0.006341565 0.9999774 -0.00227513 -0.09937512 -0.0007474573 0.002279915 0.9999971 -0.1698286
0.9999641 -0.0071659 0.004511947 13.7424 0.007165512 0.9999744 0.00010225 -0.1044538 -0.004512563 -6.991594e-05 0.9999898 -0.2389295
0.9999698 -0.007745781 0.0006548948 15.75227 0.007747316 0.9999671 -0.002374717 -0.1182499 -0.0006364793 0.002379719 0.999997 -0.1902576
0.9999513 -0.008242353 0.005429823 17.6569 0.008228681 0.9999628 0.002535466 -0.108814 -0.00545052 -0.002490663 0.9999821 -0.300762
0.9999583 -0.008827484 0.002316546 19.63807 0.008831111 0.9999597 -0.00155997 -0.1238242 -0.002302682 0.001580363 0.9999961 -0.2475977
0.9999375 -0.00958093 0.005753693 21.58468 0.009580427 0.9999541 0.0001148808 -0.1127955 -0.005754529 -5.975083e-05 0.9999834 -0.3482706
0.9999456 -0.009890884 0.0033072 23.54558 0.009897972 0.9999487 -0.002133287 -0.1283038 -0.00328593 0.002165906 0.9999923 -0.3284091
0.9999415 -0.009720871 0.004733726 25.52431 0.009731863 0.9999499 -0.002304431 -0.1195527 -0.004711089 0.002350364 0.9999861 -0.3741685
0.999942 -0.01014101 0.003620721 27.48979 0.01014744 0.999947 -0.001762183 -0.13173 -0.003602659 0.001798821 0.9999919 -0.422518
0.9999347 -0.01024805 0.005053342 29.47481 0.01026325 0.9999428 -0.00298989 -0.1271935 -0.005022413 0.003041559 0.9999828 -0.3921069
0.9999436 -0.01023479 0.002852701 31.44728 0.01023834 0.9999468 -0.001231017 -0.1302187 -0.00283995 0.001260155 0.9999952 -0.4890805
0.9999382 -0.01028672 0.004205101 33.444 0.01029483 0.9999452 -0.001912419 -0.1200592 -0.004185198 0.001955592 0.9999893 -0.4479999
0.9999433 -0.0106045 0.001027942 35.42267 0.01060472 0.9999437 -0.0002104803 -0.1172852 -0.001025652 0.0002213694 0.9999995 -0.5068384
0.9999437 -0.01050207 0.001482301 37.40519 0.01050502 0.9999429 -0.001992278 -0.1162467 -0.001461293 0.002007737 0.9999969 -0.527121
0.9999495 -0.01004538 -4.714508e-05 39.41033 0.01004535 0.9999492 -0.0006769598 -0.1127994 5.394301e-05 0.0006764519 0.9999998 -0.5625909
0.9999512 -0.009879324 7.702647e-05 41.41032 0.009879372 0.9999509 -0.0006640106 -0.1175713 -7.046272e-05 0.0006647391 0.9999998 -0.5717647
0.9999515 -0.009736336 0.001478851 43.38395 0.009737176 0.9999524 -0.0005618082 -0.1257508 -0.00147331 0.0005761809 0.9999987 -0.5880427
0.999964 -0.008479959 0.0002844981 45.41575 0.008482617 0.9999011 -0.01121741 -0.1242867 -0.0001893467 0.01121942 0.9999371 -0.6234105
0.9999527 -0.009694745 0.0007383418 47.43587 0.00970644 0.9997919 -0.01795267 -0.1252425 -0.0005641415 0.01795899 0.9998386 -0.5967701
0.9999496 -0.008874913 -0.004687643 49.44109 0.008801132 0.9998406 -0.01553235 -0.1210271 0.004824744 0.01549031 0.9998684 -0.6385404
0.9998614 -0.008945609 -0.01404413 51.45707 0.008855164 0.9999398 -0.006489044 -0.1098894 0.01410133 0.006363781 0.9998803 -0.6580024
0.9998155 -0.009265275 -0.01682799 53.48828 0.009226852 0.9999546 -0.002359514 -0.1063422 0.01684909 0.00220381 0.9998556 -0.6609273
0.9997401 -0.01042205 -0.02027874 55.55256 0.01042811 0.9999455 0.0001931609 -0.1036026 0.02027562 -0.0004045797 0.9997944 -0.6870016
0.999657 -0.01190894 -0.0233272 57.57074 0.01184066 0.9999251 -0.003062988 -0.09593483 0.02336193 0.002785728 0.9997232 -0.7142729
0.9996406 -0.01188105 -0.02403013 59.62105 0.01178645 0.9999222 -0.004074682 -0.08473124 0.02407668 0.003789988 0.9997029 -0.7693573
0.9996637 -0.0104331 -0.02374246 61.65881 0.01035332 0.9999404 -0.00348067 -0.08764818 0.02377736 0.003233686 0.999712 -0.7409954
0.9997389 -0.008495464 -0.02121324 63.69757 0.008450472 0.9999617 -0.002209695 -0.09194108 0.0212312 0.002029856 0.9997725 -0.7718711
0.9997107 -0.007459903 -0.02286738 65.73164 0.007292927 0.9999462 -0.007376641 -0.09079812 0.02292118 0.007207736 0.9997113 -0.7916009
0.9996727 -0.005242398 -0.02504216 67.74385 0.004957594 0.9999224 -0.01142161 -0.08985426 0.0251001 0.01129373 0.9996212 -0.8231622
0.9995496 -0.001569397 -0.02996962 69.79523 0.001207926 0.9999263 -0.01207555 -0.1031264 0.02998636 0.01203391 0.9994779 -0.8154931
0.9996626 0.002399232 -0.02586361 71.79268 -0.002647259 0.9999509 -0.009559846 -0.1195025 0.0258394 0.009625088 0.9996198 -0.8477249
0.999689 0.004352827 -0.02455448 73.84309 -0.004537936 0.9999616 -0.007488044 -0.1453555 0.02452094 0.007597142 0.9996704 -0.8236248
0.9998022 0.006251513 -0.01888341 75.85322 -0.006411761 0.999944 -0.008437593 -0.1737046 0.0188296 0.008557 0.9997861 -0.8599108
0.9997986 0.006183689 -0.01909386 77.87203 -0.006356738 0.9999391 -0.009015688 -0.203311 0.01903694 0.009135247 0.999777 -0.884736
0.999823 0.006450709 -0.01767104 79.89223 -0.006615255 0.999935 -0.009269024 -0.2284241 0.0176101 0.009384283 0.9998009 -0.9160517
0.9997903 0.006679795 -0.01935807 81.91936 -0.006840968 0.9999424 -0.008271627 -0.2610372 0.0193017 0.00840232 0.9997784 -0.9228751
0.9998113 0.00697069 -0.01813417 83.95349 -0.00713713 0.9999329 -0.009129785 -0.3019472 0.01806931 0.009257488 0.9997939 -0.9307329
0.9998009 0.006690179 -0.01880116 85.9954 -0.006852326 0.9999397 -0.008573161 -0.324997 0.01874267 0.008700284 0.9997865 -0.9363966
0.9998215 0.007128537 -0.01749531 87.99166 -0.007275867 0.9999385 -0.00837198 -0.3683721 0.01743456 0.008497779 0.9998119 -0.9685944
0.9998262 0.007136147 -0.01722335 90.03682 -0.007275825 0.9999411 -0.008060823 -0.3986727 0.01716481 0.008184736 0.9998192 -0.9805214
0.9998148 0.007228213 -0.01783483 92.07186 -0.007380123 0.9999371 -0.008466509 -0.4316396 0.01777251 0.008596565 0.9998051 -1.003174
0.9998065 0.007298974 -0.0182647 94.09137 -0.007461304 0.999933 -0.008835363 -0.45141 0.01819899 0.008969932 0.9997941 -1.01751
0.9997697 0.00757285 -0.02008075 96.15281 -0.007747055 0.999933 -0.008611715 -0.4900265 0.02001419 0.008765298 0.9997613 -1.03097
0.9997678 0.007819266 -0.02008188 98.18396 -0.007989119 0.9999328 -0.00839179 -0.5236661 0.02001492 0.008550277 0.9997631 -1.038411
0.9997622 0.007562895 -0.02045533 100.2319 -0.007745627 0.9999307 -0.00886878 -0.5623747 0.02038684 0.00902511 0.9997514 -1.040528
0.9998112 0.006616592 -0.01827083 102.2742 -0.006813337 0.9999193 -0.01072709 -0.5948286 0.01819838 0.01084955 0.9997755 -1.056145
0.9998753 0.004557151 -0.01511808 104.336 -0.004719676 0.9999313 -0.01073216 -0.6211263 0.01506814 0.01080218 0.9998281 -1.062321
0.9999166 0.002193175 -0.01273118 106.3926 -0.002327444 0.9999417 -0.01054125 -0.6477066 0.01270732 0.01057 0.9998634 -1.08492
0.9999327 0.0001784987 -0.01159919 108.4355 -0.0002847124 0.999958 -0.009155998 -0.6753892 0.01159707 0.009158684 0.9998908 -1.097126
0.999945 -0.002096002 -0.01027314 110.4753 0.002014357 0.9999663 -0.007951377 -0.690654 0.01028946 0.007930245 0.9999156 -1.127013
0.9999235 -0.004785256 -0.0114066 112.5442 0.004700277 0.999961 -0.007465125 -0.6989163 0.01144188 0.00741094 0.9999071 -1.149384
0.9999158 -0.006366564 -0.01130664 114.5903 0.006274146 0.9999467 -0.008190541 -0.711345 0.01135818 0.008118911 0.9999025 -1.177845
0.9999017 -0.006854399 -0.01223604 116.6202 0.006762578 0.9999489 -0.007529775 -0.7161393 0.01228702 0.007446288 0.9998968 -1.205152
0.9998978 -0.007923187 -0.01190264 118.6747 0.007844211 0.999947 -0.006667207 -0.7151465 0.01195483 0.006573158 0.999907 -1.208465
0.9998811 -0.008432728 -0.01290545 120.7255 0.008362005 0.9999498 -0.005524252 -0.7263457 0.01295138 0.00541568 0.9999015 -1.242632
0.9998935 -0.008835236 -0.01161376 122.7582 0.008767718 0.9999444 -0.005851694 -0.7264205 0.01166481 0.005749245 0.9999154 -1.26834
0.9998812 -0.00809883 -0.01311507 124.8148 0.008028944 0.9999533 -0.005372559 -0.7338551 0.01315797 0.00526662 0.9998996 -1.278535
0.9998956 -0.007094026 -0.01258339 126.8417 0.007046994 0.9999681 -0.003778003 -0.726047 0.01260979 0.003688934 0.9999137 -1.340792
0.9998939 -0.006068626 -0.0132434 128.8573 0.006014522 0.9999734 -0.004121386 -0.7329843 0.01326806 0.004041296 0.9999038 -1.329672
0.999888 -0.005633232 -0.01386685 130.8783 0.005616852 0.9999834 -0.001219877 -0.7375341 0.01387349 0.001141852 0.9999031 -1.395628
0.9998823 -0.004301648 -0.01472329 132.9236 0.004283286 0.99999 -0.00127844 -0.752196 0.01472864 0.001215225 0.9998908 -1.400677
0.9998798 -0.004717913 -0.01476619 134.945 0.004749618 0.9999864 0.002112875 -0.7526702 0.01475603 -0.002182755 0.9998887 -1.463413
0.99988 -0.004980179 -0.0146663 136.9959 0.005010616 0.9999855 0.00203926 -0.7573938 0.01465593 -0.002112502 0.9998904 -1.456913
0.9998708 -0.005852134 -0.01496776 139.0166 0.005905825 0.9999762 0.003545494 -0.7564461 0.01494666 -0.003633433 0.9998817 -1.557609
0.9998258 -0.005856048 -0.01772356 141.06 0.005924634 0.9999752 0.003819756 -0.7684285 0.01770075 -0.003924096 0.9998356 -1.563683
0.9997861 -0.005838706 -0.01984235 143.065 0.005945274 0.9999682 0.005315968 -0.7670196 0.01981068 -0.005432799 0.999789 -1.633284
0.9997219 -0.005167212 -0.02300834 145.0997 0.005320476 0.9999639 0.006605024 -0.7713371 0.02297339 -0.006725602 0.9997135 -1.697695
0.9996774 -0.004211426 -0.02504726 147.1382 0.004391472 0.9999648 0.007137615 -0.7725751 0.02501632 -0.007245306 0.9996608 -1.716251
0.9995742 -0.003756362 -0.02893705 149.1656 0.003981145 0.9999622 0.007714309 -0.7767547 0.02890699 -0.007826227 0.9995515 -1.785189
0.9995548 -0.003741879 -0.02960085 151.201 0.003953563 0.999967 0.007095987 -0.7905509 0.02957332 -0.007209857 0.9995366 -1.796196
0.9995368 -0.004016688 -0.03016832 153.2403 0.004272659 0.9999554 0.008425107 -0.7910013 0.03013314 -0.008550104 0.9995093 -1.870414
0.999499 -0.00484685 -0.03127601 155.2707 0.005095005 0.999956 0.007859523 -0.7993629 0.03123654 -0.008014937 0.9994799 -1.910771
0.9994939 -0.005680686 -0.03129944 157.2794 0.005968056 0.9999408 0.009095563 -0.8072152 0.03124592 -0.009277755 0.9994687 -1.968849
0.999429 -0.007163843 -0.03302069 159.2952 0.007460357 0.9999328 0.008865225 -0.8070787 0.03295496 -0.009106508 0.9994153 -2.029663
0.9993938 -0.007796986 -0.03393124 161.2991 0.00811035 0.9999256 0.009107441 -0.8101363 0.03385771 -0.009377114 0.9993827 -2.078565
0.9993805 -0.008784507 -0.03408169 163.3088 0.009083045 0.9999216 0.008614547 -0.8049073 0.03400334 -0.008918774 0.9993819 -2.128794
0.9993303 -0.01047136 -0.0350596 165.3139 0.0108489 0.9998851 0.01059578 -0.7983918 0.03494461 -0.01096905 0.999329 -2.1894
0.9992535 -0.01184005 -0.03677466 167.3185 0.01230893 0.9998455 0.01255001 -0.7889491 0.03662039 -0.0129933 0.9992447 -2.254523
0.9991848 -0.01368098 -0.03798208 169.3339 0.0142386 0.9997942 0.0144495 -0.7740229 0.03777657 -0.01497853 0.9991739 -2.320907
0.9991064 -0.01540817 -0.03935696 171.3322 0.01598639 0.9997681 0.01441949 -0.7579315 0.03912566 -0.01503578 0.9991212 -2.359776
0.9989829 -0.01666587 -0.04189708 173.3183 0.01732426 0.9997312 0.01540073 -0.7340347 0.04162916 -0.0161109 0.9990032 -2.462168
0.9988932 -0.01751767 -0.04365187 175.3439 0.0182119 0.9997131 0.01555735 -0.7133396 0.04336682 -0.01633512 0.9989257 -2.49253
0.9987634 -0.01906804 -0.04591419 177.3507 0.01981796 0.9996766 0.01593348 -0.6825919 0.04559552 -0.0168237 0.9988183 -2.594971
0.9986253 -0.02090224 -0.04806925 179.3635 0.02168852 0.9996383 0.01589422 -0.6559594 0.04771965 -0.01691492 0.9987175 -2.634547
0.998426 -0.02354251 -0.05090547 181.3595 0.02435724 0.9995841 0.01544395 -0.6203519 0.05052071 -0.01665956 0.998584 -2.71031
0.99832 -0.0253599 -0.05209635 183.3708 0.02618199 0.9995422 0.01515868 -0.582027 0.05168808 -0.0164972 0.998527 -2.771778
0.9981779 -0.02777878 -0.05356411 185.3663 0.02856511 0.9994943 0.01397075 -0.5392113 0.05314893 -0.01547536 0.9984667 -2.807548
0.9980666 -0.03043389 -0.05419262 187.3515 0.03135199 0.9993775 0.01617239 -0.4886109 0.0536667 -0.01784017 0.9983995 -2.906788
0.9978632 -0.0334236 -0.05614167 189.3584 0.03445412 0.9992533 0.01748906 -0.4384223 0.05551519 -0.019386 0.9982696 -2.94329
0.997758 -0.03616074 -0.05631573 191.3674 0.03727371 0.9991274 0.0188392 -0.3776402 0.05558536 -0.02089606 0.9982352 -3.015569
0.9974164 -0.03956299 -0.05996121 193.3505 0.04076899 0.9989876 0.01902443 -0.318225 0.05914784 -0.02141983 0.9980194 -3.106939
0.9971266 -0.04279685 -0.0625051 195.3566 0.04409111 0.9988376 0.01947544 -0.2331501 0.06159896 -0.0221754 0.9978546 -3.193567
0.996821 -0.04531442 -0.06553262 197.3581 0.04671108 0.9987094 0.01993893 -0.152735 0.06454452 -0.02293664 0.9976512 -3.240659
0.9966953 -0.04712919 -0.06616201 199.3585 0.04861525 0.9985962 0.02103268 -0.07415996 0.06507788 -0.02417966 0.9975872 -3.32271
0.9965584 -0.04934179 -0.06660911 201.3788 0.05083377 0.9984884 0.02089207 0.01078098 0.06547759 -0.02420616 0.9975604 -3.365359
0.9964462 -0.0523025 -0.06602584 203.3898 0.05393843 0.9982737 0.02324135 0.1088947 0.06469628 -0.02672009 0.9975472 -3.453408
0.9962226 -0.05522254 -0.06701523 205.4229 0.05697374 0.9980749 0.02450642 0.2103678 0.06553291 -0.02823196 0.9974509 -3.50313
0.9960346 -0.05920088 -0.0664096 207.4472 0.06099531 0.9978168 0.02532492 0.3222519 0.06476535 -0.02927517 0.997471 -3.614584
0.9957108 -0.06318756 -0.06758176 209.4846 0.06504264 0.9975539 0.0256085 0.4354737 0.0657983 -0.02989436 0.997385 -3.686827
0.9953912 -0.06692725 -0.06868018 211.5206 0.06885634 0.9972848 0.02611347 0.5626644 0.066746 -0.03072219 0.9972969 -3.77175
0.9949798 -0.07031555 -0.07121038 213.5578 0.07233544 0.9970365 0.02619197 0.698503 0.06915764 -0.03121152 0.9971174 -3.858744
0.9947075 -0.07266593 -0.07264002 215.598 0.07477441 0.9968419 0.0267376 0.8274972 0.07046772 -0.03202771 0.9969997 -3.949453
0.9943397 -0.07485271 -0.07540344 217.6544 0.07706093 0.9966657 0.02681049 0.9808648 0.0731452 -0.0324694 0.9967926 -4.022437
0.9941969 -0.07672995 -0.07539931 219.7093 0.07905075 0.9964691 0.02828903 1.125436 0.07296246 -0.03408523 0.9967521 -4.109008
0.9938602 -0.07903465 -0.07742949 221.7672 0.08148032 0.9962544 0.02894798 1.281927 0.07485159 -0.03507923 0.9965775 -4.194976
0.993753 -0.08144544 -0.07629903 223.8382 0.08385909 0.9960562 0.02897782 1.44012 0.07363801 -0.03519517 0.9966638 -4.279402
0.9934881 -0.08398274 -0.0769955 225.9075 0.08651426 0.9957944 0.03014903 1.60359 0.07413968 -0.0366139 0.9965755 -4.366122
0.9932553 -0.08732577 -0.07627718 227.9769 0.08995493 0.9954401 0.03173472 1.771317 0.0731581 -0.03838219 0.9965815 -4.477218
0.9927712 -0.09150001 -0.07767292 230.0565 0.09427989 0.9950018 0.03290327 1.962654 0.07427406 -0.03998841 0.9964358 -4.583315
0.9921036 -0.09524805 -0.0815982 232.1641 0.09821483 0.9946132 0.03314172 2.151558 0.07800197 -0.04089417 0.9961141 -4.690073
0.9913819 -0.09875888 -0.08607256 234.2538 0.1018845 0.9942586 0.03270077 2.351649 0.0823489 -0.04118842 0.995752 -4.772399
0.990751 -0.1020662 -0.0894146 236.3323 0.1054298 0.9938546 0.03372742 2.564064 0.08542268 -0.04284244 0.9954233 -4.900053
0.9900917 -0.1056558 -0.09249425 238.4452 0.1092216 0.9934233 0.03436376 2.777595 0.08825521 -0.04412564 0.99512 -4.971054
0.9895084 -0.1099251 -0.09375281 240.5423 0.1136101 0.9929122 0.03490321 3.003695 0.08925157 -0.04518829 0.9949835 -5.096529
0.9885689 -0.1146789 -0.09787916 242.6543 0.118416 0.9924072 0.03324729 3.243774 0.09332324 -0.0444577 0.9946428 -5.148252
0.9881169 -0.1195644 -0.09658881 244.7636 0.1233052 0.9917959 0.03371563 3.490439 0.0917652 -0.04522489 0.9947532 -5.278349
0.9874457 -0.1241426 -0.0976706 246.8802 0.1279235 0.9912206 0.03342687 3.743896 0.09266341 -0.04550159 0.9946573 -5.351417
0.9870842 -0.1289792 -0.09502248 248.9818 0.1328171 0.9905149 0.03521112 3.996988 0.08957968 -0.04737696 0.9948522 -5.466167
0.9863145 -0.1343411 -0.09558281 251.1104 0.1381592 0.9898094 0.03448591 4.284674 0.08997589 -0.0472196 0.9948239 -5.55687
0.9859072 -0.1387743 -0.09342714 253.2363 0.1425293 0.9891797 0.03476425 4.563168 0.08759186 -0.04759043 0.995019 -5.675121
0.9852871 -0.1440443 -0.09198152 255.3696 0.1477514 0.9884114 0.03481651 4.870871 0.08590048 -0.04789466 0.9951519 -5.762825
0.9847292 -0.1491201 -0.08984178 257.5011 0.1529116 0.9875518 0.03687261 5.181553 0.08322497 -0.05004739 0.9952732 -5.889637
0.984005 -0.1540862 -0.08939542 259.6298 0.1579754 0.9867058 0.03815419 5.495931 0.08232793 -0.05166619 0.9952651 -5.977113
0.9832867 -0.1592916 -0.08816732 261.7678 0.1631791 0.9858351 0.03875058 5.828412 0.08074579 -0.05248998 0.9953517 -6.118469
0.9823613 -0.1657338 -0.08659416 263.9114 0.1694906 0.9848009 0.03795009 6.174001 0.0789884 -0.0519576 0.9955206 -6.204896
0.9810439 -0.1730395 -0.08723613 266.0534 0.1769164 0.9834605 0.03880618 6.547414 0.07907829 -0.05350407 0.9954315 -6.347186
0.979537 -0.1799857 -0.09006897 268.1864 0.1840182 0.9821645 0.03860529 6.922918 0.08151414 -0.05438964 0.995187 -6.465806
0.9781497 -0.186319 -0.09224109 270.317 0.1905376 0.9808977 0.03918486 7.319516 0.08317818 -0.05590405 0.9949654 -6.590216
0.9766315 -0.1927667 -0.09503684 272.4683 0.1970103 0.9796875 0.03741054 7.734134 0.08589489 -0.05525955 0.9947705 -6.674124
0.9755425 -0.1979355 -0.09559514 274.6129 0.202186 0.97865 0.03694157 8.151304 0.08624214 -0.05536607 0.9947346 -6.79945
0.974597 -0.2027266 -0.09519713 276.7681 0.2068419 0.9777318 0.03545543 8.589307 0.08588949 -0.05424551 0.9948269 -6.898674
0.9739819 -0.2066993 -0.09292283 278.9162 0.2106217 0.976959 0.03449168 9.020555 0.08365238 -0.05316583 0.9950757 -7.007947
0.9732875 -0.2109181 -0.09069129 281.0694 0.2146354 0.9761268 0.0332895 9.470476 0.08150484 -0.05186582 0.9953225 -7.104984
0.9726298 -0.2139572 -0.09062816 283.208 0.2178769 0.9753228 0.03570899 9.924565 0.08075151 -0.05447741 0.9952444 -7.22038
0.971966 -0.2174786 -0.08935954 285.3633 0.2215692 0.9743798 0.03861961 10.39369 0.07867117 -0.05733627 0.9952504 -7.330124
0.9712095 -0.2211328 -0.08861344 287.498 0.2253473 0.97343 0.04064981 10.86617 0.07726999 -0.05944828 0.9952363 -7.451543
0.9703339 -0.2248643 -0.08881521 289.6557 0.2290653 0.9725802 0.04020973 11.36142 0.07733819 -0.05936135 0.9952362 -7.58071
0.9696355 -0.2276961 -0.08922673 291.8032 0.2320085 0.9718392 0.04123965 11.84874 0.07732392 -0.06068878 0.9951572 -7.719766
0.9686327 -0.2305045 -0.09283481 293.9247 0.2350979 0.971069 0.0418777 12.35092 0.08049602 -0.06238938 0.9948004 -7.838838
0.9679174 -0.2329208 -0.09425393 296.0685 0.2375553 0.9704995 0.04121204 12.86075 0.08187424 -0.06228037 0.9946948 -7.960048
0.9671482 -0.235497 -0.0957371 298.2046 0.2401679 0.9698883 0.04044577 13.37122 0.08332944 -0.06211003 0.9945846 -8.08552
0.9668149 -0.2377903 -0.09340572 300.3468 0.2422704 0.9693916 0.039812 13.88152 0.08107981 -0.06112028 0.9948319 -8.190952
0.9660783 -0.2409622 -0.09289732 302.4711 0.2453768 0.9686313 0.03928666 14.40922 0.08051666 -0.06074884 0.9949003 -8.32372
0.9653908 -0.2443438 -0.09119619 304.5956 0.2485984 0.9678426 0.0384693 14.93129 0.07886381 -0.05980913 0.9950897 -8.44603
0.9642726 -0.2488661 -0.09079659 306.7198 0.2531702 0.9666246 0.03926306 15.47264 0.07799497 -0.06084728 0.9950952 -8.571847
0.9627357 -0.2546775 -0.09099133 308.815 0.2588751 0.9651799 0.03757162 16.02157 0.07825436 -0.05972692 0.9951427 -8.685002
0.9612105 -0.2608147 -0.08972135 310.9152 0.2648797 0.9635847 0.03664842 16.57696 0.07689568 -0.05899222 0.9952924 -8.813508
0.9594027 -0.2675512 -0.08923402 313.0066 0.2714146 0.9618553 0.03418408 17.15725 0.07668421 -0.05701571 0.9954239 -8.919583
0.9577205 -0.2739712 -0.08781433 315.0822 0.2777435 0.9600589 0.03384715 17.73054 0.07503378 -0.05680597 0.9955617 -9.037571
0.9557832 -0.2802823 -0.08899639 317.1475 0.2840756 0.958233 0.03302341 18.32888 0.07602339 -0.05684493 0.9954844 -9.139185
0.9539678 -0.2865086 -0.08864693 319.1989 0.2903379 0.9563357 0.03355686 18.932 0.07516189 -0.05774973 0.9954977 -9.246143
0.9520535 -0.2924562 -0.08979644 321.2673 0.2963042 0.9545327 0.03272296 19.55118 0.07614362 -0.05776107 0.9954224 -9.353028
0.9501219 -0.2990538 -0.08851656 323.3188 0.3028565 0.9524684 0.03288956 20.19061 0.07447349 -0.0580569 0.9955316 -9.474129
0.9477956 -0.3050728 -0.09281257 325.3703 0.308803 0.9506973 0.02855521 20.82684 0.07952523 -0.05572531 0.9952741 -9.56552
0.9458167 -0.3103972 -0.09531177 327.4111 0.3141875 0.9489669 0.02735411 21.48938 0.08195706 -0.05581775 0.9950716 -9.695469
0.9438862 -0.3153941 -0.09800759 329.4606 0.3191825 0.9473549 0.0253232 22.15344 0.08486117 -0.05518453 0.9948635 -9.713256
0.9423037 -0.3199847 -0.09835403 331.4624 0.3240612 0.9456131 0.02828868 22.82835 0.08395291 -0.05852925 0.9947493 -9.856656
0.9413565 -0.3236488 -0.09539114 333.488 0.3276271 0.9443598 0.02907012 23.50446 0.08067505 -0.05861808 0.9950153 -9.927115
0.9401625 -0.3273586 -0.09450316 335.5106 0.3313716 0.9430228 0.03001518 24.18693 0.0792929 -0.05953481 0.995072 -10.04551
0.9388397 -0.3312403 -0.09412646 337.5256 0.3349057 0.9418986 0.02579569 24.87444 0.08011299 -0.05574151 0.995226 -10.13116
0.9378578 -0.3347554 -0.09144172 339.5496 0.3383453 0.9406456 0.02661371 25.58467 0.07710516 -0.05589875 0.9954547 -10.23254
0.9371859 -0.3370347 -0.08994538 341.5557 0.340476 0.9399027 0.02567652 26.28042 0.07588602 -0.05468791 0.9956157 -10.30528
0.9367337 -0.3399612 -0.0834048 343.5688 0.3434372 0.9386573 0.03119813 26.98818 0.06768238 -0.05786865 0.9960273 -10.40709
0.9361066 -0.3433553 -0.07623331 345.566 0.346567 0.9374272 0.03349046 27.70411 0.05996404 -0.05777059 0.9965274 -10.48627
0.9351411 -0.3473799 -0.06955741 347.5432 0.350487 0.9357708 0.03862854 28.41889 0.05167101 -0.0605021 0.9968297 -10.64821
0.933804 -0.3504625 -0.07201467 349.531 0.3534572 0.9348403 0.03378807 29.1474 0.05548077 -0.05700554 0.9968311 -10.74265
0.9325896 -0.3535422 -0.07269472 351.5268 0.3563843 0.9338465 0.03034812 29.88976 0.05715637 -0.0542096 0.9968924 -10.85736
0.9314221 -0.3568647 -0.07141851 353.5015 0.3595331 0.9326997 0.02841679 30.63282 0.05647106 -0.05214534 0.9970416 -10.93656
0.9299509 -0.3610082 -0.06974522 355.4793 0.3637218 0.9309999 0.03075199 31.38996 0.05383107 -0.0539657 0.9970908 -11.03356
0.9283386 -0.3657502 -0.06643976 357.4476 0.3683208 0.9291704 0.03133949 32.14047 0.05027144 -0.05356481 0.9972981 -11.11563
0.9263371 -0.371814 -0.0604483 359.3994 0.3740367 0.9269114 0.03052905 32.9127 0.04467908 -0.05089007 0.9977043 -11.21581
0.9240538 -0.3778359 -0.05800501 361.3569 0.3798563 0.924603 0.02860761 33.67065 0.04282263 -0.04846855 0.9979063 -11.3302
0.9218729 -0.3836019 -0.05477231 363.3101 0.3854138 0.9223427 0.02720617 34.46381 0.0400825 -0.04619063 0.9981282 -11.44119
0.9193748 -0.3896564 -0.05401808 365.2504 0.3914334 0.9198065 0.02712831 35.26984 0.03911546 -0.04608556 0.9981714 -11.51552
0.9169639 -0.3954873 -0.05260238 367.169 0.3972056 0.9173254 0.02723524 36.0607 0.03748231 -0.04586769 0.998244 -11.61657
0.9144233 -0.4018193 -0.04869418 369.094 0.4033778 0.9146143 0.02768907 36.88499 0.0334104 -0.04496169 0.9984298 -11.70727
0.911391 -0.4090391 -0.04531503 370.9995 0.410401 0.9115306 0.0261301 37.72128 0.03061781 -0.04241207 0.9986309 -11.80094
0.9081591 -0.4168087 -0.038957 372.9008 0.4178486 0.9082066 0.02373425 38.55737 0.02548836 -0.0378326 0.998959 -11.88513
0.9046918 -0.42437 -0.03798622 374.7903 0.4253778 0.9046999 0.02391018 39.40924 0.02421937 -0.03778984 0.9989921 -11.97247
0.901148 -0.4318261 -0.03818927 376.654 0.4327624 0.9012699 0.02071667 40.27863 0.02547284 -0.03519567 0.9990557 -12.08743
0.8977137 -0.4387924 -0.0396399 378.5011 0.4396625 0.8980136 0.01638303 41.15589 0.02840842 -0.03213545 0.9990797 -12.15759
0.8944365 -0.4451616 -0.04259809 380.3481 0.4460756 0.8948764 0.01459411 42.0447 0.03162329 -0.03205547 0.9989857 -12.22872
0.8912768 -0.4514464 -0.04268216 382.1718 0.4524299 0.8916447 0.0166463 42.93567 0.0305424 -0.03414714 0.99895 -12.3089
0.8878688 -0.4575047 -0.04876902 384.0057 0.4587222 0.8884166 0.01702573 43.86086 0.03553786 -0.03748805 0.998665 -12.3567
0.8848242 -0.4631839 -0.05046704 385.8055 0.4645017 0.8853914 0.01790047 44.78259 0.03639187 -0.03928079 0.9985653 -12.4671
0.8814769 -0.469155 -0.05377866 387.5953 0.4705868 0.882184 0.01729858 45.70891 0.03932697 -0.04055582 0.998403 -12.52054
0.8780517 -0.4753375 -0.05549225 389.3792 0.4767326 0.8789276 0.01457104 46.66041 0.0418475 -0.03924909 0.9983528 -12.57891
0.8746915 -0.4813718 -0.05653222 391.149 0.4828949 0.8755233 0.01648416 47.60036 0.04156026 -0.04171768 0.9982647 -12.66996
0.8711183 -0.4874383 -0.05963976 392.9066 0.4890859 0.8720859 0.01615585 48.5694 0.04413602 -0.04324262 0.9980892 -12.73195
0.8677658 -0.4931671 -0.0613906 394.6494 0.4949275 0.8687717 0.01680236 49.54482 0.04504805 -0.04496441 0.9979724 -12.80989
0.8640552 -0.4987825 -0.06800403 396.3727 0.5007428 0.8654747 0.01449546 50.52001 0.0516257 -0.04657741 0.9975798 -12.87069
0.8604141 -0.5049092 -0.06895183 398.0927 0.5068226 0.8619589 0.01256503 51.51376 0.05308944 -0.04575747 0.9975408 -12.94277
0.8565461 -0.5109938 -0.07220894 399.8041 0.5128483 0.8584359 0.008625926 52.5082 0.05757895 -0.04442074 0.9973522 -12.97271
0.8531013 -0.5169272 -0.0707422 401.5028 0.5185881 0.8550022 0.006138388 53.52301 0.05731163 -0.04192272 0.9974757 -13.05628
0.849542 -0.5230345 -0.06865394 403.1753 0.5245109 0.8513937 0.004162377 54.51935 0.05627446 -0.03954585 0.9976318 -13.05674
0.8459374 -0.5285133 -0.0711593 404.8328 0.5306045 0.847518 0.01311946 55.52354 0.05337498 -0.04885569 0.9973787 -13.14992
0.8425471 -0.534117 -0.069523 406.498 0.5363746 0.8437926 0.01779144 56.56541 0.04916027 -0.05228049 0.9974217 -13.20167
0.838991 -0.5386719 -0.07698486 408.1416 0.5414065 0.8405484 0.01890688 57.59983 0.05452489 -0.05754281 0.996853 -13.27404
0.8367805 -0.5429273 -0.07091139 409.785 0.545091 0.838256 0.01423599 58.63955 0.05171279 -0.05056556 0.997381 -13.3468
0.8345925 -0.5458813 -0.07395269 411.4126 0.5481719 0.8362556 0.0135747 59.68717 0.05443317 -0.05186813 0.9971694 -13.42319
0.8330036 -0.5485371 -0.07219408 413.0398 0.5506985 0.8346069 0.01275912 60.74192 0.05325482 -0.05038556 0.997309 -13.47646
0.8314058 -0.5505015 -0.0755816 414.6617 0.5529588 0.833076 0.01486502 61.7924 0.054782 -0.05415237 0.9970288 -13.52609
0.8298323 -0.5528351 -0.07584004 416.2737 0.55519 0.8316269 0.01268461 62.85664 0.05605812 -0.05263173 0.9970393 -13.59196
0.8279244 -0.5553978 -0.07793872 417.8946 0.5576801 0.8300023 0.009436402 63.9303 0.05944836 -0.0512775 0.9969135 -13.65522
0.8265162 -0.5575411 -0.07758173 419.5172 0.5593958 0.8288965 0.002652122 64.99722 0.06282855 -0.04559091 0.9969825 -13.69138
0.8248177 -0.5602379 -0.07621803 421.1357 0.5618982 0.8272063 0.0004101843 66.08874 0.06281824 -0.0431651 0.9970911 -13.72542
0.8232486 -0.5626785 -0.0751963 422.7262 0.5643235 0.8255533 0.0007624812 67.1612 0.06164953 -0.04306275 0.9971685 -13.75726
0.8215348 -0.5651676 -0.07527407 424.3336 0.5670429 0.8236767 0.004384823 68.2516 0.05952334 -0.04628591 0.9971532 -13.78827
0.819201 -0.5684763 -0.07579167 425.9294 0.5705379 0.8212415 0.006978387 69.35057 0.05827622 -0.04895873 0.9970993 -13.82419
0.8171104 -0.5718253 -0.07312024 427.5218 0.5738717 0.8188968 0.008898314 70.43792 0.05478965 -0.04923255 0.9972835 -13.85985
0.8140956 -0.575877 -0.07492714 429.1158 0.5779443 0.8160418 0.00750339 71.54646 0.05682265 -0.04941219 0.9971608 -13.94418
0.811727 -0.5794535 -0.07302575 430.7011 0.5814173 0.8135738 0.007173324 72.65903 0.05525523 -0.04828122 0.9973043 -14.00413
0.8091431 -0.5826911 -0.07588547 432.2744 0.5847598 0.8111812 0.00640904 73.76793 0.05782237 -0.04956061 0.9970959 -14.01482
0.807276 -0.5854555 -0.07448031 433.8497 0.5876253 0.8090791 0.009345204 74.88641 0.05478926 -0.05131068 0.9971787 -14.06505
0.8055992 -0.5876609 -0.07526378 435.4117 0.5898825 0.8074337 0.009453923 76.01274 0.05521481 -0.05201286 0.9971188 -14.136
0.8036122 -0.5905289 -0.07404795 436.9983 0.5924013 0.8056321 0.004213188 77.16059 0.05716739 -0.04725188 0.9972458 -14.1272
0.8015572 -0.5930543 -0.07610953 438.5701 0.5950627 0.8036654 0.004725372 78.29716 0.05836419 -0.0490776 0.9970883 -14.20638
0.799718 -0.5960218 -0.07217417 440.1255 0.5977604 0.8016685 0.003157092 79.4374 0.05597807 -0.04566765 0.9973871 -14.21717
0.7978712 -0.5988153 -0.06943915 441.696 0.6006544 0.7994754 0.007297823 80.59589 0.05114485 -0.04753166 0.9975595 -14.29461
0.7953575 -0.6022957 -0.06816404 443.2643 0.6039818 0.7969803 0.005335608 81.76269 0.05111177 -0.04541355 0.9976599 -14.29718
0.7929652 -0.6051064 -0.07108077 444.8199 0.607075 0.7946041 0.00800995 82.93272 0.0516342 -0.04950297 0.9974384 -14.39513
0.791189 -0.6076784 -0.06889796 446.3613 0.6096616 0.7925937 0.01038565 84.09626 0.04829697 -0.05022145 0.9975697 -14.38108
0.7894217 -0.6103268 -0.06568531 447.9332 0.6124025 0.7903842 0.01600453 85.27513 0.04214863 -0.05286018 0.997712 -14.46322
0.7870412 -0.6141729 -0.05794573 449.5012 0.6157213 0.7878687 0.01226131 86.47412 0.03812306 -0.04532857 0.9982445 -14.47104
0.7846308 -0.6178039 -0.05169856 451.0565 0.619059 0.78526 0.01152987 87.65818 0.0334736 -0.04105114 0.9985962 -14.5606
0.7822476 -0.6217051 -0.03964083 452.599 0.6224751 0.7825749 0.01005932 88.85137 0.024768 -0.03254431 0.9991633 -14.59234
0.7795839 -0.6255244 -0.03111454 454.1574 0.6260523 0.7797068 0.01075383 90.04343 0.01753344 -0.02786284 0.999458 -14.66261
0.7765981 -0.629364 -0.02822027 455.6894 0.6297633 0.7767498 0.007603599 91.25846 0.01713466 -0.02367703 0.9995728 -14.71153
0.7735528 -0.6331367 -0.02745774 457.2008 0.6334715 0.7737508 0.004865628 92.47137 0.01816484 -0.02115751 0.9996111 -14.77355
0.7702036 -0.6371877 -0.02789582 458.714 0.63744 0.7705001 0.0001968015 93.69167 0.02136832 -0.01793348 0.9996108 -14.81739
0.7673638 -0.6405821 -0.0284117 460.2187 0.6408103 0.767698 -0.00137337 94.9203 0.02269136 -0.01715264 0.9995953 -14.85695
0.7639835 -0.644541 -0.02993623 461.7082 0.6447378 0.7643942 -0.003819835 96.15175 0.02534512 -0.01638273 0.9995445 -14.87921
0.7607208 -0.6483518 -0.03071961 463.1938 0.6486226 0.7611088 -0.001484197 97.38822 0.02434325 -0.01879637 0.9995269 -14.91096
0.7573265 -0.6523702 -0.02949077 464.6667 0.6526424 0.757666 -0.0005172919 98.63259 0.02268162 -0.01885517 0.9995649 -14.93374
0.7537081 -0.6566078 -0.02811391 466.1402 0.656898 0.753978 0.001474673 99.87784 0.02022899 -0.01957944 0.9996036 -14.95972
0.7498565 -0.6611357 -0.02479763 467.6161 0.6613275 0.7500972 -0.0006172047 101.1415 0.01900868 -0.01593654 0.9996923 -15.00142
0.745959 -0.6656469 -0.02143212 469.0833 0.6657863 0.746142 -0.0008361968 102.4164 0.01654802 -0.01364544 0.99977 -15.02793
0.742575 -0.6694969 -0.01887405 470.5336 0.6695993 0.7427217 -0.001171191 103.6858 0.01480228 -0.01176835 0.9998212 -15.05712
0.7391453 -0.6732752 -0.01910109 471.9792 0.6733605 0.7393103 -0.002507058 104.9571 0.01580957 -0.01100884 0.9998144 -15.08399
0.73602 -0.6767339 -0.01748551 473.4364 0.6767918 0.7361672 -0.003260674 106.2722 0.01507887 -0.009434129 0.9998418 -15.10252
0.7326254 -0.6804172 -0.01710435 474.8762 0.6804712 0.7327673 -0.003333716 107.5743 0.01480183 -0.009196654 0.9998481 -15.1296
0.7302827 -0.6829578 -0.01599505 476.3281 0.6829935 0.7304137 -0.003968809 108.8878 0.01439353 -0.008026158 0.9998642 -15.1545
0.7284363 -0.6850394 -0.01007861 477.7568 0.6850034 0.7285042 -0.007212541 110.191 0.01228319 -0.001650007 0.9999232 -15.17517
0.7270958 -0.6865264 -0.003630539 479.2017 0.68646 0.7270839 -0.01103059 111.5073 0.0102125 0.005528076 0.9999326 -15.18746
0.7252539 -0.6884803 0.001276319 480.6264 0.6884529 0.7252058 -0.01045449 112.8261 0.006272116 0.008460845 0.9999445 -15.20317
0.7236172 -0.6901962 0.002726948 482.0403 0.6901984 0.7235965 -0.005861101 114.1342 0.0020721 0.006123329 0.9999791 -15.22632
0.7218975 -0.6919956 0.00245765 483.4587 0.6919973 0.7218801 -0.005375037 115.4649 0.001945374 0.005580912 0.9999825 -15.22912
0.719246 -0.6947473 0.003386131 484.8618 0.6947551 0.7192316 -0.004598023 116.7901 0.0007590518 0.005659642 0.9999837 -15.25404
0.7167772 -0.6972901 0.004129002 486.2649 0.6972992 0.716779 -0.001288509 118.1285 -0.002061117 0.003802724 0.9999906 -15.29482
0.7143726 -0.6997578 0.003271956 487.6573 0.6997646 0.7143713 -0.001757321 119.4606 -0.001107692 0.003544982 0.9999931 -15.31922
0.7120892 -0.702071 0.005021665 489.0442 0.7020883 0.7120804 -0.003664012 120.7906 -0.001003433 0.006134756 0.9999807 -15.35723
0.7099515 -0.7042156 0.007028282 490.4265 0.7042506 0.7099149 -0.007204601 122.1257 8.41096e-05 0.01006459 0.9999493 -15.36965
0.7087073 -0.7054645 0.007332807 491.8092 0.7055014 0.7086868 -0.005552104 123.4704 -0.001279851 0.009108122 0.9999577 -15.40354
0.707871 -0.7062935 0.00826374 493.1819 0.7063391 0.707852 -0.005534295 124.8133 -0.001940668 0.009754569 0.9999505 -15.41493
0.7068591 -0.7073327 0.005526429 494.5724 0.7073536 0.706848 -0.004084757 126.1727 -0.001017064 0.006796487 0.9999764 -15.43461
0.7065816 -0.7075951 0.007181052 495.9332 0.7076271 0.7065766 -0.003630881 127.502 -0.00250477 0.007647021 0.9999676 -15.46402
0.7055864 -0.7085952 0.006377651 497.3162 0.7086232 0.7055699 -0.00494506 128.8658 -0.000995832 0.008008519 0.9999675 -15.48264
0.7049804 -0.7091792 0.008220538 498.684 0.7092233 0.7049659 -0.005023096 130.2115 -0.002232926 0.009371381 0.9999536 -15.51464
0.7054325 -0.7087153 0.009356814 500.0456 0.7087671 0.7054312 -0.003989602 131.5543 -0.003773098 0.009446197 0.9999483 -15.53538
0.7057403 -0.7083954 0.01031871 501.4096 0.7084568 0.7057425 -0.004057149 132.8964 -0.004408289 0.01017366 0.9999385 -15.55987
0.7055781 -0.708531 0.01197402 502.7798 0.7086159 0.7055758 -0.005146621 134.2348 -0.004802039 0.01211633 0.9999151 -15.58171
0.7057917 -0.7083061 0.01266986 504.1337 0.708393 0.7058069 -0.003994057 135.5721 -0.00611346 0.01179422 0.9999118 -15.61314
0.7063096 -0.70773 0.01565562 505.5117 0.70785 0.7063546 -0.003378271 136.9256 -0.008667517 0.01346794 0.9998717 -15.63664
0.7065945 -0.7074344 0.01614702 506.8738 0.7075586 0.7066478 -0.003104581 138.2519 -0.009213968 0.01361864 0.9998648 -15.65955
0.7069486 -0.7070243 0.01844745 508.2327 0.7071663 0.7070452 -0.001744662 139.5887 -0.01180966 0.0142788 0.9998283 -15.68271
0.7074063 -0.7065626 0.01859113 509.627 0.7066869 0.7075266 -0.0001640222 140.9473 -0.01303782 0.01325414 0.9998271 -15.71313
0.7073766 -0.7065603 0.01977144 511.0074 0.7066615 0.7075473 0.002480525 142.309 -0.01574187 0.01221705 0.9998015 -15.74934
0.7078521 -0.706093 0.01944573 512.3693 0.7061663 0.7080348 0.003969713 143.6406 -0.01657124 0.01092195 0.999803 -15.79333
0.7075452 -0.7063991 0.01949542 513.7368 0.7065163 0.707696 0.00120569 144.9777 -0.01464853 0.01292075 0.9998092 -15.83068
0.7076408 -0.7063025 0.01952796 515.1154 0.7064151 0.7077962 0.001534595 146.3297 -0.0149057 0.0127089 0.9998081 -15.86447
0.7079648 -0.7060139 0.01817256 516.4816 0.7060964 0.7081113 0.002482913 147.6635 -0.01462117 0.01107376 0.9998318 -15.90374
0.7083536 -0.7056252 0.01811317 517.8553 0.7056533 0.7085328 0.005887041 149.0087 -0.01698782 0.008611508 0.9998186 -15.94575
0.7089664 -0.7050444 0.01670324 519.2413 0.7050549 0.7091252 0.006257732 150.3552 -0.01625667 0.007340178 0.9998409 -15.97472
0.7089721 -0.7050078 0.01796236 520.6174 0.7049854 0.7091694 0.0086258 151.7012 -0.01881961 0.006547752 0.9998015 -16.02705
0.7077472 -0.7062442 0.01769741 522.0008 0.7062568 0.7079252 0.006591461 153.0603 -0.01718362 0.007833824 0.9998217 -16.06053
0.7060983 -0.7078621 0.01887803 523.372 0.7078651 0.7063061 0.00767244 154.4019 -0.01876469 0.007945597 0.9997923 -16.11851
0.7050811 -0.7089598 0.01538123 524.7478 0.7089362 0.7052286 0.007878391 155.7681 -0.01643275 0.005349409 0.9998507 -16.15777
0.7048019 -0.709222 0.01607292 526.1382 0.7092144 0.7049567 0.007156022 157.1186 -0.01640592 0.006355566 0.9998452 -16.21435
0.7050581 -0.7090341 0.01279504 527.5187 0.7090349 0.7051538 0.005260251 158.4855 -0.01275217 0.005363348 0.9999043 -16.2412
0.7044157 -0.7096567 0.01363808 528.8983 0.7096658 0.7045206 0.004991842 159.8518 -0.0131508 0.006162148 0.9998946 -16.28354
0.7040761 -0.7100306 0.01154908 530.2708 0.7100365 0.7041519 0.004288529 161.2274 -0.01117729 0.005180817 0.9999241 -16.31375
0.7039435 -0.7101151 0.01414428 531.6616 0.7101362 0.7040509 0.00434176 162.5847 -0.01304144 0.006988013 0.9998906 -16.36334
0.7031897 -0.7108387 0.01525401 533.0408 0.7108854 0.7033014 0.003049845 163.9513 -0.01289611 0.008699233 0.999879 -16.39221
0.7021621 -0.7117186 0.02061756 534.4066 0.7118171 0.7023567 0.003361599 165.2878 -0.0168734 0.01231555 0.9997818 -16.445
0.7008424 -0.7129671 0.02231452 535.7888 0.7131007 0.7010565 0.002646055 166.6553 -0.01753029 0.01405804 0.9997475 -16.46482
0.6993847 -0.7142084 0.02770349 537.1453 0.7144176 0.6997123 0.003166436 167.9971 -0.02164597 0.0175773 0.9996112 -16.51747
0.6987736 -0.7146959 0.03041455 538.5261 0.7149037 0.6992027 0.005309284 169.3676 -0.02506046 0.01803349 0.9995233 -16.54252
0.6987455 -0.7146663 0.03172948 539.8808 0.7148051 0.6992693 0.008740485 170.7134 -0.02843397 0.01657302 0.9994583 -16.61374
0.6989855 -0.714536 0.02928616 541.2244 0.7145997 0.699461 0.01008017 172.0962 -0.02768717 0.01388199 0.9995202 -16.65911
0.6993374 -0.7142486 0.0278592 542.6018 0.7143456 0.6997468 0.008055822 173.4507 -0.02524824 0.01426736 0.9995794 -16.70795
0.700074 -0.7137324 0.02196492 543.9503 0.7137069 0.7003679 0.01036304 174.8129 -0.02277996 0.008421618 0.999705 -16.7717
0.7006351 -0.7132315 0.02027978 545.3142 0.7131806 0.7008954 0.01091237 176.1768 -0.02199705 0.006817554 0.9997348 -16.80776
0.7014344 -0.7125615 0.01568075 546.6672 0.7125015 0.7015979 0.01011388 177.5509 -0.01820834 0.004078327 0.9998259 -16.87054
0.7016926 -0.7123061 0.01573052 548.0425 0.7123206 0.7018316 0.005638993 178.9047 -0.01505686 0.007248335 0.9998603 -16.90775
0.7022486 -0.7117737 0.01500272 549.4008 0.7117721 0.7023814 0.006373112 180.2442 -0.01507385 0.006203012 0.9998671 -16.97804
0.7025771 -0.7114567 0.01466088 550.7536 0.7114668 0.7026987 0.005421711 181.5928 -0.0141595 0.006621561 0.9998778 -16.99317
0.7030435 -0.7109975 0.01457668 552.1304 0.7109994 0.7031676 0.005954946 182.9476 -0.0144838 0.006177425 0.999876 -17.04609
0.7037026 -0.7103801 0.01275935 553.4802 0.7103684 0.7038027 0.006209411 184.2833 -0.0133911 0.004694258 0.9998993 -17.10079
0.7042322 -0.7099292 0.007591463 554.8114 0.7099004 0.7042726 0.006444242 185.6172 -0.009921414 0.0008509404 0.9999504 -17.17014
0.7049443 -0.709257 0.002834449 556.1614 0.7092377 0.7049475 0.00557117 186.9539 -0.005949529 -0.001917067 0.9999804 -17.20075
0.7055638 -0.7086434 0.002046515 557.5049 0.708628 0.7055634 0.005150036 188.2839 -0.005093486 -0.002183462 0.9999846 -17.24567
0.706076 -0.7081349 0.001286182 558.8439 0.7081304 0.7060765 0.002716427 189.6079 -0.002831739 -0.001007219 0.9999955 -17.27406
0.7060722 -0.7081374 0.001855262 560.1724 0.7081385 0.7060735 0.000127344 190.9165 -0.001400128 0.001223868 0.9999983 -17.32459
0.707067 -0.707146 0.0007978268 561.5112 0.7071459 0.7070646 -0.002108707 192.2254 0.0009270489 0.002055177 0.9999974 -17.35143
0.7087133 -0.7054966 0.000265339 562.8294 0.7054966 0.7087133 -0.0004330306 193.512 0.0001174523 0.0004940903 0.9999999 -17.39597
0.7098496 -0.7043532 0.0003440772 564.1331 0.7043527 0.7098495 0.0009382364 194.7857 -0.0009050929 -0.000423655 0.9999995 -17.4393
0.7105778 -0.7036186 -0.000133448 565.4307 0.7036139 0.7105724 0.003799854 196.0542 -0.002578823 -0.002793988 0.9999928 -17.47838
0.7113551 -0.7028328 -0.0002947955 566.7249 0.7028318 0.7113532 0.002006049 197.3112 -0.001200213 -0.001634205 0.999998 -17.51574
0.7122555 -0.7019165 0.002308319 568.0051 0.7019143 0.7122591 0.001779752 198.5496 -0.002893359 0.0003526036 0.9999958 -17.55279
