1.0 0.0 0.0 0.0 0.0 1.0 0.0 0.0 0.0 0.0 1.0 0.0
0.9999982 0.001346083 -0.001336501 0.740289 -0.001333019 0.9999518 0.009728307 -0.01296225 0.001349532 -0.009726508 0.9999518 -0.03731934
0.9999964 0.0001338707 -0.002691618 1.306659 -8.998295e-05 0.9998672 0.01629885 -0.01269695 0.002693443 -0.01629855 0.9998636 -0.05148358
0.9999918 0.0003578296 -0.004042811 1.863847 -0.0002790313 0.9998103 0.01947476 -0.01890779 0.004049013 -0.01947347 0.9998022 -0.04221762
0.9999951 -0.0003381621 -0.003132925 2.416552 0.0003880427 0.999873 0.01593451 -0.02720684 0.003127139 -0.01593564 0.9998682 -0.04459686
0.9999995 -0.000393455 -0.0008838114 2.96674 0.00040405 0.9999276 0.01201986 -0.03501399 0.0008790182 -0.01202021 0.9999273 -0.05317928
0.9999992 -0.0004623652 0.001221976 3.493679 0.0004519825 0.999964 0.008483307 -0.04180318 -0.001225854 -0.008482748 0.9999633 -0.07469419
0.9999993 0.0001002329 0.001153797 4.018107 -0.0001105534 0.9999599 0.008948201 -0.04649439 -0.001152854 -0.008948322 0.9999593 -0.1146106
0.9999892 6.454377e-05 -0.004643043 4.557097 -1.228339e-05 0.9999366 0.01125478 -0.04399353 0.004643475 -0.0112546 0.9999259 -0.1205536
0.999972 -0.0004851526 -0.007461261 5.086488 0.0005830072 0.9999138 0.01311843 -0.04258374 0.007454253 -0.01312242 0.9998861 -0.1430355
0.9999746 -0.001025095 -0.007047941 5.618503 0.001112082 0.9999232 0.01234935 -0.04870534 0.007034739 -0.01235687 0.9998989 -0.140686
0.9999911 -0.001224392 -0.004049438 6.142305 0.001273394 0.9999257 0.01212077 -0.05647395 0.004034296 -0.01212581 0.9999183 -0.1520917
0.9999953 -0.001029628 -0.002891974 6.669319 0.001062236 0.9999357 0.01129656 -0.06575534 0.002880156 -0.01129958 0.999932 -0.1781802
0.9999685 -0.0006192086 -0.007907867 7.189122 0.0006935599 0.9999557 0.009402923 -0.06399712 0.007901692 -0.009408113 0.9999245 -0.1900273
0.99992 -0.0009253048 -0.01261546 7.710416 0.001051767 0.9999493 0.01002148 -0.06113794 0.01260554 -0.01003395 0.9998702 -0.2148942
0.9999165 -0.002547652 -0.01267131 8.239654 0.002676952 0.9999444 0.01019769 -0.06449519 0.01264463 -0.01023076 0.9998677 -0.2078624
0.9999079 -0.003749062 -0.01304576 8.755123 0.003896234 0.999929 0.01127413 -0.06465274 0.01300257 -0.01132392 0.9998513 -0.2400309
0.9999194 -0.004709154 -0.01179584 9.274128 0.00482872 0.9999369 0.01012838 -0.06744661 0.0117474 -0.01018452 0.9998791 -0.2484722
0.9999053 -0.005348839 -0.01267547 9.79904 0.0054622 0.9999453 0.008925711 -0.07250673 0.01262703 -0.008994102 0.9998798 -0.2536147
0.9999744 -0.006766987 -0.002338113 10.33457 0.006775837 0.9999698 0.00379791 -0.08952547 0.002312342 -0.003813655 0.99999 -0.2330552
0.9999662 -0.007535685 0.003279272 10.85106 0.007543236 0.9999689 -0.002296469 -0.09638941 -0.003261864 0.002321128 0.999992 -0.2673406
0.9999697 -0.007092693 0.00322129 11.36022 0.007107512 0.9999641 -0.004612111 -0.09505604 -0.003188462 0.004634866 0.9999842 -0.3120964
0.9999714 -0.00734204 0.001780598 11.87142 0.007350724 0.9999608 -0.00492048 -0.09128715 -0.001744402 0.004933428 0.9999863 -0.2884389
0.9999603 -0.007799481 -0.004303377 12.36622 0.007795095 0.999969 -0.001035052 -0.0892555 0.004311317 0.001001466 0.9999902 -0.3392471
0.9999423 -0.009168784 -0.005597237 12.86989 0.009227649 0.9999014 0.01058312 -0.08467384 0.005499651 -0.01063415 0.9999284 -0.3466232
0.9999261 -0.01119858 -0.004725115 13.37469 0.01128499 0.9997621 0.01867438 -0.08620451 0.004514863 -0.01872632 0.9998145 -0.3269394
0.9999365 -0.01120235 -0.001213611 13.88379 0.01122112 0.9997967 0.01675211 -0.09446429 0.001025701 -0.01676467 0.9998589 -0.3743804
0.99993 -0.01164044 -0.002105473 14.40938 0.01166234 0.9998748 0.01070731 -0.09445302 0.001980572 -0.01073112 0.9999405 -0.3211148
0.9999242 -0.01193934 -0.002996307 14.91456 0.01196234 0.9998982 0.007778886 -0.08745921 0.002903127 -0.007814139 0.9999653 -0.3834159
0.999913 -0.01033746 -0.008195235 15.42618 0.01034139 0.9999466 0.0004368917 -0.08152554 0.008190281 -0.0005216038 0.9999663 -0.3921054
0.9998674 -0.009713518 -0.01306901 15.93824 0.009700352 0.9999524 -0.001070317 -0.07139906 0.01307878 0.0009434014 0.9999141 -0.4120013
0.9998621 -0.01011557 -0.01316916 16.4453 0.01014941 0.9999454 0.002505229 -0.07502827 0.0131431 -0.002638543 0.9999101 -0.4030049
0.999896 -0.0100681 -0.01032193 16.94673 0.01013992 0.9999247 0.006929152 -0.07895869 0.01025139 -0.007033095 0.9999227 -0.4040063
0.9999209 -0.009624346 -0.008097441 17.45892 0.009693456 0.9999166 0.008539191 -0.08735627 0.008014581 -0.008617009 0.9999307 -0.4352629
0.9999307 -0.009155191 -0.007399384 17.98823 0.009201427 0.9999382 0.00623909 -0.08672447 0.007341807 -0.006306742 0.9999532 -0.4238226
0.9999256 -0.009379561 -0.007807255 18.50731 0.009421731 0.9999411 0.005382356 -0.0873006 0.007756312 -0.005455513 0.9999551 -0.4469128
0.9999463 -0.009393504 -0.004375005 19.03896 0.009416506 0.9999417 0.005267089 -0.0869211 0.004325274 -0.005308004 0.9999766 -0.4505108
0.9999249 -0.009801337 -0.007360528 19.56549 0.009847509 0.9999319 0.006262977 -0.09118304 0.007298642 -0.00633499 0.9999533 -0.4803598
0.9999487 -0.009813253 -0.002521154 20.10533 0.009831352 0.9999251 0.007269701 -0.09277587 0.002449626 -0.007294114 0.9999704 -0.4800188
0.9999552 -0.009131305 -0.002471053 20.64915 0.009154063 0.9999143 0.009360648 -0.08935902 0.002385366 -0.009382849 0.9999532 -0.4678289
0.9999607 -0.008810816 0.0009380898 21.21104 0.008797526 0.9998724 0.01333672 -0.09656727 -0.001055477 -0.01332794 0.9999106 -0.5074911
0.9999587 -0.008971205 0.001475286 21.78278 0.008948036 0.9998472 0.01502602 -0.09431722 -0.001609862 -0.0150122 0.999886 -0.5264797
0.9999673 -0.00776663 -0.0022735 22.3679 0.007802495 0.9998381 0.01621622 -0.09456572 0.002147186 -0.01623343 0.9998659 -0.5209742
0.9999683 -0.007942996 -0.0004897739 22.98131 0.007950612 0.999802 0.018248 -0.09868748 0.000344733 -0.01825132 0.9998333 -0.560808
0.9999584 -0.009056224 0.001108671 23.5854 0.009035331 0.9998045 0.01758739 -0.1057158 -0.00126773 -0.01757664 0.9998447 -0.5609934
0.9999346 -0.00815567 0.008014347 24.22164 0.008034099 0.9998541 0.01508616 -0.1069981 -0.008136215 -0.01502078 0.9998541 -0.5467476
0.9999478 -0.007833755 0.006548948 24.86912 0.007736664 0.9998616 0.01472157 -0.1147619 -0.006663368 -0.01467013 0.9998702 -0.618943
0.9999302 -0.007952597 0.008739771 25.52172 0.007828733 0.9998696 0.01411645 -0.1048138 -0.008850895 -0.01404704 0.9998621 -0.6143178
0.9999557 -0.008434311 0.004181152 26.20399 0.008376849 0.9998728 0.01357533 -0.09547438 -0.004295119 -0.01353971 0.9998991 -0.6305282
0.9999236 -0.008722984 0.008757737 26.88719 0.00860292 0.9998698 0.01365491 -0.1025089 -0.008875707 -0.01357852 0.9998684 -0.6377933
0.9999385 -0.008658607 0.006934197 27.58284 0.008553276 0.9998497 0.01507821 -0.1124621 -0.007063712 -0.01501797 0.9998623 -0.6685596
0.9999101 -0.008658377 0.01023721 28.29693 0.008469934 0.9997964 0.01831002 -0.1073336 -0.01039366 -0.01822167 0.9997799 -0.6757702
0.9999426 -0.009427386 0.005095967 29.0307 0.009322087 0.9997503 0.02030656 -0.1083536 -0.005286133 -0.02025789 0.9997808 -0.7012161
0.9999153 -0.009879119 0.008470357 29.78201 0.009708744 0.9997544 0.01992472 -0.1079019 -0.008665116 -0.0198408 0.9997656 -0.7316122
0.9999326 -0.01034783 0.005262794 30.54735 0.01026067 0.999814 0.01632836 -0.1087036 -0.005430778 -0.01627326 0.9998528 -0.744475
0.9999273 -0.01028835 0.00628533 31.31957 0.01021054 0.9998723 0.01228987 -0.1119164 -0.00641097 -0.0122248 0.9999048 -0.7632836
0.9999301 -0.01069565 0.005027916 32.09457 0.01063606 0.9998747 0.01173283 -0.1097005 -0.005152776 -0.01167853 0.9999185 -0.7815499
0.9999217 -0.01123309 0.005509043 32.87837 0.01116751 0.9998682 0.01179367 -0.1019776 -0.005640795 -0.01173122 0.9999153 -0.805701
0.9999129 -0.01085576 0.007501496 33.66912 0.01076071 0.9998627 0.01259675 -0.1049559 -0.007637214 -0.01251494 0.9998925 -0.8127156
0.9999202 -0.01041548 0.007143264 34.47563 0.01032653 0.9998701 0.01237777 -0.1048671 -0.007271257 -0.01230302 0.9998979 -0.837989
0.9999257 -0.009812569 0.007223994 35.26958 0.009724606 0.9998794 0.01211271 -0.1100858 -0.00734198 -0.01204156 0.9999005 -0.8705378
0.9999275 -0.009843051 0.006936733 36.06628 0.009756214 0.9998749 0.012443 -0.1111068 -0.007058343 -0.01237442 0.9998985 -0.8816675
0.9999155 -0.009506021 0.008872333 36.86345 0.009379819 0.9998556 0.01415897 -0.1118245 -0.009005648 -0.01407455 0.9998604 -0.9085062
0.9999383 -0.009036928 0.006457673 37.65197 0.008932568 0.999832 0.01601091 -0.1122728 -0.006601278 -0.01595224 0.999851 -0.9437484
0.9999389 -0.008893803 0.006561926 38.44545 0.008789502 0.9998372 0.01575601 -0.111409 -0.006700989 -0.01569737 0.9998543 -0.9656632
0.9999511 -0.009084162 0.003923793 39.23055 0.009024103 0.9998459 0.01506204 -0.1141706 -0.004060014 -0.0150259 0.9998789 -0.9929339
0.9999433 -0.009385488 0.005026928 40.00422 0.009314661 0.9998597 0.01393223 -0.115208 -0.005156983 -0.01388461 0.9998903 -1.020579
0.9999397 -0.009798088 0.004953902 40.77966 0.009731232 0.9998636 0.01334411 -0.1186023 -0.005083973 -0.0132951 0.9998987 -1.045133
0.9999341 -0.01011017 0.005427025 41.53735 0.01004371 0.9998758 0.01213623 -0.1128546 -0.005549051 -0.01208092 0.9999116 -1.061872
0.9999228 -0.01180884 0.00387649 42.29487 0.01176533 0.9998695 0.01106126 -0.09879617 -0.004006605 -0.0110148 0.9999313 -1.09055
0.9999051 -0.01310797 0.00423509 43.03384 0.01305893 0.9998496 0.01140726 -0.09783807 -0.004383979 -0.01135087 0.999926 -1.107283
0.9998871 -0.0147415 0.002910401 43.76862 0.01470157 0.9998035 0.01329685 -0.0912527 -0.003105845 -0.01325256 0.9999074 -1.141341
0.9998486 -0.01705056 0.003478004 44.48625 0.01699889 0.999752 0.01437842 -0.08703422 -0.003722302 -0.01431712 0.9998906 -1.160354
0.9997972 -0.02001647 0.002222126 45.19706 0.01998787 0.9997255 0.01222012 -0.0775498 -0.00246612 -0.01217323 0.9999229 -1.174861
0.9997339 -0.02302695 0.001375637 45.89954 0.02301073 0.9996766 0.0108299 -0.06402194 -0.001624572 -0.01079536 0.9999404 -1.204343
0.9996349 -0.02701727 0.0005133165 46.58736 0.02701024 0.999578 0.01069721 -0.03093252 -0.0008021093 -0.01067944 0.9999427 -1.212499
0.9995209 -0.03094441 0.0006348871 47.26575 0.03093362 0.9994377 0.01293354 -0.02416277 -0.001034751 -0.01290771 0.9999161 -1.252362
0.9993634 -0.0356573 0.001180697 47.93338 0.03563802 0.9992725 0.01357749 -0.0008644834 -0.001663974 -0.01352676 0.9999071 -1.266207
0.9991919 -0.0401545 -0.001773038 48.59135 0.04017338 0.9991165 0.01235168 0.02500069 0.001275496 -0.01241293 0.9999222 -1.284229
0.9989666 -0.04534617 -0.003067447 49.23851 0.04537265 0.9989277 0.009199915 0.05519569 0.002646977 -0.009329586 0.999953 -1.301957
0.9986762 -0.05129395 -0.003834304 49.89615 0.05131672 0.9986638 0.00609659 0.09117407 0.003516463 -0.006285284 0.9999741 -1.312818
0.9983227 -0.05774554 -0.00414727 50.50821 0.05776688 0.9983165 0.005223928 0.1220544 0.003838629 -0.00545474 0.9999778 -1.340047
0.9979091 -0.06438554 -0.005656649 51.12596 0.06441269 0.9979122 0.004755154 0.1593837 0.005338675 -0.005109572 0.9999727 -1.345166
0.9973068 -0.07296225 -0.007456725 51.72823 0.07301379 0.9973072 0.006891141 0.2076047 0.006933852 -0.007417025 0.9999484 -1.375913
0.9965326 -0.08274985 -0.008668598 52.32456 0.08282452 0.9965267 0.008641629 0.2680328 0.007923396 -0.009329638 0.9999251 -1.383648
0.995634 -0.09285218 -0.009567062 52.91223 0.09295449 0.9956111 0.0108704 0.3271526 0.008515731 -0.01171224 0.9998952 -1.403881
0.9945661 -0.1035817 -0.01044065 53.48539 0.1037151 0.9945199 0.01316845 0.3950793 0.00901942 -0.01417975 0.9998588 -1.420513
0.9934292 -0.1136575 -0.01342717 54.07144 0.1138448 0.9933983 0.01411691 0.467541 0.01173403 -0.01555277 0.9998102 -1.436033
0.99221 -0.1233091 -0.01772385 54.6512 0.1235684 0.9922321 0.01436183 0.5507256 0.01581523 -0.01644006 0.9997398 -1.461747
0.9910366 -0.1320907 -0.01996334 55.21701 0.1323907 0.991091 0.01453352 0.6283252 0.01786575 -0.01704621 0.9996951 -1.479342
0.9897066 -0.1408677 -0.0252408 55.78783 0.141333 0.9898039 0.01770195 0.7090383 0.02248981 -0.0210871 0.9995247 -1.521435
0.9882612 -0.150457 -0.02650455 56.35605 0.1509594 0.9883744 0.01809221 0.8069515 0.02347432 -0.02188094 0.999485 -1.509189
0.9865886 -0.1607496 -0.0283282 56.92456 0.1613414 0.9866959 0.01999914 0.9050483 0.02473647 -0.02430143 0.9993986 -1.538214
0.9848676 -0.1707349 -0.02975625 57.48276 0.1713004 0.9850618 0.01760043 1.008044 0.02630673 -0.02243135 0.9994022 -1.544017
0.983237 -0.1790103 -0.03464528 58.04521 0.1796066 0.9836254 0.0149149 1.110774 0.03140805 -0.02088741 0.9992884 -1.548723
0.9814147 -0.1884475 -0.03623221 58.59245 0.188909 0.9819462 0.009734401 1.213006 0.03374366 -0.01639807 0.999296 -1.565024
0.9795371 -0.197964 -0.0362936 59.12589 0.1983637 0.9800979 0.00773023 1.32947 0.03404097 -0.01477138 0.9993113 -1.588821
0.9775689 -0.207578 -0.03564246 59.65496 0.2079574 0.978111 0.007251004 1.449468 0.03335714 -0.01450047 0.9993383 -1.58346
0.9755722 -0.2168762 -0.0349813 60.17014 0.2173282 0.9760509 0.009635399 1.562291 0.03205385 -0.01700245 0.9993415 -1.641294
0.9736984 -0.22549 -0.03264361 60.69309 0.2259068 0.9741012 0.009649983 1.680792 0.02962221 -0.01677059 0.9994205 -1.635625
0.9713346 -0.2348923 -0.03653279 61.20365 0.2354027 0.9718432 0.01029936 1.807881 0.03308491 -0.01860404 0.9992794 -1.65568
0.968847 -0.2437326 -0.04393163 61.69688 0.2445187 0.9695516 0.01342628 1.944925 0.03932156 -0.02375012 0.9989443 -1.696182
0.9666933 -0.252288 -0.04306843 62.19249 0.2530983 0.9673327 0.01444171 2.082871 0.03801803 -0.02486125 0.9989678 -1.68091
0.9645987 -0.2599319 -0.04455049 62.67834 0.2607738 0.9652959 0.01416227 2.209078 0.03932318 -0.02527851 0.9989067 -1.700274
0.963315 -0.2646654 -0.04445672 63.15342 0.2655435 0.9639812 0.01506208 2.337118 0.03886903 -0.02631472 0.9988977 -1.724873
0.9620336 -0.2681812 -0.05069694 63.64212 0.2694151 0.962833 0.01918505 2.469316 0.04366761 -0.03211518 0.9985298 -1.740451
0.960972 -0.271491 -0.05315451 64.11465 0.2730081 0.9617224 0.02359455 2.601669 0.04471417 -0.03718532 0.9983075 -1.779065
0.9601878 -0.2746422 -0.0510987 64.6012 0.2761093 0.9608226 0.02415546 2.72916 0.04246268 -0.03730261 0.9984015 -1.756654
0.9590552 -0.2786357 -0.05074669 65.07875 0.280201 0.959568 0.02676641 2.870007 0.04123683 -0.03988975 0.9983528 -1.789209
0.9583428 -0.2813467 -0.04922489 65.5511 0.2828118 0.95883 0.02573943 3.002635 0.0399566 -0.03858858 0.998456 -1.812051
0.9572943 -0.2838985 -0.0546734 66.03063 0.2855335 0.9580504 0.02470226 3.151637 0.04536693 -0.03925842 0.9981987 -1.825615
0.9558146 -0.288652 -0.05566377 66.50986 0.2901275 0.956771 0.02037511 3.301144 0.04737617 -0.03562442 0.9982417 -1.843423
0.9540972 -0.294713 -0.05331901 66.97915 0.2959629 0.9550459 0.01712335 3.434512 0.04587564 -0.03211779 0.9984307 -1.860062
0.9520897 -0.301518 -0.0511085 67.43962 0.3026058 0.9529992 0.0148977 3.585219 0.04421444 -0.02964967 0.998582 -1.878359
0.9500397 -0.3079659 -0.05080955 67.90701 0.3091494 0.9508585 0.01716706 3.734947 0.04302583 -0.03201713 0.9985608 -1.908348
0.9469741 -0.3169093 -0.05299575 68.369 0.3182742 0.9477991 0.0194576 3.897961 0.04406303 -0.03529302 0.9984052 -1.923973
0.943471 -0.3274003 -0.05168667 68.82561 0.3288183 0.944146 0.02160817 4.063011 0.04172524 -0.0373822 0.9984295 -1.942012
0.9393558 -0.3393194 -0.04972962 69.29172 0.3406896 0.9399172 0.02205276 4.225635 0.03925879 -0.03765775 0.9985192 -1.928377
0.9344969 -0.3527297 -0.04792954 69.74737 0.3540722 0.9349369 0.02293764 4.413715 0.0367203 -0.03840567 0.9985873 -1.986805
0.9289412 -0.3667405 -0.05069132 70.21101 0.3681454 0.9295179 0.0215748 4.601207 0.03920614 -0.0387035 0.9984813 -1.976238
0.922559 -0.3822999 -0.05226656 70.6694 0.383689 0.9232587 0.01940165 4.815021 0.0408383 -0.03795327 0.9984447 -2.00013
0.9159575 -0.3978601 -0.05224251 71.12537 0.3990404 0.9168252 0.01408611 5.024351 0.04229294 -0.03374915 0.9985351 -2.009803
0.9090095 -0.4132971 -0.05373265 71.59119 0.4144489 0.9099946 0.01190791 5.242213 0.04397491 -0.03309384 0.9984844 -2.023286
0.9013494 -0.4299051 -0.05244796 72.04557 0.4310472 0.9022456 0.01228084 5.464796 0.04204136 -0.03367688 0.9985482 -2.040462
0.8929641 -0.4470921 -0.05219021 72.5047 0.4483024 0.8937762 0.01375125 5.702841 0.04049829 -0.03567637 0.9985425 -2.04773
0.8836038 -0.4655499 -0.05007653 72.95415 0.4667058 0.8843037 0.01388885 5.959418 0.0378169 -0.03564324 0.9986488 -2.067362
0.8736192 -0.4840949 -0.04941304 73.41198 0.4852644 0.8742467 0.01452647 6.229585 0.036167 -0.03666899 0.9986728 -2.086336
0.8631554 -0.5021279 -0.05320093 73.85324 0.5034671 0.8638872 0.01482031 6.500317 0.03851792 -0.03957715 0.9984738 -2.109647
0.852282 -0.5200362 -0.05637118 74.30518 0.5215719 0.8530557 0.01608065 6.792864 0.03972524 -0.04310688 0.9982803 -2.109417
0.8404539 -0.5389625 -0.05618463 74.76139 0.5404743 0.8412224 0.01524114 7.090686 0.03904937 -0.04317582 0.9983041 -2.109232
0.8285197 -0.5577189 -0.05004768 75.2151 0.5589498 0.8290812 0.01412042 7.40397 0.03361837 -0.03967319 0.998647 -2.12026
0.8159025 -0.5761979 -0.04794952 75.67188 0.5772882 0.8164532 0.01193222 7.721085 0.03227322 -0.03741622 0.9987785 -2.13682
0.8019884 -0.5954572 -0.04738515 76.1228 0.5964046 0.8026465 0.007762728 8.084412 0.03341115 -0.03448633 0.9988465 -2.158186
0.7868691 -0.6152207 -0.04837887 76.574 0.6160682 0.7876856 0.003402187 8.445432 0.03601424 -0.03248176 0.9988233 -2.154754
0.7711825 -0.6350295 -0.04488875 77.02206 0.6356328 0.7719908 -0.001069658 8.825107 0.03533296 -0.02770786 0.9989914 -2.157529
0.7548694 -0.6547011 -0.03922649 77.46352 0.655067 0.7555578 -0.004445543 9.21715 0.03254838 -0.02234018 0.9992204 -2.161058
0.7380316 -0.6737777 -0.03650958 77.91879 0.6739943 0.7386948 -0.007857544 9.631797 0.03226368 -0.01880814 0.9993024 -2.175913
0.7201864 -0.6929185 -0.03457803 78.36115 0.6929529 0.7208672 -0.01292477 10.07622 0.03388197 -0.01465271 0.9993184 -2.18372
0.7014927 -0.7117964 -0.03541219 78.79462 0.711743 0.702251 -0.01629876 10.54282 0.03646964 -0.01377092 0.9992399 -2.18353
0.6817671 -0.7306981 -0.03569042 79.21967 0.7306106 0.6825596 -0.01789887 11.02061 0.03743951 -0.01387294 0.9992026 -2.179276
0.6612914 -0.7492973 -0.03531673 79.6406 0.749137 0.662105 -0.02026348 11.5078 0.03856676 -0.01305701 0.9991707 -2.179756
0.6402882 -0.7674649 -0.03207173 80.04994 0.7672988 0.6409811 -0.01989548 12.01123 0.03582646 -0.01186975 0.9992875 -2.152265
0.6186671 -0.7850833 -0.02992078 80.45594 0.7849278 0.6192838 -0.01939126 12.5379 0.03375321 -0.01148892 0.9993641 -2.17352
0.5966123 -0.8019137 -0.03143571 80.84941 0.8017546 0.5972998 -0.02055684 13.08273 0.03526136 -0.01293926 0.9992943 -2.162627
0.5739343 -0.8182386 -0.0329399 81.21986 0.8180603 0.5747033 -0.02221147 13.64097 0.03710496 -0.0141989 0.9992105 -2.158266
0.5505504 -0.8341203 -0.03372695 81.58349 0.8339742 0.5513542 -0.02226453 14.21052 0.03716679 -0.01586966 0.9991831 -2.138255
0.5264961 -0.8495836 -0.03177567 81.93765 0.8493866 0.5272506 -0.02343554 14.7844 0.03666419 -0.0146511 0.9992203 -2.132453
0.5022773 -0.864266 -0.02760053 82.27451 0.8639596 0.5029141 -0.02551867 15.37628 0.03593562 -0.01102829 0.9992933 -2.130163
0.4782109 -0.8778775 -0.02540483 82.60118 0.8774886 0.4787995 -0.02765782 15.9719 0.036444 -0.009066178 0.9992946 -2.125496
0.4543605 -0.8905262 -0.02279499 82.9074 0.8899722 0.4548953 -0.03193318 16.58739 0.03880667 -0.005777723 0.99923 -2.113062
0.4292578 -0.9028693 -0.02376773 83.20139 0.9021884 0.429871 -0.03559576 17.22194 0.04235537 -0.006163213 0.9990836 -2.102703
0.4051151 -0.913946 -0.02417816 83.47137 0.9132126 0.4057759 -0.03726463 17.86316 0.04386877 -0.006983332 0.9990129 -2.093129
0.380721 -0.9244348 -0.02172073 83.73726 0.9236838 0.3812975 -0.03769083 18.51638 0.04312477 -0.005713398 0.9990534 -2.057798
0.3570469 -0.9339393 -0.01658 83.98459 0.9332544 0.3574215 -0.03585818 19.16418 0.03941541 -0.002670312 0.9992194 -2.062473
0.334553 -0.942203 -0.01810539 84.22421 0.9414828 0.3350106 -0.03712302 19.83886 0.04104292 -0.004626291 0.9991467 -2.040493
0.3134828 -0.9493803 -0.0201411 84.44223 0.948609 0.3140529 -0.03888125 20.52631 0.04323846 -0.006917432 0.9990408 -2.027092
0.2933938 -0.9557652 -0.02080401 84.66023 0.9548844 0.2940316 -0.04172723 21.22428 0.04599847 -0.007622914 0.9989125 -1.985756
0.2751195 -0.9612384 -0.01816329 84.86977 0.9602631 0.2756648 -0.04363147 21.94013 0.04694723 -0.005437667 0.9988826 -1.979541
0.2587758 -0.9657937 -0.01666189 85.08333 0.9647718 0.2592721 -0.04464574 22.66125 0.04743854 -0.004521694 0.9988639 -1.938247
0.242966 -0.9699014 -0.01608241 85.26764 0.9687968 0.2434599 -0.0464751 23.40812 0.0489917 -0.004288713 0.99879 -1.930931
0.2280523 -0.9734945 -0.01733862 85.44534 0.9723304 0.2286339 -0.0479609 24.16193 0.05065386 -0.005921278 0.9986987 -1.920049
0.2139936 -0.9767064 -0.01584728 85.61262 0.9754987 0.2145211 -0.048815 24.92097 0.05107751 -0.005012901 0.9986821 -1.869443
0.1998836 -0.9797124 -0.01449642 85.78216 0.9784877 0.2003613 -0.04916416 25.68982 0.05107126 -0.004357461 0.9986855 -1.851736
0.1870833 -0.9822665 -0.0123397 85.93403 0.981041 0.1874671 -0.04913887 26.47501 0.05058075 -0.002912696 0.9987157 -1.822819
0.1734265 -0.9847389 -0.01458188 86.0812 0.9834825 0.1739464 -0.05004837 27.26461 0.05182104 -0.005661309 0.9986404 -1.800734
0.1601569 -0.9869895 -0.01419453 86.20742 0.9858048 0.1606655 -0.048738 28.06086 0.05038446 -0.00618731 0.9987108 -1.781291
0.1462237 -0.9891261 -0.0157501 86.3337 0.9878806 0.1468403 -0.05029649 28.86002 0.05206233 -0.008204682 0.9986101 -1.721593
0.1322483 -0.9911347 -0.01274004 86.44147 0.9898669 0.1327276 -0.05046535 29.68568 0.05170891 -0.005936993 0.9986445 -1.717154
0.1193671 -0.9927359 -0.01506475 86.55779 0.9914261 0.1199946 -0.05172689 30.50711 0.05315883 -0.008761091 0.9985476 -1.690849
0.1076016 -0.9940648 -0.01603589 86.63159 0.9928454 0.1082816 -0.05033092 31.32941 0.05176859 -0.01050547 0.9986038 -1.631393
0.09626919 -0.9951944 -0.0178987 86.72605 0.9939149 0.0970813 -0.05204198 32.17421 0.05352951 -0.01277974 0.9984845 -1.613734
0.08662695 -0.9961069 -0.01633558 86.81419 0.9948801 0.08735383 -0.05082272 33.01759 0.05205183 -0.01184933 0.9985741 -1.579099
0.0775584 -0.9967868 -0.02001745 86.89597 0.9955782 0.07850051 -0.0515933 33.87247 0.05299889 -0.01592744 0.9984676 -1.536411
0.06916082 -0.9974626 -0.01688859 86.95227 0.9962386 0.06994224 -0.05115483 34.7417 0.05220625 -0.01328715 0.9985479 -1.513543
0.0599227 -0.9980186 -0.01918921 87.01717 0.9967766 0.06085348 -0.05228134 35.61507 0.05334548 -0.01599452 0.998448 -1.47903
0.05206752 -0.9984912 -0.01744566 87.06841 0.9971746 0.05293012 -0.05330228 36.49854 0.05414526 -0.01462105 0.998426 -1.443177
0.04464573 -0.9987921 -0.02052176 87.12341 0.9975778 0.04566944 -0.05246618 37.3872 0.05334002 -0.01812967 0.9984118 -1.407086
0.03864723 -0.999061 -0.0195805 87.16243 0.9978163 0.03963447 -0.05283564 38.28815 0.05356209 -0.0174958 0.9984112 -1.373664
0.03332055 -0.9992041 -0.0219321 87.21272 0.9980761 0.03441501 -0.05157163 39.17512 0.05228537 -0.02017152 0.9984285 -1.333075
0.03007108 -0.9993584 -0.01946198 87.25367 0.9981797 0.0310427 -0.05170833 40.10037 0.0522793 -0.01787163 0.9984726 -1.302546
0.02711934 -0.9994354 -0.01983349 87.29388 0.9983294 0.02809143 -0.05049153 41.01075 0.05102017 -0.01843105 0.9985275 -1.262876
0.02503592 -0.9994909 -0.01977586 87.32497 0.998419 0.02599502 -0.04983655 41.94256 0.05032526 -0.0184969 0.9985616 -1.237719
0.02373862 -0.9994926 -0.02124051 87.36943 0.9984941 0.02475536 -0.04895807 42.88415 0.04945904 -0.02004632 0.998575 -1.207412
0.02391464 -0.9994996 -0.02070701 87.41534 0.9984635 0.02491522 -0.04949568 43.82026 0.04998683 -0.01949153 0.9985597 -1.149159
0.0241738 -0.9995033 -0.02021288 87.44464 0.9984313 0.02515924 -0.0500185 44.77791 0.0505022 -0.01897204 0.9985437 -1.139538
0.02422404 -0.9995156 -0.01954196 87.47599 0.9983917 0.02518988 -0.05078906 45.74134 0.05125671 -0.01828021 0.9985182 -1.088505
0.02447277 -0.9995232 -0.01882445 87.50814 0.9984646 0.02537405 -0.04923793 46.70172 0.04969211 -0.01759057 0.9986097 -1.065608
0.02492058 -0.9994982 -0.0195524 87.54173 0.9984557 0.02585649 -0.04917037 47.67019 0.04965125 -0.01829685 0.998599 -1.021745
0.02608252 -0.9993982 -0.02286628 87.5836 0.9984298 0.02717793 -0.04898261 48.65989 0.04957459 -0.02155278 0.9985378 -0.9954343
0.02774304 -0.9993808 -0.02164177 87.62189 0.998329 0.0287987 -0.05009763 49.65204 0.05068986 -0.02021575 0.9985098 -0.9601904
0.02945662 -0.9993104 -0.0226082 87.66549 0.9982468 0.03057206 -0.05068388 50.64976 0.0513401 -0.02107558 0.9984588 -0.9286017
0.03122592 -0.9992772 -0.02168011 87.71024 0.9981471 0.03230917 -0.05156063 51.64495 0.05222383 -0.02002991 0.9984345 -0.8856966
0.03339785 -0.99917 -0.0233219 87.75147 0.9981006 0.03455257 -0.05100319 52.65522 0.05176669 -0.0215742 0.9984261 -0.8370824
0.03486568 -0.9991525 -0.02188184 87.80049 0.9979743 0.03597391 -0.05247116 53.67308 0.05321386 -0.02000807 0.9983827 -0.8128085
0.03633475 -0.9991257 -0.02067719 87.84949 0.9979299 0.03737426 -0.05233432 54.69975 0.05306136 -0.01873284 0.9984155 -0.763853
0.0374878 -0.9990903 -0.02033076 87.90635 0.9978988 0.03850353 -0.05211008 55.734 0.05284549 -0.01833455 0.9984344 -0.7232664
0.03848821 -0.9990796 -0.01893458 87.95971 0.9979877 0.03938794 -0.04969176 56.76566 0.05039182 -0.01698392 0.9985851 -0.6868334
0.03898001 -0.9990581 -0.01906559 88.01237 0.9980305 0.0398643 -0.0484354 57.81155 0.04914982 -0.01714002 0.9986444 -0.6476444
0.04011774 -0.9990454 -0.01728638 88.06059 0.9979642 0.04092073 -0.04891707 58.87485 0.04957774 -0.01528874 0.9986532 -0.6218725
0.04090929 -0.9990029 -0.01788103 88.12363 0.9978802 0.04175675 -0.04991505 59.93879 0.05061193 -0.01580114 0.9985934 -0.5653184
0.04145986 -0.9990111 -0.01605801 88.17651 0.9978538 0.0422163 -0.05005528 60.99905 0.05068369 -0.01394826 0.9986174 -0.5370263
0.04166085 -0.999005 -0.01591853 88.24043 0.9978695 0.04240346 -0.04958063 62.07814 0.05020629 -0.01381905 0.9986433 -0.5013716
0.04212898 -0.9989936 -0.01538768 88.29919 0.9978498 0.04284453 -0.04959781 63.16502 0.05020718 -0.0132651 0.9986507 -0.4573615
0.04202259 -0.9989718 -0.01701508 88.35582 0.9978972 0.04280639 -0.04867071 64.24126 0.04934902 -0.01493403 0.9986699 -0.4249454
0.04283839 -0.9989498 -0.01625538 88.42054 0.9978737 0.04358089 -0.04846555 65.32856 0.04912308 -0.01414463 0.9986926 -0.3888075
0.04269886 -0.9989374 -0.01734733 88.46795 0.9979151 0.04348338 -0.04769287 66.42196 0.04839651 -0.01527473 0.9987114 -0.34733
0.04283321 -0.9989308 -0.0173945 88.52689 0.9978935 0.04362488 -0.04801557 67.52873 0.04872306 -0.0153012 0.9986951 -0.3044201
0.04283977 -0.998924 -0.01776887 88.58708 0.9979287 0.04363799 -0.04726641 68.63341 0.04799094 -0.01570717 0.9987243 -0.2829742
0.0422042 -0.9989401 -0.0183688 88.64774 0.9978725 0.04305923 -0.04895356 69.74502 0.04969262 -0.01626368 0.9986321 -0.2340081
0.04015213 -0.9990154 -0.0188724 88.69793 0.9978842 0.04105902 -0.05041093 70.87479 0.05113618 -0.01680836 0.9985502 -0.1887172
0.03856361 -0.9990675 -0.01941653 88.749 0.9978517 0.03953207 -0.0522422 71.97763 0.05296107 -0.01736017 0.9984457 -0.1635816
0.03684229 -0.999097 -0.02115665 88.8008 0.9979813 0.03788042 -0.05097327 73.10606 0.05172867 -0.01923597 0.9984759 -0.1168791
0.03436804 -0.9991534 -0.02260855 88.85133 0.9981003 0.03547156 -0.05037179 74.21802 0.05113111 -0.02083443 0.9984746 -0.08366999
0.0321489 -0.9992208 -0.02289413 88.89746 0.998127 0.03328979 -0.05132615 75.32845 0.0520483 -0.02120116 0.9984195 -0.04628259
0.030321 -0.9992442 -0.02432383 88.94125 0.9980597 0.03159106 -0.05365346 76.43475 0.05438132 -0.02264981 0.9982633 0.005924823
0.02880335 -0.9993379 -0.02223181 88.98734 0.9980519 0.02998352 -0.05471228 77.55703 0.05534264 -0.0206126 0.9982547 0.03314419
0.02679914 -0.9993833 -0.02268904 89.02799 0.9981909 0.02797532 -0.05321864 78.65791 0.05382056 -0.02122179 0.9983251 0.08761084
0.02454633 -0.9994956 -0.02015099 89.06354 0.9983284 0.02556288 -0.05183679 79.77113 0.05232576 -0.0188449 0.9984522 0.1136538
0.02274281 -0.9995584 -0.01912154 89.1097 0.9983706 0.02370858 -0.05190393 80.87103 0.05233436 -0.01790994 0.998469 0.1678402
0.02091193 -0.9996353 -0.0170908 89.144 0.9984019 0.02177787 -0.05214794 81.97661 0.05250112 -0.01597297 0.9984931 0.1935707
0.01966184 -0.9996721 -0.01640443 89.18011 0.9984317 0.02049232 -0.05209853 83.07544 0.05241761 -0.01535435 0.9985072 0.2307316
0.01904213 -0.9996897 -0.01606245 89.21464 0.9984143 0.0198642 -0.05267293 84.16947 0.05297565 -0.01503398 0.9984826 0.2699088
0.01834589 -0.9997059 -0.01586235 89.24218 0.9983848 0.01917028 -0.05348229 85.2583 0.05377064 -0.01485554 0.9984428 0.3001992
0.01773506 -0.9997021 -0.01676896 89.27666 0.9984058 0.01860595 -0.05328891 86.35537 0.05358503 -0.01579715 0.9984383 0.3434809
0.01704997 -0.9996995 -0.01761041 89.3057 0.9984998 0.01794076 -0.05173258 87.44469 0.05203298 -0.01670195 0.9985057 0.3857483
0.01658422 -0.9997092 -0.01750722 89.33082 0.9985871 0.01744473 -0.05019531 88.54224 0.05048612 -0.01665003 0.9985859 0.4185744
0.01637954 -0.9996811 -0.01922301 89.36281 0.9986351 0.0173099 -0.04927726 89.6166 0.04959429 -0.01838963 0.9986001 0.4568878
0.0158295 -0.9996626 -0.02059312 89.39124 0.9985989 0.01684606 -0.05016335 90.71431 0.05049334 -0.01977021 0.9985287 0.4887708
0.01514542 -0.9996876 -0.01988258 89.42245 0.9986275 0.01612031 -0.04982943 91.80788 0.05013438 -0.01910061 0.9985598 0.5307703
0.01478344 -0.9997074 -0.01914745 89.44652 0.9985952 0.0157361 -0.05059754 92.90507 0.05088404 -0.01837255 0.9985356 0.5652602
0.01438862 -0.9997141 -0.01909836 89.4743 0.9985395 0.01536131 -0.05179703 93.99061 0.05207559 -0.01832518 0.998475 0.6007428
0.01378536 -0.9997445 -0.01791519 89.49908 0.9984913 0.01471603 -0.05289982 95.09822 0.05314994 -0.01715892 0.9984391 0.6527898
0.01285058 -0.9997677 -0.0173029 89.52628 0.9985642 0.01373124 -0.05177913 96.18122 0.05200469 -0.01661267 0.9985086 0.6786492
0.01204222 -0.9997668 -0.01792151 89.5453 0.9986513 0.01293004 -0.05028342 97.27473 0.05050343 -0.01729182 0.9985742 0.7199261
0.01195014 -0.9997762 -0.01746218 89.56949 0.9987531 0.0127809 -0.04825904 98.37746 0.04847142 -0.0168637 0.9986822 0.7554524
0.01111913 -0.9997772 -0.01793852 89.59737 0.9987235 0.01198769 -0.04906621 99.48453 0.04927032 -0.01737005 0.9986344 0.7926893
0.01057953 -0.999787 -0.01771926 89.61891 0.9986939 0.01145053 -0.04979495 100.5626 0.04998723 -0.01716931 0.9986023 0.8312872
0.009844899 -0.9997653 -0.01929815 89.63869 0.998678 0.01080418 -0.05025454 101.6788 0.05045125 -0.01877789 0.99855 0.8654448
0.008844793 -0.9997886 -0.0185608 89.66096 0.9987473 0.009746671 -0.04907884 102.7757 0.04924937 -0.01810347 0.9986224 0.8996852
0.008005679 -0.9997699 -0.01989738 89.67722 0.9987659 0.008969665 -0.04884764 103.8724 0.04901488 -0.01948176 0.9986081 0.9423332
0.00709182 -0.9997649 -0.02049362 89.69396 0.9987573 0.008092761 -0.04917664 104.9821 0.04933092 -0.0201194 0.9985798 0.9708888
0.005654693 -0.9997538 -0.02145569 89.70956 0.9987291 0.00672102 -0.04995038 106.0772 0.05008228 -0.02114596 0.9985212 1.010039
0.004092932 -0.9997966 -0.01974413 89.71995 0.9986761 0.005099058 -0.05118555 107.1876 0.05127582 -0.01950849 0.998494 1.05251
0.002721131 -0.9997862 -0.02049721 89.73799 0.9985446 0.003820658 -0.05379575 108.3057 0.05386256 -0.020321 0.9983416 1.09662
0.001117468 -0.9998354 -0.01811167 89.74889 0.9985203 0.002100348 -0.05434023 109.4131 0.05436932 -0.01802414 0.9983582 1.128753
-0.0006612539 -0.9998091 -0.0195284 89.76299 0.9986435 0.000356555 -0.05206755 110.5133 0.05206457 -0.01953634 0.9984526 1.17267
-0.002384186 -0.9997944 -0.02013367 89.76864 0.9987553 -0.001377583 -0.04985896 111.6332 0.04982098 -0.02022748 0.9985533 1.214722
-0.004108191 -0.9997559 -0.02170915 89.77261 0.9987617 -0.00302577 -0.04965711 112.7368 0.0495793 -0.02188627 0.9985304 1.253486
-0.005779624 -0.9997731 -0.02049858 89.77641 0.998652 -0.004713297 -0.05169157 113.8536 0.05158322 -0.02076971 0.9984527 1.283128
-0.006723642 -0.9997646 -0.02062908 89.79326 0.9986382 -0.005645871 -0.05186423 114.9638 0.05173555 -0.0209497 0.998441 1.33241
-0.007316947 -0.9997887 -0.01920993 89.8 0.9985935 -0.006296754 -0.05264337 116.0674 0.05251129 -0.0195681 0.9984286 1.362085
-0.008518577 -0.9998105 -0.01750275 89.80021 0.9986002 -0.007591844 -0.052346 117.1743 0.0522032 -0.01792416 0.9984756 1.407132
-0.009463549 -0.9997996 -0.01764106 89.80137 0.998575 -0.008522451 -0.05268167 118.2752 0.05252077 -0.01811448 0.9984555 1.444878
-0.01006949 -0.9998264 -0.01568274 89.8124 0.9986014 -0.009240627 -0.05205763 119.3786 0.05190367 -0.016185 0.9985209 1.476329
-0.01074791 -0.9998267 -0.0151949 89.81339 0.9985709 -0.009936392 -0.05251203 120.4747 0.05235196 -0.01573757 0.9985047 1.523118
-0.01099551 -0.9998514 -0.01327148 89.81882 0.9986107 -0.01029605 -0.05167747 121.5703 0.05153316 -0.01382127 0.9985756 1.5481
-0.01185012 -0.9998145 -0.0151883 89.81625 0.9985842 -0.01104516 -0.0520342 122.667 0.05185679 -0.01578341 0.9985298 1.604253
-0.01278973 -0.9998215 -0.01390681 89.80524 0.9986016 -0.01205802 -0.05147415 123.7527 0.05129727 -0.0145457 0.9985775 1.61162
-0.0137198 -0.9997804 -0.01583841 89.79494 0.998619 -0.01289719 -0.05092803 124.8391 0.05071258 -0.01651526 0.9985767 1.67189
-0.01499522 -0.9996657 -0.02106325 89.78422 0.9988038 -0.01399511 -0.04685172 125.9246 0.04654127 -0.0217406 0.9986798 1.669433
-0.0157243 -0.9996183 -0.02271871 89.7746 0.9988692 -0.0146848 -0.04521895 126.9982 0.04486807 -0.02340406 0.9987187 1.729896
-0.01705229 -0.999454 -0.02829722 89.75483 0.9988759 -0.01577699 -0.04469755 128.0732 0.04422671 -0.02902761 0.9985997 1.747866
-0.01776099 -0.9994144 -0.02924775 89.74681 0.9988917 -0.01646119 -0.04409632 129.1465 0.04358905 -0.02999853 0.9985991 1.772428
-0.01834869 -0.9993713 -0.03033595 89.74123 0.9988866 -0.01700419 -0.04400422 130.221 0.04346072 -0.0311096 0.9985707 1.825329
-0.01929057 -0.9993056 -0.03187774 89.72607 0.9987081 -0.01776016 -0.04761001 131.2776 0.0470108 -0.03275498 0.9983572 1.838804
-0.0197829 -0.999301 -0.0317225 89.72021 0.9985737 -0.01817465 -0.05020426 132.3455 0.04959262 -0.03267044 0.998235 1.875132
-0.02073658 -0.9992653 -0.0322348 89.70721 0.998475 -0.01904851 -0.05181617 133.3951 0.05116406 -0.03326012 0.9981363 1.918684
-0.02096498 -0.9992698 -0.03194336 89.69927 0.9985343 -0.01933348 -0.05055301 134.4509 0.04989852 -0.03295638 0.9982104 1.939162
-0.02107322 -0.9992862 -0.03135295 89.69918 0.9985216 -0.01946467 -0.05075206 135.5019 0.05010556 -0.03237611 0.998219 1.977975
-0.02108693 -0.999293 -0.03112723 89.68465 0.9983924 -0.01940906 -0.05325416 136.5697 0.05261236 -0.03220016 0.9980958 2.027655
-0.02113497 -0.9993187 -0.03025757 89.67107 0.9983425 -0.01947457 -0.05415761 137.5969 0.05353146 -0.03135204 0.9980739 2.050478
-0.02095461 -0.9993089 -0.0307017 89.66541 0.9983348 -0.01926368 -0.05437262 138.6472 0.05374362 -0.03178994 0.9980486 2.094821
-0.02102327 -0.9993796 -0.02825233 89.65423 0.9983686 -0.01948494 -0.05366827 139.6971 0.05308449 -0.02933452 0.9981591 2.1262
-0.0208118 -0.9994132 -0.02720607 89.65604 0.9984335 -0.01936233 -0.05249394 140.7263 0.05193637 -0.02825595 0.9982506 2.17364
-0.02061915 -0.9994355 -0.02652323 89.64282 0.9984763 -0.01922655 -0.05172577 141.7541 0.05118662 -0.02754935 0.9983091 2.199673
-0.02071297 -0.9994413 -0.02623133 89.63443 0.9985805 -0.01939321 -0.04960746 142.7758 0.04907103 -0.02722161 0.9984243 2.227825
-0.02104712 -0.9994385 -0.02606843 89.62006 0.998654 -0.01977998 -0.04794721 143.799 0.04740466 -0.02704249 0.9985096 2.258123
-0.02106237 -0.9994488 -0.02566257 89.61524 0.9987008 -0.01984131 -0.04693808 144.7993 0.04640302 -0.02661785 0.9985681 2.287119
-0.02079737 -0.9994072 -0.02743934 89.60076 0.9987298 -0.01950777 -0.04645654 145.8226 0.04589371 -0.02837066 0.9985434 2.323944
-0.02090967 -0.9994166 -0.0270017 89.59341 0.9986812 -0.01961243 -0.04744609 146.8172 0.04688884 -0.02795817 0.9985088 2.346297
-0.02090144 -0.9993914 -0.02792782 89.58005 0.9985963 -0.01950884 -0.04924224 147.8156 0.04866744 -0.02891785 0.9983963 2.3737
-0.02105021 -0.9993979 -0.02758043 89.56689 0.9985137 -0.01962864 -0.05084268 148.8211 0.0502707 -0.0286097 0.9983258 2.407902
-0.02103734 -0.9994411 -0.02597681 89.55576 0.998576 -0.01973087 -0.04956473 149.7981 0.04902449 -0.02698253 0.9984331 2.442051
-0.02068579 -0.9994436 -0.02616558 89.55269 0.9986046 -0.0193823 -0.04912572 150.7772 0.04859123 -0.02714527 0.9984498 2.468406
-0.02062607 -0.9994413 -0.02630204 89.54221 0.9986898 -0.01936388 -0.04736927 151.7457 0.04683349 -0.02724461 0.9985311 2.493698
-0.02037835 -0.9994531 -0.02604039 89.5386 0.9986436 -0.01909995 -0.04843748 152.7164 0.04791363 -0.02699215 0.9984867 2.526006
-0.01961493 -0.9994727 -0.02587723 89.52514 0.9985442 -0.01828277 -0.05074668 153.6691 0.05024681 -0.02683495 0.9983763 2.554297
-0.01892412 -0.9994793 -0.02613412 89.52373 0.9983737 -0.01748455 -0.05425961 154.6303 0.05377441 -0.02711844 0.9981848 2.58846
-0.01806414 -0.9995217 -0.02510278 89.51562 0.9983315 -0.01665395 -0.05528988 155.5685 0.05484537 -0.02605966 0.9981548 2.620631
-0.01723313 -0.999523 -0.02562944 89.51482 0.9983521 -0.01579839 -0.05516833 156.5075 0.05473711 -0.02653793 0.9981481 2.644228
-0.01631439 -0.9995695 -0.02438367 89.51114 0.998354 -0.01494384 -0.0553716 157.4321 0.05498338 -0.02524689 0.9981681 2.687901
-0.01536858 -0.9995734 -0.0248339 89.50941 0.9983411 -0.01396215 -0.0558556 158.3534 0.05548504 -0.02565113 0.99813 2.709432
-0.0144434 -0.9995942 -0.02455188 89.49732 0.9983516 -0.01305282 -0.05588916 159.249 0.05554601 -0.02531864 0.9981351 2.744857
-0.01345229 -0.999586 -0.02543218 89.50214 0.9983563 -0.01200986 -0.05604091 160.1368 0.05571227 -0.02614425 0.9981045 2.782017
-0.01254606 -0.999604 -0.02518911 89.49461 0.9984032 -0.01113534 -0.0553823 161.0024 0.05507988 -0.02584371 0.9981474 2.800649
-0.01173759 -0.9995741 -0.02671633 89.48972 0.9984721 -0.01027358 -0.05429395 161.8701 0.05399636 -0.02731279 0.9981675 2.838232
-0.01105821 -0.9995693 -0.0271818 89.49316 0.9985257 -0.009593844 -0.05342456 162.7056 0.05314078 -0.02773251 0.9982018 2.858667
-0.0103302 -0.9995626 -0.02771175 89.49353 0.9985577 -0.008851767 -0.05295328 163.5302 0.05268482 -0.0282188 0.9982124 2.894699
-0.01012754 -0.9995689 -0.02755518 89.48993 0.9985384 -0.008646309 -0.05335097 164.3448 0.05308972 -0.02805522 0.9981956 2.912963
-0.009051204 -0.9995792 -0.02755759 89.49486 0.99852 -0.007556736 -0.05385779 165.1361 0.05362688 -0.02800428 0.9981683 2.934757
-0.008254409 -0.99958 -0.02777947 89.4978 0.9984582 -0.006713808 -0.0551008 165.9251 0.05489115 -0.02819146 0.9980943 2.974831
-0.007611871 -0.9996083 -0.02693411 89.51108 0.9984966 -0.006135523 -0.05447041 166.6823 0.05428381 -0.02730823 0.9981521 2.982807
-0.007072449 -0.9996088 -0.0270614 89.50819 0.9984804 -0.005580187 -0.05482525 167.4427 0.0546528 -0.02740801 0.9981292 3.018551
-0.006536722 -0.9996271 -0.02651278 89.50562 0.9985167 -0.005091786 -0.05420642 168.1844 0.05405121 -0.02682778 0.9981777 3.03459
-0.006067753 -0.9996036 -0.027493 89.51378 0.998562 -0.004592359 -0.05341312 168.912 0.05326569 -0.02777756 0.998194 3.066268
-0.005781889 -0.9996185 -0.02701198 89.5135 0.9985777 -0.004339874 -0.05314066 169.6268 0.05300315 -0.02728082 0.9982216 3.083748
-0.005023122 -0.9996198 -0.02710943 89.51827 0.9986329 -0.003603935 -0.05214704 170.3182 0.05202952 -0.02733431 0.9982714 3.114591
-0.004625678 -0.9996249 -0.02699669 89.52454 0.9986374 -0.00321424 -0.05208902 171.009 0.0519827 -0.02720084 0.9982775 3.131764
-0.0039289 -0.9996462 -0.02630952 89.53934 0.9986311 -0.002549767 -0.05224363 171.6729 0.05215806 -0.02647876 0.9982877 3.145159
-0.003646493 -0.9996391 -0.02661304 89.53815 0.9986238 -0.002248049 -0.0523963 172.3271 0.05231757 -0.02676748 0.9982717 3.175973
-0.003100395 -0.9996195 -0.02740973 89.54556 0.9986115 -0.001653373 -0.05265403 172.9758 0.05258867 -0.02753492 0.9982366 3.190613
-0.002890229 -0.9996474 -0.02639706 89.54638 0.9985733 -0.001477599 -0.0533771 173.6076 0.05331927 -0.02651367 0.9982255 3.216033
