1.0 0.0 0.0 0.0 0.0 1.0 0.0 0.0 0.0 0.0 1.0 0.0
0.9999985 0.001697113 -0.0004358536 0.8402536 -0.001696888 0.9999985 0.0005160224 -0.02579211 0.0004367287 -0.000515282 0.9999998 -0.0142636
0.9999958 0.002868728 0.0004550896 1.344521 -0.002869098 0.9999956 0.0008144294 -0.03538617 -0.0004527512 -0.0008157316 0.9999996 -0.0227263
0.9999931 0.003680304 0.0005532181 1.843266 -0.003681126 0.999992 0.001491075 -0.04200706 -0.0005477261 -0.001493101 0.9999987 -0.04643844
0.9999892 0.004420687 -0.001453048 2.35159 -0.004418988 0.9999896 0.001169964 -0.03924777 0.001458205 -0.001163531 0.9999983 -0.04472632
0.9999882 0.004641043 -0.001441238 2.854407 -0.004640779 0.9999892 0.0001862579 -0.04517424 0.001442087 -0.0001795672 0.9999989 -0.06191593
0.9999843 0.004745695 -0.002993675 3.365294 -0.004749468 0.9999881 -0.00125436 -0.04901345 0.002987686 0.001268559 0.9999948 -0.06458996
0.99998 0.005713419 -0.002696035 3.885079 -0.005717816 0.9999824 -0.001625921 -0.05472919 0.002686698 0.001641304 0.9999951 -0.07369489
0.9999614 0.006235404 -0.006184864 4.394985 -0.006248371 0.9999783 -0.002079509 -0.0618872 0.006171763 0.002118075 0.9999787 -0.08210453
0.9999418 0.006930657 -0.008275272 4.919857 -0.006949439 0.9999734 -0.002243015 -0.06643847 0.008259507 0.002300393 0.9999632 -0.09357437
0.9999201 0.007291602 -0.0103219 5.440911 -0.007313505 0.9999712 -0.002085904 -0.07766288 0.01030639 0.002161226 0.9999446 -0.104303
0.9999129 0.007863185 -0.01059716 5.971629 -0.007894662 0.9999645 -0.002931824 -0.08296411 0.01057373 0.00301523 0.9999396 -0.1152353
0.9998989 0.008037226 -0.01172758 6.488621 -0.008075351 0.9999623 -0.003207091 -0.09045805 0.01170136 0.003301471 0.9999261 -0.1182309
0.9998705 0.00882545 -0.0134563 7.010167 -0.008874197 0.9999542 -0.00356726 -0.09527912 0.0134242 0.003686212 0.9999031 -0.1297982
0.999834 0.009706205 -0.0154204 7.536381 -0.00974437 0.9999497 -0.002401776 -0.1065592 0.01539631 0.002551639 0.9998782 -0.1288337
0.9997894 0.01055258 -0.01760205 8.073809 -0.01057797 0.9999431 -0.001350106 -0.1174193 0.0175868 0.001536016 0.9998441 -0.1469459
0.999824 0.01099927 -0.01519455 8.599609 -0.01098858 0.9999393 0.0007871082 -0.120971 0.01520228 -0.0006200032 0.9998842 -0.118436
0.999818 0.01146892 -0.01524592 9.12475 -0.01148461 0.9999335 -0.0009420601 -0.1376048 0.0152341 0.001116982 0.9998834 -0.1533106
0.9997969 0.01329905 -0.01513962 9.667863 -0.01334857 0.9999059 -0.003174949 -0.1486301 0.01509597 0.003376396 0.9998804 -0.1566542
0.9997931 0.01434551 -0.01442339 10.20554 -0.0144527 0.9998684 -0.007355323 -0.166271 0.01431598 0.007562258 0.9998689 -0.1245568
0.9998209 0.01527393 -0.01116784 10.73786 -0.0153755 0.9998406 -0.009066912 -0.1790127 0.01102757 0.009237 0.9998965 -0.1636907
0.999857 0.01653354 -0.003551497 11.25684 -0.01655011 0.9998522 -0.0046902 -0.202466 0.003473426 0.004748307 0.9999827 -0.1168071
0.9998387 0.0171726 -0.005264279 11.79121 -0.017166 0.9998518 0.001295361 -0.2172158 0.005285744 -0.001204786 0.9999853 -0.2080501
0.9998114 0.01818779 -0.006817507 12.31402 -0.01811208 0.9997755 0.01100632 -0.2271323 0.007016156 -0.01088077 0.9999162 -0.2300484
0.9997725 0.01805859 -0.01134813 12.84719 -0.01787703 0.9997137 0.01590199 -0.2322101 0.01163205 -0.0156955 0.9998091 -0.2103055
0.9997811 0.01834912 -0.01005238 13.37948 -0.01817151 0.9996818 0.01748391 -0.2561065 0.01036999 -0.01729741 0.9997966 -0.2376243
0.9998192 0.01843347 -0.004667126 13.91323 -0.01835117 0.9996853 0.01710203 -0.2779787 0.004980907 -0.01701329 0.9998429 -0.1901282
0.9998195 0.01876444 -0.002962644 14.43266 -0.01872727 0.9997513 0.01210975 -0.3008484 0.00318914 -0.01205208 0.9999223 -0.2814008
0.9997817 0.02048487 -0.004124791 14.95953 -0.02044049 0.9997357 0.01052823 -0.3094873 0.004339369 -0.01044161 0.999936 -0.2833165
0.999715 0.02277499 -0.007153465 15.48802 -0.02270553 0.9996957 0.009645896 -0.3200333 0.007370974 -0.009480724 0.9999279 -0.3119109
0.999617 0.02621696 -0.008856439 15.99523 -0.02609049 0.99956 0.01410525 -0.3387408 0.009222339 -0.01386878 0.9998613 -0.3376918
0.9995495 0.02884526 -0.008292288 16.51407 -0.02871083 0.9994613 0.0158978 -0.3633945 0.008746397 -0.01565256 0.9998392 -0.3127605
0.9994982 0.0311896 -0.005525699 17.03799 -0.03110415 0.9994045 0.01492726 -0.393682 0.005987985 -0.0147479 0.9998733 -0.3489044
0.9994501 0.03284137 -0.004559497 17.56101 -0.03278013 0.999379 0.01291287 -0.4154384 0.004980742 -0.01275631 0.9999062 -0.344223
0.9994062 0.0342883 -0.003390634 18.07558 -0.03424212 0.9993309 0.0128505 -0.4337399 0.003828988 -0.01272677 0.9999117 -0.3841642
0.9993425 0.03604588 -0.003910988 18.59267 -0.03599956 0.9992876 0.01133033 -0.4650022 0.004316614 -0.01118209 0.9999282 -0.3904707
0.9992458 0.03862536 -0.003979767 19.11033 -0.03858469 0.999207 0.009834724 -0.4917731 0.004356481 -0.009673748 0.9999437 -0.4138457
0.9991649 0.04053443 -0.005148225 19.63086 -0.04047557 0.9991193 0.01106535 -0.5139906 0.005592219 -0.01084773 0.9999256 -0.4424925
0.9990811 0.0424927 -0.00559236 20.14184 -0.04241606 0.9990132 0.01317468 -0.5392455 0.006146669 -0.01292537 0.9998976 -0.4447734
0.9990094 0.04408477 -0.006070106 20.6601 -0.04398922 0.9989184 0.01506518 -0.5694669 0.006727686 -0.01478323 0.9998681 -0.4628959
0.9989513 0.04562717 -0.003806314 21.17912 -0.04556488 0.9988471 0.01510164 -0.5992137 0.004490971 -0.01491237 0.9998787 -0.4659051
0.9989129 0.04645769 -0.003822099 21.68809 -0.04639152 0.9987972 0.01588421 -0.6269494 0.004555445 -0.01568963 0.9998665 -0.492454
0.998915 0.0464859 -0.002800233 22.20868 -0.0464387 0.9988077 0.01505533 -0.6563759 0.003496755 -0.01490895 0.9998828 -0.504208
0.9988948 0.04688504 -0.003332269 22.72938 -0.04683077 0.9987928 0.01483187 -0.6920099 0.004023639 -0.01465943 0.9998844 -0.5427511
0.9989442 0.04576661 -0.003982901 23.24447 -0.04570747 0.9988588 0.01385202 -0.7114006 0.004612316 -0.01365534 0.9998961 -0.5343776
0.999024 0.0441087 -0.002321749 23.75994 -0.04407381 0.9989386 0.01339131 -0.7376825 0.002909957 -0.01327591 0.9999076 -0.5639636
0.9991506 0.04114317 -0.002295566 24.28246 -0.04111343 0.9990852 0.01177061 -0.7602744 0.002777746 -0.01166623 0.9999281 -0.5726352
0.9993014 0.03736942 -0.0005043991 24.80337 -0.03736147 0.9992393 0.01117026 -0.7855793 0.0009214415 -0.01114361 0.9999375 -0.5959928
0.9994726 0.0324483 -0.001249486 25.31278 -0.0324312 0.9994034 0.01187986 -0.8060706 0.001634222 -0.01183308 0.9999287 -0.6171703
0.9996304 0.02710744 -0.002057812 25.81917 -0.02708027 0.9995583 0.01224786 -0.8068437 0.002388911 -0.01218761 0.9999229 -0.6239068
0.9997546 0.02191849 -0.003205858 26.32462 -0.02187742 0.9996847 0.01232921 -0.8183767 0.003475085 -0.01225605 0.9999189 -0.6555514
0.9998411 0.01688543 -0.005712251 26.82662 -0.01681384 0.9997823 0.01235741 -0.8295656 0.005919668 -0.0122594 0.9999073 -0.6668326
0.9999132 0.01183894 -0.005785596 27.3272 -0.01176569 0.9998522 0.01253544 -0.8293503 0.005933147 -0.01246628 0.9999047 -0.678055
0.9999598 0.006313731 -0.006373581 27.81894 -0.00623443 0.9999037 0.01238633 -0.8369752 0.006451172 -0.01234609 0.999903 -0.6815388
0.9999788 0.001037372 -0.006423619 28.31489 -0.0009693793 0.9999436 0.01057887 -0.8344324 0.00643423 -0.01057242 0.9999234 -0.7178127
0.9999529 -0.003336141 -0.009117019 28.79457 0.003420342 0.9999515 0.009235568 -0.8296284 0.009085766 -0.009266317 0.9999158 -0.7393491
0.9998956 -0.006780255 -0.01276038 29.27548 0.006873176 0.9999499 0.007252243 -0.821555 0.01271057 -0.007339191 0.9998923 -0.7571006
0.9998305 -0.01015748 -0.01535477 29.74658 0.01027047 0.9999206 0.007297196 -0.8114209 0.01527943 -0.00745366 0.9998555 -0.7599415
0.999804 -0.01325212 -0.01471305 30.20533 0.0133719 0.999878 0.008072672 -0.8187922 0.01460427 -0.008267831 0.9998592 -0.7333821
0.9998291 -0.01681322 -0.007696088 30.64859 0.01688436 0.9998144 0.009274892 -0.8249121 0.007538719 -0.00940325 0.9999273 -0.7383153
0.999787 -0.0198065 -0.005800491 31.08721 0.01986022 0.9997591 0.009355161 -0.8169036 0.0056138 -0.009468367 0.9999394 -0.7806743
0.9997083 -0.02232458 -0.009219152 31.52176 0.02238164 0.9997307 0.006133278 -0.8067684 0.009079746 -0.006337828 0.9999387 -0.8369926
0.9996296 -0.02540329 -0.009764377 31.94634 0.02547367 0.9996498 0.007152039 -0.7968872 0.009579273 -0.007398124 0.9999267 -0.803775
0.9995306 -0.02835045 -0.01160935 32.34385 0.02846592 0.9995458 0.009905549 -0.7805692 0.01132325 -0.01023137 0.9998835 -0.8481393
0.9994047 -0.03107369 -0.01499055 32.73896 0.03126872 0.999427 0.01295568 -0.7706249 0.01457938 -0.01341671 0.9998037 -0.8556267
0.9992973 -0.03501782 -0.01336945 33.1278 0.03522393 0.9992592 0.0155053 -0.7573821 0.01281658 -0.01596533 0.9997904 -0.829519
0.9991693 -0.04000053 -0.007779368 33.5027 0.0401191 0.999071 0.01573491 -0.7478052 0.007142736 -0.01603394 0.9998459 -0.8563624
0.9989876 -0.04481385 -0.003950594 33.86018 0.0448809 0.9988128 0.01893854 -0.7412797 0.003097196 -0.01909667 0.9998128 -0.8680754
0.9987375 -0.05020166 -0.001774917 34.21517 0.0502289 0.9984846 0.02247809 -0.7210224 0.0006437901 -0.02253886 0.9997458 -0.8785663
0.998392 -0.05653308 -0.004162284 34.5601 0.05661409 0.998132 0.02296281 -0.6931705 0.00285635 -0.02316153 0.9997277 -0.9196705
0.9980382 -0.06239494 -0.005155317 34.8819 0.062488 0.9978359 0.0204647 -0.6705021 0.003867266 -0.0207467 0.9997773 -0.9130747
0.997737 -0.06695397 -0.006169039 35.19851 0.06705429 0.9975903 0.01781734 -0.6482114 0.004961232 -0.01819068 0.9998222 -0.9420202
0.9974368 -0.0712739 -0.006309425 35.51129 0.0713684 0.997317 0.0162951 -0.6241907 0.005131081 -0.01670363 0.9998473 -0.9381602
0.9970577 -0.07637528 -0.006534804 35.80694 0.07646646 0.9969581 0.01507605 -0.5995837 0.005363489 -0.01553138 0.999865 -0.9612904
0.9966796 -0.08121116 -0.005875358 36.09483 0.08129004 0.9965814 0.01473722 -0.579249 0.004658447 -0.0151659 0.9998741 -0.9575782
0.9962969 -0.08585183 -0.004683566 36.37428 0.0859098 0.996204 0.01403114 -0.5563895 0.003461188 -0.01438155 0.9998906 -0.9750957
0.995909 -0.09026051 -0.004281034 36.64841 0.09030987 0.9958256 0.01323894 -0.52948 0.00306821 -0.0135714 0.9999032 -0.9805697
0.9954814 -0.09487634 -0.003912174 36.92212 0.09491978 0.9953996 0.01303499 -0.5025197 0.002657464 -0.01334743 0.9999074 -0.9983503
0.9950456 -0.09929395 -0.004993384 37.17281 0.09935365 0.994959 0.01361983 -0.4747199 0.003615845 -0.01404847 0.9998948 -1.013429
0.9946583 -0.103036 -0.00620253 37.42059 0.1031202 0.9945517 0.01527121 -0.4421667 0.004595252 -0.01582924 0.9998642 -1.021525
0.9942835 -0.1064724 -0.007999909 37.66806 0.1065865 0.9941822 0.01552896 -0.4197292 0.006299962 -0.01629287 0.9998474 -1.03342
0.9939989 -0.1090481 -0.008635541 37.90773 0.109178 0.9938875 0.01636978 -0.3962214 0.006797663 -0.01721436 0.9998287 -1.033001
0.9937534 -0.111283 -0.008381128 38.14865 0.1114097 0.9936363 0.01657525 -0.3632135 0.006483249 -0.01740545 0.9998275 -1.036489
0.9935132 -0.1135172 -0.00674447 38.38157 0.1136194 0.993371 0.01745061 -0.3451827 0.004718818 -0.01810371 0.999825 -1.054216
0.9932705 -0.1156035 -0.007045309 38.62001 0.1157127 0.9931227 0.01783171 -0.3181074 0.004935449 -0.01852694 0.9998162 -1.06279
0.9930702 -0.117305 -0.007153628 38.8434 0.1174158 0.9929236 0.01778874 -0.2939742 0.005016298 -0.01850541 0.9998162 -1.065156
0.9928864 -0.1187976 -0.007977056 39.06189 0.1189244 0.9927412 0.01793875 -0.2650953 0.005788072 -0.01875981 0.9998072 -1.078682
0.9928347 -0.1192324 -0.007932803 39.27308 0.1193598 0.9926842 0.01820445 -0.240788 0.005704206 -0.01902087 0.9998028 -1.082106
0.9929188 -0.1185056 -0.008279004 39.494 0.1186388 0.9927733 0.01805504 -0.223172 0.006079551 -0.0189094 0.9998027 -1.092274
0.9930414 -0.1174137 -0.009097104 39.69788 0.1175576 0.9929147 0.01734498 -0.2059205 0.006996109 -0.01829371 0.9998082 -1.10082
0.9932714 -0.1153203 -0.01064258 39.90835 0.1154932 0.993156 0.01738769 -0.1829468 0.008564586 -0.01849984 0.9997922 -1.12104
0.9935707 -0.1125966 -0.01179803 40.10724 0.1127899 0.993469 0.01725636 -0.1630625 0.009777968 -0.01847611 0.9997815 -1.116271
0.9939501 -0.1092761 -0.01104392 40.31433 0.1094543 0.9938451 0.01707607 -0.1457716 0.009109938 -0.01818156 0.9997932 -1.120856
0.9943826 -0.105464 -0.008981585 40.5095 0.1056027 0.9942683 0.01669596 -0.1404352 0.007169281 -0.01755065 0.9998203 -1.123441
0.9948167 -0.1014252 -0.007265917 40.70448 0.1015334 0.9946951 0.01651571 -0.1240159 0.005552263 -0.01716783 0.9998372 -1.129715
0.9952105 -0.09756111 -0.006155995 40.90771 0.09765019 0.9950861 0.01637194 -0.1132468 0.00452848 -0.01689467 0.999847 -1.152416
0.9955854 -0.09362347 -0.006653127 41.09958 0.09372229 0.9954611 0.01654017 -0.09666486 0.00507438 -0.0170907 0.9998411 -1.161246
0.9959916 -0.08915913 -0.007170023 41.28898 0.08927013 0.9958618 0.01703337 -0.0801507 0.005621671 -0.01760517 0.9998292 -1.163576
0.99643 -0.08411338 -0.00723053 41.47868 0.08423158 0.9962838 0.01798848 -0.06872554 0.005690588 -0.0185333 0.9998121 -1.168315
0.9968983 -0.07839064 -0.00697504 41.66874 0.07851027 0.9967332 0.01895314 -0.07054523 0.005466505 -0.01944196 0.999796 -1.173749
0.9973351 -0.07266095 -0.006567965 41.85973 0.07277635 0.9971582 0.01948015 -0.06533813 0.005133853 -0.01990623 0.9997886 -1.18072
0.9977773 -0.06642518 -0.005298122 42.05163 0.06651723 0.9975915 0.01966398 -0.0609864 0.003979178 -0.01997269 0.9997926 -1.186818
0.9981952 -0.05987193 -0.004648577 42.25173 0.0599536 0.9979998 0.02005391 -0.05705335 0.003438612 -0.02029642 0.9997881 -1.191444
0.9985882 -0.05299965 -0.003554355 42.45114 0.05306012 0.9983929 0.01989978 -0.04979031 0.002493962 -0.02006028 0.9997957 -1.201925
0.9989249 -0.04622328 -0.003544713 42.6598 0.04628451 0.9987328 0.019761 -0.05089028 0.002626803 -0.01990382 0.9997985 -1.2084
0.9992098 -0.03969963 -0.00192986 42.87211 0.03973046 0.9990081 0.02011556 -0.052175 0.001129366 -0.02017633 0.9997958 -1.210784
0.9994576 -0.03292358 -0.0007090329 43.07837 0.0329312 0.9992459 0.02057186 -0.06353213 3.119875e-05 -0.02058405 0.9997881 -1.223259
0.9996567 -0.02617674 0.001163822 43.29779 0.02614699 0.9994429 0.0207437 -0.06288464 -0.001706176 -0.02070615 0.9997842 -1.22269
0.9997957 -0.02004078 0.002610056 43.52655 0.01998271 0.9995872 0.02064302 -0.07585537 -0.003022681 -0.02058665 0.9997835 -1.235207
0.9998826 -0.01484722 0.003774967 43.76051 0.0147674 0.9996837 0.02036065 -0.07478171 -0.004076072 -0.02030251 0.9997856 -1.246727
0.9999308 -0.01078781 0.004688179 43.98908 0.01069054 0.9997369 0.02030055 -0.07659584 -0.004905944 -0.02024902 0.9997829 -1.256079
0.9999613 -0.007297743 0.004912828 44.22458 0.007199417 0.9997792 0.01974265 -0.07731894 -0.005055819 -0.01970652 0.9997931 -1.272474
0.9999743 -0.00477534 0.005345752 44.4594 0.004669424 0.9997959 0.01965325 -0.07811882 -0.005438511 -0.01962778 0.9997926 -1.277994
0.9999772 -0.002916684 0.006085558 44.68849 0.002798618 0.9998094 0.01932009 -0.08224231 -0.006140749 -0.01930261 0.9997948 -1.286735
0.999976 -0.001466337 0.006773845 44.9185 0.001333034 0.999806 0.01964178 -0.07478756 -0.006801334 -0.01963228 0.9997841 -1.29556
0.9999762 -0.0007691585 0.006854787 45.14669 0.0006339739 0.9998057 0.0197016 -0.08225194 -0.006868609 -0.01969679 0.9997824 -1.302878
0.9999745 -0.0001353288 0.007135711 45.3644 -9.365292e-06 0.9997945 0.02027352 -0.0836657 -0.007136988 -0.02027307 0.999769 -1.30658
0.9999731 0.001195243 0.007233333 45.58025 -0.001346275 0.9997805 0.0209112 -0.08498907 -0.007206751 -0.02092038 0.9997551 -1.319577
0.999966 0.003335625 0.007540596 45.79566 -0.003496824 0.9997635 0.02146633 -0.08683989 -0.007467209 -0.02149196 0.9997411 -1.327595
0.9999621 0.00555719 0.006700217 46.01231 -0.00570205 0.9997462 0.02179847 -0.09093531 -0.006577377 -0.02183585 0.9997399 -1.337428
0.9999431 0.00791138 0.007151594 46.22175 -0.008068325 0.9997212 0.02218964 -0.1033903 -0.00697405 -0.02224608 0.9997282 -1.341259
0.9999126 0.01109578 0.00718575 46.4228 -0.01125567 0.9996811 0.02260612 -0.1104032 -0.006932626 -0.02268502 0.9997186 -1.348672
0.9998581 0.01487337 0.007909872 46.63411 -0.01504516 0.9996421 0.02212102 -0.1197605 -0.007578026 -0.02223688 0.999724 -1.359481
0.9997894 0.01906912 0.007581368 46.83722 -0.01923127 0.9995747 0.02192366 -0.1382856 -0.007160078 -0.02206484 0.9997309 -1.364593
0.9996978 0.02328616 0.007878393 47.04292 -0.02344868 0.9995 0.02120777 -0.1375485 -0.007380607 -0.0213861 0.9997441 -1.375797
0.9995775 0.02780142 0.008473543 47.24061 -0.02797407 0.9993883 0.02098772 -0.1586047 -0.00788487 -0.0212159 0.9997438 -1.381674
0.9994241 0.03274806 0.00888955 47.43616 -0.0329286 0.9992374 0.02098544 -0.1764338 -0.008195538 -0.02126607 0.9997402 -1.389802
0.9992471 0.03766453 0.009309866 47.62317 -0.03785352 0.9990618 0.02103355 -0.1916118 -0.008508914 -0.02137012 0.9997354 -1.399792
0.9990248 0.04312376 0.009472017 47.81828 -0.04331594 0.9988383 0.02111832 -0.210567 -0.008550311 -0.02150802 0.9997321 -1.406263
0.998807 0.04780884 0.009941681 48.00972 -0.04801249 0.9986182 0.02136826 -0.2189895 -0.008906352 -0.02182009 0.9997222 -1.41481
0.9985203 0.05331666 0.01070542 48.1945 -0.05353785 0.9983329 0.02156425 -0.2408544 -0.00953784 -0.02210548 0.9997101 -1.422954
0.998193 0.05896971 0.01154577 48.37875 -0.05920626 0.9980174 0.02134711 -0.2627442 -0.01026404 -0.02199212 0.9997054 -1.428267
0.9978182 0.06486343 0.01231515 48.55935 -0.06512365 0.9976335 0.02205667 -0.2869665 -0.01085534 -0.02281055 0.9996809 -1.440599
0.9974355 0.07052711 0.01217849 48.74109 -0.07078121 0.9972521 0.02187283 -0.3036711 -0.01060239 -0.02267874 0.9996866 -1.450345
0.9970018 0.07645421 0.01191891 48.92002 -0.07669688 0.9968239 0.0214398 -0.3203391 -0.01024189 -0.02228966 0.9996991 -1.455459
0.9965333 0.08229831 0.01218103 49.0855 -0.08254726 0.9963534 0.02158233 -0.3435943 -0.01036042 -0.02251302 0.9996929 -1.455662
0.9960087 0.08838764 0.01242207 49.25917 -0.08864531 0.9958203 0.02200086 -0.3698855 -0.01042554 -0.02301421 0.9996808 -1.465405
0.9953872 0.09510187 0.01264969 49.42422 -0.09537054 0.9951836 0.02267126 -0.3918772 -0.01043268 -0.02377309 0.9996629 -1.475868
0.9946478 0.1026546 0.01173877 49.58241 -0.1029047 0.9944212 0.02317409 -0.4151872 -0.009294352 -0.02425804 0.9996625 -1.482324
0.9936763 0.1116631 0.01177819 49.73616 -0.1119115 0.9934497 0.0231051 -0.4409755 -0.009121048 -0.02427711 0.9996637 -1.490305
0.9924113 0.1225105 0.01054094 49.88654 -0.1227323 0.9921521 0.02389768 -0.4803258 -0.007530504 -0.02501004 0.9996588 -1.489263
0.9908465 0.1344543 0.012049 50.04529 -0.1347089 0.9906027 0.0236599 -0.5111629 -0.008754598 -0.02506644 0.9996474 -1.491124
0.9891381 0.1463268 0.01394036 50.18995 -0.146631 0.9888971 0.02411451 -0.5531164 -0.01025698 -0.02589667 0.999612 -1.497868
0.9871306 0.1591585 0.01555008 50.34138 -0.1594966 0.9869146 0.0236745 -0.598563 -0.0115786 -0.02585001 0.9995988 -1.505875
0.9848357 0.1726844 0.01669818 50.49517 -0.1730511 0.9846249 0.02381041 -0.6419486 -0.01232976 -0.02633898 0.999577 -1.516199
0.9824958 0.185453 0.01758563 50.65272 -0.1858403 0.9822922 0.02378354 -0.6936059 -0.0128635 -0.02663534 0.9995624 -1.516995
0.9798662 0.1987114 0.01939056 50.80684 -0.1991515 0.9796681 0.02426917 -0.7310063 -0.01417375 -0.0276422 0.9995174 -1.519864
0.9769784 0.2123853 0.02013916 50.96529 -0.2128503 0.9767716 0.0247406 -0.782954 -0.01441681 -0.02845766 0.999491 -1.528992
0.9738206 0.2262029 0.02248681 51.10877 -0.226733 0.9736426 0.02474623 -0.8384698 -0.01629645 -0.02919689 0.9994408 -1.541309
0.9703634 0.2406296 0.02218862 51.27102 -0.2411564 0.9701569 0.02527737 -0.8894475 -0.01544396 -0.02987917 0.9994342 -1.54671
0.9666149 0.2552439 0.02249982 51.44194 -0.2557794 0.9664005 0.02543864 -0.9543461 -0.01525078 -0.03034436 0.9994231 -1.551659
0.9625219 0.2702985 0.02214108 51.61632 -0.2708253 0.9622821 0.02582687 -1.016782 -0.014325 -0.03085529 0.9994212 -1.56011
0.9579167 0.2860405 0.02400716 51.79105 -0.2866113 0.9577165 0.02515935 -1.091961 -0.01579546 -0.03098129 0.9993951 -1.562697
0.9527254 0.3027766 0.02531311 51.98259 -0.3033796 0.9525458 0.02484374 -1.17438 -0.01658979 -0.03134875 0.9993708 -1.565473
0.9468419 0.3206496 0.02596681 52.18273 -0.3212359 0.9467238 0.0228396 -1.26855 -0.01725988 -0.02996696 0.9994019 -1.580334
0.9408055 0.3379733 0.02567212 52.40421 -0.3385058 0.9407449 0.02031535 -1.370471 -0.01728487 -0.02780296 0.999464 -1.582852
0.9341694 0.3559091 0.02561909 52.61559 -0.3563991 0.9341606 0.01799012 -1.459929 -0.0175295 -0.02593644 0.9995099 -1.59731
0.9267843 0.3746394 0.02676145 52.82895 -0.3751297 0.9268278 0.01636839 -1.566148 -0.01867101 -0.02520898 0.9995078 -1.601041
0.9186973 0.3940214 0.02724824 53.03083 -0.3944934 0.9187813 0.01470108 -1.690583 -0.01924263 -0.0242551 0.9995206 -1.602938
0.9092193 0.4153869 0.0278194 53.233 -0.4158122 0.9093772 0.01154151 -1.820073 -0.02050414 -0.02206141 0.9995463 -1.620142
0.8982122 0.4386961 0.02757932 53.43531 -0.4390856 0.8983914 0.009834896 -1.944482 -0.02046249 -0.0209435 0.9995713 -1.62466
0.8854871 0.4638056 0.02823059 53.61977 -0.464165 0.885717 0.007496907 -2.083254 -0.02152721 -0.01974207 0.9995733 -1.6327
0.871119 0.4901063 0.03078061 53.80789 -0.4904719 0.8714414 0.005214563 -2.232911 -0.02426781 -0.01963953 0.9995126 -1.629847
0.8549296 0.5176395 0.03383272 53.99065 -0.5180129 0.8553684 0.00271888 -2.387987 -0.02753204 -0.01985024 0.9994238 -1.640206
0.8374044 0.5455127 0.03420185 54.16016 -0.5458486 0.8378836 0.0005800026 -2.527635 -0.02834077 -0.01915473 0.9994148 -1.649117
0.818252 0.5739283 0.03271073 54.31624 -0.5742257 0.818697 -0.0003668917 -2.670723 -0.02699074 -0.01848313 0.9994648 -1.669836
0.7967185 0.6035665 0.03077628 54.45259 -0.6038203 0.7971194 -0.001293907 -2.817875 -0.02531333 -0.01755246 0.9995255 -1.657556
0.7733859 0.6330948 0.03263843 54.57298 -0.6333516 0.7738581 -0.003074566 -2.962258 -0.02720401 -0.01829378 0.9994625 -1.658172
0.7487649 0.6618825 0.03553331 54.68655 -0.6621536 0.7493503 -0.005190262 -3.127309 -0.03006224 -0.01964222 0.999355 -1.665214
0.7201211 0.6928334 0.03751775 54.80676 -0.6931521 0.7207679 -0.005823893 -3.269376 -0.03107658 -0.0218116 0.999279 -1.652079
0.6911473 0.7216679 0.03886983 54.88453 -0.721971 0.6918756 -0.008131925 -3.437409 -0.03276163 -0.02244253 0.9992112 -1.660149
0.6598594 0.7503954 0.03862918 54.96087 -0.7506064 0.6606462 -0.01168228 -3.583865 -0.03428655 -0.02128664 0.9991853 -1.667853
0.6260508 0.7787532 0.040047 55.04932 -0.7789337 0.6269395 -0.01446118 -3.736449 -0.03636874 -0.02214052 0.9990931 -1.663818
0.5921421 0.8046225 0.04416284 55.11091 -0.8048624 0.5932293 -0.01659386 -3.89395 -0.03955049 -0.02571908 0.9988865 -1.651081
0.5591774 0.8277108 0.04706938 55.17006 -0.8279867 0.5604328 -0.01879688 -4.052627 -0.0419376 -0.02846203 0.9987147 -1.654967
0.5233662 0.8507596 0.04791681 55.22919 -0.8509834 0.5247365 -0.02188286 -4.218154 -0.04376075 -0.02932366 0.9986116 -1.657345
0.4886556 0.8711856 0.04744874 55.28562 -0.8713176 0.4900866 -0.02491605 -4.384928 -0.0449605 -0.02916756 0.9985629 -1.657094
0.4525243 0.8905294 0.04668158 55.33478 -0.8905749 0.4539962 -0.027637 -4.539396 -0.04580481 -0.02906703 0.9985274 -1.658432
0.4162923 0.9081123 0.04508558 55.36739 -0.9080114 0.4177899 -0.03109551 -4.700353 -0.04707451 -0.0279934 0.998499 -1.651017
0.378933 0.9243609 0.04434775 55.37684 -0.9241692 0.3804791 -0.03386523 -4.856409 -0.04817709 -0.02815218 0.998442 -1.646016
0.3405604 0.9391905 0.04404404 55.40324 -0.938866 0.3422114 -0.03771055 -5.016058 -0.05048975 -0.02850873 0.9983176 -1.646855
0.3014036 0.9525151 0.04325342 55.41557 -0.9521019 0.3031055 -0.04036107 -5.191853 -0.05155488 -0.02901669 0.9982485 -1.642896
0.2617615 0.9641806 0.04285571 55.41627 -0.9636773 0.2635466 -0.04323517 -5.365094 -0.05298099 -0.02998177 0.9981453 -1.629817
0.2218382 0.9741417 0.04284627 55.41323 -0.973525 0.2237531 -0.0467292 -5.52379 -0.05510784 -0.0313456 0.9979883 -1.622978
0.1824478 0.9822773 0.04294274 55.39547 -0.9815034 0.1845326 -0.0509784 -5.694566 -0.05799926 -0.03284755 0.9977761 -1.614635
0.1426136 0.9888579 0.04267664 55.38548 -0.9879619 0.1448305 -0.05436237 -5.865024 -0.05993754 -0.03441009 0.9976088 -1.605295
0.1028813 0.9938569 0.04079035 55.36259 -0.9928167 0.1051186 -0.0571404 -6.022151 -0.06107721 -0.03461867 0.9975325 -1.608832
0.06298333 0.9972549 0.03893168 55.34617 -0.9961184 0.06521928 -0.05911555 -6.198541 -0.06149238 -0.03505727 0.9974917 -1.598082
0.02419966 0.999064 0.03585579 55.31467 -0.9978384 0.02633095 -0.06021071 -6.354701 -0.06109847 -0.0343212 0.9975415 -1.588402
-0.01390123 0.9993443 0.03343135 55.28117 -0.9980522 -0.0118342 -0.06125039 -6.507167 -0.0608146 -0.03421769 0.9975624 -1.580783
-0.05100024 0.998158 0.03285472 55.24349 -0.9968786 -0.04889464 -0.06198652 -6.660157 -0.06026593 -0.0359135 0.9975361 -1.564443
-0.08803546 0.9955683 0.03307094 55.1874 -0.9943577 -0.08585894 -0.06229811 -6.814015 -0.05918258 -0.03836878 0.9975095 -1.562006
-0.1243528 0.9917336 0.0316361 55.13405 -0.9905052 -0.122189 -0.06300284 -6.962063 -0.05861644 -0.03917031 0.9975118 -1.553517
-0.1601901 0.9866483 0.02940382 55.07747 -0.9852965 -0.1580355 -0.06492738 -7.10093 -0.05941363 -0.03937219 0.9974567 -1.543436
-0.1930319 0.9808391 0.02632883 55.02863 -0.9792785 -0.1909109 -0.06757651 -7.246985 -0.06125522 -0.03882768 0.9973667 -1.53856
-0.2265979 0.9736983 0.02377122 54.96906 -0.9720187 -0.2245209 -0.06906596 -7.378142 -0.06191227 -0.03875627 0.9973288 -1.526226
-0.25836 0.9658148 0.02125637 54.90478 -0.9640288 -0.2563353 -0.07029024 -7.513977 -0.06243859 -0.03865194 0.9973001 -1.523487
-0.28942 0.957016 0.01887753 54.83615 -0.955142 -0.2874477 -0.07125656 -7.633822 -0.06276736 -0.03865379 0.9972793 -1.509002
-0.3195188 0.9474245 0.01715925 54.76452 -0.9455331 -0.3175868 -0.07145441 -7.75476 -0.06224811 -0.03905568 0.9972963 -1.501651
-0.3491614 0.936934 0.01552528 54.69168 -0.9350471 -0.3472766 -0.07131459 -7.865613 -0.0614255 -0.03941717 0.997333 -1.496565
-0.3786634 0.9254358 0.01351205 54.61733 -0.9235973 -0.3768865 -0.0701749 -7.970019 -0.05984987 -0.03905236 0.9974432 -1.492476
-0.4070368 0.9133387 0.01155207 54.53842 -0.9115673 -0.4053791 -0.06864914 -8.081041 -0.05801695 -0.03847322 0.997574 -1.485098
-0.43512 0.9003277 0.00897708 54.45871 -0.8985304 -0.4335707 -0.06826055 -8.185594 -0.05756467 -0.03776771 0.9976271 -1.477117
-0.4623612 0.886663 0.007135626 54.36645 -0.884926 -0.4609179 -0.06678788 -8.28804 -0.0559294 -0.03719462 0.9977417 -1.469495
-0.4900409 0.8716793 0.005933648 54.28642 -0.8699937 -0.4886449 -0.06585667 -8.385122 -0.05450644 -0.0374347 0.9978114 -1.463354
-0.5173434 0.8557603 0.005469637 54.1979 -0.8541478 -0.5159533 -0.06498951 -8.476205 -0.05279337 -0.03829378 0.997871 -1.459185
-0.5437711 0.8392194 0.004875153 54.10347 -0.837711 -0.5424258 -0.06335992 -8.571578 -0.05052847 -0.03853727 0.9979788 -1.448325
-0.5690153 0.8223165 0.004163126 54.01426 -0.8208051 -0.567647 -0.06368597 -8.663995 -0.05000683 -0.0396554 0.9979613 -1.44715
-0.5931792 0.8050674 0.002214028 53.91576 -0.803538 -0.5918783 -0.06329875 -8.743345 -0.04964933 -0.03932656 0.9979922 -1.451553
-0.6174892 0.7865791 -0.0005786754 53.81122 -0.7850083 -0.6163024 -0.0627172 -8.823962 -0.04968868 -0.03827294 0.9980312 -1.440337
-0.641305 0.7672799 -0.003107907 53.71054 -0.7657177 -0.6402476 -0.06131463 -8.900796 -0.04903531 -0.0369416 0.9981136 -1.439262
-0.6637489 0.7479354 -0.005498564 53.61133 -0.7463957 -0.6628211 -0.05967999 -8.974433 -0.04828133 -0.03550841 0.9982024 -1.433426
-0.6859639 0.7275943 -0.007761365 53.50148 -0.7260946 -0.6851659 -0.05774371 -9.041448 -0.04733181 -0.03397461 0.9983013 -1.423227
-0.7077084 0.7064515 -0.00866279 53.39133 -0.7050197 -0.7069624 -0.05613793 -9.095954 -0.04578299 -0.03362185 0.9983854 -1.41296
-0.7284384 0.6850526 -0.008963566 53.27317 -0.6837038 -0.7277179 -0.05455093 -9.162776 -0.0438932 -0.03360857 0.9984708 -1.409657
-0.7488019 0.662733 -0.008974245 53.16851 -0.6614755 -0.7480978 -0.05291456 -9.227612 -0.04178184 -0.03368629 0.9985587 -1.394751
-0.7688066 0.639415 -0.009213665 53.04461 -0.6382318 -0.7681248 -0.05142428 -9.277929 -0.0399587 -0.03365487 0.9986344 -1.393905
-0.7880058 0.615598 -0.009267706 52.92816 -0.6144627 -0.7873156 -0.05069255 -9.331172 -0.03850285 -0.03425137 0.9986713 -1.385769
-0.8070134 0.5904377 -0.01061901 52.80686 -0.5892874 -0.8063482 -0.05042783 -9.380728 -0.03833711 -0.03443828 0.9986712 -1.381648
-0.8250723 0.5649425 -0.009786457 52.66984 -0.5638465 -0.8243436 -0.05034638 -9.422997 -0.03651021 -0.03602134 0.9986839 -1.369907
-0.8425016 0.5385846 -0.01083479 52.5447 -0.5374752 -0.8417783 -0.05029528 -9.467463 -0.03620876 -0.03655043 0.9986756 -1.36285
-0.8592905 0.5113506 -0.01184198 52.41566 -0.510211 -0.8585508 -0.05074754 -9.511354 -0.03611673 -0.03756497 0.9986413 -1.360795
-0.8755023 0.4830484 -0.01264842 52.27686 -0.4819056 -0.8747575 -0.05065815 -9.542001 -0.03553464 -0.03825598 0.9986359 -1.353509
-0.8907567 0.4542841 -0.01336474 52.1469 -0.4531174 -0.8899767 -0.05124518 -9.580888 -0.03517417 -0.03959119 0.9985967 -1.350719
-0.9052163 0.4247497 -0.01308523 51.99836 -0.4235849 -0.9043453 -0.05230132 -9.601765 -0.03404854 -0.0418013 0.9985456 -1.338477
-0.9182677 0.3957406 -0.01318464 51.84012 -0.3945348 -0.9172775 -0.05426095 -9.615254 -0.03356724 -0.04462428 0.9984397 -1.333994
-0.9309484 0.3649318 -0.01264515 51.70174 -0.3637329 -0.929826 -0.05587381 -9.63026 -0.03214792 -0.04741617 0.9983578 -1.326764
-0.942573 0.3337602 -0.01266557 51.5536 -0.3325603 -0.9413514 -0.05710698 -9.647316 -0.03098279 -0.04961543 0.9982877 -1.319735
-0.9529822 0.3027712 -0.01244302 51.40437 -0.3015813 -0.9516422 -0.05853101 -9.671043 -0.0295628 -0.05202642 0.998208 -1.319994
-0.9625306 0.2708378 -0.01346908 51.25963 -0.2695845 -0.9610804 -0.06040481 -9.677507 -0.02930478 -0.05451043 0.9980831 -1.31387
-0.9708807 0.2392049 -0.01309612 51.1136 -0.2379583 -0.969252 -0.06266145 -9.677009 -0.02768236 -0.05772047 0.9979489 -1.307618
-0.9780737 0.2078259 -0.01342912 50.97152 -0.2065612 -0.9762971 -0.06462486 -9.671026 -0.02654154 -0.06043394 0.9978192 -1.308748
-0.9841145 0.1770467 -0.0131629 50.8227 -0.1758161 -0.9821953 -0.06619001 -9.656115 -0.02464726 -0.0628243 0.9977202 -1.300899
-0.9895225 0.1438601 -0.0122275 50.70875 -0.1427343 -0.9874832 -0.06711048 -9.625731 -0.02172897 -0.06466204 0.9976707 -1.301802
-0.9936715 0.1115002 -0.01358194 50.57658 -0.1103459 -0.9916015 -0.06745581 -9.594609 -0.02098921 -0.06553021 0.9976298 -1.292684
-0.9967197 0.07952174 -0.01503986 50.43959 -0.07833052 -0.9946173 -0.06782795 -9.574131 -0.0203527 -0.06642738 0.9975837 -1.284205
-0.9985814 0.0497856 -0.01888473 50.3032 -0.04838791 -0.9964852 -0.06838015 -9.566723 -0.0222227 -0.06736934 0.9974806 -1.285464
-0.9994874 0.02022913 -0.02481266 50.16898 -0.01851032 -0.9975376 -0.06764637 -9.558388 -0.02612 -0.06715241 0.9974008 -1.288679
-0.9995122 -0.009071547 -0.02988318 50.05168 0.01104724 -0.9977168 -0.06662677 -9.538756 -0.02921054 -0.06692439 0.9973304 -1.277847
-0.9988304 -0.03712824 -0.03096989 49.93246 0.03910396 -0.9970638 -0.06583836 -9.512863 -0.02843449 -0.06697241 0.9973496 -1.267477
-0.9974097 -0.06493703 -0.03093872 49.82382 0.0668291 -0.9956675 -0.06465358 -9.485767 -0.02660626 -0.06655372 0.9974281 -1.268656
-0.9952086 -0.09279097 -0.03081767 49.70518 0.09458839 -0.9935111 -0.06315597 -9.451244 -0.02475739 -0.06576835 0.9975277 -1.255131
-0.9924343 -0.1188446 -0.03082003 49.60386 0.1205606 -0.9907939 -0.06158388 -9.389121 -0.02321739 -0.06483364 0.9976259 -1.257226
-0.9890256 -0.1442855 -0.03178266 49.50041 0.1460036 -0.9874156 -0.06077429 -9.346564 -0.02261384 -0.06474771 0.9976454 -1.253381
-0.9851452 -0.1685802 -0.03270459 49.4137 0.1702991 -0.9835703 -0.05989622 -9.309046 -0.02206995 -0.06457604 0.9976687 -1.246865
-0.9808249 -0.1920611 -0.03308852 49.32513 0.1937498 -0.9792702 -0.05908388 -9.26805 -0.02105488 -0.06436184 0.9977045 -1.237594
-0.9760368 -0.2150815 -0.03305078 49.22736 0.2167081 -0.9745163 -0.05792695 -9.224273 -0.01974951 -0.0637012 0.9977736 -1.238046
-0.9710835 -0.2364572 -0.03293924 49.14306 0.2380251 -0.969587 -0.05696657 -9.165657 -0.0184673 -0.06315965 0.9978325 -1.228109
-0.9662526 -0.2556141 -0.03189458 49.06124 0.2570795 -0.9647328 -0.05657578 -9.130703 -0.01630818 -0.06286594 0.9978887 -1.233878
-0.9615396 -0.2726584 -0.03315161 48.9889 0.2741636 -0.9600627 -0.0558029 -9.090686 -0.0166125 -0.06274566 0.9978913 -1.234012
-0.9565227 -0.2894674 -0.03567932 48.90737 0.2910772 -0.9551644 -0.05417667 -9.052087 -0.01839723 -0.06220664 0.9978937 -1.232444
-0.9519002 -0.3040659 -0.03781604 48.85161 0.3057491 -0.9506823 -0.05216074 -9.011783 -0.02009074 -0.06121404 0.9979224 -1.229334
-0.9476359 -0.3170124 -0.03858866 48.79334 0.3187199 -0.9464305 -0.05183537 -8.985566 -0.02008902 -0.06142004 0.9979098 -1.222345
-0.9435587 -0.328946 -0.03861918 48.74604 0.3306134 -0.9424155 -0.05047553 -8.949259 -0.01979159 -0.06039464 0.9979783 -1.221165
-0.9397657 -0.3395784 -0.03907658 48.6978 0.3412419 -0.9386696 -0.0495324 -8.916932 -0.01985987 -0.05988342 0.9980078 -1.220852
-0.9363183 -0.3488957 -0.03974729 48.6431 0.3505741 -0.9352622 -0.04880911 -8.894252 -0.02014485 -0.05963524 0.998017 -1.21957
-0.9335363 -0.3561841 -0.04053573 48.61008 0.3579018 -0.9324822 -0.0488183 -8.88485 -0.02041055 -0.06008145 0.9979848 -1.215956
-0.9307547 -0.3633509 -0.04089106 48.57484 0.3650649 -0.9297442 -0.04799329 -8.852621 -0.02057982 -0.05959787 0.9980103 -1.214041
-0.9284483 -0.3692107 -0.04082754 48.55089 0.37091 -0.9274396 -0.04776608 -8.825359 -0.02022932 -0.05949169 0.9980238 -1.211115
-0.9263036 -0.3744682 -0.04165669 48.52794 0.3762092 -0.9253079 -0.04766549 -8.809495 -0.02069605 -0.05982435 0.9979944 -1.218449
-0.9245114 -0.3787894 -0.04239533 48.50579 0.3805742 -0.9235111 -0.04785775 -8.793041 -0.02102456 -0.0603796 0.9979541 -1.21092
-0.923254 -0.3818508 -0.04233086 48.48563 0.3836087 -0.9223032 -0.04691634 -8.780333 -0.02112685 -0.05955419 0.9980015 -1.209562
-0.921944 -0.3850328 -0.04205686 48.47526 0.3867708 -0.9209821 -0.04690813 -8.784924 -0.02067244 -0.05951305 0.9980134 -1.208032
-0.9208565 -0.3876066 -0.04224692 48.46707 0.3893599 -0.919874 -0.04723049 -8.77291 -0.02055499 -0.05994176 0.9979902 -1.21361
-0.9205003 -0.3884527 -0.04223747 48.45655 0.3901992 -0.9195315 -0.04697201 -8.765564 -0.02059228 -0.05971877 0.9980028 -1.209785
-0.9200562 -0.3895264 -0.04201909 48.44768 0.3912643 -0.919065 -0.04724154 -8.759832 -0.02021644 -0.05990544 0.9979993 -1.207474
-0.9200653 -0.3894893 -0.04216477 48.45148 0.3912373 -0.9190729 -0.04731105 -8.750917 -0.02032534 -0.06002569 0.9979899 -1.208763
-0.9200855 -0.3894071 -0.04248244 48.44837 0.3911571 -0.9191493 -0.04648259 -8.748299 -0.02094706 -0.05938527 0.9980153 -1.210065
-0.9200287 -0.389498 -0.04287735 48.44781 0.3912645 -0.9191197 -0.04616367 -8.762185 -0.02142876 -0.05924829 0.9980133 -1.216969
-0.919827 -0.3899467 -0.04312778 48.45127 0.3917357 -0.9189004 -0.04653277 -8.757059 -0.02148483 -0.05969678 0.9979853 -1.209651
-0.9198909 -0.389794 -0.04314492 48.44826 0.3915802 -0.9189759 -0.0463495 -8.756753 -0.02158239 -0.05953117 0.9979931 -1.213034
-0.9201152 -0.3892838 -0.04296392 48.45087 0.3910528 -0.9192165 -0.04602915 -8.755651 -0.02157474 -0.05915328 0.9980158 -1.208476
-0.9200168 -0.3895152 -0.04297717 48.44967 0.3912978 -0.9190817 -0.04663523 -8.752473 -0.0213344 -0.05972207 0.997987 -1.21005
-0.9200974 -0.3893259 -0.04296671 48.44814 0.3911089 -0.9191602 -0.04667258 -8.752154 -0.02132245 -0.05974799 0.9979857 -1.207846
-0.9202596 -0.3889199 -0.0431681 48.45628 0.3907096 -0.9193435 -0.04640613 -8.759263 -0.02163804 -0.05957188 0.9979895 -1.212689
-0.9202712 -0.3888628 -0.04343827 48.44488 0.3906609 -0.9193818 -0.04605652 -8.754344 -0.02202669 -0.05935411 0.9979939 -1.217705
-0.9201379 -0.3892218 -0.04304263 48.45265 0.3910034 -0.9192194 -0.04639052 -8.750967 -0.02150942 -0.05951549 0.9979956 -1.21015
-0.9199742 -0.3896128 -0.04300334 48.45189 0.391392 -0.9190531 -0.04640901 -8.752046 -0.0214408 -0.05952626 0.9979964 -1.212936
-0.9199731 -0.3896091 -0.04305844 48.45076 0.3913951 -0.9190434 -0.04657361 -8.753007 -0.02142708 -0.05969934 0.9979864 -1.2119
-0.9198658 -0.3898439 -0.0432265 48.45684 0.3916313 -0.9189623 -0.04618594 -8.759196 -0.02171822 -0.05941372 0.9979972 -1.211732
-0.9197755 -0.3900836 -0.04298746 48.45104 0.3918636 -0.918847 -0.04651 -8.760956 -0.02135611 -0.05962397 0.9979925 -1.209879
-0.9196784 -0.3903144 -0.0429665 48.45268 0.3920847 -0.9187717 -0.04613002 -8.755654 -0.02147119 -0.05927129 0.998011 -1.21118
-0.9198494 -0.3899033 -0.04304133 48.45003 0.3916771 -0.9189488 -0.04606743 -8.759359 -0.02159094 -0.0592334 0.9980106 -1.208756
-0.9199085 -0.3897599 -0.04307519 48.4496 0.391541 -0.918995 -0.04630138 -8.757475 -0.02153946 -0.05945873 0.9979984 -1.208473
-0.9199636 -0.3896174 -0.04319117 48.45157 0.3914036 -0.9190578 -0.04621735 -8.754666 -0.0216881 -0.05942345 0.9979972 -1.208284
-0.9198149 -0.3899931 -0.04296523 48.45129 0.3917633 -0.9189097 -0.04611314 -8.756361 -0.02149737 -0.05924776 0.9980118 -1.211347
-0.919914 -0.389771 -0.04285766 48.45052 0.3915421 -0.9189873 -0.04644455 -8.750871 -0.02128291 -0.05950558 0.998001 -1.211123
-0.9198493 -0.3899058 -0.04301891 48.45807 0.3916841 -0.9189323 -0.04633708 -8.755892 -0.02146437 -0.05947296 0.9979991 -1.2108
-0.9199317 -0.3897134 -0.04300134 48.45429 0.3914913 -0.9190134 -0.04635695 -8.755476 -0.02145288 -0.05947987 0.997999 -1.208998
-0.9198446 -0.3899346 -0.04285693 48.44859 0.3917083 -0.9189098 -0.04657641 -8.757035 -0.02121989 -0.05963049 0.997995 -1.209155
-0.9199208 -0.3897468 -0.04293134 48.45359 0.3915204 -0.9190013 -0.0463502 -8.75526 -0.02138911 -0.05944701 0.9980023 -1.210248
-0.9200366 -0.389499 -0.04269837 48.44427 0.3912667 -0.9190908 -0.04671658 -8.749618 -0.02104762 -0.05968741 0.9979952 -1.20692
-0.9199046 -0.3897847 -0.04294001 48.44975 0.3915553 -0.9189945 -0.04618988 -8.752981 -0.02145753 -0.05930366 0.9980093 -1.214222
-0.919753 -0.3900389 -0.04386719 48.45092 0.3918541 -0.9188902 -0.04572868 -8.752708 -0.02247316 -0.05924863 0.9979903 -1.210618
-0.919089 -0.3915843 -0.04401279 48.44748 0.3933974 -0.918251 -0.04531565 -8.746895 -0.0226699 -0.05896363 0.9980027 -1.210876
-0.9184107 -0.3931741 -0.0439994 48.44017 0.3949822 -0.9175764 -0.04519569 -8.739945 -0.02260303 -0.05888718 0.9980087 -1.208861
-0.9176253 -0.3949765 -0.04424092 48.43066 0.3967891 -0.9168138 -0.0448425 -8.731866 -0.02284895 -0.05870294 0.998014 -1.206222
-0.9162544 -0.3981545 -0.04416642 48.41963 0.3999502 -0.9154602 -0.04441133 -8.730741 -0.02275003 -0.05835645 0.9980366 -1.206556
-0.9145316 -0.4021325 -0.04383452 48.40692 0.4038897 -0.9137625 -0.04371836 -8.719915 -0.02247376 -0.05768613 0.9980818 -1.206537
-0.9126291 -0.4064251 -0.04389485 48.39438 0.4081752 -0.9118711 -0.04340599 -8.712418 -0.02238516 -0.05753036 0.9980928 -1.210525
-0.909729 -0.4127987 -0.04461433 48.37237 0.4145589 -0.9090407 -0.04225999 -8.695051 -0.02311137 -0.05694041 0.9981101 -1.20564
-0.9058006 -0.4213077 -0.04500118 48.34174 0.423045 -0.9051981 -0.04061147 -8.678829 -0.02362506 -0.05582342 0.9981611 -1.204363
-0.9010469 -0.4312441 -0.04629619 48.30925 0.4330132 -0.9005347 -0.03920044 -8.651757 -0.02478638 -0.05536829 0.9981583 -1.206994
-0.8949132 -0.443665 -0.04787373 48.27256 0.4454902 -0.8944706 -0.03822072 -8.621988 -0.02586444 -0.0555315 0.9981219 -1.201876
-0.8870317 -0.4589582 -0.05031914 48.21952 0.4608788 -0.8866942 -0.03693542 -8.586193 -0.02766587 -0.05595392 0.99805 -1.206774
-0.8775892 -0.4763269 -0.05431183 48.15198 0.4784576 -0.877351 -0.03651724 -8.546644 -0.0302564 -0.05803305 0.9978561 -1.213262
-0.8660833 -0.4962553 -0.06025224 48.08261 0.498722 -0.8660123 -0.03604114 -8.480415 -0.03429357 -0.06126375 0.9975323 -1.210993
-0.8533272 -0.5171843 -0.06597891 47.99591 0.5200533 -0.8533276 -0.03710305 -8.425626 -0.0371125 -0.06597359 0.9971309 -1.20658
-0.8391111 -0.5396096 -0.06865741 47.91793 0.5427034 -0.8390517 -0.03827933 -8.337814 -0.03695121 -0.06938123 0.9969056 -1.174469
-0.8248824 -0.5617426 -0.06335876 47.83878 0.5644183 -0.8246732 -0.03669014 -8.246783 -0.03163986 -0.0660259 0.9973161 -1.16489
