1.0 0.0 0.0 0.0 0.0 1.0 0.0 0.0 0.0 0.0 1.0 0.0
0.999997 -0.002107601 -0.001280146 2.224997 0.002108679 0.9999975 0.0008410624 -0.01787388 0.00127837 -0.0008437593 0.9999988 -0.04367167
0.9999825 -0.003151368 -0.005012005 4.192142 0.00314843 0.9999949 -0.000593986 -0.01107475 0.005013851 0.0005781957 0.9999872 -0.06474195
0.9999827 -0.004121197 -0.004187591 6.162558 0.00410806 0.9999866 -0.003141044 -0.009052439 0.00420048 0.003123787 0.9999863 -0.08796529
0.9999784 -0.004761607 -0.004529574 8.146702 0.004748295 0.9999843 -0.002945206 -0.01257149 0.004543527 0.002923635 0.9999854 -0.112294
0.9999875 -0.004297096 -0.00253504 10.11372 0.004295104 0.9999906 -0.0007907176 -0.01483525 0.002538414 0.0007798195 0.9999965 -0.134003
0.9999933 -0.002804466 -0.002343083 12.09629 0.002799046 0.9999934 -0.002313689 -0.04771154 0.002349556 0.002307115 0.9999946 -0.1450232
0.9999816 -0.002233421 0.005640079 14.11813 0.00226081 0.9999856 -0.004854493 -0.04740823 -0.005629156 0.004867156 0.9999723 -0.1757445
0.9999741 -0.002859492 0.006607785 16.12564 0.002908248 0.9999686 -0.007380865 -0.04836756 -0.006586472 0.007399891 0.9999509 -0.1788065
0.999948 -0.003123649 0.009711657 18.13639 0.003179428 0.9999784 -0.005733311 -0.04325449 -0.009693539 0.00576389 0.9999364 -0.2143276
0.9999446 -0.002425391 0.01024279 20.13995 0.002506025 0.9999658 -0.007866776 -0.05247862 -0.01022336 0.007892009 0.9999166 -0.2068857
0.9999341 -0.001653279 0.01135974 22.14289 0.001732591 0.9999741 -0.006975553 -0.06050166 -0.01134791 0.006994775 0.9999111 -0.2355619
0.9998571 -0.0004326482 0.01690033 24.142 0.0006418735 0.9999232 -0.01237649 -0.08497877 -0.01689368 0.01238557 0.9997806 -0.240682
0.9997789 0.0003845761 0.02102426 26.12185 -0.0001823161 0.9999537 -0.00962139 -0.09555377 -0.02102698 0.00961543 0.9997327 -0.2462163
0.9997802 0.0009791335 0.02094205 28.13944 -0.0007812647 0.9999549 -0.009454489 -0.1284205 -0.02095037 0.009436049 0.999736 -0.2752523
0.999657 0.003000829 0.02601504 30.13766 -0.002891 0.9999866 -0.004258318 -0.1418603 -0.02602748 0.004181648 0.9996525 -0.2925227
0.9997896 0.003771475 0.02016161 32.15594 -0.003594026 0.9999545 -0.008830324 -0.1742672 -0.020194 0.008756004 0.9997578 -0.2936987
0.9995353 0.004571076 0.0301367 34.18586 -0.004220028 0.9999226 -0.01170183 -0.2029356 -0.03018786 0.01156922 0.9994773 -0.332396
0.9995966 0.004252503 0.02808112 36.2157 -0.00381557 0.999871 -0.01559496 -0.230443 -0.02814382 0.01548153 0.999484 -0.3067582
0.9993306 0.003859769 0.03638006 38.23204 -0.003366813 0.999902 -0.01360171 -0.2655464 -0.03642898 0.01347012 0.9992455 -0.3379567
0.99951 0.002450537 0.0312051 40.25784 -0.00200431 0.9998953 -0.01432307 -0.2833714 -0.03123694 0.01425351 0.9994104 -0.3206762
0.9994863 0.001188383 0.03202713 42.27962 -0.0008140607 0.9999312 -0.01169818 -0.3068933 -0.03203883 0.0116661 0.9994186 -0.3969747
0.9996134 -0.0002998028 0.02780266 44.33757 0.0007043053 0.9998939 -0.0145404 -0.3215592 -0.02779535 0.01455436 0.9995077 -0.3566744
0.9996211 -0.000819594 0.02751402 46.35102 0.0010486 0.9999648 -0.00830984 -0.3398254 -0.02750625 0.008335543 0.9995869 -0.3902939
0.9996578 -0.001049134 0.02613994 48.39694 0.001254801 0.9999684 -0.007852767 -0.3619814 -0.02613088 0.00788288 0.9996275 -0.4040579
0.9996179 -0.00118028 0.02761819 50.44997 0.001364592 0.999977 -0.006655648 -0.3808712 -0.0276097 0.006690792 0.9995964 -0.4234617
0.9996479 -0.001499982 0.02649449 52.50626 0.001721662 0.9999636 -0.008346174 -0.3855738 -0.02648101 0.008388849 0.9996141 -0.4564608
0.9996539 -0.000936582 0.02628869 54.54984 0.001178614 0.9999571 -0.009192701 -0.4104221 -0.02627895 0.009220505 0.9996122 -0.4658731
0.9996519 5.442173e-05 0.02638357 56.59466 0.0001560299 0.9999681 -0.007974491 -0.423635 -0.02638317 0.007975832 0.9996201 -0.4936119
0.9998344 0.0008914131 0.01817742 58.6417 -0.0007913705 0.9999845 -0.005510124 -0.4389798 -0.01818205 0.005494826 0.9998196 -0.5299083
0.9998544 0.002366325 0.01690049 60.68636 -0.002233782 0.9999665 -0.007857163 -0.4616961 -0.01691852 0.007818268 0.9998263 -0.5632517
0.9998334 0.002493005 0.01808072 62.74767 -0.002315718 0.9999491 -0.009819608 -0.4836314 -0.01810428 0.009776102 0.9997883 -0.5506352
0.9997094 0.002303558 0.02399442 64.80224 -0.002083252 0.9999555 -0.009202521 -0.5091316 -0.02401455 0.009149861 0.9996697 -0.5764421
0.9996493 0.001953053 0.02640885 66.84636 -0.00174279 0.9999665 -0.007982486 -0.5333653 -0.02642356 0.007933662 0.9996194 -0.6136663
0.9995868 0.002475915 0.0286382 68.90807 -0.002157654 0.9999356 -0.01113874 -0.5627218 -0.02866393 0.01107235 0.9995278 -0.617865
0.999563 0.002395345 0.0294647 70.9516 -0.002036079 0.9999232 -0.01221707 -0.5850837 -0.02949171 0.01215174 0.9994912 -0.6525264
0.9995778 0.003618723 0.02883039 72.99776 -0.00321281 0.9998952 -0.01411326 -0.6152442 -0.02887844 0.01401468 0.9994847 -0.6674657
0.9995992 0.004508339 0.02795036 75.04167 -0.00418076 0.9999219 -0.01176741 -0.6380764 -0.02800123 0.01164584 0.99954 -0.6844513
0.9996485 0.005867196 0.02585307 77.0946 -0.005618181 0.9999373 -0.009694075 -0.6728056 -0.02590832 0.009545421 0.9996188 -0.7003415
0.9995685 0.007167197 0.02848705 79.10842 -0.006994721 0.9999566 -0.006149591 -0.7068781 -0.02852989 0.005947678 0.9995753 -0.7401894
0.999544 0.008085329 0.0290952 81.1467 -0.007951383 0.9999573 -0.004716469 -0.7459633 -0.02913209 0.004482971 0.9995655 -0.7456763
0.999387 0.009557765 0.03367971 83.18552 -0.009445213 0.9999492 -0.003499336 -0.7929413 -0.03371145 0.003179078 0.9994265 -0.8019627
0.9993449 0.01041272 0.03465927 85.22634 -0.01027353 0.9999382 -0.00419177 -0.8404626 -0.03470078 0.003832951 0.9993904 -0.8222141
0.9992185 0.0120655 0.03764125 87.2789 -0.01194541 0.9999228 -0.003413838 -0.8828473 -0.03767953 0.00296153 0.9992855 -0.8896235
0.9992893 0.01296686 0.0353951 89.31895 -0.01287583 0.9999132 -0.002798527 -0.9408199 -0.03542832 0.002340796 0.9993695 -0.9145187
0.9992462 0.01449874 0.03601115 91.35876 -0.01443807 0.9998939 -0.001944131 -0.9705872 -0.03603552 0.001422734 0.9993495 -0.8729053
0.9992946 0.01380858 0.0349239 93.39853 -0.0137444 0.9999034 -0.002077155 -1.023495 -0.03494921 0.001595682 0.9993878 -0.9815156
0.9991263 0.01306076 0.03969923 95.44611 -0.0127487 0.9998859 -0.008103481 -1.071958 -0.03980054 0.007590288 0.9991788 -0.9802563
0.9991165 0.01159057 0.04039751 97.4783 -0.01133484 0.9999143 -0.006553903 -1.12142 -0.04047001 0.006090214 0.9991622 -1.010793
0.9991085 0.01097644 0.0407638 99.50063 -0.010546 0.9998864 -0.01075955 -1.165988 -0.04087728 0.01032006 0.9991109 -1.047802
0.999115 0.009445799 0.04098712 101.5316 -0.008965951 0.9998893 -0.01187534 -1.2043 -0.04109475 0.01149734 0.9990891 -1.07049
0.9993254 0.008379565 0.03575692 103.5411 -0.007875579 0.999868 -0.01421241 -1.236947 -0.03587129 0.01392121 0.9992595 -1.080081
0.9993542 0.006894385 0.03526397 105.5575 -0.006578997 0.9999374 -0.009051863 -1.271975 -0.03532417 0.008814016 0.999337 -1.101825
0.999613 0.006290706 0.02709544 107.5697 -0.00606319 0.9999456 -0.008470826 -1.304783 -0.02714726 0.008303264 0.999597 -1.117614
0.9996279 0.005596264 0.02669457 109.5607 -0.005402294 0.9999585 -0.007332854 -1.337653 -0.0267345 0.007185914 0.9996167 -1.156367
0.9997291 0.004919 0.0227492 111.5492 -0.004674453 0.9999309 -0.01079038 -1.358559 -0.0228007 0.01068112 0.999683 -1.146872
0.9997252 0.004307248 0.02304379 113.529 -0.004066473 0.9999368 -0.01048527 -1.379292 -0.0230875 0.01038868 0.9996794 -1.191965
0.9997995 0.003410432 0.01973139 115.5258 -0.003255995 0.9999639 -0.00785385 -1.4053 -0.01975746 0.007788029 0.9997745 -1.203553
0.9997616 0.003724026 0.02151304 117.4771 -0.003617185 0.999981 -0.005003101 -1.434057 -0.02153127 0.004924091 0.999756 -1.228222
0.999776 0.003130591 0.02093243 119.4504 -0.003055638 0.9999889 -0.003611728 -1.473228 -0.0209435 0.003546956 0.9997744 -1.254843
0.9997089 0.002452346 0.02400179 121.435 -0.002391824 0.9999939 -0.002549948 -1.490101 -0.0240079 0.002491798 0.9997087 -1.284078
0.9997019 0.001250692 0.02438578 123.4081 -0.00123124 0.9999989 -0.0008126592 -1.511041 -0.02438677 0.0007823922 0.9997023 -1.322675
0.99966 -0.0005651598 0.02606979 125.3837 0.0005739736 0.9999996 -0.0003306017 -1.533676 -0.0260696 0.0003454527 0.9996601 -1.361041
0.9996932 -0.002811419 0.0246094 127.3569 0.00282643 0.9999957 -0.0005752016 -1.544888 -0.02460768 0.0006445819 0.999697 -1.40295
0.9996681 -0.004363076 0.02539 129.3109 0.004442302 0.9999853 -0.00306479 -1.566908 -0.02537626 0.003176562 0.9996729 -1.430555
0.9996557 -0.006867307 0.02532341 131.2995 0.006944798 0.9999714 -0.002973383 -1.566726 -0.02530227 0.003148225 0.9996749 -1.464948
0.9996659 -0.008982691 0.02423513 133.2745 0.009067127 0.9999532 -0.003376374 -1.569128 -0.02420366 0.003594989 0.9997006 -1.507836
0.9996415 -0.01078535 0.02450522 135.2305 0.01091104 0.9999279 -0.005001104 -1.566613 -0.02444952 0.005266688 0.9996872 -1.521553
0.9996125 -0.01321919 0.02449933 137.2176 0.01339929 0.9998844 -0.007201842 -1.566034 -0.02440129 0.007527324 0.9996739 -1.549117
0.9995559 -0.0153472 0.02554236 139.1928 0.01559623 0.9998325 -0.009579136 -1.563377 -0.02539106 0.009973248 0.9996278 -1.565304
0.9994847 -0.01723409 0.02708153 141.1578 0.01750698 0.9997979 -0.009871954 -1.548417 -0.02690593 0.01034098 0.9995845 -1.598866
0.9994348 -0.01871185 0.02792759 143.1245 0.01898778 0.999773 -0.009647923 -1.544887 -0.02774073 0.01017275 0.9995634 -1.60832
0.9994041 -0.01986927 0.02822456 145.0963 0.02019228 0.9997333 -0.01120573 -1.522262 -0.02799438 0.01176897 0.9995388 -1.626174
0.9993386 -0.02088084 0.02977094 147.0585 0.02121115 0.9997166 -0.01082276 -1.512236 -0.02953651 0.01144707 0.9994981 -1.650762
0.9993291 -0.02179602 0.0294329 149.0105 0.02205336 0.9997211 -0.008447172 -1.487139 -0.02924058 0.009090599 0.9995311 -1.668559
0.9993258 -0.0228219 0.0287586 150.9686 0.02292391 0.999732 -0.003222358 -1.463606 -0.02867735 0.003879446 0.9995812 -1.698328
0.9993149 -0.02379115 0.02834952 152.9045 0.02384796 0.9997141 -0.001667675 -1.440803 -0.02830174 0.00234261 0.9995967 -1.726745
0.9992407 -0.02437551 0.03039538 154.8712 0.02446726 0.9996972 -0.002650358 -1.420452 -0.03032158 0.003392037 0.9995344 -1.747332
0.9991183 -0.02513045 0.03363171 156.8059 0.02522352 0.999679 -0.002345992 -1.398928 -0.03356196 0.003192233 0.9994316 -1.779391
0.999057 -0.02597464 0.03479077 158.763 0.02603548 0.9996603 -0.001296668 -1.371839 -0.03474527 0.00220124 0.9993938 -1.82312
0.9990196 -0.02621753 0.03567132 160.689 0.02615084 0.9996552 0.002334807 -1.347946 -0.03572023 -0.001399683 0.9993609 -1.875643
0.9990937 -0.02654186 0.03327837 162.6352 0.02653089 0.9996477 0.0007711448 -1.312637 -0.03328712 0.0001124589 0.9994458 -1.890832
0.9990748 -0.02641435 0.03393886 164.5657 0.0263878 0.9996511 0.001230261 -1.281765 -0.03395952 -0.0003335514 0.9994231 -1.976497
0.999137 -0.02633081 0.03212516 166.5053 0.02635984 0.9996524 -0.0004805146 -1.250957 -0.03210134 0.001326914 0.9994838 -1.962229
0.999144 -0.02615761 0.03204672 168.4502 0.02613406 0.9996578 0.001153704 -1.217854 -0.03206593 -0.0003152058 0.9994857 -2.036565
0.999145 -0.02518291 0.03278844 170.3992 0.02521327 0.9996821 -0.0005126133 -1.192845 -0.03276511 0.001338879 0.9994622 -2.040947
0.9991282 -0.02352054 0.03449086 172.3431 0.02353885 0.9997228 -0.0001248851 -1.167801 -0.03447837 0.0009366515 0.999405 -2.085025
0.9991881 -0.02063209 0.03460484 174.2983 0.02078787 0.9997754 -0.004147667 -1.151627 -0.03451149 0.00486366 0.9993924 -2.116444
0.9990886 -0.01782612 0.03878388 176.255 0.01812215 0.9998091 -0.007294684 -1.137613 -0.03864645 0.007990883 0.999221 -2.141863
0.9991052 -0.01433018 0.03979325 178.2092 0.01475115 0.9998381 -0.01030561 -1.140117 -0.03963913 0.01088339 0.9991548 -2.156095
0.9988636 -0.01063723 0.04645884 180.1449 0.01104651 0.9999024 -0.008561612 -1.143566 -0.04636323 0.009065091 0.9988835 -2.170884
0.9986728 -0.006852669 0.05104564 182.1026 0.007209612 0.9999509 -0.006811789 -1.154754 -0.05099645 0.007170768 0.9986731 -2.165108
0.9985019 -0.003700603 0.05459196 184.0456 0.003997218 0.9999777 -0.005325125 -1.166811 -0.05457105 0.005535364 0.9984946 -2.219469
0.9983663 -0.0003141447 0.05713721 186.0077 0.0005534121 0.9999913 -0.00417182 -1.192288 -0.05713539 0.004196625 0.9983576 -2.242954
0.9982346 0.002692944 0.05933422 187.9753 -0.002359643 0.9999809 -0.005686702 -1.208634 -0.05934841 0.005536655 0.998222 -2.269307
0.9980885 0.005643007 0.06154251 189.9321 -0.00539449 0.9999768 -0.004203546 -1.243875 -0.0615648 0.003863521 0.9980956 -2.322999
0.998122 0.00847916 0.0606682 191.9011 -0.008196707 0.9999545 -0.004903053 -1.27774 -0.06070701 0.004396565 0.9981459 -2.321188
0.9980944 0.01096899 0.06072314 193.8511 -0.01082548 0.9999379 -0.002691826 -1.317742 -0.06074889 0.002029339 0.998151 -2.3694
0.9980842 0.01323031 0.06043862 195.8285 -0.01318701 0.9999125 -0.001115307 -1.361029 -0.06044808 0.0003161654 0.9981713 -2.359748
0.9979593 0.01398877 0.06230206 197.7886 -0.01417895 0.999896 0.002611447 -1.412932 -0.06225906 -0.003489495 0.9980539 -2.452832
0.9979389 0.01494318 0.06240744 199.7624 -0.01522567 0.999876 0.004053289 -1.45591 -0.06233913 -0.00499513 0.9980425 -2.448328
0.9977421 0.0154475 0.06536067 201.7113 -0.01636877 0.9997737 0.01358325 -1.523143 -0.06513605 -0.01462246 0.9977692 -2.496039
0.9975881 0.01641264 0.06744303 203.6887 -0.01750912 0.9997236 0.01569902 -1.571543 -0.06716672 -0.01684202 0.9975996 -2.557733
0.997461 0.01712871 0.06912519 205.6722 -0.01790765 0.9997827 0.01066451 -1.648363 -0.06892751 -0.0118753 0.997551 -2.670918
0.9972542 0.01773406 0.07189962 207.643 -0.01836986 0.9997977 0.008191142 -1.694448 -0.07173982 -0.009489436 0.9973782 -2.697144
0.99721 0.01863925 0.07228353 209.6088 -0.01952775 0.999742 0.01160467 -1.756114 -0.07204858 -0.01298383 0.9973166 -2.75061
0.9972379 0.01984568 0.07157373 211.5837 -0.02091714 0.9996797 0.01425161 -1.831558 -0.07126797 -0.01570936 0.9973335 -2.811846
0.9971925 0.02075193 0.07194757 213.5712 -0.02177674 0.9996718 0.01348867 -1.892398 -0.07164405 -0.01501759 0.9973172 -2.867913
0.9972758 0.02141334 0.07058719 215.5571 -0.02228573 0.9996843 0.01159479 -1.958096 -0.07031663 -0.01313629 0.9974383 -2.942042
0.9972376 0.02225141 0.07086566 217.5386 -0.02320131 0.9996514 0.01260924 -2.018279 -0.07056038 -0.01421859 0.9974062 -2.995036
0.9973778 0.02388975 0.06831504 219.533 -0.02490908 0.9995903 0.01410805 -2.093899 -0.06795 -0.01577272 0.997564 -3.036767
0.9971442 0.02530923 0.0711549 221.5162 -0.02666094 0.9994805 0.01811141 -2.160549 -0.07065954 -0.01995674 0.9973009 -3.115468
0.9972794 0.02748375 0.06839904 223.511 -0.02878078 0.9994229 0.01804977 -2.24735 -0.06786348 -0.01996924 0.9974948 -3.190293
0.9972402 0.02966244 0.06806 225.5158 -0.03065914 0.9994367 0.01364664 -2.333605 -0.06761687 -0.01569564 0.9975879 -3.269095
0.9972193 0.03157638 0.06750186 227.5236 -0.0321201 0.9994596 0.006984502 -2.411577 -0.06724484 -0.009133246 0.9976947 -3.342503
0.9971298 0.03327325 0.06800821 229.514 -0.03376168 0.9994117 0.006044884 -2.486353 -0.06776706 -0.008323604 0.9976665 -3.365476
0.9973393 0.03477104 0.06407233 231.5114 -0.03584575 0.9992338 0.01570054 -2.558056 -0.06347733 -0.01795549 0.9978217 -3.416956
0.9978209 0.03740995 0.05435003 233.5081 -0.03849412 0.9990774 0.01903954 -2.672389 -0.05358762 -0.02109021 0.9983404 -3.492836
0.9977123 0.03897655 0.05523545 235.5397 -0.03984519 0.9990976 0.01471286 -2.776692 -0.05461214 -0.01688007 0.9983649 -3.562665
0.9975742 0.04026113 0.05678697 237.5582 -0.04086497 0.9991194 0.00951214 -2.879447 -0.056354 -0.01180966 0.998341 -3.602373
0.99716 0.04153876 0.06282028 239.5645 -0.04252298 0.9989915 0.01441174 -2.980858 -0.06215828 -0.01704212 0.9979208 -3.679984
0.9970872 0.04300444 0.06298931 241.5746 -0.04429328 0.9988339 0.01920926 -3.097699 -0.06208977 -0.02194331 0.9978293 -3.728169
0.9968824 0.04431443 0.0652824 243.5926 -0.04601054 0.9986353 0.0247101 -3.205478 -0.0640983 -0.02763674 0.9975609 -3.817895
0.9969983 0.04566571 0.06252195 245.6283 -0.04731434 0.9985634 0.02514657 -3.325083 -0.0612838 -0.02802928 0.9977267 -3.885483
0.996792 0.04694895 0.06481947 247.6504 -0.04871612 0.9984754 0.02595618 -3.45225 -0.06350203 -0.02903067 0.9975594 -3.994123
0.9967241 0.04849255 0.06472758 249.6832 -0.05031585 0.9983727 0.0268414 -3.586688 -0.06332063 -0.0300103 0.9975419 -4.072996
0.9965233 0.04955769 0.06697338 251.7085 -0.05154176 0.9982717 0.02822782 -3.705603 -0.06545874 -0.03158161 0.9973554 -4.178808
0.9965209 0.05095345 0.06595306 253.7388 -0.05297959 0.9981643 0.02934439 -3.837436 -0.06433679 -0.03273647 0.9973912 -4.269102
0.9964353 0.05246986 0.06605823 255.7944 -0.05448164 0.9980927 0.02902958 -3.975582 -0.06440905 -0.03252506 0.9973934 -4.357233
0.9963601 0.05375991 0.06615412 257.8419 -0.05587466 0.9979706 0.03054194 -4.115494 -0.06437793 -0.03412711 0.9973419 -4.453758
0.9963215 0.05463126 0.06602171 259.8954 -0.05666377 0.997963 0.02931394 -4.257605 -0.06428576 -0.03294715 0.9973875 -4.535974
0.9961407 0.05546398 0.06802556 261.9414 -0.05763544 0.9978752 0.03038389 -4.402889 -0.06619582 -0.03418731 0.9972208 -4.64187
0.9962384 0.05650736 0.06569657 264.001 -0.05873924 0.9977427 0.03255098 -4.550157 -0.06370889 -0.03628749 0.9973086 -4.739527
0.9962372 0.05656489 0.0656656 266.0487 -0.05903861 0.9975933 0.03636151 -4.691233 -0.06345078 -0.04010149 0.997179 -4.854575
0.9963879 0.0567404 0.06317969 268.1294 -0.05918787 0.9975399 0.03756393 -4.84611 -0.06089286 -0.04116772 0.997295 -4.942261
0.9960445 0.05651289 0.06856922 270.2003 -0.05906533 0.9976126 0.03578474 -4.986007 -0.06638322 -0.03969326 0.9970044 -5.047786
0.9960925 0.05610642 0.06820381 272.2616 -0.05881411 0.9975317 0.03836099 -5.144618 -0.06588316 -0.04222244 0.9969336 -5.174817
0.9959859 0.0564625 0.06945554 274.3333 -0.05906964 0.9976019 0.03607244 -5.285203 -0.06725224 -0.04003035 0.9969326 -5.272786
0.9960254 0.05722269 0.06825558 276.4035 -0.05986871 0.9975064 0.03737069 -5.438727 -0.06594693 -0.04130853 0.9969677 -5.396379
0.9958549 0.05845708 0.06968321 278.4781 -0.06123035 0.9973868 0.03834832 -5.584669 -0.06725937 -0.04245609 0.9968318 -5.502337
0.995798 0.06049004 0.06875588 280.5599 -0.06319456 0.9972827 0.03786357 -5.746551 -0.06627868 -0.04204946 0.9969147 -5.628425
0.9956723 0.06235177 0.06891214 282.6284 -0.06502835 0.9971858 0.0373027 -5.895886 -0.06639232 -0.04162251 0.9969251 -5.736813
0.9957752 0.06465551 0.06520259 284.6999 -0.06750051 0.9968174 0.04241563 -6.059829 -0.06225267 -0.04663764 0.9969702 -5.869419
0.9957291 0.06697027 0.06354952 286.7674 -0.06980186 0.9966148 0.04343343 -6.224921 -0.06042565 -0.04768381 0.9970331 -5.998373
0.9957717 0.06968189 0.05985951 288.8467 -0.07253664 0.9962616 0.04691884 -6.40061 -0.05636634 -0.05106246 0.9971035 -6.116682
0.9955946 0.07261699 0.05931513 290.9155 -0.0754104 0.9960773 0.04629579 -6.574065 -0.05572059 -0.05056482 0.9971652 -6.252659
0.9952986 0.07648087 0.05942494 292.9906 -0.07943089 0.9956367 0.04897469 -6.758042 -0.05542001 -0.05346462 0.9970307 -6.365689
0.9951508 0.07984447 0.05744332 295.0694 -0.08266574 0.9953947 0.04853686 -6.944345 -0.05330337 -0.05305009 0.9971682 -6.513042
0.9946842 0.08351068 0.06024431 297.1301 -0.08654156 0.9950134 0.04958581 -7.140738 -0.05580295 -0.05453585 0.9969513 -6.654597
0.9944503 0.0880034 0.05765406 299.2059 -0.09073384 0.9947851 0.0465853 -7.345059 -0.05325373 -0.05155794 0.9972491 -6.78302
0.9939913 0.09235261 0.05875674 301.2844 -0.0952362 0.9942809 0.04832647 -7.562048 -0.05395763 -0.05363186 0.9971019 -6.945995
0.9936852 0.09728376 0.0559058 303.3672 -0.09998956 0.9938383 0.04782737 -7.780365 -0.0509085 -0.05311535 0.9972899 -7.042894
0.9931846 0.1019083 0.05656105 305.4344 -0.1047902 0.9932082 0.05056265 -8.022733 -0.05102414 -0.05614509 0.997118 -7.217073
0.9928356 0.1066263 0.05392876 307.5203 -0.1093799 0.9926919 0.05097811 -8.260365 -0.04809904 -0.0565116 0.9972426 -7.318703
0.992184 0.1113195 0.05638085 309.5851 -0.1143694 0.9919639 0.05410754 -8.522974 -0.04990453 -0.06013289 0.9969421 -7.498132
0.9917139 0.1153579 0.05653419 311.6675 -0.1184328 0.9914685 0.0544402 -8.777569 -0.04977177 -0.06068461 0.9969153 -7.620175
0.9910821 0.1196984 0.05855337 313.7326 -0.1230014 0.9907975 0.05648953 -9.054397 -0.05125282 -0.0631879 0.9966847 -7.795346
0.9907518 0.123718 0.05571992 315.8064 -0.126881 0.9902595 0.05733321 -9.333673 -0.04808403 -0.06387278 0.996799 -7.945873
0.9903143 0.1275292 0.05489933 317.8684 -0.130758 0.9896034 0.05989513 -9.618052 -0.0466902 -0.06649353 0.9966938 -8.098304
0.9898691 0.1322289 0.05171742 319.9455 -0.135216 0.9890407 0.05929066 -9.918409 -0.04331068 -0.06568301 0.9969001 -8.238999
0.9890956 0.1361211 0.05622248 322.0286 -0.1395909 0.9881878 0.06323937 -10.23108 -0.04695016 -0.07039793 0.9964135 -8.421846
0.9885774 0.1399194 0.05601178 324.0938 -0.1436126 0.9872626 0.06846699 -10.55066 -0.04571848 -0.07572892 0.9960798 -8.582311
0.9879752 0.1430966 0.05855266 326.1742 -0.1469297 0.9868455 0.06743755 -10.87384 -0.04813234 -0.07522976 0.9960039 -8.761392
0.9875295 0.1466379 0.05729532 328.2556 -0.1503477 0.9863657 0.06692037 -11.21917 -0.04670107 -0.07470006 0.9961119 -8.965076
0.9871944 0.1505259 0.05281362 330.3628 -0.153892 0.9858257 0.06681946 -11.55801 -0.04200697 -0.07409139 0.9963663 -9.127547
0.9867781 0.1543068 0.049581 332.4427 -0.1574199 0.9852824 0.066613 -11.9005 -0.03857246 -0.07353729 0.9965463 -9.291744
0.9860576 0.1577391 0.05299867 334.5336 -0.1610122 0.9848417 0.06451587 -12.26348 -0.04201862 -0.07214979 0.9965083 -9.447468
0.9851754 0.1605763 0.06037188 336.6252 -0.1644382 0.9842032 0.06560612 -12.63662 -0.04888341 -0.07456097 0.9960176 -9.609655
0.9844596 0.1632992 0.06459633 338.7054 -0.1675533 0.9835795 0.0670588 -13.01534 -0.05258498 -0.07684001 0.9956558 -9.793654
0.9837707 0.1668295 0.06605456 340.7952 -0.1712245 0.9829077 0.06763536 -13.40778 -0.05364196 -0.07784785 0.9955211 -9.959764
0.9832753 0.1703119 0.06452589 342.8684 -0.1745786 0.982325 0.06752671 -13.81179 -0.05188479 -0.07766218 0.9956287 -10.15294
0.9826615 0.1742277 0.06341222 344.9333 -0.1784001 0.9816432 0.06745403 -14.20867 -0.05049581 -0.07759722 0.9957052 -10.32886
0.9819006 0.1780501 0.06457159 347.0308 -0.1823464 0.9808676 0.06817875 -14.6029 -0.05119695 -0.07871915 0.9955813 -10.49627
0.9812091 0.18078 0.06743387 349.0845 -0.18565 0.9797711 0.07471789 -15.01217 -0.05256226 -0.08583297 0.994922 -10.67785
0.9807308 0.1823262 0.07017271 351.1823 -0.1874831 0.9793494 0.07566193 -15.43701 -0.05492845 -0.08736019 0.9946613 -10.8669
0.9804771 0.1833675 0.07100058 353.2442 -0.1889219 0.9785999 0.08155103 -15.86259 -0.05452736 -0.09337248 0.994137 -11.10185
0.9806917 0.1851252 0.06302787 355.3092 -0.1901573 0.9779483 0.08635621 -16.28494 -0.04565129 -0.09667403 0.9942686 -11.32783
0.9805118 0.1869467 0.06039545 357.3842 -0.1916408 0.9778162 0.08455209 -16.7026 -0.04324892 -0.09447856 0.994587 -11.52095
0.9803391 0.1884904 0.05836633 359.4493 -0.1929931 0.9775404 0.08466607 -17.12816 -0.0410967 -0.09426575 0.9946985 -11.73358
0.9801547 0.1882645 0.06207504 361.5186 -0.1930836 0.9775914 0.08386632 -17.55558 -0.04489499 -0.09418764 0.9945416 -11.9298
0.9802817 0.1870488 0.06372216 363.5785 -0.1922355 0.977363 0.08835781 -17.99729 -0.04575245 -0.0988652 0.9940485 -12.16418
0.9806313 0.185021 0.06426101 365.6287 -0.1903978 0.9774646 0.09116865 -18.4182 -0.04594475 -0.101638 0.9937599 -12.38995
0.9810636 0.1843472 0.05941673 367.6766 -0.1891708 0.9778447 0.08963236 -18.83901 -0.04157687 -0.09917496 0.994201 -12.61099
0.9812124 0.183472 0.05966852 369.7397 -0.1880925 0.978534 0.08421724 -19.25263 -0.04293617 -0.0938582 0.9946593 -12.82322
0.9813958 0.1827085 0.05898962 371.7853 -0.1872634 0.9787008 0.08412519 -19.67441 -0.0423628 -0.09360671 0.9947076 -13.04612
0.9815534 0.1821769 0.05800409 373.812 -0.1866463 0.9788073 0.08425654 -20.08517 -0.04142524 -0.09352855 0.9947544 -13.25968
0.98154 0.1823216 0.05777589 375.8615 -0.186843 0.9786141 0.08604647 -20.50523 -0.04085217 -0.09525308 0.9946145 -13.47945
0.9815952 0.1832967 0.05360153 377.8993 -0.1874199 0.9784998 0.08609279 -20.90973 -0.03666857 -0.09455426 0.9948441 -13.68755
0.9812838 0.1850955 0.05312013 379.916 -0.1890635 0.9784302 0.08324341 -21.33065 -0.03656635 -0.09172849 0.9951125 -13.90856
0.9811103 0.186602 0.05101209 381.9507 -0.1902948 0.9783783 0.08101746 -21.73956 -0.0347911 -0.08919439 0.9954064 -14.09101
0.9808682 0.187972 0.05063607 383.9789 -0.1916432 0.9780769 0.08147655 -22.15689 -0.03421066 -0.08962182 0.9953882 -14.32055
0.9805962 0.1896227 0.04974189 385.9962 -0.1931777 0.9778523 0.0805425 -22.58058 -0.03336754 -0.08858869 0.9955093 -14.51163
0.9803891 0.1904947 0.05048792 388.0014 -0.1941273 0.977631 0.08094444 -22.99631 -0.03393907 -0.08915813 0.9954391 -14.71631
0.9802423 0.1914414 0.04975221 389.9929 -0.1950274 0.9773972 0.08160163 -23.41816 -0.03300574 -0.08969241 0.9954225 -14.91914
0.9800392 0.1926088 0.04924504 391.998 -0.1961802 0.9770777 0.08265908 -23.83757 -0.03219537 -0.09067003 0.9953604 -15.12558
0.9799707 0.1939459 0.04519328 394.0008 -0.1971753 0.9767911 0.08367211 -24.26202 -0.02791653 -0.09090722 0.995468 -15.33563
0.9798172 0.1949299 0.0442801 396.007 -0.1980215 0.9767802 0.08178138 -24.68635 -0.02731029 -0.08889922 0.9956661 -15.54425
0.9796625 0.1957405 0.0441263 398.0227 -0.1988617 0.9764664 0.08347087 -25.11098 -0.02674922 -0.09054831 0.9955328 -15.73658
0.9795578 0.1959815 0.04536354 400.0297 -0.1991985 0.9764454 0.08291204 -25.54173 -0.02804579 -0.09025348 0.9955239 -15.94048
0.9795742 0.1957754 0.04589446 402.0412 -0.1990808 0.9763502 0.08430237 -25.97848 -0.02830473 -0.09171714 0.9953827 -16.15662
0.9797001 0.1952946 0.045252 404.0324 -0.1984556 0.9767394 0.08121338 -26.39986 -0.02833888 -0.08854528 0.9956689 -16.35007
0.9797992 0.1949965 0.04438414 406.0487 -0.1980579 0.9768908 0.08035797 -26.82834 -0.02768894 -0.08752529 0.9957774 -16.55837
0.9797916 0.1951721 0.04377404 408.0286 -0.1981511 0.9769568 0.07931814 -27.25707 -0.02728466 -0.08638913 0.9958878 -16.74588
0.979846 0.1949832 0.04339714 410.0274 -0.1979903 0.9768051 0.08155767 -27.68149 -0.02648816 -0.08850617 0.9957234 -16.95977
0.9798407 0.195034 0.04328965 412.0174 -0.1980142 0.9768541 0.08091194 -28.10795 -0.02650708 -0.08785278 0.9957807 -17.14264
0.9798 0.194903 0.04477343 413.9987 -0.198039 0.9767754 0.08179551 -28.53209 -0.02779139 -0.08901013 0.9956429 -17.35227
0.9798032 0.1948025 0.04514043 415.9854 -0.1979733 0.9767835 0.0818564 -28.95466 -0.0281466 -0.08913976 0.9956213 -17.55093
0.9795449 0.1947314 0.05070879 417.9439 -0.1984618 0.9765351 0.08361799 -29.38033 -0.03323587 -0.09197135 0.9952068 -17.76531
0.9795139 0.194792 0.05107355 419.9374 -0.1985011 0.9766641 0.08200488 -29.80676 -0.0339078 -0.09046308 0.9953224 -17.94349
0.9793143 0.1949585 0.05417169 421.8978 -0.1988724 0.9767584 0.07995418 -30.23445 -0.03732491 -0.08907353 0.9953254 -18.1843
0.9792942 0.195236 0.05353322 423.8653 -0.1990838 0.9767342 0.07972614 -30.66184 -0.03672231 -0.08873294 0.9953783 -18.35405
0.9791414 0.1955114 0.05529447 425.814 -0.1995917 0.9764662 0.08171244 -31.07923 -0.03801747 -0.09104435 0.9951209 -18.56591
0.9791027 0.1957675 0.05507181 427.761 -0.1998277 0.9764159 0.08173615 -31.49888 -0.03777172 -0.09103295 0.9951313 -18.76142
0.9791094 0.195316 0.0565367 429.7121 -0.1995317 0.976433 0.08225447 -31.92421 -0.03913867 -0.09181699 0.9950064 -18.96548
0.9793934 0.1942003 0.05545026 431.6401 -0.1982766 0.9767812 0.0811462 -32.33996 -0.03840416 -0.09046855 0.9951586 -19.17133
0.9794562 0.1926417 0.05962033 433.5452 -0.1972736 0.9766397 0.08519425 -32.74379 -0.04181561 -0.09520557 0.994579 -19.37901
0.9802472 0.1912947 0.05021681 435.4356 -0.1949202 0.9774257 0.08151823 -33.14183 -0.03348919 -0.08969629 0.995406 -19.57567
0.9803364 0.1897395 0.05421633 437.3107 -0.1937491 0.9776168 0.08201832 -33.53518 -0.03744067 -0.0909099 0.995155 -19.79801
0.9809497 0.1879953 0.04894376 439.155 -0.191564 0.9779655 0.08298805 -33.91706 -0.03226393 -0.09078296 0.9953479 -19.95771
0.981037 0.1863114 0.05342707 441.006 -0.1902981 0.9782044 0.08308294 -34.30266 -0.0367833 -0.0916745 0.9951094 -20.17896
0.9814504 0.1844823 0.05216788 442.8227 -0.1883023 0.9787228 0.08151262 -34.68078 -0.03602025 -0.08982392 0.9953061 -20.34259
0.9813704 0.1834014 0.05723676 444.6342 -0.1875702 0.9790854 0.07879791 -35.05922 -0.04158803 -0.08806585 0.9952461 -20.55635
0.981425 0.1835661 0.05575398 446.4182 -0.1875047 0.9792914 0.07635533 -35.42698 -0.04058315 -0.08539116 0.9955207 -20.73044
0.9809743 0.1844299 0.06062148 448.2107 -0.18867 0.9792618 0.0738252 -35.79207 -0.04574872 -0.08385809 0.995427 -20.89342
0.9807828 0.1850583 0.06179437 449.9959 -0.1897316 0.9784843 0.08105669 -36.16788 -0.04546461 -0.09122335 0.994792 -21.06465
0.9803134 0.1855598 0.06747658 451.7592 -0.1910291 0.9777696 0.08645368 -36.5344 -0.04993422 -0.0976417 0.9939681 -21.25456
0.9804137 0.1866152 0.06295817 453.5305 -0.1915828 0.9777726 0.08518567 -36.90479 -0.04566183 -0.0955789 0.994374 -21.43482
0.9801963 0.1878528 0.06266239 455.2985 -0.1923446 0.9784096 0.07561769 -37.27107 -0.0471045 -0.08617295 0.995166 -21.62597
0.9802053 0.1888743 0.05936383 457.0517 -0.1928608 0.9786764 0.07068899 -37.63964 -0.04474666 -0.08073867 0.9957304 -21.80523
0.9800295 0.1901945 0.05803663 458.7972 -0.1939299 0.9786937 0.06745441 -37.99326 -0.04397062 -0.07736234 0.996033 -21.96748
0.9799718 0.1912663 0.05543042 460.5386 -0.1950247 0.9780799 0.07297415 -38.35892 -0.04025787 -0.0823229 0.9957923 -22.12593
0.9798163 0.192024 0.05555869 462.2623 -0.195978 0.9775306 0.07763109 -38.71731 -0.03940328 -0.08695249 0.9954329 -22.27947
0.9798299 0.1925645 0.05340625 463.983 -0.1964398 0.9771986 0.08058704 -39.08472 -0.0366703 -0.08945271 0.9953158 -22.44748
0.9798301 0.1923102 0.05431186 465.7042 -0.1962706 0.9772259 0.08066959 -39.44138 -0.03756137 -0.08970232 0.9952601 -22.62314
0.9798985 0.1919265 0.0544342 467.3967 -0.1960475 0.9769355 0.08463268 -39.80904 -0.03693544 -0.09360313 0.9949242 -22.81523
0.9798962 0.1912481 0.05681173 469.0923 -0.1956493 0.976894 0.08601933 -40.17297 -0.03904801 -0.0954052 0.9946724 -22.97241
0.9800344 0.1903449 0.05745902 470.7804 -0.1948727 0.9769112 0.08757319 -40.53009 -0.03946325 -0.09702193 0.9944996 -23.17083
0.9801849 0.1892528 0.0584883 472.4673 -0.193872 0.977137 0.08727542 -40.88914 -0.04063397 -0.0968853 0.9944658 -23.34389
0.9802926 0.1883421 0.0596136 474.1286 -0.1929925 0.9774808 0.08535545 -41.23827 -0.04219512 -0.09517828 0.9945655 -23.52228
0.9805096 0.1872863 0.05936902 475.7896 -0.1918995 0.9777306 0.08495569 -41.5899 -0.04213587 -0.09469277 0.9946144 -23.70264
0.9807574 0.1862744 0.05845349 477.4409 -0.1908188 0.9779103 0.08532038 -41.92693 -0.04126927 -0.09483261 0.9946374 -23.89359
0.9810388 0.1858868 0.0548535 479.0983 -0.1900495 0.9781554 0.0842208 -42.27016 -0.03799971 -0.09304875 0.9949362 -24.05386
0.9812043 0.1851412 0.05441278 480.7496 -0.1893555 0.97808 0.08662409 -42.60392 -0.03718238 -0.09529929 0.994754 -24.24516
0.9813315 0.184794 0.05328853 482.3842 -0.1890193 0.9778514 0.08987875 -42.94114 -0.03549921 -0.09827341 0.9945261 -24.41711
0.9816079 0.1847451 0.04811704 484.0124 -0.1885225 0.9777689 0.09180045 -43.27028 -0.03008766 -0.09918319 0.9946142 -24.61043
0.9814909 0.1852677 0.04849178 485.6481 -0.1892389 0.9771209 0.0970753 -43.60549 -0.02939741 -0.1044551 0.994095 -24.79369
0.9819206 0.1857673 0.0363656 487.2494 -0.1884721 0.9773251 0.09650946 -43.9229 -0.01761271 -0.1016185 0.9946675 -25.001
0.9819344 0.1863759 0.03269244 488.8823 -0.1885666 0.9781826 0.08718645 -44.24002 -0.01572972 -0.09177608 0.9956554 -25.19176
0.9818614 0.1870057 0.03126036 490.5164 -0.1889517 0.9787378 0.07980908 -44.57716 -0.01567094 -0.08426815 0.9963199 -25.33374
0.9814635 0.1878326 0.03805654 492.1346 -0.1903013 0.9786626 0.07749128 -44.90176 -0.02268912 -0.08329707 0.9962664 -25.45498
0.981297 0.1887757 0.03768079 493.714 -0.1911917 0.9785551 0.07665312 -45.23595 -0.02240248 -0.08242372 0.9963456 -25.69104
0.9810106 0.1892667 0.04238471 495.358 -0.1922686 0.977729 0.08413589 -45.57034 -0.02551664 -0.09068744 0.9955525 -25.77773
0.9809554 0.1899472 0.04057841 496.9571 -0.1928323 0.9774369 0.08621343 -45.90249 -0.02328683 -0.09239636 0.99545 -25.95379
0.9806916 0.1908743 0.04255483 498.549 -0.1939093 0.9773272 0.08503123 -46.23322 -0.02535971 -0.0916412 0.9954691 -26.15602
0.980563 0.1917281 0.04167067 500.1636 -0.1946762 0.9771849 0.08491661 -46.5713 -0.02443906 -0.09137838 0.9955163 -26.28386
0.9803234 0.1929427 0.04170254 501.7495 -0.1958689 0.9770195 0.08407211 -46.90472 -0.02452309 -0.09058609 0.9955866 -26.48426
0.9801549 0.1940559 0.04048152 503.3818 -0.1968895 0.9767332 0.08500967 -47.25116 -0.02304302 -0.09129303 0.9955574 -26.624
0.9799263 0.1951837 0.04059131 504.9726 -0.198063 0.9763439 0.08673822 -47.58498 -0.0227012 -0.0930367 0.9954038 -26.80467
0.9798014 0.1960385 0.03947445 506.5817 -0.1988206 0.9761497 0.08719075 -47.92486 -0.02144023 -0.09327795 0.9954093 -26.9772
0.9794554 0.1972501 0.04194724 508.2043 -0.2003097 0.9756521 0.08932457 -48.28069 -0.02330663 -0.09589187 0.9951189 -27.13073
0.9792391 0.1984892 0.04114388 509.8079 -0.2014754 0.9753777 0.08970115 -48.62516 -0.02232611 -0.09612835 0.9951185 -27.3103
0.9789519 0.1992712 0.04409321 511.4278 -0.202516 0.975245 0.08879363 -48.98161 -0.02530768 -0.09585427 0.9950736 -27.47284
0.9787577 0.2006851 0.04193835 513.0576 -0.203676 0.9751664 0.08698667 -49.33927 -0.02343994 -0.0936807 0.9953263 -27.65773
0.9784502 0.2018723 0.04339116 514.6907 -0.204956 0.9750369 0.08541574 -49.69642 -0.02506492 -0.09246832 0.9954001 -27.81433
0.9782213 0.2034817 0.04096756 516.3103 -0.2063565 0.9746614 0.08632673 -50.04888 -0.02236359 -0.09290057 0.9954242 -28.00087
0.9779686 0.2047591 0.04063514 517.9533 -0.2075839 0.9744583 0.08567284 -50.41574 -0.02205496 -0.09222054 0.9954943 -28.15886
0.9777619 0.2058923 0.03987446 519.5867 -0.2086811 0.9740628 0.08748577 -50.77539 -0.02082759 -0.0938613 0.9953674 -28.33098
0.9775917 0.2066476 0.04014024 521.2447 -0.209425 0.974044 0.08590475 -51.14843 -0.02134634 -0.09238615 0.9954944 -28.50365
0.9774674 0.2068371 0.04214208 522.8937 -0.2098325 0.9738292 0.0873338 -51.52518 -0.02297531 -0.09420872 0.9952873 -28.66416
0.9775986 0.2060345 0.04302007 524.5532 -0.2090939 0.9740689 0.08642576 -51.90669 -0.02409782 -0.09348493 0.995329 -28.85239
0.9778172 0.2045644 0.04502163 526.2023 -0.2078498 0.9742225 0.08768773 -52.27235 -0.02592329 -0.0951003 0.9951301 -29.00834
0.9782104 0.2030053 0.04351212 527.8517 -0.2061373 0.9746431 0.08705321 -52.63665 -0.02473652 -0.09412582 0.995253 -29.19328
0.9784153 0.2016065 0.04536868 529.4977 -0.2049225 0.9748868 0.08719302 -53.00802 -0.02665065 -0.09460805 0.9951578 -29.36846
0.9788503 0.2000615 0.04274964 531.1559 -0.2031309 0.9752796 0.08699128 -53.37305 -0.02428925 -0.0938352 0.9952914 -29.54864
0.9790942 0.1984682 0.04455225 532.8027 -0.2017049 0.9756031 0.08668099 -53.73359 -0.02626189 -0.09385526 0.9952394 -29.71351
0.9795273 0.1969825 0.04152348 534.458 -0.1999041 0.9761108 0.08512601 -54.08541 -0.02376317 -0.09168396 0.9955046 -29.89549
0.9797609 0.1955058 0.04296458 536.1212 -0.1985398 0.9764743 0.08414228 -54.44719 -0.02550351 -0.0909695 0.995527 -30.06096
0.9800509 0.1945409 0.04067192 537.7583 -0.1973647 0.9767314 0.08392189 -54.78942 -0.0233993 -0.09027492 0.9956419 -30.22841
0.9800752 0.1941394 0.04198153 539.4117 -0.1970581 0.9768789 0.08291879 -55.14625 -0.02491307 -0.08953945 0.9956716 -30.39726
0.9801639 0.1937766 0.04158467 541.0635 -0.1966578 0.9769706 0.08279137 -55.50029 -0.02458396 -0.08932706 0.9956989 -30.56279
0.9802831 0.1925086 0.04455849 542.7266 -0.1956688 0.9771439 0.08308727 -55.84917 -0.02754505 -0.09016775 0.9955456 -30.74316
0.9805895 0.1913238 0.0428881 544.3842 -0.1944108 0.9771495 0.08592697 -56.20065 -0.02546821 -0.092597 0.9953779 -30.91556
0.9807387 0.1902711 0.0441422 546.0365 -0.1934976 0.9772667 0.08665182 -56.54062 -0.02665137 -0.09352421 0.9952602 -31.09542
0.9810085 0.1889456 0.04383986 547.7051 -0.1921751 0.9774382 0.08765367 -56.89083 -0.02628898 -0.09441393 0.9951859 -31.25906
0.9812464 0.1874318 0.04499876 549.3892 -0.1908022 0.9776232 0.08858512 -57.24049 -0.02738816 -0.09550969 0.9950516 -31.43548
0.9817314 0.1848485 0.04510417 551.0783 -0.1882255 0.9781646 0.08811992 -57.5898 -0.02783046 -0.09499984 0.9950882 -31.60444
0.9823076 0.1809798 0.04814804 552.7863 -0.184664 0.9788342 0.08822112 -57.92905 -0.03116271 -0.09555148 0.9949366 -31.78467
0.9831886 0.1759006 0.04898067 554.4806 -0.1797077 0.9796859 0.08899868 -58.26239 -0.03233075 -0.09630469 0.9948267 -31.968
0.9839399 0.1712213 0.05045411 556.1855 -0.1752007 0.9804658 0.08939586 -58.59221 -0.03416206 -0.09679974 0.9947174 -32.14721
0.984805 0.1667316 0.04857648 557.8721 -0.1705443 0.9812894 0.0893634 -58.90678 -0.03276788 -0.09628996 0.9948138 -32.33931
0.9853731 0.1633309 0.04860933 559.5527 -0.1671383 0.981931 0.08874761 -59.21642 -0.03323579 -0.095574 0.9948673 -32.50714
0.9859315 0.1605326 0.04656568 561.2343 -0.1641576 0.9824256 0.08883745 -59.51121 -0.03148601 -0.09523175 0.994957 -32.70161
0.9861595 0.1595138 0.04521901 562.9404 -0.163018 0.9826039 0.08896388 -59.80388 -0.0302414 -0.0951041 0.9950079 -32.86856
0.9863586 0.1587828 0.0434134 564.6625 -0.1620937 0.9828328 0.08812106 -60.114 -0.02867601 -0.09395601 0.9951633 -33.04665
0.9863437 0.1586686 0.04416335 566.3615 -0.1620061 0.9829804 0.0866228 -60.4155 -0.02966739 -0.09259459 0.9952618 -33.22335
0.9862998 0.1592437 0.04306096 568.1074 -0.1624958 0.982842 0.08727489 -60.72416 -0.02842414 -0.09307643 0.9952531 -33.40347
0.9862792 0.1593242 0.04323203 569.8213 -0.1626127 0.982758 0.08799944 -61.02383 -0.02846618 -0.0938221 0.9951819 -33.58473
0.9863009 0.1595115 0.04203064 571.5447 -0.1627729 0.9824413 0.09118274 -61.31607 -0.02674794 -0.09677507 0.9949468 -33.75793
0.9862801 0.1597389 0.04165256 573.2739 -0.1629536 0.9824439 0.09083061 -61.62421 -0.02641212 -0.09637186 0.9949949 -33.94326
0.9861631 0.1603266 0.04216138 575.0121 -0.1635794 0.9823694 0.09050877 -61.9346 -0.02690709 -0.09615315 0.9950028 -34.13772
0.9860885 0.1606843 0.04254489 576.7652 -0.163967 0.9823236 0.09030602 -62.25379 -0.02728209 -0.09602568 0.9950049 -34.32054
0.9859658 0.1616961 0.04154209 578.4938 -0.1648986 0.9820975 0.09106655 -62.55642 -0.02607327 -0.09663873 0.994978 -34.51984
0.9858208 0.1626584 0.04122512 580.2571 -0.1657963 0.9820533 0.08990348 -62.86647 -0.02586171 -0.0954637 0.9950969 -34.70137
0.9856836 0.1634966 0.04119078 582.0031 -0.1666249 0.9819244 0.08978147 -63.18659 -0.02576727 -0.09535953 0.9951093 -34.8931
0.9856488 0.163989 0.04004988 583.7751 -0.1669742 0.9819837 0.08847288 -63.50105 -0.02481975 -0.09389048 0.9952731 -35.07063
0.9854326 0.1650292 0.04108381 585.5518 -0.1681284 0.9817141 0.08927479 -63.8162 -0.02559962 -0.09488165 0.9951593 -35.26929
0.9854512 0.1654821 0.03874999 587.3019 -0.1683063 0.9818825 0.08706349 -64.13512 -0.02364048 -0.09231868 0.9954488 -35.44982
0.9850698 0.1673919 0.04021804 589.0555 -0.1703184 0.981629 0.0860001 -64.45493 -0.02508348 -0.09156597 0.995483 -35.62579
0.9848301 0.169263 0.03820699 590.8157 -0.1719654 0.9814676 0.08455442 -64.78043 -0.02318699 -0.08984201 0.9956861 -35.81078
0.9843815 0.1710553 0.04163148 592.5941 -0.1740267 0.9812133 0.08327758 -65.11708 -0.02660429 -0.08922189 0.9956564 -35.98273
0.9841247 0.1728887 0.04010163 594.3588 -0.1757257 0.9808832 0.08359889 -65.4514 -0.02488171 -0.08931861 0.9956923 -36.17686
0.9836372 0.1748746 0.04332128 596.1389 -0.178005 0.9804389 0.08398709 -65.79215 -0.02778665 -0.09032422 0.9955247 -36.34967
0.9832194 0.177831 0.04068933 597.8563 -0.1807473 0.9798224 0.08531501 -66.12082 -0.02469666 -0.09123787 0.9955229 -36.54047
0.982264 0.1828471 0.04152473 599.6039 -0.1858032 0.978942 0.08455557 -66.46593 -0.02518956 -0.09077132 0.9955531 -36.71402
0.9813086 0.1880592 0.04083171 601.3276 -0.1909467 0.9779087 0.08505248 -66.81028 -0.02393478 -0.09125941 0.9955395 -36.9001
