1.0 0.0 0.0 0.0 0.0 1.0 0.0 0.0 0.0 0.0 1.0 0.0
0.9999987 0.001556983 -0.0004030059 0.8448035 -0.001557015 0.9999989 -7.959011e-05 -0.06907461 0.0004028815 8.021748e-05 0.9999999 -0.0103867
0.999999 0.0008037005 -0.001147115 1.491263 -0.0008057603 0.9999981 -0.001796271 -0.09845499 0.001145669 0.001797194 0.9999977 -0.04660751
0.9999971 -0.00156611 -0.001822891 2.304486 0.001565793 0.9999988 -0.0001754293 -0.1309472 0.001823163 0.0001725746 0.9999983 -0.04725663
0.9999918 0.001026633 -0.003904755 2.543933 -0.001028608 0.9999993 -0.0005039573 -0.1824425 0.003904235 0.0005079696 0.9999923 -0.05915908
0.9999799 0.005556884 -0.003052521 2.658694 -0.005561671 0.9999834 -0.001561935 -0.259223 0.003043791 0.00157888 0.9999941 -0.0521876
0.9998836 0.01415295 -0.005695741 2.467153 -0.01416274 0.9998983 -0.001681984 -0.3565353 0.005671356 0.001762456 0.9999824 -0.05074874
0.9997906 0.02033655 -0.002278463 2.38672 -0.02034122 0.999791 -0.002046741 -0.433771 0.002236363 0.002092659 0.9999953 -0.0517657
0.9997807 0.02073365 0.002942114 2.757142 -0.02072197 0.9997774 -0.00394541 -0.5065514 -0.003023262 0.003883579 0.9999879 -0.04851375
0.9997306 0.02216386 0.006891363 3.004081 -0.02213437 0.9997456 -0.004326632 -0.5774727 -0.006985505 0.00417293 0.9999669 -0.03580684
0.9997277 0.02092098 0.01033873 3.528066 -0.02088056 0.999774 -0.004001561 -0.6361926 -0.01042011 0.003784593 0.9999385 -0.02374227
0.9996539 0.02452688 0.009518729 3.776706 -0.02450515 0.9996967 -0.002393144 -0.7035863 -0.009574539 0.002159058 0.9999518 -0.03136913
0.9995776 0.02760077 0.009105627 3.969011 -0.02759624 0.999619 -0.0006228227 -0.7548144 -0.009119348 0.0003712785 0.9999583 -0.02873635
0.9992012 0.03995869 0.00043789 3.61406 -0.03995863 0.9992013 -0.0001525781 -0.8641694 -0.0004436371 0.0001349588 0.9999999 -0.03892093
0.9990529 0.04325717 0.004710205 4.119351 -0.04324705 0.9990618 -0.002231369 -0.9075226 -0.004802309 0.002025553 0.9999864 -0.03407809
0.9985854 0.05303167 0.003856205 4.388227 -0.05302279 0.9985905 -0.002370927 -1.033059 -0.003976504 0.002163106 0.9999897 -0.04181664
0.9982349 0.05924337 0.004166854 4.481201 -0.05923283 0.9982407 -0.002610337 -1.122711 -0.004314169 0.002358915 0.9999879 -0.05876168
0.9976121 0.06840288 0.009549781 4.789485 -0.06839398 0.9976578 -0.001255595 -1.258909 -0.009613297 0.0005994496 0.9999536 -0.04642898
0.9973567 0.07226253 0.007603863 4.978987 -0.07225366 0.9973854 -0.001434785 -1.333631 -0.007687663 0.0008815855 0.9999701 -0.06878461
0.995977 0.08960792 -0.0004805753 4.799396 -0.0896083 0.9959767 -0.0008607039 -1.484997 0.0004015159 0.0009003048 0.9999995 -0.1048958
0.9945679 0.1038822 -0.006576876 5.030952 -0.1039123 0.9945767 -0.00440203 -1.670133 0.006083915 0.005061536 0.9999687 -0.1232875
0.9937074 0.1118857 -0.005227043 5.194891 -0.1119301 0.9936739 -0.009153911 -1.763543 0.004169784 0.009681371 0.9999444 -0.1230597
0.992991 0.1179624 -0.007328452 5.534992 -0.1180344 0.9929558 -0.01033037 -1.825634 0.006058234 0.01112297 0.9999198 -0.1159871
0.9927151 0.1202512 -0.007510015 5.589513 -0.1203315 0.9926689 -0.01135532 -1.892116 0.006089467 0.01217629 0.9999073 -0.1153783
0.9954748 0.09414916 -0.01287852 5.321291 -0.09430178 0.9954735 -0.0118053 -1.969428 0.01170877 0.01296635 0.9998474 -0.1222454
0.9963078 0.08502094 -0.01192586 5.222596 -0.08515994 0.996299 -0.01167503 -2.018788 0.01088909 0.01264753 0.9998607 -0.1063046
0.9961817 0.08634187 -0.01292918 5.360699 -0.08648467 0.9961934 -0.01092455 -2.046728 0.01193671 0.01200101 0.9998567 -0.1022379
0.9958998 0.08855971 -0.01845913 5.510966 -0.08873596 0.9960148 -0.008957133 -2.104107 0.01759233 0.01055839 0.9997895 -0.1054426
0.9958537 0.08870736 -0.02016283 5.264208 -0.08881478 0.996038 -0.004494469 -2.167863 0.01968425 0.006266591 0.9997866 -0.1145429
0.9960432 0.0858103 -0.02312086 5.314467 -0.08593839 0.9962898 -0.004602775 -2.213387 0.02264011 0.006571531 0.9997221 -0.1182453
0.9964899 0.0810409 -0.02098161 5.356744 -0.08115219 0.9966916 -0.004506913 -2.215078 0.02054695 0.006193797 0.9997697 -0.1196856
0.9974664 0.06812553 -0.02048423 5.321102 -0.06821938 0.9976625 -0.00391736 -2.245885 0.02016948 0.005304857 0.9997825 -0.1150096
0.9972595 0.07170242 -0.01822648 5.273163 -0.07171398 0.9974253 1.888315e-05 -2.301351 0.0181809 0.001288262 0.9998339 -0.1293572
0.9972948 0.0706202 -0.02038959 5.342008 -0.07059848 0.9975034 0.001784583 -2.367277 0.02046471 -0.0003402816 0.9997905 -0.1372992
0.9978274 0.06264458 -0.02040267 5.403188 -0.06261105 0.9980354 0.002278903 -2.369674 0.02050535 -0.0009965197 0.9997892 -0.1376075
0.9981136 0.05632883 -0.02441742 5.446671 -0.05626389 0.9984102 0.003339313 -2.399975 0.0245667 -0.001959195 0.9996963 -0.1727678
0.9983596 0.0534138 -0.02061806 5.389637 -0.05337727 0.9985719 0.002318327 -2.405252 0.02071245 -0.001213988 0.9997847 -0.1467534
0.9985301 0.05048903 -0.01971071 5.532075 -0.05039781 0.9987161 0.005097799 -2.421311 0.01994279 -0.004096929 0.9997928 -0.1602786
0.9983665 0.05520767 -0.01471108 5.386786 -0.05514539 0.9984677 0.004607052 -2.374412 0.01494288 -0.003788278 0.9998811 -0.1539933
0.998217 0.05661596 -0.0189082 5.574102 -0.05653268 0.9983888 0.004910971 -2.411198 0.01915577 -0.003833284 0.9998091 -0.1906738
0.9978001 0.06513721 -0.0123337 5.670658 -0.06513683 0.9978762 0.0004327223 -2.384632 0.0123357 0.0003716079 0.9999238 -0.1795866
0.9977189 0.06612194 -0.01359322 5.545994 -0.0661107 0.9978113 0.001274603 -2.347392 0.01364775 -0.0003730382 0.9999068 -0.1834564
0.9977959 0.06516037 -0.01254732 5.505357 -0.06519219 0.9978703 -0.002143521 -2.388656 0.01238092 0.002956783 0.999919 -0.1692467
0.9972401 0.07308765 -0.01305013 5.633638 -0.07310329 0.997324 -0.0007253654 -2.391087 0.0129622 0.001677371 0.9999146 -0.1875804
0.9974265 0.06990767 -0.01591577 5.527707 -0.06996046 0.9975458 -0.002784495 -2.426831 0.01568205 0.003890804 0.9998695 -0.1836852
0.9975708 0.06837656 -0.01330807 5.414768 -0.0683842 0.997659 -0.000120236 -2.421135 0.01326869 0.001030006 0.9999114 -0.1825359
0.9975593 0.068404 -0.01401315 5.446198 -0.06845447 0.9976492 -0.003153415 -2.405184 0.0137645 0.004104981 0.9998968 -0.1679094
0.997884 0.06372348 -0.01292085 5.519123 -0.06372011 0.9979676 0.000672762 -2.468163 0.01293746 0.0001519797 0.9999163 -0.1696316
0.9978289 0.06421826 -0.01461004 5.575208 -0.06418591 0.9979343 0.002673118 -2.499581 0.01475153 -0.001729556 0.9998897 -0.1578172
0.9975214 0.06891163 -0.01422303 5.510942 -0.06883854 0.9976125 0.005566276 -2.494507 0.01457265 -0.004573387 0.9998834 -0.1823563
0.9980004 0.06187612 -0.0128999 5.476863 -0.06181354 0.9980742 0.005194948 -2.504571 0.0131965 -0.004387171 0.9999033 -0.1791637
0.9985633 0.05318994 -0.006495559 5.601952 -0.05314019 0.998558 0.007605357 -2.491372 0.006890722 -0.007249255 0.99995 -0.1658869
0.9985207 0.05380858 -0.007809862 5.606874 -0.05373708 0.9985137 0.009092799 -2.513359 0.008287525 -0.008659669 0.9999282 -0.1792193
0.9985142 0.05443443 -0.002490292 5.530046 -0.05441099 0.9984809 0.008672666 -2.539958 0.002958601 -0.008524282 0.9999593 -0.1783532
0.9985509 0.0533735 -0.006884994 5.560009 -0.05333334 0.9985595 0.005891143 -2.549922 0.007189507 -0.005515406 0.9999589 -0.2254443
0.9990237 0.0441737 0.0005172525 5.64018 -0.04417396 0.9990237 0.0005098315 -2.572281 -0.0004942264 -0.0005321829 0.9999998 -0.1822404
0.9992313 0.03920244 3.907378e-05 5.723387 -0.03920242 0.9992284 0.002473777 -2.502043 5.793447e-05 -0.002473407 0.999997 -0.1691191
0.9994747 0.03239713 0.0008480878 5.540872 -0.03240056 0.9994653 0.00439742 -2.493673 -0.0007051706 -0.004422589 0.99999 -0.1502367
0.9996954 0.02415421 -0.005067643 5.495199 -0.02411006 0.9996722 0.008600464 -2.498409 0.00527372 -0.008475663 0.9999502 -0.1525847
0.9996755 0.02325988 -0.01039119 5.584035 -0.02319667 0.9997119 0.006162574 -2.49192 0.01053153 -0.005919533 0.999927 -0.1737604
0.9996511 0.02464605 -0.009495756 5.539136 -0.02458491 0.9996766 0.00650232 -2.455033 0.009652941 -0.006266599 0.9999338 -0.1619302
0.9997301 0.02005466 -0.01173105 5.50708 -0.01998323 0.9997813 0.006174762 -2.382375 0.01185231 -0.005938671 0.9999121 -0.1623559
0.9996428 0.02364117 -0.01246354 5.486045 -0.02356364 0.9997023 0.006331562 -2.33033 0.01260951 -0.006035613 0.9999023 -0.1466348
0.9996728 0.01550429 -0.02034216 5.531109 -0.01533696 0.9998475 0.008356253 -2.268531 0.02046861 -0.008041533 0.9997582 -0.1827341
0.9994857 0.02465262 -0.02050702 5.406262 -0.02460026 0.9996934 0.002801656 -2.252791 0.02056981 -0.002295737 0.9997858 -0.1522618
0.9995459 0.0238256 -0.01844628 5.418775 -0.02381444 0.9997162 0.0008242111 -2.163135 0.01846068 -0.0003845491 0.9998295 -0.1380283
0.9995317 0.02479924 -0.01792694 5.408878 -0.02479202 0.9996923 0.0006244815 -2.093394 0.01793691 -0.0001797439 0.9998391 -0.1226033
0.9991187 0.03467254 -0.02365482 5.246965 -0.03457005 0.9993911 0.00472823 -2.107774 0.02380436 -0.003906315 0.999709 -0.1525335
0.9993352 0.02601044 -0.0255459 5.1379 -0.02596802 0.9996608 0.001990943 -2.070181 0.02558902 -0.001326243 0.9996717 -0.1330365
0.9990066 0.03736044 -0.02428905 5.212037 -0.0372816 0.999298 0.003690733 -2.055238 0.02440989 -0.002781532 0.9996982 -0.1483057
0.9988632 0.04191208 -0.02270832 5.078417 -0.04187539 0.9991207 0.002088747 -2.032395 0.0227759 -0.001135453 0.9997399 -0.1351856
0.9986914 0.04485399 -0.02456882 4.959228 -0.04476451 0.9989889 0.004180197 -1.994843 0.02473147 -0.003074916 0.9996894 -0.1494868
0.9985409 0.04718123 -0.02626618 4.970043 -0.04713454 0.9988858 0.002394125 -1.970883 0.02634987 -0.001152587 0.9996521 -0.1284369
0.9979589 0.05824586 -0.0261816 4.816014 -0.05818506 0.9983011 0.003078681 -2.025474 0.02631644 -0.001549019 0.9996524 -0.1353612
0.997682 0.06293903 -0.02587033 4.722476 -0.06282623 0.9980111 0.005150829 -2.012439 0.02614307 -0.003513553 0.999652 -0.127569
0.9976358 0.0642127 -0.02448684 4.812442 -0.06408084 0.9979259 0.0061327 -2.00272 0.02482985 -0.004549063 0.9996814 -0.147629
0.9976966 0.06260286 -0.02612105 4.746053 -0.06241309 0.9980181 0.008018812 -2.006215 0.02657128 -0.006370047 0.9996266 -0.1646312
0.9979998 0.05945682 -0.02147914 4.493765 -0.05936961 0.9982251 0.004675834 -1.965065 0.02171903 -0.003391272 0.9997584 -0.1612152
0.9978959 0.06000576 -0.02455808 4.580616 -0.05990107 0.9981921 0.004977221 -1.960804 0.02481234 -0.003495693 0.999686 -0.1708151
0.9980527 0.05776476 -0.02354043 4.460999 -0.05772515 0.9983296 0.00235936 -1.959305 0.0236374 -0.0009958901 0.9997201 -0.1616583
0.9981822 0.05503883 -0.02455469 4.243543 -0.05503124 0.9984841 0.0009852709 -1.953055 0.0245717 0.0003677951 0.999698 -0.1473397
0.998736 0.04547639 -0.02140606 4.135364 -0.04548307 0.9989653 0.0001747581 -1.944967 0.02139186 0.0007990762 0.9997708 -0.1218221
0.9991192 0.03532265 -0.02265282 4.088281 -0.03527775 0.9993747 0.002378534 -1.899931 0.02272268 -0.001577298 0.9997405 -0.1105558
0.9989775 0.03578515 -0.02762944 3.951105 -0.03563901 0.9993479 0.005764032 -1.905726 0.0278177 -0.004773452 0.9996016 -0.1336562
0.9990403 0.02698318 -0.03450154 4.024189 -0.02676329 0.9996186 0.006819533 -1.92535 0.03467239 -0.005889614 0.9993814 -0.1848381
0.998377 0.02830569 -0.04941806 4.05239 -0.02804741 0.9995891 0.005912354 -1.98158 0.0495651 -0.00451671 0.9987607 -0.2385304
0.9979343 0.04584036 -0.0450085 3.724516 -0.0457376 0.998948 0.003310811 -2.115824 0.04511292 -0.001245391 0.9989811 -0.2096993
0.9976549 0.04696219 -0.04979322 3.690141 -0.04675688 0.9988923 0.005280768 -2.138702 0.04998606 -0.002940208 0.9987456 -0.2506823
0.9977106 0.04378783 -0.05153683 3.677143 -0.04358956 0.9990371 0.004965371 -2.069478 0.05170463 -0.002707535 0.9986588 -0.2687759
0.997168 0.04331266 -0.06148119 3.543165 -0.04309695 0.9990592 0.004830929 -2.103353 0.0616326 -0.002167595 0.9980965 -0.3018631
0.9962558 0.0450315 -0.07380117 3.486018 -0.04467319 0.9989805 0.006499546 -2.159809 0.07401861 -0.003178277 0.9972518 -0.3635409
0.9958836 0.04467641 -0.07886638 3.397073 -0.04446138 0.999001 0.004481174 -2.181682 0.07898779 -0.0009562199 0.9968751 -0.400833
0.9948262 0.03935268 -0.09365993 3.209834 -0.03901799 0.9992239 0.005402709 -2.21434 0.09379985 -0.001720335 0.9955896 -0.4749543
0.994899 0.03296541 -0.09533753 3.012713 -0.03252438 0.9994516 0.006176626 -2.221495 0.09548888 -0.003044324 0.9954258 -0.495939
0.9959842 0.03403726 -0.08280631 3.218099 -0.03315758 0.9993784 0.01197587 -2.084127 0.08316246 -0.009182118 0.9964937 -0.4595661
0.9954854 0.03566707 -0.08795898 3.195412 -0.0349853 0.9993447 0.009280997 -2.050157 0.08823237 -0.006161826 0.9960809 -0.4702907
0.9948563 0.03541142 -0.09490495 3.216837 -0.03510206 0.9993716 0.004927689 -2.061454 0.09501981 -0.001570983 0.9954742 -0.4950217
0.9946128 0.03289595 -0.09830155 3.301774 -0.0328806 0.9994576 0.001776564 -2.009398 0.09830669 0.001465221 0.9951551 -0.4863881
0.9944276 0.03817876 -0.09826524 3.892908 -0.03828633 0.9992665 0.0007914482 -2.00516 0.09822338 0.002975178 0.9951599 -0.474472
0.9936842 0.04393543 -0.1032536 4.456401 -0.04369608 0.9990345 0.004579916 -2.006562 0.1033552 -3.921124e-05 0.9946445 -0.5172411
0.9935114 0.0573816 -0.09819621 5.193594 -0.05708604 0.9983523 0.005819239 -2.098295 0.09836833 -0.0001758481 0.9951501 -0.4910117
0.9919016 0.07591855 -0.1018217 5.717226 -0.07549364 0.9971139 0.008025707 -2.217354 0.1021372 -0.0002738175 0.9947703 -0.5067359
0.9907171 0.083313 -0.1074184 6.262392 -0.08284217 0.9965234 0.008845895 -2.369335 0.1077819 0.0001349915 0.9941745 -0.5408534
0.9903694 0.09410055 -0.1015552 6.967213 -0.09309846 0.9955503 0.01457287 -2.431136 0.1024746 -0.004977893 0.9947231 -0.5759094
0.9895261 0.1065978 -0.09733983 7.812504 -0.1051508 0.9942575 0.01989032 -2.513197 0.0989011 -0.009446623 0.9950525 -0.6108275
0.9884757 0.1189252 -0.09366172 8.980771 -0.1176947 0.9928762 0.01857349 -2.666309 0.09520333 -0.007335953 0.9954308 -0.6439861
0.9869025 0.1327879 -0.09160177 10.37295 -0.1314977 0.9911145 0.02000636 -2.870582 0.09344445 -0.007698906 0.9955947 -0.7067136
0.9850195 0.1462455 -0.0913717 11.77224 -0.1450745 0.9892312 0.01936535 -3.079066 0.09321983 -0.005819552 0.9956285 -0.7688419
0.9829619 0.1597339 -0.09094526 13.12107 -0.1582827 0.987126 0.02299858 -3.312377 0.09344807 -0.008211667 0.9955903 -0.8268702
0.9803753 0.1737971 -0.09305325 14.48685 -0.1720314 0.9847287 0.02673363 -3.550932 0.09627843 -0.01020091 0.9953021 -0.8789685
0.9782251 0.1865248 -0.0910177 15.83845 -0.1847358 0.9823955 0.02777392 -3.815007 0.09459592 -0.01035491 0.9954619 -0.9322491
0.9758548 0.1981874 -0.09181128 17.20916 -0.1962655 0.9801039 0.02959978 -4.093403 0.0958509 -0.0108657 0.9953364 -1.006052
0.9738954 0.2086356 -0.08943626 18.55403 -0.2065565 0.977911 0.03200724 -4.385951 0.09413856 -0.01269807 0.9954781 -1.069903
0.9715077 0.2186442 -0.0914747 19.91654 -0.216134 0.9756768 0.03662383 -4.693582 0.09725731 -0.01580954 0.9951337 -1.137487
0.9694636 0.22927 -0.08703823 21.26639 -0.2268509 0.9732312 0.03686899 -5.015697 0.09316129 -0.01599844 0.9955225 -1.221512
0.9677992 0.2363045 -0.08674544 22.6342 -0.2338628 0.971548 0.03745357 -5.353345 0.0931278 -0.015961 0.9955262 -1.278625
0.9663948 0.2428062 -0.08441661 23.98459 -0.2404813 0.969954 0.03685305 -5.69143 0.09082837 -0.01531398 0.9957488 -1.36378
0.9645157 0.2494316 -0.0865639 25.341 -0.24702 0.9682764 0.03770717 -6.045909 0.09322314 -0.01498615 0.9955325 -1.443126
0.9627444 0.2556932 -0.08800103 26.68859 -0.2531662 0.966638 0.03895886 -6.402803 0.09502666 -0.01522854 0.9953582 -1.51448
0.9611864 0.2605898 -0.09062909 28.06242 -0.2580147 0.965343 0.03926269 -6.774781 0.09771959 -0.01435513 0.9951105 -1.582867
0.9601663 0.2641962 -0.09100015 29.42043 -0.2616969 0.9643779 0.03859779 -7.152484 0.09795594 -0.01324583 0.9951026 -1.664288
0.9594766 0.2660129 -0.09296141 30.78732 -0.2635067 0.9638892 0.03849394 -7.526306 0.09984439 -0.01243808 0.9949253 -1.746748
0.9589607 0.2679427 -0.09274238 32.14978 -0.2655767 0.9633713 0.03720842 -7.915438 0.09931508 -0.0110512 0.9949946 -1.819041
0.9582469 0.2700669 -0.09395105 33.52146 -0.2676636 0.9627806 0.03754486 -8.299936 0.1005939 -0.01082996 0.9948686 -1.894657
0.9572382 0.272382 -0.09748384 34.8843 -0.2698449 0.9621304 0.03858193 -8.69173 0.1043012 -0.01062657 0.994489 -1.972935
0.9565539 0.2743661 -0.09863009 36.23019 -0.2718208 0.9615717 0.03864371 -9.076892 0.1054424 -0.01015508 0.9943736 -2.059039
0.9551532 0.2777523 -0.1026447 37.58955 -0.2749671 0.9605944 0.04064018 -9.474243 0.1098878 -0.01059367 0.9938875 -2.134432
0.9539031 0.2817578 -0.1033514 38.94227 -0.2789125 0.9594271 0.04132115 -9.882174 0.1108007 -0.01059037 0.9937862 -2.21787
0.9528679 0.285157 -0.1035768 40.30989 -0.2820362 0.9583974 0.04393342 -10.2831 0.1117956 -0.01265035 0.9936507 -2.306746
0.9513102 0.2902052 -0.1038747 41.66238 -0.2869137 0.9568672 0.04566947 -10.7057 0.1126478 -0.01364274 0.9935413 -2.380532
0.9501492 0.2931447 -0.1062198 43.02002 -0.2894814 0.9559412 0.04875365 -11.12304 0.1158318 -0.01557459 0.9931467 -2.479335
0.9486603 0.2978169 -0.1065304 44.38562 -0.2941967 0.954509 0.04858835 -11.55689 0.1161546 -0.01475296 0.9931216 -2.551631
0.947515 0.3017086 -0.1057697 45.76931 -0.2980498 0.9532803 0.04922188 -11.99161 0.1156788 -0.01511383 0.9931717 -2.659146
0.9458881 0.3070186 -0.1050492 47.14087 -0.3036666 0.9516213 0.04693826 -12.44953 0.114378 -0.01249839 0.9933587 -2.73792
0.9446437 0.3106174 -0.1056652 48.53157 -0.307 0.9504292 0.04934677 -12.89771 0.1157553 -0.0141759 0.9931766 -2.837402
0.9425601 0.3160507 -0.1081313 49.92789 -0.3123465 0.948647 0.05008117 -13.37373 0.1184066 -0.01343009 0.9928744 -2.928186
0.9407653 0.3208933 -0.1094904 51.32558 -0.3172728 0.9470414 0.04950272 -13.85247 0.1195771 -0.01183211 0.9927544 -3.029843
0.9384287 0.326691 -0.1123589 52.71051 -0.32348 0.945105 0.04622967 -14.33471 0.1212938 -0.007037386 0.9925917 -3.125382
0.9366957 0.3322277 -0.110571 54.11283 -0.3288581 0.9431602 0.04796886 -14.82679 0.1202227 -0.008570066 0.9927099 -3.226022
0.934563 0.3382723 -0.1102896 55.48931 -0.3346718 0.9409946 0.05023649 -15.32381 0.1207755 -0.01003836 0.9926291 -3.327551
0.9327753 0.3433698 -0.1096696 56.85488 -0.3393236 0.9391052 0.05423208 -15.82919 0.1216129 -0.01337287 0.9924875 -3.427585
0.9305964 0.3485023 -0.1119664 58.24287 -0.3444274 0.9372289 0.05451201 -16.34063 0.1239357 -0.01216437 0.9922157 -3.525743
0.9282749 0.3550163 -0.1107659 59.60744 -0.351049 0.9347911 0.05413266 -16.8758 0.122761 -0.01136573 0.9923712 -3.621868
0.9260527 0.3604996 -0.1116536 60.9961 -0.3566644 0.9327104 0.05330554 -17.40857 0.1233571 -0.009540891 0.9923165 -3.735188
0.9236873 0.3668373 -0.1105993 62.36948 -0.3627616 0.9302161 0.05569436 -17.94805 0.123312 -0.011323 0.9923034 -3.857976
0.9215193 0.3718731 -0.1118595 63.74104 -0.3675326 0.9282018 0.05797429 -18.49347 0.1253873 -0.01231241 0.9920315 -3.948088
0.9191817 0.3775306 -0.1121412 65.09665 -0.3729615 0.9259003 0.06006981 -19.05708 0.1265098 -0.0133907 0.991875 -4.064762
0.9162743 0.3837277 -0.1148669 66.4685 -0.3791625 0.9233741 0.06013376 -19.62721 0.1291401 -0.0115458 0.9915591 -4.17729
0.9139499 0.389877 -0.1126565 67.83123 -0.3852302 0.9207799 0.06133527 -20.20611 0.1276451 -0.01265867 0.9917392 -4.302247
0.9111103 0.3966669 -0.1119525 69.20127 -0.3917679 0.9178524 0.06375836 -20.80305 0.1280466 -0.01423152 0.991666 -4.41402
0.9078972 0.4039228 -0.1121122 70.53656 -0.3988134 0.9146699 0.06577777 -21.38818 0.1291148 -0.01500761 0.9915161 -4.55569
0.9037166 0.4125129 -0.1145842 71.88721 -0.4074752 0.9108664 0.06547129 -22.00202 0.1313786 -0.01247728 0.9912537 -4.659949
0.9001201 0.420417 -0.1141637 73.24507 -0.4162686 0.9073125 0.05919559 -22.6287 0.128469 -0.005760357 0.9916968 -4.783163
0.8964139 0.4289279 -0.1116375 74.57744 -0.4248993 0.9033228 0.0588934 -23.2643 0.1261058 -0.005358165 0.9920023 -4.904529
0.8933036 0.436325 -0.107839 75.89401 -0.4317324 0.8997263 0.06402979 -23.8958 0.1249633 -0.01064046 0.9921043 -5.026581
0.8887377 0.4454912 -0.1080869 77.19205 -0.4402244 0.8951694 0.06981495 -24.5496 0.127858 -0.01446469 0.991687 -5.142755
0.8851083 0.4538752 -0.1028623 78.48737 -0.4483053 0.890867 0.07333782 -25.21849 0.1249229 -0.01879819 0.9919884 -5.249079
0.8810672 0.4623084 -0.09995817 79.78367 -0.4567187 0.8864962 0.07437982 -25.89475 0.122999 -0.01988085 0.9922076 -5.381663
0.8764663 0.4719653 -0.09516048 81.04743 -0.4667131 0.8814027 0.07285728 -26.58484 0.1182608 -0.01944431 0.9927922 -5.547322
0.871217 0.4811385 -0.09739911 82.32983 -0.4761181 0.8765074 0.0710398 -27.28435 0.119551 -0.01551761 0.9927068 -5.669244
0.8650303 0.4910429 -0.1029534 83.59937 -0.4866149 0.871106 0.06618375 -27.99949 0.1221824 -0.007152302 0.9924819 -5.826057
0.8592938 0.5009256 -0.103381 84.84969 -0.4972842 0.8654904 0.06029132 -28.71282 0.1196767 -0.0003982317 0.9928128 -5.941315
0.85452 0.5108317 -0.09405603 86.0845 -0.5060501 0.8595821 0.0709354 -29.46215 0.1170849 -0.01301865 0.9930366 -6.024553
0.8489501 0.5195379 -0.09676733 87.29182 -0.5128344 0.8541147 0.08653814 -30.19417 0.1276102 -0.02384094 0.9915378 -6.196149
0.8453848 0.5260389 -0.09277681 88.51878 -0.5193415 0.8500674 0.08757688 -30.95004 0.1249354 -0.02585332 0.991828 -6.341698
0.8417544 0.5312949 -0.095787 89.73242 -0.5248801 0.8469193 0.08501974 -31.70696 0.1262944 -0.02128905 0.9917643 -6.466341
0.8386478 0.5370284 -0.0909421 90.93282 -0.5312627 0.8433386 0.08086997 -32.47305 0.1201245 -0.01950728 0.9925672 -6.635978
0.8351867 0.5419677 -0.09345677 92.13782 -0.535723 0.8401477 0.08457556 -33.26141 0.1243547 -0.02056945 0.9920246 -6.770381
0.8321224 0.5471411 -0.09060237 93.33553 -0.5407661 0.8367279 0.08636287 -34.04379 0.1230622 -0.0228698 0.9921354 -6.91984
0.8281304 0.553563 -0.08813737 94.52689 -0.5470078 0.8324276 0.08858147 -34.84171 0.1224034 -0.02514518 0.9921619 -7.065328
0.8247017 0.5586168 -0.0883987 95.71804 -0.5520224 0.8290596 0.08905995 -35.64074 0.1230382 -0.02464982 0.9920958 -7.206218
0.8196915 0.5659857 -0.08812481 96.89118 -0.5593934 0.8240658 0.08941174 -36.44551 0.1232264 -0.02399362 0.9920885 -7.383735
0.8143352 0.5736253 -0.08838677 98.07443 -0.5668129 0.8187551 0.09145062 -37.26914 0.1248255 -0.0243727 0.9918793 -7.532573
0.8079041 0.5827551 -0.08767766 99.23431 -0.5758423 0.8122793 0.09277885 -38.09726 0.1252861 -0.02446792 0.9918189 -7.705373
0.8008561 0.5926788 -0.08579827 100.3864 -0.5858316 0.8050737 0.09304691 -38.94376 0.1242209 -0.02425385 0.9919581 -7.850934
0.7948667 0.6006293 -0.08620542 101.5327 -0.5934294 0.7991298 0.09608999 -39.80278 0.1266038 -0.02522191 0.9916326 -8.021089
0.7878221 0.6099536 -0.08539888 102.6707 -0.6030013 0.7921002 0.09469231 -40.6786 0.1254024 -0.02310506 0.9918369 -8.167155
0.781361 0.6183509 -0.08436304 103.7987 -0.6111394 0.7855215 0.09728633 -41.55811 0.1264261 -0.02445817 0.9916745 -8.334023
0.7746764 0.6266444 -0.08481356 104.9281 -0.6192834 0.7789373 0.09871565 -42.45877 0.127924 -0.02394905 0.9914948 -8.514956
0.767325 0.6357201 -0.08409725 106.0304 -0.6283797 0.7715715 0.09907719 -43.36073 0.1278724 -0.0231794 0.9915197 -8.675188
0.7599785 0.6444947 -0.08401898 107.1107 -0.636741 0.7642158 0.1026398 -44.28168 0.1303594 -0.02450568 0.9911639 -8.832603
0.7526945 0.6529028 -0.08466928 108.2035 -0.6450441 0.7570795 0.1036761 -45.20305 0.1317918 -0.02342099 0.9910007 -9.006904
0.7453024 0.6614119 -0.08401535 109.2861 -0.6536261 0.749691 0.1036166 -46.16759 0.1315188 -0.02231109 0.9910626 -9.170216
0.7380197 0.6693188 -0.08566996 110.3579 -0.6614453 0.7426965 0.1043663 -47.12392 0.1334811 -0.0203584 0.9908422 -9.35439
0.7310272 0.6768514 -0.08643652 111.4245 -0.6690097 0.7358876 0.1043807 -48.10056 0.1342578 -0.01847824 0.9907742 -9.524664
0.7224247 0.6859635 -0.08692865 112.4857 -0.6778814 0.7274126 0.1065254 -49.09609 0.1363056 -0.0180293 0.9905028 -9.709999
0.7159194 0.6927894 -0.0866164 113.5417 -0.6847559 0.7209402 0.1065583 -50.08769 0.1362677 -0.01697604 0.9905266 -9.876884
0.7084074 0.7005621 -0.08585895 114.5723 -0.6922203 0.713365 0.1092772 -51.08488 0.1378042 -0.01797944 0.9902963 -10.04919
0.7003626 0.7083862 -0.08764235 115.5945 -0.7000705 0.7056618 0.1092834 -52.10675 0.1392607 -0.01518217 0.9901394 -10.24549
0.6928552 0.7158923 -0.08631353 116.6094 -0.707475 0.6980382 0.1105532 -53.14183 0.1393943 -0.01553272 0.9901151 -10.43187
0.6854727 0.7227765 -0.08787005 117.6262 -0.7141793 0.6909391 0.112031 -54.1864 0.1416862 -0.01403921 0.9898121 -10.61627
0.6782469 0.7300188 -0.08398683 118.6135 -0.7214343 0.6832427 0.1127482 -55.24214 0.1396917 -0.01588012 0.9900677 -10.79597
0.6708466 0.7367105 -0.08498534 119.5988 -0.7277934 0.6760303 0.1153247 -56.30872 0.1424136 -0.0155134 0.9896857 -10.98302
0.6638037 0.7434384 -0.08163349 120.5799 -0.7345243 0.6685865 0.1160434 -57.39307 0.1408502 -0.01706829 0.9898838 -11.17705
0.6563588 0.7500395 -0.08144759 121.5426 -0.7408565 0.6611669 0.1182796 -58.48196 0.1425648 -0.01729287 0.9896344 -11.36985
0.6492318 0.7564587 -0.0791728 122.5076 -0.7474443 0.6538142 0.1177027 -59.5894 0.1408015 -0.01723906 0.9898877 -11.56265
0.6422935 0.7628198 -0.07459965 123.4542 -0.7534724 0.6462539 0.1209767 -60.70262 0.1404938 -0.02149378 0.9898483 -11.7689
0.6345168 0.7692907 -0.07470001 124.3791 -0.7597634 0.6385541 0.122507 -61.83323 0.1419435 -0.02097844 0.9896525 -11.97672
0.6276653 0.7754666 -0.06846742 125.3051 -0.7658009 0.6308581 0.1247689 -62.95465 0.1399473 -0.02588068 0.9898207 -12.16613
0.6211482 0.7805941 -0.06962653 126.2338 -0.7709079 0.6245811 0.1248974 -64.0965 0.1409816 -0.02390413 0.9897236 -12.38086
0.6141237 0.7866405 -0.06363074 127.1321 -0.7771668 0.6168151 0.1247046 -65.25336 0.1373461 -0.02713235 0.9901515 -12.59487
0.6067951 0.7921119 -0.06601939 128.0289 -0.7826008 0.6099037 0.1247147 -66.41868 0.1390534 -0.02400943 0.9899938 -12.79362
0.6017545 0.7962208 -0.0626421 128.928 -0.786853 0.6044648 0.1244382 -67.5996 0.1369452 -0.02559111 0.990248 -13.00792
0.5963178 0.8000557 -0.06569657 129.8116 -0.7903098 0.5994595 0.1267224 -68.77097 0.1407674 -0.02364619 0.9897603 -13.21519
0.5913208 0.8038074 -0.06506493 130.6878 -0.7941707 0.5944469 0.1261978 -69.95616 0.1401163 -0.02295071 0.989869 -13.42579
0.5862972 0.8072311 -0.06806984 131.5549 -0.7974733 0.5898961 0.1267244 -71.14629 0.14245 -0.02001429 0.9895996 -13.65337
0.5808227 0.8110974 -0.06903607 132.4247 -0.8014401 0.5846374 0.1260671 -72.35406 0.1426138 -0.01789435 0.9896166 -13.84855
0.5765603 0.8142899 -0.06715824 133.2863 -0.8043001 0.580106 0.1287565 -73.55526 0.143804 -0.02022053 0.9893996 -14.07254
0.571137 0.8181627 -0.06642622 134.1382 -0.8079723 0.5746104 0.1303992 -74.76096 0.1448569 -0.02080525 0.9892339 -14.27861
0.5673182 0.8210147 -0.06391303 134.9763 -0.8104524 0.5704066 0.1334284 -75.98312 0.1460031 -0.02389789 0.9889954 -14.50701
0.5636188 0.8236763 -0.06237942 135.8227 -0.8132409 0.5665443 0.1329169 -77.20892 0.1448212 -0.02418496 0.9891622 -14.71207
0.5589639 0.8271412 -0.05828273 136.6532 -0.8166578 0.5613282 0.1340929 -78.45026 0.1436294 -0.02735601 0.9892533 -14.94404
0.5551276 0.8298239 -0.05679484 137.4996 -0.8192891 0.5573069 0.1348119 -79.7001 0.1435223 -0.02830642 0.9892422 -15.17201
0.5515187 0.8324691 -0.05312592 138.3222 -0.8220344 0.5532173 0.1349445 -80.96057 0.1417273 -0.03075307 0.9894279 -15.40859
0.5493789 0.8338492 -0.05365189 139.1527 -0.8235294 0.5512055 0.1340596 -82.22192 0.1413587 -0.02946563 0.9895198 -15.6254
0.5467145 0.8357503 -0.05123191 139.9828 -0.8256668 0.5482683 0.1329514 -83.48833 0.139203 -0.03038597 0.9897976 -15.83861
0.544374 0.8372739 -0.05127743 140.8118 -0.8272617 0.5459769 0.1324657 -84.76491 0.1389064 -0.02969101 0.9898604 -16.08367
0.5425984 0.8384262 -0.05126917 141.6375 -0.8285177 0.5442424 0.1317511 -86.05689 0.1383664 -0.02901051 0.9899561 -16.30582
0.5413164 0.8393253 -0.05009619 142.4863 -0.8293624 0.542794 0.1324116 -87.35159 0.1383283 -0.03012868 0.9899281 -16.53436
0.5390798 0.8407086 -0.05101056 143.3278 -0.830696 0.5407051 0.1325984 -88.66407 0.1390583 -0.02910687 0.9898564 -16.76124
0.5387875 0.8408857 -0.05117816 144.1592 -0.8307288 0.5404102 0.1335899 -89.95458 0.139991 -0.02946139 0.9897144 -16.9866
0.5366457 0.8422136 -0.05184381 145.0045 -0.8320739 0.5383941 0.1333604 -91.28834 0.1402303 -0.02842938 0.9897107 -17.2252
0.5363759 0.8424465 -0.05084078 145.8457 -0.8323894 0.5379983 0.1329871 -92.60697 0.1393868 -0.02901177 0.9898129 -17.47619
0.5361999 0.8424115 -0.05322273 146.6861 -0.8326196 0.5382203 0.1306281 -93.922 0.1386881 -0.02572847 0.9900019 -17.69682
0.5351811 0.8431125 -0.0523683 147.5269 -0.8336324 0.5371488 0.128562 -95.25542 0.1365218 -0.02514805 0.9903178 -17.93718
0.53539 0.8427994 -0.05519747 148.3633 -0.8334587 0.5377773 0.1270511 -96.58597 0.1367626 -0.02201709 0.9903591 -18.16512
0.5351155 0.8429381 -0.05573758 149.2105 -0.8335133 0.5375682 0.1275772 -97.90563 0.1375024 -0.02181049 0.9902613 -18.40996
0.5333809 0.8438801 -0.0580625 150.0396 -0.8343578 0.5361662 0.1279567 -99.21143 0.1391113 -0.01980476 0.9900787 -18.61835
0.5331829 0.8438641 -0.06007772 150.8606 -0.8341273 0.5362285 0.1291923 -100.5195 0.1412361 -0.01877065 0.9897979 -18.85576
0.5330738 0.8438314 -0.06148894 151.6999 -0.8340513 0.5363181 0.1293113 -101.829 0.1420946 -0.01764754 0.9896957 -19.0817
0.5337949 0.8433734 -0.06151617 152.5331 -0.8335185 0.5370257 0.1298086 -103.1498 0.1425129 -0.01801629 0.989629 -19.31091
0.5345098 0.8427516 -0.06378906 153.3722 -0.8328856 0.538061 0.1295843 -104.4698 0.1435297 -0.01613509 0.9895145 -19.55063
0.5347368 0.8424993 -0.06520441 154.2129 -0.832584 0.538486 0.1297573 -105.7803 0.144432 -0.01509782 0.9893996 -19.76541
0.5345803 0.8425831 -0.06540365 155.0471 -0.8323853 0.5383304 0.1316631 -107.0996 0.1461459 -0.01594348 0.9891346 -20.00454
0.5350415 0.8420187 -0.06881257 155.8881 -0.831329 0.5392456 0.1345595 -108.4123 0.1504085 -0.01478904 0.9885133 -20.23067
0.5358028 0.8415047 -0.06917597 156.7372 -0.8306655 0.5400381 0.1354761 -109.7482 0.1513614 -0.01512638 0.9883627 -20.46548
0.5369178 0.8407251 -0.07000447 157.5984 -0.8299358 0.5412707 0.1350278 -111.0683 0.1514127 -0.01439964 0.9883658 -20.72552
0.5375959 0.840399 -0.06870291 158.4573 -0.8293543 0.5417149 0.1368085 -112.3987 0.1521911 -0.01656863 0.9882122 -20.93595
0.5380561 0.83987 -0.07151227 159.3198 -0.8289617 0.5426151 0.1356145 -113.7214 0.1527022 -0.01368729 0.9881775 -21.21314
0.5381116 0.8398049 -0.07185823 160.1747 -0.8290907 0.5427396 0.1343213 -115.0627 0.151804 -0.01270289 0.988329 -21.4287
0.5387213 0.8391768 -0.07457747 161.0525 -0.8282979 0.5437471 0.1351365 -116.4078 0.1539547 -0.01102855 0.9880164 -21.69002
0.5382001 0.8392032 -0.07796566 161.9187 -0.8288699 0.5437835 0.1314307 -117.7445 0.1526935 -0.006112605 0.9882547 -21.92137
0.5376157 0.8394412 -0.07942259 162.7867 -0.8289855 0.5434256 0.1321811 -119.1069 0.1541185 -0.005222462 0.9880385 -22.15362
0.5374371 0.8393843 -0.08121192 163.6615 -0.8293397 0.5435338 0.1294862 -120.4364 0.1528301 -0.002238408 0.98825 -22.38593
0.5375226 0.8395444 -0.07896084 164.5328 -0.8293563 0.5432713 0.1304778 -121.7937 0.152439 -0.004648097 0.9883019 -22.62194
0.5371514 0.8398621 -0.07810199 165.393 -0.8293124 0.5427595 0.132864 -123.1321 0.1539781 -0.006597161 0.9880522 -22.84773
0.5377971 0.8397338 -0.07497675 166.2679 -0.8289607 0.5429032 0.1344628 -124.4669 0.1536181 -0.01016093 0.9880781 -23.10538
0.5366828 0.8403118 -0.07647012 167.1306 -0.8293118 0.5420203 0.1358522 -125.8188 0.1556066 -0.009491958 0.9877735 -23.34414
0.5372218 0.8399827 -0.07630113 167.9961 -0.8292599 0.5425426 0.1340727 -127.1262 0.1540154 -0.008753322 0.9880297 -23.60808
0.5366206 0.8403583 -0.07639622 168.8553 -0.8296486 0.5419643 0.134007 -128.4545 0.1540179 -0.008528888 0.9880313 -23.83918
0.5360323 0.8406475 -0.07733823 169.7032 -0.8302835 0.5415448 0.1317519 -129.7776 0.152639 -0.006410599 0.9882612 -24.086
0.5359718 0.8407055 -0.07712687 170.554 -0.8304114 0.5414556 0.1313113 -131.1059 0.152155 -0.00633214 0.9883364 -24.30971
0.5363055 0.8406386 -0.07551879 171.3972 -0.830493 0.5415484 0.1304106 -132.4135 0.1505252 -0.00722209 0.9885798 -24.5396
0.5375054 0.8401282 -0.07261189 172.24 -0.8296686 0.5422757 0.1326171 -133.7348 0.150791 -0.01103863 0.9885041 -24.79225
0.5386319 0.8394203 -0.07245204 173.0657 -0.8288718 0.5433573 0.1331701 -135.0388 0.151153 -0.01167619 0.9884414 -25.02041
0.5390705 0.839313 -0.07040346 173.9063 -0.8289248 0.5434943 0.1322788 -136.3269 0.1492872 -0.01294845 0.9887091 -25.27604
0.5408936 0.8380793 -0.07111314 174.7405 -0.8278779 0.5454177 0.1309111 -137.634 0.1485003 -0.01193599 0.9888403 -25.49288
0.54171 0.8378113 -0.06798931 175.5758 -0.8278008 0.5457783 0.1298918 -138.9214 0.1459319 -0.0140821 0.9891944 -25.7548
0.5429013 0.8369052 -0.06962596 176.4068 -0.82702 0.547208 0.1288456 -140.2025 0.1459315 -0.01236839 0.9892174 -25.95553
0.5432705 0.836662 -0.06966957 177.2318 -0.8264406 0.5475496 0.1310926 -141.474 0.1478278 -0.013641 0.988919 -26.20215
0.5444338 0.8356715 -0.07242192 178.0651 -0.8255411 0.5491173 0.1301996 -142.7361 0.1485722 -0.01109778 0.9888393 -26.43743
0.5447335 0.8351068 -0.07656401 178.8992 -0.8248145 0.5500269 0.1309638 -144.0058 0.151481 -0.008189268 0.9884263 -26.66052
0.5456195 0.8343465 -0.07851999 179.7244 -0.8241813 0.5512054 0.1299915 -145.2449 0.1517386 -0.006211158 0.9884012 -26.89569
0.5470757 0.8329612 -0.08296892 180.5569 -0.8226875 0.5533228 0.1304579 -146.4793 0.1545749 -0.003112875 0.9879761 -27.11093
0.5472645 0.8324341 -0.08691966 181.3871 -0.8224221 0.554123 0.1287224 -147.7175 0.1553171 0.001039438 0.9878641 -27.35438
0.547885 0.8315884 -0.09100915 182.1927 -0.8217819 0.5553701 0.1274305 -148.919 0.1565135 0.004972395 0.9876633 -27.56868
0.5485756 0.8303193 -0.09815598 183.0294 -0.8208278 0.5571673 0.1257237 -150.141 0.1590801 0.01160014 0.9871975 -27.77388
0.549876 0.8293267 -0.09926523 183.8485 -0.8198929 0.5586251 0.1253545 -151.3438 0.1594119 0.01245743 0.9871336 -27.98906
0.5503579 0.8281611 -0.1060919 184.666 -0.8186296 0.5602248 0.1264666 -152.5506 0.16417 0.01724809 0.9862813 -28.18967
0.5532029 0.8263409 -0.1054863 185.4821 -0.8169617 0.5629176 0.1252891 -153.7533 0.1629116 0.01686804 0.9864964 -28.40531
0.5557514 0.8243827 -0.1073945 186.2929 -0.8147504 0.5657767 0.1268013 -154.9415 0.1652941 0.01702977 0.9860973 -28.61544
0.5607108 0.8211671 -0.1062454 187.1278 -0.8119608 0.5704386 0.1237719 -156.1307 0.1622438 0.01686687 0.9866065 -28.84148
0.5648729 0.8179939 -0.1086491 187.9378 -0.8091817 0.5748999 0.1213056 -157.2868 0.1616895 0.01939461 0.9866511 -29.048
0.5696228 0.814769 -0.1080803 188.7619 -0.8063935 0.5794467 0.1181994 -158.4439 0.158932 0.01982619 0.9870905 -29.2453
0.5743837 0.8110718 -0.1106613 189.5971 -0.802214 0.5846306 0.1210784 -159.5985 0.1628992 0.01922856 0.9864553 -29.4407
0.5796651 0.8073224 -0.1105399 190.423 -0.7984558 0.5898274 0.1207147 -160.7472 0.1626551 0.01828714 0.9865135 -29.62239
0.5865406 0.8022392 -0.111276 191.2609 -0.7932615 0.5967509 0.1209326 -161.871 0.1634209 0.01733908 0.9864041 -29.84112
0.593895 0.7970409 -0.1096108 192.0997 -0.7880664 0.6037393 0.1202096 -162.9784 0.1619883 0.01498872 0.9866788 -30.0202
0.6000655 0.7919287 -0.1130058 192.9571 -0.7820086 0.6104752 0.1256278 -164.0775 0.1684755 0.01298657 0.9856203 -30.2272
0.6061093 0.787345 -0.1127805 193.806 -0.7773204 0.6164064 0.1257614 -165.1765 0.1685362 0.01144146 0.9856291 -30.43887
0.6119287 0.7824643 -0.1152943 194.6649 -0.7723892 0.6225777 0.125745 -166.2556 0.1701707 0.01210514 0.9853402 -30.63671
0.6184714 0.7777546 -0.1122095 195.526 -0.7676654 0.6285076 0.1251719 -167.3467 0.1678775 0.00872409 0.9857693 -30.82071
0.6249115 0.7722384 -0.1146007 196.4078 -0.7622562 0.6352577 0.12415 -168.4067 0.1686744 0.009772342 0.9856234 -31.02895
0.6311945 0.7674925 -0.1120214 197.284 -0.7576265 0.6410164 0.1228831 -169.4592 0.1661194 0.007307291 0.9860786 -31.21986
0.6370344 0.7619156 -0.1169266 198.1825 -0.7519401 0.6476079 0.1232472 -170.5219 0.1696265 0.009409137 0.9854635 -31.41414
0.6426631 0.7569762 -0.1181992 199.0808 -0.7474256 0.65335 0.1203691 -171.5588 0.168342 0.01098835 0.9856674 -31.6221
0.648355 0.7518646 -0.1197309 199.9944 -0.7421224 0.6592363 0.1210853 -172.6082 0.1699707 0.01034875 0.9853948 -31.79661
0.654165 0.7464547 -0.1219571 200.9082 -0.7368699 0.6653368 0.1197902 -173.6322 0.1705605 0.01150393 0.98528 -31.98907
0.6601905 0.7409827 -0.1228546 201.8417 -0.7309113 0.6714613 0.1221002 -174.6507 0.1729662 0.00918645 0.9848849 -32.19022
0.6656207 0.7352822 -0.1277068 202.7742 -0.7253978 0.6776503 0.1207803 -175.6688 0.1753482 0.0122444 0.9844303 -32.3683
0.6716586 0.7296749 -0.1282541 203.7206 -0.7196419 0.683706 0.1210843 -176.6743 0.1760403 0.01096978 0.9843218 -32.55487
0.67751 0.7239084 -0.1301412 204.6607 -0.7132793 0.6898389 0.1239142 -177.6599 0.179479 0.008873887 0.9837218 -32.73691
0.6829079 0.7182364 -0.1333165 205.6233 -0.7076215 0.6957266 0.1234353 -178.6413 0.1814075 0.01004269 0.9833567 -32.95536
0.6893232 0.7119432 -0.1340537 206.5875 -0.7016655 0.7021563 0.1210045 -179.6258 0.180275 0.01064963 0.9835586 -33.12118
0.6945151 0.7065482 -0.1357882 207.5471 -0.6958012 0.7076079 0.1230929 -180.5844 0.1830559 0.008991715 0.9830614 -33.32922
0.7008477 0.6999938 -0.1371903 208.5274 -0.6891792 0.714099 0.1228596 -181.5286 0.1839684 0.008442853 0.9828959 -33.51345
0.706302 0.6939558 -0.1398667 209.5052 -0.6828845 0.7199719 0.1237312 -182.4766 0.1865641 0.008121226 0.9824092 -33.70303
0.7120935 0.6876972 -0.1414051 210.5007 -0.677491 0.7259089 0.118585 -183.4142 0.1841978 0.01135707 0.9828236 -33.89233
0.7185546 0.6810935 -0.14068 211.5034 -0.6707307 0.7321404 0.118705 -184.3543 0.1838467 0.009062342 0.9829131 -34.08458
0.7244736 0.6745737 -0.1417336 212.5139 -0.6643412 0.7381516 0.1174024 -185.2726 0.1838174 0.009104576 0.9829183 -34.25977
0.7312274 0.6675856 -0.1401282 213.533 -0.6568834 0.7445168 0.1191595 -186.1824 0.1838769 0.004915189 0.982937 -34.46364
0.7378764 0.6596306 -0.1429191 214.5506 -0.6490118 0.7515686 0.1180186 -187.0881 0.1852621 0.00567304 0.9826728 -34.62212
0.7451146 0.6518147 -0.1412154 215.5911 -0.6409701 0.7583748 0.1184268 -187.972 0.1842865 0.002273317 0.9828699 -34.82005
0.7527927 0.6426973 -0.1422794 216.6494 -0.6322173 0.7661147 0.1156265 -188.8709 0.1833152 0.002908681 0.9830499 -34.98364
0.7611225 0.6336243 -0.1386107 217.7089 -0.6227514 0.7736363 0.116908 -189.7349 0.18131 -0.002661318 0.9834224 -35.18609
0.7681412 0.624425 -0.1416066 218.7822 -0.6134207 0.7810795 0.1167461 -190.5932 0.1835052 -0.002813034 0.9830147 -35.35884
0.7761739 0.6149243 -0.1393636 219.8653 -0.6039315 0.7885648 0.1158968 -191.4474 0.181165 -0.005790044 0.9834357 -35.54174
0.7829279 0.6058469 -0.1413275 220.9601 -0.5947143 0.7955538 0.1157976 -192.2748 0.1825892 -0.006611675 0.9831671 -35.71865
0.7900938 0.5969499 -0.1392931 222.0648 -0.5858516 0.8022256 0.1149429 -193.0931 0.1803596 -0.009210609 0.9835576 -35.90625
0.7963771 0.5883179 -0.1402343 223.1855 -0.5772738 0.8085711 0.1138753 -193.9106 0.1803843 -0.009734049 0.983548 -36.09019
0.803167 0.579191 -0.1395009 224.2945 -0.5682319 0.8151141 0.1127 -194.6983 0.178984 -0.01124803 0.9837877 -36.2676
0.8094069 0.5702817 -0.1401401 225.4393 -0.5593991 0.8213636 0.1115106 -195.4978 0.1786984 -0.01186324 0.9838324 -36.44171
0.8157378 0.5611441 -0.1403178 226.5906 -0.5504119 0.8276247 0.1099279 -196.2853 0.1778159 -0.0124398 0.9839851 -36.61156
0.8217033 0.5522346 -0.1408567 227.7523 -0.5415198 0.8335819 0.1090759 -197.0509 0.177651 -0.01335131 0.9840029 -36.79274
0.8276961 0.5431601 -0.1410543 228.9375 -0.5324525 0.8395033 0.1082977 -197.8178 0.1772386 -0.0145329 0.9840606 -36.95939
0.833482 0.5338509 -0.1425164 230.1327 -0.5229222 0.8454266 0.1086578 -198.557 0.1784942 -0.01603935 0.9838102 -37.14151
0.8385171 0.5258992 -0.1425446 231.327 -0.5151786 0.8503928 0.1068779 -199.3068 0.1774259 -0.01618297 0.9840011 -37.28947
0.8443398 0.5167208 -0.1417384 232.539 -0.5059883 0.8559637 0.1063103 -200.0267 0.1762556 -0.01804404 0.984179 -37.46564
0.8493961 0.5083804 -0.1416885 233.7736 -0.4976945 0.8609226 0.1054167 -200.7514 0.1755746 -0.01902299 0.9842823 -37.63548
