1.0 0.0 0.0 0.0 0.0 1.0 0.0 0.0 0.0 0.0 1.0 0.0
0.9999874 -0.005009833 0.0003189529 1.584087 0.005009132 0.999985 0.002163121 -0.0430019 -0.000329785 -0.002161496 0.9999976 -0.02315073
0.9999905 -0.002851221 0.003302428 3.004495 0.002847995 0.9999955 0.000980987 -0.0601866 -0.00330521 -0.0009715723 0.999994 -0.05519945
0.9999888 -0.0004051197 0.004710661 4.401414 0.0003874021 0.9999927 0.003761459 -0.07599612 -0.004712151 -0.003759593 0.9999818 -0.09757403
0.9999617 0.002771024 0.008300397 5.778726 -0.002784865 0.9999949 0.001656462 -0.09257663 -0.008295762 -0.001679514 0.9999642 -0.1141288
0.9999381 0.005243015 0.009814209 7.157812 -0.005279539 0.9999791 0.00369938 -0.1057424 -0.009794609 -0.003750965 0.999945 -0.1479952
0.9999075 0.008567366 0.01056501 8.5384 -0.008600653 0.9999582 0.003109307 -0.1353381 -0.01053793 -0.003199885 0.9999394 -0.1861207
0.9998569 0.01116062 0.01271096 9.925502 -0.01122651 0.9999238 0.005124139 -0.1498822 -0.0126528 -0.005266105 0.9999061 -0.2106962
0.9998201 0.01422785 0.01254345 11.2534 -0.01430986 0.9998766 0.006472686 -0.1842625 -0.01244981 -0.006651016 0.9999004 -0.2473776
0.9997065 0.01775515 0.01648303 12.58095 -0.01787118 0.9998163 0.006918883 -0.215233 -0.01635716 -0.007211424 0.9998402 -0.2719182
0.9996731 0.02072465 0.01497081 13.89746 -0.0208721 0.9997345 0.00976068 -0.2662437 -0.01476455 -0.01006996 0.9998403 -0.3266506
0.9995638 0.02384548 0.0174253 15.19995 -0.02397562 0.9996859 0.007298039 -0.2967419 -0.0172458 -0.007712638 0.9998215 -0.3519565
0.9995151 0.02694547 0.01560316 16.49007 -0.02708001 0.9995973 0.008476553 -0.3588412 -0.01536848 -0.008894977 0.9998423 -0.4048266
0.9993848 0.03014962 0.01791458 17.79439 -0.03027306 0.9995195 0.006659429 -0.4134436 -0.01770519 -0.007197661 0.9998174 -0.4330625
0.9992833 0.03410379 0.01642655 19.084 -0.03424193 0.99938 0.008203064 -0.4639798 -0.01613661 -0.008759662 0.9998314 -0.4571128
0.9991268 0.03767813 0.01805424 20.33303 -0.03782514 0.9992534 0.007871495 -0.5222388 -0.01774417 -0.008547525 0.999806 -0.4918834
0.9990306 0.04129159 0.01525491 21.59418 -0.041452 0.9990869 0.01035282 -0.5982695 -0.0148135 -0.01097513 0.9998301 -0.5354261
0.9988624 0.04491618 0.01601431 22.87524 -0.04508187 0.9989319 0.01013984 -0.6676965 -0.01554176 -0.01085026 0.9998204 -0.5625439
0.9988115 0.04636691 0.01502052 24.11523 -0.04648492 0.9988902 0.007604765 -0.7314586 -0.01465124 -0.008293955 0.9998583 -0.5963125
0.9987239 0.04778355 0.01634775 25.3638 -0.04783476 0.9988514 0.002755784 -0.8044276 -0.0161973 -0.003534259 0.9998626 -0.6332245
0.9986883 0.04907256 0.01461014 26.58809 -0.04909323 0.9987936 0.00105985 -0.8918183 -0.0145405 -0.001775719 0.9998927 -0.6587867
0.9987305 0.0486584 0.01302945 27.82833 -0.04866442 0.9988152 0.0001454534 -0.9616685 -0.01300694 -0.0007793394 0.9999151 -0.702175
0.9986953 0.0495477 0.01235872 29.04329 -0.0495671 0.9987701 0.00126833 -1.054303 -0.01228068 -0.001879261 0.9999228 -0.7147043
0.9986606 0.04982592 0.01394308 30.25081 -0.04987717 0.9987496 0.003352233 -1.112076 -0.01375861 -0.004043184 0.9998972 -0.7482706
0.9986833 0.04959932 0.01309976 31.44481 -0.04968772 0.9987435 0.006510624 -1.192788 -0.01276038 -0.007152949 0.999893 -0.7732409
0.9986754 0.0499355 0.01240514 32.64336 -0.05003968 0.9987133 0.008234587 -1.259875 -0.01197798 -0.008844428 0.9998891 -0.8183007
0.9986732 0.04997582 0.01242066 33.82789 -0.05006493 0.9987217 0.006968956 -1.333737 -0.0120565 -0.007581549 0.9998986 -0.8433335
0.9986349 0.05077731 0.01225008 34.98292 -0.05085519 0.9986871 0.006131885 -1.405537 -0.01192264 -0.006746494 0.9999062 -0.8921083
0.9986327 0.05127996 0.01015609 36.14648 -0.05134333 0.9986626 0.006080359 -1.465976 -0.00983071 -0.006593492 0.99993 -0.9132103
0.9985956 0.05189492 0.01066802 37.31547 -0.05198044 0.9986168 0.00790175 -1.537225 -0.01024321 -0.00844518 0.9999118 -0.9489698
0.9986076 0.05220642 0.007576267 38.46925 -0.05227399 0.9985921 0.009013604 -1.614187 -0.007095032 -0.009397095 0.9999307 -0.9764172
0.9985274 0.0536623 0.007961323 39.62823 -0.05374352 0.9985009 0.01036412 -1.679594 -0.007393227 -0.01077673 0.9999146 -1.019475
0.9985446 0.05368035 0.005213509 40.78652 -0.05373514 0.9984945 0.01100729 -1.752169 -0.004614785 -0.01127142 0.9999259 -1.03985
0.9985045 0.05436476 0.005757807 41.94608 -0.05442886 0.9984499 0.01163086 -1.830486 -0.005116573 -0.01192685 0.9999158 -1.081246
0.9985042 0.05447268 0.00469998 43.09871 -0.05452222 0.9984503 0.01115149 -1.90444 -0.004085245 -0.01139106 0.9999267 -1.117527
0.9985043 0.054517 0.004114472 44.23421 -0.05455269 0.9984692 0.009126115 -1.972083 -0.003610645 -0.009336921 0.9999499 -1.143216
0.998493 0.05469451 0.004502615 45.38562 -0.05473287 0.9984616 0.00888993 -2.050101 -0.004009458 -0.009122973 0.9999503 -1.178314
0.9984913 0.054774 0.003852923 46.51748 -0.05480485 0.9984617 0.008415634 -2.126384 -0.003386038 -0.008614097 0.9999571 -1.206897
0.9985142 0.05423966 0.005230827 47.66796 -0.05428509 0.9984851 0.008974192 -2.195131 -0.004736146 -0.009244814 0.9999461 -1.234537
0.9984718 0.05470881 0.007814836 48.78174 -0.05479251 0.9984379 0.01093116 -2.27196 -0.007204598 -0.01134265 0.9999097 -1.261551
0.9984647 0.05469123 0.008784054 49.93573 -0.05478945 0.9984334 0.01135948 -2.358458 -0.008149028 -0.01182331 0.9998969 -1.308883
0.9984639 0.05463955 0.00918689 51.04976 -0.05474251 0.9984359 0.01135618 -2.433141 -0.008552024 -0.01184165 0.9998933 -1.336073
0.9984561 0.05458839 0.0102756 52.16575 -0.05470449 0.9984378 0.01137867 -2.492526 -0.009638404 -0.01192322 0.9998825 -1.371156
0.9984484 0.05451462 0.01135849 53.30549 -0.05462982 0.9984558 0.01009159 -2.567209 -0.01079081 -0.01069644 0.9998845 -1.407351
0.9984242 0.05474167 0.01234529 54.42944 -0.05486866 0.9984416 0.01019325 -2.64341 -0.01176805 -0.01085456 0.9998719 -1.442369
0.9984063 0.05524353 0.01153584 55.55058 -0.05536842 0.9984076 0.01080347 -2.719183 -0.01092065 -0.01142498 0.9998751 -1.47295
0.9984158 0.0545784 0.01367729 56.64831 -0.05474599 0.9984258 0.01219409 -2.798203 -0.01299022 -0.01292355 0.9998321 -1.511219
0.9983814 0.05529825 0.01329163 57.75617 -0.05547567 0.9983705 0.01337254 -2.869152 -0.0125305 -0.01408826 0.9998223 -1.537698
0.9983585 0.0555343 0.01400368 58.88029 -0.05571936 0.9983592 0.01318996 -2.93784 -0.01324821 -0.01394858 0.9998149 -1.584084
0.9983269 0.05595046 0.01459172 59.98146 -0.05616073 0.9983176 0.01442198 -3.003216 -0.01376026 -0.01521733 0.9997895 -1.608401
0.9983351 0.05622127 0.01289213 61.09084 -0.05641225 0.9982954 0.01496281 -3.09018 -0.01202893 -0.01566517 0.9998049 -1.657436
0.9983291 0.05675197 0.01087403 62.19051 -0.05691405 0.9982629 0.01522503 -3.159408 -0.009991094 -0.01581847 0.9998249 -1.689375
0.9983847 0.05602481 0.009441074 63.28009 -0.05616871 0.9982972 0.01573513 -3.229449 -0.008543441 -0.01624001 0.9998316 -1.730369
0.9983764 0.05659203 0.006471679 64.37685 -0.05670051 0.9982283 0.01802971 -3.298393 -0.005439876 -0.01836738 0.9998165 -1.760061
0.9983521 0.05706997 0.006015477 65.48837 -0.05717025 0.9982007 0.01807809 -3.381735 -0.004972938 -0.0183922 0.9998185 -1.817712
0.9983373 0.0575751 0.002784323 66.56935 -0.05761743 0.9981614 0.01881401 -3.444681 -0.001695985 -0.01894315 0.9998191 -1.853087
0.9983567 0.0572833 0.001574647 67.66752 -0.05730231 0.9981973 0.01784828 -3.513951 -0.0005494006 -0.01790918 0.9998395 -1.889482
0.9983368 0.05765145 7.571501e-05 68.76241 -0.05764306 0.9981672 0.01843093 -3.583229 0.0009869938 -0.01840464 0.9998301 -1.940605
0.9983075 0.05813761 -0.001445316 69.86049 -0.05810316 0.9981546 0.01764479 -3.648646 0.002468475 -0.01753095 0.9998433 -1.966203
0.9983127 0.05789607 -0.004457003 70.9419 -0.05780178 0.9981476 0.01897825 -3.717607 0.005547513 -0.0186886 0.99981 -2.006193
0.9983056 0.05758375 -0.008367025 72.00467 -0.05743086 0.9981964 0.01748979 -3.799264 0.009359061 -0.01697963 0.999812 -2.04923
0.9982931 0.05789293 -0.007697626 73.12967 -0.0577625 0.998199 0.01620599 -3.86387 0.008621973 -0.01573369 0.9998391 -2.086906
0.9982397 0.05824441 -0.01118615 74.20827 -0.05807179 0.998197 0.0151825 -3.929997 0.01205028 -0.01450617 0.9998221 -2.126897
0.998251 0.05778508 -0.01248399 75.27704 -0.05754975 0.998172 0.01845207 -4.003158 0.01352743 -0.01770134 0.9997518 -2.164428
0.9982038 0.05825277 -0.01398937 76.37417 -0.05797818 0.9981314 0.01929182 -4.069566 0.01508703 -0.01844609 0.999716 -2.207694
0.9982265 0.05779389 -0.01427723 77.457 -0.05751893 0.9981641 0.0189723 -4.147751 0.0153475 -0.01811744 0.9997181 -2.247542
0.9981727 0.05856028 -0.01489792 78.5358 -0.05828176 0.998129 0.01848871 -4.217155 0.01595275 -0.01758665 0.9997181 -2.281728
0.9982476 0.0574721 -0.01409801 79.63609 -0.05720878 0.9981924 0.01841977 -4.274066 0.01513115 -0.01758096 0.9997309 -2.323036
0.998251 0.05712509 -0.01522138 80.73149 -0.05680731 0.9981736 0.02055063 -4.352479 0.01636754 -0.01965 0.9996729 -2.352532
0.998267 0.05683419 -0.01526152 81.81578 -0.05650939 0.9981828 0.0209308 -4.415488 0.01642337 -0.02003211 0.9996644 -2.403007
0.9982898 0.05564539 -0.01792096 82.9105 -0.05528584 0.9982709 0.01997006 -4.487731 0.01900121 -0.01894513 0.9996399 -2.438296
0.9983364 0.05456644 -0.01862453 84.01041 -0.05422902 0.9983631 0.01816561 -4.550966 0.01958527 -0.0171254 0.9996615 -2.48162
0.998306 0.05429906 -0.02090066 85.10186 -0.05387865 0.9983437 0.02017812 -4.624602 0.02196169 -0.01901784 0.9995779 -2.52299
0.998314 0.0537703 -0.02186023 86.19361 -0.05334269 0.998382 0.01969506 -4.686108 0.02288387 -0.01849577 0.999567 -2.553922
0.9983588 0.0527686 -0.02225225 87.2816 -0.05225267 0.9983653 0.02316261 -4.746685 0.02343813 -0.02196186 0.9994841 -2.59492
0.9984635 0.05024869 -0.02336256 88.38411 -0.04971983 0.9985054 0.02269247 -4.811716 0.02446791 -0.02149602 0.9994695 -2.629116
0.9986017 0.04791727 -0.02233007 89.46564 -0.047403 0.9986107 0.02301744 -4.87425 0.02340198 -0.02192675 0.9994857 -2.683284
0.998691 0.04438742 -0.02541736 90.55558 -0.04379601 0.998767 0.02337021 -4.9261 0.02642336 -0.02222644 0.9994037 -2.72945
0.9988015 0.04166571 -0.02568103 91.63599 -0.04106022 0.9988761 0.0236703 -4.989219 0.02663841 -0.02258746 0.9993899 -2.787943
0.9988358 0.03921622 -0.02809196 92.74082 -0.03855069 0.9989719 0.02385362 -5.03977 0.02899853 -0.02274289 0.9993207 -2.830304
0.9989337 0.03595837 -0.02895604 93.86047 -0.03529595 0.9991106 0.02307193 -5.078265 0.02975992 -0.0220253 0.9993144 -2.874727
0.9989422 0.03417288 -0.03076802 94.95207 -0.03347096 0.9991739 0.02304651 -5.121052 0.03153017 -0.0219923 0.9992608 -2.92379
0.998997 0.03096632 -0.03234204 96.04129 -0.03027095 0.9993047 0.0217734 -5.165333 0.03299379 -0.02077253 0.9992397 -2.9728
0.9989973 0.03005207 -0.03318637 97.13988 -0.02926083 0.9992819 0.02407615 -5.203812 0.03388608 -0.02308095 0.9991592 -3.006516
0.9990093 0.0278587 -0.03470516 98.2672 -0.02707055 0.9993695 0.02297663 -5.242591 0.03532337 -0.02201438 0.9991334 -3.060638
0.9990253 0.02518058 -0.03625296 99.36443 -0.02431093 0.9994109 0.02423253 -5.268726 0.03684179 -0.02332756 0.9990488 -3.093677
0.9990066 0.02361691 -0.03779017 100.4581 -0.02270754 0.9994464 0.02431459 -5.30213 0.03834349 -0.02343232 0.9989898 -3.146386
0.9989098 0.02154743 -0.04141028 101.5833 -0.02053603 0.9994841 0.02469606 -5.316109 0.04192106 -0.02381873 0.998837 -3.19244
0.9988116 0.01940007 -0.04471039 102.684 -0.01837575 0.9995618 0.02320856 -5.352771 0.04514105 -0.0223594 0.9987304 -3.243622
0.9986799 0.01678982 -0.04854449 103.8044 -0.01571596 0.9996252 0.02241872 -5.370537 0.04890269 -0.0216262 0.9985694 -3.289593
0.9985929 0.01558558 -0.05068868 104.922 -0.01449425 0.9996568 0.02182673 -5.393019 0.05101147 -0.02106132 0.998476 -3.321471
0.9985234 0.01371823 -0.05256237 106.0401 -0.01262931 0.9997 0.02099323 -5.403866 0.05283458 -0.02029841 0.9983969 -3.373376
0.9985059 0.01309249 -0.05305269 107.1558 -0.01200956 0.999714 0.02067989 -5.427199 0.05330827 -0.02001186 0.9983776 -3.408815
0.9984743 0.01069029 -0.05417399 108.2658 -0.009638349 0.9997606 0.01964198 -5.437355 0.054371 -0.01908986 0.9983383 -3.451753
0.9984962 0.009342176 -0.05401879 109.3945 -0.008336338 0.9997883 0.0188156 -5.455056 0.05418313 -0.01833699 0.9983627 -3.489147
0.9984316 0.008017491 -0.05540778 110.5258 -0.006997231 0.9998027 0.01858318 -5.476843 0.05554584 -0.01816634 0.9982908 -3.540523
0.998336 0.006935002 -0.05724682 111.6142 -0.005938775 0.9998283 0.01755415 -5.49224 0.05735872 -0.01718496 0.9982057 -3.576591
0.9981721 0.00723061 -0.06000188 112.7372 -0.006136407 0.9998119 0.01840042 -5.492225 0.06012364 -0.01799859 0.9980286 -3.62169
0.9980637 0.008571961 -0.06160582 113.8659 -0.007486143 0.999813 0.0178345 -5.502845 0.06174717 -0.01733878 0.9979412 -3.657347
0.9977643 0.01111036 -0.06590164 114.9924 -0.01000498 0.9998041 0.0170795 -5.51753 0.06607849 -0.01638197 0.9976799 -3.700936
0.9977388 0.0133824 -0.06586397 116.0859 -0.01225937 0.9997729 0.01742554 -5.537164 0.06608221 -0.01657869 0.9976764 -3.749215
0.9976004 0.01560452 -0.06745268 117.1939 -0.01441802 0.9997334 0.01804125 -5.568505 0.06771621 -0.01702543 0.9975594 -3.787696
0.9974992 0.01809747 -0.06832106 118.3193 -0.01688169 0.9996893 0.01833067 -5.59205 0.06863158 -0.01713145 0.997495 -3.831571
0.9974369 0.01988722 -0.06873143 119.4473 -0.01865195 0.9996537 0.01856774 -5.619137 0.06907689 -0.01723818 0.9974624 -3.869823
0.9972021 0.02120203 -0.07168283 120.5692 -0.01990641 0.9996263 0.01874069 -5.657799 0.07205337 -0.01726131 0.9972514 -3.914943
0.9972138 0.02307788 -0.07093689 121.6591 -0.02174029 0.999572 0.01957064 -5.691304 0.07135819 -0.01797392 0.9972888 -3.947824
0.9969345 0.02484991 -0.07418962 122.7781 -0.02351522 0.9995465 0.01880988 -5.716394 0.07462339 -0.01700763 0.9970667 -3.981332
0.9969576 0.02575314 -0.07356855 123.9031 -0.02449313 0.9995383 0.01797828 -5.743646 0.07399759 -0.01612166 0.9971281 -4.046061
0.9968972 0.02520892 -0.07456889 125.038 -0.02402404 0.9995711 0.01674452 -5.78652 0.07495902 -0.01490112 0.9970753 -4.060822
0.9970087 0.02448362 -0.07330896 126.1509 -0.02332894 0.9995906 0.01656598 -5.811074 0.07368454 -0.0148062 0.9971717 -4.114028
0.9969431 0.02258287 -0.07479616 127.2583 -0.02137687 0.9996289 0.01688545 -5.842552 0.07514972 -0.01523493 0.9970559 -4.149084
0.9969257 0.02140727 -0.07537226 128.3844 -0.02008701 0.9996319 0.01823131 -5.863946 0.0757348 -0.01666125 0.9969888 -4.181843
0.9968166 0.01997088 -0.07718708 129.5276 -0.01849043 0.999632 0.01984731 -5.893273 0.07755505 -0.0183569 0.9968191 -4.233377
0.9968037 0.01776755 -0.07788886 130.6557 -0.01634447 0.9996884 0.01887023 -5.928772 0.07819986 -0.01753686 0.9967834 -4.263136
0.9968481 0.0161324 -0.0776761 131.7987 -0.0147108 0.9997145 0.01883927 -5.945402 0.07795783 -0.01763721 0.9968007 -4.30933
0.9970177 0.01392183 -0.07590764 132.9317 -0.01265654 0.9997733 0.01712452 -5.971828 0.07612883 -0.01611272 0.9969678 -4.337251
0.9972227 0.01117372 -0.07363409 134.0893 -0.009757736 0.9997609 0.01956173 -5.99342 0.07383507 -0.0187889 0.9970934 -4.393158
0.9973462 0.007399167 -0.07242802 135.2273 -0.005938535 0.9997752 0.02036129 -6.018266 0.07256238 -0.01987714 0.9971658 -4.42438
0.9976143 0.002813886 -0.06897607 136.3826 -0.001455622 0.9998043 0.01973418 -6.012538 0.06901809 -0.0195867 0.9974231 -4.468141
0.9975464 -0.002004071 -0.06997953 137.5336 0.003244088 0.9998395 0.01761056 -6.017063 0.06993302 -0.01779437 0.997393 -4.499207
0.9976553 -0.006897186 -0.06809011 138.6732 0.008026665 0.9998344 0.01632838 -6.009357 0.06796622 -0.01683664 0.9975455 -4.545494
0.9975569 -0.0114565 -0.06891233 139.8458 0.01248755 0.9998163 0.01454962 -6.010442 0.06873298 -0.01537462 0.9975166 -4.587296
0.9974768 -0.0166916 -0.06900407 140.9807 0.01780543 0.9997203 0.01555815 -5.996589 0.06872509 -0.01674754 0.9974951 -4.614004
0.9974289 -0.0217171 -0.06829335 142.1542 0.02297135 0.9995805 0.01763403 -5.974419 0.06788175 -0.01915748 0.9975094 -4.65735
0.997259 -0.02718685 -0.068814 143.3209 0.02848359 0.9994335 0.01793331 -5.955994 0.06828745 -0.01984423 0.9974683 -4.697792
0.9971125 -0.03118017 -0.06924225 144.4959 0.03257627 0.9992863 0.01912542 -5.922103 0.0685965 -0.02132585 0.9974166 -4.745995
0.9968288 -0.03671018 -0.07060257 145.6801 0.03807622 0.9991108 0.01810023 -5.885241 0.06987533 -0.02073111 0.9973403 -4.790948
0.9965274 -0.04139708 -0.07224488 146.8757 0.04285818 0.9989045 0.01879195 -5.833968 0.0713878 -0.02182298 0.9972099 -4.835773
0.9962848 -0.04610643 -0.07273689 148.0621 0.047647 0.9986722 0.01958814 -5.785401 0.07173717 -0.02298106 0.9971588 -4.867222
0.9959467 -0.05126264 -0.07390714 149.2452 0.05296683 0.9983693 0.02128457 -5.717839 0.07269553 -0.02511293 0.9970379 -4.912071
0.9955976 -0.05576891 -0.07533449 150.436 0.05747551 0.9981327 0.02067724 -5.651088 0.07404068 -0.0249161 0.9969439 -4.949535
0.9953573 -0.06057115 -0.07479881 151.6507 0.06214219 0.9978893 0.01885573 -5.581669 0.0734988 -0.02341635 0.9970204 -4.993831
0.9951124 -0.06528597 -0.07408825 152.8743 0.06678551 0.997606 0.01794371 -5.512183 0.07273941 -0.02280403 0.9970902 -5.042599
0.9950794 -0.06761637 -0.07242279 154.0742 0.06927083 0.9973855 0.02057885 -5.451066 0.07084199 -0.02549438 0.9971617 -5.086958
0.9949343 -0.07071906 -0.07144586 155.2744 0.07259255 0.9970735 0.02397226 -5.368225 0.06954148 -0.02903726 0.9971564 -5.13173
0.9948773 -0.07246459 -0.07048456 156.488 0.07436956 0.9969229 0.02478542 -5.292325 0.06847159 -0.02990036 0.9972049 -5.186419
0.9944943 -0.07644871 -0.07167079 157.7211 0.07825488 0.9966741 0.02273713 -5.201775 0.0696942 -0.02822054 0.9971691 -5.234354
0.9942824 -0.07844876 -0.07244495 158.9357 0.08015382 0.9965627 0.02093213 -5.113777 0.07055383 -0.02661918 0.9971527 -5.287406
0.9938635 -0.08101561 -0.07531189 160.1747 0.08271819 0.9963771 0.01976434 -5.003299 0.07343782 -0.02587272 0.9969642 -5.333287
0.9936028 -0.08242655 -0.07719646 161.3968 0.08404931 0.9962988 0.01800809 -4.901447 0.0754264 -0.0243812 0.9968532 -5.383389
0.993152 -0.08409985 -0.08109474 162.6361 0.08576202 0.9961667 0.01722991 -4.804429 0.07933484 -0.02406677 0.9965575 -5.413992
0.9929854 -0.08562898 -0.08153301 163.8785 0.08722269 0.9960574 0.01618338 -4.685647 0.07982579 -0.02318139 0.9965392 -5.462268
0.9926073 -0.08757853 -0.08402866 165.1121 0.08908724 0.9959202 0.01436911 -4.593439 0.08242741 -0.02174876 0.9963597 -5.493845
0.9924321 -0.08996461 -0.0835753 166.3602 0.09142942 0.995715 0.0138603 -4.476795 0.08197025 -0.02139665 0.9964051 -5.541721
0.9920602 -0.09179675 -0.08596443 167.6147 0.09362748 0.9954534 0.01750389 -4.358532 0.08396678 -0.02541354 0.9961444 -5.573372
0.9918526 -0.0935079 -0.08651353 168.8646 0.09548573 0.9952494 0.01900397 -4.233142 0.08432552 -0.02710994 0.9960694 -5.621941
0.9914235 -0.09509775 -0.08964235 170.1131 0.09716924 0.995086 0.01902475 -4.131063 0.08739263 -0.02757206 0.9957923 -5.667577
0.9910401 -0.09832542 -0.09039787 171.3715 0.1002023 0.9948311 0.01645298 -3.992646 0.08831286 -0.02536364 0.9957698 -5.708518
0.9909332 -0.09948194 -0.09030382 172.6105 0.101395 0.9947038 0.01683849 -3.880871 0.08815042 -0.02584217 0.9957719 -5.756093
0.9907178 -0.1015735 -0.09033887 173.8606 0.1035169 0.9944811 0.01708083 -3.767535 0.08810534 -0.02627387 0.9957646 -5.806823
0.9906383 -0.1031001 -0.08947709 175.1043 0.1051056 0.9942985 0.01798733 -3.645257 0.08711243 -0.02722348 0.9958264 -5.844147
0.9906411 -0.1051465 -0.08703098 176.3619 0.1068948 0.9941468 0.0156651 -3.49969 0.08487445 -0.02482165 0.9960824 -5.88108
0.9904584 -0.107101 -0.08672687 177.6119 0.1086889 0.9939802 0.01378453 -3.375611 0.08472846 -0.02307925 0.9961368 -5.927986
0.9903691 -0.108853 -0.08555659 178.8546 0.1103751 0.9938017 0.01325143 -3.238049 0.08358382 -0.02256712 0.9962452 -5.964494
0.9901206 -0.111879 -0.08452333 180.0977 0.1133589 0.9934703 0.01290156 -3.104942 0.082528 -0.02235557 0.996338 -6.009461
0.9900268 -0.113432 -0.08354706 181.3389 0.1150229 0.9932574 0.01446502 -2.973119 0.08134295 -0.02393058 0.9963989 -6.050053
0.9900407 -0.1148539 -0.08141259 182.5762 0.1165025 0.993065 0.01578088 -2.826864 0.0790355 -0.02510849 0.9965556 -6.090343
0.9898955 -0.1163009 -0.08112322 183.8153 0.1179466 0.9928945 0.01578131 -2.698011 0.07871142 -0.02519005 0.9965791 -6.128
0.9897748 -0.1191319 -0.07844373 185.0826 0.1205366 0.9926183 0.01340562 -2.566581 0.07626765 -0.02272389 0.9968284 -6.174595
0.9897577 -0.1201019 -0.07717086 186.302 0.1213814 0.9925323 0.01209204 -2.419579 0.07514229 -0.0213353 0.9969445 -6.223223
0.9897318 -0.1221557 -0.07422209 187.5393 0.1234129 0.9922757 0.01257774 -2.273976 0.07211234 -0.02160855 0.9971624 -6.256768
0.9897125 -0.12299 -0.07309274 188.7593 0.1243386 0.9921386 0.01417789 -2.135323 0.07077438 -0.02312028 0.9972244 -6.301401
0.9897267 -0.123792 -0.07153098 189.9985 0.1251126 0.9920399 0.01426843 -1.976539 0.06919527 -0.02307127 0.9973363 -6.337106
0.9897854 -0.1233208 -0.07153224 191.2221 0.1246798 0.9920861 0.01483825 -1.817318 0.06913627 -0.02360531 0.9973279 -6.377035
0.9902445 -0.121988 -0.0673402 192.4468 0.1233099 0.992242 0.01581997 -1.688258 0.06488793 -0.02396936 0.9976047 -6.409473
0.9903661 -0.1220023 -0.06550128 193.6774 0.1233882 0.9922035 0.01753107 -1.545642 0.06285178 -0.02544426 0.9976985 -6.454376
0.9905899 -0.1219903 -0.06204779 194.8942 0.1232775 0.9922209 0.01734364 -1.403771 0.05944934 -0.02482953 0.9979225 -6.500512
0.9908254 -0.1213051 -0.05958249 196.1099 0.1225694 0.992296 0.01803079 -1.26554 0.05693625 -0.02516836 0.9980605 -6.548984
0.9911328 -0.1197959 -0.05748684 197.3224 0.120983 0.9924982 0.01762228 -1.139326 0.0549445 -0.02442094 0.9981907 -6.581084
0.9914581 -0.1187694 -0.0538941 198.5332 0.1199375 0.9926001 0.01897236 -1.000271 0.05124196 -0.02527422 0.9983664 -6.636222
0.9917607 -0.1174243 -0.05120868 199.7456 0.118492 0.9927858 0.01832782 -0.8604393 0.04868712 -0.02424463 0.9985198 -6.682277
0.9919949 -0.1163489 -0.04908209 200.9653 0.1173169 0.9929436 0.01731586 -0.7419931 0.04672106 -0.02293541 0.9986446 -6.732396
0.9921508 -0.1156416 -0.04757964 202.1516 0.116572 0.9930323 0.01725828 -0.6044393 0.04525234 -0.02266927 0.9987183 -6.780668
0.9922745 -0.1155341 -0.04520303 203.3431 0.1164823 0.9930124 0.01892933 -0.4799463 0.04270019 -0.02404844 0.9987985 -6.834307
0.9923177 -0.1145023 -0.04684987 204.5344 0.1155255 0.9931083 0.01973905 -0.3434054 0.04426682 -0.02499976 0.9987069 -6.884126
0.9923682 -0.1142691 -0.04634527 205.7154 0.1152698 0.9931425 0.01951889 -0.2170411 0.04379705 -0.02471213 0.9987348 -6.922882
0.9924011 -0.1138751 -0.04660987 206.881 0.1148923 0.9931815 0.01975186 -0.08900901 0.04404281 -0.02495688 0.9987178 -6.972764
0.9924602 -0.1137933 -0.04553958 208.0653 0.1147492 0.9932138 0.0189507 0.03086585 0.04307408 -0.02403344 0.9987828 -7.017806
0.9925495 -0.1138118 -0.0435017 209.2338 0.114766 0.9931893 0.02009608 0.1606141 0.04091825 -0.02493886 0.9988512 -7.057545
0.9926381 -0.1137271 -0.04166269 210.3947 0.1146136 0.9932179 0.01953637 0.2811774 0.03915832 -0.02416766 0.9989407 -7.120715
0.992696 -0.1136449 -0.04049075 211.5484 0.1145477 0.9932017 0.02071543 0.3948289 0.03786129 -0.02520225 0.9989651 -7.1538
0.9926241 -0.1142886 -0.04044145 212.6942 0.1151348 0.9931636 0.01924468 0.5276398 0.03796553 -0.02375895 0.9989966 -7.208211
0.9925488 -0.1153618 -0.03922293 213.8274 0.1162166 0.9930174 0.02025334 0.6499233 0.03661259 -0.02466078 0.9990252 -7.251362
0.9924063 -0.1165219 -0.03940028 214.9671 0.1173503 0.9929011 0.01940044 0.7781095 0.03686 -0.02387675 0.9990352 -7.303845
0.992352 -0.1174678 -0.03793135 216.084 0.1182974 0.9927684 0.02041568 0.8984873 0.03525886 -0.02474672 0.9990718 -7.369245
0.992196 -0.1188301 -0.03776767 217.2138 0.1197848 0.9925073 0.02410125 1.023051 0.03462073 -0.02843716 0.9989958 -7.397175
0.9920242 -0.1205414 -0.03684808 218.3319 0.1214478 0.9923214 0.02342848 1.146148 0.03374103 -0.02771673 0.9990462 -7.460672
0.9917454 -0.1230779 -0.03595892 219.4361 0.1239795 0.9919943 0.0240137 1.27882 0.03271548 -0.02827364 0.9990647 -7.489659
0.9913249 -0.1266043 -0.03530288 220.533 0.1273974 0.9916252 0.02119534 1.405493 0.0323238 -0.02550897 0.9991519 -7.541277
0.9909165 -0.1303147 -0.03320509 221.6248 0.131054 0.9911495 0.02114791 1.543797 0.03015533 -0.02530747 0.9992248 -7.591053
0.9904376 -0.1341011 -0.03240921 222.7189 0.1348354 0.9906316 0.0216381 1.682495 0.02920389 -0.0258011 0.9992405 -7.637217
0.9897769 -0.1388445 -0.0326171 223.7986 0.1395509 0.9900031 0.02047295 1.831524 0.02944848 -0.0248154 0.9992582 -7.688011
0.9891992 -0.1431492 -0.03151747 224.8645 0.1438839 0.9893408 0.02241686 1.980695 0.02797256 -0.0267096 0.9992518 -7.736533
0.9885882 -0.1470634 -0.03264692 225.9094 0.1478609 0.9887285 0.02351418 2.124685 0.02882087 -0.02807304 0.9991903 -7.783156
0.9881321 -0.1500697 -0.03277175 226.9614 0.1508735 0.9882714 0.02359928 2.279086 0.02884584 -0.0282636 0.9991842 -7.831884
0.9877416 -0.1519578 -0.03571213 228.0013 0.1528556 0.9879593 0.02390453 2.430576 0.03164965 -0.0290703 0.9990762 -7.882106
0.9875593 -0.1528469 -0.03693916 229.0204 0.1537243 0.9878645 0.02219328 2.586215 0.03309872 -0.02759563 0.9990711 -7.923462
0.987447 -0.1532324 -0.03831746 230.0507 0.1541275 0.9878149 0.02159529 2.742606 0.03454147 -0.02722998 0.9990323 -7.971243
0.9874457 -0.1532692 -0.03820558 231.0638 0.1541155 0.9878447 0.02027296 2.884251 0.03463397 -0.02590652 0.9990642 -8.008115
0.9872827 -0.1542814 -0.03834259 232.0563 0.1551401 0.9876795 0.02051251 3.040354 0.03470549 -0.02620012 0.9990541 -8.059742
0.9871854 -0.154433 -0.04019247 233.0535 0.1553261 0.9876584 0.02011975 3.18809 0.03658927 -0.02610486 0.9989893 -8.102221
0.9871833 -0.1545091 -0.03995148 234.0398 0.1554072 0.9876393 0.02042674 3.336597 0.03630154 -0.02637368 0.9989928 -8.140935
0.9871966 -0.1538047 -0.04227296 235.0095 0.1546948 0.9877865 0.01864099 3.477155 0.03888959 -0.02494173 0.9989322 -8.186445
0.9872988 -0.1527894 -0.04354731 235.9881 0.1537416 0.9879205 0.01940489 3.627774 0.04005643 -0.02585345 0.9988629 -8.227799
0.9875124 -0.1506753 -0.04600399 236.9219 0.151655 0.9882587 0.0185854 3.769942 0.04266348 -0.02533005 0.9987683 -8.258049
0.9878667 -0.1481009 -0.0467499 237.8522 0.1491103 0.9886403 0.018879 3.898037 0.04342284 -0.02562083 0.9987282 -8.302361
0.9882688 -0.1454698 -0.04651226 238.807 0.1464373 0.9890542 0.01810027 4.030367 0.04337011 -0.02469906 0.9987537 -8.333747
0.9887351 -0.142913 -0.04448438 239.7316 0.1438371 0.9894321 0.01829962 4.154609 0.04139902 -0.02449198 0.9988425 -8.389203
0.9890434 -0.1401028 -0.04652228 240.6329 0.1411095 0.9898099 0.01909463 4.273097 0.043373 -0.02545016 0.9987347 -8.421899
0.9896332 -0.1365891 -0.04437933 241.5345 0.1375259 0.9903202 0.01877679 4.391601 0.04138504 -0.02468545 0.9988383 -8.457162
0.9901327 -0.1324288 -0.04582284 242.4107 0.1333484 0.9909126 0.01761651 4.498094 0.0430735 -0.02355309 0.9987943 -8.493011
0.9907368 -0.1280953 -0.04508001 243.3019 0.1289497 0.9915127 0.01657351 4.612692 0.04257441 -0.02223304 0.9988459 -8.527772
0.991295 -0.1246481 -0.04239038 244.1518 0.1254351 0.9919657 0.01643263 4.70612 0.04000151 -0.02160683 0.998966 -8.562348
0.9916573 -0.1218936 -0.04192663 245.002 0.1227419 0.9922702 0.01827988 4.805865 0.03937434 -0.02327353 0.9989535 -8.603994
0.9921295 -0.1183682 -0.04084062 245.8347 0.1191862 0.9927051 0.01820252 4.886854 0.03838809 -0.02292689 0.9989998 -8.639545
0.9924601 -0.1152903 -0.04160507 246.6616 0.1162478 0.9929903 0.0213719 4.98582 0.03884946 -0.02604726 0.9989055 -8.682774
0.9928303 -0.1120091 -0.04173514 247.4787 0.1129888 0.993355 0.02189727 5.073102 0.03900511 -0.02645588 0.9988887 -8.71034
0.9931096 -0.1097423 -0.04110748 248.2826 0.1107904 0.9935504 0.02414387 5.149563 0.03819275 -0.02853183 0.998863 -8.756178
0.9933044 -0.1082121 -0.04045478 249.062 0.1092425 0.9937208 0.02418436 5.22637 0.03758372 -0.02844182 0.9988887 -8.777742
0.9934153 -0.1078412 -0.03868248 249.8289 0.1088264 0.993763 0.0243312 5.307354 0.0358173 -0.02838066 0.9989553 -8.819126
0.9933659 -0.1083345 -0.03857039 250.6142 0.1092951 0.993726 0.02372765 5.388239 0.03575788 -0.0277858 0.9989741 -8.847008
0.9934579 -0.1076438 -0.03813438 251.3639 0.1085643 0.9938246 0.02294509 5.454163 0.03542898 -0.02693501 0.9990091 -8.892266
0.9935619 -0.106878 -0.03757465 252.1075 0.107801 0.9938956 0.02345869 5.533659 0.03483807 -0.02735825 0.9990184 -8.916801
0.993696 -0.1063546 -0.03545174 252.8456 0.107202 0.9939731 0.02291976 5.597294 0.03280045 -0.02657577 0.9991086 -8.95818
0.9937686 -0.1058641 -0.03488158 253.5795 0.1067406 0.9939898 0.02429964 5.670323 0.03209948 -0.0278715 0.999096 -8.981838
0.9938841 -0.105028 -0.03411012 254.2917 0.1058868 0.9940783 0.02442468 5.741446 0.03134285 -0.02788711 0.9991196 -9.023608
0.9939582 -0.1046634 -0.03305451 255.011 0.1055541 0.9940617 0.02645537 5.8039 0.03008931 -0.02978457 0.9991034 -9.055511
0.9940892 -0.1033823 -0.03314797 255.7163 0.1042815 0.9941906 0.02665016 5.880059 0.03020025 -0.02994936 0.9990951 -9.094957
0.9943107 -0.1012571 -0.03306347 256.4113 0.1021923 0.9943721 0.02793659 5.944355 0.03004862 -0.03115648 0.9990627 -9.139963
0.9945505 -0.09924158 -0.03194487 257.1053 0.1001529 0.9945691 0.02831511 6.003909 0.02896135 -0.03136018 0.9990885 -9.158464
0.9946475 -0.0982289 -0.03205327 257.7882 0.09914067 0.9946734 0.02821415 6.072456 0.02911109 -0.03124092 0.9990879 -9.193088
0.9948797 -0.0959658 -0.03170208 258.4697 0.09688123 0.9948814 0.02872306 6.12515 0.02878338 -0.03164732 0.9990846 -9.230067
0.9951499 -0.09293844 -0.0322346 259.1329 0.09387802 0.995162 0.02897164 6.180933 0.02938608 -0.03185725 0.9990603 -9.255978
0.9953489 -0.09072483 -0.03239828 259.7949 0.09169857 0.9953363 0.02995072 6.234269 0.02952991 -0.03278229 0.9990262 -9.282613
0.9955519 -0.08896809 -0.03100193 260.4619 0.08989511 0.995502 0.0299123 6.285001 0.02820124 -0.03256617 0.9990717 -9.321342
0.9957296 -0.08750782 -0.02940951 261.1035 0.08840656 0.9956086 0.03078906 6.327283 0.02658608 -0.03325757 0.9990932 -9.346819
0.9957279 -0.08778408 -0.02863356 261.7538 0.08863741 0.9956111 0.03003269 6.381775 0.02587149 -0.03244239 0.9991387 -9.389938
0.9957137 -0.08830708 -0.02749623 262.3972 0.0891338 0.995554 0.03045021 6.433407 0.02468502 -0.03277054 0.999158 -9.422249
0.9955829 -0.08939395 -0.02869544 263.029 0.09024978 0.9954655 0.03005884 6.488907 0.02587824 -0.03251582 0.9991361 -9.452563
0.9955295 -0.08999929 -0.02865625 263.6639 0.09084605 0.9954203 0.02975993 6.540243 0.02584664 -0.03223019 0.9991462 -9.489076
0.9954987 -0.09015286 -0.02923876 264.2784 0.09102775 0.9953929 0.03011356 6.603773 0.02638923 -0.03263954 0.9991187 -9.520751
0.9955364 -0.08998775 -0.02844877 264.877 0.0908301 0.995419 0.02984893 6.646086 0.0256324 -0.0322997 0.9991495 -9.552404
0.995632 -0.08910336 -0.02788309 265.502 0.08992987 0.9954981 0.02994077 6.692049 0.02508974 -0.03231751 0.9991627 -9.580672
0.9956502 -0.08940795 -0.02621005 266.1115 0.09016219 0.9955001 0.02916339 6.735026 0.02348467 -0.03139969 0.999231 -9.606864
0.9957037 -0.08893105 -0.02579552 266.6978 0.08967372 0.9955424 0.02922328 6.785897 0.02308168 -0.03141091 0.99924 -9.637169
0.9957781 -0.08848524 -0.0244178 267.3036 0.08916512 0.9956142 0.02832066 6.834599 0.02180474 -0.0303783 0.9993006 -9.664761
0.995814 -0.0878473 -0.02524471 267.892 0.0885799 0.9956311 0.02953491 6.883499 0.02253986 -0.03164745 0.9992449 -9.700153
0.9959242 -0.0867026 -0.02485171 268.4833 0.08743255 0.9957196 0.0299665 6.923516 0.02214716 -0.03201721 0.9992419 -9.731503
0.9960916 -0.08464324 -0.02524049 269.0677 0.08539864 0.9958792 0.03052362 6.961752 0.02255286 -0.03255982 0.9992153 -9.7576
0.9964089 -0.0810423 -0.02452448 269.6491 0.08176516 0.9961981 0.03006566 6.999919 0.02199465 -0.03196294 0.999247 -9.781088
0.9967152 -0.07793888 -0.0220083 270.2441 0.07859385 0.9964353 0.03065358 7.044042 0.01954074 -0.0322826 0.9992877 -9.814241
0.9969088 -0.07568809 -0.02107477 270.8197 0.07630536 0.9966266 0.03021223 7.072177 0.01871697 -0.03172696 0.9993213 -9.828156
0.9971471 -0.07290114 -0.01956944 271.4086 0.07347896 0.9968262 0.03063878 7.108541 0.01727372 -0.03198932 0.9993389 -9.865218
0.9972703 -0.07095454 -0.02043027 271.9778 0.07155857 0.996969 0.03053161 7.14332 0.01820199 -0.03191023 0.999325 -9.887758
0.9974644 -0.06851406 -0.01925041 272.5442 0.06908794 0.9971313 0.03092082 7.175468 0.01707667 -0.03217239 0.9993364 -9.916359
0.9975268 -0.06760877 -0.01922 273.1317 0.06819848 0.997162 0.03188966 7.205923 0.01700943 -0.03312156 0.9993066 -9.941524
0.9976633 -0.06625374 -0.016684 273.7019 0.06677137 0.9972336 0.03265834 7.237523 0.01447411 -0.03369604 0.9993273 -9.979533
0.9977352 -0.06507278 -0.01702989 274.2585 0.06561201 0.9972895 0.03329445 7.265319 0.01481717 -0.03433641 0.9993005 -10.01263
0.9978597 -0.06321011 -0.01674877 274.84 0.06376413 0.9973539 0.03491565 7.289349 0.01449744 -0.0359089 0.9992499 -10.03012
0.9979831 -0.06148088 -0.01580684 275.4053 0.06200757 0.9974502 0.03532492 7.312959 0.01359473 -0.03623381 0.9992509 -10.06578
0.998045 -0.0606777 -0.01498356 275.9703 0.06118194 0.9974821 0.03586677 7.337989 0.01276951 -0.03671337 0.9992443 -10.08218
0.9981293 -0.0594108 -0.01443161 276.537 0.05990356 0.9975358 0.03652415 7.364268 0.01222612 -0.03732032 0.9992285 -10.10967
0.9982151 -0.058035 -0.0140904 277.1116 0.05851563 0.9976188 0.03650637 7.385721 0.0119382 -0.03726571 0.9992341 -10.14701
0.9983047 -0.05681312 -0.01265155 277.6767 0.05725351 0.9976475 0.03770185 7.413904 0.01047983 -0.03836228 0.9992089 -10.16517
0.9983259 -0.0562316 -0.01354362 278.2474 0.05670465 0.9976853 0.03752905 7.43803 0.01140195 -0.03823421 0.9992037 -10.21384
0.9983568 -0.05579745 -0.01305154 278.8423 0.05625039 0.9977167 0.03738353 7.466587 0.01093583 -0.03805626 0.9992158 -10.24042
0.9984076 -0.05482845 -0.0132722 279.4256 0.05528944 0.9977735 0.03729741 7.495126 0.01119769 -0.03797182 0.9992161 -10.26874
0.9984621 -0.05407354 -0.01222401 279.994 0.05449993 0.9977995 0.03775856 7.529496 0.01015537 -0.0383667 0.9992121 -10.30291
0.9984792 -0.05349568 -0.01331719 280.5872 0.05396741 0.9978184 0.03802352 7.555924 0.01125404 -0.0386844 0.9991881 -10.34
0.9985435 -0.05263932 -0.01183245 281.1615 0.05305207 0.997876 0.03780168 7.593653 0.009817461 -0.03837435 0.9992152 -10.35675
0.9985446 -0.0524153 -0.01269988 281.747 0.05287215 0.9978472 0.03879809 7.616171 0.01063893 -0.03941309 0.9991664 -10.40155
0.9985101 -0.05325228 -0.01190668 282.3489 0.05367725 0.9978044 0.03879435 7.651203 0.009814648 -0.03937566 0.9991763 -10.42879
0.9985224 -0.05319119 -0.01112064 282.9556 0.05358727 0.9978007 0.03901663 7.672487 0.009020841 -0.03955491 0.9991767 -10.46208
0.9984679 -0.05399912 -0.01207842 283.554 0.05441998 0.9978038 0.03775937 7.700679 0.01001292 -0.03835883 0.9992139 -10.48702
0.9985053 -0.05344597 -0.01143018 284.1428 0.05384853 0.9978096 0.03841791 7.724495 0.009351866 -0.03897599 0.9991964 -10.51548
0.9984755 -0.05380742 -0.01230638 284.7614 0.05423888 0.9978074 0.03792705 7.766612 0.01023864 -0.03853672 0.9992048 -10.55165
0.9984568 -0.05443 -0.01101198 285.37 0.05479221 0.9978553 0.0358141 7.78822 0.009039002 -0.0363622 0.9992978 -10.57651
0.9984631 -0.05421824 -0.01148072 286.0116 0.05460016 0.997856 0.03608206 7.819043 0.009499796 -0.03665346 0.9992829 -10.61821
0.9984714 -0.05435484 -0.01001861 286.6248 0.05468183 0.9978576 0.03591927 7.856588 0.008044758 -0.0364122 0.9993045 -10.64524
0.9984623 -0.05435156 -0.0109035 287.2679 0.05471317 0.9978462 0.03618386 7.88536 0.008913368 -0.03672479 0.9992856 -10.67868
0.9984593 -0.05450094 -0.01042647 287.9084 0.05484508 0.9978383 0.0362014 7.922524 0.008430926 -0.03671746 0.9992901 -10.71248
0.9984404 -0.05474073 -0.0109682 288.5593 0.05510338 0.9978292 0.03606172 7.956677 0.008970341 -0.03660985 0.9992894 -10.73764
0.9984112 -0.05532381 -0.0106978 289.2178 0.05567957 0.9977829 0.03645001 7.999605 0.008657534 -0.03698775 0.9992782 -10.7821
0.9984258 -0.05487642 -0.01159197 289.8725 0.05527458 0.9977707 0.03739563 8.030491 0.009513984 -0.03797751 0.9992333 -10.82541
0.9984605 -0.05405424 -0.01244371 290.5423 0.05449225 0.9977883 0.03806455 8.067492 0.01035864 -0.03868404 0.9991978 -10.84937
0.9984975 -0.05307772 -0.01361461 291.2073 0.05357682 0.9977872 0.03937346 8.095523 0.01149463 -0.04004373 0.9991318 -10.89956
0.998564 -0.05174316 -0.01387666 291.8974 0.05224676 0.9978806 0.03878663 8.133344 0.01184031 -0.03945594 0.9991512 -10.93152
0.9986991 -0.04900348 -0.01410166 292.5895 0.04951482 0.9980294 0.03854066 8.155124 0.01218524 -0.03918876 0.9991575 -10.96629
0.9987952 -0.04704655 -0.01395876 293.2814 0.04755528 0.9981195 0.0386792 8.177402 0.01211278 -0.03929641 0.9991542 -10.9946
0.998897 -0.04470209 -0.01436906 293.9849 0.04522582 0.9982361 0.03846405 8.210251 0.01262429 -0.03907149 0.9991567 -11.04564
0.9990336 -0.04137619 -0.0148275 294.6832 0.04191596 0.9983922 0.03815737 8.228455 0.01322486 -0.038742 0.9991617 -11.07308
0.9990936 -0.03955191 -0.0157372 295.3997 0.04011983 0.9984881 0.03757748 8.255773 0.01422715 -0.03817479 0.9991698 -11.11085
0.9992074 -0.03670423 -0.01540281 296.12 0.03726209 0.9985961 0.03764552 8.26735 0.01399943 -0.03818963 0.9991724 -11.15573
0.9992781 -0.0344666 -0.01597887 296.8364 0.03505893 0.9986471 0.03840377 8.291469 0.01463361 -0.03893625 0.9991345 -11.18349
0.9994038 -0.03067704 -0.01584161 297.5806 0.03127505 0.99875 0.03899281 8.294402 0.01462562 -0.03946501 0.9991139 -11.22453
0.9994673 -0.02784741 -0.01701651 298.3099 0.02852788 0.9987456 0.04114832 8.320176 0.01584929 -0.04161185 0.9990081 -11.2669
0.9995095 -0.0255473 -0.018116 299.061 0.02629414 0.9987606 0.04226119 8.334467 0.01701389 -0.0427168 0.9989423 -11.30792
0.9995941 -0.02160331 -0.01857118 299.8099 0.02239173 0.9988091 0.04334982 8.341092 0.01761257 -0.04374807 0.9988874 -11.34783
0.9996138 -0.01882572 -0.02044047 300.5616 0.01969962 0.9988623 0.04342937 8.335904 0.01959962 -0.04381527 0.9988474 -11.39101
0.9996235 -0.01710502 -0.0214537 301.3454 0.01803881 0.9988635 0.04411515 8.358222 0.02067474 -0.04448554 0.998796 -11.43341
0.9996629 -0.01411108 -0.02179419 302.1264 0.01507837 0.9988787 0.04487533 8.353236 0.02113652 -0.04518883 0.9987549 -11.46849
0.9996914 -0.01198874 -0.02175864 302.9051 0.01295344 0.9989142 0.04475085 8.366506 0.02119851 -0.04501888 0.9987612 -11.52534
0.9996783 -0.009416249 -0.02355035 303.7048 0.0104729 0.9989251 0.04515442 8.368623 0.02309985 -0.04538653 0.9987024 -11.57078
0.9996989 -0.005926948 -0.02381354 304.4917 0.007013592 0.9989256 0.0458101 8.36114 0.02351644 -0.04596332 0.9986663 -11.61856
0.9997176 -0.004726454 -0.0232892 305.2965 0.005798796 0.9989158 0.0461944 8.364314 0.02304561 -0.0463164 0.9986609 -11.67059
0.999707 -0.001860452 -0.02413587 306.1129 0.002983868 0.9989095 0.04659336 8.351099 0.02402286 -0.04665173 0.9986223 -11.72008
0.9997495 7.037219e-05 -0.02238057 306.9433 0.0009759158 0.9989069 0.04673547 8.338702 0.0223594 -0.0467456 0.9986566 -11.76137
0.9997892 -0.0009869538 -0.02050618 307.7664 0.001915976 0.9989702 0.04533436 8.339931 0.02044031 -0.0453641 0.9987614 -11.80802
0.99979 -0.0004091793 -0.02048986 308.5981 0.0012929 0.9990685 0.04313499 8.3367 0.02045313 -0.04315242 0.9988591 -11.86075
0.9998158 -0.000615397 -0.01918546 309.4386 0.001402259 0.999157 0.04102705 8.336655 0.01914404 -0.04104639 0.9989738 -11.89992
0.9998448 0.0002914018 -0.01761191 310.2885 0.0004277194 0.9991667 0.04081398 8.316964 0.01760913 -0.04081518 0.9990115 -11.95728
0.9998664 0.0003239586 -0.01634562 311.1387 0.0003345232 0.9991889 0.0402661 8.309117 0.0163454 -0.04026619 0.9990553 -11.99929
0.9998956 0.001270432 -0.01439684 312.0006 -0.0006821048 0.9991673 0.04079646 8.296263 0.01443668 -0.04078238 0.9990637 -12.05356
0.9999175 0.001146311 -0.01279365 312.8803 -0.0006251963 0.9991727 0.04066221 8.293267 0.01282968 -0.04065086 0.999091 -12.10412
0.9999363 0.001906391 -0.0111251 313.7312 -0.001435953 0.9991107 0.04214201 8.274232 0.01119554 -0.04212335 0.9990497 -12.15201
0.999925 0.002598068 -0.01196645 314.6148 -0.002076317 0.9990553 0.04340899 8.263324 0.01206792 -0.04338089 0.9989857 -12.2029
