1.0 0.0 0.0 0.0 0.0 1.0 0.0 0.0 0.0 0.0 1.0 0.0
0.9999976 -0.002186895 -0.0001181206 2.233794 0.002186748 0.9999969 -0.001228143 0.0782853 0.0001208061 0.001227882 0.9999992 -0.0591775
0.9999985 0.0003766729 -0.001692533 4.133136 -0.0003785992 0.9999993 -0.001137872 0.06915006 0.001692103 0.001138511 0.9999979 -0.102726
0.9999875 0.003692042 -0.003352845 6.0275 -0.003692876 0.9999932 -0.0002424887 0.04039735 0.003351927 0.0002548673 0.9999943 -0.1458138
0.9999728 0.006868768 -0.002670339 7.897764 -0.006877693 0.9999707 -0.003347416 0.01784709 0.002647268 0.003365691 0.9999908 -0.1917917
0.9999411 0.01074456 -0.001508778 9.735179 -0.01074827 0.9999391 -0.002473408 -0.01157012 0.00148211 0.00248948 0.9999958 -0.2102647
0.9999012 0.01377524 -0.002777105 11.57693 -0.01378893 0.9998927 -0.004969715 -0.03907062 0.002708348 0.005007517 0.9999838 -0.2727106
0.9998262 0.01863206 -0.000619631 13.3809 -0.01863435 0.9998187 -0.003928995 -0.09023511 0.0005463134 0.003939859 0.9999921 -0.3134545
0.9997708 0.02140542 0.0003818907 15.13745 -0.02140304 0.9997562 -0.005413727 -0.1508107 -0.0004976807 0.005404313 0.9999853 -0.3152028
0.999751 0.02225154 0.001659364 16.8632 -0.02223964 0.999729 -0.006873997 -0.2042773 -0.001811871 0.006835382 0.999975 -0.3696114
0.9997493 0.02227229 0.002295249 18.57945 -0.0222553 0.9997265 -0.007177731 -0.2571766 -0.002454486 0.007124851 0.9999716 -0.3893569
0.9997266 0.02337287 0.0006449946 20.26131 -0.02336875 0.9997101 -0.005790874 -0.3157452 -0.0007801569 0.005774219 0.999983 -0.4441573
0.9996717 0.02557755 -0.00152214 21.95499 -0.02558393 0.9996632 -0.004330033 -0.3751056 0.001410875 0.004367554 0.9999894 -0.4531021
0.9995577 0.02936867 -0.004665244 23.61408 -0.02938307 0.9995637 -0.003048062 -0.4257299 0.004573691 0.003183793 0.9999844 -0.491937
0.9993609 0.03519003 -0.006285973 25.26804 -0.03521669 0.9993708 -0.004181328 -0.5052029 0.006134878 0.004400027 0.9999715 -0.5249718
0.9991073 0.04139367 -0.008437892 26.93658 -0.04142666 0.9991345 -0.00377329 -0.578894 0.008274399 0.004119475 0.9999573 -0.5323825
0.9988428 0.04721835 -0.009134531 28.57335 -0.04725453 0.9988756 -0.003786418 -0.6623043 0.008945473 0.004213685 0.9999511 -0.5726734
0.9985088 0.05398593 -0.008114461 30.2056 -0.05400893 0.9985369 -0.002642605 -0.7683394 0.007959925 0.003076917 0.9999636 -0.5806926
0.9981937 0.05981393 -0.005615463 31.85299 -0.05983917 0.9981982 -0.004440178 -0.8777807 0.00533976 0.004768183 0.9999744 -0.624598
0.9977987 0.06613035 -0.004944272 33.46927 -0.06614149 0.9978081 -0.002125475 -1.005521 0.004792876 0.002447817 0.9999855 -0.6445895
0.9973556 0.07253258 -0.004569781 35.08147 -0.07253936 0.9973646 -0.001337244 -1.13535 0.004460744 0.001665196 0.9999887 -0.6683407
0.9968751 0.07896493 -0.002148615 36.6989 -0.07896622 0.9968771 -0.0005202 -1.274131 0.002100828 0.0006882424 0.9999976 -0.6969217
0.9962837 0.08610871 -0.002027256 38.30077 -0.08610816 0.9962856 0.0003579406 -1.426089 0.002050548 -0.0001820472 0.9999979 -0.7278177
0.9957391 0.0922128 -0.0006526401 39.90091 -0.0922123 0.9957391 0.0007573554 -1.593638 0.000719697 -0.000693947 0.9999995 -0.7692502
0.9951839 0.09800838 0.001814561 41.49607 -0.09801038 0.9951848 0.00104323 -1.759316 -0.001703578 -0.001216052 0.9999978 -0.7829039
0.9946612 0.1031469 0.003138087 43.07931 -0.1031535 0.9946636 0.002003252 -1.937613 -0.002914711 -0.002316262 0.9999931 -0.8271887
0.9940546 0.1088273 0.00348421 44.67582 -0.1088371 0.9940556 0.002753542 -2.12966 -0.003163838 -0.003116382 0.9999902 -0.8577743
0.9934431 0.114255 0.004074253 46.25237 -0.1142695 0.9934435 0.003509321 -2.318895 -0.003646583 -0.003951874 0.9999855 -0.8927655
0.9927748 0.1199563 0.002931963 47.82198 -0.119964 0.9927748 0.002595804 -2.529959 -0.002599396 -0.002928779 0.9999923 -0.9442947
0.9921139 0.1253048 0.002953626 49.3896 -0.1253089 0.9921169 0.001251688 -2.739377 -0.0027735 -0.001611933 0.9999949 -0.9739682
0.991388 0.1309499 0.001389598 50.93364 -0.1309505 0.9913888 0.000344381 -2.947319 -0.001332536 -0.0005233837 0.999999 -1.016874
0.9907112 0.1359753 0.001472816 52.46417 -0.1359718 0.99071 -0.002293927 -3.173409 -0.001771051 0.002072358 0.9999963 -1.035721
0.9902244 0.1394442 0.003329248 53.9813 -0.139429 0.9902222 -0.004423261 -3.403058 -0.003913493 0.003915827 0.9999847 -1.035439
0.9899635 0.1411648 0.006692314 55.49755 -0.1411272 0.9899746 -0.005798056 -3.626915 -0.007443701 0.004795397 0.9999608 -1.091828
0.9897905 0.1422867 0.00832292 56.95985 -0.1422502 0.989819 -0.004822857 -3.851323 -0.008924413 0.00358968 0.9999537 -1.112719
0.9894807 0.1443635 0.009338516 58.41599 -0.144317 0.9895164 -0.005478927 -4.078895 -0.01003157 0.004073586 0.9999414 -1.140136
0.9892285 0.1460177 0.0102791 59.8494 -0.1459792 0.9892777 -0.004408573 -4.312668 -0.01081262 0.002860551 0.9999375 -1.177356
0.989089 0.1469806 0.009987909 61.27198 -0.1469425 0.9891349 -0.004444544 -4.5255 -0.01053265 0.002928401 0.9999402 -1.177537
0.9888734 0.1483215 0.01140475 62.67379 -0.1483069 0.988939 -0.002126544 -4.755298 -0.01159402 0.0004114801 0.9999327 -1.222239
0.9886684 0.1496411 0.01193222 64.06561 -0.1496432 0.9887397 -0.0007192823 -4.977742 -0.0119055 -0.001074445 0.9999285 -1.237319
0.9884866 0.1507193 0.01334177 65.45682 -0.1507361 0.9885739 0.000256311 -5.211051 -0.01315069 -0.002264446 0.999911 -1.275164
0.9883024 0.1520162 0.01222424 66.82516 -0.1520147 0.9883777 -0.00105664 -5.431159 -0.01224279 -0.000813984 0.9999247 -1.302847
0.9881548 0.1529467 0.01254342 68.20061 -0.1529256 0.9882342 -0.002636437 -5.654565 -0.01279907 0.0006869987 0.9999179 -1.339674
0.9878954 0.1546148 0.01252686 69.55452 -0.1545642 0.9879705 -0.004917496 -5.884943 -0.01313649 0.002921768 0.9999095 -1.353075
0.9877077 0.1558518 0.01198921 70.87212 -0.1558007 0.9877754 -0.005090341 -6.103168 -0.01263598 0.003159842 0.9999152 -1.384414
0.9874946 0.1572351 0.01146555 72.18349 -0.1571915 0.9875574 -0.004612111 -6.320996 -0.01204807 0.002752148 0.9999236 -1.416832
0.9872779 0.1587152 0.009589016 73.47588 -0.1586939 0.9873233 -0.00294829 -6.541444 -0.009935399 0.001389063 0.9999497 -1.431435
0.9870508 0.1601531 0.009040092 74.735 -0.1601184 0.9870878 -0.004449734 -6.762814 -0.009636003 0.002944629 0.9999492 -1.463338
0.9867025 0.1623163 0.008460604 75.98002 -0.1622799 0.9867328 -0.004829022 -6.985278 -0.009132186 0.003391823 0.9999526 -1.484165
0.9863829 0.1642887 0.007618641 77.21585 -0.16424 0.9863982 -0.006631183 -7.20647 -0.008604443 0.0052896 0.999949 -1.506731
0.985949 0.1668792 0.007477068 78.39603 -0.166833 0.9859643 -0.006429504 -7.413599 -0.008445072 0.005091741 0.9999514 -1.534995
0.9854895 0.1695821 0.007228892 79.56522 -0.1695293 0.9854974 -0.007392751 -7.623758 -0.008377734 0.006059969 0.9999465 -1.544556
0.9850807 0.1719034 0.008074573 80.7037 -0.1718457 0.9850963 -0.007367755 -7.829739 -0.009220774 0.005870253 0.9999403 -1.568245
0.9845768 0.1747257 0.008911435 81.81783 -0.1746636 0.9846009 -0.007325909 -8.044436 -0.01005423 0.005656416 0.9999335 -1.588444
0.9841173 0.1772393 0.009963605 82.90907 -0.1771719 0.9841529 -0.007289441 -8.245464 -0.01109769 0.005408395 0.9999238 -1.612938
0.9837697 0.1791235 0.01058441 83.99048 -0.1790745 0.9838207 -0.005422278 -8.453105 -0.01138442 0.003438875 0.9999293 -1.628984
0.9834636 0.1806833 0.01236748 85.06049 -0.180626 0.9835358 -0.00560897 -8.658213 -0.0131773 0.00328233 0.9999078 -1.654152
0.9832551 0.1817786 0.0128816 86.12607 -0.181736 0.9833373 -0.004409519 -8.865096 -0.01346851 0.001994633 0.9999073 -1.667901
0.9830468 0.1829409 0.01231192 87.17191 -0.1828807 0.9831176 -0.005857934 -9.075017 -0.01317573 0.003507011 0.999907 -1.690434
0.9828222 0.1840754 0.013296 88.21879 -0.1840177 0.9829077 -0.005457422 -9.282993 -0.01407332 0.002916977 0.9998967 -1.70271
0.9826621 0.1849506 0.0129781 89.25417 -0.1848846 0.9827411 -0.006126101 -9.484824 -0.01388714 0.003620436 0.999897 -1.722002
0.982448 0.1860057 0.01406166 90.2814 -0.1859424 0.9825441 -0.005696113 -9.691553 -0.01487571 0.002981476 0.9998849 -1.738625
0.9822399 0.1871158 0.01387433 91.30475 -0.1870586 0.9823344 -0.005321459 -9.89849 -0.01462496 0.002631637 0.9998896 -1.740811
0.9820443 0.1880586 0.0149349 92.31036 -0.1879825 0.9821517 -0.00635513 -10.09687 -0.01586348 0.003433519 0.9998683 -1.774769
0.9818972 0.188863 0.01444421 93.31288 -0.1888296 0.9820031 -0.003654756 -10.29885 -0.0148745 0.0008611006 0.999889 -1.78566
0.9817164 0.1898065 0.01436597 94.31686 -0.1897623 0.9818202 -0.004392472 -10.49724 -0.01493852 0.001586042 0.9998872 -1.797445
0.9815521 0.1905431 0.015776 95.29874 -0.1904968 0.981678 -0.004400394 -10.70807 -0.01632542 0.001313937 0.9998659 -1.82697
0.9814052 0.1913814 0.01473171 96.2909 -0.1913039 0.9815092 -0.006515468 -10.90381 -0.01570625 0.00357608 0.9998702 -1.82328
0.9812009 0.1926271 0.01181596 97.2603 -0.1925962 0.981271 -0.003710429 -11.09698 -0.01230939 0.001364966 0.9999233 -1.860403
0.9811403 0.1930119 0.01049818 98.2259 -0.1929737 0.9811933 -0.004542858 -11.29938 -0.01117757 0.002431309 0.9999346 -1.864213
0.9810169 0.1936625 0.01003349 99.17566 -0.1936641 0.9810675 -0.0008226295 -11.49208 -0.01000284 -0.001136113 0.9999493 -1.897795
0.9807757 0.1949109 0.009419249 100.1283 -0.1948917 0.9808202 -0.002924775 -11.68741 -0.009808663 0.001032815 0.9999514 -1.895337
0.98047 0.1965069 0.007975101 101.0639 -0.1965129 0.9805012 -3.730657e-05 -11.89194 -0.007826928 -0.001530632 0.9999682 -1.940038
0.9800675 0.1985596 0.006468124 102.0124 -0.1985393 0.9800862 -0.003637691 -12.09051 -0.007061617 0.002281005 0.9999725 -1.925249
0.9794291 0.2016736 0.006806959 102.9307 -0.2016566 0.9794513 -0.003108834 -12.29355 -0.007294055 0.001672215 0.999972 -1.952397
0.9787961 0.2047484 0.00602666 103.8598 -0.2047176 0.9788065 -0.005356358 -12.49148 -0.00699564 0.00400902 0.9999675 -1.953615
0.9781529 0.2077864 0.006461251 104.7577 -0.2077608 0.9781698 -0.004420768 -12.69824 -0.007238775 0.002981792 0.9999694 -1.98722
0.9774887 0.2109328 0.00480977 105.656 -0.2109136 0.9774957 -0.004215719 -12.90566 -0.005590763 0.003106372 0.9999796 -2.00421
0.9768479 0.2138962 0.004062938 106.551 -0.2138794 0.9768511 -0.004208371 -13.10474 -0.00486904 0.00324196 0.9999829 -2.004475
0.9763582 0.2161323 0.00339913 107.4259 -0.2161161 0.9763569 -0.004579201 -13.30718 -0.004308478 0.003736334 0.9999837 -2.036524
0.9756516 0.2192865 0.004186569 108.285 -0.2192608 0.9756488 -0.005845684 -13.51273 -0.0053665 0.0047854 0.9999741 -2.039214
0.9749667 0.2223374 0.002444047 109.1253 -0.222323 0.9749599 -0.005093984 -13.72002 -0.00351543 0.004423098 0.999984 -2.078184
0.9743577 0.2249781 0.003442378 109.9583 -0.2249606 0.9743559 -0.004832932 -13.91647 -0.004441405 0.003934606 0.9999824 -2.06254
0.9738358 0.2272323 0.003053179 110.774 -0.2272219 0.9738371 -0.003399766 -14.11967 -0.003745835 0.002617065 0.9999896 -2.094241
0.9731826 0.2300072 0.00351125 111.5762 -0.2299935 0.9731842 -0.003927084 -14.32006 -0.004320351 0.003014205 0.9999861 -2.107196
0.9726552 0.2322064 0.004687405 112.3695 -0.2321964 0.9726654 -0.002588186 -14.52107 -0.00516027 0.001429015 0.9999856 -2.118347
0.9721349 0.2343787 0.004498379 113.1505 -0.2343666 0.9721437 -0.003046382 -14.71236 -0.005087078 0.001907225 0.9999852 -2.127109
0.9714067 0.2373614 0.005347404 113.9258 -0.237354 0.9714211 -0.001991098 -14.90903 -0.005667191 0.0006649375 0.9999837 -2.153776
0.9707261 0.2401264 0.005492387 114.6845 -0.2401221 0.9707415 -0.001443265 -15.11243 -0.005678255 8.217117e-05 0.9999838 -2.162438
0.9700891 0.2426645 0.006409924 115.4305 -0.2426566 0.9701102 -0.001999086 -15.30957 -0.00670344 0.0003838806 0.9999775 -2.175351
0.9695929 0.2446169 0.007222762 116.1709 -0.24461 0.9696198 -0.001840717 -15.50544 -0.007453604 1.798617e-05 0.9999722 -2.193254
0.9693276 0.2456338 0.008253828 116.8867 -0.245612 0.9693617 -0.003573053 -15.69516 -0.008878607 0.001436219 0.9999595 -2.2065
0.9691222 0.246464 0.007589323 117.5801 -0.2464437 0.9691508 -0.003510014 -15.87939 -0.00822029 0.001531292 0.999965 -2.233641
0.968978 0.2470159 0.008045483 118.2462 -0.2469863 0.9690086 -0.004502717 -16.0526 -0.008908385 0.002375911 0.9999575 -2.245749
0.9687347 0.2479841 0.007546077 118.8944 -0.2479583 0.9687614 -0.004198116 -16.22883 -0.008351416 0.002195747 0.9999627 -2.262893
0.9685806 0.2485917 0.00733023 119.5178 -0.248562 0.9686044 -0.004733749 -16.39764 -0.008276864 0.002763002 0.9999619 -2.271909
0.9684211 0.2492098 0.007418184 120.1223 -0.2491829 0.9684465 -0.004365517 -16.56258 -0.008272044 0.002379174 0.999963 -2.287396
0.9682702 0.2498156 0.006712776 120.7104 -0.2497938 0.9682912 -0.003923087 -16.71622 -0.007479969 0.002121798 0.9999698 -2.292478
0.9681492 0.2502853 0.006661235 121.2761 -0.2502669 0.9681708 -0.003470409 -16.86273 -0.007317805 0.001692787 0.9999718 -2.301927
0.9680263 0.2507625 0.006574212 121.8176 -0.2507427 0.9680467 -0.003696699 -17.01546 -0.007291138 0.001930066 0.9999716 -2.310382
0.9678842 0.2513157 0.006372141 122.3428 -0.2512976 0.9679035 -0.003511359 -17.15203 -0.007050077 0.001797285 0.9999735 -2.330598
0.9677584 0.2518044 0.006192047 122.8341 -0.2517897 0.967777 -0.00306547 -17.29422 -0.00676442 0.00140754 0.9999762 -2.346349
0.967752 0.2518303 0.006129874 123.3086 -0.2518101 0.9677688 -0.003882972 -17.41158 -0.006910151 0.002214189 0.9999737 -2.344113
0.9675867 0.2524456 0.006872571 123.7664 -0.2524284 0.96761 -0.003288304 -17.54124 -0.007480087 0.001446887 0.999971 -2.359154
0.9674853 0.2528393 0.006667279 124.1961 -0.2528205 0.9675068 -0.003536524 -17.65925 -0.00734481 0.00173591 0.9999715 -2.365156
0.9669608 0.2548545 0.006001569 124.5955 -0.2548375 0.9669776 -0.003454299 -17.77225 -0.006683727 0.001810747 0.999976 -2.387259
0.966602 0.2562115 0.006027075 124.9841 -0.2561883 0.966617 -0.004359073 -17.8771 -0.006942718 0.002669423 0.9999723 -2.38446
0.9662728 0.2574705 0.005079183 125.3515 -0.2574512 0.9662822 -0.004149015 -17.97428 -0.005976174 0.002701439 0.9999785 -2.40405
0.9658643 0.2590017 0.004926463 125.6928 -0.258979 0.9658711 -0.004798432 -18.07542 -0.00600113 0.003358784 0.9999763 -2.398691
0.965449 0.260535 0.005461063 126.0076 -0.2605135 0.9654604 -0.004348764 -18.16231 -0.006405445 0.00277583 0.9999756 -2.414583
0.9651542 0.2616366 0.004870764 126.3149 -0.2616167 0.9651619 -0.00435198 -18.24598 -0.005839714 0.002926058 0.9999787 -2.417272
0.9648595 0.262713 0.005299367 126.5974 -0.2626927 0.9648703 -0.004215879 -18.32881 -0.006220768 0.002675625 0.9999771 -2.415576
0.9646208 0.2635981 0.004783326 126.8612 -0.2635831 0.9646302 -0.003544727 -18.39718 -0.005548524 0.002158513 0.9999823 -2.430468
0.9645233 0.2639457 0.00525185 127.1119 -0.2639309 0.964536 -0.003332665 -18.47202 -0.00594524 0.001828308 0.9999806 -2.424426
0.9644013 0.2644008 0.004726314 127.3472 -0.2643906 0.964412 -0.002686884 -18.53968 -0.005268528 0.001341641 0.9999852 -2.442884
0.9643432 0.2646133 0.004672769 127.5702 -0.2646023 0.9643533 -0.002849204 -18.59936 -0.005260138 0.001511185 0.999985 -2.429887
0.9642833 0.2648392 0.004234164 127.7712 -0.2648322 0.964292 -0.00213875 -18.65639 -0.004649397 0.000941018 0.9999887 -2.444395
0.9641935 0.2651713 0.003895118 127.9657 -0.2651645 0.9642009 -0.002180849 -18.7163 -0.004333974 0.001069913 0.99999 -2.441911
0.9641165 0.2654443 0.004313018 128.1517 -0.2654378 0.9641259 -0.00204364 -18.76697 -0.004700765 0.0008254691 0.9999886 -2.451791
0.9640399 0.2657241 0.004231615 128.3214 -0.2657159 0.9640483 -0.002393147 -18.81623 -0.004715397 0.001182681 0.9999882 -2.444524
0.9640272 0.2657546 0.00511 128.481 -0.2657476 0.9640405 -0.00201134 -18.8597 -0.005460769 0.0005810161 0.9999849 -2.459709
0.96386 0.2663685 0.00465486 128.6356 -0.266362 0.963871 -0.001984516 -18.9052 -0.005015297 0.0006729183 0.9999872 -2.455909
0.963702 0.2669384 0.004727077 128.7789 -0.26693 0.963713 -0.002348541 -18.95107 -0.005182462 0.001001495 0.9999861 -2.457585
0.9637269 0.266854 0.004407102 128.9177 -0.2668496 0.9637368 -0.001575352 -18.98699 -0.004667676 0.0003421753 0.999989 -2.462775
0.9637104 0.2669071 0.004786317 129.0367 -0.2669013 0.9637222 -0.001813338 -19.0275 -0.005096673 0.0004700585 0.9999869 -2.463012
0.9636363 0.2671779 0.004599798 129.1611 -0.2671737 0.9636471 -0.001507156 -19.0599 -0.004835261 0.000223405 0.9999883 -2.469274
0.9636404 0.2671507 0.005261593 129.2809 -0.2671463 0.9636548 -0.00155202 -19.09351 -0.005484982 8.997408e-05 0.999985 -2.462411
0.9636376 0.2671618 0.005215918 129.3933 -0.2671585 0.9636518 -0.001325411 -19.12503 -0.005380427 -0.0001162605 0.9999855 -2.471114
0.963527 0.2675643 0.005019858 129.504 -0.2675605 0.9635401 -0.001426746 -19.1569 -0.005218581 3.159291e-05 0.9999864 -2.468213
0.9634608 0.2677968 0.00530608 129.6037 -0.2677946 0.9634755 -0.0011332 -19.18373 -0.005415745 -0.0003291462 0.9999853 -2.473992
0.9635212 0.2675819 0.005184052 129.6975 -0.2675792 0.9635351 -0.001209309 -19.2105 -0.005318604 -0.0002219498 0.9999858 -2.47097
0.9634838 0.2677127 0.005366888 129.7904 -0.2677114 0.9634986 -0.0009760356 -19.23659 -0.005432287 -0.0004963825 0.9999851 -2.478613
0.9634133 0.2679715 0.005106563 129.887 -0.2679702 0.9634268 -0.000943288 -19.26724 -0.005172573 -0.0004596304 0.9999865 -2.477096
0.9633927 0.2680405 0.005356955 129.9748 -0.2680389 0.9634075 -0.001032087 -19.29304 -0.005437572 -0.0004415671 0.9999851 -2.479613
0.9633567 0.2681749 0.005118351 130.0556 -0.2681721 0.9633703 -0.001232567 -19.31447 -0.00526141 -0.0001851974 0.9999861 -2.481003
0.963321 0.268299 0.005325344 130.1402 -0.2682955 0.9633356 -0.00136226 -19.33889 -0.005495587 -0.0001164721 0.9999849 -2.48019
0.9632499 0.2685564 0.005197627 130.2176 -0.2685553 0.9632638 -0.0009271983 -19.35936 -0.005255692 -0.0005027269 0.9999861 -2.48261
0.9632132 0.2686826 0.005478472 130.2902 -0.2686818 0.9632286 -0.0008915539 -19.38564 -0.005516566 -0.0006132095 0.9999846 -2.486949
0.9632038 0.2687195 0.005313262 130.353 -0.268719 0.9632182 -0.0008209024 -19.4022 -0.005338423 -0.0006370782 0.9999856 -2.489431
0.9631832 0.2687947 0.00524368 130.4212 -0.2687934 0.9631975 -0.0009499593 -19.42531 -0.005306044 -0.0004944822 0.9999858 -2.488636
0.9632057 0.2687149 0.00520626 130.4844 -0.2687148 0.9632195 -0.0007247875 -19.43996 -0.005209533 -0.0007008798 0.9999862 -2.491845
0.9631493 0.2689233 0.004862246 130.5544 -0.2689232 0.9631612 -0.0007066884 -19.45963 -0.004873172 -0.0006269241 0.9999879 -2.485154
0.963165 0.2688677 0.004827462 130.6176 -0.268868 0.9631768 -0.0006007144 -19.4792 -0.004811212 -0.0007193627 0.9999881 -2.494269
0.9631505 0.2689156 0.005048352 130.6761 -0.2689166 0.9631633 -0.0004902376 -19.49477 -0.00499422 -0.0008854134 0.9999871 -2.494049
0.9630644 0.2692198 0.005249988 130.7426 -0.269222 0.9630781 -0.0003040725 -19.51186 -0.00513801 -0.00112057 0.9999862 -2.492896
0.9629877 0.2694946 0.005232944 130.8041 -0.2694966 0.9630014 -0.0003285434 -19.52992 -0.005127872 -0.001093877 0.9999862 -2.496498
0.9630973 0.2691014 0.005304343 130.8558 -0.2691055 0.9631107 6.556429e-05 -19.54954 -0.005091026 -0.001490573 0.9999859 -2.498064
0.9630075 0.269422 0.005331032 130.9091 -0.269427 0.9630208 0.000231351 -19.56417 -0.005071563 -0.001659116 0.9999858 -2.501085
0.9630725 0.2691874 0.005422249 130.9574 -0.2691926 0.9630862 0.0002478178 -19.57637 -0.005155384 -0.001698296 0.9999853 -2.503765
0.9629573 0.2695953 0.005630082 131.0232 -0.2696016 0.9629719 0.0003748735 -19.59672 -0.005320547 -0.001878866 0.9999841 -2.50277
0.9629211 0.2697231 0.005687997 131.0901 -0.2697294 0.9629362 0.0003616139 -19.61352 -0.005379642 -0.001882426 0.9999838 -2.50555
0.9629359 0.2696691 0.00574451 131.1373 -0.2696769 0.9629507 0.0006245796 -19.63191 -0.00536325 -0.002150592 0.9999833 -2.50881
0.9629798 0.2695074 0.005970859 131.1972 -0.2695154 0.962996 0.0005738949 -19.646 -0.005595244 -0.002161888 0.999982 -2.504711
0.9629413 0.2696455 0.005943477 131.2451 -0.2696526 0.9629577 0.0004006551 -19.66556 -0.005615281 -0.001988481 0.9999822 -2.50547
0.9628599 0.2699359 0.005948631 131.3043 -0.269942 0.9628766 0.000239391 -19.67318 -0.005663177 -0.001836285 0.9999823 -2.506767
0.9628886 0.2698349 0.005890551 131.3505 -0.2698423 0.9629045 0.0004830772 -19.69387 -0.005541686 -0.002054669 0.9999825 -2.507988
0.9628975 0.2698038 0.005849091 131.3971 -0.2698115 0.962913 0.0005542448 -19.70762 -0.005482629 -0.002111833 0.9999827 -2.508891
0.9628116 0.2701067 0.006013496 131.4507 -0.270114 0.9628284 0.0004148305 -19.72915 -0.005677915 -0.002023733 0.9999818 -2.507842
0.962781 0.2702158 0.006007637 131.5068 -0.2702242 0.9627972 0.0006054506 -19.74196 -0.005620534 -0.002206325 0.9999818 -2.509347
0.9628831 0.2698446 0.006334085 131.5566 -0.2698535 0.9629012 0.0005746437 -19.75235 -0.005944035 -0.00226259 0.9999798 -2.505765
0.9628317 0.270022 0.006571325 131.6087 -0.2700308 0.9628515 0.0004798307 -19.76589 -0.006197646 -0.002236457 0.9999783 -2.507621
0.9628221 0.2700539 0.006664841 131.6542 -0.2700644 0.9628421 0.0007008736 -19.78066 -0.006227916 -0.002474752 0.9999775 -2.516237
0.9627692 0.2702395 0.006784454 131.6932 -0.2702493 0.9627903 0.0005533386 -19.789 -0.006382472 -0.002366231 0.9999768 -2.509911
0.962795 0.2701507 0.006656262 131.7297 -0.2701594 0.9628155 0.0004331271 -19.80303 -0.006291742 -0.002215264 0.9999778 -2.516232
0.9628402 0.2699894 0.006665741 131.7607 -0.2699987 0.9628605 0.0005189324 -19.80863 -0.006278072 -0.002299391 0.9999776 -2.512179
0.9627749 0.2702215 0.006687803 131.7971 -0.270232 0.962795 0.000687357 -19.82398 -0.006253245 -0.002469028 0.9999774 -2.514895
0.9627884 0.2701766 0.006569024 131.828 -0.2701858 0.9628081 0.0005494313 -19.83037 -0.006176265 -0.002303843 0.9999782 -2.516516
0.9627928 0.270163 0.006478138 131.8552 -0.2701727 0.9628116 0.000661266 -19.83899 -0.006058577 -0.002386879 0.9999788 -2.514028
0.9627643 0.2702633 0.006531589 131.8807 -0.2702738 0.9627833 0.0007609848 -19.84676 -0.006082838 -0.002497966 0.9999784 -2.519642
0.962679 0.2705615 0.006747954 131.9079 -0.2705732 0.9626991 0.0008776553 -19.8497 -0.006258789 -0.002670716 0.9999769 -2.516578
0.9627289 0.270386 0.00667996 131.9258 -0.2703956 0.9627491 0.0005646193 -19.85752 -0.00627846 -0.002349807 0.9999775 -2.512777
0.9626561 0.2706436 0.00673037 131.9432 -0.2706552 0.962676 0.0008525922 -19.86164 -0.006248417 -0.002642362 0.999977 -2.516136
0.9627154 0.270431 0.006788518 131.9642 -0.270443 0.9627358 0.0008933081 -19.86628 -0.00629397 -0.002695908 0.9999766 -2.517773
0.9626883 0.2705312 0.00664052 131.9744 -0.2705416 0.962708 0.000701613 -19.87373 -0.006203074 -0.002471972 0.9999777 -2.517431
0.9626783 0.2705656 0.006700433 131.9889 -0.2705769 0.9626981 0.00082551 -19.87913 -0.006227139 -0.002607683 0.9999772 -2.520201
0.9627361 0.2703551 0.00687453 131.9942 -0.2703669 0.9627571 0.0008328994 -19.8827 -0.006393323 -0.002660508 0.999976 -2.519953
0.962747 0.2703206 0.006706146 132.0064 -0.2703323 0.9627665 0.0008803821 -19.87772 -0.006218468 -0.002660473 0.9999771 -2.519138
0.9626994 0.2704873 0.006817573 132.0167 -0.270498 0.9627203 0.000678958 -19.8817 -0.006379766 -0.002497772 0.9999765 -2.516917
0.9627066 0.2704619 0.006804938 132.0237 -0.270474 0.9627268 0.0009105086 -19.88388 -0.006305038 -0.002717112 0.9999765 -2.52034
0.9626415 0.270691 0.006900375 132.0209 -0.2707021 0.9626628 0.0007132554 -19.88513 -0.006449664 -0.002554555 0.9999759 -2.519053
0.9625891 0.2708807 0.006776474 132.0287 -0.2708932 0.9626089 0.0009861235 -19.89338 -0.006255973 -0.002784932 0.9999766 -2.523027
0.9625802 0.2709141 0.006700915 132.0345 -0.2709264 0.9625994 0.0009826396 -19.89503 -0.006184087 -0.002761324 0.9999771 -2.521461
0.9625778 0.2709211 0.006767666 132.0395 -0.2709347 0.9625973 0.001150315 -19.89558 -0.006202891 -0.002940862 0.9999765 -2.518183
0.9626808 0.2705531 0.006841373 132.0364 -0.2705711 0.9626983 0.001832499 -19.88632 -0.00609039 -0.003615189 0.9999749 -2.521941
0.9626883 0.2705314 0.006629054 132.0516 -0.2705514 0.9627028 0.002316548 -19.89814 -0.005755109 -0.004023613 0.9999753 -2.52413
0.9627752 0.2702215 0.006662249 132.0593 -0.270242 0.9627895 0.002385102 -19.8935 -0.005769838 -0.004096736 0.999975 -2.523189
0.9626992 0.2704913 0.006685032 132.0774 -0.2705111 0.9627142 0.002232216 -19.89784 -0.00583198 -0.003957327 0.9999751 -2.526054
0.9626666 0.2706063 0.006728992 132.1017 -0.2706279 0.9626808 0.002521807 -19.91457 -0.005795454 -0.004248713 0.9999742 -2.521708
0.9626467 0.2706803 0.006601267 132.1272 -0.2707018 0.9626597 0.002593012 -19.91898 -0.005652896 -0.004283129 0.9999748 -2.522664
0.962718 0.2704244 0.006686893 132.147 -0.270447 0.9627309 0.002738127 -19.92071 -0.005697222 -0.004444494 0.9999739 -2.528602
0.962745 0.2703293 0.00664707 132.1823 -0.2703545 0.9627554 0.003214095 -19.92867 -0.005530639 -0.004891419 0.9999728 -2.528448
0.9627251 0.2703939 0.006893337 132.25 -0.270424 0.9627336 0.003861852 -19.95832 -0.005592225 -0.005582026 0.9999688 -2.530457
0.9626237 0.2707542 0.006918719 132.3137 -0.2707869 0.9626297 0.00431858 -19.97284 -0.005490891 -0.006030666 0.9999667 -2.528252
0.9625502 0.2710184 0.006799416 132.382 -0.2710559 0.9625486 0.005372248 -19.99447 -0.005088791 -0.00701408 0.9999624 -2.529109
0.9626501 0.2706619 0.006856009 132.4627 -0.2706999 0.9626486 0.005383514 -20.01758 -0.005142816 -0.00703836 0.999962 -2.524367
0.962657 0.2706374 0.006855731 132.5375 -0.2706768 0.9626536 0.005662149 -20.03832 -0.005067306 -0.007306394 0.9999605 -2.524748
0.9626454 0.2706766 0.006936589 132.6386 -0.270719 0.9626389 0.006138733 -20.06692 -0.005015818 -0.00778729 0.9999571 -2.530958
0.9625767 0.2709134 0.007215517 132.7654 -0.2709587 0.9625705 0.006269736 -20.10744 -0.005246889 -0.007990208 0.9999543 -2.534233
0.9626134 0.2707854 0.007119309 132.8856 -0.2708313 0.9626046 0.006550129 -20.13956 -0.005079399 -0.008233374 0.9999532 -2.53845
0.9625409 0.2710379 0.007308452 133.0371 -0.2710871 0.9625304 0.006869285 -20.18495 -0.00517277 -0.008593195 0.9999497 -2.53714
0.962601 0.2708338 0.006951668 133.1894 -0.2708823 0.9625843 0.007357163 -20.22328 -0.004698998 -0.008965096 0.9999488 -2.537158
0.9627611 0.270256 0.007259685 133.3447 -0.2703092 0.9627424 0.007744266 -20.26411 -0.004896272 -0.009418238 0.9999437 -2.534235
0.9629504 0.2695799 0.007296672 133.542 -0.2696384 0.9629214 0.00880982 -20.32749 -0.004651171 -0.01045088 0.9999346 -2.545183
0.9631593 0.2688297 0.007399564 133.7602 -0.2688898 0.9631296 0.008900911 -20.39536 -0.004733912 -0.01056266 0.999933 -2.55252
0.9634064 0.2679424 0.007418524 133.9715 -0.2680048 0.9633722 0.00935013 -20.45438 -0.004641504 -0.01099618 0.9999288 -2.56048
0.9637128 0.2668197 0.008058046 134.2059 -0.2668881 0.9636841 0.009133581 -20.52277 -0.005328393 -0.01095275 0.9999258 -2.559115
0.9641259 0.2653146 0.008327762 134.4654 -0.265385 0.9641011 0.00894513 -20.59156 -0.00565553 -0.0108343 0.9999253 -2.561308
0.9646158 0.2635338 0.008148362 134.7233 -0.2636027 0.9645891 0.009005287 -20.66908 -0.005486625 -0.01083457 0.9999263 -2.574585
0.9649577 0.2622663 0.008553433 135.021 -0.2623389 0.9649349 0.008885707 -20.75297 -0.005923085 -0.01081823 0.9999239 -2.580977
0.9654906 0.2603168 0.00794377 135.3068 -0.2603821 0.9654661 0.008730188 -20.83255 -0.005396826 -0.01049733 0.9999303 -2.591414
0.9659843 0.258455 0.008673016 135.6396 -0.2585275 0.9659652 0.008644651 -20.91404 -0.006143579 -0.01059281 0.999925 -2.591226
0.9665435 0.2563626 0.008479759 135.9599 -0.2564319 0.9665256 0.008440097 -21.00693 -0.006032178 -0.0103322 0.9999284 -2.593573
0.9669651 0.2547328 0.009465103 136.2774 -0.2548144 0.9669507 0.008731558 -21.09119 -0.006928073 -0.01085496 0.9999171 -2.614805
0.9674759 0.2528278 0.008277112 136.6255 -0.2528936 0.9674592 0.008197771 -21.18374 -0.005935145 -0.01002437 0.9999322 -2.619439
0.9677854 0.2516148 0.009023255 136.9991 -0.2516903 0.9677703 0.008514251 -21.28268 -0.006590127 -0.01051103 0.9999231 -2.625699
0.9680853 0.250485 0.008253474 137.3608 -0.2505502 0.9680696 0.008115674 -21.38264 -0.005957082 -0.009924575 0.999933 -2.630735
0.9683822 0.2492928 0.009430395 137.7166 -0.2493685 0.9683762 0.007938573 -21.48076 -0.00715314 -0.01003922 0.999924 -2.639431
0.968573 0.2485994 0.008046802 138.1197 -0.2486609 0.9685588 0.007837951 -21.57966 -0.005845292 -0.009592552 0.9999369 -2.655319
0.9686882 0.2481354 0.008479165 138.5013 -0.2481982 0.9686811 0.007386693 -21.68408 -0.006380707 -0.009259916 0.9999368 -2.652663
0.9688097 0.2476714 0.008171835 138.918 -0.2477359 0.9687934 0.008140329 -21.78925 -0.005900694 -0.009910887 0.9999335 -2.676781
0.96886 0.2474658 0.008428174 139.3311 -0.2475299 0.96885 0.007663113 -21.90323 -0.006269278 -0.009510708 0.9999351 -2.672813
0.9689887 0.246977 0.007958709 139.7292 -0.2470419 0.9689668 0.008579521 -22.00483 -0.005592781 -0.01027959 0.9999315 -2.690233
0.9689283 0.2472305 0.00741547 140.1672 -0.2472877 0.9689078 0.008144351 -22.11749 -0.005171374 -0.009725045 0.9999393 -2.689968
0.9685892 0.2485775 0.00663933 140.62 -0.24863 0.9685583 0.008822303 -22.24528 -0.004237552 -0.01019592 0.999939 -2.705451
0.9683938 0.2493525 0.006065339 141.0945 -0.2493987 0.968362 0.008690512 -22.37066 -0.003706443 -0.009928526 0.9999439 -2.709872
0.9682128 0.2500377 0.006720937 141.5541 -0.2500927 0.968178 0.00922001 -22.49547 -0.004201713 -0.01060779 0.9999349 -2.723615
0.9679279 0.2511575 0.005963253 142.052 -0.2512031 0.9678942 0.008822687 -22.63686 -0.003555914 -0.01003771 0.9999433 -2.728249
0.9674793 0.2528711 0.006318281 142.5443 -0.2529237 0.967437 0.009752925 -22.77278 -0.003646306 -0.0110338 0.9999325 -2.745982
0.9672856 0.2536452 0.004773873 143.0802 -0.2536807 0.9672402 0.009614043 -22.91762 -0.002178927 -0.01051056 0.9999424 -2.75353
0.9671783 0.2540306 0.005885202 143.6127 -0.2540769 0.9671396 0.00927662 -23.04901 -0.003335266 -0.01046744 0.9999397 -2.766329
0.9671678 0.2540809 0.005420403 144.1663 -0.2541225 0.9671268 0.009346202 -23.2103 -0.002867526 -0.01041679 0.9999416 -2.784151
0.9670534 0.2544964 0.006268608 144.7183 -0.2545478 0.9670125 0.009590607 -23.35619 -0.003621048 -0.01087029 0.9999344 -2.793765
0.9670272 0.2546193 0.005225393 145.3034 -0.2546588 0.9669862 0.009316625 -23.52237 -0.00268069 -0.01034012 0.999943 -2.807153
0.9669427 0.2549171 0.00624617 145.877 -0.2549676 0.966904 0.009379749 -23.68064 -0.003648388 -0.01066225 0.9999365 -2.814214
0.9669043 0.2550664 0.006094351 146.4892 -0.2551159 0.9668628 0.009601263 -23.84536 -0.003443442 -0.01083827 0.9999353 -2.827779
0.9668489 0.2552507 0.007095228 147.1029 -0.2553123 0.9668086 0.009845437 -24.01737 -0.004346672 -0.01133055 0.9999264 -2.834947
0.9669551 0.2548546 0.00685381 147.7436 -0.2549142 0.9669118 0.01002403 -24.19386 -0.00407236 -0.01143992 0.9999263 -2.84899
0.9671959 0.2538944 0.008354989 148.402 -0.2539715 0.9671597 0.01002983 -24.37379 -0.00553409 -0.01182274 0.9999148 -2.872244
0.9676365 0.2522559 0.006816421 149.0462 -0.2523171 0.9675879 0.01048093 -24.54086 -0.003951608 -0.01186163 0.9999219 -2.898984
0.9679078 0.2511939 0.007484687 149.7117 -0.2512595 0.9678711 0.009713533 -24.73081 -0.004804231 -0.0112824 0.9999248 -2.897756
0.9681339 0.2503544 0.006273475 150.4023 -0.2504079 0.9680877 0.01010158 -24.91062 -0.003544298 -0.01135061 0.9999293 -2.944599
0.9683497 0.2495282 0.00588277 151.0907 -0.2495733 0.968315 0.008892075 -25.09619 -0.003477552 -0.01007882 0.9999431 -2.927223
0.9683889 0.2493926 0.005133235 151.7822 -0.2494315 0.9683472 0.009354732 -25.28266 -0.002637753 -0.01033941 0.9999431 -2.95886
0.968261 0.249906 0.004197623 152.5054 -0.2499329 0.9682293 0.008095297 -25.4832 -0.002041199 -0.008887484 0.9999584 -2.962136
0.9680998 0.2505397 0.003544466 153.2203 -0.250561 0.968066 0.008214128 -25.66738 -0.001373312 -0.0088402 0.99996 -2.991939
0.9677178 0.2520264 0.002242491 153.9598 -0.2520364 0.9676831 0.008202825 -25.86767 -0.0001026919 -0.008503208 0.9999638 -3.003622
0.9673952 0.2532649 0.001823244 154.7069 -0.2532711 0.9673566 0.008658676 -26.07093 0.0004292109 -0.008838137 0.9999608 -3.029326
0.9671711 0.2541222 0.001395297 155.473 -0.2541251 0.9671386 0.00797553 -26.27918 0.0006773144 -0.008068282 0.9999672 -3.032847
0.9668762 0.2552415 0.001491598 156.2365 -0.2552452 0.9668442 0.007871126 -26.49482 0.0005668949 -0.007991127 0.9999679 -3.053386
0.9667296 0.2557998 -0.0005410713 157.0101 -0.255789 0.9667045 0.007380455 -26.70042 0.002410975 -0.006996504 0.9999726 -3.074877
0.9663676 0.2571644 0.0003277276 157.7929 -0.2571605 0.966344 0.006896831 -26.92119 0.001456922 -0.006749153 0.9999762 -3.08318
0.9661803 0.2578644 -0.001249217 158.59 -0.2578509 0.9661617 0.006658406 -27.14422 0.002923912 -0.006111108 0.9999771 -3.105524
0.9659109 0.2588723 -0.001112698 159.3896 -0.2588619 0.9658971 0.005777449 -27.36602 0.002570373 -0.005292467 0.9999827 -3.12095
0.9655764 0.2601161 -0.001347775 160.1939 -0.2601033 0.9655609 0.006206988 -27.59008 0.002915896 -0.005642761 0.9999799 -3.134828
0.9652053 0.2614899 -0.001350255 161.0147 -0.2614778 0.9651912 0.005937933 -27.82216 0.002855964 -0.005378262 0.9999815 -3.143471
0.9646977 0.2633595 -0.000471527 161.8443 -0.2633516 0.9646801 0.006201907 -28.0567 0.002088204 -0.005858788 0.9999806 -3.158313
0.9641702 0.265283 -0.0008434004 162.6903 -0.2652732 0.9641541 0.006086612 -28.30748 0.002427843 -0.005644798 0.9999811 -3.182576
0.9635271 0.2676107 -0.000197766 163.534 -0.2676037 0.9635065 0.006578188 -28.55622 0.001950943 -0.006285339 0.9999784 -3.205318
0.9628052 0.2701954 -0.0008543391 164.402 -0.2701866 0.9627914 0.005628889 -28.80542 0.00234345 -0.005188692 0.9999838 -3.213058
0.9621116 0.2726553 0.0006374391 165.2655 -0.2726541 0.9620928 0.006103965 -29.05826 0.001051003 -0.006046495 0.9999812 -3.227157
0.9614218 0.2750778 0.0004360403 166.1454 -0.275075 0.9614022 0.00630407 -29.32421 0.0013149 -0.006180814 0.99998 -3.236567
0.9604626 0.2784052 0.001456622 167.0333 -0.2784083 0.960435 0.007317356 -29.60369 0.0006381997 -0.007433582 0.9999722 -3.282323
0.9597051 0.2810032 0.001799757 167.9376 -0.2810087 0.959675 0.007615884 -29.87816 0.0004129062 -0.007814751 0.9999694 -3.251887
0.9590613 0.2831625 0.004518281 168.8587 -0.2831907 0.9590313 0.00787501 -30.16216 -0.002103266 -0.008832153 0.9999588 -3.304443
0.9586152 0.2846829 0.003528087 169.79 -0.284703 0.9585791 0.008397532 -30.4412 -0.0009913171 -0.009054459 0.9999585 -3.306772
0.9580323 0.2866113 0.005303891 170.7191 -0.2866449 0.9580089 0.007330261 -30.73779 -0.002980238 -0.008542961 0.9999591 -3.341693
0.957494 0.2884141 0.004747523 171.6746 -0.2884439 0.9574655 0.007745226 -31.03116 -0.002311757 -0.008785401 0.9999588 -3.355435
0.9569028 0.29036 0.005298071 172.6436 -0.2903936 0.9568787 0.007389718 -31.33752 -0.002923933 -0.008609767 0.9999586 -3.380768
0.9563001 0.2923645 0.003606083 173.6016 -0.2923847 0.9562666 0.008085743 -31.63708 -0.001084393 -0.00878676 0.9999608 -3.417648
0.9554767 0.2950471 0.003385643 174.5781 -0.2950648 0.9554482 0.007469075 -31.96019 -0.001031077 -0.008135511 0.9999664 -3.421149
0.9547441 0.2974148 0.002865472 175.5565 -0.2974285 0.9547074 0.008376149 -32.26893 -0.0002444963 -0.008849353 0.9999608 -3.461011
0.9539847 0.2998444 0.002555746 176.5492 -0.2998551 0.9539558 0.007424577 -32.5842 -0.0002118517 -0.007849286 0.9999692 -3.461248
0.9529714 0.3030547 0.001825125 177.5534 -0.3030585 0.9529285 0.009092669 -32.93076 0.001016362 -0.009218174 0.999957 -3.49433
0.9520054 0.3060752 0.001882819 178.5602 -0.3060806 0.9519756 0.007568947 -33.25919 0.0005242697 -0.007781973 0.9999696 -3.514156
0.9508989 0.3094961 0.001827023 179.5725 -0.3094994 0.9508536 0.009351967 -33.6102 0.001157166 -0.009458238 0.9999546 -3.556368
0.9499778 0.3123132 0.001613729 180.6011 -0.3123166 0.949952 0.007038841 -33.95098 0.0006653571 -0.007190737 0.999974 -3.54915
0.9488822 0.3156165 0.002974264 181.6225 -0.3156302 0.9488525 0.007516169 -34.29887 -0.0004499111 -0.008070727 0.9999673 -3.594394
0.9478332 0.3187524 0.00303023 182.6826 -0.318765 0.9478172 0.005604415 -34.67496 -0.001085684 -0.006277982 0.9999797 -3.532222
0.9469742 0.3212546 0.005945502 183.7278 -0.3212907 0.9469572 0.006661064 -35.03914 -0.003490238 -0.00821809 0.9999601 -3.624179
0.9466648 0.3221023 0.008708352 184.7985 -0.3221666 0.9466544 0.007376709 -35.41048 -0.005867744 -0.00978881 0.9999349 -3.621813
0.9466443 0.3221674 0.008529435 185.8639 -0.3222327 0.9466277 0.007880684 -35.78539 -0.0055353 -0.01020867 0.9999326 -3.67321
0.9466003 0.322303 0.008285269 186.9392 -0.3223599 0.9465927 0.006797944 -36.16422 -0.005651778 -0.009105775 0.9999425 -3.707845
0.9465206 0.322525 0.008741089 188.0158 -0.3225668 0.9465388 0.003847481 -36.54139 -0.007032872 -0.006461305 0.9999544 -3.695667
0.9462675 0.3233183 0.006555884 189.1011 -0.3233434 0.9462762 0.003198286 -36.91937 -0.005169613 -0.005146237 0.9999734 -3.761571
0.9458762 0.3244703 0.006103577 190.1966 -0.324501 0.9458723 0.004967338 -37.31784 -0.004161451 -0.006679103 0.9999691 -3.758438
0.9458041 0.3247092 0.004306713 191.2869 -0.3247353 0.945765 0.008665829 -37.69963 -0.001259264 -0.009594719 0.9999532 -3.827872
0.9454325 0.3258011 0.003319366 192.3902 -0.3258169 0.9454076 0.006929923 -38.09235 -0.0008803768 -0.00763328 0.9999705 -3.819835
0.9448171 0.3275943 0.001645059 193.5124 -0.3275985 0.9448056 0.004615059 -38.48952 -4.23945e-05 -0.004899305 0.999988 -3.84114
0.9441605 0.3294856 0.0006011468 194.6361 -0.3294853 0.9441527 0.003876808 -38.88857 0.0007097778 -0.003858398 0.9999923 -3.854478
0.9434467 0.3315184 0.001959813 195.7604 -0.3315224 0.9434056 0.008878017 -39.29664 0.001094328 -0.009025658 0.9999587 -3.866339
0.9426365 0.3338174 0.001519668 196.8903 -0.3338083 0.942552 0.01295716 -39.71564 0.00289296 -0.01272117 0.9999149 -3.897239
0.9416386 0.3366161 0.002505922 198.0269 -0.3366177 0.9415406 0.01377631 -40.1298 0.0022779 -0.01381584 0.999902 -3.947879
0.9407683 0.3390355 0.003146241 199.1873 -0.3390483 0.9406925 0.01198936 -40.55658 0.001105173 -0.01234594 0.9999232 -3.968445
0.9398084 0.341676 0.004193656 200.3433 -0.3417017 0.9397421 0.01116307 -40.99374 -0.0001268007 -0.01192413 0.9999289 -4.030643
0.9388165 0.3444031 0.003184277 201.5117 -0.3444162 0.9387435 0.01175821 -41.44076 0.001060345 -0.01213552 0.9999258 -4.056898
0.9375836 0.3477554 0.001790731 202.6812 -0.3477522 0.9375154 0.01153999 -41.89023 0.002334256 -0.01144243 0.9999318 -4.098938
0.9364882 0.3506989 0.0002433291 203.8632 -0.3506803 0.9364307 0.01098876 -42.33405 0.003625887 -0.01037618 0.9999396 -4.1248
0.9353478 0.3537291 -0.0004437016 205.058 -0.3537115 0.9353122 0.008895569 -42.79373 0.003561622 -0.008163508 0.9999604 -4.124683
0.9342331 0.3566519 -0.0028054 206.2483 -0.3566202 0.934214 0.008132908 -43.26663 0.005521462 -0.006597571 0.999963 -4.185588
0.9330933 0.3596187 -0.003365889 207.4573 -0.3595836 0.9330778 0.008086493 -43.74357 0.006048691 -0.006335134 0.9999616 -4.177034
0.9321944 0.3619527 -0.001991275 208.6734 -0.3619187 0.9321597 0.009633227 -44.2287 0.005342959 -0.008259361 0.9999516 -4.201744
0.9312407 0.3644028 0.001125171 209.889 -0.3643989 0.9312047 0.00844183 -44.7297 0.002028462 -0.008271387 0.9999638 -4.227533
0.9303499 0.3666648 0.002455456 211.1079 -0.3666714 0.9303048 0.009219391 -45.21449 0.001096104 -0.009477604 0.9999545 -4.27235
0.9296381 0.3684523 0.003971404 212.3324 -0.3684723 0.9295508 0.01278959 -45.71296 0.001020733 -0.01335305 0.9999103 -4.307313
0.9288503 0.3704438 0.002924772 213.5667 -0.3704407 0.928714 0.01624985 -46.22004 0.00330338 -0.01617713 0.9998637 -4.367529
0.9279127 0.3727975 0.0002968851 214.8172 -0.3727603 0.9278084 0.01487695 -46.73125 0.005270638 -0.01391518 0.9998893 -4.405239
0.9268909 0.375327 -0.001747262 216.082 -0.3752746 0.9268222 0.01303337 -47.25337 0.006511175 -0.01142481 0.9999135 -4.428982
0.9259627 0.3776 -0.003356173 217.3488 -0.3775295 0.9259057 0.01304175 -47.77264 0.008032067 -0.01080912 0.9999093 -4.479605
0.9251248 0.379637 -0.004461655 218.64 -0.3795619 0.9250853 0.01223494 -48.3092 0.008772247 -0.00962537 0.9999152 -4.492344
0.9239789 0.3824206 -0.004177509 219.9133 -0.3823932 0.9239794 0.006114777 -48.84933 0.00619835 -0.004052474 0.9999726 -4.587239
