1.0 0.0 0.0 0.0 0.0 1.0 0.0 0.0 0.0 0.0 1.0 0.0
0.9999995 -0.0005986752 -0.0007724897 0.693378 0.0005987115 0.9999999 4.673068e-05 -0.001189584 0.0007724615 -4.719316e-05 0.9999997 0.002701929
0.9999994 -0.0009616403 0.0005534924 1.14297 0.0009608602 0.9999985 0.001407879 -0.00521128 -0.0005548455 -0.001407347 0.9999989 -0.01384853
0.9999981 -0.001617853 0.001098384 1.586309 0.001615863 0.999997 0.001810223 1.234927e-05 -0.00110131 -0.001808444 0.9999977 -0.01742343
0.9999962 -0.002277971 0.001525852 2.044737 0.002274303 0.9999945 0.002401142 -0.008416293 -0.001531313 -0.002397663 0.9999959 -0.02031929
0.9999946 -0.002662061 0.001935207 2.519502 0.002655816 0.9999914 0.003222926 -0.01080928 -0.00194377 -0.003217769 0.9999929 -0.02552594
0.9999948 -0.003079725 0.0009280143 2.994994 0.003076072 0.9999876 0.003912186 -0.01837016 -0.0009400513 -0.003909311 0.9999919 -0.02892949
0.9999923 -0.003694324 0.001340936 3.488052 0.003688327 0.9999833 0.004447572 -0.01555724 -0.001357344 -0.004442593 0.9999892 -0.03764271
0.9999946 -0.003128439 0.0009637898 3.985754 0.003124051 0.999985 0.004520903 -0.02470307 -0.0009779186 -0.004517868 0.9999893 -0.03766805
0.9999977 -0.002118115 0.0004417435 4.500713 0.002115569 0.9999815 0.005687832 -0.03133659 -0.0004537828 -0.005686884 0.9999837 -0.04519549
0.9999996 -0.0008590718 -0.0001262746 5.023842 0.0008597882 0.9999828 0.005786445 -0.035149 0.0001213015 -0.005786551 0.9999833 -0.05324339
0.9999995 0.0003062356 0.0009286127 5.54761 -0.0003108567 0.9999876 0.004980212 -0.04639316 -0.000927076 -0.004980498 0.9999872 -0.05891063
0.9999957 0.001338494 0.002609459 6.086999 -0.001354145 0.9999809 0.006005132 -0.05283365 -0.002601372 -0.006008639 0.9999785 -0.07905021
0.9999936 0.00294816 0.002008396 6.634965 -0.002960632 0.9999763 0.00623523 -0.05646303 -0.001989966 -0.006241137 0.9999785 -0.07776221
0.9999874 0.004600832 0.001988148 7.189219 -0.004613991 0.9999671 0.006666128 -0.06900076 -0.001957413 -0.006675218 0.9999758 -0.09091233
0.9999812 0.005993211 0.001262028 7.741408 -0.006001173 0.9999614 0.006402238 -0.08566057 -0.00122361 -0.006409691 0.9999787 -0.1070336
0.9999661 0.007211882 0.003956713 8.300776 -0.007239508 0.9999493 0.007012799 -0.09765491 -0.003905936 -0.007041207 0.9999676 -0.1208701
0.9999572 0.008451408 0.00376865 8.863782 -0.008476753 0.9999412 0.006760585 -0.1091537 -0.003711292 -0.006792241 0.99997 -0.122654
0.9999342 0.01015714 0.005334815 9.426188 -0.01019469 0.9999232 0.007059575 -0.126042 -0.0052627 -0.007113497 0.9999608 -0.132004
0.9999216 0.01123553 0.005532029 9.99588 -0.01127166 0.999915 0.006543349 -0.1396232 -0.005458041 -0.006605191 0.9999633 -0.1441168
0.999922 0.01185086 0.003937059 10.57374 -0.01187775 0.9999058 0.00687882 -0.1483168 -0.003855168 -0.006925047 0.9999686 -0.1451939
0.999918 0.01257054 0.002441295 11.15832 -0.01258658 0.9998984 0.006670721 -0.1644485 -0.002357193 -0.006700901 0.9999748 -0.1687611
0.9999065 0.01325018 0.003381024 11.73891 -0.01327245 0.9998897 0.006651523 -0.1796222 -0.003292518 -0.006695776 0.9999722 -0.1697211
0.999894 0.01404396 0.00385062 12.32635 -0.01407208 0.9998738 0.007377151 -0.1964566 -0.003746529 -0.007430555 0.9999654 -0.1803622
0.9998872 0.01469961 0.003084448 12.9242 -0.01472153 0.9998657 0.007208252 -0.2094764 -0.002978075 -0.007252846 0.9999692 -0.1946891
0.9998768 0.01541282 0.002973436 13.52052 -0.01543569 0.9998503 0.007829079 -0.22505 -0.002852322 -0.007874012 0.999965 -0.2103866
0.9998634 0.01642316 0.00183222 14.123 -0.01643724 0.9998332 0.007953488 -0.2488831 -0.001701294 -0.007982519 0.9999667 -0.2161056
0.9998533 0.01699709 0.002103784 14.7276 -0.01701274 0.9998258 0.0076611 -0.2691492 -0.001973201 -0.007695767 0.9999685 -0.2251808
0.9998363 0.01784231 0.003007431 15.33358 -0.01786563 0.999809 0.007912951 -0.2812153 -0.002865672 -0.007965384 0.9999642 -0.2347163
0.9998312 0.01814349 0.002888189 15.94432 -0.01816642 0.999802 0.008121278 -0.3023568 -0.002740269 -0.008172376 0.9999629 -0.2465
0.9998303 0.01831663 0.00195195 16.56154 -0.01833349 0.9997915 0.00900149 -0.319733 -0.001786666 -0.009035749 0.9999576 -0.2684882
0.9998161 0.018994 0.002641372 17.18034 -0.01901713 0.9997784 0.0090242 -0.339166 -0.002469381 -0.009072772 0.9999558 -0.2774246
0.9998216 0.0188272 0.001531813 17.80893 -0.018841 0.999777 0.009555566 -0.3579628 -0.001351567 -0.009582722 0.9999532 -0.2877243
0.9998136 0.01880573 0.004379603 18.4334 -0.01884772 0.9997748 0.009750572 -0.3747469 -0.00419525 -0.009831299 0.9999429 -0.3057868
0.9998132 0.01899424 0.003573386 19.06018 -0.01902625 0.9997772 0.009148645 -0.3990743 -0.003398818 -0.009214924 0.9999518 -0.3135421
0.999811 0.01885648 0.004739105 19.69183 -0.01889925 0.9997796 0.009146254 -0.421239 -0.004565594 -0.00923409 0.999947 -0.3323566
0.9998136 0.01889569 0.003979037 20.31486 -0.01893376 0.9997731 0.009757106 -0.4381477 -0.003793766 -0.009830625 0.9999445 -0.346025
0.9998077 0.01884946 0.005416154 20.94406 -0.01890591 0.9997655 0.01056713 -0.4647376 -0.005215699 -0.0106675 0.9999295 -0.360085
0.9998016 0.01881351 0.006535732 21.57219 -0.01888527 0.99976 0.01109589 -0.4810191 -0.006325411 -0.01121712 0.9999171 -0.3713062
0.9998006 0.01938568 0.004794703 22.20736 -0.01943917 0.9997463 0.01137297 -0.5049669 -0.004573014 -0.01146391 0.9999238 -0.394551
0.9997854 0.01994407 0.005611429 22.83105 -0.02000481 0.9997395 0.0109863 -0.5172023 -0.005390855 -0.0110962 0.9999239 -0.411024
0.9997814 0.02050887 0.004063915 23.47046 -0.02054788 0.9997408 0.009800339 -0.5387742 -0.003861868 -0.009881701 0.9999437 -0.4144563
0.9997672 0.02062882 0.006318586 24.10307 -0.02068705 0.9997427 0.009292808 -0.5619789 -0.006125262 -0.009421359 0.9999369 -0.4446876
0.9997718 0.02067683 0.0053637 24.71666 -0.02072383 0.999746 0.008860844 -0.582739 -0.005179123 -0.008969978 0.9999464 -0.4517341
0.9997671 0.02084494 0.005596674 25.33834 -0.02089695 0.9997374 0.009400993 -0.5985484 -0.005399241 -0.009515756 0.9999402 -0.4669734
0.9997776 0.0209426 0.002469409 25.96052 -0.02096437 0.9997385 0.009151062 -0.6139418 -0.002277116 -0.009200796 0.9999551 -0.4855157
0.9997836 0.02073017 0.001701804 26.57816 -0.02074604 0.9997357 0.009903274 -0.6286156 -0.001496058 -0.009936437 0.9999495 -0.5005557
0.9997766 0.02108261 0.001524101 27.19517 -0.02109616 0.9997324 0.009499016 -0.6535108 -0.001323429 -0.009529046 0.9999537 -0.5123408
0.9997736 0.02120366 -0.001800147 27.8155 -0.02118439 0.9997243 0.01012299 -0.6716297 0.002014295 -0.01008256 0.9999471 -0.532874
0.9997712 0.02117887 -0.0030046 28.43014 -0.02114558 0.999719 0.01070788 -0.6861949 0.003230536 -0.0106419 0.9999381 -0.5497366
0.9997778 0.02064042 -0.004287716 29.03914 -0.02059428 0.9997324 0.01053946 -0.700657 0.004504108 -0.01044882 0.9999353 -0.5695661
0.9997695 0.02100636 -0.004434708 29.64974 -0.02095183 0.9997083 0.0120041 -0.7234405 0.004685577 -0.01190842 0.9999181 -0.5947896
0.999779 0.0202474 -0.005663719 30.26727 -0.02017405 0.9997157 0.01272137 -0.7337382 0.005919683 -0.0126043 0.999903 -0.6041814
0.9997783 0.02029632 -0.005604425 30.87128 -0.02022017 0.9997067 0.01332569 -0.7628989 0.005873244 -0.01320941 0.9998955 -0.622497
0.9998012 0.01908395 -0.005774673 31.48294 -0.01899316 0.9997011 0.01538754 -0.7764956 0.006066603 -0.0152748 0.9998649 -0.6416049
0.9998152 0.0182814 -0.005947888 32.09899 -0.01818923 0.999719 0.01519669 -0.7971482 0.006224033 -0.0150857 0.9998668 -0.6634653
0.9998257 0.01725262 -0.007137842 32.71506 -0.01715234 0.9997565 0.01388083 -0.8079813 0.007375586 -0.01375598 0.9998782 -0.663528
0.9998497 0.01598305 -0.006711802 33.3397 -0.0158989 0.9997967 0.01240913 -0.8236641 0.006908772 -0.01230055 0.9999005 -0.6840767
0.9998865 0.0145402 -0.003953157 33.94891 -0.01450757 0.9998615 0.008159663 -0.8364702 0.004071252 -0.008101386 0.9999589 -0.703837
0.9999042 0.01374999 -0.001626629 34.56021 -0.01373959 0.9998863 0.006238712 -0.8622397 0.001712226 -0.006215765 0.9999792 -0.7139094
0.9999099 0.01334859 0.001413574 35.17078 -0.01335568 0.9998977 0.005132946 -0.8779743 -0.001344912 -0.005151363 0.9999858 -0.736856
0.9999076 0.013529 0.00134068 35.77489 -0.01353602 0.999894 0.005372287 -0.8963091 -0.001267856 -0.005389939 0.9999847 -0.7541808
0.9999048 0.01367349 0.00188389 36.37933 -0.01368635 0.999882 0.006992584 -0.9052513 -0.001788055 -0.007017701 0.9999738 -0.766763
0.9999012 0.01401886 0.00104752 36.98497 -0.01402615 0.9998751 0.007301006 -0.9265381 -0.0009450375 -0.007314977 0.9999728 -0.775267
0.9998832 0.01460758 0.00448355 37.59926 -0.01463657 0.9998719 0.006503593 -0.9425847 -0.004387973 -0.006568457 0.9999688 -0.7907927
0.9998664 0.01510447 0.006251068 38.20539 -0.01514837 0.9998604 0.007036701 -0.9658341 -0.00614391 -0.007130455 0.9999557 -0.8040507
0.9998527 0.0158699 0.006540679 38.81319 -0.01591739 0.9998469 0.007272942 -0.9863617 -0.006424257 -0.007375981 0.9999521 -0.8249016
0.9998464 0.01667332 0.005403241 39.41943 -0.01671476 0.9998305 0.007716573 -1.005226 -0.005273664 -0.007805701 0.9999557 -0.8423712
0.9998386 0.01718979 0.005228342 40.03417 -0.01723564 0.9998122 0.008853334 -1.021089 -0.005075174 -0.008942018 0.9999471 -0.8545686
0.9998283 0.01778762 0.00518526 40.64851 -0.01783765 0.9997932 0.009768484 -1.041072 -0.005010429 -0.009859299 0.9999388 -0.8696042
0.9998137 0.0185083 0.005469932 41.2528 -0.01855964 0.9997827 0.00948953 -1.060437 -0.005293108 -0.009589282 0.99994 -0.8847604
0.9998071 0.01896035 0.005136309 41.86074 -0.01901104 0.9997693 0.01000643 -1.079121 -0.004945398 -0.01010214 0.9999368 -0.9030682
0.9997869 0.01942075 0.00700752 42.46244 -0.01949702 0.9997497 0.01098587 -1.095828 -0.006792412 -0.01112016 0.9999151 -0.9250143
0.9997833 0.01961926 0.006964975 43.06861 -0.01970987 0.9997187 0.01318944 -1.115421 -0.006704249 -0.01332386 0.9998888 -0.9429004
0.9997877 0.01959855 0.006348642 43.66629 -0.01969258 0.9996918 0.01510315 -1.135405 -0.006050686 -0.01522497 0.9998658 -0.9561587
0.9997919 0.01947051 0.006086472 44.27604 -0.01957024 0.9996678 0.01677849 -1.155765 -0.005757764 -0.01689411 0.9998407 -0.9794973
0.9997957 0.01940853 0.005653945 44.88535 -0.01950323 0.9996617 0.01720682 -1.172954 -0.005318073 -0.01731358 0.999836 -0.994473
0.9997899 0.0190546 0.007559666 45.50147 -0.01918179 0.9996692 0.01712406 -1.192183 -0.007230875 -0.01726547 0.9998248 -1.018661
0.9998115 0.01858976 0.005595116 46.12468 -0.01868009 0.9996884 0.01654955 -1.211691 -0.005285722 -0.01665095 0.9998474 -1.023183
0.999818 0.01829958 0.005394005 46.75336 -0.01838939 0.9996847 0.01710036 -1.230266 -0.005079374 -0.01719644 0.9998392 -1.055097
0.9998298 0.01758448 0.005586283 47.38211 -0.01767183 0.9997158 0.01599347 -1.251492 -0.005303459 -0.01608947 0.9998565 -1.062919
0.9998493 0.01660486 0.005077402 48.02062 -0.01668434 0.9997324 0.01603298 -1.264335 -0.004809817 -0.01611527 0.9998586 -1.09229
0.9998694 0.01544987 0.004743974 48.65934 -0.0155238 0.999752 0.01596539 -1.27826 -0.004496134 -0.01603695 0.9998613 -1.094934
0.9998905 0.01441251 0.003350439 49.30194 -0.01446478 0.9997652 0.01613911 -1.297238 -0.003117047 -0.01618581 0.9998642 -1.129117
0.9999131 0.01295127 0.002473982 49.94566 -0.01299107 0.9997743 0.01681032 -1.309033 -0.002255709 -0.01684099 0.9998556 -1.143622
0.9999281 0.01177866 0.002230471 50.59359 -0.01181591 0.999777 0.01749972 -1.325768 -0.002023851 -0.01752482 0.9998444 -1.168741
0.9999415 0.01047917 0.002686147 51.24704 -0.01052477 0.9997902 0.01756626 -1.333099 -0.002501504 -0.0175935 0.9998421 -1.190385
0.9999577 0.009056293 0.001636065 51.89859 -0.009082898 0.9998131 0.01705997 -1.342214 -0.001481259 -0.01707411 0.9998531 -1.203897
0.9999583 0.008919076 0.001930184 52.5535 -0.008951099 0.9998107 0.01727208 -1.360352 -0.001775768 -0.01728863 0.999849 -1.235149
0.9999595 0.008953465 0.0009638359 53.22062 -0.008969219 0.999801 0.01781565 -1.365052 -0.0008041323 -0.01782358 0.9998408 -1.259582
0.9999555 0.009428854 -0.0004115132 53.88285 -0.009419465 0.9997793 0.01877925 -1.385435 0.0005884892 -0.01877454 0.9998236 -1.275197
0.9999557 0.009371113 0.0009370853 54.54778 -0.009387497 0.9997686 0.01935392 -1.401615 -0.0007555007 -0.01936186 0.9998122 -1.29844
0.9999548 0.009505711 -0.0001875994 55.21207 -0.009500191 0.9997618 0.01964739 -1.412201 0.0003743172 -0.01964472 0.9998069 -1.327271
0.9999474 0.01023314 0.0006674958 55.88253 -0.01024444 0.9997479 0.01997379 -1.428258 -0.000462933 -0.01997958 0.9998003 -1.342677
0.9999428 0.01068736 -0.000436883 56.55473 -0.01067618 0.9997336 0.02045977 -1.444615 0.0006554276 -0.02045394 0.9997906 -1.3702
0.9999391 0.01100323 -0.0008143626 57.22488 -0.0109838 0.9997211 0.02091463 -1.456581 0.001044264 -0.02090442 0.999781 -1.386033
0.9999338 0.01129417 -0.002213088 57.89622 -0.01124437 0.9997088 0.02135346 -1.472112 0.002453613 -0.02132716 0.9997696 -1.411999
0.9999261 0.01202072 -0.001795858 58.5726 -0.01197947 0.9996984 0.02144291 -1.494765 0.002053076 -0.02141982 0.9997684 -1.4338
0.9999171 0.01284636 -0.0008746277 59.25107 -0.01282383 0.9996722 0.02215477 -1.509163 0.001158949 -0.02214172 0.9997542 -1.466729
0.9999086 0.01344748 -0.001420227 59.93995 -0.01341193 0.9996543 0.02261609 -1.527419 0.001723865 -0.02259497 0.9997432 -1.492703
0.9999027 0.0139069 -0.001144479 60.626 -0.01387599 0.9996246 0.02362529 -1.550114 0.001472604 -0.02360711 0.9997202 -1.537578
0.9998944 0.01448276 -0.00119725 61.31752 -0.01445179 0.9996367 0.02275072 -1.563542 0.001526308 -0.02273102 0.9997405 -1.540948
0.9998828 0.01529198 -0.0008265148 62.00869 -0.01527064 0.9996514 0.02153848 -1.582191 0.001155593 -0.02152333 0.9997677 -1.568017
0.9998831 0.01525168 0.001107251 62.71264 -0.0152722 0.9996457 0.02179531 -1.604688 -0.0007744436 -0.02180967 0.9997618 -1.598082
0.9998902 0.01476736 0.001200908 63.42269 -0.01478999 0.9996542 0.02174452 -1.623572 -0.0008793831 -0.0217599 0.9997628 -1.615025
0.9998911 0.01474399 -0.000632205 64.12832 -0.01472655 0.9996501 0.02196821 -1.641362 0.0009558831 -0.02195651 0.9997585 -1.662916
0.9998906 0.01470944 -0.001588092 64.84305 -0.0146714 0.9996554 0.02176973 -1.653152 0.001907765 -0.02174405 0.9997618 -1.678141
0.9998916 0.01422024 -0.003819438 65.56093 -0.01413901 0.9996896 0.02051388 -1.670176 0.004109965 -0.02045765 0.9997823 -1.699299
0.9998998 0.01381624 -0.003089539 66.28488 -0.01375228 0.9997084 0.01984456 -1.688018 0.003362816 -0.01980008 0.9997983 -1.722423
0.9999011 0.0136488 -0.003403565 67.01511 -0.01358076 0.999722 0.01927 -1.707632 0.003665631 -0.01922187 0.9998085 -1.744445
0.9999016 0.01368322 -0.003090842 67.74094 -0.01362286 0.9997309 0.01877177 -1.728276 0.003346869 -0.01872782 0.999819 -1.777186
0.999886 0.01421714 -0.005090757 68.46938 -0.01411794 0.9997195 0.01901857 -1.743591 0.005359718 -0.01894453 0.9998062 -1.802827
0.9998744 0.01491196 -0.005372726 69.20412 -0.01481344 0.9997295 0.01793317 -1.761726 0.005638691 -0.01785133 0.9998248 -1.823091
0.9998737 0.01538172 -0.003999777 69.93278 -0.01530382 0.9997056 0.01882722 -1.787253 0.004288195 -0.01876363 0.9998147 -1.843242
0.9998723 0.01568008 -0.003099672 70.66019 -0.01562282 0.9997213 0.0177054 -1.800949 0.003376429 -0.01765471 0.9998385 -1.864071
0.9998705 0.01601235 -0.00160711 71.38548 -0.01597994 0.9997016 0.01847761 -1.823432 0.0019025 -0.01844954 0.999828 -1.902514
0.9998459 0.0173148 -0.002876095 72.11407 -0.017262 0.9996984 0.01746807 -1.843761 0.003177684 -0.01741574 0.9998433 -1.919793
0.9998106 0.01944357 -0.0007876835 72.82697 -0.01942677 0.9996574 0.01754343 -1.871085 0.001128521 -0.01752481 0.9998458 -1.953563
0.9997637 0.02174014 0.0001542422 73.54491 -0.02173955 0.9996138 0.01730649 -1.902398 0.0002220628 -0.01730575 0.9998502 -1.96197
0.9997104 0.02395113 0.002317844 74.25757 -0.02398718 0.9995672 0.01702905 -1.929351 -0.001908976 -0.01707972 0.9998523 -1.986843
0.9996391 0.02663087 0.00352555 74.95421 -0.02668626 0.9995039 0.01672599 -1.953876 -0.003078374 -0.01681403 0.9998539 -2.027527
0.9995167 0.03060723 0.00543786 75.65302 -0.03069117 0.9993993 0.01608932 -1.998599 -0.004942145 -0.01624844 0.9998558 -2.039087
0.9994287 0.03324287 0.006098581 76.33539 -0.03333773 0.9993132 0.01617523 -2.033858 -0.005556681 -0.0163693 0.9998506 -2.07158
0.9993197 0.03594584 0.008244706 77.02057 -0.03607955 0.9992096 0.01668672 -2.070616 -0.007638371 -0.01697283 0.9998268 -2.093514
0.9992173 0.03862199 0.008547704 77.69315 -0.03876271 0.9991045 0.01695946 -2.105389 -0.007885042 -0.01727752 0.9998196 -2.115377
0.9991174 0.04077893 0.0100775 78.35427 -0.04094632 0.9990168 0.01700231 -2.140212 -0.009374253 -0.01739994 0.9998047 -2.137131
0.9990051 0.04307093 0.01155945 78.9991 -0.04327466 0.9989011 0.01799453 -2.17916 -0.01077171 -0.01847686 0.9997712 -2.16983
0.998904 0.04514949 0.01234439 79.6287 -0.04536645 0.9988101 0.01790012 -2.22325 -0.01152152 -0.01844053 0.9997635 -2.184897
0.9988313 0.04647861 0.01325626 80.25731 -0.04670804 0.9987543 0.01755768 -2.254109 -0.01242369 -0.01815633 0.9997579 -2.208938
0.9987805 0.04761663 0.01304663 80.87617 -0.04785119 0.9986869 0.01829853 -2.287824 -0.01215818 -0.01890051 0.9997475 -2.237736
0.9986961 0.04872448 0.01523287 81.48181 -0.04900166 0.9986293 0.01838551 -2.328295 -0.01431616 -0.01910798 0.9997149 -2.261827
0.9986152 0.04997202 0.01644561 82.06686 -0.05027926 0.9985577 0.0188312 -2.37624 -0.01548085 -0.01963199 0.9996874 -2.284219
0.9985324 0.0512163 0.01760846 82.65446 -0.05155223 0.9984859 0.01918455 -2.410533 -0.01659924 -0.02006415 0.9996609 -2.304233
0.9984705 0.0522906 0.01795079 83.21429 -0.05264151 0.9984196 0.01966645 -2.449471 -0.01689405 -0.02058133 0.9996454 -2.331581
0.9984139 0.05340838 0.01781248 83.76905 -0.05375 0.9983681 0.0192857 -2.485309 -0.0167534 -0.02021253 0.9996553 -2.360997
0.9983125 0.05444314 0.02020219 84.3143 -0.05486998 0.9982681 0.02121218 -2.526769 -0.01901235 -0.02228488 0.9995708 -2.370162
0.9982582 0.05528989 0.02057951 84.84366 -0.05573896 0.9982045 0.02192682 -2.567784 -0.01933023 -0.02303571 0.9995477 -2.399304
0.9981994 0.05615228 0.02109068 85.37274 -0.05663497 0.9981291 0.0230322 -2.598521 -0.01975791 -0.0241852 0.9995123 -2.403953
0.9981649 0.05749639 0.01900008 85.87585 -0.05791929 0.9980674 0.02251188 -2.632846 -0.01766901 -0.02357104 0.999566 -2.445052
0.9981468 0.05825579 0.01758651 86.37135 -0.05865318 0.9980135 0.02299582 -2.671482 -0.01621193 -0.02398471 0.9995809 -2.46425
0.9980557 0.05959911 0.01824189 86.85879 -0.05999186 0.9979608 0.02179817 -2.707688 -0.01690554 -0.02285016 0.9995959 -2.475788
0.9979766 0.06097279 0.01802842 87.3315 -0.06134285 0.9979013 0.02073945 -2.745973 -0.01672604 -0.0218034 0.9996223 -2.485885
0.9979326 0.06187578 0.01737412 87.79725 -0.06222326 0.9978571 0.02022627 -2.779332 -0.01608538 -0.02126553 0.9996445 -2.512274
0.9978358 0.06335955 0.01759003 88.25315 -0.06369022 0.9977902 0.01892135 -2.812563 -0.01635231 -0.02000071 0.9996662 -2.521277
0.9977137 0.0658939 0.01501349 88.68827 -0.06616352 0.997642 0.01823127 -2.851035 -0.01377676 -0.01918293 0.9997211 -2.54492
0.9974549 0.06966619 0.01517352 89.11548 -0.06992725 0.9974002 0.01741213 -2.888126 -0.01392103 -0.01842886 0.9997333 -2.551378
0.997207 0.0734918 0.01331288 89.53873 -0.07371753 0.9971282 0.01734281 -2.930998 -0.0120001 -0.01827576 0.999761 -2.579726
0.996841 0.07823471 0.01368557 89.94723 -0.07844975 0.9967903 0.015952 -2.971176 -0.01239365 -0.01697524 0.9997791 -2.584186
0.9963923 0.083875 0.01294251 90.35338 -0.08406273 0.9963518 0.01471426 -3.01692 -0.01166114 -0.01574915 0.999808 -2.597588
0.9958978 0.08941109 0.01389949 90.75532 -0.0896247 0.9958537 0.01558995 -3.063157 -0.01244795 -0.01677174 0.9997818 -2.615319
0.9953274 0.09523631 0.01591719 91.15062 -0.09548955 0.9953021 0.01598775 -3.11718 -0.0143198 -0.01743297 0.9997455 -2.620687
0.9947079 0.1010018 0.0188386 91.53613 -0.1013186 0.9947139 0.01669694 -3.166329 -0.0170526 -0.01851728 0.9996831 -2.641456
0.9939615 0.1079479 0.01969561 91.9156 -0.1083004 0.9939587 0.01780558 -3.219716 -0.01765455 -0.0198311 0.9996474 -2.647579
0.99308 0.1158384 0.01933105 92.28963 -0.1161867 0.9930645 0.01798715 -3.270168 -0.01711337 -0.02010869 0.9996513 -2.669912
0.9921327 0.1240004 0.01722376 92.66744 -0.1243037 0.9920841 0.01781966 -3.327056 -0.01487778 -0.01982045 0.9996929 -2.678273
0.9910092 0.1328128 0.01616827 93.02979 -0.1330953 0.990942 0.01787297 -3.390301 -0.01364806 -0.01986421 0.9997095 -2.69003
0.9896607 0.1422328 0.01847953 93.39442 -0.1425546 0.9896332 0.0174469 -3.45613 -0.01580643 -0.01990086 0.999677 -2.691823
0.9881523 0.1522144 0.01964001 93.74236 -0.1525561 0.988144 0.01725779 -3.528107 -0.01678027 -0.02004953 0.9996582 -2.715635
0.9863519 0.1633026 0.02102859 94.0854 -0.1636618 0.9863759 0.01665978 -3.612488 -0.01802151 -0.01987398 0.99964 -2.72108
0.9843258 0.1750249 0.0216567 94.42757 -0.1753901 0.9843643 0.01628782 -3.693473 -0.01846731 -0.0198309 0.9996328 -2.736964
0.9819095 0.1879823 0.02272621 94.77 -0.188375 0.9819573 0.01656943 -3.780823 -0.01920141 -0.02055073 0.9996044 -2.745884
0.979121 0.2019338 0.0233417 95.10897 -0.2023497 0.9791647 0.01706818 -3.870217 -0.01940873 -0.021435 0.9995818 -2.758495
0.9760143 0.2164647 0.02321997 95.44156 -0.2168847 0.9760423 0.01739751 -3.962263 -0.01889773 -0.02201627 0.999579 -2.768621
0.9723566 0.2322755 0.02388957 95.77139 -0.2327161 0.9723843 0.0176607 -4.05524 -0.01912769 -0.02273199 0.9995586 -2.773742
0.9681914 0.2490419 0.02415356 96.09975 -0.2494887 0.9682169 0.01764823 -4.167043 -0.01899073 -0.02311291 0.9995525 -2.790722
0.9633126 0.2672263 0.0248772 96.42094 -0.2676745 0.9633626 0.01682068 -4.284996 -0.01947083 -0.02286256 0.999549 -2.793788
0.9580676 0.2852882 0.026779 96.74664 -0.2857893 0.9581387 0.0171706 -4.400539 -0.02075942 -0.02410375 0.9994939 -2.816836
0.952081 0.3045248 0.02839669 97.06982 -0.3050903 0.9521489 0.01823377 -4.529424 -0.02148524 -0.02602358 0.9994304 -2.81662
0.9453387 0.324784 0.02915537 97.38203 -0.3253669 0.945416 0.01803755 -4.663589 -0.02170564 -0.02653779 0.9994121 -2.848737
0.9375643 0.3467399 0.02729031 97.69434 -0.34727 0.9375962 0.01780579 -4.796504 -0.01941331 -0.02617118 0.999469 -2.851733
0.9290112 0.3691971 0.02513379 98.00912 -0.369648 0.9290264 0.01643994 -4.947848 -0.01728038 -0.02456355 0.9995489 -2.863329
0.9190189 0.3934351 0.02475975 98.31801 -0.3938864 0.9190015 0.01702807 -5.10875 -0.01605481 -0.02540165 0.9995484 -2.860756
0.9078357 0.4185694 0.02517745 98.61588 -0.4189941 0.9078691 0.01476231 -5.281681 -0.01667877 -0.02395095 0.999574 -2.867214
0.895357 0.444325 0.03018617 98.91083 -0.4448047 0.8955564 0.01129259 -5.476129 -0.02201584 -0.02353785 0.9994805 -2.862285
0.8819885 0.4698978 0.03594834 99.21433 -0.4704666 0.8823725 0.00893698 -5.663287 -0.02752036 -0.02479481 0.9993137 -2.869833
0.8678719 0.4954814 0.03600724 99.50702 -0.4960113 0.8682874 0.007052177 -5.866175 -0.02777041 -0.02398038 0.9993266 -2.895793
0.8526386 0.5211981 0.0368783 99.79289 -0.521784 0.8530414 0.007852208 -6.084528 -0.02736617 -0.0259376 0.9992889 -2.904139
0.8364979 0.546955 0.03333889 100.0809 -0.5474032 0.8368512 0.005446972 -6.304698 -0.02492044 -0.0228062 0.9994293 -2.92454
0.8204197 0.5708778 0.03178225 100.3714 -0.571195 0.8208135 0.001113104 -6.534455 -0.02545186 -0.01906708 0.9994942 -2.918665
0.8032644 0.5948816 0.02970019 100.6503 -0.5950932 0.803654 -0.002080375 -6.771325 -0.02510625 -0.01600329 0.9995567 -2.905129
0.7847255 0.61911 0.03014297 100.9115 -0.619323 0.7851313 -0.002789324 -7.019038 -0.02539309 -0.01647938 0.9995417 -2.92103
0.7656171 0.6425053 0.03189658 101.1924 -0.6427547 0.766066 -0.003056844 -7.282182 -0.02639892 -0.0181613 0.9994865 -2.920235
0.7450081 0.6664039 0.02947545 101.453 -0.6665998 0.7454051 -0.004023444 -7.559239 -0.02465238 -0.01665083 0.9995574 -2.932469
0.7237334 0.6895018 0.02823533 101.7205 -0.6896415 0.7241261 -0.006005058 -7.851687 -0.02458643 -0.01512619 0.9995832 -2.929937
0.7016438 0.7119367 0.02901934 101.9832 -0.7120537 0.7020807 -0.007887796 -8.14889 -0.02598953 -0.01512891 0.9995477 -2.937709
0.6778846 0.7346518 0.02755606 102.2362 -0.7347893 0.6782625 -0.00669338 -8.467516 -0.02360754 -0.01571056 0.9995978 -2.934705
0.6530114 0.7568766 0.0267184 102.4824 -0.7570817 0.6533109 -0.003466829 -8.798841 -0.02007939 -0.01796414 0.999637 -2.936242
0.6280539 0.7777056 0.02687762 102.7246 -0.7779534 0.6283194 -0.001886934 -9.149125 -0.0183552 -0.01972444 0.9996369 -2.934824
0.6023986 0.7977517 0.02661317 102.964 -0.7979978 0.6026565 -0.002155835 -9.506298 -0.01775842 -0.01993858 0.9996435 -2.937179
0.5756249 0.8174071 0.02239726 103.1966 -0.8175562 0.5758359 -0.003867101 -9.889423 -0.01605814 -0.01608502 0.9997417 -2.948148
0.5486597 0.8358796 0.01666934 103.4369 -0.8359486 0.5487909 -0.004308634 -10.27902 -0.01274948 -0.01157074 0.9998518 -2.954429
0.5214057 0.8532237 0.01206145 103.6624 -0.8532472 0.5214858 -0.00466465 -10.68463 -0.01026987 -0.007859221 0.9999164 -2.959599
0.4940438 0.8693724 0.01059504 103.8688 -0.8693822 0.4941128 -0.005203123 -11.11196 -0.009758595 -0.006640567 0.9999303 -2.935958
0.4670351 0.8841418 0.01309734 104.0748 -0.8841544 0.4671439 -0.006898478 -11.56686 -0.01221758 -0.008358243 0.9998904 -2.931384
0.4410229 0.8973309 0.01720536 104.2716 -0.8973747 0.4411973 -0.007969721 -12.02901 -0.01474244 -0.01192482 0.9998202 -2.948159
0.4161938 0.9091355 0.01597415 104.4767 -0.9091703 0.4163491 -0.007924881 -12.50664 -0.01385561 -0.01122494 0.999841 -2.955927
0.3923783 0.919678 0.01522034 104.6627 -0.9196866 0.392539 -0.009482726 -13.00374 -0.01469563 -0.01027712 0.9998392 -2.954942
0.3696601 0.9290864 0.0122375 104.8477 -0.9290261 0.3698014 -0.01254737 -13.50179 -0.01618304 -0.006730697 0.9998464 -2.946964
0.346086 0.9381415 0.01071787 105.0194 -0.9380594 0.3462102 -0.01352607 -14.01785 -0.0164 -0.00537282 0.999851 -2.95194
0.322815 0.9464315 0.007608993 105.1733 -0.9463064 0.3228972 -0.01553872 -14.54091 -0.01716326 -0.002184308 0.9998503 -2.953722
0.3001212 0.9538609 0.008757299 105.3206 -0.9536982 0.3002341 -0.01787279 -15.08175 -0.0196774 -0.002987816 0.9998019 -2.947177
0.2785147 0.9603489 0.01263122 105.449 -0.9601545 0.2787265 -0.02037461 -15.62471 -0.02308738 -0.006453291 0.9997126 -2.937545
0.259946 0.9654917 0.01592883 105.5825 -0.9653649 0.2602227 -0.01883684 -16.19103 -0.02233186 -0.01048057 0.9996957 -2.950664
0.2440438 0.9695846 0.01866315 105.7051 -0.969492 0.2443861 -0.0189926 -16.74815 -0.02297594 -0.01345874 0.9996454 -2.946016
0.2302493 0.9729567 0.01845172 105.8316 -0.9728287 0.2306094 -0.0205836 -17.3054 -0.02428209 -0.013211 0.9996179 -2.962656
0.2168221 0.9760966 0.01495496 105.9466 -0.9759573 0.2170895 -0.01947729 -17.86226 -0.02225828 -0.0103723 0.9996985 -2.962591
0.2044798 0.9788344 0.008450687 106.0614 -0.978677 0.2046036 -0.01813122 -18.42216 -0.0194765 -0.004563027 0.9997999 -2.964778
0.1914023 0.9814904 0.006451554 106.1606 -0.981337 0.191488 -0.01760747 -18.98482 -0.01851696 -0.002961039 0.9998242 -2.956806
0.1795398 0.983721 0.007640786 106.2459 -0.9835781 0.1796483 -0.01733396 -19.55786 -0.01842444 -0.004403174 0.9998205 -2.934198
0.1685207 0.9856488 0.009858267 106.3283 -0.9855327 0.1686672 -0.01663349 -20.11927 -0.01805755 -0.006912559 0.9998131 -2.949718
0.1582521 0.9873573 0.009043241 106.4033 -0.9872284 0.1583881 -0.01711776 -20.68276 -0.01833369 -0.006218825 0.9998126 -2.954652
0.1470836 0.9891078 0.005674869 106.4799 -0.9889247 0.1471668 -0.01923373 -21.25437 -0.01985938 -0.00278305 0.9997989 -2.955456
0.135592 0.9907629 0.001881148 106.5513 -0.9905595 0.1356022 -0.02010015 -21.817 -0.02016957 0.0008620294 0.9997962 -2.960461
0.1249488 0.9921632 0.0003376836 106.6115 -0.9919645 0.1249306 -0.01997104 -22.3894 -0.01985671 0.002160387 0.9998005 -2.956499
0.1147607 0.9933926 -0.001034332 106.6704 -0.993194 0.1147168 -0.02014445 -22.9547 -0.0198927 0.003339083 0.9997966 -2.958579
0.1051782 0.9944522 -0.001541837 106.7175 -0.9942554 0.1051263 -0.02011591 -23.52887 -0.01984223 0.003648736 0.9997965 -2.953398
0.09585673 0.9953945 -0.001162046 106.7605 -0.9952015 0.09581494 -0.0198383 -24.09086 -0.0196356 0.003058105 0.9998025 -2.95186
0.08563626 0.9963211 -0.003277766 106.7857 -0.9961233 0.08555198 -0.02047706 -24.66072 -0.02012131 0.005018638 0.9997849 -2.959063
0.0755055 0.9971403 -0.003168211 106.8183 -0.9969143 0.07541931 -0.02176501 -25.22811 -0.02146382 0.004801814 0.9997581 -2.956069
0.06539112 0.9978419 -0.005958593 106.8475 -0.9976158 0.06524193 -0.0224987 -25.79334 -0.02206139 0.007415602 0.9997291 -2.956526
0.05419606 0.9984963 -0.008244852 106.8658 -0.998288 0.05399919 -0.02247638 -26.35545 -0.02199737 0.009448869 0.9997134 -2.956031
0.04335248 0.9990113 -0.009856304 106.8766 -0.9988182 0.04312289 -0.02242422 -26.91749 -0.02197702 0.0108168 0.9997 -2.942498
0.03301686 0.9994128 -0.009163749 106.8772 -0.9992082 0.03280377 -0.02251571 -27.47715 -0.02220188 0.009899892 0.9997045 -2.936245
0.0243088 0.9996867 -0.005981033 106.8742 -0.9994498 0.02416718 -0.02271701 -28.04729 -0.02256535 0.006529965 0.999724 -2.929978
0.01753193 0.9998414 -0.003152407 106.8663 -0.99957 0.01745284 -0.02356744 -28.60605 -0.02350868 0.003564234 0.9997173 -2.9332
0.01263565 0.9999088 -0.004742025 106.8731 -0.9996071 0.0125128 -0.02507905 -29.17557 -0.02501743 0.005057049 0.9996742 -2.946247
0.009037673 0.9999169 -0.0091926 106.881 -0.99962 0.008794785 -0.02612684 -29.73858 -0.02604382 0.009425232 0.9996164 -2.9491
0.004370153 0.9999404 -0.01000285 106.8821 -0.9996866 0.004122019 -0.0246899 -30.3043 -0.02464719 0.01010761 0.9996451 -2.924585
-0.001096845 0.9999363 -0.01123859 106.8704 -0.9997217 -0.00136131 -0.0235539 -30.86503 -0.0235677 0.01120963 0.9996594 -2.921653
-0.005612493 0.9999486 -0.008453721 106.8505 -0.999725 -0.005803227 -0.02271979 -31.42527 -0.02276768 0.008323883 0.9997061 -2.90778
-0.009934187 0.9999316 -0.006171232 106.8306 -0.9996787 -0.01007515 -0.02325774 -31.98458 -0.02331832 0.005938204 0.9997104 -2.910641
-0.01284599 0.9998988 -0.00611205 106.8175 -0.9996681 -0.01297903 -0.02225318 -32.55083 -0.02233026 0.005824158 0.9997337 -2.921836
-0.01396835 0.9998801 -0.006682969 106.8051 -0.999625 -0.01412159 -0.02346008 -33.11818 -0.02355164 0.006352765 0.9997025 -2.91058
-0.01335716 0.9998908 -0.00632453 106.7973 -0.9996185 -0.01350594 -0.02409065 -33.68194 -0.02417344 0.006000333 0.9996898 -2.912537
-0.01328003 0.9998947 -0.005840883 106.7751 -0.9996437 -0.01341146 -0.02307883 -34.24397 -0.02315474 0.005532314 0.9997166 -2.902646
-0.01281309 0.9998848 -0.008133844 106.7697 -0.9996589 -0.01299453 -0.02265089 -34.80663 -0.02275397 0.007840841 0.9997103 -2.909956
-0.01312065 0.9998757 -0.008739211 106.7612 -0.999648 -0.01331812 -0.02294304 -35.37613 -0.02305658 0.00843511 0.9996986 -2.905144
-0.01253295 0.9998662 -0.0105074 106.7449 -0.999633 -0.01278102 -0.023885 -35.95874 -0.0240161 0.01020419 0.9996595 -2.900904
-0.01271284 0.9998537 -0.01145283 106.7349 -0.9996116 -0.01299214 -0.02465748 -36.53311 -0.02480266 0.01113492 0.9996303 -2.902518
-0.0139966 0.9998409 -0.01105808 106.7235 -0.9995474 -0.01428521 -0.0264737 -37.1268 -0.02662745 0.01068253 0.9995884 -2.887862
-0.01536548 0.9997908 -0.01349959 106.7066 -0.9995095 -0.0157268 -0.02708119 -37.70974 -0.02728783 0.01307685 0.9995421 -2.889238
-0.01680052 0.9997556 -0.01437185 106.6953 -0.9995049 -0.0171752 -0.02636306 -38.3134 -0.02660346 0.01392182 0.9995491 -2.884143
-0.01942265 0.9996734 -0.01661228 106.6752 -0.9994601 -0.01985359 -0.02617952 -38.91945 -0.02650078 0.01609483 0.9995192 -2.873528
-0.02258205 0.9996397 -0.01450515 106.6436 -0.9993864 -0.02296013 -0.02645097 -39.53082 -0.02677448 0.01389894 0.9995449 -2.860154
-0.02516806 0.9995857 -0.01396525 106.6206 -0.9993117 -0.02553701 -0.02690466 -40.14718 -0.02725015 0.0132785 0.9995404 -2.850726
-0.02707398 0.9995155 -0.01535718 106.5951 -0.9992464 -0.0274877 -0.02740708 -40.77258 -0.02781593 0.01460359 0.9995064 -2.859191
-0.02961624 0.9994544 -0.01462404 106.5656 -0.9991928 -0.02999926 -0.02671704 -41.41051 -0.02714117 0.01382098 0.999536 -2.841986
-0.03208756 0.9993753 -0.01480708 106.5444 -0.9991326 -0.03246617 -0.02607632 -42.0591 -0.02654077 0.01395752 0.9995503 -2.828128
-0.03446448 0.9993165 -0.01337259 106.5096 -0.9990568 -0.03480303 -0.02596405 -42.71711 -0.02641171 0.01246514 0.9995734 -2.826082
-0.0364182 0.9992359 -0.01418947 106.4787 -0.9989966 -0.03677255 -0.02556836 -43.39577 -0.02607061 0.01324408 0.9995724 -2.816734
-0.03771615 0.999194 -0.0137423 106.4412 -0.998918 -0.038073 -0.0267065 -44.08454 -0.02720819 0.01272016 0.9995489 -2.812315
-0.03756797 0.9991987 -0.01381362 106.4092 -0.9989427 -0.03791767 -0.02599527 -44.79823 -0.02649821 0.01282242 0.9995666 -2.805159
-0.03774536 0.9992005 -0.01317309 106.3774 -0.9989346 -0.03807908 -0.02607148 -45.50217 -0.02655226 0.01217497 0.9995733 -2.796125
-0.03747952 0.9992309 -0.01153204 106.3449 -0.9989786 -0.0377565 -0.02482535 -46.23282 -0.02524167 0.01058982 0.9996253 -2.796135
-0.03753853 0.9992072 -0.01326813 106.3134 -0.9989614 -0.0378657 -0.02534612 -46.96623 -0.02582844 0.0123029 0.9995907 -2.785992
-0.03776693 0.9991875 -0.01407103 106.2734 -0.9989535 -0.03811419 -0.02528133 -47.73476 -0.02579709 0.01310151 0.9995813 -2.775928
-0.03733289 0.9992149 -0.01326082 106.2368 -0.9989183 -0.03768343 -0.02724122 -48.49659 -0.02771954 0.01222948 0.9995409 -2.760092
-0.03739989 0.9992274 -0.01207424 106.1961 -0.998901 -0.03772384 -0.02781479 -49.27657 -0.02824878 0.0110207 0.9995402 -2.758888
-0.03767991 0.9992211 -0.01171524 106.1559 -0.9988595 -0.03800517 -0.02889856 -50.06374 -0.02932129 0.01061299 0.9995137 -2.739319
-0.03815591 0.9992161 -0.01054759 106.1166 -0.9988275 -0.03845155 -0.02941248 -50.86972 -0.029795 0.00941296 0.9995117 -2.725544
-0.03787768 0.9992058 -0.01238292 106.0796 -0.9987726 -0.0382511 -0.03147014 -51.68711 -0.03191881 0.01117571 0.999428 -2.729757
-0.03787553 0.999233 -0.00995069 106.0376 -0.9987408 -0.03818083 -0.03254648 -52.50987 -0.03290144 0.008705445 0.9994207 -2.694495
-0.03770852 0.9992597 -0.007625455 105.9928 -0.9988039 -0.03792685 -0.03086156 -53.33645 -0.03112792 0.00645259 0.9994946 -2.688221
-0.03697586 0.9992849 -0.007916748 105.9505 -0.9988873 -0.03719085 -0.02900386 -54.17868 -0.02927755 0.006835495 0.999548 -2.680848
-0.03620851 0.999299 -0.009509749 105.9161 -0.9989676 -0.0364545 -0.02710551 -55.01604 -0.02743318 0.008518479 0.9995874 -2.672314
-0.03490877 0.9993531 -0.008654765 105.8775 -0.9990329 -0.03512657 -0.02644758 -55.87269 -0.02673448 0.007723145 0.9996127 -2.660973
-0.03336632 0.9993936 -0.00995319 105.8419 -0.9990719 -0.03362364 -0.02692277 -56.74602 -0.02724111 0.009045638 0.999588 -2.656783
-0.03268766 0.9994147 -0.01009633 105.8056 -0.9990746 -0.03295565 -0.02764013 -57.62667 -0.02795668 0.009183501 0.999567 -2.645759
-0.03188062 0.9994391 -0.01025304 105.773 -0.9990404 -0.0321728 -0.02971957 -58.51042 -0.03003277 0.009295717 0.9995057 -2.635365
-0.03115129 0.9994616 -0.01029924 105.7352 -0.9989304 -0.03148371 -0.03386406 -59.40575 -0.03417008 0.009233316 0.9993734 -2.605045
-0.02979815 0.999492 -0.01130081 105.7019 -0.9989748 -0.03016442 -0.03375607 -60.30991 -0.0340798 0.01028336 0.9993662 -2.600817
-0.02831244 0.9995582 -0.00904592 105.6632 -0.9990344 -0.0285995 -0.03335162 -61.21088 -0.0335956 0.008092919 0.9994028 -2.569891
-0.02646303 0.9995775 -0.01202348 105.6381 -0.999198 -0.02681077 -0.02973894 -62.12531 -0.03004874 0.01122685 0.9994854 -2.566426
-0.02505755 0.9996034 -0.01285444 105.6006 -0.9992477 -0.02542514 -0.02928825 -63.05273 -0.02960346 0.01211088 0.9994884 -2.555643
-0.02280009 0.9996662 -0.01214708 105.579 -0.9993066 -0.02314621 -0.02916576 -63.97951 -0.02943719 0.01147367 0.9995008 -2.533807
-0.0207082 0.999705 -0.01269032 105.5416 -0.9993088 -0.02108866 -0.03061435 -64.90967 -0.03087294 0.01204758 0.9994507 -2.544017
-0.01913238 0.9997529 -0.01131205 105.5134 -0.9993379 -0.01947224 -0.03073607 -65.84949 -0.03094875 0.0107165 0.9994635 -2.507351
-0.01746607 0.999765 -0.01283997 105.4837 -0.9993662 -0.01785457 -0.03079735 -66.78704 -0.03101936 0.01229392 0.9994432 -2.507477
-0.01552701 0.9998172 -0.0111588 105.4596 -0.9994364 -0.01585126 -0.0295907 -67.74188 -0.02976217 0.01069306 0.9994998 -2.486062
-0.01278841 0.9998442 -0.0121684 105.4377 -0.9995061 -0.0131315 -0.02854878 -68.70535 -0.02870412 0.0117973 0.9995183 -2.471737
-0.01102257 0.9998865 -0.01026816 105.4119 -0.999572 -0.01129615 -0.02698373 -69.66224 -0.02709666 0.009966332 0.9995831 -2.469596
-0.009484649 0.9998788 -0.0123424 105.396 -0.9995685 -0.009823561 -0.02768187 -70.63904 -0.02779976 0.01207452 0.9995406 -2.448535
-0.009316921 0.9998758 -0.01271759 105.3781 -0.9995959 -0.009654224 -0.02674029 -71.60302 -0.02685975 0.01246332 0.9995615 -2.465165
-0.01075566 0.9998545 -0.01323885 105.3563 -0.9996031 -0.01109582 -0.02589414 -72.58268 -0.02603726 0.01295508 0.999577 -2.41591
-0.01333654 0.9998491 -0.01112162 105.3214 -0.9995949 -0.01361126 -0.02499545 -73.57552 -0.02514305 0.01078376 0.9996257 -2.420284
-0.01528966 0.9998192 -0.01129921 105.295 -0.9995506 -0.01557493 -0.02561135 -74.56573 -0.0257827 0.01090254 0.9996081 -2.413754
-0.01683033 0.9997904 -0.01165509 105.267 -0.999513 -0.01712966 -0.02607993 -75.56033 -0.02627411 0.01121049 0.9995919 -2.42709
-0.01901078 0.9997731 -0.009611942 105.2374 -0.9994107 -0.01927686 -0.02840281 -76.55857 -0.02858166 0.00906632 0.9995503 -2.401205
-0.02132642 0.9997031 -0.01178218 105.2072 -0.9993694 -0.02165097 -0.02814062 -77.54838 -0.02838736 0.01117461 0.9995345 -2.391308
-0.02502 0.9996315 -0.01053023 105.1656 -0.9992708 -0.02531207 -0.02858594 -78.53752 -0.02884195 0.00980733 0.9995359 -2.389325
-0.02753901 0.9995614 -0.01089427 105.1284 -0.9992337 -0.02782977 -0.02752525 -79.53231 -0.02781636 0.01012791 0.9995617 -2.362062
-0.03013134 0.9994981 -0.009771715 105.08 -0.9991711 -0.03038633 -0.02708684 -80.53095 -0.02737018 0.008947453 0.9995853 -2.350839
-0.03128541 0.9994498 -0.01101499 105.0444 -0.9991621 -0.03156346 -0.02605742 -81.51625 -0.02639076 0.01019055 0.9995998 -2.355444
-0.03270125 0.9994096 -0.01054241 104.9982 -0.9991216 -0.03296477 -0.02587257 -82.51037 -0.02620482 0.009687083 0.9996096 -2.343309
-0.0335871 0.9993269 -0.01475064 104.952 -0.9991143 -0.03394699 -0.02486076 -83.50294 -0.02534477 0.01390258 0.9995821 -2.353266
-0.03394234 0.9993362 -0.0132307 104.9167 -0.9991044 -0.03426313 -0.02482971 -84.49686 -0.02526655 0.01237607 0.9996042 -2.338237
-0.03382099 0.9993519 -0.01232866 104.864 -0.9990159 -0.03415859 -0.02829257 -85.48248 -0.02869536 0.01135965 0.9995236 -2.331699
-0.03409111 0.9993703 -0.009844935 104.8231 -0.9989974 -0.03436112 -0.02869673 -86.4649 -0.02901694 0.008856759 0.9995397 -2.325281
-0.03373814 0.9993919 -0.008808658 104.7815 -0.9990039 -0.03398007 -0.02891941 -87.44654 -0.02920114 0.007824197 0.999543 -2.302739
-0.03269005 0.9994242 -0.009087087 104.7408 -0.9990584 -0.03293478 -0.028244 -88.4202 -0.02852703 0.008155234 0.9995598 -2.294811
-0.03091431 0.9994747 -0.009723852 104.7098 -0.9991254 -0.03117466 -0.02786431 -89.4006 -0.02815281 0.008853941 0.9995644 -2.29504
-0.03053141 0.999485 -0.009886556 104.6624 -0.9991658 -0.03078693 -0.02683037 -90.35869 -0.02712093 0.009059142 0.9995911 -2.278078
-0.0295043 0.9995014 -0.01123665 104.6325 -0.999267 -0.02976793 -0.02406649 -91.32986 -0.02438899 0.01051835 0.9996472 -2.270734
-0.02862585 0.9995182 -0.01200265 104.5913 -0.99932 -0.02889502 -0.02290604 -92.29745 -0.02324182 0.01133879 0.9996656 -2.266814
-0.02698803 0.999571 -0.01137819 104.5587 -0.999406 -0.02722412 -0.02112974 -93.26183 -0.02143044 0.01080118 0.999712 -2.253851
-0.02584386 0.9996276 -0.008757662 104.5128 -0.999501 -0.0259977 -0.01794126 -94.22515 -0.01816225 0.008289621 0.9998007 -2.261038
-0.02362049 0.9996973 -0.006876436 104.4857 -0.9996405 -0.02370542 -0.01253184 -95.18051 -0.01269105 0.006577956 0.9998978 -2.285186
-0.0215894 0.9997522 -0.005438122 104.4533 -0.9997654 -0.02159858 -0.00163404 -96.13938 -0.001751091 0.005401568 0.9999839 -2.28608
-0.01894414 0.9998099 -0.004611873 104.4207 -0.9998081 -0.0189206 0.005083308 -97.0999 0.004995082 0.004707287 0.9999765 -2.276852
