1.0 0.0 0.0 0.0 0.0 1.0 0.0 0.0 0.0 0.0 1.0 0.0
0.9999999 0.0002079662 -0.0002891341 0.004494046 -0.0002079006 1.0 0.0002267509 -0.002303917 0.0002891813 -0.0002266908 0.9999999 -0.009045029
0.9999999 0.0002444237 9.128945e-05 0.001527678 -0.0002444172 1.0 -7.226373e-05 -0.002445981 -9.130712e-05 7.224142e-05 1.0 -0.003926818
0.9999999 0.0002338506 -0.0001104259 0.001971777 -0.0002338659 1.0 -0.0001378611 -0.0002125701 0.0001103937 0.0001378869 1.0 -0.008048721
1.0 0.0001931122 -5.060807e-05 0.004749162 -0.0001931101 1.0 4.143563e-05 0.001149132 5.061607e-05 -4.142586e-05 1.0 -0.00432621
0.9999999 0.0003350992 -0.0001909435 0.001561103 -0.0003350834 1.0 8.304774e-05 -0.001385474 0.0001909714 -8.298375e-05 1.0 -0.009924394
0.9999999 0.0004069117 -0.0003149378 0.005070576 -0.0004068322 0.9999998 0.0002524024 0.0005614657 0.0003150404 -0.0002522742 0.9999999 -0.008237895
0.9999999 0.000134184 -0.0003029325 0.003421936 -0.000134178 1.0 1.991809e-05 1.24549e-05 0.0003029352 -1.987744e-05 0.9999999 -0.005930895
0.9999999 0.0001464705 -0.0003115603 0.003379189 -0.0001464711 1.0 -1.803941e-06 0.002022905 0.00031156 1.849575e-06 0.9999999 -0.005068481
0.9999999 0.0002953848 -7.223758e-05 0.004136038 -0.0002954154 0.9999998 -0.0004242059 -0.001586627 7.211228e-05 0.0004242272 0.9999999 -0.00309215
0.9999999 0.0002892117 -0.0001139768 0.007325955 -0.0002892022 1.0 8.31611e-05 0.0004666215 0.0001140008 -8.312814e-05 1.0 -0.006579987
0.9999999 0.0003635844 -0.0001217361 0.003353165 -0.0003635933 1.0 -7.282244e-05 -0.001576275 0.0001217097 7.286669e-05 1.0 -0.005077398
0.9999999 0.0002605703 -0.0003234905 0.005369727 -0.0002605462 1.0 7.465124e-05 -0.002187857 0.0003235099 -7.456695e-05 0.9999999 -0.00184083
0.9999999 0.0002034674 -0.0003790205 0.002820189 -0.0002033794 0.9999999 0.00023207 -0.0001170687 0.0003790677 -0.0002319929 0.9999999 -0.01155052
0.9999999 0.0003608596 0.0001261433 0.002491843 -0.0003608842 1.0 0.0001946926 0.002587137 -0.000126073 -0.0001947381 1.0 -0.005439224
1.0 0.0001946115 0.0001293122 0.004278133 -0.0001946543 1.0 0.0003310027 0.0007764582 -0.0001292478 -0.0003310279 0.9999999 -0.006346195
1.0 4.48691e-05 -0.0001130657 0.01087459 -4.48109e-05 0.9999998 0.0005146752 -0.001178943 0.0001130888 -0.0005146701 0.9999999 -0.007237615
1.0 -1.604527e-05 0.0001537938 0.0140113 1.591395e-05 0.9999995 0.0008538518 -0.001663857 -0.0001538075 -0.0008538493 0.9999996 -0.005248856
0.9999997 -0.0008032423 8.454205e-06 0.02143756 0.0008032323 0.999999 0.001124921 -0.00176121 -9.357781e-06 -0.001124913 0.9999993 -0.005360827
0.9999992 -0.001264894 0.0001022541 0.03694823 0.001264691 0.9999974 0.001965445 0.003747207 -0.0001047399 -0.001965314 0.9999981 -0.01294457
0.9999975 -0.002246465 7.220979e-05 0.05319079 0.002246274 0.9999943 0.002544332 0.003031553 -7.792513e-05 -0.002544163 0.9999968 -0.0104506
0.9999949 -0.003170746 -0.0001849569 0.07365276 0.003171236 0.9999912 0.002714498 0.004961941 0.0001763483 -0.00271507 0.9999963 -0.01182252
0.9999907 -0.004283723 -0.0004422208 0.1053946 0.004285109 0.9999858 0.003182492 0.008081662 0.0004285816 -0.003184357 0.9999948 -0.008214312
0.999986 -0.005274077 -0.0004398363 0.1386769 0.005275291 0.9999822 0.002806307 0.006527534 0.0004250277 -0.002808588 0.9999959 -0.003279611
0.9999774 -0.006711975 -0.0002715585 0.1738007 0.00671292 0.9999709 0.003640415 0.01320933 0.0002471162 -0.003642156 0.9999933 -0.007257078
0.9999613 -0.008768339 -0.000674205 0.2150696 0.00877139 0.9999506 0.004663655 0.01883786 0.0006332792 -0.004669388 0.9999889 -0.01631334
0.9999391 -0.01102317 -0.0005695206 0.2622925 0.0110255 0.99993 0.004266265 0.02031679 0.0005224531 -0.004272284 0.9999908 -0.01311652
0.9999126 -0.01320164 -0.0007947898 0.310544 0.01320547 0.9999001 0.005026776 0.02170132 0.0007283487 -0.005036831 0.9999871 -0.0148473
0.9998697 -0.01613066 -0.0005804862 0.3622105 0.01613378 0.9998525 0.0058607 0.02332967 0.0004858637 -0.005869302 0.9999827 -0.01944402
0.9998123 -0.01924226 -0.002258692 0.4239918 0.01925576 0.9997959 0.006113644 0.03550168 0.002140591 -0.006155989 0.9999788 -0.02905823
0.999723 -0.02342825 -0.002231169 0.4941375 0.02344201 0.9997051 0.006353479 0.04062085 0.00208166 -0.006404023 0.9999774 -0.01671322
0.9995917 -0.02839928 -0.003146543 0.576866 0.02842273 0.9995664 0.007679571 0.05268002 0.002927085 -0.007765869 0.9999655 -0.0251306
0.9994149 -0.03412249 -0.002332145 0.6629125 0.0341415 0.9993794 0.008664705 0.05583242 0.002035036 -0.008739259 0.9999598 -0.01457317
0.9992107 -0.03970815 -0.001170673 0.7647201 0.03971788 0.9991611 0.009974767 0.05610921 0.0007736112 -0.01001339 0.9999496 -0.009025762
0.9989198 -0.046445 0.001406477 0.8697575 0.04642592 0.9988562 0.01144672 0.07028331 -0.001936511 -0.01136906 0.9999335 -0.01840622
0.9985955 -0.05297503 0.0008300936 0.9817678 0.05296277 0.9985362 0.01096339 0.08114457 -0.001409665 -0.01090403 0.9999396 -0.04086133
0.9982442 -0.05914064 -0.003299381 1.109173 0.05916757 0.9982095 0.008771093 0.09800872 0.002774745 -0.008950909 0.9999561 -0.06006452
0.9978291 -0.06543621 -0.007420445 1.231202 0.0654766 0.9978398 0.005338278 0.1250561 0.0070551 -0.005812555 0.9999582 -0.06243662
0.997434 -0.07078619 -0.01070847 1.362092 0.07085225 0.9974693 0.005919685 0.1432838 0.01026234 -0.006663214 0.9999251 -0.05491711
0.9970351 -0.07590011 -0.01265416 1.489225 0.0759943 0.9970826 0.007136048 0.1619656 0.01207562 -0.008076535 0.9998944 -0.03020696
0.996832 -0.07893648 -0.009746444 1.621857 0.07903676 0.9968178 0.0103725 0.1638683 0.008896659 -0.01110997 0.9998987 -0.03990543
0.9967234 -0.08021509 -0.01039611 1.758738 0.08031992 0.9967182 0.01009143 0.1718782 0.009552502 -0.01089338 0.999895 -0.04831747
0.9966738 -0.08086023 -0.01014374 1.903167 0.08095846 0.9966705 0.009678055 0.178153 0.009327395 -0.01046709 0.9999017 -0.05157914
0.9967134 -0.08031739 -0.01056121 2.051948 0.08041863 0.9967155 0.009538251 0.182026 0.00976043 -0.01035622 0.9998987 -0.06347144
0.9969039 -0.07747462 -0.01343 2.191009 0.07761147 0.9969335 0.009986484 0.1930368 0.01261512 -0.01099789 0.9998599 -0.07590477
0.9973175 -0.07165227 -0.01495944 2.333229 0.07182872 0.9973495 0.01161059 0.190656 0.01408786 -0.01265396 0.9998207 -0.06537072
0.997853 -0.06306412 -0.01767007 2.483506 0.06326967 0.9979323 0.01132468 0.1919365 0.01691934 -0.01241835 0.9997798 -0.07892706
0.9984829 -0.05282237 -0.01554803 2.628932 0.05299094 0.9985385 0.01063769 0.1753986 0.0149634 -0.01144546 0.9998226 -0.07399378
0.999085 -0.03996992 -0.01521616 2.780472 0.04010087 0.9991603 0.008400224 0.1608838 0.01486763 -0.009002719 0.999849 -0.06420287
0.9996003 -0.02462106 -0.01389473 2.935525 0.02473334 0.9996622 0.00796749 0.1426282 0.01369387 -0.008307968 0.9998717 -0.1012204
0.9998264 -0.00821738 -0.01671925 3.090641 0.008358822 0.9999297 0.008407644 0.1212677 0.01664899 -0.008545938 0.9998249 -0.08885721
0.9997495 0.009496046 -0.02026561 3.245046 -0.009312341 0.9999149 0.009140069 0.1106789 0.02035069 -0.008949058 0.9997529 -0.1141582
0.9992588 0.02861934 -0.02574298 3.390377 -0.02837481 0.9995493 0.009814626 0.0927876 0.02601226 -0.009076899 0.9996204 -0.1051335
0.9983436 0.05012258 -0.0282452 3.538978 -0.04987049 0.99871 0.009560486 0.0645358 0.02868796 -0.008136049 0.9995553 -0.1132286
0.9969044 0.0725681 -0.03025885 3.687636 -0.07228376 0.99733 0.01038894 0.03178977 0.03093196 -0.008169551 0.9994881 -0.1129082
0.9948185 0.09650479 -0.03198372 3.841442 -0.09618179 0.9952976 0.01149163 -0.000916226 0.03294231 -0.008355837 0.9994223 -0.1000441
0.9920417 0.1216909 -0.03231914 3.999429 -0.1214265 0.9925497 0.01002759 -0.04959318 0.03329863 -0.006023387 0.9994273 -0.1240654
0.9886367 0.1468335 -0.03220921 4.147097 -0.1466092 0.9891515 0.009231629 -0.09586272 0.0332153 -0.004404563 0.9994385 -0.1315456
0.9844288 0.1726113 -0.03324553 4.302502 -0.1724723 0.9849893 0.007025984 -0.1487813 0.03395925 -0.001182647 0.9994225 -0.1237229
0.9797237 0.1981193 -0.02983637 4.452276 -0.1979513 0.980175 0.008512729 -0.2084533 0.0309314 -0.002433974 0.9995186 -0.09879037
0.9743071 0.2239646 -0.02377976 4.587232 -0.2237453 0.9745793 0.0115463 -0.2754715 0.02576123 -0.005929032 0.9996505 -0.1169601
0.9673838 0.2525958 -0.01907838 4.708531 -0.2523041 0.9675083 0.01644062 -0.3485279 0.02261132 -0.01109084 0.9996828 -0.1150514
0.959218 0.2821611 -0.01690844 4.843526 -0.2818525 0.9592791 0.01852114 -0.4179909 0.02144585 -0.01300012 0.9996855 -0.1385952
0.9501562 0.3113737 -0.01579659 4.984802 -0.3110785 0.9502015 0.01864315 -0.4909072 0.02081492 -0.01279993 0.9997014 -0.1490611
0.9399291 0.3409409 -0.01710804 5.119197 -0.3406413 0.940017 0.0182126 -0.558785 0.02229127 -0.01129084 0.9996877 -0.1609683
0.9281278 0.3717156 -0.02015706 5.239012 -0.3714131 0.9283074 0.01724455 -0.6423551 0.02512202 -0.008518549 0.9996481 -0.1723289
0.9157346 0.4012661 -0.02038848 5.364928 -0.4009845 0.9159348 0.01658476 -0.7185752 0.02532942 -0.007011779 0.9996546 -0.1436411
0.9031363 0.4288218 -0.02137224 5.484998 -0.4284765 0.9033538 0.01896004 -0.8056992 0.02743718 -0.007965999 0.9995918 -0.1793091
0.8897514 0.4560068 -0.02000812 5.604099 -0.4556941 0.8899469 0.01836351 -0.8971164 0.02618005 -0.007221379 0.9996312 -0.1663436
0.8759326 0.4820551 -0.01910439 5.728179 -0.4817266 0.8761059 0.01943911 -0.995612 0.02610819 -0.007824264 0.9996285 -0.1762058
0.8611884 0.507975 -0.01777351 5.849043 -0.5076004 0.8613166 0.02181317 -1.086438 0.02638916 -0.009763405 0.999604 -0.1684161
0.8460224 0.5327869 -0.01960452 5.972371 -0.5323264 0.8461881 0.02437623 -1.189938 0.02957645 -0.01018683 0.9995106 -0.1796255
0.8311188 0.5558237 -0.01736619 6.087224 -0.555399 0.8312358 0.02406687 -1.305269 0.02781233 -0.01035726 0.9995595 -0.1729156
0.8166156 0.5770609 -0.0118223 6.210104 -0.576767 0.8166338 0.0211876 -1.427796 0.02188103 -0.01048341 0.9997056 -0.1761121
0.8026907 0.5963743 -0.005027372 6.32934 -0.5962211 0.8026313 0.01741604 -1.546894 0.01442161 -0.01098227 0.9998357 -0.2003072
0.78817 0.6154534 -0.00228656 6.448258 -0.6153235 0.7880704 0.01794566 -1.677754 0.01284669 -0.01273726 0.9998363 -0.2210737
0.7741954 0.6329465 -0.0004690569 6.569267 -0.632836 0.7740737 0.01812403 -1.806086 0.01183463 -0.0137347 0.9998356 -0.2228003
0.7606267 0.6491889 0.000939548 6.69708 -0.6490974 0.7604936 0.01794889 -1.934442 0.0109377 -0.01426226 0.9998385 -0.2186094
0.7469794 0.6648368 0.003720429 6.822894 -0.6647848 0.746821 0.01787217 -2.077038 0.009103579 -0.01582343 0.9998333 -0.2301067
0.7339945 0.6791131 0.007574932 6.952312 -0.6791297 0.733824 0.01688417 -2.228028 0.005907595 -0.01753725 0.9998288 -0.2291577
0.722744 0.6910962 0.005223662 7.106277 -0.6910735 0.7225953 0.01653728 -2.377543 0.00765426 -0.01556216 0.9998496 -0.2625443
0.7125044 0.7016603 0.00321276 7.257015 -0.7016313 0.7124134 0.01343969 -2.538297 0.00714128 -0.01183001 0.9999045 -0.2563612
0.7041498 0.7100503 0.001236016 7.403975 -0.7100073 0.7040856 0.01237276 -2.693167 0.007915025 -0.00958986 0.9999227 -0.27605
0.6972883 0.7167906 0.0005151525 7.547982 -0.7167548 0.697246 0.01052088 -2.858735 0.007182078 -0.007705324 0.9999445 -0.2604286
0.6922312 0.7216681 0.003332079 7.69813 -0.7216598 0.692178 0.009832657 -3.028254 0.004789522 -0.0092111 0.9999461 -0.2686442
0.689495 0.724273 0.00502591 7.854804 -0.724282 0.6894367 0.009627591 -3.185274 0.003507958 -0.01027835 0.9999411 -0.282282
0.6882968 0.7253993 0.006580107 8.012558 -0.725426 0.6882389 0.009174317 -3.356642 0.002126358 -0.01108803 0.9999363 -0.2933781
0.6906828 0.7231317 0.006163043 8.18512 -0.723155 0.690631 0.008691822 -3.512049 0.002028943 -0.01046013 0.9999433 -0.307274
0.6954206 0.718588 0.004622057 8.342176 -0.7186005 0.6953874 0.007056105 -3.675884 0.001856313 -0.008228374 0.9999644 -0.317414
0.7022741 0.7118775 0.006434433 8.503272 -0.7119066 0.7022426 0.006651826 -3.825086 0.0002167525 -0.009252121 0.9999572 -0.3092254
0.7121056 0.7019759 0.01163926 8.663153 -0.7020563 0.7121036 0.005048441 -3.98039 -0.004744476 -0.01176644 0.9999195 -0.3050555
0.7238597 0.689745 0.01670561 8.833438 -0.6898974 0.7238865 0.00550008 -4.125745 -0.008299313 -0.01550644 0.9998453 -0.3223587
0.7373812 0.6751739 0.02022664 8.996838 -0.6753731 0.737462 0.004564016 -4.265133 -0.01183487 -0.01702594 0.999785 -0.3325989
0.7525475 0.6582135 0.02067109 9.17656 -0.6584222 0.752633 0.004879144 -4.388543 -0.01234623 -0.01728209 0.9997744 -0.3657745
0.7706288 0.6369908 0.01933895 9.360686 -0.6371524 0.7707319 0.003037719 -4.510157 -0.01297014 -0.01466281 0.9998084 -0.3575622
0.7896942 0.6132276 0.01830382 9.556413 -0.6133643 0.7897962 0.002477368 -4.615266 -0.0129371 -0.01318327 0.9998294 -0.3736933
0.8093987 0.5870906 0.01408763 9.735383 -0.5871586 0.8094715 0.0008690637 -4.690393 -0.01089332 -0.008975091 0.9999004 -0.3755133
0.8299184 0.5577253 0.01333543 9.934404 -0.5577731 0.8299935 -0.0001659752 -4.781363 -0.01116089 -0.007300397 0.9999111 -0.377357
0.8511494 0.5247602 0.01308909 10.1272 -0.5247871 0.8512319 -0.001556504 -4.855027 -0.01195864 -0.00554417 0.9999131 -0.3682712
0.8717167 0.4897766 0.01512955 10.31458 -0.4898016 0.8718311 -0.00226058 -4.915746 -0.01429759 -0.005439892 0.999883 -0.3830249
0.8922632 0.4513269 0.01305594 10.50824 -0.4513334 0.8923515 -0.002615569 -4.971145 -0.01283096 -0.003558805 0.9999114 -0.3844828
0.9118026 0.4104204 0.01307997 10.70624 -0.4104147 0.9118932 -0.003247559 -5.003239 -0.0132604 -0.002407077 0.9999092 -0.3942901
0.9299775 0.3674643 0.01057845 10.8927 -0.3674608 0.9300359 -0.002345824 -5.03385 -0.01070035 -0.001705604 0.9999413 -0.3917734
0.9456618 0.3249885 0.01030751 11.08356 -0.3249843 0.945717 -0.002130233 -5.050146 -0.01044029 -0.001335298 0.9999446 -0.3927802
0.9594802 0.2816428 0.008665081 11.27046 -0.2816469 0.9595176 -0.0007669685 -5.068953 -0.008530311 -0.001704603 0.9999622 -0.3971992
0.9711108 0.2384493 0.009262986 11.4614 -0.2384471 0.9711546 -0.001360984 -5.075054 -0.009320316 -0.0008870661 0.9999562 -0.4020418
0.980672 0.1954807 0.008349144 11.64825 -0.1954798 0.9807074 -0.0009335394 -5.077774 -0.008370555 -0.0007165927 0.9999647 -0.4035
0.9884737 0.151072 0.009851633 11.83312 -0.1510741 0.9885223 -0.0005329041 -5.066738 -0.009819066 -0.0009615647 0.9999513 -0.4113008
0.9941456 0.1075408 0.01046437 12.01579 -0.1075308 0.9942006 -0.001515833 -5.048324 -0.0105667 0.0003817163 0.9999441 -0.415735
0.9978252 0.06502397 0.01080636 12.20025 -0.06500432 0.9978827 -0.00216091 -5.015581 -0.01092399 0.001453751 0.9999393 -0.4267393
0.999694 0.02279994 0.009599349 12.36515 -0.02277668 0.9997374 -0.002525469 -4.995453 -0.009654408 0.002306055 0.9999507 -0.4209794
0.9997947 -0.01776909 0.009736718 12.53689 0.01779928 0.999837 -0.003022958 -4.961803 -0.009681416 0.003195643 0.999948 -0.4217981
0.9982977 -0.05747527 0.009913789 12.70526 0.0575063 0.9983411 -0.002873061 -4.919606 -0.009732213 0.003438276 0.9999467 -0.4210098
0.99548 -0.09444144 0.0100206 12.87092 0.0944719 0.995524 -0.002610367 -4.866082 -0.009729227 0.003545234 0.9999464 -0.4339537
0.9916824 -0.128371 0.009322905 13.0284 0.1283947 0.9917212 -0.001989534 -4.818457 -0.008990324 0.003169998 0.9999546 -0.43496
0.9872627 -0.158868 0.008569565 13.18855 0.1588915 0.9872938 -0.002124287 -4.772495 -0.008123197 0.00345886 0.999961 -0.4323725
0.9823853 -0.1867081 0.007685785 13.3497 0.1867272 0.9824102 -0.001827443 -4.711915 -0.007209395 0.003230398 0.9999688 -0.442443
0.9773856 -0.2113024 0.008286844 13.50499 0.2113224 0.9774151 -0.001604587 -4.649817 -0.007760634 0.003319496 0.9999644 -0.4363609
0.9724601 -0.2329516 0.00740611 13.66614 0.2329644 0.9724847 -0.000893395 -4.600851 -0.006994212 0.002594151 0.9999722 -0.4539692
0.9679912 -0.2508857 0.007033971 13.81891 0.2508974 0.9680134 -0.0008133819 -4.531861 -0.006604911 0.002552151 0.9999749 -0.4391603
0.9641985 -0.2651218 0.005623723 13.97442 0.2651294 0.9642127 -0.0006340195 -4.467062 -0.005254372 0.002102335 0.999984 -0.4512837
0.961912 -0.2733024 0.005573933 14.15176 0.2733094 0.9619261 -0.0005237859 -4.409801 -0.005218559 0.002027245 0.9999843 -0.4459164
0.9594042 -0.2819676 0.006152126 14.3234 0.2819718 0.9594227 0.0002050846 -4.358504 -0.005960317 0.001537967 0.999981 -0.4662656
0.9568734 -0.2904274 0.006721089 14.48467 0.2904302 0.9568961 0.0005740866 -4.296868 -0.006598113 0.001402679 0.9999772 -0.4628025
0.9551419 -0.2960677 0.006919759 14.64178 0.296072 0.9551656 0.000413581 -4.248293 -0.006731964 0.001653718 0.999976 -0.4713382
0.9544342 -0.2983496 0.006548939 14.81436 0.2983513 0.9544559 0.0007376738 -4.196536 -0.006470758 0.001249823 0.9999783 -0.4718757
0.9538186 -0.3003086 0.006694437 14.98343 0.3003064 0.9538419 0.001347706 -4.138873 -0.006790162 0.0007249155 0.9999767 -0.4771984
0.9545763 -0.2978998 0.0063133 15.15879 0.2978922 0.9545972 0.002132818 -4.092765 -0.006662025 -0.0001552547 0.9999778 -0.4841202
0.9555427 -0.2948039 0.005356437 15.33279 0.2947965 0.9555576 0.002138693 -4.038744 -0.00574888 -0.0004645539 0.9999834 -0.4858802
0.9570553 -0.2898787 0.003925219 15.5052 0.2898716 0.957063 0.002286354 -3.991652 -0.004419447 -0.001050358 0.9999897 -0.4887432
0.9592513 -0.2825384 0.002997919 15.69158 0.2825316 0.9592546 0.002496911 -3.944715 -0.003581241 -0.001548158 0.9999924 -0.4893075
0.9616387 -0.2743166 0.001140256 15.87687 0.2743126 0.9616365 0.002803955 -3.905034 -0.001865683 -0.002383605 0.9999954 -0.488915
0.9639296 -0.2661518 0.001735806 16.07624 0.2661448 0.9639269 0.003459705 -3.862731 -0.002593997 -0.002872936 0.9999925 -0.484738
0.9658509 -0.2590759 0.003424125 16.28152 0.259056 0.9658475 0.005340352 -3.80881 -0.004690739 -0.004270944 0.9999799 -0.4971303
0.9676386 -0.2523029 0.004334074 16.49299 0.2522717 0.9676334 0.006663013 -3.766032 -0.005874892 -0.005354024 0.9999684 -0.4973
0.9694866 -0.2451158 0.003735792 16.7204 0.2450785 0.9694669 0.008396769 -3.71038 -0.005679907 -0.007224992 0.9999577 -0.5097452
0.9710525 -0.2388601 0.001669774 16.95768 0.2388346 0.9710146 0.009425944 -3.656085 -0.003872857 -0.008754287 0.9999542 -0.5234649
0.972477 -0.2329705 0.003650364 17.20171 0.2329192 0.9724343 0.01095359 -3.60126 -0.006101603 -0.00980187 0.9999334 -0.5286304
0.9737955 -0.2273639 0.005298505 17.45996 0.2272934 0.9737595 0.01140678 -3.551243 -0.00775296 -0.009903559 0.9999209 -0.5196224
0.9749441 -0.222334 0.00718932 17.73988 0.2222354 0.9749138 0.01243774 -3.499499 -0.0097743 -0.01052838 0.9998968 -0.5280609
0.9757055 -0.2189921 0.006422296 18.01387 0.2188873 0.9756495 0.01401447 -3.435077 -0.009334968 -0.01226824 0.9998811 -0.5391994
0.976465 -0.2156536 0.00310814 18.30792 0.2155856 0.9763713 0.01489225 -3.369507 -0.006246266 -0.01387169 0.9998842 -0.5520949
0.9771277 -0.2126452 -0.001841369 18.62071 0.2126449 0.9769765 0.01728673 -3.3032 -0.001876964 -0.0172829 0.9998489 -0.5606581
0.9777746 -0.2095762 -0.005888531 18.94679 0.2096492 0.9776138 0.01784259 -3.236197 0.002017327 -0.01868055 0.9998235 -0.5513181
0.9783594 -0.2068888 -0.00315037 19.26506 0.2069124 0.9782169 0.0167038 -3.169202 -0.0003740841 -0.01699418 0.9998555 -0.5562531
0.978983 -0.2039163 -0.003233036 19.61188 0.2039417 0.9788336 0.0171034 -3.107411 -0.0003230569 -0.01740329 0.9998485 -0.5672086
0.9796433 -0.2006987 -0.004364716 19.96528 0.2007432 0.9795153 0.01587374 -3.044948 0.001089468 -0.01642679 0.9998645 -0.5739402
0.9801055 -0.1983615 -0.006781428 20.32292 0.1984347 0.9800314 0.01274097 -2.967237 0.004118693 -0.01383316 0.9998958 -0.5672677
0.9807394 -0.1952935 -0.003256668 20.69626 0.1953173 0.980684 0.01049298 -2.900263 0.001144551 -0.01092696 0.9999396 -0.5987429
0.981514 -0.1913539 -0.003722493 21.07822 0.1913804 0.9814746 0.00900961 -2.837627 0.001929508 -0.009555471 0.9999525 -0.6184085
0.9821901 -0.1878747 -0.002366887 21.4627 0.187889 0.9821409 0.009859383 -2.773687 0.0004722875 -0.0101285 0.9999486 -0.62422
0.9828252 -0.1845369 -0.0008290661 21.851 0.1845339 0.9827572 0.01163839 -2.711014 -0.001332942 -0.0115915 0.9999319 -0.6410839
0.9833314 -0.1818193 -0.00100265 22.2483 0.1818148 0.9832277 0.01436905 -2.641585 -0.001626737 -0.01431183 0.9998962 -0.6720673
0.9837922 -0.1793098 0.0009508365 22.64464 0.1792752 0.9836829 0.01510812 -2.582249 -0.003644355 -0.01469279 0.9998854 -0.6779863
0.9839631 -0.1783713 0.0005751214 23.05224 0.1783298 0.9837942 0.01863844 -2.514782 -0.003890364 -0.01823698 0.9998261 -0.6974257
0.9842798 -0.1766069 -0.00183365 23.48145 0.1766053 0.9840488 0.02141009 -2.439617 -0.001976768 -0.02139735 0.9997691 -0.704487
0.9847096 -0.1741082 -0.005777867 23.9041 0.1741948 0.9844577 0.0223479 -2.372366 0.001797113 -0.02301266 0.9997336 -0.7465448
0.9852046 -0.1712034 -0.007830235 24.34392 0.1713292 0.9850087 0.02010273 -2.301128 0.004271193 -0.02114685 0.9997672 -0.7527211
0.9859729 -0.1666883 -0.008505702 24.79835 0.1668258 0.9857953 0.0194157 -2.231827 0.00514851 -0.02056233 0.9997753 -0.7717269
0.9868055 -0.1617006 -0.00823473 25.25991 0.1618415 0.9865917 0.0210769 -2.164073 0.004716167 -0.02213153 0.9997439 -0.7716019
0.9878657 -0.1550975 -0.008128553 25.73799 0.1552434 0.9876232 0.02236489 -2.102886 0.004559208 -0.02335541 0.9997168 -0.7888604
0.9888063 -0.1488011 -0.01096867 26.23808 0.1490213 0.9885629 0.02315584 -2.041531 0.007397609 -0.02453121 0.9996717 -0.8312507
0.9896443 -0.1429832 -0.01264366 26.75873 0.143236 0.9894425 0.02206954 -1.970531 0.009354604 -0.02365202 0.9996765 -0.8370193
0.9904612 -0.1372151 -0.01259871 27.2838 0.1374545 0.9902924 0.02066003 -1.90043 0.00964154 -0.02219471 0.9997072 -0.8525289
0.99125 -0.1314836 -0.01163697 27.8193 0.1317097 0.9910561 0.02145237 -1.844029 0.008712252 -0.02279737 0.9997022 -0.8716577
0.9920577 -0.1250653 -0.01342245 28.3645 0.1253275 0.9918953 0.02089472 -1.790651 0.01070046 -0.02241097 0.9996916 -0.9038029
0.9928618 -0.1185161 -0.01339076 28.92216 0.1187542 0.9927483 0.01865947 -1.729945 0.0110822 -0.02011648 0.9997362 -0.929985
0.9935446 -0.1126358 -0.01350277 29.47231 0.1128586 0.9934646 0.01705999 -1.685075 0.01149296 -0.01847376 0.9997633 -0.9248137
0.9941843 -0.1073078 -0.009088125 30.05251 0.1074472 0.9940727 0.01656597 -1.645705 0.007256601 -0.01744612 0.9998215 -0.9280255
0.9946097 -0.1034305 -0.007328026 30.61152 0.1035408 0.9944845 0.016725 -1.603312 0.005557732 -0.0173936 0.9998333 -0.9633803
0.994983 -0.09984851 -0.006264246 31.17527 0.09993863 0.9948606 0.01626398 -1.553811 0.004608118 -0.01680842 0.9998481 -0.9780228
0.9953669 -0.09582237 -0.007926316 31.73738 0.09593584 0.9952676 0.01544897 -1.504521 0.006408449 -0.01613781 0.9998493 -1.006207
0.9957242 -0.0920414 -0.007854578 32.27731 0.09215517 0.995622 0.01561951 -1.455762 0.006382551 -0.01627656 0.9998472 -1.019709
0.9961638 -0.08727026 -0.006439948 32.81886 0.08736469 0.9960442 0.01622844 -1.426399 0.004998213 -0.01672881 0.9998476 -1.044324
0.9966093 -0.08215203 -0.004564427 33.32658 0.08221234 0.9964998 0.01513664 -1.40208 0.003304946 -0.01546057 0.999875 -1.054821
0.9971694 -0.07489094 -0.006678033 33.82592 0.07498604 0.9970664 0.01535571 -1.375951 0.005508438 -0.01581301 0.9998598 -1.068261
0.9977069 -0.06724806 -0.007661726 34.31133 0.06736198 0.9976045 0.01573301 -1.348815 0.006585359 -0.01621304 0.9998469 -1.089562
0.9982176 -0.05938249 -0.00594043 34.77273 0.05947283 0.9980952 0.01640634 -1.347966 0.004954865 -0.01673039 0.9998478 -1.102228
0.9985848 -0.05277083 -0.006601735 35.21978 0.05287168 0.9984704 0.01617003 -1.33142 0.005738331 -0.01649619 0.9998475 -1.139542
0.9989205 -0.04624933 -0.004339164 35.64151 0.04631026 0.9988118 0.01518615 -1.328917 0.003631659 -0.01537071 0.9998752 -1.141033
0.9992149 -0.03895834 -0.007196237 36.05591 0.03906147 0.9991273 0.01479498 -1.314143 0.006613569 -0.01506446 0.9998646 -1.171385
0.9994618 -0.03127899 -0.009888529 36.44445 0.03141896 0.9994035 0.01433175 -1.308004 0.009434349 -0.01463473 0.9998484 -1.167887
0.9996314 -0.02397256 -0.01274266 36.82033 0.02416009 0.999599 0.01477273 -1.32302 0.01238341 -0.01507515 0.9998097 -1.191291
0.9997837 -0.01788375 -0.01061654 37.17366 0.0180215 0.9997528 0.01302421 -1.322957 0.01038099 -0.01321272 0.9998588 -1.19107
0.9999127 -0.01176448 -0.006018017 37.51353 0.01182894 0.9998719 0.0107908 -1.334726 0.005890298 -0.01086104 0.9999236 -1.200433
0.9999508 -0.006950467 -0.007078856 37.82397 0.007031963 0.9999084 0.01155354 -1.33593 0.006997907 -0.01160275 0.9999082 -1.213742
0.9999445 -0.0004018295 -0.01052424 38.12916 0.0005268626 0.9999292 0.01188041 -1.343995 0.01051873 -0.01188529 0.9998741 -1.229357
0.9998944 0.007207845 -0.01261861 38.41151 -0.007055532 0.9999022 0.01207372 -1.354422 0.0127044 -0.01198341 0.9998475 -1.231739
0.9997504 0.01783259 -0.01346118 38.70126 -0.0176913 0.9997879 0.01054308 -1.387496 0.01364634 -0.0103023 0.9998538 -1.237521
0.9994853 0.02980493 -0.01186555 38.96748 -0.02968909 0.9995109 0.009821799 -1.421429 0.01215249 -0.009464467 0.9998814 -1.253015
0.9989938 0.04373474 -0.009938398 39.22816 -0.04365413 0.9990132 0.008188705 -1.448802 0.01028672 -0.007746613 0.9999171 -1.262904
0.9983028 0.05756395 -0.008828198 39.47984 -0.0574886 0.9983094 0.008563396 -1.487461 0.009306216 -0.008041341 0.9999244 -1.268008
0.9973028 0.07269978 -0.01008924 39.71844 -0.07260571 0.9973166 0.009397423 -1.521928 0.01074535 -0.008639541 0.9999049 -1.270698
0.9959646 0.08928517 -0.009084727 39.92742 -0.08919317 0.9959633 0.01007314 -1.554245 0.009947437 -0.009222195 0.999908 -1.277747
0.9943886 0.1054094 -0.008955584 40.15049 -0.10532 0.9943888 0.009933806 -1.60388 0.009952449 -0.008934862 0.9999105 -1.28487
0.992449 0.1224516 -0.007112041 40.34074 -0.1223837 0.9924393 0.009305525 -1.652454 0.008197745 -0.008364861 0.9999314 -1.286878
0.9900876 0.1402555 -0.007407267 40.53845 -0.1401846 0.9900813 0.009353344 -1.689299 0.008645654 -0.008222246 0.9999288 -1.293698
0.9876257 0.1567175 -0.005930989 40.71699 -0.1566617 0.9876119 0.008926322 -1.748817 0.007256427 -0.007886705 0.9999425 -1.298225
0.9849994 0.1725052 -0.004274133 40.8791 -0.1724629 0.9849765 0.008835561 -1.797195 0.0057341 -0.007965892 0.9999518 -1.316524
0.9821261 0.1881964 -0.003226302 41.04696 -0.1881615 0.9820973 0.008948765 -1.846435 0.004852667 -0.00818175 0.9999548 -1.321141
0.9793107 0.2023609 -0.0007981642 41.18457 -0.2023437 0.9792662 0.009730922 -1.884592 0.002750773 -0.009368092 0.9999523 -1.315778
0.9766221 0.2149594 0.001305794 41.33739 -0.2149614 0.9765693 0.01019737 -1.93335 0.0009168228 -0.01023967 0.9999471 -1.315393
0.9742671 0.2253738 0.003196198 41.47887 -0.2253953 0.9742093 0.01063118 -1.987685 -0.0007177772 -0.01107802 0.9999384 -1.315263
0.9724036 0.2332775 0.00358054 41.6239 -0.2333037 0.9723341 0.01164973 -2.029102 -0.0007638624 -0.01216359 0.9999257 -1.327769
0.9708723 0.2395719 0.003492548 41.77457 -0.2395965 0.9708052 0.0114347 -2.067618 -0.0006511509 -0.01193844 0.9999285 -1.333076
0.9695988 0.2446737 0.003586188 41.92849 -0.2446986 0.9695389 0.0108261 -2.097202 -0.0008280873 -0.01137451 0.999935 -1.32963
0.9687071 0.2481912 0.00276329 42.08044 -0.2482066 0.9686478 0.0107108 -2.140433 -1.832913e-05 -0.01106149 0.9999388 -1.352368
0.9681526 0.2503454 0.002778819 42.22574 -0.2503608 0.9680946 0.01058931 -2.179221 -3.917364e-05 -0.01094778 0.9999401 -1.346458
0.9675456 0.2526872 0.002151902 42.38669 -0.2526954 0.9674847 0.0108683 -2.227095 0.000664347 -0.01105935 0.9999386 -1.36007
0.9674697 0.2529804 0.001837646 42.54324 -0.2529859 0.9674174 0.01008521 -2.255605 0.0007735893 -0.01022203 0.9999474 -1.365274
0.9678626 0.2514724 0.001904092 42.69613 -0.2514788 0.9678119 0.009924499 -2.287473 0.0006529353 -0.01008439 0.9999489 -1.362947
0.9685668 0.2487402 0.002601549 42.85995 -0.2487538 0.968515 0.01000234 -2.336361 -3.165542e-05 -0.01033508 0.9999466 -1.365494
0.969521 0.2449921 0.002820407 43.03548 -0.2450083 0.9694533 0.01144634 -2.366647 7.000985e-05 -0.01178849 0.9999305 -1.380052
0.9708826 0.2395377 0.002942456 43.18494 -0.2395558 0.9708074 0.01207376 -2.409305 3.556372e-05 -0.01242709 0.9999228 -1.385972
0.9728585 0.2313591 0.004381019 43.37196 -0.2313977 0.9727674 0.01337068 -2.440479 -0.001168283 -0.01402154 0.999901 -1.386753
0.9750235 0.2220405 0.005207678 43.55166 -0.2220918 0.9749323 0.01349562 -2.461832 -0.002080559 -0.01431513 0.9998954 -1.397066
0.9775531 0.2106139 0.005636473 43.74817 -0.2106755 0.9774454 0.01470927 -2.489661 -0.002411367 -0.01556656 0.9998759 -1.396667
0.9800889 0.1984711 0.005906967 43.95291 -0.1985398 0.9799739 0.01527219 -2.519233 -0.002757585 -0.01614087 0.9998659 -1.397295
0.9827188 0.1850498 0.004504406 44.16841 -0.1850997 0.982579 0.0166376 -2.548838 -0.00134715 -0.01718384 0.9998515 -1.413678
0.9851078 0.1719265 0.001974008 44.38321 -0.171936 0.9849801 0.01587595 -2.56078 0.0007851385 -0.01597893 0.999872 -1.419079
0.9875302 0.1574288 0.0004581134 44.62253 -0.1574202 0.9874363 0.01372681 -2.583777 0.001708639 -0.01362776 0.9999057 -1.406821
0.9899489 0.141417 -0.001525002 44.86546 -0.1413897 0.9898843 0.01174381 -2.601449 0.003170349 -0.01141015 0.9999299 -1.417588
0.9923625 0.1233524 -0.0009240724 45.12103 -0.123337 0.9923143 0.01001197 -2.622006 0.002151971 -0.009821533 0.9999495 -1.423632
0.9945467 0.1042918 -0.0004249759 45.3798 -0.1042836 0.9945058 0.009130552 -2.625407 0.001374882 -0.009036442 0.9999582 -1.448559
0.9964518 0.08414415 0.001891764 45.6474 -0.08415797 0.9964108 0.009111773 -2.6346 -0.001118271 -0.009238649 0.9999567 -1.42994
0.9981402 0.06089745 0.002775208 45.91824 -0.06092247 0.9980919 0.01005952 -2.629725 -0.002157314 -0.01020989 0.9999455 -1.429901
0.9992885 0.03771492 0.0003093937 46.19608 -0.03771613 0.9992391 0.009947533 -2.619572 6.601217e-05 -0.009952124 0.9999505 -1.459402
0.9998806 0.01545091 -0.0001133844 46.47535 -0.01544878 0.9998224 0.01078817 -2.605659 0.0002800513 -0.01078513 0.9999418 -1.470585
0.9999623 -0.008554587 -0.001468185 46.77618 0.008569017 0.9999121 0.01012093 -2.59015 0.001381475 -0.01013314 0.9999477 -1.478851
0.9994704 -0.03244926 -0.002428203 47.07299 0.03247306 0.9994174 0.01050358 -2.543619 0.002085955 -0.01057687 0.9999419 -1.500791
0.9983933 -0.05639634 -0.00549745 47.38687 0.05645515 0.9983423 0.01120593 -2.508073 0.004856363 -0.01149829 0.9999221 -1.521353
0.9967395 -0.08047323 -0.005864688 47.70166 0.08054675 0.9966578 0.01361636 -2.466577 0.004749335 -0.01404434 0.9998901 -1.504017
0.9944327 -0.1051616 -0.006687069 48.01752 0.1052591 0.9943087 0.01645449 -2.415864 0.004918631 -0.01706675 0.9998422 -1.504023
0.9914241 -0.130513 -0.00668462 48.35411 0.1306138 0.9912711 0.01793584 -2.355783 0.004285411 -0.01865512 0.9998168 -1.532929
0.9879816 -0.1543808 -0.007683123 48.70175 0.1544911 0.9878514 0.01680386 -2.297033 0.004995588 -0.01778888 0.9998293 -1.533196
0.9839596 -0.1781496 -0.009286396 49.04528 0.1782799 0.9838518 0.01588161 -2.198893 0.006307133 -0.01728245 0.9998308 -1.547459
0.9796757 -0.2001608 -0.01308967 49.4152 0.2003508 0.9796045 0.01530884 -2.114858 0.009758472 -0.01762022 0.9997971 -1.557628
0.9750661 -0.2215337 -0.01299318 49.75643 0.2217384 0.9749528 0.0172943 -2.014635 0.008836463 -0.01974417 0.999766 -1.557309
0.9700565 -0.2425745 -0.01216284 50.12518 0.2427582 0.9699374 0.01702883 -1.920321 0.007666428 -0.01947156 0.999781 -1.565051
0.9646055 -0.2635086 -0.009970013 50.51875 0.2636455 0.9644753 0.01667837 -1.801599 0.005220938 -0.0187166 0.9998112 -1.591609
0.958544 -0.2847099 -0.01156349 50.89384 0.2848733 0.9584227 0.01653058 -1.671025 0.006376293 -0.01913942 0.9997965 -1.614745
0.9514637 -0.3074726 -0.01332079 51.28973 0.3076611 0.9513662 0.01572381 -1.524385 0.007838307 -0.01905893 0.9997876 -1.620505
0.9440069 -0.3295465 -0.01581449 51.67481 0.329778 0.9439338 0.01534623 -1.38029 0.009870533 -0.01970221 0.9997572 -1.644269
0.9357851 -0.3522515 -0.01500242 52.08226 0.3524437 0.9357431 0.01298154 -1.203526 0.009465639 -0.01743544 0.9998032 -1.633875
0.9274006 -0.3737289 -0.01596329 52.48172 0.3739321 0.9273725 0.01246636 -1.024168 0.01014488 -0.0175305 0.9997948 -1.660782
0.9186644 -0.3947739 -0.01446746 52.89052 0.3949384 0.9186405 0.01109583 -0.8414166 0.008910054 -0.0159071 0.9998338 -1.669488
0.9104786 -0.4132186 -0.01670754 53.29205 0.413434 0.9104487 0.01247841 -0.6373603 0.01005504 -0.01826879 0.9997826 -1.675633
0.9025508 -0.4301461 -0.01940343 53.72447 0.4303867 0.9025842 0.01045115 -0.418566 0.0130177 -0.01778367 0.9997571 -1.68956
0.8941634 -0.447238 -0.02121 54.16228 0.4475243 0.8942006 0.01128695 -0.1848446 0.01391804 -0.01958437 0.9997113 -1.692046
0.8860116 -0.4632679 -0.0191399 54.61551 0.4635168 0.886014 0.01146573 0.05215867 0.01164652 -0.01903044 0.9997511 -1.708024
0.8782396 -0.4778676 -0.01838006 55.06976 0.4781017 0.87823 0.01143681 0.2891717 0.01067664 -0.0188318 0.9997656 -1.709227
0.8703169 -0.4920662 -0.02047926 55.4943 0.4922845 0.8704047 0.007164977 0.5554723 0.0142996 -0.01631742 0.9997646 -1.755914
0.8622433 -0.5060503 -0.02120397 55.93115 0.5062845 0.8623353 0.007325469 0.8256593 0.01457787 -0.01705158 0.9997483 -1.759017
0.8540637 -0.5195951 -0.02441256 56.38108 0.5198855 0.8542062 0.007128948 1.114311 0.0171492 -0.01878031 0.9996765 -1.767318
0.8473616 -0.5303619 -0.02635528 56.84776 0.5306967 0.8475298 0.00738543 1.395054 0.01841993 -0.02024479 0.9996254 -1.793082
0.8420154 -0.5386322 -0.02975373 57.28808 0.5390587 0.8422279 0.008221151 1.686793 0.02063125 -0.02296135 0.9995235 -1.806462
0.8381897 -0.5446516 -0.02815327 57.73786 0.5450747 0.8383291 0.009900856 1.97021 0.01820919 -0.02364443 0.9995546 -1.819416
0.8347631 -0.5499039 -0.0278605 58.19607 0.550297 0.8349248 0.008582585 2.256565 0.01854183 -0.02249597 0.999575 -1.847969
0.8313172 -0.5552227 -0.02528379 58.65437 0.555541 0.8314559 0.007418224 2.544842 0.0169036 -0.02021308 0.9996528 -1.840134
0.829468 -0.5579608 -0.02574203 59.10737 0.5582923 0.8296094 0.007614812 2.850662 0.01710706 -0.02068782 0.9996396 -1.884586
0.8289546 -0.5585513 -0.02923718 59.5666 0.5589774 0.8291386 0.008565385 3.149937 0.01945747 -0.02344324 0.9995358 -1.888563
0.8293693 -0.5578337 -0.03111455 60.02273 0.5583711 0.8295064 0.01186816 3.451392 0.01918926 -0.02721656 0.9994454 -1.894847
0.8305748 -0.5561444 -0.029138 60.50485 0.5566439 0.8306538 0.01273049 3.764488 0.01712359 -0.02679311 0.9994943 -1.894807
0.8330204 -0.5525617 -0.02743158 60.98422 0.5530413 0.8330297 0.01437805 4.052867 0.01490657 -0.02714801 0.9995203 -1.917085
0.8360477 -0.5481183 -0.02430074 61.45743 0.5485123 0.8360238 0.01409792 4.358353 0.01258867 -0.02511578 0.9996053 -1.937708
0.840023 -0.542038 -0.02358263 61.95612 0.5423958 0.8400283 0.01262642 4.660671 0.01296608 -0.0233976 0.9996421 -1.964331
0.8443441 -0.5352492 -0.02431475 62.45359 0.5355985 0.8444033 0.01082884 4.972558 0.01473533 -0.02216621 0.9996457 -1.994103
0.8492085 -0.5274528 -0.02526731 62.96571 0.5278223 0.849286 0.01080076 5.261649 0.01576228 -0.02250875 0.9996224 -2.006747
0.8548577 -0.5182249 -0.02571506 63.46506 0.5186045 0.8549454 0.010847 5.547277 0.01636379 -0.02260858 0.9996105 -2.011314
0.8607382 -0.5084185 -0.02530815 63.97147 0.5088115 0.8607895 0.01233627 5.836992 0.015513 -0.02349537 0.9996036 -2.057326
0.8669987 -0.4976545 -0.02555967 64.49708 0.4980342 0.8670851 0.01119565 6.11554 0.01659084 -0.0224362 0.9996106 -2.05152
0.8729573 -0.4871481 -0.02514364 65.00963 0.4875299 0.8730245 0.01195719 6.3818 0.01612609 -0.02269639 0.9996123 -2.077157
0.8787371 -0.4766988 -0.02406963 65.52049 0.4770784 0.8787577 0.01344858 6.643776 0.01474045 -0.02330087 0.9996198 -2.100707
0.8845196 -0.4658339 -0.02497684 66.03783 0.4662318 0.884563 0.01328167 6.901697 0.01590653 -0.02339289 0.9995998 -2.109548
0.8906899 -0.4538825 -0.02573127 66.55099 0.4542885 0.890763 0.01276426 7.145796 0.017127 -0.02305842 0.9995874 -2.153524
0.8963857 -0.4426178 -0.0241301 67.07817 0.4429929 0.8964288 0.01314318 7.375371 0.01581351 -0.02247082 0.9996224 -2.140037
0.9019896 -0.4310782 -0.02421598 67.60258 0.4314506 0.9020444 0.01289658 7.61424 0.01628445 -0.02208058 0.9996235 -2.160957
0.9075251 -0.4193946 -0.02250089 68.11841 0.4196906 0.9076076 0.01040028 7.839196 0.01606016 -0.01888193 0.9996927 -2.188473
0.9126472 -0.4080501 -0.02387885 68.6306 0.4083683 0.9127598 0.01023846 8.055861 0.01761785 -0.01909547 0.9996625 -2.205577
0.9173821 -0.3973425 -0.02300041 69.15668 0.3976279 0.9174991 0.009360039 8.255533 0.01738371 -0.01773233 0.9996917 -2.21218
0.9219081 -0.386874 -0.02034487 69.66874 0.3871074 0.9219906 0.009009208 8.459944 0.01527235 -0.01618131 0.9997524 -2.231349
0.9264487 -0.3759262 -0.01929478 70.18376 0.3761306 0.9265301 0.008225637 8.652035 0.01478497 -0.01487799 0.99978 -2.259625
0.9307122 -0.3653494 -0.01716821 70.70625 0.365538 0.9307486 0.009454668 8.841398 0.01252502 -0.0150752 0.9998079 -2.275708
0.9345955 -0.3551618 -0.01978176 71.22456 0.3554018 0.9346578 0.01021565 9.024232 0.01486097 -0.01657797 0.9997521 -2.279871
0.9382968 -0.3451951 -0.02096231 71.73969 0.3454739 0.9383582 0.01146726 9.210079 0.01571171 -0.01800162 0.9997145 -2.304963
0.9417265 -0.3357645 -0.02033204 72.27309 0.3360372 0.9417744 0.01184253 9.380852 0.01517189 -0.01798474 0.9997231 -2.313815
0.9443604 -0.3284545 -0.01734914 72.79682 0.3286765 0.9443668 0.01196465 9.550058 0.01245411 -0.0170012 0.9997779 -2.332322
0.9463884 -0.3226707 -0.01525315 73.3177 0.322866 0.946359 0.01274222 9.716743 0.01032342 -0.01698381 0.9998025 -2.361543
0.948035 -0.3177442 -0.01637985 73.84206 0.3179825 0.9479804 0.01485275 9.887841 0.0108084 -0.01928943 0.9997555 -2.382668
0.9495052 -0.3132164 -0.01831747 74.37077 0.3135041 0.9494561 0.01575081 10.05832 0.01245822 -0.02069807 0.9997082 -2.395434
0.9506048 -0.3098738 -0.01813088 74.89764 0.310182 0.9505113 0.01775665 10.21416 0.01173128 -0.02250343 0.999678 -2.395676
0.95096 -0.3088575 -0.01680019 75.4239 0.3091475 0.9508271 0.01886289 10.37203 0.01014813 -0.02313159 0.9996809 -2.42959
0.9506457 -0.3099148 -0.0150164 75.9532 0.3101679 0.950485 0.0193414 10.54945 0.008278683 -0.02304442 0.9997002 -2.454985
0.9495958 -0.3130729 -0.01590954 76.46693 0.3133288 0.9494838 0.01747574 10.71045 0.009634674 -0.0215798 0.9997207 -2.467522
0.9485885 -0.315917 -0.01939795 76.97656 0.3162516 0.948512 0.01760827 10.89271 0.01283643 -0.02283764 0.9996568 -2.511672
0.9479411 -0.3177226 -0.02144778 77.49074 0.3180924 0.947911 0.01678946 11.06304 0.0149962 -0.0227378 0.999629 -2.530324
0.9471771 -0.3200161 -0.02110162 78.01378 0.3203685 0.9471555 0.01614458 11.23043 0.01481999 -0.02205208 0.999647 -2.52777
0.94618 -0.3230054 -0.0202709 78.51122 0.3233367 0.9461496 0.01594977 11.3975 0.01402744 -0.02164568 0.9996673 -2.56299
0.9452885 -0.3258204 -0.01644908 79.00139 0.326056 0.9452389 0.01452093 11.55679 0.01081709 -0.01908979 0.9997593 -2.579238
0.9443647 -0.3283426 -0.01914442 79.46819 0.3286404 0.9443322 0.01524251 11.71891 0.01307392 -0.02068611 0.9997005 -2.605662
0.9435588 -0.330555 -0.02073901 79.9258 0.3308714 0.9435683 0.01424386 11.88076 0.0148603 -0.02030187 0.9996834 -2.61624
0.9423439 -0.3338851 -0.02255514 80.35875 0.3342452 0.9423727 0.01461663 12.02899 0.01637507 -0.02131284 0.9996387 -2.624321
0.941712 -0.3357343 -0.02146919 80.77016 0.3360454 0.9417567 0.01294419 12.16796 0.01587295 -0.01940432 0.9996857 -2.656515
0.9412425 -0.3371961 -0.01900928 81.1693 0.3374508 0.9412637 0.01223611 12.30712 0.01376678 -0.01793185 0.9997444 -2.66053
0.9402539 -0.3399492 -0.01890072 81.54061 0.3401912 0.9402866 0.01144554 12.43582 0.01388119 -0.01719157 0.9997559 -2.688986
0.9398549 -0.3409898 -0.01996667 81.88524 0.3412266 0.9399291 0.009878272 12.56645 0.01539887 -0.0160973 0.9997519 -2.693806
0.9396414 -0.3414151 -0.02257844 82.22061 0.3416809 0.9397722 0.009078857 12.68701 0.01811893 -0.01624549 0.9997038 -2.706588
0.9398432 -0.3407402 -0.02430851 82.52205 0.3410419 0.9400005 0.00945751 12.78766 0.01962746 -0.0171788 0.9996598 -2.718084
0.9400196 -0.3402235 -0.02472144 82.80556 0.3405475 0.9401717 0.01022717 12.89037 0.01976288 -0.01803257 0.9996421 -2.724621
0.940727 -0.3383714 -0.02318625 83.08056 0.3386686 0.9408498 0.01026754 12.97938 0.01834053 -0.01751141 0.9996784 -2.739176
0.9415907 -0.336086 -0.02128746 83.33156 0.3363306 0.9417002 0.009088895 13.05454 0.01699175 -0.01571764 0.9997321 -2.745141
