1.0 0.0 0.0 0.0 0.0 1.0 0.0 0.0 0.0 0.0 1.0 0.0
0.9999898 0.0002313377 0.004515094 1.81882 -0.0002474038 0.9999937 0.003558092 -0.08199831 -0.004514242 -0.003559172 0.9999835 -0.0841478
0.9999993 -0.00091391 0.0007427785 3.117108 0.0009111559 0.9999926 0.003699824 -0.08605269 -0.0007461544 -0.003699145 0.9999929 -0.08574034
0.9999899 -0.001083359 0.004374715 4.381496 0.001056378 0.9999804 0.006165089 -0.09461212 -0.004381308 -0.006160405 0.9999714 -0.1375054
0.9999934 -0.001222589 0.003413687 5.63184 0.001205164 0.9999863 0.005101804 -0.105375 -0.003419878 -0.005097657 0.9999812 -0.1552495
0.9999835 -0.00148331 0.005554476 6.86507 0.001446564 0.9999771 0.006613735 -0.117517 -0.005564159 -0.006605591 0.9999627 -0.1787964
0.9999745 -0.001849162 0.006900999 8.08778 0.001802613 0.9999757 0.006745361 -0.1244835 -0.006913304 -0.006732749 0.9999534 -0.2338989
0.999966 -0.00169975 0.008066001 9.306989 0.001662887 0.9999882 0.004574709 -0.1418437 -0.008073681 -0.004561141 0.999957 -0.2382616
0.9999518 -0.002008818 0.009607175 10.51421 0.00196232 0.9999864 0.004846973 -0.1488322 -0.009616781 -0.004827888 0.9999421 -0.286053
0.9999476 -0.002067644 0.01002597 11.7133 0.002020707 0.9999869 0.004689416 -0.1626932 -0.01003553 -0.004668911 0.9999387 -0.3098528
0.9999468 -0.002309511 0.01004884 12.89935 0.002241569 0.9999745 0.006767297 -0.1710922 -0.01006421 -0.006744412 0.9999266 -0.3456394
0.9999445 -0.0024637 0.01024157 14.0827 0.002399328 0.9999775 0.006292932 -0.184778 -0.01025684 -0.00626801 0.9999278 -0.3792306
0.9999615 -0.002572426 0.008391012 15.26978 0.00250951 0.9999688 0.007499946 -0.1873085 -0.008410042 -0.0074786 0.9999366 -0.409915
0.9999606 -0.002710876 0.008452934 16.43265 0.002665876 0.9999821 0.005330339 -0.195258 -0.008467234 -0.005307594 0.9999501 -0.4528757
0.9999624 -0.003365501 0.007996891 17.59319 0.00332624 0.9999825 0.004917777 -0.1929167 -0.008013301 -0.004890992 0.999956 -0.4666763
0.9999722 -0.0036618 0.006502673 18.74549 0.003635544 0.9999852 0.004044954 -0.1950314 -0.006517388 -0.004021201 0.9999707 -0.5029437
0.9999705 -0.004085549 0.006506146 19.90015 0.00405485 0.9999807 0.004724689 -0.1962862 -0.006525323 -0.004698168 0.9999677 -0.5223314
0.9999802 -0.003857328 0.004985127 21.05484 0.00383434 0.999982 0.004612505 -0.2109013 -0.005002829 -0.004593298 0.9999769 -0.5499462
0.9999731 -0.003924677 0.00620554 22.1911 0.003891198 0.9999778 0.005397897 -0.2263386 -0.006226588 -0.005373605 0.9999662 -0.5772997
0.9999685 -0.004327373 0.006659735 23.33075 0.00428747 0.9999729 0.005994205 -0.2235774 -0.006685494 -0.005965462 0.9999599 -0.5952846
0.9999696 -0.003824315 0.006798076 24.46692 0.003779805 0.9999715 0.006548299 -0.2452442 -0.006822925 -0.006522404 0.9999555 -0.6396023
0.9999691 -0.004422913 0.006503887 25.59821 0.00438342 0.9999719 0.006073938 -0.2416612 -0.00653057 -0.006045241 0.9999604 -0.6709629
0.999969 -0.004472258 0.006477418 26.74146 0.004446914 0.9999824 0.003921648 -0.2531034 -0.006494843 -0.003892722 0.9999713 -0.6951626
0.999967 -0.004810088 0.006545465 27.87082 0.004775774 0.9999747 0.005247884 -0.2550172 -0.006570543 -0.005216451 0.9999648 -0.7170996
0.9999622 -0.004981116 0.00712851 28.98127 0.004922778 0.9999545 0.008178036 -0.2569198 -0.007168921 -0.008142634 0.9999412 -0.7547577
0.9999698 -0.005299162 0.005682016 30.11875 0.005240202 0.9999329 0.01034159 -0.2648623 -0.005736436 -0.0103115 0.9999304 -0.7852551
0.9999675 -0.005657604 0.005741251 31.23731 0.005600487 0.9999352 0.009916334 -0.2683784 -0.005796981 -0.009883859 0.9999344 -0.8155977
0.9999681 -0.005730983 0.005560575 32.35967 0.005680064 0.9999422 0.009130165 -0.2686358 -0.005612578 -0.00909829 0.9999428 -0.8501871
0.9999724 -0.005870897 0.004557803 33.47581 0.005830406 0.9999437 0.008846926 -0.2736279 -0.004609487 -0.008820107 0.9999505 -0.8763716
0.9999772 -0.005772423 0.003498266 34.60247 0.005736746 0.9999323 0.01012415 -0.2787104 -0.00355647 -0.01010385 0.9999426 -0.9027187
0.999985 -0.005250608 0.001547379 35.72733 0.005230493 0.9999053 0.01272839 -0.2783022 -0.001614064 -0.01272011 0.9999178 -0.9379861
0.9999905 -0.004277894 -0.0008200076 36.85123 0.004286502 0.9999326 0.01079871 -0.2857736 0.0007737565 -0.01080212 0.9999413 -0.9818403
0.9999878 -0.00255806 -0.004229621 37.97242 0.002596737 0.9999546 0.009164344 -0.297277 0.004205985 -0.009175214 0.999949 -0.9982579
0.9999894 -0.0005994933 -0.004556184 39.08925 0.0006350618 0.9999694 0.007809203 -0.3017706 0.004551363 -0.007812013 0.9999591 -1.039143
0.9999835 0.002624096 -0.005108544 40.21132 -0.002570223 0.9999413 0.01052378 -0.3209565 0.00513586 -0.01051048 0.9999316 -1.047278
0.9999715 0.00515489 -0.005514876 41.32703 -0.005087478 0.9999131 0.01216885 -0.3357794 0.005577126 -0.01214044 0.9999108 -1.089878
0.9999514 0.008190415 -0.005496538 42.45547 -0.008140254 0.9999256 0.009087163 -0.3592203 0.005570557 -0.009041977 0.9999436 -1.129422
0.9999241 0.01083 -0.005877684 43.57132 -0.01078474 0.9999124 0.007677554 -0.3838714 0.005960316 -0.007613582 0.9999533 -1.140761
0.9999002 0.01339936 -0.004474009 44.6914 -0.01337094 0.9998906 0.006322334 -0.4041298 0.004558235 -0.006261882 0.99997 -1.175957
0.999869 0.01514715 -0.005706849 45.80912 -0.01509407 0.9998434 0.009233404 -0.4362948 0.005845815 -0.009146055 0.9999411 -1.201346
0.9998542 0.01653483 -0.004258298 46.95364 -0.01649006 0.9998106 0.01034367 -0.4568671 0.004428522 -0.01027194 0.9999374 -1.23378
0.9998534 0.0164309 -0.004822755 48.08353 -0.01638083 0.9998134 0.01024317 -0.4795359 0.004990159 -0.01016267 0.9999359 -1.253334
0.9998601 0.01597856 -0.004943545 49.22149 -0.01592944 0.999825 0.009821561 -0.5069214 0.005099613 -0.009741439 0.9999396 -1.306639
0.9998625 0.01564762 -0.005487554 50.35521 -0.01559246 0.9998288 0.009955917 -0.5304219 0.005642401 -0.009868983 0.9999354 -1.311906
0.9998733 0.01510853 -0.005013161 51.51248 -0.01505305 0.999827 0.01092654 -0.5536431 0.005177378 -0.01084969 0.9999278 -1.354017
0.9998816 0.01446506 -0.005245876 52.68904 -0.01440023 0.999822 0.0121929 -0.5739129 0.005421313 -0.01211591 0.9999119 -1.375993
0.9998845 0.01442263 -0.004801387 53.8517 -0.01436248 0.9998207 0.01233436 -0.6038808 0.00497842 -0.01226398 0.9999124 -1.399305
0.9999054 0.01342838 -0.002972246 55.03156 -0.01340445 0.9998786 0.007929854 -0.628233 0.003078371 -0.007889263 0.9999641 -1.436888
0.9999081 0.01351695 0.001016722 56.22509 -0.01352685 0.9998538 0.01045264 -0.6610856 -0.0008752857 -0.01046543 0.9999449 -1.449195
0.9999223 0.01215554 0.002771747 57.40742 -0.01219094 0.9998393 0.01313271 -0.6823869 -0.002611666 -0.01316548 0.9999099 -1.511141
0.9999353 0.01079907 0.003569338 58.61504 -0.01085325 0.9998206 0.01552672 -0.7120283 -0.003401024 -0.01556446 0.9998731 -1.531445
0.9999516 0.009513804 0.002514178 59.82442 -0.009547719 0.9998585 0.01384082 -0.7521203 -0.002382143 -0.01386416 0.9999011 -1.571905
0.9999492 0.009374559 0.003698763 61.06642 -0.009419078 0.9998813 0.01220835 -0.7769682 -0.003583876 -0.01224257 0.9999186 -1.595954
0.9999497 0.009176895 0.004044106 62.29481 -0.009231606 0.9998631 0.01372442 -0.803154 -0.003917605 -0.01376107 0.9998977 -1.635431
0.9999515 0.008696362 0.004620208 63.53318 -0.008758113 0.9998702 0.01351758 -0.8140236 -0.004502055 -0.01355738 0.999898 -1.663057
0.9999565 0.008205356 0.004440762 64.78793 -0.008269183 0.9998598 0.01455067 -0.8368725 -0.004320746 -0.01458676 0.9998842 -1.699321
0.9999582 0.00748634 0.005250538 66.05338 -0.00754564 0.999907 0.0113667 -0.8395814 -0.005164954 -0.01140584 0.9999216 -1.72903
0.9999635 0.006411367 0.005653378 67.31676 -0.006498143 0.9998593 0.01546708 -0.8665347 -0.005553417 -0.01550325 0.9998644 -1.751143
0.9999654 0.00584307 0.005916482 68.60494 -0.005933206 0.9998649 0.01533361 -0.8873792 -0.005826087 -0.01536819 0.9998649 -1.808271
0.9999784 0.005388767 0.003755179 69.87623 -0.005440345 0.9998891 0.01386312 -0.8979738 -0.003680057 -0.01388325 0.9998968 -1.875357
0.999983 0.005283325 0.002476517 71.17844 -0.005316461 0.9998938 0.01357029 -0.9107364 -0.002404558 -0.01358323 0.9999049 -1.832768
0.999985 0.004617418 0.002954618 72.46689 -0.00467323 0.9998055 0.0191704 -0.9322153 -0.002865525 -0.01918392 0.9998119 -1.922196
0.9999876 0.004958084 0.0004099469 73.79311 -0.004964359 0.999842 0.01706522 -0.9577422 -0.0003252713 -0.01706704 0.9998543 -1.916476
0.9999877 0.004529548 0.002027381 75.11813 -0.0045674 0.9998077 0.01907213 -0.9818112 -0.001940603 -0.01908116 0.9998161 -1.994079
0.9999843 0.004368923 0.00349818 76.45959 -0.004415677 0.9998994 0.01347109 -0.9950004 -0.003438974 -0.01348633 0.9999031 -2.01104
0.9999844 0.004096243 0.003807156 77.79955 -0.004155414 0.9998686 0.01566636 -1.01623 -0.003742483 -0.01568194 0.99987 -2.08905
0.9999827 0.00425153 0.004058323 79.16441 -0.004304803 0.9999034 0.01320944 -1.030805 -0.004001771 -0.01322668 0.9999045 -2.092208
0.9999912 0.003470183 0.002372433 80.51496 -0.003503783 0.9998914 0.01430849 -1.040564 -0.002322523 -0.01431667 0.9998948 -2.174432
0.9999909 0.004087428 0.001254678 81.89239 -0.004103811 0.9999025 0.01334532 -1.071162 -0.001200008 -0.01335035 0.9999102 -2.154589
0.9999941 0.003429198 -0.0001834738 83.2691 -0.003425241 0.9998248 0.01840325 -1.062845 0.00024655 -0.01840251 0.9998306 -2.24756
0.9999868 0.004670881 -0.002119935 84.64693 -0.00464618 0.9999229 0.01151054 -1.101748 0.002173536 -0.01150054 0.9999315 -2.261753
0.9999926 0.003559363 -0.00144581 86.05028 -0.003537439 0.9998828 0.01489335 -1.105249 0.001498652 -0.01488813 0.9998881 -2.303036
0.9999897 0.004023938 -0.002068017 87.45633 -0.004000906 0.9999311 0.01102356 -1.131323 0.002112233 -0.01101517 0.9999371 -2.305659
0.9999934 0.003595935 -0.00037273 88.86727 -0.003588925 0.999843 0.01735531 -1.144464 0.00043508 -0.01735386 0.9998493 -2.376747
0.9999868 0.003675484 -0.003606147 90.30685 -0.003616694 0.9998626 0.01617588 -1.157153 0.003665106 -0.01616262 0.9998627 -2.386266
0.9999904 0.004361399 -0.0003713623 91.7408 -0.004354248 0.999838 0.01746395 -1.185502 0.0004474694 -0.01746217 0.9998474 -2.479175
0.9999866 0.004796017 -0.001938374 93.18528 -0.00477375 0.9999244 0.01133311 -1.194846 0.001992581 -0.0113237 0.9999339 -2.493933
0.9999825 0.005903621 0.0002997091 94.63593 -0.005907028 0.9998975 0.01304561 -1.211419 -0.000222662 -0.01304716 0.9999149 -2.538825
0.9999747 0.006807403 -0.002062996 96.08913 -0.006769017 0.9998137 0.01807488 -1.225874 0.002185655 -0.01806046 0.9998345 -2.557555
0.9999604 0.008891502 -0.0005109872 97.5643 -0.008877993 0.9997149 0.02216688 -1.254009 0.0007079384 -0.02216146 0.9997541 -2.625731
0.9999427 0.0101444 -0.0034117 99.04385 -0.01006608 0.999702 0.02223851 -1.274062 0.003636279 -0.02220289 0.9997469 -2.672982
0.9999337 0.0113225 -0.002129812 100.5371 -0.01128832 0.9998173 0.01542594 -1.300049 0.002304083 -0.01540087 0.9998788 -2.697065
0.9999135 0.01310231 -0.0011867 102.0324 -0.01308696 0.9998409 0.01213252 -1.338801 0.001345475 -0.01211594 0.9999257 -2.765918
0.9998838 0.01523606 0.000484838 103.5377 -0.0152411 0.9997979 0.01310181 -1.370868 -0.0002851201 -0.01310768 0.9999141 -2.784189
0.9998472 0.0172851 0.002623016 105.0474 -0.01732885 0.9996934 0.01769074 -1.413612 -0.002316426 -0.01773349 0.9998401 -2.835722
0.9998031 0.01953448 0.003475444 106.5673 -0.01959332 0.9996498 0.01778853 -1.453664 -0.003126737 -0.01785312 0.9998357 -2.879276
0.9997281 0.02250904 0.006084358 108.1087 -0.02259767 0.9996334 0.01491276 -1.509626 -0.005746455 -0.0150462 0.9998703 -2.914899
0.9996524 0.02522297 0.007670085 109.6491 -0.02532866 0.999581 0.01400944 -1.555617 -0.007313511 -0.01419884 0.9998724 -2.957235
0.9995943 0.02738561 0.007830678 111.1868 -0.02749532 0.9995201 0.01426415 -1.618638 -0.007436288 -0.01447367 0.9998676 -3.012226
0.9995146 0.02994744 0.008579197 112.7528 -0.03006723 0.9994471 0.01419194 -1.686201 -0.008149442 -0.01444301 0.9998625 -3.056566
0.9994155 0.03305543 0.008721119 114.3286 -0.0331718 0.9993578 0.01355486 -1.760103 -0.008267457 -0.01383623 0.9998701 -3.097718
0.9993228 0.03528472 0.01043833 115.8995 -0.03540308 0.9993083 0.01137993 -1.829695 -0.01002957 -0.01174178 0.9998808 -3.125098
0.9992294 0.03773632 0.01079907 117.4824 -0.03786081 0.9992161 0.01156529 -1.899121 -0.01035417 -0.01196524 0.9998748 -3.169539
0.9991056 0.04069955 0.0114737 119.0893 -0.04083695 0.9990938 0.01200629 -1.995867 -0.01097465 -0.0124641 0.9998621 -3.211263
0.9989902 0.04318155 0.01240222 120.6952 -0.04331756 0.9990017 0.01091559 -2.078478 -0.01191849 -0.0114418 0.9998635 -3.252046
0.9988649 0.04566556 0.01354625 122.2957 -0.04580275 0.9989005 0.009995837 -2.171199 -0.01307489 -0.01060495 0.9998583 -3.266924
0.9986868 0.04865234 0.01605158 123.9296 -0.04881316 0.99876 0.009784053 -2.264203 -0.01555566 -0.01055473 0.9998233 -3.333441
0.9985155 0.05075397 0.01976774 125.5488 -0.05095746 0.9986514 0.009930281 -2.368194 -0.01923708 -0.01092285 0.9997553 -3.359591
0.9983359 0.05400182 0.02022934 127.184 -0.05425704 0.9984512 0.0122866 -2.466615 -0.01953451 -0.01336374 0.9997199 -3.391931
0.9981756 0.05628763 0.02184206 128.8322 -0.05652028 0.9983495 0.01018402 -2.572804 -0.02123278 -0.01139996 0.9997095 -3.44754
0.9979844 0.05905749 0.02322254 130.4919 -0.05934824 0.9981647 0.01203619 -2.701697 -0.02246909 -0.01339015 0.9996579 -3.470663
0.9977563 0.06201099 0.02523907 132.1473 -0.06235255 0.9979697 0.01297806 -2.825552 -0.02438305 -0.01452266 0.9995972 -3.52706
0.9975188 0.0648642 0.02736593 133.8092 -0.06522164 0.9977942 0.01237688 -2.950805 -0.02650274 -0.01413102 0.9995489 -3.564631
0.9973323 0.06699044 0.02899246 135.4735 -0.0673987 0.9976368 0.01334021 -3.073921 -0.02803028 -0.01525868 0.9994906 -3.60945
0.9970751 0.06922227 0.03239658 137.1448 -0.06969006 0.9974769 0.01353874 -3.215423 -0.03137765 -0.01575686 0.9993834 -3.649671
0.9968899 0.07160553 0.03290957 138.8215 -0.07219743 0.9972427 0.01716232 -3.349165 -0.03158991 -0.01948493 0.999311 -3.712225
0.996744 0.0737319 0.03263566 140.5094 -0.0743019 0.9970975 0.01661017 -3.492259 -0.03131624 -0.01898097 0.9993293 -3.761184
0.9965464 0.07589471 0.03369374 142.2093 -0.076382 0.9969883 0.01341655 -3.639918 -0.03257402 -0.01594381 0.9993421 -3.80536
0.9963194 0.07759372 0.03642682 143.8995 -0.07805362 0.9968843 0.01137543 -3.793185 -0.03543066 -0.0141768 0.9992716 -3.856345
0.996133 0.07878632 0.03888272 145.6104 -0.07939049 0.9967418 0.01424452 -3.944121 -0.03763376 -0.01727636 0.9991422 -3.892506
0.996008 0.08058584 0.03839276 147.319 -0.08135697 0.9965047 0.01896253 -4.102156 -0.03673045 -0.02201035 0.9990828 -3.953013
0.9958352 0.08226798 0.03929736 149.028 -0.08308512 0.9963491 0.01963116 -4.266193 -0.03753887 -0.02281443 0.9990347 -4.006611
0.9957014 0.08418515 0.03862016 150.7325 -0.08505738 0.9961436 0.02152408 -4.42927 -0.03665921 -0.02471649 0.9990221 -4.070605
0.9956471 0.08574782 0.0365277 152.4555 -0.08649562 0.9960631 0.01940596 -4.595931 -0.03471988 -0.02248097 0.9991442 -4.127329
0.9954235 0.08759452 0.03820041 154.1883 -0.0882431 0.9959762 0.0156328 -4.767639 -0.03667736 -0.01893218 0.9991478 -4.184531
0.9952009 0.08910134 0.04044857 155.9118 -0.08981796 0.9958256 0.01625565 -4.93339 -0.03883131 -0.01981064 0.9990494 -4.230674
0.9950252 0.09103283 0.04047232 157.6515 -0.09178589 0.9956311 0.01715126 -5.11455 -0.03873418 -0.02078072 0.9990335 -4.300495
0.9949099 0.09269355 0.03952289 159.3892 -0.09343071 0.9954767 0.0172273 -5.297675 -0.03774726 -0.02083226 0.9990702 -4.334546
0.9947441 0.09421414 0.04009756 161.1317 -0.09496646 0.9953303 0.017286 -5.482071 -0.03828174 -0.02100307 0.9990462 -4.398052
0.9945834 0.09586541 0.0401694 162.8922 -0.09658231 0.9951916 0.0162991 -5.669316 -0.03841373 -0.02009046 0.9990599 -4.43542
0.9942732 0.09780689 0.04306492 164.6521 -0.09854006 0.9950163 0.01523926 -5.858128 -0.04135979 -0.01939561 0.998956 -4.510819
0.994064 0.09905067 0.0450091 166.4251 -0.0999247 0.9948392 0.01759727 -6.066615 -0.0430338 -0.02199033 0.9988316 -4.56329
0.9939908 0.100333 0.04376818 168.1985 -0.1012771 0.9946591 0.01990923 -6.259475 -0.04153686 -0.02422231 0.9988433 -4.634554
0.9938805 0.1019327 0.04255855 169.9871 -0.1027682 0.9945439 0.01792157 -6.465321 -0.04049956 -0.02218557 0.9989332 -4.67991
0.9936548 0.1038106 0.04328217 171.767 -0.1047586 0.9942918 0.02023587 -6.670476 -0.04093441 -0.02464165 0.9988579 -4.750689
0.9936134 0.1050434 0.04120968 173.5557 -0.1059836 0.9941392 0.02133061 -6.883572 -0.03872751 -0.02556193 0.9989228 -4.783881
0.9933836 0.1064765 0.04303193 175.3455 -0.1074062 0.9940159 0.01989684 -7.087418 -0.04065588 -0.0243871 0.9988756 -4.849616
0.9932861 0.1073271 0.04316868 177.1465 -0.1081889 0.9939648 0.0181407 -7.299777 -0.04096116 -0.02268928 0.9989031 -4.896356
0.9930291 0.1091918 0.04439004 178.9492 -0.1101983 0.99369 0.02089059 -7.517152 -0.04182886 -0.02563667 0.9987958 -4.988587
0.9930255 0.1105953 0.04085246 180.7511 -0.1116831 0.9934199 0.02537313 -7.732218 -0.03777749 -0.02975869 0.998843 -5.074774
0.9930373 0.1121977 0.03589654 182.571 -0.1130708 0.993314 0.02328729 -7.95756 -0.03304376 -0.027184 0.9990842 -5.111135
0.9928932 0.1135891 0.0355036 184.3958 -0.1144082 0.9931914 0.02195171 -8.189007 -0.03276839 -0.02585761 0.9991284 -5.195261
0.9928228 0.1146424 0.03405925 186.2318 -0.1153885 0.9931024 0.02080542 -8.412346 -0.03143914 -0.02458614 0.9992032 -5.281871
0.9926387 0.1161533 0.0343051 188.0531 -0.117022 0.9928271 0.0244975 -8.644021 -0.03121356 -0.02833162 0.9991111 -5.323634
0.9926308 0.1173426 0.03024649 189.884 -0.1180242 0.9927708 0.02182747 -8.88083 -0.02746654 -0.02523644 0.9993041 -5.393392
0.9923994 0.1183714 0.03363933 191.7176 -0.1191673 0.992614 0.02272501 -9.115253 -0.03070088 -0.02656099 0.9991757 -5.453872
0.9923853 0.1193165 0.03057841 193.5712 -0.1199783 0.9925586 0.02080185 -9.353838 -0.02786886 -0.0243122 0.9993159 -5.501013
0.9920236 0.1211147 0.0349328 195.427 -0.1219291 0.9922905 0.02220289 -9.603562 -0.03197439 -0.02628512 0.999143 -5.611406
0.9920236 0.1220618 0.03146408 197.2756 -0.1228091 0.9921632 0.02302064 -9.843422 -0.02840757 -0.0267011 0.9992397 -5.643882
0.9916982 0.1239493 0.03422281 199.1281 -0.1249044 0.9917921 0.02733901 -10.08811 -0.03055326 -0.03138663 0.9990402 -5.761807
0.9917608 0.1251044 0.02755834 200.9828 -0.1258603 0.9916625 0.02765045 -10.34464 -0.02386938 -0.03089113 0.9992377 -5.794049
0.9915022 0.1268605 0.02880835 202.8714 -0.1275937 0.9915059 0.02522074 -10.60027 -0.02536413 -0.02868218 0.9992667 -5.886683
0.9914264 0.1281067 0.02573624 204.7409 -0.12877 0.9913332 0.02601432 -10.85204 -0.02218058 -0.02910534 0.9993302 -5.972351
0.9911003 0.1301087 0.02814018 206.6361 -0.1308073 0.9911027 0.02459368 -11.12503 -0.02468996 -0.02805575 0.9993014 -6.050197
0.9910691 0.130744 0.02622845 208.5164 -0.1314121 0.990997 0.02560739 -11.38867 -0.0226443 -0.02882543 0.999328 -6.12462
0.99083 0.1323394 0.02724293 210.3983 -0.1330753 0.9907315 0.02724283 -11.65312 -0.02338512 -0.03061837 0.9992576 -6.194383
0.9906934 0.1340021 0.02387268 212.2953 -0.1347 0.9904163 0.03051761 -11.92519 -0.01955447 -0.03344925 0.9992491 -6.288102
0.990514 0.1354823 0.02294825 214.1952 -0.1361327 0.990247 0.02965104 -12.20456 -0.01870724 -0.03249377 0.9992968 -6.36004
0.9903958 0.1366636 0.02095586 216.1011 -0.1372672 0.9900572 0.03073477 -12.47852 -0.01654718 -0.03331614 0.9993079 -6.46786
0.9902841 0.137893 0.01796607 218.0062 -0.138391 0.9899145 0.0302837 -12.75685 -0.01360896 -0.03247581 0.9993799 -6.545173
0.9901804 0.1390505 0.0144157 219.9226 -0.1394342 0.9897662 0.03035143 -13.03971 -0.01004779 -0.03206343 0.9994353 -6.650055
0.9900829 0.1400043 0.01160646 221.8535 -0.140284 0.9897026 0.02844409 -13.33411 -0.007504648 -0.02979021 0.999528 -6.735572
0.990129 0.139702 0.01130988 223.7557 -0.1399596 0.989799 0.02663348 -13.62018 -0.007473753 -0.02795351 0.9995813 -6.806175
0.9903705 0.1380985 0.009752661 225.6904 -0.1383008 0.9900851 0.02458068 -13.92784 -0.00626141 -0.02569278 0.9996503 -6.859597
0.9905671 0.1365017 0.01200506 227.6296 -0.1367645 0.9902929 0.02480865 -14.19475 -0.008502101 -0.02621649 0.9996201 -6.95642
0.9907054 0.1355948 0.01081413 229.5627 -0.1358193 0.9904478 0.02379935 -14.486 -0.007483761 -0.02504691 0.9996583 -7.017911
0.9908951 0.1342789 0.009803348 231.4962 -0.1344689 0.9906656 0.02235268 -14.75182 -0.006710347 -0.02346741 0.9997021 -7.098972
0.9910125 0.133457 0.009141218 233.455 -0.1336342 0.9907694 0.02275825 -15.04624 -0.006019592 -0.02377529 0.9996992 -7.170928
0.9911864 0.1322646 0.007456767 235.4065 -0.1324091 0.9908954 0.02437447 -15.3234 -0.004164998 -0.02514699 0.9996751 -7.247507
0.9914007 0.1306543 0.007355051 237.3703 -0.1307894 0.9911517 0.02263857 -15.60375 -0.004332145 -0.02340586 0.9997166 -7.28454
0.9915421 0.1295063 0.008504643 239.3408 -0.1296763 0.9912651 0.0240338 -15.87473 -0.005317828 -0.02493337 0.999675 -7.385087
0.9917361 0.1279426 0.009499202 241.3048 -0.1281535 0.9913986 0.0265652 -16.1488 -0.006018674 -0.02756302 0.999602 -7.45548
0.9917756 0.1275506 0.01058521 243.2989 -0.1277868 0.9914637 0.02589305 -16.42806 -0.007192177 -0.02703275 0.9996087 -7.536697
0.9919738 0.1260529 0.009929528 245.2666 -0.126245 0.9917563 0.02194792 -16.71383 -0.007081072 -0.02302531 0.9997098 -7.602857
0.9921076 0.1248304 0.01182931 247.2476 -0.1250771 0.9918778 0.02311195 -16.96722 -0.008848152 -0.02440912 0.9996629 -7.72622
0.9922465 0.1240874 0.00701723 249.2488 -0.1242165 0.9919955 0.02269673 -17.2436 -0.004144683 -0.0233924 0.9997178 -7.779922
0.9923217 0.1233771 0.008701029 251.2417 -0.1235502 0.9920617 0.02343257 -17.52731 -0.005740915 -0.02432766 0.9996876 -7.837842
0.9924995 0.1221193 0.005626818 253.2516 -0.1222185 0.992227 0.02341981 -17.78887 -0.00272307 -0.02393186 0.9997099 -7.919554
0.9926947 0.120478 0.006497465 255.2609 -0.1205907 0.9924735 0.02131125 -18.03699 -0.003881025 -0.0219391 0.9997517 -7.99074
0.9928183 0.1195588 0.004182857 257.2729 -0.1196223 0.9925756 0.02200548 -18.30243 -0.001520853 -0.02234781 0.9997491 -8.082293
0.9929131 0.1187026 0.005775793 259.299 -0.1187981 0.9927011 0.0207778 -18.56291 -0.003267258 -0.0213167 0.9997674 -8.123308
0.9930781 0.1173987 0.003664927 261.314 -0.117453 0.9927886 0.02399275 -18.81921 -0.0008217813 -0.02425713 0.9997054 -8.234015
0.993166 0.1166657 0.00321454 263.3586 -0.1167092 0.992884 0.02366533 -19.07446 -0.0004307328 -0.02387877 0.9997148 -8.281759
0.993244 0.1160314 0.001769396 265.3868 -0.1160404 0.9929556 0.02395213 -19.3391 0.001022268 -0.02399563 0.9997115 -8.389754
0.9932741 0.1157727 0.001787654 267.4399 -0.1157836 0.9930212 0.02242555 -19.59801 0.0008210888 -0.0224817 0.9997469 -8.441349
0.9932483 0.1158733 0.005591588 269.4853 -0.11598 0.9929141 0.02589407 -19.86072 -0.002551535 -0.02636775 0.999649 -8.523828
0.9933406 0.1151966 0.002070844 271.5366 -0.1152031 0.9928164 0.03230597 -20.11582 0.001665569 -0.0323294 0.9994759 -8.624197
0.9933097 0.1154786 0.0006405287 273.5908 -0.115431 0.9927075 0.03475278 -20.36189 0.003377347 -0.03459421 0.9993957 -8.740195
0.9933617 0.1149793 -0.00352274 275.6368 -0.1148155 0.9928993 0.03111821 -20.6231 0.007075678 -0.03050717 0.9995095 -8.843235
0.9933934 0.1147576 0.0004726201 277.7326 -0.1147327 0.9930739 0.02531073 -20.89044 0.002435251 -0.02519774 0.9996795 -8.899719
0.9934591 0.1141446 0.003163873 279.8054 -0.1141881 0.9931408 0.02514755 -21.13995 -0.0002717143 -0.02534434 0.9996787 -9.02482
0.9935657 0.1131706 0.004428834 281.8779 -0.113244 0.993287 0.02359171 -21.39584 -0.001729217 -0.02394145 0.9997119 -9.074281
0.9935619 0.1131949 0.004648501 283.9609 -0.1132788 0.9932094 0.02652052 -21.64949 -0.001614947 -0.02687635 0.9996375 -9.15754
0.9935746 0.1131794 0.0002359175 286.0547 -0.11315 0.9932644 0.02496053 -21.90874 0.002590689 -0.02482684 0.9996884 -9.253613
0.9935845 0.1130683 0.002329625 288.1537 -0.113092 0.993322 0.02283428 -22.16889 0.0002677654 -0.02295125 0.9997365 -9.330129
0.9936568 0.1124387 0.001899736 290.2535 -0.1124529 0.9934003 0.02258563 -22.42461 0.0006523016 -0.022656 0.9997431 -9.390701
0.9936604 0.1122441 0.006349003 292.3336 -0.1123714 0.9933345 0.02567405 -22.68926 -0.003424922 -0.02622473 0.9996502 -9.481133
0.9937871 0.1111864 0.004974432 294.4297 -0.1112756 0.993486 0.02456456 -22.93836 -0.002210784 -0.02496547 0.9996859 -9.541651
0.9936951 0.1116961 0.009693131 296.5413 -0.1119228 0.9933414 0.02731284 -23.20633 -0.006577851 -0.02822552 0.99958 -9.648949
0.993744 0.1114678 0.006920842 298.6749 -0.1116081 0.993434 0.02514636 -23.46603 -0.004072393 -0.02576146 0.9996598 -9.730149
0.9937441 0.1112667 0.009607894 300.8148 -0.1114592 0.9935124 0.02258392 -23.72552 -0.007032722 -0.02351353 0.9996988 -9.827489
0.9937407 0.111312 0.009433394 302.9328 -0.1115098 0.9934736 0.02399072 -23.98397 -0.006701374 -0.02489247 0.9996676 -9.907269
0.9937199 0.1115862 0.008323563 305.0449 -0.1117568 0.9934443 0.02405372 -24.24792 -0.005584933 -0.02483288 0.999676 -10.00174
0.9937382 0.111445 0.008026927 307.199 -0.1116071 0.9934666 0.02382593 -24.5067 -0.005319202 -0.0245726 0.9996839 -10.08472
0.9937668 0.1111902 0.008017552 309.3342 -0.1113546 0.9934837 0.02430293 -24.75456 -0.005263058 -0.02504423 0.9996725 -10.17509
0.9937497 0.1114694 0.006005662 311.4603 -0.1115836 0.9934572 0.02432825 -25.02111 -0.003254514 -0.02484633 0.999686 -10.25096
0.993724 0.1117454 0.005043958 313.6081 -0.111835 0.9934363 0.02401947 -25.28034 -0.002326787 -0.02443282 0.9996988 -10.33779
0.9938188 0.1109904 0.002302598 315.7442 -0.1110134 0.9935138 0.02462108 -25.53776 0.0004450408 -0.02472451 0.9996942 -10.42603
0.993747 0.1115454 0.004948635 317.8802 -0.1116329 0.9934574 0.02408824 -25.79748 -0.002229326 -0.02449004 0.9996976 -10.49504
0.9937684 0.1114047 0.003652912 320.0135 -0.1114622 0.9934264 0.02607238 -26.054 -0.0007243153 -0.02631707 0.9996534 -10.61088
0.9936781 0.1121922 0.00409219 322.1682 -0.1122621 0.9933082 0.02712785 -26.31144 -0.001021273 -0.02741575 0.9996236 -10.69372
0.993529 0.1135533 0.002385882 324.2992 -0.1135767 0.9931841 0.02618089 -26.57051 0.0006033051 -0.02628246 0.9996544 -10.78379
0.9932885 0.1156458 0.002038396 326.4445 -0.1156596 0.9929494 0.0259687 -26.83811 0.0009791465 -0.02603018 0.9996607 -10.88979
0.9930764 0.1174615 -0.001387788 328.5756 -0.1173896 0.9927663 0.02519148 -27.10067 0.004336778 -0.02485416 0.9996817 -10.97069
0.9928496 0.1193701 -0.0006313546 330.7131 -0.1193142 0.9925209 0.02581256 -27.37688 0.003707881 -0.02555266 0.9996666 -11.07407
0.9926659 0.1208829 -0.001348622 332.8347 -0.1208018 0.9923036 0.02721033 -27.65112 0.004627505 -0.02684784 0.9996288 -11.15066
0.9923468 0.1234612 0.002280634 334.9712 -0.1234791 0.9920188 0.02552736 -27.93855 0.0008892073 -0.02561361 0.9996715 -11.26609
0.9921834 0.1247862 0.000707372 337.0868 -0.1247607 0.9918292 0.02664118 -28.22715 0.002622859 -0.02652119 0.9996448 -11.37435
0.9919793 0.1263993 0.0005623454 339.2296 -0.1263702 0.9916338 0.02633082 -28.51733 0.002770557 -0.0261907 0.9996531 -11.43894
0.9917485 0.1280446 -0.006290605 341.3186 -0.1278716 0.9915286 0.02279698 -28.79049 0.009156344 -0.02180448 0.9997203 -11.55524
0.9915166 0.1298922 -0.004773714 343.4503 -0.1297664 0.9913242 0.0208966 -29.09049 0.007446603 -0.02009985 0.9997702 -11.62754
0.9913512 0.1310164 -0.007581671 345.5695 -0.130768 0.9910415 0.02713077 -29.38412 0.01106833 -0.02590468 0.9996032 -11.70771
0.9911886 0.1323879 -0.004312737 347.6936 -0.1322507 0.9909332 0.02369205 -29.68609 0.007410174 -0.02291293 0.99971 -11.78505
0.9910374 0.133523 -0.004064762 349.8047 -0.1333649 0.9906926 0.02723361 -29.99751 0.007663244 -0.02644743 0.9996209 -11.89538
0.9910195 0.1336854 -0.00293025 351.8987 -0.1335839 0.9907711 0.02298026 -30.30071 0.005975331 -0.02238245 0.9997316 -11.95776
0.9909772 0.13403 -0.0002456389 354.0195 -0.1339804 0.9906571 0.02545149 -30.60593 0.003654608 -0.02518894 0.999676 -12.07338
0.9910715 0.1333263 0.001170344 356.135 -0.1333164 0.9907899 0.02370866 -30.92644 0.002001423 -0.023653 0.9997182 -12.13994
0.991226 0.1320783 0.005135494 358.22 -0.1321681 0.990881 0.02619872 -31.22748 -0.00162838 -0.0266476 0.9996436 -12.25218
0.9913151 0.1314609 0.003540287 360.3239 -0.1315085 0.9909562 0.0266663 -31.53047 -2.694083e-06 -0.02690028 0.9996381 -12.32769
0.9914452 0.1303775 0.006166787 362.4615 -0.130493 0.9911261 0.02531372 -31.83201 -0.002811723 -0.02590189 0.9996606 -12.43217
0.9914957 0.1298881 0.008084141 364.5425 -0.1300431 0.991238 0.0231518 -32.13246 -0.005006165 -0.02400619 0.9996993 -12.52265
0.9916157 0.1285489 0.01317062 366.6455 -0.1288408 0.9913644 0.02442789 -32.42081 -0.009916708 -0.02592 0.9996148 -12.59426
0.9917372 0.1277531 0.01168077 368.7533 -0.1280323 0.9913881 0.02752185 -32.71948 -0.008064176 -0.02878996 0.999553 -12.70545
0.9917932 0.1272335 0.01256773 370.8343 -0.1275301 0.9914777 0.02660214 -33.00307 -0.009075942 -0.02798659 0.9995671 -12.79633
0.9918433 0.127041 0.01036165 372.9455 -0.1272743 0.9915181 0.02632636 -33.29522 -0.006929241 -0.0274304 0.9995997 -12.8867
0.9918754 0.1267321 0.01104935 375.0345 -0.1269749 0.9915886 0.02508378 -33.58469 -0.00777749 -0.02628298 0.9996243 -12.98551
0.9919586 0.1262734 0.00855906 377.1321 -0.1264658 0.9915788 0.02789359 -33.87319 -0.004964762 -0.02875172 0.9995742 -13.08588
0.9918345 0.1273908 0.005995138 379.1965 -0.1275072 0.9914693 0.02702902 -34.15392 -0.002500749 -0.02757273 0.9996167 -13.18045
0.9916734 0.1287577 0.002314731 381.287 -0.1287725 0.9912924 0.02751557 -34.43194 0.001248266 -0.02758454 0.9996187 -13.27673
0.9914412 0.1305528 -0.000530967 383.358 -0.1304902 0.9910767 0.0271869 -34.7201 0.004075555 -0.02688492 0.9996302 -13.36593
0.9912833 0.1316838 -0.004100502 385.4493 -0.1315304 0.9909559 0.02657335 -35.01179 0.007562695 -0.02580238 0.9996384 -13.46475
0.9911554 0.1326752 -0.002887082 387.525 -0.1325675 0.9908782 0.02421198 -35.3071 0.006073075 -0.0236151 0.9997027 -13.54904
0.9910536 0.1334458 -0.002211537 389.5512 -0.1333368 0.9906958 0.02725395 -35.59806 0.005827885 -0.02671525 0.9996261 -13.64275
0.990833 0.1350914 0.0005956091 391.647 -0.1350566 0.9904569 0.02747614 -35.90848 0.003121865 -0.02730471 0.9996223 -13.73167
0.9907994 0.1353067 0.002926863 393.6921 -0.1353343 0.9903702 0.02918017 -36.20861 0.001049596 -0.02930781 0.9995699 -13.82878
0.9906896 0.1360641 0.004545976 395.7516 -0.1361389 0.9902595 0.0291973 -36.51564 -0.0005289933 -0.02954435 0.9995633 -13.93314
0.9906039 0.1366346 0.005912338 397.8149 -0.1367503 0.9901654 0.02952763 -36.81424 -0.001819698 -0.0300587 0.9995465 -14.03445
0.9904489 0.1377121 0.006811345 399.8718 -0.1378479 0.990079 0.02722544 -37.12117 -0.002994499 -0.02790434 0.9996061 -14.12957
0.9903234 0.1384343 0.00976963 401.9138 -0.1386479 0.9899908 0.02636501 -37.43018 -0.006022021 -0.02746442 0.9996046 -14.22696
0.9902506 0.138962 0.009652948 403.937 -0.1391755 0.989902 0.02691338 -37.73309 -0.005815533 -0.02799445 0.9995912 -14.31483
0.9901347 0.1397461 0.01021052 405.9764 -0.1399722 0.9898008 0.02649672 -38.04078 -0.006403568 -0.02766451 0.9995968 -14.40604
0.9900522 0.1403972 0.009233628 408.0079 -0.1406078 0.9896491 0.02871207 -38.34475 -0.005106957 -0.02972477 0.9995451 -14.49943
0.9899212 0.1412869 0.009703671 410.045 -0.1415036 0.9895592 0.0273755 -38.65536 -0.005734555 -0.02847269 0.9995781 -14.59824
0.9898675 0.1416123 0.01040505 412.0696 -0.141848 0.9895133 0.0272498 -38.96314 -0.006437025 -0.02844963 0.9995745 -14.69604
0.9897248 0.1426518 0.009767855 414.0875 -0.1428638 0.9893918 0.02634323 -39.2755 -0.005906327 -0.02746801 0.9996052 -14.77912
0.9896069 0.1433985 0.01073173 416.1075 -0.1436436 0.9892511 0.02736248 -39.59108 -0.006692636 -0.02861964 0.999568 -14.88577
0.989538 0.1439204 0.01007426 418.0974 -0.1441564 0.9891293 0.02901705 -39.89537 -0.005788604 -0.03016574 0.9995282 -14.96882
0.9894146 0.1447005 0.01097319 420.0786 -0.1449571 0.9890392 0.0280874 -40.20873 -0.006788656 -0.02938073 0.9995452 -15.0794
0.9893702 0.1449163 0.0120743 422.084 -0.1451914 0.9890524 0.02635704 -40.52502 -0.008122547 -0.02782996 0.9995797 -15.16925
0.9891845 0.1454942 0.01858524 424.0535 -0.1459127 0.9890163 0.02358928 -40.83976 -0.014949 -0.02604597 0.999549 -15.25553
0.9890061 0.1461168 0.02273475 426.0151 -0.1466144 0.9889488 0.02201543 -41.15429 -0.01926667 -0.02510663 0.9994991 -15.34205
0.9888466 0.1463599 0.02758895 427.9742 -0.1470262 0.9888439 0.02389653 -41.47483 -0.02378367 -0.0276863 0.9993337 -15.42337
0.9886527 0.1474609 0.02865426 429.9066 -0.1481845 0.9886434 0.02501429 -41.77974 -0.02464021 -0.02897656 0.9992763 -15.51043
0.9885351 0.1483278 0.02823404 431.8209 -0.1490661 0.988482 0.02612603 -42.09782 -0.02403363 -0.03003523 0.9992599 -15.59522
0.9883682 0.1498193 0.02612652 433.7429 -0.1505336 0.9882103 0.02792655 -42.40456 -0.02163456 -0.03153463 0.9992685 -15.69414
0.9883242 0.1505832 0.02323607 435.6542 -0.1511781 0.9881539 0.02640541 -42.70504 -0.0189846 -0.02960989 0.9993812 -15.79271
0.9883209 0.1507213 0.02247093 437.542 -0.1512221 0.9882426 0.02255057 -43.01339 -0.01880788 -0.0256853 0.9994931 -15.87407
0.9882267 0.1513607 0.02231689 439.4318 -0.1518793 0.9881141 0.02372704 -43.32931 -0.0184603 -0.02683717 0.9994693 -15.96272
0.9881148 0.1520415 0.0226407 441.2793 -0.1525795 0.9879923 0.02430105 -43.63519 -0.01867407 -0.02746673 0.9994483 -16.04396
0.9880292 0.1526342 0.02238326 443.1419 -0.1531903 0.9878629 0.02568236 -43.9399 -0.01819159 -0.02880383 0.9994195 -16.12119
0.9880095 0.1530808 0.02009077 444.9788 -0.1535709 0.9878043 0.0256669 -44.24746 -0.01591663 -0.0284445 0.9994686 -16.21898
0.9879351 0.1537171 0.01885183 446.8034 -0.154172 0.9877104 0.02567381 -44.54094 -0.01467365 -0.02827048 0.9994926 -16.28955
0.9877713 0.1548378 0.01825099 448.6029 -0.1552741 0.9875404 0.02557798 -44.84587 -0.01406315 -0.0280991 0.9995062 -16.37493
0.9875109 0.1563631 0.01931095 450.403 -0.1568391 0.9872754 0.02624905 -45.15781 -0.01496085 -0.02894993 0.9994689 -16.45757
0.9873286 0.1571883 0.02176962 452.2173 -0.1577352 0.9871335 0.02620771 -45.45854 -0.01736998 -0.02930946 0.9994195 -16.5362
0.9870908 0.157925 0.02667514 454.0023 -0.1585684 0.9870559 0.02401533 -45.77178 -0.02253723 -0.02793515 0.9993556 -16.61105
0.9868361 0.1584604 0.03232463 455.7716 -0.1593236 0.9868804 0.02613343 -46.07986 -0.02775943 -0.03093948 0.9991357 -16.69707
0.9865658 0.1591303 0.03695116 457.509 -0.1602869 0.9865906 0.03077266 -46.38207 -0.03155881 -0.03628204 0.9988431 -16.78128
0.9863343 0.1600171 0.03923263 459.2536 -0.1614098 0.9862546 0.03534031 -46.69485 -0.0330383 -0.04118988 0.998605 -16.88586
0.9861913 0.1605562 0.04060105 460.9937 -0.1619039 0.9862744 0.03240604 -47.00443 -0.03484078 -0.03853202 0.9986498 -16.97834
0.9859762 0.1619717 0.04020166 462.7146 -0.1632154 0.9861388 0.02984539 -47.31612 -0.03481031 -0.03598837 0.9987457 -17.08301
0.9857532 0.164031 0.0372089 464.4158 -0.1651818 0.985798 0.03029118 -47.61831 -0.03171176 -0.03600586 0.9988483 -17.17467
0.9856713 0.1653356 0.03340799 466.0984 -0.1664409 0.9854802 0.03355708 -47.90835 -0.02737474 -0.0386367 0.9988783 -17.27237
0.9856199 0.1663972 0.02941815 467.787 -0.1672929 0.9854141 0.03117345 -48.20374 -0.02380189 -0.03564662 0.999081 -17.358
0.9854543 0.1680239 0.0254508 469.4533 -0.1686778 0.9853233 0.02618776 -48.50052 -0.02067709 -0.03009983 0.999333 -17.45086
0.985301 0.1697086 0.01951936 471.1018 -0.1701219 0.9851789 0.02192417 -48.80379 -0.01550935 -0.02492258 0.9995691 -17.52917
0.9849783 0.1720966 0.01415713 472.7282 -0.1723696 0.9848068 0.02108078 -49.10263 -0.0103141 -0.02320437 0.9996775 -17.59943
0.984544 0.1748182 0.01056787 474.3543 -0.1750238 0.9842854 0.02343453 -49.40194 -0.006305017 -0.02492195 0.9996695 -17.67107
0.9840371 0.1777044 0.009597779 475.9689 -0.1778881 0.9837577 0.02401769 -49.70762 -0.005173841 -0.02534163 0.9996654 -17.72823
0.9835762 0.1801754 0.01070656 477.5685 -0.1803812 0.9833245 0.02314475 -50.01229 -0.006357905 -0.02469588 0.9996748 -17.80261
0.9830849 0.1828081 0.01119561 479.1635 -0.1830211 0.9828511 0.02251416 -50.32123 -0.006887851 -0.02418236 0.9996839 -17.86533
0.98248 0.1857724 0.01489118 480.7143 -0.1860904 0.98224 0.02397804 -50.63835 -0.01017226 -0.02632904 0.9996016 -17.95848
0.9819008 0.1886038 0.01730693 482.2838 -0.1890031 0.9816477 0.02540849 -50.95332 -0.01219717 -0.02821968 0.9995273 -18.00617
0.9812714 0.1914335 0.02143895 483.8439 -0.1919694 0.9810406 0.02659129 -51.27576 -0.01594202 -0.03020889 0.9994165 -18.09341
0.9805716 0.1946417 0.02437034 485.365 -0.1952547 0.9804088 0.02596198 -51.61234 -0.01883961 -0.030216 0.9993658 -18.16174
0.9799227 0.1974711 0.02750969 486.899 -0.1981435 0.9798712 0.02432299 -51.93171 -0.02215287 -0.02928551 0.9993256 -18.22362
0.9792639 0.1999131 0.03281637 488.4242 -0.2007516 0.9793332 0.02459909 -52.26836 -0.02722049 -0.03067694 0.9991586 -18.29867
0.9785891 0.2024876 0.03690727 489.9343 -0.2034642 0.978765 0.02492894 -52.60805 -0.03107575 -0.03190449 0.9990077 -18.35044
0.9777963 0.2051332 0.04283449 491.4496 -0.2063282 0.9781481 0.02559425 -52.94786 -0.03664824 -0.03386393 0.9987543 -18.42636
0.9769706 0.2079953 0.047608 492.9589 -0.2094538 0.9774183 0.02797476 -53.29203 -0.04071431 -0.03730219 0.9984743 -18.50783
0.976208 0.2112554 0.0488792 494.4516 -0.2128064 0.9766637 0.02900524 -53.63803 -0.04161103 -0.03871695 0.9983835 -18.55887
0.9752257 0.2154944 0.04997034 495.9398 -0.2171886 0.9756266 0.03133557 -53.99395 -0.04199975 -0.04141224 0.998259 -18.66119
0.9740524 0.220279 0.05195234 497.4333 -0.2220883 0.9745007 0.03202269 -54.35033 -0.04357366 -0.04272978 0.998136 -18.73435
0.9727202 0.225822 0.05310205 498.92 -0.2277922 0.9730991 0.03447956 -54.71572 -0.04388732 -0.04563519 0.9979936 -18.80673
0.971423 0.2315605 0.05212587 500.4054 -0.2334783 0.9717586 0.03424915 -55.08907 -0.04272301 -0.04544067 0.9980531 -18.90479
0.9697844 0.2380006 0.05360851 501.8893 -0.2398949 0.9702673 0.0321236 -55.48491 -0.04436915 -0.04401337 0.9980452 -18.94863
0.9683215 0.2445875 0.05030282 503.3518 -0.2463442 0.968646 0.03223626 -55.87312 -0.04084104 -0.04360686 0.9982136 -19.04743
0.9662783 0.2522779 0.05159478 504.8162 -0.2540677 0.96667 0.0316048 -56.2693 -0.04190193 -0.04364761 0.9981679 -19.13735
0.9641404 0.2605088 0.05068045 506.2798 -0.2624048 0.9643172 0.03515988 -56.67186 -0.03971257 -0.04719785 0.9980958 -19.21135
0.9620342 0.2681247 0.05098369 507.7405 -0.2698963 0.9623684 0.03167297 -57.08966 -0.04057278 -0.04423079 0.9981971 -19.27342
0.9597367 0.2761869 0.05124721 509.1808 -0.2780134 0.9600213 0.03267426 -57.5309 -0.04017422 -0.0456061 0.9981514 -19.35946
0.9576283 0.2836808 0.0497327 510.6324 -0.2853293 0.9579656 0.02981823 -57.96777 -0.03918336 -0.04274498 0.9983174 -19.41957
0.9553704 0.2908042 0.0519637 512.0676 -0.2926446 0.9556828 0.0320882 -58.42315 -0.04032943 -0.04586301 0.9981333 -19.50551
0.9534229 0.2973669 0.05057365 513.4966 -0.2991543 0.9536572 0.03231904 -58.88517 -0.03861931 -0.04594304 0.9981973 -19.55584
0.9512807 0.3034333 0.05471046 514.9243 -0.3054056 0.9516824 0.03206564 -59.36602 -0.0423372 -0.04721231 0.9979873 -19.66006
0.949581 0.3088723 0.05379426 516.3484 -0.3108234 0.94991 0.03255082 -59.84843 -0.04104567 -0.04763015 0.9980214 -19.71399
0.9477316 0.3142064 0.05549112 517.7457 -0.3162399 0.9481215 0.03252043 -60.32578 -0.04239421 -0.04836914 0.9979295 -19.8068
0.9459263 0.3198335 0.05412878 519.1551 -0.3219173 0.946108 0.03534208 -60.83395 -0.03990809 -0.05085599 0.9979083 -19.90921
0.9440616 0.3256427 0.0520052 520.5577 -0.3276761 0.9440712 0.03685329 -61.31483 -0.0370956 -0.05183264 0.9979666 -19.95161
0.9419854 0.3315511 0.05231964 521.9396 -0.3335733 0.9420323 0.03611046 -61.81074 -0.03731433 -0.05146796 0.9979773 -20.04617
0.9397292 0.3379886 0.051698 523.3486 -0.3399172 0.9398247 0.03443427 -62.33919 -0.03694867 -0.04993193 0.9980689 -20.10772
0.9373176 0.3442018 0.05441377 524.6978 -0.3462498 0.9375277 0.0339502 -62.83216 -0.03932871 -0.05066288 0.9979411 -20.20396
0.9345407 0.3515545 0.05516388 526.0876 -0.3537103 0.9346746 0.03566832 -63.38144 -0.03902092 -0.05284553 0.99784 -20.27557
0.9313092 0.3593868 0.05919718 527.4496 -0.3618175 0.9315145 0.03699422 -63.92879 -0.04184781 -0.05587163 0.9975606 -20.34267
