1.0 0.0 0.0 0.0 0.0 1.0 0.0 0.0 0.0 0.0 1.0 0.0
0.9999917 -0.003626917 -0.001853922 0.9105222 0.003626169 0.9999933 -0.0004068092 0.04929312 0.001855385 0.0004000832 0.9999982 -0.01320321
0.9999844 -0.005387714 -0.001424637 1.460745 0.005388554 0.9999852 0.0005867497 0.04269387 0.001421454 -0.0005944173 0.9999988 -0.01200108
0.9999735 -0.007155139 -0.001298873 2.013366 0.007156086 0.9999741 0.0007256924 0.04356278 0.001293647 -0.000734968 0.9999989 -0.03432164
0.9999568 -0.009184142 -0.001431001 2.586913 0.009184862 0.9999577 0.0004980429 0.04841525 0.001426366 -0.0005111649 0.9999989 -0.01477586
0.9999326 -0.01125694 -0.002832787 3.164067 0.01125833 0.9999366 0.0004750239 0.05462057 0.00282726 -0.0005068844 0.9999959 -0.0729366
0.9999025 -0.01338974 -0.003972227 3.756119 0.01338537 0.9999096 -0.001127121 0.06275845 0.003986961 0.001073841 0.9999915 -0.06135001
0.9998642 -0.0157765 -0.004754417 4.36015 0.01576829 0.999874 -0.001761134 0.06969704 0.004781603 0.001685926 0.9999871 -0.07657094
0.9998217 -0.01843261 -0.004102244 4.968709 0.01842206 0.9998268 -0.00259599 0.07731592 0.004149384 0.002519955 0.9999882 -0.07911736
0.999774 -0.02081119 -0.004346477 5.597578 0.02080125 0.9997809 -0.002320549 0.08762297 0.004393818 0.002229613 0.9999878 -0.07161754
0.9997221 -0.02318188 -0.00428905 6.238652 0.0231836 0.9997312 0.0003522775 0.1028476 0.00427973 -0.0004516152 0.9999908 -0.104937
0.9996602 -0.02573734 -0.004135718 6.890187 0.0257527 0.9996614 0.003704614 0.1100936 0.004038971 -0.003809861 0.9999846 -0.09126714
0.9995974 -0.02825862 -0.002533049 7.548337 0.02827521 0.9995772 0.006771645 0.1235802 0.002340621 -0.006840541 0.9999739 -0.1079308
0.9995281 -0.03047542 -0.003858666 8.229259 0.03050342 0.9995071 0.007418461 0.1453261 0.003630683 -0.007532662 0.999965 -0.1224535
0.9994491 -0.03272079 -0.005545523 8.918237 0.03276049 0.9994371 0.007225754 0.1638059 0.005305969 -0.007403447 0.9999585 -0.1466188
0.9993453 -0.03574103 -0.005619382 9.629086 0.03577331 0.9993434 0.005752079 0.1862207 0.005410108 -0.005949337 0.9999677 -0.1430918
0.9992432 -0.03866158 -0.00428089 10.33784 0.0386887 0.9992305 0.006444429 0.2105832 0.004028444 -0.006605174 0.9999701 -0.1754854
0.9991221 -0.04146429 -0.005976913 11.06295 0.04149403 0.9991267 0.004941549 0.2341274 0.005766795 -0.005185217 0.9999699 -0.1913936
0.9989979 -0.04419419 -0.007071193 11.80674 0.04423788 0.9990021 0.006146267 0.2700935 0.006792508 -0.006452922 0.9999561 -0.1992007
0.9988198 -0.04733082 -0.01089463 12.55919 0.0473774 0.9988687 0.004057598 0.2976318 0.01069025 -0.004568968 0.9999324 -0.2116217
0.9986666 -0.05050615 -0.01068231 13.3296 0.0505398 0.9987178 0.00290369 0.3322754 0.01052196 -0.0034397 0.9999387 -0.2197321
0.9984879 -0.05386256 -0.01098851 14.11383 0.05388995 0.9985443 0.002211531 0.3678682 0.01085339 -0.002800357 0.9999372 -0.2251965
0.99829 -0.05793148 -0.007811612 14.90556 0.05794351 0.9983189 0.001322539 0.4085791 0.007721864 -0.00177291 0.9999686 -0.2340356
0.9980619 -0.0619931 -0.005416337 15.71369 0.06199872 0.998076 0.0008755972 0.4480412 0.005351634 -0.001209706 0.9999849 -0.2236667
0.9978023 -0.06624733 -0.001402661 16.53374 0.06624387 0.9978006 -0.002379727 0.4947712 0.001557226 0.002281579 0.9999962 -0.2564915
0.9975035 -0.07061591 0.000436455 17.35809 0.07061671 0.9975011 -0.002263532 0.5401738 -0.0002755229 0.002288702 0.9999973 -0.2632418
0.997134 -0.07554822 0.004024896 18.2005 0.07553664 0.9971386 0.002954202 0.5965281 -0.004236564 -0.002641708 0.9999875 -0.2702166
0.9967207 -0.08059948 0.007182791 19.05145 0.08054665 0.9967235 0.007362575 0.6550311 -0.007752678 -0.006759881 0.9999471 -0.2921176
0.9963446 -0.08519548 0.006254833 19.91013 0.08514686 0.9963387 0.007667867 0.7198479 -0.006885202 -0.007107258 0.9999511 -0.3152253
0.9960109 -0.08907182 0.005333182 20.78476 0.08904866 0.9960173 0.004434058 0.7952656 -0.005706892 -0.003941458 0.9999759 -0.3271215
0.995655 -0.092764 0.008119866 21.67542 0.09273676 0.9956839 0.003670008 0.8719298 -0.008425266 -0.002901051 0.9999603 -0.3518821
0.9953432 -0.09607883 0.007792911 22.56116 0.09604105 0.9953643 0.005085554 0.9544859 -0.008245399 -0.004313432 0.9999567 -0.3504925
0.9950128 -0.09909322 0.01140456 23.46195 0.0990211 0.9950627 0.006725227 1.034549 -0.01201467 -0.005562395 0.9999123 -0.3812131
0.9946837 -0.1022851 0.01192194 24.37443 0.1021871 0.9947282 0.008563073 1.111479 -0.01273497 -0.007299282 0.9998923 -0.3976533
0.9943147 -0.1054841 0.01453802 25.30412 0.1053605 0.994393 0.00902395 1.201883 -0.01540839 -0.007440913 0.9998536 -0.4174311
0.9939802 -0.1087151 0.01357556 26.23221 0.1086052 0.9940478 0.008592534 1.291035 -0.0144289 -0.007066433 0.999871 -0.4335782
0.9936723 -0.1113972 0.01435679 27.1824 0.1113437 0.9937718 0.004474625 1.395222 -0.01476583 -0.002847773 0.9998869 -0.4638846
0.9933956 -0.1141359 0.01175977 28.14404 0.1141329 0.9934651 0.000922995 1.500468 -0.01178827 0.0004252785 0.9999304 -0.4745291
0.993119 -0.116449 0.01242363 29.10483 0.1164365 0.9931967 0.001722261 1.606868 -0.01253966 -0.0002638468 0.9999213 -0.5034767
0.9929019 -0.1184818 0.01038822 30.0766 0.1184154 0.9929409 0.006790943 1.715781 -0.01111949 -0.005512616 0.999923 -0.5103081
0.9927469 -0.1199921 0.007452348 31.06008 0.1199272 0.9927454 0.008625349 1.827637 -0.008433256 -0.00766905 0.999935 -0.5537871
0.9926235 -0.1211714 0.004013628 32.062 0.1211425 0.9926118 0.006790401 1.939856 -0.004806778 -0.006254091 0.9999689 -0.5405642
0.9925565 -0.1217381 0.003370644 33.07396 0.1217301 0.9925601 0.002474891 2.057598 -0.003646855 -0.00204616 0.9999912 -0.5644596
0.9925952 -0.1214498 0.002162009 34.08823 0.1214476 0.9925972 0.001145618 2.176149 -0.002285139 -0.0008745643 0.999997 -0.6053668
0.9926274 -0.1211717 -0.002856112 35.11332 0.1211723 0.9926316 4.301473e-05 2.292239 0.002829854 -0.0003887792 0.9999959 -0.6056591
0.9926158 -0.1212469 -0.003616698 36.16866 0.1212408 0.9926213 -0.001863313 2.409051 0.003815933 0.001411062 0.9999917 -0.6099427
0.992607 -0.1212612 -0.005198989 37.21475 0.1212361 0.9926116 -0.004890533 2.528942 0.005753609 0.004224072 0.9999745 -0.6354004
0.9926499 -0.1209871 -0.002901258 38.26803 0.1209888 0.9926538 0.0004130107 2.651863 0.002829976 -0.0007609947 0.9999957 -0.6296309
0.9926322 -0.1208716 -0.008454002 39.33554 0.1209155 0.9926506 0.004893769 2.772183 0.007800353 -0.005879932 0.9999523 -0.658289
0.9926822 -0.1205367 -0.007279267 40.41187 0.1205574 0.9927032 0.002476033 2.892389 0.006927699 -0.003335483 0.9999704 -0.6658297
0.992661 -0.120671 -0.007916981 41.49754 0.1206778 0.9926916 0.0003733958 3.014816 0.007814063 -0.001326059 0.9999686 -0.6782684
0.9927167 -0.1203716 -0.004914257 42.58723 0.1203628 0.9927278 -0.002049899 3.133387 0.005125269 0.001443475 0.9999858 -0.6921284
0.9928103 -0.1196254 -0.004171493 43.67678 0.1196274 0.9928188 0.0002380222 3.257056 0.004113063 -0.0007353358 0.9999913 -0.7190145
0.9928772 -0.1190483 -0.004728692 44.7882 0.1190504 0.9928882 0.0001642591 3.385782 0.004675508 -0.0007260417 0.9999888 -0.7359094
0.9929157 -0.1187224 -0.004838902 45.90866 0.1187225 0.9929276 -0.0002756057 3.509837 0.004837399 -0.0003008333 0.9999883 -0.7391452
0.9930148 -0.117942 -0.003354709 47.03585 0.1179366 0.9930195 -0.001759634 3.626965 0.003538826 0.001351699 0.9999928 -0.7666961
0.9930672 -0.1175226 -0.002436292 48.162 0.1175092 0.9930589 -0.005040233 3.749518 0.003011722 0.004719003 0.9999843 -0.7791818
0.9931223 -0.1170529 -0.002590334 49.30429 0.117032 0.9931028 -0.007096361 3.876099 0.003403117 0.006744402 0.9999714 -0.7589437
0.9932224 -0.116227 -0.0007553909 50.45098 0.1162169 0.9931892 -0.008296725 3.986493 0.00171455 0.008152704 0.9999653 -0.7932397
0.9932514 -0.1159483 0.002761621 51.61208 0.1159619 0.9932388 -0.005430832 4.116838 -0.002113254 0.005714424 0.9999815 -0.7937089
0.9933373 -0.1152082 0.002824468 52.7655 0.1152175 0.9933345 -0.003385999 4.242559 -0.002415547 0.003688867 0.9999903 -0.8126802
0.9934161 -0.1144926 0.003987372 53.93757 0.1145138 0.9934058 -0.005591491 4.355975 -0.003320894 0.006011286 0.9999764 -0.8114969
0.9934729 -0.1139743 0.004624116 55.11006 0.1140134 0.9934355 -0.00931888 4.471309 -0.003531648 0.009785266 0.9999459 -0.8116895
0.9935305 -0.1131923 0.009201381 56.29856 0.1133128 0.9934627 -0.01385059 4.585314 -0.00757345 0.01480362 0.9998617 -0.8281671
0.993591 -0.1124081 0.01188582 57.48653 0.1125617 0.9935576 -0.01315839 4.712884 -0.01033014 0.01441195 0.9998428 -0.8371913
0.9936424 -0.1119412 0.01199927 58.67887 0.1120705 0.9936426 -0.01069804 4.834969 -0.01072543 0.01197479 0.9998708 -0.8553333
0.9937072 -0.1115343 0.01030517 59.87069 0.1116339 0.9937025 -0.009654704 4.959229 -0.009163443 0.01074436 0.9999003 -0.8616108
0.9937738 -0.1111599 0.007558898 61.07247 0.1112427 0.9937258 -0.01159211 5.087541 -0.006222893 0.01236081 0.9999042 -0.8752027
0.9938518 -0.1104798 0.007262214 62.27155 0.1105524 0.9938148 -0.01050086 5.218138 -0.006057163 0.01123916 0.9999185 -0.8696418
0.9939101 -0.1100825 0.004952669 63.47857 0.1101152 0.9938946 -0.006916105 5.340146 -0.00416109 0.007419351 0.9999638 -0.8947427
0.9940028 -0.1092828 0.003964373 64.68436 0.1092994 0.9939997 -0.004245998 5.460033 -0.003476572 0.004653838 0.9999831 -0.8912767
0.9939819 -0.10952 0.002307243 65.89278 0.1095226 0.9939839 -0.00102936 5.581585 -0.002180626 0.00127586 0.9999968 -0.9195346
0.9940584 -0.1088134 0.002768456 67.09841 0.1088143 0.9940621 -0.0001811145 5.700453 -0.00273231 0.0004812859 0.9999961 -0.9248047
0.9941778 -0.1076773 0.00402212 68.31772 0.1076831 0.9941844 -0.001250839 5.815934 -0.003864043 0.00167667 0.9999911 -0.9327385
0.9943132 -0.1061113 0.009029382 69.52995 0.1061535 0.9943404 -0.004331916 5.9312 -0.008518613 0.005265782 0.9999499 -0.9546781
0.9944228 -0.1046113 0.01340771 70.74725 0.1046863 0.9944928 -0.00501704 6.04566 -0.01280903 0.006392662 0.9998975 -0.9686766
0.9944586 -0.1032287 0.01990032 71.96407 0.1033025 0.9946462 -0.00271568 6.148645 -0.01951345 0.004756385 0.9997983 -0.9865313
0.9945601 -0.1020705 0.02078367 73.17504 0.1020907 0.9947752 8.572242e-05 6.253455 -0.02068383 0.002036564 0.999784 -1.008898
0.9946311 -0.1007292 0.02371845 74.39529 0.1007158 0.9949136 0.001760371 6.36171 -0.02377513 0.0006379029 0.9997171 -1.023851
0.9947754 -0.09956104 0.02257539 75.6184 0.09956084 0.9950309 0.001135326 6.474449 -0.02257625 0.001118231 0.9997445 -1.062577
0.9947276 -0.09850559 0.02852545 76.84398 0.09839348 0.9951333 0.005311293 6.573361 -0.02890982 -0.00247657 0.999579 -1.078745
0.9948059 -0.09799439 0.02753687 78.04913 0.09783259 0.995177 0.007166112 6.679074 -0.02810629 -0.004434887 0.9995951 -1.124089
0.9947924 -0.09737062 0.03011771 79.27168 0.09718324 0.9952374 0.007627844 6.780367 -0.03071699 -0.004661185 0.9995173 -1.144124
0.9948795 -0.09635165 0.03051607 80.48731 0.09630374 0.9953474 0.003039135 6.880838 -0.03066692 -8.476083e-05 0.9995297 -1.175449
0.9949753 -0.09516188 0.03112048 81.71658 0.09513686 0.9954616 0.002287212 6.975909 -0.0311969 0.0006849851 0.999513 -1.202329
0.9949362 -0.09455399 0.03408118 82.94027 0.09441726 0.9955169 0.005603064 7.091009 -0.03445819 -0.002356839 0.9994034 -1.223251
0.9950396 -0.09396574 0.03265784 84.15997 0.09370494 0.9955553 0.009430057 7.1847 -0.0333988 -0.00632308 0.9994221 -1.215235
0.9950619 -0.09342095 0.03353024 85.37532 0.09276447 0.9954742 0.02063138 7.29191 -0.03530589 -0.01741909 0.9992247 -1.294069
0.9953882 -0.09292436 0.02382057 86.58972 0.09219441 0.9952859 0.03010309 7.397069 -0.02650559 -0.02776814 0.9992629 -1.330945
0.9956622 -0.09216736 0.01272695 87.79794 0.09186832 0.9955199 0.02236481 7.496811 -0.01473124 -0.02109859 0.9996688 -1.414974
0.9957256 -0.09163025 0.01158961 89.04034 0.09152973 0.9957623 0.008926372 7.600272 -0.01235842 -0.007827424 0.999893 -1.450299
0.9957411 -0.09158725 0.01056155 90.26394 0.09151732 0.9957793 0.006926267 7.707631 -0.01115133 -0.005930204 0.9999202 -1.481935
0.995759 -0.09111241 0.0127471 91.47729 0.09101341 0.9958163 0.00814333 7.800361 -0.01343573 -0.006948637 0.9998856 -1.509982
0.9957861 -0.0913003 0.008617224 92.68742 0.09121644 0.9957842 0.009669857 7.902001 -0.009463755 -0.008843077 0.9999161 -1.540682
0.9957625 -0.09138563 0.01028341 93.89806 0.09131363 0.9957956 0.007267704 7.99754 -0.01090434 -0.006297892 0.9999207 -1.572402
0.9957607 -0.09137109 0.01057573 95.10549 0.09132543 0.9958098 0.004723736 8.096268 -0.01096303 -0.003737878 0.9999329 -1.59713
0.9957206 -0.09192087 0.009547344 96.31359 0.0918632 0.9957516 0.006312784 8.197303 -0.01008706 -0.00540872 0.9999345 -1.632532
0.9957914 -0.09128048 0.008204795 97.50182 0.09122077 0.9958034 0.007378956 8.299518 -0.008843917 -0.006599453 0.9999391 -1.667036
0.9957978 -0.09147105 0.004441961 98.70682 0.09143439 0.9957802 0.007853056 8.401896 -0.005141543 -0.007413908 0.9999593 -1.705013
0.9958005 -0.09151804 0.002401471 99.89621 0.09150282 0.9957877 0.005823345 8.50248 -0.002924297 -0.005579149 0.9999802 -1.73487
0.9957871 -0.09167892 0.001704496 101.0819 0.0916696 0.9957775 0.00491113 8.603871 -0.002147545 -0.00473419 0.9999865 -1.751718
0.9957735 -0.09184238 -0.0003673265 102.2718 0.09184296 0.9957567 0.005789573 8.708258 -0.0001659603 -0.00579884 0.9999832 -1.783276
0.9957705 -0.09183374 -0.002761721 103.4376 0.09185195 0.9957452 0.007410213 8.808653 0.002069462 -0.007632541 0.9999687 -1.815268
0.9957608 -0.09186763 -0.004559036 104.6117 0.09189793 0.9957442 0.00695346 8.904836 0.003900836 -0.007342949 0.9999654 -1.840575
0.9956524 -0.0931062 -0.002753081 105.7882 0.09312388 0.9956284 0.00719551 9.008654 0.0020711 -0.007420604 0.9999703 -1.874964
0.9955161 -0.09451231 -0.00388834 106.9484 0.09453709 0.9954982 0.00677789 9.108819 0.003230242 -0.007115092 0.9999695 -1.902333
0.995278 -0.09703492 -0.002445859 108.0972 0.09704897 0.9952585 0.006489829 9.204363 0.001804522 -0.006696552 0.999976 -1.940888
0.9950904 -0.09891587 -0.003288889 109.2468 0.09893593 0.9950718 0.006628221 9.309215 0.002617044 -0.006921068 0.9999726 -1.962744
0.9947882 -0.1018838 -0.004016768 110.3945 0.1019133 0.9947615 0.007973392 9.422267 0.003183365 -0.008341198 0.9999601 -2.001918
0.9944206 -0.105264 -0.00686658 111.5393 0.1053209 0.9944016 0.008543584 9.537037 0.005928806 -0.009219112 0.9999399 -2.026594
0.9940473 -0.108757 -0.006471557 112.6699 0.1088105 0.9940256 0.00858695 9.656341 0.005499001 -0.009240008 0.9999422 -2.066056
0.9934983 -0.113514 -0.008704154 113.7802 0.113584 0.9934961 0.008017992 9.776344 0.007737389 -0.008954513 0.99993 -2.089652
0.9928682 -0.1188747 -0.009028231 114.9056 0.118937 0.992879 0.006710499 9.904576 0.008166234 -0.007736431 0.9999367 -2.13097
0.9921103 -0.1249727 -0.009956056 116.0251 0.1250394 0.9921315 0.006375469 10.03999 0.009080956 -0.007570067 0.9999301 -2.152057
0.991201 -0.1317905 -0.01232074 117.1243 0.1318661 0.9912521 0.005533801 10.18048 0.01148365 -0.007109797 0.9999088 -2.182835
0.9901646 -0.1392215 -0.01383763 118.2384 0.1393261 0.9902225 0.006899839 10.32943 0.01274173 -0.00875992 0.9998804 -2.223457
0.9888421 -0.148028 -0.01670252 119.3122 0.1481357 0.9889523 0.005396222 10.48949 0.0157192 -0.00781025 0.9998459 -2.236336
0.9872957 -0.1578463 -0.01821596 120.3915 0.1579792 0.9874237 0.006096317 10.66068 0.01702459 -0.00889661 0.9998155 -2.294501
0.9854546 -0.1688095 -0.01955975 121.4587 0.168944 0.9856107 0.005429448 10.84226 0.01836176 -0.008654977 0.9997939 -2.298161
0.983344 -0.180376 -0.0223405 122.5174 0.1805377 0.9835531 0.005427108 11.03603 0.02099415 -0.009370017 0.9997357 -2.335995
0.9808516 -0.1930531 -0.02570299 123.5674 0.1932681 0.9811269 0.006139198 11.2449 0.0240327 -0.01098921 0.9996508 -2.372246
0.9779195 -0.2067199 -0.03066416 124.6046 0.2070507 0.9782976 0.008003067 11.46766 0.02834428 -0.01417539 0.9994977 -2.386874
0.9748823 -0.2201097 -0.03400245 125.6221 0.220604 0.9752957 0.01149527 11.69915 0.03063222 -0.01870761 0.9993556 -2.409478
0.9713622 -0.2349238 -0.03558558 126.6459 0.2353969 0.9718511 0.009689149 11.93814 0.03230767 -0.01778841 0.9993197 -2.423717
0.9675843 -0.2498961 -0.03650627 127.6512 0.2502669 0.968159 0.00589306 12.19834 0.03387121 -0.01483834 0.999316 -2.473937
0.9633551 -0.2655489 -0.03782564 128.6614 0.2658482 0.9640102 0.003023019 12.47349 0.03566154 -0.01296812 0.9992798 -2.508264
0.9592363 -0.2802034 -0.03676761 129.6557 0.2805465 0.9598302 0.00442185 12.75624 0.03405165 -0.01455662 0.9993141 -2.522542
0.9549584 -0.2945627 -0.03587907 130.6452 0.2948838 0.9555252 0.003893422 13.05182 0.03313649 -0.01429821 0.9993486 -2.529915
0.950639 -0.3084995 -0.03336895 131.6342 0.3087521 0.9511391 0.00257429 13.37084 0.03094434 -0.01274995 0.9994398 -2.575509
0.9459953 -0.3223346 -0.0345451 132.6072 0.3225211 0.9465623 -0.0001858897 13.68889 0.03275901 -0.01096567 0.9994031 -2.57666
0.9411209 -0.336769 -0.02963189 133.5782 0.3369627 0.9415165 0.001656104 14.02118 0.02734119 -0.01154344 0.9995595 -2.591454
0.9360033 -0.3507552 -0.02947153 134.5355 0.3510269 0.9363548 0.004444969 14.36968 0.02603671 -0.0145058 0.9995558 -2.638048
0.9308613 -0.3643262 -0.02763418 135.4958 0.3645958 0.9311509 0.005263372 14.73566 0.02381401 -0.01497478 0.9996042 -2.644027
0.9252431 -0.3782207 -0.02956791 136.45 0.3785067 0.9255874 0.004545993 15.12466 0.0256483 -0.0153978 0.9995524 -2.684833
0.9197661 -0.3914017 -0.0288959 137.3953 0.3916254 0.9201219 0.002302667 15.52173 0.02568648 -0.01343428 0.9995798 -2.693767
0.9143639 -0.4035176 -0.03335053 138.3248 0.4038177 0.9148359 0.002513683 15.92148 0.02949595 -0.01576596 0.9994406 -2.735294
0.9099344 -0.4132982 -0.03469878 139.2463 0.4135742 0.91047 0.0008581374 16.33486 0.03123753 -0.01513137 0.9993975 -2.731141
0.9055493 -0.4225132 -0.0382482 140.1715 0.4228954 0.9061761 0.002125367 16.76194 0.03376161 -0.01809961 0.999266 -2.770017
0.9013701 -0.4314311 -0.03740545 141.0961 0.4317841 0.9019756 0.001521675 17.18737 0.03308231 -0.01752267 0.999299 -2.756587
0.8964472 -0.4415203 -0.03797692 141.9991 0.4419552 0.8970304 0.003486753 17.63191 0.03252698 -0.01990979 0.9992725 -2.811543
0.8915704 -0.4513299 -0.03746343 142.8983 0.4517185 0.8921578 0.002173632 18.06948 0.03244227 -0.01886087 0.9992957 -2.806319
0.8863748 -0.4613895 -0.03820293 143.7928 0.4618186 0.8869702 0.002767766 18.52839 0.03260784 -0.0200961 0.9992661 -2.84021
0.8811773 -0.4713376 -0.03697827 144.6826 0.4717429 0.8817325 0.002583507 18.99741 0.03138724 -0.01972077 0.9993128 -2.847039
0.8752577 -0.4823388 -0.03568241 145.5686 0.482731 0.8757643 0.002773449 19.47733 0.02991164 -0.01965249 0.9993593 -2.865847
0.8689125 -0.493733 -0.03491113 146.4409 0.4941439 0.8693722 0.003727239 19.97888 0.0285105 -0.02048977 0.9993834 -2.896888
0.8621054 -0.5054996 -0.03527624 147.3183 0.5059069 0.8625824 0.003118982 20.48323 0.02885202 -0.02053539 0.9993727 -2.918726
0.8551097 -0.5171899 -0.03608378 148.1809 0.5175941 0.8556235 0.002215331 21.00439 0.02972838 -0.0205711 0.9993463 -2.945676
0.8480259 -0.5286351 -0.03737476 149.04 0.5290353 0.8485993 0.0009697089 21.53838 0.03120357 -0.0205949 0.9993008 -2.967336
0.8408502 -0.539801 -0.03982335 149.8819 0.5402602 0.8414975 0.0009206813 22.06537 0.03301427 -0.02228913 0.9992063 -2.979844
0.8336611 -0.5506376 -0.04251459 150.7181 0.5511742 0.8343896 0.001085635 22.61284 0.03487593 -0.02433799 0.9990953 -3.005588
0.8266522 -0.5609856 -0.04405901 151.5463 0.5615651 0.8274319 0.0009433376 23.16705 0.03592664 -0.02552181 0.9990285 -3.019747
0.8198183 -0.5707216 -0.04663467 152.3813 0.5713854 0.8206812 0.001107917 23.74141 0.03763988 -0.02755466 0.9989114 -3.031716
0.8128003 -0.5806908 -0.04641001 153.194 0.5813869 0.813625 0.001870495 24.32083 0.03667417 -0.02850251 0.9989207 -3.052948
0.8055367 -0.5907128 -0.046572 154.0064 0.5914028 0.8063754 0.001298492 24.90507 0.03678748 -0.02858879 0.9989141 -3.063211
0.7983891 -0.6004569 -0.04501462 154.8149 0.6011141 0.7991621 0.001347191 25.50872 0.03516505 -0.02813451 0.9989854 -3.094218
0.7908131 -0.6101989 -0.0476656 155.6301 0.6108494 0.791746 -0.001149688 26.12319 0.03844059 -0.02820731 0.9988627 -3.097484
0.783414 -0.6199008 -0.0445589 156.4267 0.6204447 0.7842476 -0.002034153 26.75667 0.03620618 -0.02605274 0.9990047 -3.116798
0.7755285 -0.6296422 -0.04589489 157.2249 0.630197 0.7764297 -0.002987853 27.39905 0.03751543 -0.02660565 0.9989418 -3.132723
0.768073 -0.6388822 -0.0435131 158.0237 0.6393783 0.7688859 -0.003175473 28.04774 0.03548536 -0.02538234 0.9990478 -3.148504
0.7598448 -0.6486092 -0.04406768 158.8173 0.6491631 0.7606459 -0.002239967 28.72039 0.03497276 -0.02690509 0.9990261 -3.155594
0.7516398 -0.6582958 -0.04104083 159.6108 0.6587225 0.7523755 -0.003984187 29.40102 0.03350089 -0.02403985 0.9991495 -3.157736
0.7426109 -0.6686101 -0.0385965 160.4012 0.6690284 0.7432319 -0.002709925 30.10362 0.03049803 -0.02380973 0.9992512 -3.17902
0.7331431 -0.6790352 -0.03758179 161.1866 0.6794111 0.733749 -0.003615348 30.81101 0.03003055 -0.02288291 0.999287 -3.177063
0.723251 -0.6897147 -0.0346642 161.9617 0.6900426 0.7237612 -0.003312885 31.54728 0.02737355 -0.02152373 0.9993935 -3.20473
0.7133607 -0.6998708 -0.03601854 162.7316 0.7002204 0.7139162 -0.003870615 32.28602 0.02842315 -0.02245977 0.9993436 -3.210456
0.7041451 -0.7092406 -0.03402207 163.4877 0.7095537 0.7046407 -0.003850826 33.04837 0.0267045 -0.02142894 0.9994137 -3.2368
0.6956239 -0.7174143 -0.03773696 164.2316 0.7178357 0.6962048 -0.003275071 33.81142 0.02862223 -0.02481072 0.9992824 -3.245218
0.6889756 -0.7237912 -0.03793287 164.9785 0.7241822 0.6895927 -0.004675519 34.58409 0.02954233 -0.02424899 0.9992694 -3.256922
0.6840615 -0.7282446 -0.04146902 165.7158 0.7287702 0.6847498 -0.003419166 35.37201 0.03088589 -0.02788246 0.9991339 -3.271978
0.6805234 -0.7314989 -0.04239496 166.4622 0.7320531 0.6812389 -0.003448056 36.17274 0.03140334 -0.02868888 0.999095 -3.274236
0.6784315 -0.7333738 -0.04351624 167.2107 0.7339169 0.679222 -0.004852766 36.96848 0.03311607 -0.02864504 0.999041 -3.282628
0.6770507 -0.7346942 -0.04274059 167.961 0.7351586 0.677863 -0.006607658 37.78569 0.03382687 -0.02694739 0.9990643 -3.29455
0.6763908 -0.7354305 -0.04046572 168.7332 0.7359215 0.6770557 -0.003876484 38.60588 0.03024843 -0.02715757 0.9991734 -3.305454
0.6752918 -0.7364965 -0.03942044 169.511 0.7369427 0.6759404 -0.004474957 39.43399 0.02994166 -0.0260287 0.9992127 -3.282937
0.6744093 -0.7375725 -0.03404386 170.2807 0.7378979 0.6748995 -0.004171029 40.25736 0.02605261 -0.02230791 0.9994116 -3.340577
0.6739194 -0.7381715 -0.03058593 171.0647 0.738493 0.6742603 -0.00113993 41.09071 0.02146434 -0.02181927 0.9995315 -3.315372
0.6732851 -0.7387856 -0.02971666 171.8476 0.7391424 0.6735475 0.001562159 41.93064 0.01886148 -0.02301662 0.9995571 -3.358635
0.672019 -0.7399848 -0.0285125 172.6336 0.7403366 0.6722306 0.002801288 42.77933 0.01709406 -0.02299137 0.9995895 -3.379069
0.6712388 -0.74068 -0.02883609 173.4252 0.7410231 0.671477 0.001872751 43.64502 0.01797566 -0.02262528 0.9995824 -3.391967
0.6699617 -0.7418267 -0.02906318 174.2298 0.7421436 0.6702409 0.0001801718 44.51736 0.01934567 -0.02168976 0.9995776 -3.420465
0.6691852 -0.7424915 -0.02996014 175.0241 0.7427793 0.6695328 -0.002186266 45.39278 0.02168258 -0.02079076 0.9995487 -3.434121
0.6684599 -0.7431918 -0.02876155 175.8369 0.7434387 0.6687976 -0.002985001 46.26292 0.02145408 -0.0193871 0.9995819 -3.451947
0.6675509 -0.7440541 -0.02755507 176.6413 0.7442834 0.6678582 -0.002746432 47.15424 0.02044638 -0.0186754 0.9996165 -3.473392
0.6664661 -0.7450466 -0.0269908 177.455 0.7452317 0.6667912 -0.004400087 48.04672 0.0212755 -0.01718189 0.999626 -3.480883
0.6656296 -0.7458751 -0.0246471 178.2775 0.7460102 0.6659158 -0.005008534 48.93754 0.02014863 -0.01505316 0.9996837 -3.481983
0.6644839 -0.7469308 -0.02356699 179.0952 0.7470548 0.6647451 -0.004786473 49.83077 0.01924121 -0.0144253 0.9997108 -3.495602
0.6636174 -0.7477417 -0.02223376 179.9094 0.7479014 0.6638077 -0.001632025 50.73384 0.01597927 -0.01554562 0.9997514 -3.512638
0.6625792 -0.748699 -0.02094423 180.7252 0.74885 0.6627388 -0.0009296536 51.64221 0.01457659 -0.01506812 0.9997802 -3.529392
0.6612819 -0.7498738 -0.01988802 181.5503 0.7500238 0.6614107 0.000132747 52.55393 0.01305461 -0.01500427 0.9998022 -3.553872
0.6605899 -0.7504816 -0.01995838 182.3565 0.7506247 0.6607286 -0.0004876908 53.46888 0.01355308 -0.01465909 0.9998007 -3.580919
0.659654 -0.7511574 -0.02488286 183.1749 0.7513493 0.6599005 -0.002354241 54.38356 0.01818862 -0.01714274 0.9996876 -3.595619
0.6594576 -0.7513472 -0.02435606 183.9953 0.7515622 0.6596619 -0.0004841657 55.29192 0.01643054 -0.01798581 0.9997032 -3.610775
0.6595361 -0.7511727 -0.02741829 184.8124 0.7514843 0.659749 0.001668867 56.22094 0.01683558 -0.02170509 0.9996226 -3.633735
0.6591971 -0.7514581 -0.02774678 185.6294 0.7517771 0.6594154 0.001671553 57.14713 0.01704055 -0.02196128 0.9996136 -3.656619
0.6592584 -0.751435 -0.02690668 186.4709 0.7516394 0.6595649 -0.003545336 58.07494 0.02041079 -0.01788683 0.9996316 -3.661949
0.6590602 -0.7516975 -0.02429923 187.3022 0.7518528 0.6593199 -0.003820078 59.00373 0.01889251 -0.01575178 0.9996974 -3.63232
0.6596143 -0.7513474 -0.01965152 188.1315 0.7514768 0.6597584 -0.001166369 59.93033 0.01384161 -0.01399831 0.9998062 -3.716016
0.6601359 -0.7508804 -0.01998255 188.9747 0.7510325 0.6602652 0.0001620324 60.86811 0.01307212 -0.01511451 0.9998003 -3.692832
0.6603376 -0.7507871 -0.0165251 189.8182 0.750885 0.6604328 -0.0004233168 61.81518 0.01123154 -0.01212892 0.9998634 -3.725677
0.6605786 -0.7505771 -0.01642685 190.679 0.7506419 0.6607022 -0.003041361 62.75728 0.01313603 -0.01032162 0.9998605 -3.725848
0.6605802 -0.7506433 -0.01298079 191.5314 0.750669 0.660668 -0.003758605 63.72506 0.01139736 -0.007261414 0.9999087 -3.776969
0.660576 -0.7506432 -0.01319823 192.3896 0.7506749 0.6606632 -0.003371766 64.6819 0.01125058 -0.007680274 0.9999072 -3.762797
0.660764 -0.7504957 -0.0121304 193.255 0.7505355 0.6608279 -0.001778853 65.6411 0.009351129 -0.007928897 0.9999248 -3.803279
0.6608337 -0.7504558 -0.01071331 194.1251 0.7504805 0.6608886 -0.002320697 66.60224 0.008821885 -0.006506535 0.9999399 -3.781843
0.6609023 -0.7504169 -0.00909725 194.9951 0.7504228 0.6609492 -0.003430186 67.58106 0.008586889 -0.004559767 0.9999527 -3.826785
0.6608168 -0.7505236 -0.005959544 195.8708 0.7505164 0.6608409 -0.003831059 68.55575 0.00681361 -0.001941107 0.9999749 -3.830012
0.6608174 -0.7505285 -0.005225761 196.75 0.7505275 0.6608342 -0.002536973 69.53181 0.005357433 -0.002245602 0.9999831 -3.863651
0.6610312 -0.75034 -0.005256538 197.6348 0.7503402 0.6610478 -0.002327162 70.5102 0.005220985 -0.002405865 0.9999835 -3.875849
0.660969 -0.7503589 -0.009028583 198.5165 0.750389 0.6609964 -6.179744e-05 71.49639 0.006014231 -0.006734103 0.9999592 -3.90948
0.6610631 -0.7502667 -0.009777257 199.4028 0.750299 0.6610986 -0.0005320623 72.49082 0.006862918 -0.006984139 0.9999521 -3.92164
0.6608625 -0.750365 -0.01459732 200.2984 0.7504475 0.6609299 0.0002666325 73.49469 0.009447737 -0.01113073 0.9998934 -3.945881
0.6607953 -0.7504238 -0.01462016 201.1802 0.7505106 0.660858 0.000702031 74.49379 0.009135032 -0.01143649 0.9998929 -3.965184
0.6602763 -0.7508561 -0.01581981 202.0938 0.7509531 0.6603554 0.0002940693 75.49385 0.0102259 -0.01207411 0.9998748 -3.983889
0.658743 -0.7522878 -0.01098822 202.9977 0.7523363 0.6587791 0.0004443014 76.50689 0.00690457 -0.008559521 0.9999395 -3.987485
0.6557784 -0.7548856 -0.01011604 203.9053 0.7549277 0.655808 0.0005293479 77.52721 0.006234579 -0.007984011 0.9999487 -4.033925
0.6528806 -0.757441 -0.005485939 204.8025 0.7574568 0.6528835 0.001488963 78.54584 0.002453878 -0.005127477 0.9999838 -4.031953
0.6503525 -0.7595667 -0.009995443 205.6852 0.7596119 0.6503755 0.001191315 79.56877 0.005595909 -0.008367432 0.9999493 -4.075504
0.6490448 -0.7607163 -0.007176838 206.577 0.7607361 0.6490612 4.341756e-05 80.59153 0.004625179 -0.005487859 0.9999743 -4.102904
0.6482179 -0.7613513 -0.01255533 207.471 0.7614174 0.6482617 0.0007641795 81.61889 0.007557326 -0.0100552 0.9999209 -4.120934
0.6478547 -0.7617016 -0.00974679 208.3686 0.7617306 0.6478931 -0.001076264 82.65647 0.00713467 -0.006727165 0.9999519 -4.130637
0.6471407 -0.762257 -0.01315829 209.2712 0.7623363 0.6471789 0.001681289 83.70001 0.007234192 -0.01111907 0.999912 -4.14735
0.6467845 -0.762578 -0.01202361 210.1766 0.7626365 0.6468271 0.0004536179 84.75385 0.007431275 -0.009463035 0.9999276 -4.177658
0.6458117 -0.7633519 -0.01487051 211.0771 0.7634507 0.6458641 0.001597533 85.80172 0.00838485 -0.01238461 0.9998881 -4.209959
0.6455061 -0.7636281 -0.01392831 211.9948 0.7636955 0.6455764 -0.0007176395 86.86511 0.009539796 -0.01017375 0.9999027 -4.215101
0.644778 -0.764248 -0.01364923 212.9082 0.7643094 0.6448488 -0.001069658 87.9309 0.009619174 -0.009742543 0.9999063 -4.246774
0.6444949 -0.7645012 -0.01281805 213.8258 0.7645285 0.6445796 -0.003675638 88.99709 0.01107228 -0.007430834 0.9999111 -4.245809
0.6440148 -0.7649274 -0.01144408 214.7456 0.7649418 0.6440871 -0.004012976 90.0593 0.01044062 -0.006169637 0.9999264 -4.285306
0.6441166 -0.7648615 -0.01002734 215.6488 0.7648643 0.6441765 -0.004391838 91.1111 0.009818522 -0.004840694 0.9999401 -4.288485
0.6438948 -0.7650637 -0.008782256 216.5629 0.7650718 0.6439375 -0.003119627 92.17429 0.008041937 -0.004710346 0.9999565 -4.31751
0.6439667 -0.7649922 -0.009690596 217.4795 0.7650153 0.6440096 -0.001841927 93.2343 0.007649895 -0.006227314 0.9999514 -4.321485
0.6440185 -0.7649853 -0.006120786 218.4003 0.7649999 0.6440303 3.935164e-05 94.29529 0.003911869 -0.004707744 0.9999813 -4.357109
0.6435697 -0.7653525 -0.007317305 219.304 0.7653676 0.6435925 -0.00106662 95.35495 0.005525703 -0.004913984 0.9999726 -4.370683
0.6436105 -0.7653422 -0.004089894 220.215 0.7653478 0.6436169 -0.0003107458 96.4301 0.002870152 -0.002930192 0.9999916 -4.415157
0.6434728 -0.7654341 -0.00730246 221.1286 0.7654433 0.6435001 -0.002045635 97.48709 0.006264932 -0.004273308 0.9999713 -4.423621
0.6434715 -0.7654528 -0.005135519 222.0308 0.7654603 0.6434827 -0.0007368927 98.55119 0.003868675 -0.003456867 0.9999865 -4.471695
0.6431396 -0.7657016 -0.00851403 222.923 0.765727 0.6431657 -0.0004117272 99.62562 0.005791191 -0.006254625 0.9999636 -4.466959
0.6432828 -0.7655985 -0.006787331 223.8433 0.7656145 0.6432995 -0.0003777922 100.6653 0.004655525 -0.004953452 0.9999769 -4.498818
0.6434671 -0.7654215 -0.008955088 224.7777 0.7654546 0.6434897 0.0004327719 101.6951 0.005431255 -0.007133188 0.9999598 -4.536686
0.6434599 -0.765426 -0.009076694 225.6508 0.7654582 0.6434858 0.0001179348 102.7844 0.005750452 -0.007023715 0.9999588 -4.549026
0.644089 -0.7648755 -0.01071784 226.562 0.7649174 0.6441283 -0.0002924625 103.846 0.007127363 -0.008009891 0.9999425 -4.594523
0.6449433 -0.7641515 -0.01098132 227.454 0.764182 0.6449976 -0.001989624 104.8945 0.008603301 -0.007108534 0.9999377 -4.596498
0.6459649 -0.7632887 -0.01094133 228.3548 0.7633278 0.6460106 -0.0008889416 105.9398 0.007746737 -0.0077776 0.9999397 -4.645602
0.6467326 -0.7626181 -0.01227306 229.2583 0.7626697 0.6467878 -0.0007118252 106.9896 0.008480918 -0.008899933 0.9999244 -4.637355
0.6474854 -0.7619849 -0.01190447 230.1546 0.7620394 0.6475307 6.008474e-05 108.0278 0.007662728 -0.009110583 0.9999291 -4.684165
0.6480517 -0.7614924 -0.01258193 231.0624 0.7615325 0.6481228 -0.002236533 109.0707 0.009857737 -0.008132159 0.9999183 -4.692085
0.6483221 -0.7612742 -0.01183743 231.957 0.7613102 0.6483847 -0.002045361 110.1113 0.009232286 -0.007685901 0.9999278 -4.729293
0.64872 -0.7609382 -0.01164055 232.864 0.7609488 0.6487969 -0.004434621 111.141 0.01092682 -0.005981036 0.9999224 -4.72268
0.6491616 -0.7605882 -0.009741854 233.742 0.7605985 0.6492138 -0.00337984 112.1717 0.008895211 -0.005215577 0.9999468 -4.778021
0.6494918 -0.7603005 -0.01017104 234.6486 0.7603164 0.6495459 -0.003032523 113.1969 0.008912184 -0.005763608 0.9999437 -4.765244
0.6499879 -0.7598919 -0.008945869 235.525 0.7599164 0.65002 -0.0009403185 114.2143 0.006529535 -0.006186917 0.9999595 -4.823217
0.6498261 -0.7600108 -0.01046578 236.4195 0.7600448 0.6498697 -0.001061849 115.2359 0.00760841 -0.007264442 0.9999447 -4.822506
0.6503236 -0.7596192 -0.007598398 237.3011 0.7596534 0.6503193 0.003340216 116.2426 0.002404094 -0.007944371 0.9999655 -4.865968
0.6502279 -0.75967 -0.01026564 238.1848 0.7597266 0.6502359 0.003009121 117.256 0.004389151 -0.009755697 0.9999428 -4.867313
0.6499841 -0.7599148 -0.007081477 239.0614 0.7599421 0.6499871 0.002176623 118.2672 0.002948821 -0.006796283 0.9999726 -4.898377
0.6497709 -0.7600983 -0.006951295 239.9388 0.7601151 0.6497885 -0.0003317327 119.2747 0.00476902 -0.005068234 0.9999758 -4.929166
0.6496261 -0.7602466 -0.003309968 240.823 0.7602496 0.649631 -0.0005284215 120.2743 0.002551988 -0.002173126 0.9999944 -4.952605
0.649261 -0.7605546 -0.004126365 241.6766 0.7605617 0.6492655 0.0002755637 121.2694 0.002469526 -0.003317268 0.9999915 -4.99099
0.6489788 -0.7607974 -0.00372006 242.5448 0.7608027 0.6489832 1.182756e-05 122.2725 0.002405258 -0.002837908 0.9999931 -5.004231
0.6487729 -0.7609671 -0.004775949 243.399 0.760966 0.648787 -0.002432516 123.263 0.004949639 -0.002056184 0.9999856 -5.052425
0.6483449 -0.7613084 -0.007644274 244.2586 0.7613151 0.6483769 -0.002609274 124.2593 0.006942831 -0.004127992 0.9999674 -5.058653
0.6481071 -0.7615194 -0.006741056 245.1139 0.7615143 0.6481369 -0.003839481 125.2447 0.007292965 -0.002645016 0.9999699 -5.08272
0.6481055 -0.7614908 -0.009535392 245.9596 0.7615025 0.6481544 -0.003119397 126.2153 0.008555799 -0.005239527 0.9999497 -5.110623
0.6479641 -0.7616351 -0.007382664 246.7999 0.7616431 0.6479928 -0.002255399 127.1773 0.006501704 -0.004161538 0.9999702 -5.113595
0.6481811 -0.7614487 -0.007554244 247.6407 0.7614634 0.6482067 -0.001312577 128.1432 0.005896171 -0.004901493 0.9999706 -5.15066
0.6483573 -0.7613044 -0.006953246 248.478 0.7613141 0.6483812 -0.001705736 129.1124 0.005806938 -0.004187677 0.9999744 -5.153552
0.6487647 -0.7609767 -0.004347969 249.3166 0.7609816 0.6487732 -0.0007405247 130.0682 0.003384368 -0.002828298 0.9999903 -5.197361
0.6487273 -0.7610012 -0.005486215 250.1463 0.7610108 0.648739 -0.0004903456 131.0383 0.003932275 -0.003856968 0.9999848 -5.209829
0.6490903 -0.7607056 -0.002952583 250.9917 0.7607113 0.6490848 0.002658725 132.0 -0.0001060304 -0.003971816 0.9999921 -5.242851
0.6491693 -0.7606261 -0.005214692 251.8329 0.7606417 0.6491686 0.002043414 132.9681 0.001830941 -0.005293034 0.9999843 -5.272425
0.6492443 -0.7605646 -0.004829108 252.6717 0.7605785 0.649242 0.002252205 133.9239 0.001422312 -0.005135148 0.9999858 -5.294008
0.6495051 -0.7603309 -0.006334674 253.5093 0.7603492 0.649514 0.000812463 134.8788 0.003496719 -0.005344263 0.9999796 -5.321571
0.6497651 -0.7601017 -0.007120214 254.3447 0.7601272 0.6497724 0.001559582 135.8391 0.003441078 -0.00642563 0.9999734 -5.337404
0.649851 -0.7600228 -0.007691408 255.1716 0.7600503 0.6498634 0.001110986 136.8014 0.004153989 -0.006567832 0.9999698 -5.361676
0.6497518 -0.7600955 -0.008799834 256.0019 0.7601293 0.6497713 0.000800384 137.7602 0.005109512 -0.007209063 0.999961 -5.37604
0.6502598 -0.7596743 -0.007560696 256.8321 0.7596933 0.6502813 -0.0005356912 138.7252 0.005323531 -0.005395472 0.9999713 -5.401238
0.6500114 -0.7598857 -0.007667864 257.6697 0.7598976 0.65004 -0.001827072 139.6757 0.006372784 -0.004639175 0.9999689 -5.420663
0.6502656 -0.7596907 -0.004979735 258.5011 0.7596932 0.6502793 -0.001762138 140.6344 0.004576898 -0.002637214 0.9999861 -5.432792
0.6500586 -0.7598576 -0.006352999 259.3363 0.7598677 0.6500769 -0.001131648 141.5934 0.004989828 -0.004091801 0.9999792 -5.477016
0.6498545 -0.7600331 -0.006224119 260.1674 0.7600421 0.6498724 -0.001272037 142.5465 0.005011675 -0.003903954 0.9999798 -5.481468
0.6494632 -0.7603582 -0.007283472 260.9961 0.7603753 0.6494837 -0.0006076817 143.5032 0.005192552 -0.005143505 0.9999733 -5.514268
0.6490111 -0.7607239 -0.009150389 261.8081 0.7607491 0.6490452 -0.001050838 144.4562 0.006738414 -0.006279144 0.9999576 -5.529819
0.64873 -0.7609726 -0.008369172 262.6552 0.7609931 0.648759 -0.001055101 145.4143 0.006232479 -0.005684407 0.9999644 -5.553746
0.6483732 -0.7612597 -0.00979156 263.4843 0.7612866 0.6484141 -0.001388805 146.3676 0.007406226 -0.006553718 0.9999511 -5.565416
0.6480073 -0.7615945 -0.007774408 264.3111 0.7616108 0.6480336 -0.001208177 147.3158 0.005958218 -0.005138165 0.9999691 -5.588273
0.6476695 -0.7618603 -0.009654565 265.1328 0.7618966 0.6476986 0.0001407436 148.2711 0.006146021 -0.007446935 0.9999534 -5.621174
0.6472584 -0.7622174 -0.009010751 265.9699 0.7622495 0.6472834 0.0001910483 149.2182 0.005686889 -0.006992098 0.9999594 -5.627587
0.6467825 -0.762598 -0.01079782 266.787 0.762651 0.6468086 0.001322136 150.1752 0.005975867 -0.009090103 0.9999408 -5.685277
0.6463511 -0.7629469 -0.01192725 267.6134 0.7629978 0.646401 -0.000427003 151.1368 0.008035568 -0.008824473 0.9999288 -5.681306
0.6464607 -0.7628302 -0.01336705 268.4369 0.7629021 0.6465138 0.0004379358 152.0922 0.008307911 -0.01048086 0.9999105 -5.711871
0.6466285 -0.7626488 -0.0154379 269.2533 0.7627345 0.6467117 -0.0005151434 153.0421 0.01037674 -0.01144191 0.9998807 -5.736524
0.6469972 -0.7622938 -0.01740262 270.0866 0.7624051 0.6471 -0.0003567478 154.0056 0.01153318 -0.01303704 0.9998485 -5.741211
0.6479442 -0.761541 -0.01495622 270.9254 0.7616551 0.6479734 0.003451976 154.9616 0.007062414 -0.01362817 0.9998822 -5.769941
0.6477575 -0.7617013 -0.01487656 271.742 0.7618265 0.6477587 0.005392984 155.9209 0.005528577 -0.0148267 0.9998748 -5.7912
0.6479288 -0.7615326 -0.01600957 272.5826 0.7616747 0.6479375 0.005335886 156.8833 0.006309753 -0.01565136 0.9998576 -5.807165
0.6487481 -0.7608855 -0.01338222 273.4195 0.7609805 0.6487643 0.003682107 157.8479 0.005880244 -0.01257237 0.9999037 -5.841256
0.6501023 -0.7597516 -0.01202422 274.2667 0.7598401 0.6500815 0.00609219 158.8176 0.003188171 -0.01309703 0.9999092 -5.888301
0.6504874 -0.7594385 -0.01091735 275.1074 0.7595142 0.6504567 0.006647694 159.7863 0.002052749 -0.01261612 0.9999183 -5.888112
0.6514237 -0.758662 -0.008893367 275.9471 0.7587107 0.6513405 0.01066215 160.7621 -0.002296356 -0.01369307 0.9999036 -5.947323
0.651859 -0.7582768 -0.009810176 276.8062 0.7583399 0.6518155 0.007562306 161.7466 0.0006601037 -0.01236901 0.9999233 -5.927675
0.6522818 -0.7579378 -0.007662224 277.6509 0.7579753 0.652229 0.008425074 162.7025 -0.001388157 -0.0113033 0.9999352 -6.005212
0.6526083 -0.7576448 -0.008758985 278.519 0.7576938 0.6525874 0.005453274 163.6808 0.001584359 -0.01019548 0.9999468 -6.002364
0.6531973 -0.7571555 -0.006981149 279.3857 0.7571874 0.6531601 0.007010952 164.6591 -0.0007485731 -0.009865573 0.9999511 -6.059074
0.6530969 -0.7572343 -0.007786397 280.2562 0.7572733 0.6530787 0.00504447 165.6386 0.001265284 -0.009190958 0.999957 -6.070523
0.6523294 -0.7579031 -0.007013919 281.1135 0.7579352 0.6522925 0.006971824 166.6294 -0.0007088399 -0.009864022 0.9999511 -6.107808
0.6514231 -0.7586734 -0.007913604 281.9855 0.7587146 0.6513851 0.007043789 167.6245 -0.0001891316 -0.01059265 0.9999439 -6.143695
0.650372 -0.759572 -0.008159753 282.836 0.7596158 0.6503283 0.007549596 168.6115 -0.0004279446 -0.01110832 0.9999382 -6.170802
0.6494504 -0.7603337 -0.0103307 283.7111 0.7604031 0.6494093 0.007383839 169.6082 0.001094675 -0.01265094 0.9999194 -6.19521
0.6487663 -0.7609262 -0.009675782 284.5859 0.7609872 0.6487283 0.007087928 170.6209 0.000883562 -0.01196156 0.9999281 -6.227211
0.6476728 -0.7618349 -0.01129919 285.4689 0.7619143 0.647648 0.006229178 171.6177 0.002572292 -0.01264348 0.9999167 -6.255742
0.6467165 -0.7626637 -0.01009265 286.3272 0.7627295 0.6466798 0.006993139 172.6308 0.001193299 -0.01222054 0.9999246 -6.296277
0.6463022 -0.7629877 -0.01196426 287.2183 0.7630752 0.6462812 0.006066964 173.6564 0.00310326 -0.01305072 0.99991 -6.311456
0.645555 -0.7635999 -0.01318668 288.0855 0.7637087 0.6455176 0.007494912 174.677 0.002789122 -0.01490916 0.999885 -6.354898
0.6444899 -0.7644458 -0.01597924 288.9675 0.7645921 0.6444855 0.006113842 175.7066 0.005624688 -0.01615791 0.9998536 -6.376141
