1.0 0.0 0.0 0.0 0.0 1.0 0.0 0.0 0.0 0.0 1.0 0.0
0.9999966 -0.00248412 0.0007602677 1.450795 0.002484357 0.9999969 -0.0003107602 0.02833194 -0.0007594933 0.0003126479 0.9999996 0.001785849
0.9999915 -0.003681384 0.001835858 2.617234 0.003681496 0.9999933 -5.754312e-05 0.01633863 -0.001835634 6.430134e-05 0.9999983 -0.02375564
0.9999883 -0.004758622 0.0008483144 3.776603 0.004760043 0.9999872 -0.001681453 -0.009096701 -0.0008403023 0.001685471 0.9999982 -0.05188682
0.9999871 -0.00488698 0.001393075 4.915916 0.004885627 0.9999876 0.0009723552 -0.01482987 -0.00139781 -0.0009655366 0.9999986 -0.06891856
0.9999825 -0.005384066 0.002443506 6.033082 0.005380872 0.9999846 0.001312039 -0.03536367 -0.002450533 -0.001298868 0.9999961 -0.1068425
0.9999837 -0.005087011 0.00260916 7.149941 0.005083103 0.9999861 0.001502083 -0.03917905 -0.002616764 -0.001488796 0.9999955 -0.09581297
0.9999832 -0.005403072 0.002101088 8.266047 0.005402938 0.9999856 6.939622e-05 -0.0476817 -0.002101432 -5.804301e-05 0.9999978 -0.1451534
0.9999771 -0.005070137 0.004491624 9.384005 0.005067213 0.999987 0.000662132 -0.04800055 -0.004494923 -0.0006393568 0.9999897 -0.1514092
0.9999778 -0.005270324 0.004082027 10.50445 0.0052646 0.9999852 0.001411616 -0.06254426 -0.004089406 -0.001390095 0.9999907 -0.1680882
0.9999713 -0.005269993 0.005445075 11.60677 0.005257373 0.9999834 0.002329397 -0.07629249 -0.005457261 -0.002300704 0.9999825 -0.2057313
0.9999813 -0.004294396 0.004349986 12.70168 0.004277186 0.9999831 0.003958236 -0.09119146 -0.00436691 -0.003939557 0.9999827 -0.2209541
0.9999818 -0.003313132 0.005041112 13.8169 0.00329146 0.9999853 0.00430128 -0.1039351 -0.005055289 -0.00428461 0.9999781 -0.2493764
0.9999882 -0.001965448 0.00444269 14.92915 0.001935544 0.9999756 0.006725349 -0.1164118 -0.0044558 -0.00671667 0.9999675 -0.2818074
0.999989 -0.0008624874 0.004616011 16.0415 0.0008213989 0.9999602 0.008895814 -0.1326076 -0.0046235 -0.008891925 0.9999498 -0.3018448
0.9999934 -3.59864e-05 0.003614566 17.14855 6.120717e-08 0.9999505 0.009938513 -0.1447701 -0.003614746 -0.009938448 0.9999441 -0.3339943
0.9999934 0.002153171 0.002917923 18.26836 -0.002183157 0.9999443 0.01031247 -0.1626861 -0.002895556 -0.01031877 0.9999425 -0.369274
0.9999906 0.003819966 0.002071508 19.38544 -0.003842994 0.9999297 0.01122911 -0.1731083 -0.002028468 -0.01123696 0.9999348 -0.395191
0.9999861 0.005229772 0.0007130454 20.49858 -0.005237553 0.9999216 0.01138599 -0.1986826 -0.0006534433 -0.01138956 0.9999349 -0.4338507
0.9999692 0.007847349 0.0003190236 21.61468 -0.00785054 0.9999011 0.01167433 -0.2203138 -0.0002273794 -0.01167648 0.9999318 -0.4609807
0.9999468 0.01025137 -0.00108831 22.74827 -0.0102364 0.9998636 0.01296816 -0.2483903 0.001221103 -0.01295633 0.9999153 -0.4901076
0.9999291 0.01189923 0.000311971 23.86732 -0.01190241 0.9998333 0.01384818 -0.2743864 -0.0001471362 -0.01385091 0.999904 -0.5297772
0.9999112 0.01328451 -0.001016622 24.99409 -0.01326692 0.9997886 0.01569687 -0.3074133 0.001224932 -0.01568199 0.9998763 -0.5602286
0.9998798 0.01550233 -0.0001583838 26.14016 -0.01549785 0.9997532 0.01590609 -0.3458335 0.0004049262 -0.01590172 0.9998735 -0.5924611
0.9998568 0.01691885 -0.0003973669 27.27353 -0.01690974 0.9997145 0.01687812 -0.3839663 0.0006828118 -0.01686898 0.9998575 -0.6296851
0.9998255 0.01867356 -0.0004696605 28.42264 -0.01866333 0.999691 0.01642246 -0.4135613 0.000776181 -0.01641083 0.9998651 -0.6688128
0.999797 0.0201459 0.0002228314 29.57895 -0.02014677 0.9996519 0.01703062 -0.4530548 0.0001203433 -0.01703165 0.9998549 -0.7062217
0.9997547 0.02214614 -0.0001114294 30.74816 -0.0221412 0.9996157 0.01668428 -0.4906513 0.0004808789 -0.01667772 0.9998608 -0.7378681
0.9997175 0.02376489 0.0005047626 31.91465 -0.02377005 0.9995711 0.01710225 -0.5328485 -9.811315e-05 -0.01710941 0.9998536 -0.7854011
0.9996763 0.02544191 -0.0002710515 33.07534 -0.02543324 0.9995226 0.01753725 -0.5795626 0.0007171032 -0.01752467 0.9998462 -0.8135766
0.9996271 0.02730625 0.0001173356 34.25768 -0.02730423 0.9994791 0.01720547 -0.6237649 0.0003525424 -0.01720226 0.9998519 -0.8614842
0.9995789 0.02901762 -3.81429e-05 35.4432 -0.02901279 0.9994349 0.01697256 -0.6730623 0.0005306246 -0.01696431 0.9998559 -0.8999612
0.9995438 0.03019752 0.0005020133 36.62193 -0.03020169 0.9994092 0.0163956 -0.7138492 -6.610295e-06 -0.01640328 0.9998655 -0.9372091
0.9994633 0.03275821 0.0003400604 37.82795 -0.03275933 0.999325 0.01661287 -0.7815426 0.0002043769 -0.01661509 0.999862 -0.9773837
0.999375 0.03533811 0.0009014694 39.02161 -0.03534787 0.9992541 0.01555303 -0.8296735 -0.0003511822 -0.01557517 0.9998786 -1.010417
0.9993002 0.03740194 0.0005444856 40.23421 -0.0374059 0.9991864 0.01508491 -0.9020323 2.016255e-05 -0.01509473 0.9998861 -1.055187
0.9992288 0.03923035 0.001648062 41.44559 -0.03924981 0.9991289 0.01417077 -0.963197 -0.001090702 -0.01422453 0.9998983 -1.08421
0.999175 0.04058893 0.001412068 42.65365 -0.04060533 0.9990671 0.01469645 -1.023877 -0.0008142373 -0.01474166 0.999891 -1.129926
0.9990953 0.0424915 0.001736157 43.8788 -0.0425125 0.9989873 0.01472631 -1.094751 -0.001108656 -0.01478679 0.99989 -1.158521
0.9990558 0.04340267 0.001915567 45.10695 -0.04342685 0.9989407 0.01522058 -1.160877 -0.001252923 -0.0152894 0.9998823 -1.199029
0.9989909 0.04480941 0.003059224 46.3413 -0.04485273 0.9988658 0.01597564 -1.220227 -0.002339895 -0.01609674 0.9998677 -1.234286
0.9990085 0.04435915 0.003786395 47.58477 -0.04441722 0.9988692 0.01695236 -1.296514 -0.003030121 -0.01710373 0.9998491 -1.270871
0.9989951 0.04460077 0.004413319 48.83511 -0.04467005 0.9988555 0.0170938 -1.369027 -0.003645872 -0.01727376 0.9998441 -1.313617
0.9989888 0.044645 0.005307466 50.09422 -0.0447261 0.9988662 0.01629621 -1.436024 -0.004573905 -0.01651711 0.9998531 -1.349782
0.998974 0.04513605 0.003712196 51.36332 -0.04518907 0.9988546 0.01571536 -1.515309 -0.002998616 -0.01586699 0.9998696 -1.400487
0.9989876 0.04471342 0.004959589 52.62709 -0.04479032 0.9988574 0.01666205 -1.586663 -0.004208905 -0.01686732 0.9998489 -1.434678
0.9989701 0.04528143 0.002894399 53.89717 -0.04532745 0.9988 0.01854554 -1.664392 -0.002051158 -0.01865763 0.9998238 -1.491524
0.998952 0.04576894 0.0001723071 55.18829 -0.04576374 0.9987662 0.01928718 -1.739326 0.0007106591 -0.01927485 0.999814 -1.523349
0.9989192 0.04642641 -0.002242073 56.47562 -0.04637676 0.9987504 0.01862526 -1.807228 0.003103975 -0.01850115 0.999824 -1.569106
0.9988533 0.04768028 -0.004323601 57.77429 -0.04759682 0.9987099 0.01769844 -1.888016 0.005161889 -0.01747235 0.999834 -1.609173
0.9988056 0.04846456 -0.006200543 59.05929 -0.04834808 0.9986732 0.01772669 -1.962702 0.007051433 -0.01740574 0.9998236 -1.659882
0.998692 0.05058958 -0.007417256 60.38197 -0.05043875 0.9985411 0.0192794 -2.044836 0.008381771 -0.01888006 0.9997866 -1.696714
0.9985816 0.05241503 -0.009348623 61.715 -0.05223604 0.9984641 0.0184595 -2.128079 0.01030182 -0.01794498 0.9997859 -1.734637
0.9985206 0.0537126 -0.008466901 63.01655 -0.05354722 0.9983907 0.01867934 -2.207702 0.00945659 -0.01819832 0.9997897 -1.785079
0.9984186 0.05542657 -0.009394594 64.36828 -0.05525358 0.9983143 0.01776882 -2.299177 0.01036362 -0.01722164 0.999798 -1.827531
0.9983063 0.05733347 -0.009864459 65.69508 -0.05714653 0.9981983 0.01828993 -2.392466 0.01089531 -0.01769524 0.9997841 -1.877986
0.9980907 0.06062438 -0.01181299 67.03375 -0.06041151 0.9980181 0.01761325 -2.504389 0.01285737 -0.01686598 0.9997751 -1.915054
0.9979077 0.06338973 -0.01272574 68.39206 -0.06314885 0.9978323 0.01851334 -2.60522 0.01387171 -0.01767099 0.9997476 -1.957128
0.9976597 0.06667328 -0.01515965 69.72948 -0.06639451 0.9976274 0.01820421 -2.700127 0.01633741 -0.01715509 0.9997194 -2.009187
0.9974866 0.0691521 -0.01544254 71.09823 -0.06886773 0.9974588 0.01824495 -2.809102 0.01666497 -0.0171356 0.9997143 -2.053883
0.9973105 0.07161605 -0.01558604 72.45935 -0.07134022 0.997297 0.01758745 -2.917812 0.01680345 -0.01642824 0.9997239 -2.097913
0.9971731 0.07316435 -0.01711061 73.83879 -0.07286345 0.9971865 0.01759399 -3.038662 0.01834973 -0.01629751 0.9996988 -2.153116
0.9970421 0.07522757 -0.01574209 75.20567 -0.07496025 0.9970427 0.01693335 -3.152274 0.01696939 -0.01570323 0.9997327 -2.195135
0.996955 0.07610796 -0.01698139 76.56197 -0.07583 0.9969852 0.01645368 -3.270088 0.01818244 -0.01511588 0.9997204 -2.246735
0.9968548 0.07732753 -0.01734515 77.93559 -0.07706306 0.9969066 0.01543092 -3.387754 0.01848473 -0.01404572 0.9997305 -2.282486
0.9966859 0.07931446 -0.01806717 79.30112 -0.0790734 0.9967748 0.01368842 -3.510474 0.01909459 -0.01221442 0.999743 -2.331777
0.9966092 0.08004085 -0.01906526 80.67894 -0.07980242 0.9967266 0.01295601 -3.634637 0.02003986 -0.01139062 0.9997343 -2.381549
0.996488 0.08136097 -0.01980313 82.05116 -0.08112024 0.9966238 0.01267153 -3.769254 0.02076724 -0.0110206 0.9997236 -2.411052
0.9963777 0.0825765 -0.02031366 83.41447 -0.08230938 0.9965132 0.01365328 -3.896728 0.02137027 -0.01193182 0.9997004 -2.463139
0.9962838 0.08385997 -0.01964756 84.7767 -0.08358894 0.9963986 0.01423371 -4.026102 0.02077044 -0.0125385 0.9997057 -2.496541
0.9961687 0.08502891 -0.02044619 86.14742 -0.08475124 0.9963027 0.01408528 -4.156186 0.02156825 -0.01229847 0.9996917 -2.542746
0.9960939 0.08609132 -0.01962425 87.51114 -0.08580781 0.9962008 0.01485987 -4.291841 0.020829 -0.01311791 0.999697 -2.586362
0.9959362 0.08797135 -0.01929114 88.88668 -0.0876878 0.9960338 0.01508406 -4.427151 0.02054159 -0.01333116 0.9997001 -2.627676
0.9958966 0.0886007 -0.01843381 90.26373 -0.08829241 0.9959509 0.01691639 -4.569507 0.01985797 -0.01521941 0.999687 -2.676235
0.9958304 0.08945475 -0.01787664 91.63357 -0.08915003 0.9958701 0.01717314 -4.70102 0.01933903 -0.01550783 0.9996927 -2.723706
0.995806 0.08983392 -0.01732487 93.00032 -0.08953365 0.9958321 0.01739303 -4.843627 0.01881514 -0.01576892 0.9996986 -2.776896
0.9958079 0.08993056 -0.01670779 94.36978 -0.08965725 0.995837 0.01644587 -4.98822 0.01811722 -0.01487895 0.9997252 -2.813622
0.9956831 0.09124258 -0.01702691 95.73857 -0.09096861 0.9957217 0.01622725 -5.131285 0.01843468 -0.01460828 0.9997233 -2.869226
0.9956761 0.09161694 -0.01534244 97.11073 -0.091368 0.9956853 0.01621023 -5.272258 0.01676137 -0.01473833 0.9997509 -2.918542
0.9955983 0.09245202 -0.0153867 98.46319 -0.09219682 0.9956033 0.01654324 -5.412898 0.01684851 -0.01505182 0.9997448 -2.963628
0.9955626 0.09296247 -0.01459993 99.8239 -0.09272519 0.9955605 0.0161675 -5.548676 0.01603808 -0.01474197 0.9997627 -3.022635
0.9955078 0.09347175 -0.01507139 101.169 -0.09322968 0.9955153 0.01603648 -5.698981 0.01650276 -0.01455934 0.9997578 -3.062275
0.9954805 0.09390381 -0.01416691 102.5141 -0.09367165 0.9954705 0.01624807 -5.831715 0.0156285 -0.0148476 0.9997676 -3.116617
0.99546 0.09413701 -0.01405809 103.8658 -0.09388901 0.9954311 0.01736771 -5.97296 0.01562881 -0.01596896 0.9997503 -3.160579
0.995346 0.09527826 -0.01443567 105.203 -0.09501883 0.9953181 0.0177037 -6.120083 0.01605486 -0.01624965 0.9997391 -3.21526
0.9951409 0.09728082 -0.01520217 106.558 -0.09699366 0.995111 0.0186073 -6.262496 0.01693798 -0.01704237 0.9997113 -3.265616
0.9949806 0.09887418 -0.01541068 107.9004 -0.09858663 0.994958 0.01842024 -6.413256 0.01715426 -0.0168085 0.9997116 -3.316473
0.9947662 0.1009988 -0.01547466 109.2363 -0.1007006 0.9947358 0.01897183 -6.569507 0.01730933 -0.01731423 0.9997002 -3.36452
0.9947089 0.1018003 -0.01381837 110.5736 -0.101525 0.9946446 0.01934981 -6.718988 0.01571419 -0.01784452 0.9997173 -3.410372
0.9946213 0.1027231 -0.01328558 111.9242 -0.1024495 0.99454 0.01985731 -6.87686 0.01525285 -0.0183894 0.9997146 -3.460897
0.9945657 0.1032804 -0.01312526 113.2743 -0.1030099 0.9944824 0.01984653 -7.0353 0.0151026 -0.01838664 0.9997169 -3.510794
0.9945851 0.1032837 -0.01153113 114.6188 -0.1030372 0.9944714 0.02024704 -7.18892 0.01355857 -0.01894927 0.9997285 -3.559932
0.9945553 0.1032967 -0.01376722 115.9767 -0.1030039 0.9944695 0.0205103 -7.34132 0.01580973 -0.01898055 0.9996948 -3.613223
0.9945697 0.1033592 -0.01216731 117.3394 -0.1030787 0.9944347 0.02178316 -7.502511 0.01435109 -0.02041068 0.9996887 -3.661721
0.9945245 0.1034497 -0.01480536 118.6907 -0.1030944 0.9944049 0.02302979 -7.656944 0.01710495 -0.02137734 0.9996251 -3.731818
0.9945855 0.1030429 -0.01348938 120.0542 -0.1027039 0.9944274 0.02378524 -7.804667 0.01586511 -0.02227104 0.9996261 -3.764525
0.9945245 0.1033875 -0.01523307 121.4333 -0.103015 0.9944023 0.02349318 -7.968071 0.0175767 -0.02179531 0.9996079 -3.832346
0.9945124 0.1035788 -0.014716 122.8019 -0.10324 0.9944092 0.02217343 -8.123602 0.01693043 -0.02053246 0.9996458 -3.886176
0.9944912 0.1036784 -0.01543233 124.1799 -0.103325 0.9944006 0.02216627 -8.281731 0.01764408 -0.02044962 0.9996352 -3.939718
0.994455 0.1040232 -0.01544359 125.5551 -0.1036772 0.9943736 0.02173245 -8.441443 0.01761737 -0.0200108 0.9996445 -3.997794
0.9944254 0.1041621 -0.01638189 126.9475 -0.1037748 0.9943362 0.02294498 -8.602448 0.0186791 -0.02111704 0.9996025 -4.044241
0.9943376 0.1046973 -0.01820244 128.328 -0.1042494 0.994261 0.02402456 -8.759065 0.02061328 -0.02199093 0.9995456 -4.110036
0.9942231 0.1054874 -0.0198228 129.7297 -0.1049999 0.9941775 0.024208 -8.918428 0.02226102 -0.02198676 0.9995104 -4.161632
0.9941341 0.1062104 -0.02041361 131.1209 -0.105732 0.994123 0.02324004 -9.077796 0.02276198 -0.02094534 0.9995215 -4.221232
0.9940348 0.1072254 -0.01993609 132.5299 -0.1067742 0.9940295 0.02246713 -9.245567 0.02222611 -0.02020445 0.9995488 -4.280256
0.9939789 0.1077915 -0.01967143 133.9303 -0.1073841 0.994002 0.0207125 -9.422525 0.02178607 -0.01847539 0.9995919 -4.322072
0.9938509 0.108961 -0.01969168 135.3445 -0.1085863 0.9939018 0.01919141 -9.592495 0.0216627 -0.01693515 0.9996219 -4.37633
0.9938184 0.1094916 -0.0183445 136.7417 -0.1091281 0.993831 0.01977099 -9.757275 0.02039609 -0.01764687 0.9996362 -4.429308
0.9936542 0.1110965 -0.01757478 138.1562 -0.1106998 0.9936075 0.02212927 -9.936091 0.01992092 -0.02004332 0.9996006 -4.485055
0.9935622 0.1119402 -0.01742362 139.5584 -0.1115214 0.9934865 0.02339558 -10.10546 0.01992904 -0.02130185 0.9995744 -4.550735
0.9934463 0.1129651 -0.01741751 140.9739 -0.1125659 0.9933915 0.02241121 -10.28178 0.01983409 -0.02030372 0.9995971 -4.596804
0.9933175 0.1141232 -0.01721284 142.3875 -0.1137187 0.9932492 0.02288547 -10.46851 0.0197084 -0.02077512 0.9995899 -4.655119
0.993167 0.1152115 -0.01858979 143.8102 -0.1147595 0.9931084 0.0237857 -10.6458 0.02120207 -0.02148981 0.9995442 -4.714206
0.9930552 0.1163688 -0.01731282 145.2272 -0.115922 0.9929463 0.02489808 -10.82853 0.02008806 -0.02271823 0.9995401 -4.775998
0.9929886 0.1170157 -0.01676033 146.6576 -0.1165694 0.9928547 0.02551142 -11.00856 0.01962581 -0.02337881 0.999534 -4.831816
0.9929793 0.1173971 -0.01449134 148.0777 -0.1170114 0.9928136 0.02508774 -11.20202 0.01733243 -0.02321595 0.9995802 -4.88238
0.9929309 0.1181484 -0.01136809 149.5046 -0.1178041 0.9926623 0.02727287 -11.38942 0.01450692 -0.02574087 0.9995634 -4.954055
0.9928806 0.1187269 -0.009587863 150.9393 -0.1184213 0.9925733 0.02783736 -11.58752 0.0128217 -0.02650377 0.9995665 -5.003871
0.9927329 0.1201583 -0.006591791 152.3701 -0.1199185 0.9923542 0.02920528 -11.77474 0.01005065 -0.02820257 0.9995517 -5.093428
0.9927326 0.1202678 -0.004190031 153.8053 -0.120112 0.9923905 0.02709839 -11.97073 0.007417212 -0.02639819 0.999624 -5.136872
0.9926708 0.1208485 -0.0004779737 155.2267 -0.120789 0.9922916 0.02769555 -12.16619 0.003821255 -0.02743483 0.9996163 -5.221754
0.9926978 0.1206272 0.0002875212 156.6588 -0.1205938 0.9923618 0.02598571 -12.3512 0.002849257 -0.02583063 0.9996623 -5.266896
0.9925171 0.1220906 0.001915408 158.0957 -0.1220988 0.9921739 0.02613018 -12.54517 0.001289831 -0.02616852 0.9996567 -5.359215
0.9924492 0.122646 0.00161261 159.5142 -0.1226484 0.9921447 0.02462697 -12.74329 0.001420457 -0.0246388 0.9996954 -5.398499
0.9921425 0.1250695 0.003303369 160.9444 -0.125113 0.9918293 0.02492506 -12.94349 -0.0001590131 -0.0251425 0.9996839 -5.48736
0.9919259 0.1267869 0.002843258 162.3651 -0.1268186 0.991642 0.02372675 -13.15131 0.0001887458 -0.02389575 0.9997144 -5.528557
0.991718 0.1283635 0.0042673 163.7856 -0.1284278 0.991456 0.02282905 -13.35206 -0.001300425 -0.02318802 0.9997303 -5.593138
0.9915532 0.1296139 0.004733565 165.2063 -0.1296867 0.9913174 0.02170058 -13.55772 -0.001879769 -0.02213116 0.9997533 -5.646971
0.9911739 0.1323729 0.007189075 166.6196 -0.1325018 0.990935 0.02216012 -13.76925 -0.004190505 -0.0229171 0.9997286 -5.705544
0.9908727 0.1345695 0.007889885 168.0306 -0.1347232 0.9905891 0.02413663 -13.9833 -0.004567582 -0.02497928 0.9996775 -5.770917
0.9905198 0.1372718 0.005200001 169.4305 -0.1373595 0.9902066 0.0249647 -14.18852 -0.001722126 -0.02544229 0.9996748 -5.835537
0.9901249 0.1400822 0.005444943 170.8441 -0.1401748 0.9898171 0.0247617 -14.40594 -0.001920824 -0.02528042 0.9996786 -5.90877
0.9896485 0.1434983 0.002026256 172.2365 -0.1435046 0.9893466 0.02448278 -14.62687 0.001508567 -0.02452013 0.9996982 -5.950948
0.9890298 0.147685 0.003030942 173.6347 -0.1477143 0.9887087 0.02521533 -14.83957 0.0007272053 -0.02538642 0.9996774 -6.032531
0.9885737 0.1507364 0.0007794913 175.0166 -0.1507114 0.9882857 0.02403697 -15.07707 0.002852886 -0.0238798 0.9997107 -6.083399
0.9881276 0.1536213 0.002071706 176.4082 -0.1536298 0.9878887 0.02176834 -15.30723 0.001297465 -0.02182817 0.9997609 -6.137795
0.9876136 0.156884 0.002630882 177.7895 -0.1569039 0.9873742 0.021753 -15.54191 0.000815031 -0.02189635 0.9997599 -6.204462
0.9871334 0.1598437 0.004206902 179.1589 -0.1598976 0.9868948 0.02170991 -15.77595 -0.0006815793 -0.02210324 0.9997554 -6.248046
0.9864734 0.1638757 0.003875103 180.5325 -0.1639215 0.9862121 0.02270527 -16.0226 -0.0001008307 -0.02303336 0.9997347 -6.312435
0.9858117 0.167696 0.007311528 181.8883 -0.1678213 0.9855531 0.0228296 -16.27529 -0.003377466 -0.02373272 0.9997126 -6.373471
0.9851087 0.171704 0.008862739 183.267 -0.1718605 0.9848791 0.02183829 -16.52925 -0.004979006 -0.02303625 0.9997222 -6.416224
0.984373 0.1757189 0.01152021 184.6203 -0.1759358 0.984161 0.0217672 -16.78744 -0.007512832 -0.02345386 0.9996967 -6.491641
0.9834887 0.1804357 0.01388758 185.9685 -0.1807112 0.9832876 0.02212222 -17.05882 -0.009663842 -0.02426659 0.9996588 -6.533235
0.9824759 0.1858879 0.01366368 187.3046 -0.1861603 0.9822615 0.02250655 -17.33723 -0.009237615 -0.02465578 0.9996533 -6.596422
0.9814289 0.1911912 0.01559956 188.6374 -0.1914992 0.9812579 0.02146824 -17.61208 -0.01120265 -0.02405685 0.9996478 -6.656759
0.980419 0.1962409 0.01637226 189.9469 -0.1965513 0.9802856 0.02018611 -17.89156 -0.01208815 -0.02300883 0.9996622 -6.703662
0.9793019 0.2016461 0.01751316 191.2637 -0.2019991 0.9791501 0.02148647 -18.17324 -0.01281535 -0.02457939 0.9996157 -6.779774
0.9782018 0.2069407 0.01722738 192.5677 -0.2072894 0.9780372 0.0217742 -18.47048 -0.01234305 -0.02487062 0.9996145 -6.817995
0.9771243 0.2119804 0.01709883 193.8327 -0.2123459 0.9769111 0.02353197 -18.76383 -0.01171573 -0.02662453 0.9995769 -6.889339
0.9761802 0.2162941 0.01700106 195.0945 -0.2166716 0.975927 0.0248958 -19.05331 -0.01120698 -0.02798643 0.9995455 -6.944308
0.9751791 0.2207234 0.01751693 196.3272 -0.221127 0.9748982 0.02601214 -19.35627 -0.01133573 -0.02923997 0.9995081 -7.003752
0.9742917 0.22459 0.01775054 197.5527 -0.2249985 0.974014 0.02593353 -19.65717 -0.01146486 -0.02926066 0.9995061 -7.071258
0.9739348 0.2260141 0.01920084 198.7512 -0.2264617 0.9736812 0.02568347 -19.94414 -0.01289067 -0.02936228 0.9994857 -7.125461
0.973392 0.2284492 0.01786379 199.9296 -0.2288578 0.9731193 0.02575077 -20.24653 -0.01150085 -0.02915386 0.9995088 -7.199319
0.9727857 0.2310246 0.01776427 201.071 -0.2314059 0.9725683 0.02371037 -20.53975 -0.01179929 -0.02717586 0.999561 -7.243323
0.9723688 0.2327184 0.0184692 202.1954 -0.2331207 0.9721545 0.02388484 -20.8163 -0.01239647 -0.02753043 0.9995441 -7.309021
0.9717182 0.2353523 0.01931442 203.2891 -0.235775 0.9715186 0.02369934 -21.09771 -0.01318662 -0.02758294 0.9995325 -7.364606
0.9710555 0.2380605 0.01945181 204.3688 -0.2385076 0.9708105 0.02531518 -21.38568 -0.01285748 -0.02922185 0.9994903 -7.410305
0.9705292 0.2402138 0.0192456 205.4235 -0.2406811 0.970215 0.02748709 -21.65312 -0.01206959 -0.03130908 0.9994369 -7.478519
0.9698219 0.2431587 0.01786705 206.4572 -0.2436053 0.9694189 0.02972512 -21.92909 -0.01009273 -0.03318058 0.9993984 -7.530945
0.9687849 0.247441 0.01512307 207.4799 -0.2477999 0.9683361 0.03033743 -22.20271 -0.007137494 -0.03313794 0.9994253 -7.587418
0.967092 0.2541549 0.01176323 208.4803 -0.2544017 0.9666138 0.03061927 -22.48558 -0.003588463 -0.03260423 0.9994619 -7.639913
0.9647731 0.2629474 0.008465219 209.4755 -0.2630836 0.9642633 0.0313562 -22.76118 8.233171e-05 -0.03247868 0.9994724 -7.700441
0.9619521 0.273125 0.00713491 210.4602 -0.273212 0.9614263 0.0318579 -23.05571 0.001841499 -0.03259512 0.999467 -7.744586
0.9592899 0.2823244 0.00747036 211.4567 -0.2824157 0.9587353 0.0326728 -23.3545 0.002062229 -0.03345243 0.9994382 -7.799195
0.957179 0.289305 0.01053272 212.4424 -0.2894964 0.9565991 0.03331514 -23.68159 -0.0004373481 -0.03493774 0.9993894 -7.845804
0.9560364 0.2929821 0.01248771 213.4161 -0.2932391 0.9554741 0.0328632 -23.9875 -0.002303349 -0.0350803 0.9993818 -7.89747
0.9553083 0.29526 0.01441073 214.3966 -0.2955783 0.9547955 0.03161336 -24.30589 -0.004425141 -0.03446001 0.9993963 -7.964901
0.9551833 0.2956991 0.01367609 215.3716 -0.2959899 0.954685 0.03108981 -24.61916 -0.003863133 -0.03374445 0.999423 -8.011772
0.9551263 0.2959155 0.01294952 216.3396 -0.2961821 0.9546229 0.03116585 -24.92432 -0.003139446 -0.03360274 0.9994304 -8.079
0.9551284 0.2959721 0.01141174 217.3115 -0.2961883 0.9545989 0.03183347 -25.2395 -0.001471817 -0.03378508 0.999428 -8.121892
0.955312 0.2954078 0.01064528 218.2739 -0.2955986 0.954779 0.03190864 -25.54946 -0.0007378277 -0.03362944 0.9994341 -8.164315
0.9558783 0.2935288 0.01173084 219.2602 -0.2937558 0.955373 0.03113824 -25.85627 -0.00206736 -0.03321037 0.9994463 -8.223856
0.956449 0.2917367 0.009746494 220.2271 -0.2918991 0.9559641 0.03045687 -26.1639 -0.0004319143 -0.03197543 0.9994885 -8.27209
0.9570822 0.2896592 0.009546634 221.193 -0.2898159 0.9566252 0.029581 -26.46639 -0.0005641384 -0.03107822 0.9995168 -8.324849
0.9575175 0.2882536 0.008373874 222.1725 -0.2883746 0.9570487 0.02996193 -26.78004 0.0006224297 -0.03110388 0.999516 -8.372255
0.9580322 0.2865599 0.007601404 223.1502 -0.2866563 0.9575332 0.03095492 -27.09004 0.001591844 -0.0318348 0.9994919 -8.416754
0.9584249 0.2852616 0.00689487 224.1517 -0.2853346 0.9579049 0.03165632 -27.38857 0.002425704 -0.03230756 0.999475 -8.466154
0.9587449 0.2842151 0.005486894 225.1422 -0.2842439 0.9582329 0.03154856 -27.695 0.003708853 -0.03180663 0.9994872 -8.518418
0.959148 0.2828768 0.003971042 226.1388 -0.2828574 0.9586366 0.03174642 -28.00184 0.005173539 -0.03157275 0.9994881 -8.570575
0.9590917 0.2830917 0.00149842 227.1487 -0.2829949 0.9585955 0.03175574 -28.31042 0.007553407 -0.03088071 0.9994946 -8.622863
0.9588799 0.283812 5.429238e-05 228.1648 -0.2836679 0.9583871 0.03203953 -28.62379 0.009041168 -0.03073746 0.9994866 -8.67077
0.9587127 0.2843745 -0.001039477 229.182 -0.2842023 0.9582472 0.03148445 -28.94011 0.009949453 -0.02988912 0.9995037 -8.719396
0.958679 0.2844894 -0.0005916259 230.2234 -0.2843294 0.9582057 0.03159671 -29.26321 0.009555828 -0.03012289 0.9995005 -8.765696
0.9585661 0.2848588 -0.002562968 231.2534 -0.284638 0.9581089 0.03175662 -29.57976 0.01150175 -0.0297113 0.9994923 -8.816905
0.9583975 0.2854329 -0.001505719 232.2928 -0.2852427 0.9579269 0.03182291 -29.90609 0.01052567 -0.0300695 0.9994924 -8.868581
0.9583153 0.2857098 -0.00133928 233.3487 -0.2855081 0.9577953 0.03336546 -30.23406 0.01081559 -0.03159225 0.9994423 -8.919765
0.9581359 0.2863106 -0.001362914 234.3991 -0.2861046 0.9576068 0.03366514 -30.55592 0.01094382 -0.03186584 0.9994323 -8.979947
0.9579816 0.2868286 -0.0007326868 235.4639 -0.2866313 0.9574112 0.0347338 -30.90216 0.01066413 -0.03306434 0.9993963 -9.026577
0.957741 0.2876271 -0.001702498 236.5245 -0.2873887 0.9571571 0.03547081 -31.23049 0.01183192 -0.03348257 0.9993693 -9.09067
0.9574022 0.2887578 -0.0002159048 237.6079 -0.2885617 0.956779 0.03613937 -31.58447 0.0106421 -0.03453761 0.9993467 -9.135599
0.957216 0.2893732 -0.0009076158 238.6906 -0.2891263 0.9565198 0.03841775 -31.92517 0.01198522 -0.03651167 0.9992614 -9.201317
0.9570071 0.2900614 0.001316041 239.7831 -0.2898887 0.9562597 0.03913928 -32.26433 0.01009432 -0.03783807 0.9992329 -9.265034
0.9566489 0.2912382 0.001763113 240.8777 -0.2910701 0.9558526 0.04029664 -32.62653 0.01005065 -0.03906292 0.9991862 -9.312579
0.9564085 0.2920214 0.002502972 241.9861 -0.2918927 0.9556522 0.03908496 -32.97528 0.009021672 -0.03811179 0.9992328 -9.390924
0.9562734 0.2924515 0.003655523 243.0854 -0.2923667 0.9555079 0.03906935 -33.32455 0.007933007 -0.03842973 0.9992298 -9.437103
0.956153 0.2928409 0.003940107 244.208 -0.2927749 0.9554262 0.03799885 -33.69731 0.007363136 -0.03748628 0.99927 -9.514177
0.9560543 0.2931431 0.005213042 245.332 -0.2931339 0.9553761 0.03645217 -34.05907 0.005705286 -0.03637837 0.9993218 -9.565716
0.9559387 0.2935422 0.003756484 246.4602 -0.2934934 0.9553381 0.03450288 -34.41706 0.00653934 -0.03408514 0.9993975 -9.632861
0.9559034 0.2936573 0.003748106 247.5998 -0.2936154 0.9553413 0.03336421 -34.77938 0.006216923 -0.03299346 0.9994363 -9.69353
0.9559207 0.2936236 0.0009082691 248.7419 -0.2934929 0.9553933 0.03294563 -35.13471 0.00880586 -0.03175998 0.9994567 -9.757914
0.9558787 0.2937599 0.0009612022 249.8739 -0.29364 0.9553843 0.03188493 -35.50969 0.008448199 -0.03076038 0.9994911 -9.812507
0.9557742 0.2941015 -0.0001867488 251.0188 -0.2939436 0.9552815 0.03216148 -35.86864 0.009637138 -0.03068422 0.9994827 -9.870186
0.9557582 0.2941524 0.0008159583 252.1636 -0.2940102 0.9552023 0.03385707 -36.23258 0.009179734 -0.03259907 0.9994264 -9.93463
0.9558272 0.2939289 0.0003116438 253.3188 -0.2937512 0.9552114 0.03579768 -36.60348 0.01022429 -0.03430795 0.999359 -9.993658
0.9558135 0.2939731 -0.0005068439 254.4791 -0.2937684 0.9552096 0.03570366 -36.98323 0.01098006 -0.03397714 0.9993623 -10.05773
0.9557893 0.2940419 -0.002476362 255.6414 -0.2937966 0.9552754 0.03365261 -37.35719 0.01226089 -0.03143726 0.9994305 -10.11744
0.9558 0.2940134 -0.001561719 256.8209 -0.2938209 0.9553416 0.03149084 -37.7418 0.0107507 -0.02964008 0.9995028 -10.16719
0.9557655 0.2941296 -0.0002018972 257.9939 -0.2939668 0.955259 0.03261689 -38.11763 0.009786455 -0.03111475 0.9994679 -10.23368
0.9557124 0.294302 5.390029e-05 259.1834 -0.2941391 0.9551773 0.03344288 -38.50229 0.009790822 -0.03197763 0.9994406 -10.28196
0.9555731 0.2947519 -0.001166 260.3819 -0.2945612 0.9550833 0.03240049 -38.88688 0.01066373 -0.03061758 0.9994743 -10.36123
0.9554608 0.2951159 0.001072441 261.5831 -0.2949962 0.9549564 0.03217834 -39.27794 0.008472205 -0.03106151 0.9994816 -10.41028
0.955138 0.2961594 0.0009722137 262.7924 -0.2960297 0.9546118 0.03290656 -39.66578 0.0088175 -0.03171811 0.999458 -10.47486
0.9547961 0.2972548 -0.001987192 263.9966 -0.2970293 0.9542933 0.03313328 -40.05325 0.01174539 -0.03104527 0.999449 -10.54199
0.9542091 0.2990709 -0.006447659 265.2083 -0.2987275 0.9538027 0.03196908 -40.44086 0.01571082 -0.0285791 0.9994681 -10.60434
0.9538174 0.3003005 -0.007201263 266.4306 -0.2999381 0.9534286 0.03179526 -40.83329 0.01641402 -0.02816694 0.9994684 -10.66901
0.9529814 0.3028168 -0.01133446 267.6495 -0.302321 0.9526449 0.03270438 -41.23092 0.02070116 -0.02774002 0.9994008 -10.73101
0.9527128 0.3036833 -0.01071219 268.8647 -0.3031561 0.9522955 0.03506239 -41.62442 0.02084904 -0.03015692 0.9993277 -10.79682
0.9526348 0.303997 -0.008538228 270.0838 -0.3035092 0.9521304 0.03646496 -42.02554 0.01921474 -0.03214635 0.9992985 -10.84896
0.9526243 0.304014 -0.009082939 271.3051 -0.3034891 0.9520985 0.03745627 -42.43286 0.02003508 -0.03292518 0.999257 -10.93355
0.9527971 0.3035107 -0.007673686 272.5284 -0.3030354 0.9522486 0.03731254 -42.84048 0.01863201 -0.03322588 0.9992742 -11.00519
0.9528576 0.3033091 -0.008121919 273.7407 -0.3028296 0.9523355 0.03676329 -43.24647 0.01888543 -0.03257063 0.999291 -11.0709
0.952968 0.3029721 -0.007735888 274.9696 -0.3025265 0.9524755 0.03561227 -43.64452 0.01815777 -0.03159704 0.9993358 -11.14338
0.9530507 0.3027314 -0.006927998 276.1956 -0.30231 0.9525409 0.03569925 -44.04774 0.01740649 -0.03192879 0.9993386 -11.20907
0.9531057 0.3025999 -0.004768066 277.4188 -0.3022678 0.952602 0.03440681 -44.45438 0.01495356 -0.0313521 0.9993966 -11.27787
0.9533187 0.3019419 -0.003822022 278.6454 -0.3016462 0.9528148 0.03396158 -44.85734 0.0138961 -0.03122331 0.9994158 -11.34475
0.953393 0.3017243 -0.002037855 279.8696 -0.3014719 0.9528321 0.03501362 -45.26615 0.01250619 -0.03276739 0.9993848 -11.42165
0.9535474 0.3012298 -0.002805938 281.1177 -0.3009385 0.9529612 0.03607072 -45.68055 0.01353953 -0.03355072 0.9993453 -11.49388
0.9535294 0.3012886 -0.002601593 282.3436 -0.300999 0.9529276 0.03645112 -46.08315 0.01346144 -0.03397414 0.9993321 -11.56591
0.9536639 0.3008596 -0.00294472 283.5764 -0.3005466 0.9530369 0.03731126 -46.48883 0.01403188 -0.03469737 0.9992993 -11.63302
0.9538893 0.3001177 -0.00494904 284.8028 -0.2997171 0.953251 0.0384992 -46.88403 0.01627197 -0.03524066 0.9992464 -11.71149
0.9538736 0.3001739 -0.004568797 286.0285 -0.2997757 0.9532045 0.03918825 -47.28227 0.01611829 -0.03601102 0.9992214 -11.77376
0.9540085 0.2997416 -0.004781274 287.2726 -0.299363 0.953402 0.03750357 -47.6873 0.01579985 -0.03434738 0.999285 -11.85893
0.9540889 0.299521 -0.001240166 288.5033 -0.2992995 0.953527 0.03473058 -48.09179 0.01158507 -0.03276487 0.999396 -11.91265
0.9540904 0.2995181 0.0006925077 289.732 -0.2993677 0.9535329 0.03397468 -48.49667 0.009515703 -0.03262223 0.9994224 -11.98804
0.9542871 0.2988611 0.004252693 290.9583 -0.2988161 0.9536308 0.03601501 -48.90128 0.006707988 -0.03563944 0.9993422 -12.04681
0.9542655 0.29884 0.008488023 292.1792 -0.2989426 0.9535117 0.0380614 -49.30257 0.003280842 -0.03885812 0.9992393 -12.12364
0.9542052 0.2990769 0.006748253 293.4141 -0.2991051 0.9534055 0.03942113 -49.70617 0.005356126 -0.03963428 0.9991999 -12.20651
0.9541646 0.2990278 0.01234386 294.6295 -0.2992825 0.9533513 0.03938742 -50.10601 9.901356e-06 -0.04127638 0.9991478 -12.26686
0.9540666 0.2994561 0.00910205 295.8593 -0.2995739 0.9532053 0.04068425 -50.52035 0.003507024 -0.04154222 0.9991306 -12.34697
0.9540932 0.2991861 0.01392285 297.0808 -0.2995055 0.9533008 0.03891123 -50.91893 -0.001630961 -0.04129491 0.9991457 -12.41101
0.9538554 0.3000742 0.01074046 298.3014 -0.3002603 0.9529992 0.04045168 -51.32025 0.001902855 -0.04180999 0.9991238 -12.51771
0.9539472 0.2996854 0.01316348 299.5344 -0.2999732 0.9531455 0.03910879 -51.71721 -0.0008263802 -0.04125642 0.9991482 -12.56467
0.954002 0.2997695 0.004290609 300.7754 -0.2996873 0.9531524 0.04108626 -52.12513 0.008226804 -0.04048222 0.9991464 -12.64237
0.9538995 0.3000437 0.007033573 302.0164 -0.3000968 0.9532164 0.03633806 -52.53199 0.004198493 -0.03677362 0.9993148 -12.69137
0.9537622 0.3005444 0.003280937 303.2556 -0.3004492 0.953047 0.0378384 -52.93769 0.008245232 -0.03707459 0.9992785 -12.78242
0.9537992 0.3003519 0.007473854 304.5113 -0.300425 0.9531553 0.03521202 -53.34326 0.003452253 -0.03583053 0.9993519 -12.8444
0.9537769 0.3003993 0.008356106 305.7473 -0.300498 0.9530526 0.03730363 -53.75478 0.003242177 -0.03809034 0.9992691 -12.9053
0.9537427 0.3004211 0.01104575 307.0156 -0.300624 0.9530615 0.03604061 -54.17675 0.0003000777 -0.03769409 0.9992893 -12.97273
0.9536649 0.3007457 0.008673452 308.2857 -0.3008476 0.9528371 0.03990337 -54.59475 0.003736381 -0.04066382 0.9991659 -13.0586
0.9536788 0.3007511 0.006738533 309.5494 -0.3007838 0.9529262 0.03821733 -55.00094 0.005072579 -0.0384739 0.9992467 -13.12288
0.9534166 0.3016094 0.005330313 310.8112 -0.3015865 0.9526659 0.03838237 -55.42176 0.006498476 -0.03820194 0.9992489 -13.20105
0.9535431 0.3012478 0.00232113 312.1154 -0.3011292 0.9528869 0.03643842 -55.84807 0.008765221 -0.03544456 0.9993332 -13.26957
0.953604 0.3010381 0.003948342 313.3859 -0.3009732 0.9529126 0.03704984 -56.26388 0.007390988 -0.03651922 0.9993056 -13.3458
0.9536493 0.3008685 0.005575839 314.6716 -0.300858 0.9529115 0.03799946 -56.69218 0.006119561 -0.0379157 0.9992622 -13.40681
0.9537764 0.300476 0.004969511 315.9706 -0.3004352 0.9530003 0.03910368 -57.11947 0.00701377 -0.03878918 0.9992228 -13.47272
0.9541587 0.29927 0.004317389 317.2744 -0.2991937 0.9533305 0.04054661 -57.5319 0.008018487 -0.03997964 0.9991683 -13.55892
0.954143 0.2993337 0.003242643 318.5651 -0.2992154 0.9533277 0.04045555 -57.96416 0.009018408 -0.03957063 0.9991761 -13.62194
0.9544444 0.2983862 0.001247834 319.879 -0.2981805 0.9536134 0.04135074 -58.39212 0.01114854 -0.03983906 0.9991439 -13.70732
0.9544013 0.298521 0.001845465 321.1875 -0.2983454 0.9535879 0.04074316 -58.82113 0.01040288 -0.03943591 0.9991679 -13.78431
0.9546577 0.2976996 0.001907799 322.5131 -0.2975141 0.9537936 0.04198986 -59.24329 0.01068072 -0.04065354 0.9991162 -13.86474
0.9547802 0.2972802 0.00437409 323.8216 -0.2971887 0.953855 0.04288663 -59.67795 0.008577101 -0.04224724 0.9990703 -13.94555
0.9548327 0.2970803 0.006145836 325.1647 -0.2970447 0.9537754 0.04557766 -60.12137 0.007678479 -0.04534463 0.9989419 -14.01752
0.9551096 0.2961905 0.006069438 326.4926 -0.2961457 0.9540137 0.04642946 -60.55196 0.007961636 -0.04614266 0.9989032 -14.12002
0.9552963 0.2955348 0.008257433 327.8245 -0.2955882 0.9541522 0.04713053 -60.98117 0.006049863 -0.04746442 0.9988546 -14.2025
0.9554654 0.2950306 0.006536436 329.1494 -0.2949987 0.9543048 0.04772823 -61.41072 0.007843536 -0.04753092 0.998839 -14.29811
0.9554803 0.2949305 0.008569147 330.4995 -0.2949945 0.9542938 0.04797353 -61.85032 0.005971371 -0.04836562 0.9988118 -14.39393
0.9553913 0.2951896 0.009517142 331.843 -0.2953072 0.9542782 0.04633211 -62.29437 0.004594753 -0.04707577 0.9988807 -14.47072
0.9552607 0.295458 0.01347726 333.2092 -0.295764 0.9541332 0.04641002 -62.74456 0.000853112 -0.04831976 0.9988316 -14.55363
0.9553657 0.2950771 0.01434942 334.5698 -0.2954258 0.9542643 0.04586281 -63.19003 -0.000160072 -0.04805494 0.9988447 -14.6442
0.9553236 0.2951668 0.01527445 335.9191 -0.2955613 0.9541311 0.04772042 -63.62548 -0.0004883423 -0.05010298 0.998744 -14.7431
0.9551752 0.2956627 0.01496285 337.2849 -0.2960405 0.9540489 0.04637583 -64.07528 -0.0005636909 -0.04872665 0.998812 -14.83622
0.955043 0.2960197 0.01628673 338.6537 -0.2964622 0.9539101 0.04654132 -64.51625 -0.00175893 -0.04927736 0.9987836 -14.92493
0.9550555 0.2960356 0.01522749 340.0276 -0.2964256 0.9539459 0.04603096 -64.9628 -0.000899395 -0.04847594 0.9988239 -15.02258
0.9549215 0.2964288 0.01596646 341.3817 -0.2968573 0.9536889 0.04851092 -65.40175 -0.0008469964 -0.05106388 0.998695 -15.09279
0.9550878 0.2961068 0.01131853 342.7616 -0.2962941 0.9537642 0.05043393 -65.8406 0.004138623 -0.05152244 0.9986632 -15.19667
0.9550322 0.2962928 0.01113662 344.1365 -0.2964614 0.9536071 0.05238587 -66.2887 0.004901594 -0.05333177 0.9985648 -15.28673
0.9550704 0.2963241 0.005697289 345.5316 -0.2961973 0.9536359 0.0533422 -66.7363 0.01037344 -0.05263309 0.99856 -15.39866
0.9549947 0.2965235 0.00768466 346.9229 -0.296504 0.9535571 0.05305038 -67.19477 0.008402918 -0.05294136 0.9985623 -15.48457
0.9550431 0.2963887 0.006809395 348.3084 -0.2963185 0.9535865 0.05355593 -67.6481 0.009380028 -0.05316597 0.9985417 -15.5813
0.9551589 0.2959259 0.009962883 349.7056 -0.2960173 0.953609 0.05480473 -68.10749 0.006717442 -0.05529641 0.9984474 -15.69923
0.9550769 0.2961091 0.01214694 351.0908 -0.2963247 0.9535511 0.05415198 -68.5575 0.004452164 -0.05531874 0.9984588 -15.79269
0.9549311 0.2965708 0.0123416 352.4946 -0.2967972 0.9534136 0.0539776 -69.01558 0.004241534 -0.05520784 0.9984659 -15.90029
0.9550288 0.2962913 0.01146503 353.8931 -0.2964449 0.9532664 0.05834228 -69.46102 0.006357087 -0.0591173 0.9982308 -16.02163
0.9548621 0.296988 0.006038135 355.2999 -0.2967572 0.9528245 0.06372359 -69.92087 0.01317186 -0.06263909 0.9979493 -16.1322
0.954674 0.2976532 0.0004446143 356.7025 -0.2970771 0.9527314 0.06362553 -70.36343 0.01851474 -0.06087372 0.9979737 -16.24479
0.9548619 0.2970492 0.0006702291 358.1265 -0.296522 0.9530281 0.06174503 -70.81841 0.01770256 -0.05915672 0.9980918 -16.36458
0.9549519 0.2967587 -0.001083961 359.5613 -0.2961402 0.9531851 0.06114857 -71.28609 0.01917958 -0.05807294 0.9981281 -16.47767
0.9548184 0.2971884 -0.0008808561 360.9673 -0.2965718 0.9530199 0.06162852 -71.75175 0.01915476 -0.05858281 0.9980988 -16.59217
0.9548407 0.2971184 3.601331e-05 362.3761 -0.2965438 0.9529864 0.0622795 -72.2077 0.01847006 -0.05947768 0.9980587 -16.7085
0.9548349 0.2971359 0.0006698333 363.7971 -0.296598 0.9529659 0.0623333 -72.67339 0.01788314 -0.05971669 0.9980552 -16.83102
0.9549173 0.2968436 0.00411502 365.2194 -0.2965067 0.9529629 0.06281529 -73.13815 0.01472485 -0.06120354 0.9980167 -16.92904
0.9548023 0.2971453 0.007565952 366.6549 -0.2970003 0.9526927 0.06455672 -73.60716 0.0119747 -0.06388599 0.9978853 -17.06206
0.954746 0.2973185 0.007857296 368.087 -0.2971703 0.9525166 0.06634831 -74.07837 0.01224238 -0.06568074 0.9977656 -17.17961
0.9546568 0.2976364 0.006556625 369.4984 -0.2973644 0.9522629 0.06906406 -74.53574 0.01431235 -0.06788217 0.9975907 -17.31419
0.9543981 0.2984452 0.007403445 370.9469 -0.2982166 0.9519321 0.06994438 -75.00616 0.01382698 -0.06896262 0.9975234 -17.45045
0.9542895 0.2988186 0.006247148 372.3846 -0.298497 0.9517828 0.07077482 -75.47605 0.01520291 -0.06940442 0.9974728 -17.57335
0.9541734 0.2992054 0.005411981 373.8062 -0.2988018 0.9515806 0.07219122 -75.93928 0.01645007 -0.07050006 0.9973761 -17.717
0.95425 0.2989141 0.007568678 375.244 -0.2986607 0.9516073 0.07242403 -76.41896 0.01444615 -0.0713711 0.9973452 -17.85
0.9540502 0.2995234 0.008594369 376.6748 -0.2993542 0.9514599 0.07149055 -76.87502 0.01323589 -0.07077833 0.9974043 -17.9837
0.9538762 0.3000596 0.009188566 378.1209 -0.2999488 0.9513781 0.07007446 -77.36034 0.01228471 -0.06959846 0.9974995 -18.11185
0.9539153 0.2999373 0.00912142 379.5709 -0.2998107 0.9513537 0.07098958 -77.8354 0.01261473 -0.07045275 0.9974353 -18.24854
0.9537724 0.3003642 0.009982207 381.0014 -0.3003053 0.9512494 0.07029631 -78.30363 0.01161893 -0.07004439 0.9974762 -18.38191
0.9536384 0.3007936 0.009847419 382.4481 -0.3007325 0.9511667 0.06958278 -78.78473 0.01156352 -0.06931825 0.9975276 -18.50903
0.9536454 0.3007547 0.01034389 383.8987 -0.3007209 0.9511224 0.07023536 -79.25923 0.01128531 -0.07009026 0.9974768 -18.64568
0.9533959 0.3015741 0.009451293 385.346 -0.3014671 0.9508346 0.07093017 -79.73392 0.01240408 -0.07047379 0.9974365 -18.77652
0.9530904 0.3025908 0.007577349 386.7826 -0.3023528 0.9505699 0.07070872 -80.20866 0.01419301 -0.06968284 0.9974682 -18.90696
0.9528936 0.3032141 0.007423515 388.2331 -0.3029455 0.9502877 0.07195422 -80.68822 0.01476306 -0.07081363 0.9973803 -19.02494
0.9526005 0.3041663 0.005923111 389.6805 -0.3037829 0.9499911 0.07233991 -81.17076 0.01637646 -0.07071038 0.9973624 -19.17648
0.9522223 0.3052277 0.01042129 391.134 -0.3051535 0.9494959 0.07306652 -81.65854 0.01240695 -0.07275566 0.9972726 -19.30596
0.952049 0.3057285 0.01152592 392.5621 -0.3057227 0.9492416 0.07398669 -82.13875 0.01167896 -0.07396268 0.9971926 -19.44816
0.9514588 0.3073982 0.01525064 393.9902 -0.3076544 0.9485198 0.07522508 -82.62301 0.008658522 -0.07626549 0.9970499 -19.58882
0.9506682 0.3098768 0.01436365 395.4296 -0.3100626 0.9477743 0.07473251 -83.1189 0.009544377 -0.07549946 0.9971002 -19.72733
0.9497951 0.3125049 0.01516666 396.8535 -0.3127436 0.9468945 0.07471567 -83.60103 0.008987783 -0.07570785 0.9970895 -19.8726
0.9481728 0.3174632 0.01361989 398.2621 -0.3175732 0.9453086 0.07442372 -84.09483 0.01075179 -0.07489185 0.9971337 -20.01116
0.9467217 0.3218814 0.01051033 399.6856 -0.3217795 0.9440693 0.07204926 -84.5946 0.01326884 -0.0715926 0.9973457 -20.15979
