1.0 0.0 0.0 0.0 0.0 1.0 0.0 0.0 0.0 0.0 1.0 0.0
0.9994376 -0.03346577 -0.002123419 0.6027523 0.0334663 0.9994398 0.000219348 0.0758054 0.002114889 -0.0002902876 0.9999977 -0.02193807
0.9985538 -0.05370483 -0.002494317 0.9484509 0.05370748 0.9985561 0.001006314 0.1069944 0.002436671 -0.001138822 0.9999964 -0.02026474
0.9972488 -0.07407929 -0.00265868 1.300575 0.0740857 0.9972491 0.002398605 0.1577193 0.002473679 -0.002588977 0.9999936 -0.03606533
0.9955359 -0.09429444 -0.004119107 1.653844 0.09430124 0.9955428 0.001486008 0.2091863 0.003960624 -0.001867811 0.9999904 -0.05047289
0.9935435 -0.1133923 -0.003674298 2.002923 0.1133994 0.9935478 0.001779443 0.2603113 0.003448816 -0.002184617 0.9999917 -0.04567279
0.9912673 -0.1317728 -0.005008014 2.344551 0.131778 0.991279 0.0007160194 0.3123853 0.004869987 -0.001369712 0.9999872 -0.06368972
0.9888045 -0.1490833 -0.006304404 2.686573 0.1490863 0.9888244 9.461946e-07 0.3715874 0.006233806 -0.0009408355 0.9999802 -0.07549064
0.9863733 -0.1644127 -0.00601885 3.02226 0.1644133 0.9863915 -0.0003930285 0.4355878 0.006001561 -0.0006019063 0.9999818 -0.07708069
0.9838049 -0.1790821 -0.007578771 3.352177 0.1790753 0.983834 -0.001583745 0.5025781 0.007739874 0.0002009253 0.99997 -0.0788695
0.9811875 -0.1928719 -0.008452172 3.696325 0.1928601 0.9812237 -0.002194091 0.5684582 0.008716651 0.0005227271 0.9999619 -0.09411823
0.9787447 -0.2049011 -0.008621826 4.019472 0.2048935 0.9787827 -0.001772272 0.6339165 0.008802035 -3.195362e-05 0.9999613 -0.1004743
0.9765971 -0.2149006 -0.008702702 4.347275 0.2149051 0.9766349 -0.000426253 0.7080118 0.008590964 -0.001453978 0.999962 -0.1079397
0.9748747 -0.222572 -0.008999566 4.678412 0.2225877 0.9749123 0.0007618768 0.7838367 0.008604215 -0.002745927 0.9999592 -0.1119936
0.9730538 -0.2302518 -0.01226236 5.016984 0.2302614 0.9731287 -0.0006428952 0.8597304 0.01208088 -0.002197977 0.9999246 -0.1226131
0.971732 -0.2358091 -0.01144415 5.33319 0.2358037 0.971799 -0.001842897 0.9392551 0.01155599 -0.0009077711 0.9999328 -0.102581
0.9698572 -0.2434102 -0.01133181 5.670521 0.2434068 0.9699228 -0.001704147 1.020885 0.01140579 -0.001105459 0.9999343 -0.111689
0.9678639 -0.2512518 -0.01058277 5.98254 0.2512448 0.9679216 -0.001999517 1.105285 0.01074568 -0.0007236068 0.999942 -0.1301722
0.9659385 -0.2584639 -0.01261821 6.307908 0.2584611 0.9660199 -0.001886037 1.193851 0.01267691 -0.00143952 0.9999186 -0.1504214
0.9645716 -0.2633801 -0.0152495 6.629278 0.2633802 0.9646901 -0.002041308 1.286353 0.01524868 -0.002047427 0.9998816 -0.1562961
0.9640698 -0.2650513 -0.01780932 6.949495 0.2650552 0.9642308 -0.002180865 1.368468 0.01775034 -0.002617948 0.999839 -0.1628932
0.9641811 -0.2646902 -0.01714678 7.269678 0.264677 0.9643322 -0.003077762 1.441099 0.01734985 -0.00157084 0.9998482 -0.1604549
0.9650895 -0.261308 -0.01790123 7.590895 0.261299 0.9652537 -0.002882482 1.507943 0.01803244 -0.001895721 0.9998356 -0.1744543
0.9659088 -0.2580316 -0.02097133 7.912878 0.2580303 0.9661328 -0.002811864 1.583211 0.02098664 -0.002695235 0.9997761 -0.1837422
0.9674061 -0.2521873 -0.02295632 8.247127 0.2521864 0.9676741 -0.002980306 1.668415 0.02296583 -0.002906105 0.999732 -0.1764211
0.9694387 -0.2440507 -0.02505588 8.567084 0.2440262 0.9697599 -0.004078206 1.739107 0.02529348 -0.002160721 0.9996777 -0.1884296
0.9715274 -0.235527 -0.02572005 8.905399 0.235443 0.9718678 -0.006290266 1.808424 0.02647801 5.555991e-05 0.9996494 -0.1808925
0.9738058 -0.2256305 -0.02816165 9.239909 0.2254462 0.9742084 -0.009596827 1.878627 0.02960065 0.002996508 0.9995573 -0.2064126
0.9760228 -0.2155847 -0.03004346 9.585481 0.2153131 0.9764708 -0.01204002 1.941108 0.03193221 0.005282584 0.9994761 -0.2069483
0.9781642 -0.2049836 -0.0343011 9.915575 0.2045929 0.9787385 -0.01457504 1.998359 0.03655946 0.007239026 0.9993052 -0.2186871
0.9803049 -0.1935153 -0.03942246 10.26438 0.1929777 0.9810549 -0.01705024 2.060429 0.04197508 0.009106778 0.9990771 -0.2265047
0.9824119 -0.1819143 -0.0421189 10.61501 0.18127 0.9832562 -0.01867314 2.117319 0.04481057 0.01070982 0.9989381 -0.2071994
0.984517 -0.1702335 -0.04179523 10.94241 0.1695455 0.985329 -0.01951435 2.161267 0.04450405 0.01212601 0.9989356 -0.2094535
0.9861856 -0.1601764 -0.04220671 11.29552 0.159478 0.98701 -0.01944753 2.205273 0.04477348 0.01244783 0.9989196 -0.2121776
0.9876718 -0.1506322 -0.04259491 11.64903 0.1499508 0.988515 -0.01878195 2.255189 0.04493488 0.01216326 0.9989159 -0.221821
0.9887457 -0.142372 -0.04595742 12.00313 0.1416762 0.9897482 -0.018074 2.304912 0.0480595 0.01135952 0.9987799 -0.2268543
0.9901178 -0.1337737 -0.04208742 12.34349 0.1331517 0.9909453 -0.01726247 2.341127 0.04401559 0.01148786 0.9989648 -0.2058077
0.9912997 -0.1251164 -0.04087354 12.69063 0.1246507 0.9921052 -0.01376031 2.371927 0.0422725 0.008545677 0.9990696 -0.2120758
0.9924424 -0.1163636 -0.03895541 13.04843 0.1160402 0.9931895 -0.01046921 2.397074 0.03990833 0.005869697 0.9991861 -0.2231071
0.9933372 -0.108398 -0.0391289 13.4018 0.1082226 0.9941049 -0.006581924 2.437642 0.0396117 0.00230344 0.9992125 -0.2042171
0.9941485 -0.1014911 -0.03699172 13.76575 0.1012877 0.9948303 -0.007337226 2.457283 0.03754514 0.003547486 0.9992886 -0.1922939
0.9950774 -0.09443042 -0.03006314 14.13945 0.09418982 0.9955107 -0.009324547 2.477983 0.03080869 0.006447006 0.9995045 -0.1844386
0.9957892 -0.08827931 -0.02470889 14.50387 0.08803986 0.9960603 -0.01061854 2.494394 0.02554894 0.008398465 0.9996383 -0.213046
0.9963214 -0.08300187 -0.02131332 14.87711 0.08279248 0.9965112 -0.01052728 2.51929 0.02211274 0.008723977 0.9997174 -0.2187526
0.9967301 -0.0780433 -0.02093737 15.24541 0.07785889 0.9969193 -0.009484331 2.537665 0.02161305 0.007823157 0.9997358 -0.2392099
0.9972953 -0.07096167 -0.01914611 15.61749 0.07081909 0.997457 -0.008025357 2.556739 0.01966692 0.00664774 0.9997845 -0.2264344
0.997934 -0.06283426 -0.01339604 15.98485 0.06275914 0.9980109 -0.005955796 2.55567 0.01374362 0.005102768 0.9998925 -0.2195736
0.9983062 -0.05794688 -0.005179317 16.34789 0.05792528 0.9983119 -0.004227268 2.564743 0.005415531 0.003920095 0.9999776 -0.2014299
0.9983814 -0.05659821 0.005580399 16.7035 0.05660482 0.9983962 -0.001033868 2.568125 -0.005512934 0.001348072 0.9999839 -0.21659
0.9981642 -0.05953036 0.01115194 17.04942 0.05951173 0.9982258 0.00199572 2.584466 -0.01125096 -0.001328385 0.9999358 -0.2454583
0.9976341 -0.06740784 0.01350869 17.40876 0.06735071 0.9977186 0.004641102 2.61422 -0.01379072 -0.003720302 0.999898 -0.2492056
0.9967641 -0.07935599 0.01280554 17.74936 0.07928564 0.9968344 0.005911477 2.668072 -0.01323411 -0.004877052 0.9999005 -0.2583132
0.9956399 -0.09236393 0.01304239 18.0901 0.09232295 0.9957222 0.003711181 2.708827 -0.01332938 -0.002490888 0.999908 -0.2473311
0.9939201 -0.1090229 0.01538863 18.40424 0.1090094 0.9940392 0.001719801 2.773802 -0.0154844 -3.183901e-05 0.9998801 -0.2497644
0.9915713 -0.1283719 0.01752146 18.74027 0.1283797 0.991725 0.0006855487 2.830029 -0.01746447 0.001569628 0.9998463 -0.2524919
0.9883104 -0.1515681 0.01642082 19.0504 0.151578 0.9884452 0.0006444688 2.911345 -0.01632876 0.0018521 0.9998649 -0.2746364
0.9845414 -0.1746645 0.0130606 19.37558 0.1747071 0.9846181 -0.002191191 2.995092 -0.01247698 0.004439098 0.9999123 -0.2954288
0.9802883 -0.1974219 0.007711402 19.66529 0.1974522 0.9803066 -0.003376083 3.079681 -0.006893026 0.004832168 0.9999646 -0.3151647
0.975296 -0.2208604 0.00429205 19.95187 0.220874 0.9752976 -0.003024775 3.179125 -0.003517974 0.003898053 0.9999862 -0.3040764
0.9697998 -0.2438936 0.002055205 20.24035 0.2438973 0.9697993 -0.001818174 3.272866 -0.001549696 0.002264523 0.9999962 -0.3043006
0.9629503 -0.2696112 0.006046725 20.54259 0.2696157 0.9629681 9.319594e-05 3.389116 -0.00584793 0.001540549 0.9999817 -0.2457413
0.9548321 -0.2968939 0.01223703 20.82204 0.2969242 0.9549009 -0.0006967508 3.497743 -0.01147829 0.00429875 0.9999249 -0.2825745
0.9455901 -0.3251408 0.01194912 21.10088 0.3251911 0.945645 -0.002482201 3.595093 -0.01049256 0.006232891 0.9999256 -0.3137497
0.9351218 -0.3542342 0.008078009 21.36982 0.3542811 0.9351238 -0.005335181 3.748283 -0.005664034 0.00785093 0.9999532 -0.3334406
0.9237177 -0.3830611 0.003118497 21.63665 0.383073 0.9236685 -0.009567048 3.888133 0.000784306 0.01003186 0.9999494 -0.3395951
0.9112396 -0.4118702 -0.002334876 21.88303 0.4118102 0.9111798 -0.01280301 4.041827 0.00740067 0.01070509 0.9999153 -0.3299207
0.8984348 -0.439091 -0.003756035 22.11874 0.4390005 0.8983722 -0.01434665 4.187566 0.0096738 0.01124062 0.99989 -0.3273057
0.8841133 -0.4672406 -0.005461027 22.33978 0.4671125 0.884056 -0.01583606 4.340578 0.01222711 0.01144996 0.9998597 -0.3233786
0.869434 -0.4940279 -0.004582962 22.55742 0.4938814 0.8693433 -0.01798979 4.485865 0.01287162 0.0133775 0.9998277 -0.3256713
0.8542209 -0.5198551 -0.007564745 22.75675 0.5196331 0.8541502 -0.02021799 4.628587 0.01697185 0.01333974 0.999767 -0.3431818
0.8390727 -0.5439145 -0.01067409 22.94397 0.5436235 0.8390492 -0.02167901 4.787963 0.02074762 0.01238758 0.999708 -0.3442238
0.8232188 -0.5676185 -0.0109602 23.11357 0.5672832 0.8231868 -0.02352438 4.928055 0.02237517 0.01314818 0.9996632 -0.3260494
0.8075085 -0.5898058 -0.007685902 23.27375 0.5895166 0.8074175 -0.02339138 5.062472 0.0200021 0.01435777 0.9996969 -0.3248346
0.7910758 -0.6116934 -0.005493563 23.41637 0.6114706 0.7909793 -0.02133885 5.201118 0.01739813 0.01352149 0.9997572 -0.3246739
0.7728288 -0.6345894 -0.005656507 23.53949 0.6343743 0.7727506 -0.02062705 5.345355 0.01746078 0.01235284 0.9997712 -0.3378415
0.7531583 -0.6577752 -0.009188806 23.65921 0.6575197 0.7531544 -0.02065218 5.49335 0.02050508 0.009512544 0.9997445 -0.3480369
0.7327349 -0.6803943 -0.01277673 23.76669 0.6800644 0.7328039 -0.02259611 5.637112 0.02473711 0.007867957 0.9996631 -0.3477446
0.7117478 -0.7022916 -0.01419674 23.86937 0.7019515 0.7118624 -0.02271666 5.76965 0.02605985 0.00620311 0.9996411 -0.3359886
0.6908329 -0.7228881 -0.01352092 23.96573 0.7225165 0.6909304 -0.02419145 5.92161 0.02682973 0.006943163 0.9996159 -0.3269873
0.669503 -0.7426541 -0.01518539 24.05215 0.7422602 0.669654 -0.02476172 6.052242 0.02855835 0.005306535 0.9995781 -0.3355535
0.6478127 -0.761656 -0.01478941 24.13258 0.7612403 0.6479589 -0.02573818 6.189744 0.02918657 0.005415231 0.9995593 -0.3284425
0.6268923 -0.7789394 -0.01611322 24.21417 0.7784721 0.6270825 -0.02736726 6.313818 0.03142175 0.004612639 0.9994956 -0.3373685
0.6077905 -0.7938968 -0.01785151 24.27673 0.7933433 0.6080394 -0.02991049 6.447653 0.03460026 0.004016937 0.9993932 -0.3346483
0.5885762 -0.8081793 -0.02059679 24.34643 0.8075503 0.5889324 -0.03195497 6.56989 0.03795547 0.002174987 0.9992771 -0.3391134
0.5701964 -0.8211969 -0.0226195 24.40806 0.8205216 0.5706447 -0.03330109 6.690741 0.04025445 0.0004283786 0.9991894 -0.3321492
0.553896 -0.8321803 -0.02598362 24.45456 0.831471 0.5544993 -0.03444389 6.813271 0.04307143 -0.0025263 0.9990688 -0.3314623
0.5388131 -0.8419901 -0.02707694 24.50804 0.841263 0.5394797 -0.03519007 6.927561 0.04423714 -0.003817955 0.9990138 -0.3220963
0.526696 -0.8495589 -0.02899776 24.55978 0.8486989 0.5274757 -0.03846554 7.031031 0.04797436 -0.004350718 0.9988391 -0.3176267
0.5168949 -0.8555105 -0.0303562 24.61596 0.8545983 0.5177579 -0.03985539 7.129377 0.04981387 -0.00534131 0.9987442 -0.3172843
0.5086351 -0.8604307 -0.03081298 24.67238 0.8595675 0.5095249 -0.03909296 7.244153 0.04933676 -0.006601783 0.9987604 -0.3024922
0.5031133 -0.8636567 -0.03121312 24.72385 0.8628259 0.5040246 -0.03860846 7.327252 0.04907664 -0.007507066 0.9987668 -0.3010567
0.5008548 -0.8650067 -0.03013159 24.78123 0.8641938 0.5017123 -0.0381302 7.405275 0.04810026 -0.006941833 0.9988184 -0.2972705
0.4998828 -0.8655959 -0.02934304 24.82647 0.8647937 0.5007013 -0.0378136 7.485953 0.04742339 -0.006473316 0.9988539 -0.3023824
0.4991378 -0.8660842 -0.02756113 24.89833 0.8652822 0.4998723 -0.03760625 7.57837 0.04634722 -0.005077451 0.9989125 -0.2915871
0.4996904 -0.8657984 -0.02650828 24.94766 0.8649863 0.5003765 -0.03771205 7.662352 0.04591514 -0.004084954 0.998937 -0.2979868
0.500532 -0.8653138 -0.0264517 25.00847 0.864485 0.5012161 -0.03805633 7.745292 0.04618868 -0.003818687 0.9989254 -0.2878225
0.5010718 -0.8649203 -0.02898369 25.04845 0.8640487 0.5018802 -0.03919292 7.830847 0.04844509 -0.005404858 0.9988112 -0.2968108
0.4998918 -0.8655192 -0.03137938 25.0938 0.8646999 0.5008132 -0.03847231 7.922928 0.04901374 -0.007901753 0.9987668 -0.2871909
0.5002437 -0.8652667 -0.03270759 25.13956 0.8644476 0.5012325 -0.0386823 8.000068 0.04986461 -0.008923423 0.9987161 -0.2866182
0.5002738 -0.8652669 -0.03223923 25.18543 0.8645133 0.5012265 -0.03726583 8.063291 0.04840405 -0.009228121 0.9987852 -0.2750861
0.5011836 -0.8647297 -0.03251857 25.21955 0.8639959 0.5021454 -0.0368904 8.123881 0.04822928 -0.00960705 0.9987901 -0.279791
0.50282 -0.8637168 -0.03413486 25.25055 0.8629962 0.5038595 -0.03691949 8.187419 0.04908717 -0.0108944 0.9987351 -0.2861144
0.5049906 -0.8623498 -0.03656919 25.29997 0.8616416 0.506153 -0.03718949 8.247871 0.05057995 -0.01272919 0.9986389 -0.2791027
0.5086627 -0.860095 -0.03871558 25.33511 0.8593763 0.5099413 -0.03784682 8.316781 0.05229453 -0.01401998 0.9985333 -0.2808282
0.5139763 -0.8568677 -0.04007629 25.37313 0.8561114 0.5153356 -0.03876148 8.372743 0.0538662 -0.01438728 0.9984445 -0.2736272
0.5206323 -0.8527763 -0.04140649 25.43121 0.8520384 0.5220551 -0.038585 8.436564 0.05452086 -0.01519133 0.9983971 -0.2694096
0.5284225 -0.847885 -0.04313749 25.4918 0.8472173 0.5299174 -0.03755824 8.489574 0.05470436 -0.0167002 0.9983629 -0.2704734
0.538413 -0.8414364 -0.04578336 25.5404 0.8408124 0.5400418 -0.03727267 8.565625 0.05608752 -0.01842713 0.9982558 -0.2671892
0.5488636 -0.8344247 -0.04984124 25.60601 0.8338872 0.5507075 -0.03678934 8.627762 0.05814587 -0.02136964 0.9980794 -0.2636338
0.5613022 -0.8259043 -0.05312205 25.66016 0.8254585 0.5633141 -0.0359908 8.700234 0.05964936 -0.02364833 0.9979392 -0.2601394
0.5750821 -0.8162849 -0.05440164 25.73558 0.8159078 0.5771346 -0.03478406 8.764058 0.05979077 -0.02438304 0.9979131 -0.2487961
0.5893165 -0.8060846 -0.05416349 25.8072 0.8057211 0.591326 -0.03386435 8.828581 0.05932582 -0.02368385 0.9979576 -0.2511618
0.6059769 -0.7936572 -0.05385337 25.89083 0.7934588 0.6078745 -0.03019849 8.890955 0.05670334 -0.02443084 0.9980921 -0.2414096
0.623108 -0.7802228 -0.05467033 25.96848 0.7802097 0.6249558 -0.02651816 8.963241 0.05485661 -0.02613065 0.9981523 -0.2527629
0.6419784 -0.7645581 -0.0575728 26.05104 0.7647151 0.6439203 -0.02403406 9.035823 0.05544772 -0.02859745 0.9980519 -0.2528839
0.6611733 -0.7477716 -0.06072404 26.1496 0.7480377 0.6632631 -0.02283733 9.092086 0.05735312 -0.03032444 0.9978933 -0.2510574
0.6815947 -0.7289506 -0.0637157 26.25131 0.7292766 0.6838535 -0.02235563 9.163447 0.05986837 -0.03122889 0.9977177 -0.2456802
0.7038468 -0.708098 -0.05654116 26.36576 0.7083462 0.7056097 -0.01898823 9.254632 0.05334152 -0.02668591 0.9982197 -0.2220992
0.7240939 -0.6876876 -0.05266682 26.47344 0.6879636 0.7255777 -0.01558224 9.30856 0.04892959 -0.02494985 0.9984906 -0.2411057
0.7464947 -0.6636581 -0.04799519 26.58626 0.6639822 0.7476652 -0.01114519 9.364856 0.04328093 -0.02354813 0.9987854 -0.2365019
0.7678764 -0.6389122 -0.04644354 26.70261 0.6392179 0.7689623 -0.009882951 9.412717 0.04202766 -0.02209865 0.998872 -0.2598805
0.7881712 -0.613649 -0.0471277 26.83867 0.6140501 0.7892348 -0.007139437 9.473315 0.04157593 -0.02331167 0.9988633 -0.2580548
0.8085077 -0.5865065 -0.04822273 26.97198 0.5870025 0.8095719 -0.004625449 9.524799 0.04175263 -0.02456715 0.9988259 -0.2577677
0.8292376 -0.5570299 -0.04563563 27.10637 0.5575363 0.8301505 -0.001939476 9.602647 0.03896478 -0.02383523 0.9989563 -0.2669207
0.8486843 -0.5270674 -0.04398818 27.2453 0.5276775 0.8494405 0.002710223 9.642868 0.03593687 -0.0255117 0.9990284 -0.2626317
0.8669877 -0.4963977 -0.04383769 27.39846 0.4971287 0.8676488 0.00697061 9.681469 0.03457552 -0.0278364 0.9990144 -0.2725459
0.8846053 -0.4642781 -0.04381054 27.55636 0.4650566 0.8852347 0.009049158 9.734919 0.03458128 -0.02837931 0.9989989 -0.2700828
0.9004735 -0.4324055 -0.04661485 27.71474 0.4332229 0.9012456 0.008628756 9.771716 0.0382803 -0.02796458 0.9988757 -0.2946963
0.9163113 -0.3972736 -0.05047074 27.88969 0.3981297 0.9172959 0.007791539 9.804178 0.04320123 -0.02723337 0.9986951 -0.3005533
0.9309573 -0.3608603 -0.05566268 28.05139 0.3619139 0.9321598 0.009825005 9.853502 0.04834105 -0.02929175 0.9984013 -0.3000357
0.943569 -0.326826 -0.05350016 28.25322 0.3278697 0.9446491 0.01180882 9.886382 0.04667946 -0.02868352 0.998498 -0.2766584
0.9550196 -0.2919832 -0.05180112 28.44677 0.2930196 0.9560108 0.01352065 9.897133 0.04557463 -0.02809123 0.9985659 -0.3041757
0.9653559 -0.2562759 -0.04909929 28.65165 0.2571808 0.9662758 0.01299004 9.915669 0.04411444 -0.02516741 0.9987094 -0.2854805
0.9728918 -0.2272576 -0.04284273 28.86576 0.2280793 0.9735221 0.0153158 9.930264 0.03822771 -0.02467215 0.9989644 -0.2972213
0.9790518 -0.1982679 -0.04633931 29.09621 0.1990549 0.9799023 0.01298963 9.943872 0.04283256 -0.02194159 0.9988413 -0.3333576
0.9854084 -0.1646682 -0.04306736 29.31756 0.1652353 0.9862041 0.009932835 9.945033 0.04083759 -0.01690415 0.9990228 -0.3193571
0.9910038 -0.1268084 -0.04279296 29.55053 0.1272396 0.9918436 0.00749726 9.951697 0.04149322 -0.01287477 0.9990558 -0.3470653
0.9952608 -0.09010251 -0.03657116 29.77032 0.09045468 0.9958678 0.008089064 9.933198 0.03569119 -0.01135876 0.9992983 -0.3194901
0.9979964 -0.05266219 -0.03507059 29.98441 0.05291859 0.9985782 0.006422582 9.889526 0.0346825 -0.0082656 0.9993642 -0.3512406
0.9991485 -0.01201914 -0.03946738 30.21169 0.01217483 0.9999191 0.003706811 9.85464 0.03941963 -0.004184163 0.999214 -0.3711838
0.998566 0.029103 -0.04493175 30.44234 -0.02902831 0.999576 0.002313962 9.825735 0.04498004 -0.001006351 0.9989874 -0.3900199
0.9961343 0.07017558 -0.05283852 30.66192 -0.07033002 0.9975232 -0.001066738 9.787785 0.0526328 0.004778749 0.9986025 -0.3843501
0.992461 0.1103093 -0.0534147 30.87438 -0.1105985 0.993862 -0.002480035 9.72704 0.05281327 0.008368921 0.9985693 -0.3695523
0.9873252 0.1516745 -0.04673159 31.07335 -0.1519065 0.9883938 -0.001433284 9.64297 0.04597183 0.008513953 0.9989064 -0.3753409
0.9805694 0.1916722 -0.04177881 31.26319 -0.1917353 0.9814433 0.002526685 9.543808 0.04148784 0.005532886 0.9991237 -0.3808656
0.972042 0.2320849 -0.03564914 31.44124 -0.2319996 0.9726937 0.00656799 9.452826 0.03620003 0.001886227 0.9993428 -0.3895571
0.9622224 0.2708642 -0.02758044 31.61309 -0.2706715 0.9626139 0.01056907 9.354389 0.0294121 -0.002704558 0.9995637 -0.392596
0.9501733 0.31095 -0.02192919 31.76992 -0.3107048 0.9504048 0.01390713 9.264308 0.02516603 -0.006400682 0.9996628 -0.4167286
0.9355091 0.3530541 -0.01324769 31.93222 -0.3528264 0.9355376 0.01682998 9.157337 0.0183356 -0.01107047 0.9997706 -0.4011853
0.9180659 0.3963912 -0.005379321 32.08413 -0.3962135 0.9179313 0.020417 9.022416 0.01303097 -0.01661279 0.9997771 -0.4263045
0.8990737 0.4377353 -0.007360338 32.24387 -0.4374996 0.8989555 0.02175506 8.913353 0.01613957 -0.01633926 0.9997362 -0.4449695
0.8788891 0.4769988 -0.005105113 32.41225 -0.4767906 0.8787411 0.02201549 8.786448 0.01498744 -0.01691511 0.9997446 -0.4329556
0.8573787 0.5146704 -0.004019576 32.56338 -0.5144802 0.8572305 0.02158849 8.638184 0.01455666 -0.01644152 0.9997588 -0.4442303
0.8346918 0.5507066 0.003453526 32.71481 -0.5506459 0.834466 0.02134215 8.500136 0.008871415 -0.01971579 0.9997663 -0.4221916
0.8110243 0.5848601 0.01334784 32.84111 -0.5850101 0.8107449 0.02135811 8.32915 0.001669818 -0.02513057 0.9996828 -0.4409867
0.7871981 0.6164172 0.01867994 32.98042 -0.6166947 0.7869576 0.01963146 8.167542 -0.002599151 -0.02697367 0.9996328 -0.4541526
0.762257 0.6469943 0.01904314 33.12175 -0.6472651 0.7620741 0.01705378 7.998506 -0.003478583 -0.02532532 0.9996732 -0.476247
0.7380192 0.6745393 0.01800586 33.26818 -0.6747619 0.7379305 0.01244205 7.850837 -0.004894426 -0.02133214 0.9997604 -0.4759445
0.7131248 0.7007922 0.01853319 33.40957 -0.7010064 0.7130917 0.009489395 7.667012 -0.006565772 -0.01975901 0.9997832 -0.4890556
0.6880206 0.7254387 0.01914206 33.54357 -0.7256217 0.6880805 0.004306584 7.48626 -0.01004712 -0.01685291 0.9998075 -0.4767383
0.6654956 0.7461034 0.02110162 33.67267 -0.7462497 0.6656647 -0.001365 7.295247 -0.01506503 -0.01483867 0.9997764 -0.4678884
0.6452476 0.7636005 0.0238711 33.79076 -0.7637082 0.645532 -0.006190497 7.111271 -0.02013662 -0.01423615 0.9996959 -0.4898178
0.6238352 0.78115 0.02518525 33.89125 -0.7812175 0.6241895 -0.009318369 6.929951 -0.02299941 -0.01386203 0.9996394 -0.4820409
0.6046862 0.7960554 0.02550135 34.02267 -0.7960666 0.6050858 -0.01220946 6.748956 -0.02514992 -0.01291788 0.9996002 -0.4998149
0.5869757 0.8091992 0.02561717 34.11092 -0.8091938 0.5873919 -0.0132693 6.561676 -0.02578482 -0.01294051 0.9995838 -0.5077487
0.5720712 0.8198732 0.02328979 34.22603 -0.8197589 0.5724657 -0.01669159 6.398715 -0.02701759 -0.009543234 0.9995894 -0.5116246
0.5567247 0.830448 0.02034267 34.31828 -0.8302912 0.5570512 -0.01761874 6.213078 -0.02596335 -0.007081549 0.9996378 -0.5109901
0.5453497 0.8380084 0.01831967 34.42602 -0.8378274 0.5456303 -0.01823461 6.069715 -0.02527653 -0.005404486 0.9996659 -0.5130402
0.5333118 0.8457474 0.01702582 34.51131 -0.8455076 0.5335722 -0.02044094 5.90868 -0.02637237 -0.003494063 0.9996461 -0.509217
0.5216423 0.8530054 0.01646681 34.58861 -0.852778 0.5218898 -0.02002316 5.740034 -0.02567372 -0.003597608 0.9996639 -0.5120389
0.5125334 0.85849 0.01744524 34.66799 -0.8582746 0.5128077 -0.01982251 5.58974 -0.02596348 -0.004813103 0.9996513 -0.496904
0.5038122 0.863646 0.01699598 34.73665 -0.8634664 0.5040698 -0.01841645 5.425263 -0.02447246 -0.005397025 0.9996859 -0.5132629
0.4954249 0.8685037 0.01597809 34.80849 -0.8683096 0.495662 -0.018911 5.278437 -0.02434401 -0.00450495 0.9996935 -0.5108294
0.4900198 0.8715449 0.01703352 34.88733 -0.8713817 0.4902782 -0.01792155 5.136726 -0.0239706 -0.006060788 0.9996943 -0.519081
0.4844154 0.874683 0.0164754 34.94818 -0.8745083 0.484664 -0.01833691 4.991477 -0.02402402 -0.005525191 0.9996961 -0.5097448
0.4791397 0.8775321 0.0190438 35.02209 -0.877398 0.4794456 -0.0174607 4.852589 -0.02445279 -0.008342875 0.9996662 -0.5099374
0.4756167 0.8794428 0.01921433 35.10315 -0.8793131 0.4759266 -0.01739238 4.706554 -0.02444021 -0.008623306 0.9996641 -0.4988917
0.4732111 0.8806913 0.02131046 35.18066 -0.8806176 0.4735582 -0.0159845 4.556569 -0.02416915 -0.01120232 0.9996451 -0.5088798
0.4710687 0.8818561 0.02059625 35.24556 -0.8817989 0.471388 -0.0149765 4.416352 -0.02291594 -0.01110679 0.9996757 -0.5160919
0.4687935 0.8830889 0.01966584 35.31224 -0.8830065 0.4690989 -0.0156769 4.262533 -0.02306932 -0.01001583 0.9996837 -0.5170607
0.4703067 0.8823201 0.01796773 35.39676 -0.8822208 0.4705737 -0.01571213 4.122026 -0.02231826 -0.008461984 0.9997151 -0.520591
0.4718166 0.8815381 0.01672079 35.4763 -0.8814139 0.4720607 -0.01637612 3.98497 -0.0223294 -0.00701141 0.9997261 -0.5169466
0.4741411 0.8803115 0.01555206 35.55376 -0.8802208 0.4743463 -0.01438496 3.833424 -0.02004031 -0.006868745 0.9997756 -0.5278427
0.4782003 0.8781706 0.01186735 35.6507 -0.8780774 0.4783309 -0.01340662 3.693039 -0.01744981 -0.004009398 0.9998397 -0.5240207
0.4843192 0.874845 0.00900552 35.74671 -0.8747944 0.4843931 -0.009908685 3.557796 -0.01303078 -0.003079011 0.9999104 -0.5331986
0.4933663 0.8697798 0.008530548 35.84492 -0.8697157 0.4934356 -0.01077112 3.426607 -0.01357777 -0.002105045 0.9999056 -0.5164653
0.5031408 0.8641475 0.009913758 35.93463 -0.8641024 0.5032245 -0.00959265 3.282387 -0.01327831 -0.003740049 0.9999049 -0.5206401
0.5143197 0.8575207 0.01155235 36.0351 -0.8574828 0.5144249 -0.009499514 3.135611 -0.01408885 -0.005020157 0.9998881 -0.5173693
0.5285198 0.8487821 0.01535864 36.14402 -0.8487692 0.528681 -0.009344677 2.995854 -0.01605141 -0.008097093 0.9998384 -0.5102853
0.5449826 0.8382634 0.01756501 36.25237 -0.8382725 0.5451771 -0.009007958 2.860789 -0.01712708 -0.009815083 0.9998052 -0.5194777
0.5645402 0.8251715 0.01965277 36.3768 -0.8251868 0.5647787 -0.009578693 2.736104 -0.01900353 -0.01080964 0.999761 -0.5172191
0.5850241 0.8107996 0.01873162 36.49373 -0.810807 0.5852416 -0.009181801 2.609879 -0.01840712 -0.009816153 0.9997824 -0.5253636
0.6071427 0.7943673 0.01892713 36.61425 -0.7943634 0.6073674 -0.009563881 2.490076 -0.01909296 -0.009228379 0.9997751 -0.5272987
0.6313716 0.7752563 0.01864062 36.74661 -0.7752467 0.6315891 -0.009372848 2.373402 -0.01903957 -0.008533328 0.9997823 -0.5354136
0.6586705 0.7521805 0.01943443 36.90375 -0.7521572 0.6589082 -0.009989898 2.276145 -0.02031971 -0.008037695 0.9997612 -0.5333297
0.6860585 0.7272812 0.01964071 37.04125 -0.7272686 0.6862926 -0.00910853 2.153907 -0.02010374 -0.008035086 0.9997656 -0.5394446
0.7156693 0.698207 0.01801528 37.19512 -0.6981865 0.7158661 -0.008442715 2.061951 -0.01879129 -0.006535832 0.9998021 -0.5358237
0.7468461 0.6647049 0.01970645 37.36488 -0.6647329 0.7470566 -0.006040152 1.988337 -0.01873676 -0.008588467 0.9997876 -0.5529518
0.7757243 0.6307863 0.01898624 37.53832 -0.6308156 0.7759156 -0.00515966 1.91408 -0.01798636 -0.007974344 0.9998064 -0.5447418
0.8036904 0.5947924 0.0174303 37.71865 -0.5948222 0.8038474 -0.003982237 1.837452 -0.01637991 -0.007167445 0.9998401 -0.5581779
0.8313042 0.5556123 0.01510873 37.9231 -0.5556082 0.83143 -0.004859513 1.793135 -0.01526186 -0.004354801 0.9998741 -0.5440215
0.8585646 0.5125151 0.01396875 38.14558 -0.5125012 0.8586729 -0.004823181 1.741427 -0.01446654 -0.003017988 0.9998908 -0.554314
0.8849831 0.4653663 0.01546669 38.37144 -0.4653589 0.8851117 -0.004296404 1.68092 -0.01568915 -0.003395315 0.9998711 -0.5527815
0.9092768 0.4158964 0.01567835 38.60733 -0.4158963 0.9094057 -0.003422336 1.647995 -0.01568132 -0.003408717 0.9998713 -0.5658289
0.9310887 0.3643366 0.0182412 38.84089 -0.3643308 0.931262 -0.003757145 1.617562 -0.0183562 -0.003147597 0.9998266 -0.562426
0.9507352 0.3093902 0.01950195 39.09476 -0.3093704 0.9509329 -0.00409834 1.586976 -0.01981303 -0.002136887 0.9998014 -0.5687088
0.9669937 0.2539863 0.0203475 39.36539 -0.253957 0.9672071 -0.004054205 1.562432 -0.02070995 -0.001246998 0.9997848 -0.5829763
0.9802822 0.1966585 0.01929368 39.63025 -0.1966001 0.9804715 -0.00489743 1.54976 -0.01988003 0.001007724 0.9998019 -0.5742007
0.989793 0.141232 0.01906129 39.9027 -0.1411607 0.9899738 -0.005045117 1.570017 -0.01958271 0.002302917 0.9998056 -0.5907713
0.9962247 0.08428501 0.02079284 40.1703 -0.08420133 0.9964367 -0.00486961 1.59469 -0.02112919 0.003100441 0.999772 -0.5734203
0.9993628 0.02787264 0.02229548 40.43158 -0.02776277 0.9996009 -0.005222616 1.6228 -0.02243215 0.004600305 0.9997378 -0.5756917
0.9992493 -0.02860264 0.02612903 40.69452 0.02875442 0.9995717 -0.005451659 1.673613 -0.0259619 0.006198892 0.9996437 -0.5696679
0.9960603 -0.08419356 0.02784388 40.95362 0.08440284 0.9964112 -0.00642658 1.728832 -0.02720288 0.008751364 0.9995916 -0.5982004
0.9899453 -0.1387661 0.0274284 41.19905 0.1389442 0.9902891 -0.004687977 1.787384 -0.02651151 0.008451859 0.9996127 -0.5981542
0.9807959 -0.1933263 0.02577624 41.4488 0.193454 0.9811059 -0.002532239 1.888183 -0.02479968 0.007470127 0.9996645 -0.6127843
0.9691572 -0.2454345 0.02227693 41.66904 0.2455259 0.9693891 -0.001423577 1.969951 -0.02124561 0.006849233 0.9997509 -0.6346573
0.9550046 -0.2958787 0.0205419 41.89391 0.2959318 0.955209 0.0004750651 2.09828 -0.01976237 0.005625311 0.9997889 -0.6215966
0.9390727 -0.3432208 0.01849149 42.08816 0.3432131 0.9392505 0.003690206 2.191202 -0.0186347 0.00288115 0.9998222 -0.6358041
0.92168 -0.3875613 0.01738417 42.28503 0.3875313 0.921842 0.005202486 2.309767 -0.01804174 0.001941883 0.9998354 -0.6252577
0.9044249 -0.4262719 0.01754688 42.46562 0.4262168 0.9045943 0.006954588 2.438192 -0.01883736 0.001188873 0.9998218 -0.6314922
0.8878204 -0.4598509 0.01766821 42.63405 0.4598062 0.8879937 0.006753778 2.530198 -0.01879499 0.002127811 0.9998211 -0.6255156
0.869869 -0.4929517 0.0180712 42.79592 0.4928932 0.8700542 0.007868309 2.650846 -0.01960162 0.002062774 0.9998057 -0.6476715
0.8514533 -0.5241745 0.01638142 42.94497 0.52413 0.8516074 0.007244048 2.77783 -0.01774769 0.002418027 0.9998395 -0.6575012
0.8355892 -0.5491849 0.01366418 43.07341 0.5491279 0.8357005 0.00795676 2.898718 -0.01578889 0.0008548009 0.999875 -0.6835772
0.8191478 -0.5735149 0.008811018 43.20369 0.5734499 0.8191921 0.008920069 3.02072 -0.01233371 -0.002254177 0.9999214 -0.6747015
0.8044226 -0.5940364 0.005006509 43.31393 0.5939752 0.8044231 0.009858315 3.148063 -0.009883548 -0.004956509 0.9999388 -0.6867743
0.7910826 -0.6117074 0.001515731 43.43141 0.6116595 0.7910473 0.01079967 3.253977 -0.007805251 -0.007616316 0.9999405 -0.6739725
0.7816378 -0.6237326 -6.285845e-05 43.51219 0.6236986 0.7815942 0.01052414 3.35174 -0.006515119 -0.008265271 0.9999446 -0.6852159
0.771107 -0.6367049 -0.0009846247 43.60038 0.6366714 0.7710484 0.01156027 3.442869 -0.006601284 -0.009541084 0.9999327 -0.676993
0.7636388 -0.6456428 -0.001085919 43.69588 0.6456007 0.7635676 0.01282235 3.536157 -0.007449486 -0.01049272 0.9999172 -0.6772664
0.7558739 -0.6547149 -0.001752496 43.76657 0.6546785 0.7557974 0.01289103 3.611121 -0.007115419 -0.01089132 0.9999154 -0.6851615
0.748633 -0.6629807 -0.002272861 43.85202 0.66295 0.7485543 0.01279601 3.68886 -0.006782148 -0.01108631 0.9999155 -0.6853067
0.7432913 -0.6689613 -0.002989698 43.92907 0.6689345 0.743202 0.01333111 3.769097 -0.006696044 -0.01190881 0.9999067 -0.6969597
0.7390083 -0.6736898 -0.002970583 43.99482 0.6736677 0.7389293 0.01246993 3.849152 -0.006205816 -0.01121657 0.9999178 -0.6928328
0.7360808 -0.6768898 -0.002299187 44.09784 0.6768556 0.735999 0.01311469 3.931242 -0.007185003 -0.01120969 0.9999114 -0.6951328
0.7346113 -0.6784881 -0.0004311157 44.17659 0.678428 0.7345375 0.01379546 3.987688 -0.009043385 -0.01042678 0.9999048 -0.6815127
0.7332975 -0.6799058 0.001720391 44.25338 0.6798246 0.733245 0.0137977 4.057722 -0.0106426 -0.008948259 0.9999033 -0.6978682
0.7338333 -0.6793195 0.003694992 44.3434 0.6792226 0.7338035 0.01375043 4.117159 -0.01205233 -0.007580803 0.9998986 -0.6975127
0.7348183 -0.6782426 0.005388849 44.4243 0.6781279 0.7348069 0.01418988 4.191742 -0.01358394 -0.006772653 0.9998848 -0.7065281
0.7367221 -0.6761774 0.004965163 44.51657 0.6760715 0.7367076 0.01375689 4.253964 -0.01295997 -0.006778201 0.9998931 -0.7157177
0.7408038 -0.671706 0.004545814 44.58341 0.671609 0.7407867 0.01328603 4.325549 -0.01229179 -0.006789334 0.9999014 -0.7183167
0.7458991 -0.6660482 0.003792046 44.66888 0.6659583 0.7458733 0.01314474 4.39958 -0.01158341 -0.007279305 0.9999064 -0.7220413
0.7520423 -0.6591008 0.004298289 44.75468 0.6590018 0.752018 0.01362365 4.457593 -0.01221175 -0.007412978 0.999898 -0.7231978
0.7587734 -0.6513442 0.003704573 44.84926 0.6512456 0.758738 0.0139849 4.521673 -0.01191979 -0.008198784 0.9998953 -0.726926
0.7677142 -0.6407814 0.003762593 44.93999 0.6406839 0.7676791 0.01389592 4.567796 -0.01179271 -0.008257463 0.9998963 -0.7303843
0.7778665 -0.6284261 0.002055082 45.03422 0.6283577 0.7778231 0.0125672 4.612976 -0.009496047 -0.00848428 0.9999189 -0.7334016
0.7888958 -0.6145254 0.001368955 45.15052 0.6144627 0.7888435 0.01270523 4.676474 -0.008887578 -0.00918193 0.9999183 -0.7430565
0.800301 -0.5995985 -0.0002030318 45.25659 0.5995561 0.8002402 0.01216256 4.731483 -0.007130177 -0.009855435 0.999926 -0.7459809
0.814025 -0.5808296 -0.0004798803 45.36248 0.5807927 0.8139633 0.01198737 4.780091 -0.006572012 -0.01003673 0.9999281 -0.7540544
0.8290235 -0.5592046 -0.003182266 45.48691 0.5592 0.82895 0.01172091 4.816499 -0.003916446 -0.01149643 0.9999263 -0.7550483
0.8447671 -0.5351226 -0.003527405 45.60511 0.5351242 0.8446929 0.01165867 4.875589 -0.003259244 -0.01173646 0.9999258 -0.7586107
0.8599958 -0.5102758 -0.005091954 45.73966 0.5102983 0.8599145 0.01194575 4.908569 -0.001716981 -0.01287171 0.9999157 -0.7612588
0.8767676 -0.4808837 -0.005432542 45.87422 0.4809135 0.8766882 0.01183213 4.94407 -0.000927231 -0.01298661 0.9999152 -0.7634114
0.8939008 -0.4482253 -0.005955675 46.03695 0.4482648 0.8938161 0.01229268 4.910483 -0.0001866126 -0.01365816 0.9999067 -0.7569913
0.911591 -0.4110744 -0.004435783 46.18646 0.4110965 0.9115018 0.01282381 4.926259 -0.001228314 -0.0135136 0.9999079 -0.7601244
0.9278167 -0.3730253 -0.002884058 46.34102 0.3730313 0.9277363 0.01237255 4.930815 -0.001939628 -0.0125553 0.9999193 -0.7619275
0.9429547 -0.3329183 -0.001357977 46.51592 0.3329111 0.9428871 0.01157968 4.925679 -0.002574668 -0.0113712 0.9999321 -0.7660891
0.9561845 -0.2927519 0.002744727 46.67927 0.2927051 0.9561368 0.01123217 4.931835 -0.005912573 -0.009936628 0.9999331 -0.7590951
0.9681048 -0.2504931 0.005119736 46.85353 0.2504406 0.968089 0.009134902 4.918822 -0.007244589 -0.007561353 0.9999452 -0.764897
0.9783493 -0.2068435 0.006954234 47.03144 0.2067904 0.9783552 0.007652621 4.882927 -0.008386607 -0.006048867 0.9999465 -0.7760689
0.9869123 -0.1609965 0.009173905 47.2091 0.1609246 0.9869335 0.00811047 4.873278 -0.01035979 -0.006528016 0.999925 -0.7817512
0.9935883 -0.1127234 0.008700151 47.40123 0.1126544 0.9936016 0.008057615 4.821457 -0.009552766 -0.007025842 0.9999297 -0.7937035
0.997876 -0.06430525 0.0104113 47.60273 0.06422092 0.9979018 0.008240894 4.766377 -0.01091939 -0.007554767 0.9999118 -0.7830338
0.9998453 -0.01253903 0.01233768 47.78751 0.01243829 0.9998889 0.008208745 4.720151 -0.01243924 -0.008054015 0.9998902 -0.7840499
0.9991345 0.03873339 0.01516814 47.97225 -0.03885484 0.9992145 0.007795741 4.649721 -0.01485427 -0.008378349 0.9998546 -0.7903001
0.9957816 0.09017095 0.01697632 48.18306 -0.09030217 0.9958889 0.007127069 4.557395 -0.01626387 -0.008630002 0.9998305 -0.7980219
0.9899028 0.1404404 0.01920959 48.39714 -0.1405896 0.9900458 0.006647449 4.490025 -0.0180848 -0.009280996 0.9997934 -0.799908
0.9814825 0.1905276 0.01978203 48.58952 -0.1906461 0.9816496 0.004271995 4.371065 -0.01860508 -0.007964254 0.9997952 -0.8064927
0.9704092 0.2406201 0.02019705 48.78322 -0.2407294 0.9705871 0.003132965 4.280548 -0.01884914 -0.007902282 0.9997911 -0.8021861
0.9573566 0.2881643 0.02072654 48.98378 -0.2882542 0.9575529 0.001422346 4.19074 -0.01943688 -0.007336202 0.9997842 -0.8193576
0.9419785 0.3351969 0.01787549 49.17447 -0.3352279 0.9421362 -0.001324585 4.095081 -0.01728514 -0.004744632 0.9998394 -0.8134529
0.9249429 0.3797095 0.01735969 49.37659 -0.3796994 0.9251014 -0.004004738 3.975563 -0.0175801 -0.002887307 0.9998413 -0.8243393
0.9063122 0.4222232 0.01804769 49.56573 -0.422214 0.9064851 -0.004506609 3.844015 -0.01826276 -0.003535592 0.999827 -0.818478
0.8858164 0.4635046 0.02219902 49.75952 -0.463521 0.8860734 -0.004709376 3.715841 -0.02185278 -0.00611807 0.9997425 -0.8186407
0.8657206 0.4998486 0.0260617 49.95083 -0.4998782 0.8660761 -0.005833503 3.552228 -0.02548728 -0.007977491 0.9996433 -0.8224207
0.8443886 0.5351324 0.02532118 50.13069 -0.535138 0.8447348 -0.007126928 3.398886 -0.02520353 -0.007532427 0.9996539 -0.8340241
0.8226392 0.5680512 0.02413471 50.31956 -0.5680517 0.8229586 -0.007500444 3.234439 -0.0241225 -0.007539603 0.9996806 -0.8426728
0.7994509 0.6004309 0.01899605 50.49537 -0.6003951 0.7996616 -0.008169634 3.092279 -0.02009571 -0.004873913 0.9997862 -0.841277
0.7736284 0.6333842 0.01799009 50.68092 -0.6333143 0.7738291 -0.01007024 2.912997 -0.02029959 -0.00360276 0.9997874 -0.8468481
0.7464137 0.6652197 0.01869393 50.84162 -0.6651031 0.7466422 -0.01278489 2.730316 -0.02246244 -0.002890573 0.9997435 -0.8322659
0.7170739 0.6967295 0.01931304 50.99162 -0.6966027 0.7173251 -0.01376655 2.534463 -0.02344529 -0.003581883 0.9997187 -0.8420257
0.6855459 0.7278146 0.01768159 51.12589 -0.7276389 0.6857715 -0.01609707 2.320265 -0.02384121 -0.001830531 0.9997141 -0.8373367
0.6532888 0.7568846 0.01842497 51.26366 -0.7567137 0.6535405 -0.01640055 2.120082 -0.02445479 -0.003228136 0.9996957 -0.8391302
0.6188272 0.7852437 0.0211007 51.38546 -0.7850704 0.6191602 -0.01747267 1.876469 -0.02678501 -0.005752972 0.9996247 -0.831196
0.5816028 0.8131893 0.02148074 51.4999 -0.813009 0.5819601 -0.01840483 1.652278 -0.02746755 -0.00675974 0.9995998 -0.8404942
0.5442623 0.8386431 0.02136171 51.62346 -0.838413 0.5446411 -0.02073022 1.432583 -0.02901972 -0.006627261 0.9995569 -0.8379232
0.5047071 0.8630296 0.02122878 51.70695 -0.862734 0.5051122 -0.0234917 1.195671 -0.03099695 -0.006458363 0.9994986 -0.8270575
0.4686487 0.8831317 0.02113764 51.81525 -0.8827804 0.469079 -0.02576261 0.9730721 -0.032667 -0.006586284 0.9994446 -0.8252618
0.4320866 0.9015291 0.02337644 51.90164 -0.9011382 0.4326255 -0.02801535 0.753996 -0.0353699 -0.008960347 0.9993341 -0.8233256
0.393113 0.9192116 0.02263438 51.96619 -0.9188209 0.3936468 -0.0284667 0.4836797 -0.03507688 -0.009606317 0.9993384 -0.823302
0.358681 0.9331573 0.02377644 52.03674 -0.9326802 0.3593061 -0.03172788 0.2642543 -0.03815012 -0.01079563 0.9992137 -0.8136446
0.3227732 0.9462103 0.02244252 52.08153 -0.9456116 0.3234011 -0.0350787 0.01377513 -0.04044976 -0.009899437 0.9991325 -0.8225459
0.2884521 0.9573632 0.01584547 52.13334 -0.956706 0.2888467 -0.03579378 -0.2391829 -0.03884456 -0.004834658 0.9992335 -0.8281342
0.2546593 0.9669824 0.009675285 52.17679 -0.9663073 0.254843 -0.03612761 -0.4751269 -0.03740044 -0.0001490675 0.9993004 -0.8320506
0.2246214 0.9743855 0.01086499 52.21233 -0.9737043 0.2248713 -0.03650624 -0.7115717 -0.03801438 -0.002379203 0.9992744 -0.7822939
0.1959153 0.9805247 0.01373195 52.23756 -0.9799834 0.1962737 -0.03330651 -0.9054837 -0.03535307 -0.006931823 0.9993508 -0.8011615
0.1658768 0.9860082 0.01651376 52.22641 -0.9855927 0.1663216 -0.03072987 -1.131385 -0.0330465 -0.01117847 0.9993913 -0.7744973
0.1399891 0.989957 0.01970019 52.20635 -0.9897177 0.1404898 -0.02686222 -1.33972 -0.02936012 -0.01573721 0.999445 -0.7957779
0.1153908 0.993139 0.01896988 52.19701 -0.9929366 0.1158559 -0.02558061 -1.561601 -0.02760288 -0.01588412 0.9994928 -0.7887319
0.09674585 0.9951386 0.01842346 52.1973 -0.9949819 0.09717226 -0.0238476 -1.747493 -0.02552192 -0.01602385 0.9995458 -0.7986417
0.08100158 0.9965367 0.01879365 52.21223 -0.9963977 0.0814364 -0.02365702 -1.936161 -0.02510558 -0.01680969 0.9995435 -0.7923159
0.06656832 0.9975973 0.01918772 52.21861 -0.9975106 0.06698608 -0.02202925 -2.126069 -0.02326163 -0.01767351 0.9995732 -0.7779873
0.05568492 0.998258 0.01949803 52.19896 -0.9982327 0.0560683 -0.01969495 -2.308272 -0.02075386 -0.01836685 0.9996159 -0.7785859
0.04757071 0.9986692 0.01991556 52.20406 -0.9986945 0.04792428 -0.01767707 -2.476789 -0.01860799 -0.01904865 0.9996454 -0.7835373
0.04122311 0.9989803 0.01841269 52.2022 -0.999009 0.04152 -0.01603948 -2.668614 -0.01678762 -0.01773324 0.9997018 -0.7907971
0.03756583 0.9991734 0.01553664 52.21778 -0.9991596 0.03781152 -0.01582766 -2.851506 -0.01640204 -0.01492901 0.999754 -0.7955068
0.03940582 0.9991428 0.01268586 52.23825 -0.9990981 0.0395987 -0.01533181 -3.037228 -0.01582101 -0.01207025 0.999802 -0.7878234
0.0416441 0.9990332 0.01408355 52.24153 -0.9990096 0.04185605 -0.01509674 -3.220474 -0.01567163 -0.01344091 0.9997869 -0.7804119
0.04858559 0.998694 0.0157984 52.25565 -0.9986913 0.04882622 -0.01522259 -3.396171 -0.01597409 -0.01503813 0.9997593 -0.7702664
0.05528361 0.9982927 0.01884977 52.25425 -0.998367 0.05554008 -0.01336777 -3.58295 -0.01439187 -0.01807997 0.999733 -0.7773831
0.06446028 0.9977294 0.01951568 52.28724 -0.9978462 0.06468129 -0.01091362 -3.754469 -0.01215114 -0.01877015 0.99975 -0.7931986
0.07553023 0.9969485 0.01972057 52.29579 -0.9970673 0.07575417 -0.01086597 -3.929847 -0.01232672 -0.01884202 0.9997465 -0.7896909
0.08858049 0.9958778 0.0195152 52.33361 -0.9960125 0.08876705 -0.008914541 -4.118143 -0.0106101 -0.01864773 0.9997698 -0.7932985
0.1025596 0.9945596 0.01824168 52.37637 -0.9946747 0.102725 -0.008363945 -4.290568 -0.01019232 -0.01728673 0.9997986 -0.8024235
