1.0 0.0 0.0 0.0 0.0 1.0 0.0 0.0 0.0 0.0 1.0 0.0
0.9999996 0.0005678601 -0.0006319557 0.01223306 -0.0005680528 0.9999998 -0.0003046679 -0.001618996 0.0006317826 0.0003050268 0.9999998 0.001001937
0.9999998 0.0005088376 -0.0003112876 0.01305594 -0.000508881 0.9999998 -0.0001393791 -0.001511345 0.0003112166 0.0001395375 0.9999999 -0.00253299
0.9999998 0.0005412181 -0.0004654938 0.01196619 -0.0005413859 0.9999999 -0.0003603048 -0.0006700044 0.0004652987 0.0003605567 0.9999998 -0.002219588
0.9999999 0.0002550062 -0.0004721427 0.009802395 -0.0002551146 0.9999999 -0.0002293689 0.001298546 0.0004720842 0.0002294894 0.9999999 -0.001604723
0.9999999 0.0002737509 -0.0002204198 0.01331673 -0.0002738087 1.0 -0.0002625384 0.003106688 0.0002203479 0.0002625988 0.9999999 -0.0006695911
0.9999999 0.0003450067 0.0003947047 0.01028614 -0.0003449002 0.9999999 -0.0002697226 -0.005225922 -0.0003947977 0.0002695865 0.9999999 0.0006441073
0.9999999 0.0003504502 0.0001418959 0.01370375 -0.0003503853 0.9999998 -0.0004568251 0.0004701043 -0.000142056 0.0004567753 0.9999999 -0.002792122
0.9999993 0.0009421463 -0.0006888002 0.0108719 -0.0009421169 0.9999995 4.315796e-05 0.0006658076 0.0006888406 -4.250901e-05 0.9999998 -0.002910447
0.9999993 0.0008277528 -0.0007540563 0.004918905 -0.0008278828 0.9999995 -0.0001721223 -0.005472824 0.0007539135 0.0001727465 0.9999997 0.001019025
0.9999995 0.0008809594 -0.0003713752 0.0114291 -0.000881085 0.9999996 -0.0003381358 -0.007050941 0.0003710772 0.0003384628 0.9999999 0.00427159
0.9999999 0.0003199448 -0.0002251759 0.00575217 -0.0003198908 1.0 0.000239499 0.001889211 0.0002252525 -0.0002394269 0.9999999 -0.002678017
0.9999998 0.0004423303 -0.0004180217 0.006907167 -0.0004424288 0.9999999 -0.0002354951 -0.0006509842 0.0004179175 0.00023568 0.9999999 -0.001322729
0.9999993 0.0008800186 -0.0007025207 0.01046013 -0.0008801082 0.9999995 -0.0001272219 0.00577095 0.0007024085 0.0001278401 0.9999998 -0.002065249
0.9999995 0.000932983 -0.0003811885 0.007687527 -0.0009329696 0.9999996 3.541078e-05 -0.01129974 0.0003812214 -3.505513e-05 0.9999999 -0.001152215
0.9999996 0.0006823654 -0.0004419948 0.01086705 -0.0006823175 0.9999999 0.0001085617 -0.003004016 0.0004420688 -0.0001082601 0.9999999 -0.0007454411
0.9999998 0.0004734945 -0.0004435307 0.01230957 -0.0004736262 0.9999999 -0.0002968047 -0.002268439 0.00044339 0.0002970147 0.9999999 -0.001919499
0.9999996 0.0006489493 -0.0005992707 0.005280843 -0.0006490827 0.9999998 -0.0002224993 0.004327493 0.0005991262 0.0002228882 0.9999998 -0.002053027
0.9999998 0.00056157 -0.0004614116 0.007512622 -0.0005615613 0.9999999 1.914173e-05 0.00125626 0.0004614223 -1.888261e-05 0.9999999 -0.001311765
0.9999998 0.0004808298 -0.0003591029 0.01280816 -0.0004809269 0.9999999 -0.0002702848 -0.0001200016 0.0003589729 0.0002704575 0.9999999 -0.001637477
0.9999999 0.0002543679 -0.0003576804 0.006670234 -0.0002543162 1.0 0.0001447448 0.002013747 0.0003577172 -0.0001446538 0.9999999 -0.003656775
0.9999998 0.0005760454 -0.0001448848 0.01009343 -0.000576032 0.9999998 9.239285e-05 -0.004294986 0.0001449381 -9.230938e-05 1.0 -0.001864646
0.9999998 0.0004465496 -0.0003618395 0.01144935 -0.0004465342 0.9999999 4.286203e-05 0.001424648 0.0003618586 -4.270046e-05 0.9999999 -0.0002408951
0.9999998 0.0005811183 -0.0003604224 0.007589956 -0.0005812491 0.9999999 -0.0003626673 -0.005314968 0.0003602116 0.0003628767 0.9999999 -0.0003287494
0.9999999 0.0003312741 -0.0003367742 0.009292983 -0.0003312972 1.0 -6.846603e-05 0.004444815 0.0003367515 6.85776e-05 0.9999999 -0.003780647
0.9999995 0.0009131382 -0.0004900093 0.0141501 -0.0009132234 0.9999996 -0.0001736385 0.001451993 0.0004898505 0.0001740859 0.9999999 -0.000997511
0.9999996 0.000712548 -0.0003863645 0.009282898 -0.0007126252 0.9999999 -0.0001997346 -0.002243494 0.000386222 0.0002000099 0.9999999 0.001105149
0.9999999 0.0005108065 7.953289e-05 0.01350294 -0.0005107978 0.9999998 -0.000108801 0.005808508 -7.958845e-05 0.0001087604 1.0 -0.002869038
0.9999998 0.0004354722 -0.0003653599 0.009477092 -0.0004355304 0.9999999 -0.0001590754 0.001460014 0.0003652906 0.0001592345 0.9999999 0.0012087
0.9999997 0.0007395056 -8.633549e-05 0.01015044 -0.0007395299 0.9999998 -0.0002826472 0.001559505 8.612644e-05 0.000282711 0.9999999 0.0002837817
0.9999998 0.0004218789 -0.0004245793 0.007324583 -0.0004218799 0.9999999 -2.180396e-06 -0.00623869 0.0004245784 2.359517e-06 0.9999999 -0.0009208008
0.9999996 0.0008326632 -0.0002043929 0.004898376 -0.0008327558 0.9999995 -0.0004531778 -0.00147362 0.0002040155 0.0004533478 0.9999999 0.001353914
0.9999995 0.0008180924 -0.0005770176 0.009143847 -0.0008181793 0.9999996 -0.0001504477 0.00110888 0.0005768943 0.0001509197 0.9999998 -0.002096185
0.9999993 0.0009303042 -0.0006881561 0.00727438 -0.0009304091 0.9999995 -0.0001521431 -0.001257114 0.0006880143 0.0001527832 0.9999998 -0.001104143
0.9999995 0.0008480495 -0.0004705924 0.008626156 -0.0008482877 0.9999994 -0.0005060784 -0.0003597979 0.000470163 0.0005064774 0.9999998 0.0009863439
0.999999 0.0002872552 -0.001346898 0.006697332 -0.000286558 0.9999998 0.0005178477 -6.554709e-05 0.001347047 -0.0005174612 0.999999 -0.006774182
0.9999994 -1.240855e-06 -0.001106384 0.002948281 1.337066e-06 0.9999999 8.695933e-05 0.0003175568 0.001106384 -8.696075e-05 0.9999994 -0.004571195
0.9999992 0.0003931136 -0.001211174 0.00650369 -0.0003930317 1.0 6.786501e-05 -0.002571265 0.0012112 -6.738893e-05 0.9999993 -0.005070882
0.9999992 0.000537714 -0.001122034 0.007817146 -0.0005374183 0.9999999 0.0002638701 -0.003008421 0.001122176 -0.0002632669 0.9999993 -0.004614387
0.9999989 0.0004284356 -0.001407993 0.00647907 -0.0004280311 0.9999998 0.0002875505 -5.059077e-05 0.001408116 -0.0002869475 0.999999 -0.006535703
0.9999986 0.0007051039 -0.001521012 0.009680935 -0.0007050165 0.9999998 5.803311e-05 -0.0002389058 0.001521053 -5.696069e-05 0.9999989 -0.003391439
0.9999988 0.0004139035 -0.001495942 0.003727483 -0.0004138679 0.9999999 2.408452e-05 0.003801975 0.001495952 -2.346537e-05 0.9999989 -0.005901671
0.9999989 0.0006178727 -0.001337536 0.004255296 -0.0006179712 0.9999998 -7.321774e-05 0.004510719 0.001337491 7.404422e-05 0.9999991 -0.00444106
0.9999979 0.000685404 -0.001930148 0.01145364 -0.0006855061 0.9999998 -5.22532e-05 -0.004962638 0.001930111 5.357621e-05 0.9999982 -0.002436231
0.9999974 0.0006249138 -0.002201436 0.009044076 -0.0006256592 0.9999998 -0.0003379269 0.002565688 0.002201224 0.0003393033 0.9999975 -0.002342483
0.9999971 0.000279824 -0.002403426 0.009638181 -0.0002801289 1.0 -0.0001264954 0.003882851 0.002403391 0.0001271683 0.9999971 -0.003712943
0.9999974 0.0003641011 -0.002254247 0.009240395 -0.0003645043 0.9999999 -0.000178461 0.002985703 0.002254182 0.0001792822 0.9999974 -0.002920815
0.9999974 0.0004959448 -0.002234165 0.008758487 -0.0004966722 0.9999999 -0.0003250313 0.004428219 0.002234003 0.0003261401 0.9999974 -0.002927202
0.9999986 0.0005594926 -0.001578741 0.01048633 -0.000560538 0.9999995 -0.0006618315 -0.002078638 0.00157837 0.0006627155 0.9999985 -0.003298126
0.9999996 0.000211646 -0.0008545608 0.009475252 -0.0002126063 0.9999994 -0.001123792 0.006691322 0.0008543223 0.001123973 0.999999 -0.004745971
0.9999998 0.0005855788 -0.0003442302 0.01157578 -0.0005861547 0.9999983 -0.001675411 -0.002309112 0.0003432486 0.001675612 0.9999985 -0.005648137
0.9999998 0.0003082779 -0.0006310515 0.01333491 -0.000309381 0.9999986 -0.001748713 0.001124836 0.0006305114 0.001748908 0.9999983 -0.006045993
0.9999997 0.0007710826 -0.0002280401 0.009499011 -0.0007715765 0.9999974 -0.002174035 0.0002929935 0.0002263631 0.00217421 0.9999976 -0.007872582
0.9999998 0.0004913927 -0.0002597723 0.01200072 -0.0004919702 0.9999974 -0.002227712 -0.004701288 0.000258677 0.002227839 0.9999975 -0.004112238
0.9999999 0.0002399277 0.0001551463 0.004600051 -0.0002395565 0.9999971 -0.002388093 0.0001153245 -0.0001557188 0.002388056 0.9999971 -0.006177001
0.9999998 0.0006190618 0.0002113187 0.005918533 -0.0006185494 0.9999969 -0.00241636 -0.003307491 -0.0002128139 0.002416229 0.9999971 -0.008755137
0.9999996 0.0008131446 2.991115e-05 0.006958391 -0.0008130651 0.9999964 -0.002567682 -0.009874335 -3.199894e-05 0.002567657 0.9999967 -0.004561119
0.9999999 0.000330561 0.0002439134 0.009241613 -0.0003299078 0.9999964 -0.002673015 -0.0006101328 -0.0002447961 0.002672935 0.9999964 -0.006939918
0.9999998 0.000479834 0.0003421338 0.00809467 -0.0004789311 0.9999964 -0.002634253 -0.0009326664 -0.0003433966 0.002634089 0.9999965 -0.007737957
0.9999999 0.0003855708 -0.0001129841 0.007158043 -0.0003858263 0.9999974 -0.002270597 -0.008147893 0.0001121083 0.00227064 0.9999974 -0.004989064
1.0 0.0001062192 9.696824e-05 0.01345296 -0.0001059806 0.9999969 -0.002457793 -0.002693017 -9.722901e-05 0.002457783 0.999997 -0.007810022
0.9999999 0.0001564265 0.000347206 0.00448714 -0.0001556409 0.9999975 -0.002261358 -0.004211819 -0.0003475589 0.002261304 0.9999974 -0.007999246
0.9999999 0.0003626104 0.0002843799 0.009312779 -0.0003620127 0.9999976 -0.002099099 0.002323286 -0.0002851404 0.002098996 0.9999977 -0.01077895
0.9999999 0.0003134522 4.321025e-05 0.01402266 -0.0003133425 0.9999967 -0.002518176 0.003289461 -4.399943e-05 0.002518163 0.9999968 -0.005347441
1.0 0.0002126495 -6.103355e-05 0.009842943 -0.0002127928 0.9999971 -0.002357066 0.0003609156 6.053215e-05 0.002357079 0.9999972 -0.003989796
0.9999998 0.0005401032 0.0004899552 0.01338561 -0.0005388584 0.9999965 -0.002537247 0.001691961 -0.0004913239 0.002536982 0.9999967 -0.006923812
1.0 0.0001725772 6.387247e-05 0.00674423 -0.0001724042 0.9999964 -0.002699006 -0.002316892 -6.433803e-05 0.002698995 0.9999964 -0.004972352
0.9999996 0.0003595497 0.0007826156 0.00624493 -0.0003576854 0.9999973 -0.002380943 0.000372127 -0.0007834694 0.002380662 0.9999968 -0.008637195
0.9999996 0.0005117023 0.0006584853 0.007286241 -0.0005101598 0.9999971 -0.002340548 0.002087936 -0.0006596812 0.002340212 0.999997 -0.008015973
0.9999994 0.0001391925 0.001109194 0.009619361 -0.0001366856 0.9999975 -0.002259913 0.004215335 -0.001109506 0.00225976 0.9999968 -0.006629811
0.9999993 -8.673462e-05 0.001132944 0.004944829 8.934448e-05 0.9999973 -0.002303753 -0.008559846 -0.001132741 0.002303852 0.9999967 -0.005558495
0.999998 0.001022136 0.001749835 0.009936728 -0.001017734 0.9999963 -0.002515035 -0.007256338 -0.001752399 0.002513249 0.9999953 -0.01112644
0.9999998 -0.0002314519 0.000629833 0.01139851 0.0002326249 0.9999983 -0.001862917 0.0006444673 -0.0006294007 0.001863063 0.9999981 -0.009421034
0.9999992 0.0003274711 0.001253513 0.01183363 -0.0003239779 0.9999961 -0.002785867 -0.002984832 -0.00125442 0.002785459 0.9999954 -0.002190361
0.9999993 0.0003753493 0.001111787 0.008393139 -0.0003729611 0.9999975 -0.002147507 -0.004848137 -0.00111259 0.002147091 0.9999971 -0.008830926
0.9999988 4.482955e-05 0.001534909 0.009385119 -4.026312e-05 0.9999955 -0.002974948 -0.001631341 -0.001535036 0.002974883 0.9999944 -0.004758418
0.9999995 0.0004402861 0.0009648721 0.005509383 -0.0004385238 0.9999983 -0.00182589 -0.006255604 -0.0009656743 0.001825466 0.9999979 -0.01243195
0.9999989 0.0004830034 0.001397765 0.006838589 -0.0004795125 0.9999967 -0.002496729 -0.01134914 -0.001398966 0.002496056 0.9999959 -0.005791666
0.9999986 0.0006284912 0.001577414 0.005861552 -0.0006248932 0.9999971 -0.002280388 -0.008149859 -0.001578842 0.002279399 0.9999962 -0.009212161
0.9999988 0.0003914595 0.001478785 0.006441935 -0.0003873721 0.9999961 -0.002763353 -0.003356462 -0.001479861 0.002762777 0.9999951 -0.006503277
0.9999986 0.0002097999 0.001650798 0.009522129 -0.0002062952 0.9999977 -0.00212291 0.002874516 -0.00165124 0.002122567 0.9999964 -0.01110218
0.999999 0.0002253853 0.001421867 0.00653188 -0.0002219621 0.9999971 -0.002407294 -0.002115535 -0.001422405 0.002406976 0.9999961 -0.00589838
0.9999985 0.0005605462 0.001675339 0.01339451 -0.0005569003 0.9999976 -0.002175894 -0.001951589 -0.001676554 0.002174957 0.9999962 -0.01072267
0.9999993 0.0003823554 0.00110094 0.01044568 -0.0003794993 0.9999965 -0.002593335 0.002354357 -0.001101928 0.002592915 0.999996 -0.005762417
0.9999985 0.0002721869 0.00172854 0.006782725 -0.0002680473 0.9999973 -0.002394643 0.0007439468 -0.001729186 0.002394176 0.9999956 -0.01048748
0.9999992 0.0003998766 0.001187032 0.009049707 -0.000397088 0.9999971 -0.002348539 -0.005173371 -0.001187967 0.002348066 0.9999965 -0.005885623
0.9999987 0.0003601404 0.001575074 0.007597546 -0.0003565468 0.9999974 -0.002281226 -0.0003006551 -0.001575891 0.002280662 0.9999962 -0.008943091
0.9999993 0.0005278877 0.001099613 0.009065153 -0.0005250972 0.9999965 -0.002536395 -0.007890315 -0.001100948 0.002535815 0.9999962 -0.008462575
0.9999983 0.0006357367 0.00171924 0.006148244 -0.0006321624 0.9999976 -0.002078777 -0.004315882 -0.001720558 0.002077687 0.9999964 -0.01067954
0.9999989 0.0004081902 0.001427919 0.005132616 -0.000405138 0.9999977 -0.002137184 -0.008691108 -0.001428788 0.002136604 0.9999967 -0.01040802
0.9999987 0.0003492098 0.001555129 0.007397578 -0.0003455001 0.9999971 -0.002385112 -0.004564273 -0.001555957 0.002384572 0.9999959 -0.008462775
0.9999989 0.0003868713 0.001462712 0.001121783 -0.0003839043 0.999998 -0.002028191 -0.003230124 -0.001463494 0.002027627 0.9999969 -0.01158893
0.9999987 0.0004842594 0.001494408 0.01435279 -0.0004806772 0.999997 -0.002396487 -0.005062709 -0.001495564 0.002395766 0.999996 -0.005502518
0.9999985 0.000758294 0.001559537 0.003739321 -0.0007549486 0.9999974 -0.00214461 -0.0058983 -0.00156116 0.00214343 0.9999965 -0.007872241
0.9999987 0.0004119512 0.001526423 0.008694385 -0.0004080983 0.9999967 -0.002523584 -0.00553706 -0.001527457 0.002522958 0.9999956 -0.006867433
0.9999986 0.0001987296 0.001673911 0.007607863 -0.0001952467 0.9999979 -0.002080652 -0.006540996 -0.00167432 0.002080322 0.9999964 -0.009003633
0.9999984 0.0006332829 0.001683376 0.01180155 -0.0006292586 0.9999969 -0.00239001 -0.0001788058 -0.001684885 0.002388947 0.9999957 -0.008781155
0.9999987 0.0004145665 0.00155101 0.008354633 -0.0004110526 0.9999974 -0.002265209 -0.003425123 -0.001551945 0.002264569 0.9999962 -0.008853933
0.9999985 0.0006869664 0.001594371 0.006852553 -0.0006831153 0.9999968 -0.002414759 -0.002482569 -0.001596025 0.002413666 0.9999958 -0.009226826
0.9999984 0.0008073912 0.001589457 0.009659906 -0.0008036173 0.999997 -0.00237354 -0.006872727 -0.001591369 0.002372259 0.9999959 -0.007348824
0.9999989 0.000378744 0.001432441 0.007132871 -0.0003754526 0.9999973 -0.00229731 -0.00517502 -0.001433307 0.00229677 0.9999964 -0.008614995
0.9999982 0.0006461311 0.001780557 0.01147549 -0.0006413357 0.9999961 -0.002692455 -0.004799748 -0.00178229 0.002691308 0.9999948 -0.009293208
0.9999987 0.0006717598 0.00142169 0.004754479 -0.0006681251 0.9999964 -0.002555581 -0.001840716 -0.001423402 0.002554628 0.9999957 -0.007336314
0.9999992 0.0002552674 0.001214155 0.005331442 -0.0002523698 0.9999971 -0.002386065 -0.004707116 -0.001214761 0.002385757 0.9999964 -0.006406616
0.9999984 0.0002334158 0.001774894 0.00166908 -0.0002292296 0.9999973 -0.002358428 -0.004953891 -0.00177544 0.002358017 0.9999956 -0.009591655
0.9999987 0.0006858202 0.001423676 0.008177486 -0.0006818904 0.9999961 -0.002759026 -0.004718712 -0.001425562 0.002758052 0.9999952 -0.005510766
0.999999 0.0005370611 0.001285365 0.01264263 -0.0005340398 0.999997 -0.002349778 -0.004127861 -0.001286623 0.002349089 0.9999964 -0.007864385
0.9999987 0.0003847216 0.001582923 0.01351725 -0.0003812268 0.9999975 -0.002207529 -0.007913645 -0.001583769 0.002206923 0.9999963 -0.009336298
0.9999985 0.0007818599 0.001550396 0.0103503 -0.0007779615 0.9999964 -0.002513494 -0.003535088 -0.001552355 0.002512285 0.9999956 -0.008726583
0.9999986 0.0008375674 0.001437307 0.01123609 -0.0008337912 0.9999963 -0.002625853 -0.005466482 -0.001439501 0.002624651 0.9999955 -0.006637711
0.9999988 0.0006420222 0.001390948 0.005295124 -0.000638371 0.9999964 -0.002623868 -0.003804119 -0.001392627 0.002622977 0.9999956 -0.008283234
0.999999 0.0006082502 0.001288932 0.009463468 -0.00060507 0.9999968 -0.002466304 -0.001178148 -0.001290428 0.002465521 0.9999961 -0.00502039
0.9999989 0.0003235248 0.001408553 0.006155229 -0.0003198512 0.9999964 -0.002607524 0.001039488 -0.001409391 0.002607071 0.9999956 -0.005311276
0.9999988 7.51309e-05 0.001544518 0.007688794 -7.162333e-05 0.9999974 -0.002270906 0.002803192 -0.001544685 0.002270792 0.9999962 -0.007214025
0.9999986 0.0005934362 0.00158927 0.006928049 -0.0005893879 0.9999965 -0.002546564 -0.005559464 -0.001590776 0.002545624 0.9999955 -0.007622373
0.9999986 0.0002286221 0.001682996 0.008028585 -0.0002244143 0.9999969 -0.00249997 -0.002654111 -0.001683563 0.002499589 0.9999955 -0.006799868
0.9999989 0.0004537576 0.001413077 0.01272843 -0.0004498451 0.9999959 -0.002767849 0.002109621 -0.001414327 0.00276721 0.9999952 -0.004967115
0.9999986 0.0003922124 0.001631055 0.008743618 -0.0003883841 0.9999973 -0.002346813 -0.003234267 -0.001631971 0.002346177 0.9999959 -0.008941319
0.9999986 0.0003340413 0.001653007 0.009042746 -0.0003304649 0.9999975 -0.002163372 0.0002845206 -0.001653725 0.002162823 0.9999963 -0.008227739
0.9999985 0.0007460176 0.001585614 0.008762947 -0.0007424861 0.9999973 -0.002226599 -0.002837446 -0.001587271 0.002225418 0.9999962 -0.009511029
0.9999987 0.0002571673 0.001583923 0.006532234 -0.0002529245 0.9999965 -0.002678261 -0.005182541 -0.001584606 0.002677857 0.9999952 -0.00655254
0.9999987 0.0002202481 0.001611165 0.006712371 -0.0002166106 0.9999975 -0.002257477 -0.007846227 -0.001611658 0.002257125 0.9999961 -0.009412484
0.9999989 0.0003149447 0.001418821 0.009629797 -0.0003113078 0.9999967 -0.002562875 -0.001844267 -0.001419623 0.002562431 0.9999957 -0.005925973
0.9999992 0.0005884048 0.001130656 0.01171139 -0.0005854199 0.9999963 -0.002638506 -0.004354996 -0.001132204 0.002637842 0.9999959 -0.004864768
0.9999988 0.0003729001 0.001506562 0.0111947 -0.0003692095 0.9999969 -0.002449194 -0.002407327 -0.00150747 0.002448635 0.9999959 -0.006396503
0.999999 0.0002061315 0.001404463 0.01220215 -0.0002027215 0.9999969 -0.002427704 -0.005696607 -0.001404959 0.002427417 0.9999961 -0.004878918
0.9999988 0.0001945523 0.001519932 0.01504769 -0.0001909222 0.9999971 -0.002388072 0.003122313 -0.001520392 0.002387779 0.999996 -0.009100386
0.9999989 0.0004867345 0.001427811 0.0157152 -0.0004830444 0.9999965 -0.002583656 -0.004508734 -0.001429063 0.002582964 0.9999956 -0.00501029
0.9999988 0.0003401365 0.001506967 0.01120493 -0.0003362866 0.9999967 -0.002554274 -0.003271561 -0.001507831 0.002553764 0.9999956 -0.004376502
0.9999989 0.0001383971 0.001460758 0.01159126 -0.0001344764 0.9999963 -0.002683759 0.0008884654 -0.001461125 0.00268356 0.9999954 -0.007178772
0.9999985 0.0003123201 0.001728593 0.01601713 -0.0003085083 0.9999975 -0.002205008 -0.0015535 -0.001729278 0.002204471 0.9999961 -0.01121334
0.9999987 0.0005214873 0.001521528 0.007763979 -0.0005174746 0.9999964 -0.002636487 -0.003538304 -0.001522897 0.002635696 0.9999954 -0.005664022
0.9999985 0.0002324392 0.001710308 0.008988906 -0.0002287621 0.9999976 -0.002149857 -0.00211092 -0.001710804 0.002149462 0.9999962 -0.008682479
0.9999987 0.000618258 0.001502729 0.01094911 -0.0006141957 0.9999961 -0.002702259 -0.006451574 -0.001504394 0.002701332 0.9999952 -0.006157637
0.9999986 0.0003732163 0.001632552 0.01212644 -0.0003690242 0.9999965 -0.002567351 0.0008202455 -0.001633505 0.002566745 0.9999954 -0.007888449
0.9999988 0.0002444428 0.001519104 0.01166141 -0.0002410397 0.9999976 -0.002239988 -0.002528021 -0.001519648 0.00223962 0.9999964 -0.008433569
0.9999987 0.0002847734 0.001560765 0.009960617 -0.0002808518 0.9999967 -0.002512298 -0.001813484 -0.001561475 0.002511857 0.9999956 -0.007210235
0.9999985 0.0007304224 0.001585561 0.007167169 -0.0007264009 0.9999965 -0.002535445 -0.00972344 -0.001587408 0.002534289 0.9999955 -0.007450298
0.9999986 0.0003757333 0.001666306 0.008913288 -0.0003714101 0.9999967 -0.00259403 -0.002287129 -0.001667275 0.002593408 0.9999952 -0.007693822
0.9999985 0.0006323327 0.001613649 0.004264083 -0.0006282892 0.9999968 -0.002505044 -0.007480865 -0.001615228 0.002504027 0.9999956 -0.004820871
0.9999989 0.0001608712 0.00150121 0.006346869 -0.0001572482 0.999997 -0.002413195 -0.004337461 -0.001501594 0.002412956 0.9999959 -0.006461774
0.9999986 0.000502841 0.001619876 0.005927647 -0.0004987583 0.9999968 -0.002519792 -0.004228675 -0.001621138 0.002518981 0.9999955 -0.006726291
0.9999985 0.0002698663 0.001689569 0.007248728 -0.0002653764 0.9999964 -0.002657058 -0.000330259 -0.001690281 0.002656606 0.9999951 -0.00760564
0.9999981 0.000504309 0.001882435 0.01105147 -0.0005001815 0.9999975 -0.00219246 -0.006359634 -0.001883536 0.002191514 0.9999958 -0.0095546
0.9999985 0.0008614087 0.001542508 0.008554823 -0.0008570036 0.9999955 -0.002854257 -0.01239288 -0.00154496 0.002852931 0.9999948 -0.004389367
0.9999987 0.0003493572 0.001563047 0.009627959 -0.0003456313 0.9999971 -0.002383383 0.003737909 -0.001563875 0.00238284 0.9999959 -0.008675547
0.9999989 0.0003133251 0.001429772 0.004781943 -0.0003095698 0.9999965 -0.002625957 -0.008420446 -0.00143059 0.002625511 0.9999955 -0.006614622
0.9999988 0.0005484986 0.001423959 0.004336216 -0.0005449296 0.9999968 -0.002505592 -0.01056756 -0.001425329 0.002504813 0.9999958 -0.008515989
0.9999985 0.0004562668 0.001686938 0.01082131 -0.0004525788 0.9999976 -0.002185944 -0.00544241 -0.001687931 0.002185177 0.9999962 -0.009786812
0.9999987 0.0001839362 0.001595899 0.005555041 -0.0001799139 0.9999968 -0.002520184 -0.01021676 -0.001596358 0.002519893 0.9999955 -0.009208149
0.9999986 0.0004622267 0.001625245 0.007436214 -0.000458494 0.9999973 -0.002296356 -0.007742623 -0.001626302 0.002295608 0.9999961 -0.007841134
0.9999986 0.0005715368 0.001604713 0.009039678 -0.00056744 0.9999965 -0.002552268 -0.002554769 -0.001606166 0.002551354 0.9999955 -0.005986268
0.9999982 0.0003630202 0.001876762 0.01571758 -0.0003586493 0.9999973 -0.00232878 0.0001314916 -0.001877603 0.002328102 0.9999955 -0.008997801
0.9999989 0.0002487864 0.001491926 0.009022599 -0.0002448057 0.9999963 -0.002667795 -0.002000507 -0.001492584 0.002667427 0.9999954 -0.00726853
0.9999985 0.0001622638 0.00171988 0.01079503 -0.0001585441 0.9999976 -0.002162723 -0.008125309 -0.001720227 0.002162448 0.9999962 -0.009471034
0.9999988 0.0004532864 0.001466074 0.008337663 -0.0004491967 0.9999961 -0.002788668 -0.00756409 -0.001467332 0.002788007 0.9999951 -0.006807668
0.9999983 0.0005144735 0.001761015 0.007849493 -0.0005103869 0.9999973 -0.002320267 -0.005822044 -0.001762204 0.002319365 0.9999958 -0.007146018
0.9999983 0.0007235425 0.001689222 0.006302515 -0.0007191595 0.9999964 -0.002593905 -0.009254828 -0.001691093 0.002592686 0.9999952 -0.008119158
0.9999985 0.0005971393 0.001633031 0.00917067 -0.0005937041 0.9999975 -0.002103274 -0.005324462 -0.001634283 0.002102301 0.9999965 -0.01148117
0.9999987 0.0005606522 0.0015124 0.002557287 -0.0005567257 0.9999964 -0.00259531 -0.007034236 -0.00151385 0.002594465 0.9999955 -0.007137586
0.9999984 0.0004542791 0.001732191 0.003064745 -0.0004503039 0.9999973 -0.0022946 -0.004923568 -0.001733229 0.002293816 0.9999959 -0.008775469
0.9999986 0.0002563989 0.001663832 0.006674956 -0.0002522178 0.9999969 -0.002512662 -0.005851348 -0.001664471 0.002512239 0.9999955 -0.006991268
0.9999986 0.0007344634 0.001525944 0.008269511 -0.0007305794 0.9999964 -0.002544319 -0.00405329 -0.001527807 0.002543201 0.9999956 -0.006214694
0.9999987 0.0005220546 0.001548704 0.007812311 -0.0005182056 0.9999967 -0.0024847 -0.003223551 -0.001549996 0.002483894 0.9999957 -0.007871484
0.9999981 0.0007728088 0.001779998 0.01257342 -0.0007684699 0.9999968 -0.002437002 -0.004072032 -0.001781876 0.00243563 0.9999955 -0.008901238
0.9999985 0.0003620677 0.001680842 0.007919955 -0.0003582939 0.9999974 -0.002244994 -0.005458575 -0.00168165 0.002244389 0.9999961 -0.008699792
0.9999986 0.0004451989 0.00160889 0.009196476 -0.0004414586 0.9999973 -0.002324382 -0.004950021 -0.00160992 0.002323668 0.999996 -0.008016126
0.9999983 0.0006296645 0.001707769 0.00828321 -0.0006259003 0.9999974 -0.002203808 -0.006634817 -0.001709152 0.002202736 0.9999961 -0.008705373
0.9999985 0.0006771896 0.00162554 0.01086325 -0.0006731266 0.9999965 -0.002498708 -0.007247491 -0.001627227 0.00249761 0.9999955 -0.009816823
0.999998 0.0007256271 0.00185244 0.01023509 -0.0007211428 0.9999967 -0.002420298 -0.001706332 -0.001854191 0.002418958 0.9999954 -0.008485801
0.9999989 0.0004335665 0.001421317 0.009639126 -0.000430172 0.9999969 -0.002387696 -0.008319811 -0.001422348 0.002387082 0.9999961 -0.008091447
0.9999986 0.0003077894 0.001677947 0.004256288 -0.0003040006 0.9999974 -0.002257749 -0.007014539 -0.001678638 0.002257236 0.9999961 -0.009705013
0.9999985 0.0003914906 0.001708729 0.007116842 -0.0003879898 0.9999979 -0.00204861 -0.0020909 -0.001709527 0.002047945 0.9999964 -0.007883751
0.9999987 0.0004634291 0.001493207 0.008441095 -0.0004594084 0.9999963 -0.002691884 -0.007342965 -0.001494449 0.002691195 0.9999953 -0.007528434
0.999999 0.0006413723 0.001227562 0.00657884 -0.0006381292 0.9999962 -0.002640517 -0.005417856 -0.001229251 0.002639731 0.9999958 -0.004967055
0.9999986 0.0002257431 0.001656771 0.007601111 -0.0002219622 0.9999974 -0.002281939 -0.001467781 -0.001657282 0.002281568 0.999996 -0.008812397
0.9999987 0.0005599699 0.001515884 0.00723609 -0.0005560447 0.9999964 -0.002588518 -0.001377475 -0.001517328 0.002587672 0.9999955 -0.006301185
0.9999984 0.0005550138 0.001692051 0.008304372 -0.0005504232 0.9999962 -0.002712279 -0.00686339 -0.00169355 0.002711344 0.9999949 -0.006382574
0.9999989 9.232823e-05 0.001486854 0.007712892 -8.856611e-05 0.9999968 -0.002530118 -0.009134488 -0.001487083 0.002529984 0.9999957 -0.007630354
0.9999983 0.0003938341 0.001821525 0.01044969 -0.0003895807 0.9999971 -0.002334817 -0.0001745804 -0.001822439 0.002334103 0.9999956 -0.009637362
0.9999988 0.0002373108 0.001518642 0.003925261 -0.00023326 0.9999964 -0.002667003 -0.003838693 -0.001519269 0.002666646 0.9999953 -0.005565678
0.9999987 0.000145531 0.001594169 0.008256385 -0.0001419966 0.9999975 -0.002216945 0.001354327 -0.001594488 0.002216716 0.9999962 -0.008976871
0.9999983 0.0003810249 0.001793309 0.01015473 -0.0003765755 0.9999968 -0.002480833 -0.00276393 -0.001794248 0.002480154 0.9999953 -0.008416318
0.9999987 0.0003306117 0.001599978 0.01096865 -0.0003265334 0.9999968 -0.002548566 -0.005047415 -0.001600815 0.002548041 0.9999955 -0.009202041
0.9999982 0.0006396274 0.001765284 0.007503297 -0.000634699 0.9999958 -0.002791043 -0.006739131 -0.001767062 0.002789918 0.9999946 -0.006946323
0.999999 0.0002150037 0.001381504 0.007075025 -0.0002111534 0.9999962 -0.002786533 -0.003057667 -0.001382098 0.002786239 0.9999952 -0.005234555
0.9999989 0.0003975622 0.001401836 0.003101431 -0.0003941686 0.9999969 -0.002420264 -0.007066613 -0.001402794 0.002419709 0.9999961 -0.005157338
0.9999986 0.0003336807 0.001625289 0.004917156 -0.0003294486 0.9999965 -0.002603438 -0.006036918 -0.001626152 0.002602899 0.9999953 -0.008007884
0.999999 0.0005111666 0.001301128 0.01021682 -0.000507455 0.9999958 -0.002851394 -0.004449478 -0.00130258 0.002850731 0.9999951 -0.004753561
0.9999983 0.0004793123 0.001796098 0.004205401 -0.0004749506 0.9999969 -0.002428104 -0.009238639 -0.001797256 0.002427247 0.9999954 -0.008339302
0.9999986 0.0004430756 0.001591427 0.009743684 -0.0004392637 0.999997 -0.002394811 -0.00645623 -0.001592483 0.002394109 0.9999959 -0.00729057
0.9999988 0.0007552053 0.001350956 0.01072003 -0.0007519889 0.9999969 -0.002379755 -0.003613085 -0.001352749 0.002378737 0.9999962 -0.008356099
0.9999988 0.0005930343 0.001438121 0.01650488 -0.0005897721 0.9999973 -0.002267744 -0.005765196 -0.001439461 0.002266893 0.9999964 -0.007129528
0.9999987 0.0003529299 0.001579471 0.0105048 -0.0003489077 0.9999967 -0.002546096 -0.003571861 -0.001580364 0.002545541 0.9999955 -0.008969113
0.9999989 0.0003578409 0.00146582 0.004354658 -0.0003540452 0.9999965 -0.002588867 -0.00845769 -0.001466741 0.002588345 0.9999956 -0.00535094
0.9999986 0.0001313344 0.001658563 0.006865203 -0.0001277543 0.9999976 -0.002158466 -0.003664454 -0.001658842 0.002158252 0.9999963 -0.008519339
0.9999987 0.0002806379 0.001558422 0.008377774 -0.0002773902 0.9999979 -0.002083776 -0.004321946 -0.001559004 0.002083341 0.9999966 -0.007064782
0.9999985 0.0003438918 0.001725009 0.008107915 -0.0003399751 0.9999974 -0.00227034 -0.00126106 -0.001725785 0.00226975 0.9999959 -0.01164545
0.9999989 0.000329129 0.001416323 0.007021725 -0.0003254018 0.9999964 -0.002631036 -0.002572324 -0.001417184 0.002630572 0.9999955 -0.005510299
0.9999985 0.0005776081 0.001618953 0.01027633 -0.0005734451 0.9999965 -0.002570683 -0.00194629 -0.001620432 0.002569751 0.9999954 -0.006385996
0.9999986 0.0007257144 0.001472679 0.007494661 -0.0007222216 0.999997 -0.002370853 -0.004687451 -0.001474395 0.002369787 0.9999961 -0.007887881
0.9999988 0.0002824522 0.001524633 0.01023858 -0.0002787905 0.9999971 -0.002401367 -0.004049733 -0.001525307 0.002400939 0.9999959 -0.007496229
0.9999986 0.0002872284 0.001627866 0.01343019 -0.0002835664 0.9999975 -0.002249351 -0.003383457 -0.001628508 0.002248887 0.9999961 -0.009224009
0.9999983 0.0002718515 0.001800576 0.01536881 -0.0002674485 0.9999971 -0.002445137 0.001451389 -0.001801235 0.002444651 0.9999954 -0.008032106
0.9999987 -6.287066e-05 0.001593985 0.01150643 6.671094e-05 0.999997 -0.002409289 0.009028154 -0.001593829 0.002409392 0.9999958 -0.007653344
0.9999987 0.0001173451 0.001574893 0.005825852 -0.0001136714 0.9999971 -0.002332567 -0.004900423 -0.001575163 0.002332385 0.9999961 -0.005639519
0.9999988 0.0001511021 0.001534504 0.00774965 -0.0001475287 0.9999974 -0.002328576 0.004643186 -0.001534851 0.002328346 0.9999961 -0.007417669
0.9999984 0.0005107649 0.001722423 0.00689362 -0.000506743 0.9999971 -0.002334644 -0.002005276 -0.00172361 0.002333768 0.9999958 -0.007341112
0.9999987 0.0001610342 0.001608505 0.006241999 -0.000156694 0.9999963 -0.002698063 -0.001466995 -0.001608934 0.002697807 0.9999951 -0.007393803
0.9999987 0.0002961941 0.001537702 0.008380564 -0.0002919584 0.9999962 -0.002754058 -0.00563602 -0.001538511 0.002753606 0.9999951 -0.004760393
0.9999989 0.0004050952 0.001457399 0.008090838 -0.000401085 0.9999961 -0.002750871 -0.001231011 -0.001458507 0.002750283 0.9999952 -0.004890551
0.9999987 0.0005900037 0.001472695 0.01041601 -0.0005862626 0.9999965 -0.002539434 -0.00610119 -0.001474188 0.002538567 0.9999957 -0.006435961
0.9999982 0.0006252021 0.001800025 0.01278627 -0.0006207524 0.9999969 -0.002471566 -0.002003479 -0.001801565 0.002470444 0.9999954 -0.007010326
0.9999987 0.000485248 0.001500218 0.007708932 -0.0004820046 0.9999975 -0.002161552 -0.006212269 -0.001501264 0.002160826 0.9999965 -0.007904942
0.9999986 0.0002272916 0.001674985 0.01020386 -0.00022272 0.9999962 -0.002729031 -0.0004501259 -0.001675599 0.002728654 0.9999949 -0.006879921
0.9999986 0.0004466269 0.001592114 0.01183221 -0.0004423493 0.9999963 -0.002686081 -0.003542883 -0.001593307 0.002685373 0.9999951 -0.004676881
0.999999 0.000189032 0.001395048 0.01143704 -0.0001856987 0.9999971 -0.002389087 -0.01191648 -0.001395496 0.002388826 0.9999962 -0.005677254
0.9999984 0.0006587395 0.001670318 0.01391058 -0.0006544793 0.9999967 -0.002549835 -0.002934296 -0.001671992 0.002548737 0.9999954 -0.006266594
0.9999987 0.0002374206 0.001590343 0.007644757 -0.0002327419 0.9999956 -0.002941493 -0.0008169851 -0.001591034 0.002941119 0.9999944 -0.003827712
0.9999984 0.0005691949 0.00170667 0.01073488 -0.0005641915 0.9999955 -0.002930755 -0.0007340591 -0.00170833 0.002929787 0.9999943 -0.005013288
0.9999988 0.0004830406 0.001482193 0.01179869 -0.0004793478 0.9999968 -0.002490744 -0.003685246 -0.001483391 0.002490031 0.9999958 -0.007215348
0.9999985 0.0001356932 0.001745046 0.006375944 -0.0001315587 0.9999973 -0.002369199 -0.005096692 -0.001745363 0.002368965 0.9999956 -0.007484125
0.9999987 0.0003684662 0.001569194 0.0155183 -0.0003646637 0.9999969 -0.00242285 -0.001464003 -0.001570082 0.002422274 0.9999958 -0.007051674
0.9999986 0.0005442559 0.001610845 0.01200438 -0.0005398555 0.9999961 -0.002730931 -0.00466791 -0.001612325 0.002730058 0.999995 -0.008873324
0.9999992 0.0003364154 0.001260997 0.006916334 -0.0003331556 0.9999965 -0.002584427 -0.005075485 -0.001261862 0.002584004 0.9999959 -0.003648451
0.9999992 0.0004860162 0.001179496 0.01065446 -0.0004828837 0.9999964 -0.002654647 -0.006706637 -0.001180782 0.002654075 0.9999958 -0.004832348
0.999999 0.0004297119 0.001320991 0.007596198 -0.0004261613 0.9999963 -0.002686947 -0.006871956 -0.001322141 0.002686381 0.9999955 -0.004517757
0.9999982 0.0003165343 0.001906955 0.01066836 -0.0003118304 0.9999968 -0.002466512 -0.002195667 -0.001907729 0.002465913 0.9999951 -0.008626727
0.9999989 0.0006847267 0.001339261 0.01342998 -0.0006814553 0.9999969 -0.002441633 -0.006935757 -0.001340928 0.002440718 0.9999961 -0.006342253
0.9999981 0.0007672137 0.001779567 0.01146743 -0.0007629825 0.9999968 -0.002377152 -0.00717926 -0.001781385 0.00237579 0.9999956 -0.008640544
0.9999986 0.0004786751 0.001586844 0.003045953 -0.0004747551 0.9999968 -0.002469741 -0.006732408 -0.001588021 0.002468984 0.9999957 -0.006785499
0.9999984 0.0005245402 0.001716113 0.006622911 -0.0005201394 0.9999964 -0.002563894 -0.0047148 -0.001717452 0.002562997 0.9999952 -0.007262208
0.9999992 0.0002154833 0.001231431 0.01159186 -0.0002124161 0.9999969 -0.002490337 -0.007253764 -0.001231964 0.002490073 0.9999961 -0.006305842
0.9999986 0.0001990038 0.001661976 0.0138108 -0.0001946941 0.9999967 -0.002592846 -0.002895433 -0.001662486 0.002592518 0.9999952 -0.006895173
0.9999984 0.0001649946 0.001784265 0.007824286 -0.0001607068 0.999997 -0.002402997 -0.0007277862 -0.001784657 0.002402706 0.9999955 -0.007695423
0.999999 0.0004956122 0.001326273 0.01288187 -0.0004919446 0.9999961 -0.002764218 -0.01104135 -0.001327638 0.002763563 0.9999953 -0.004239011
0.9999985 0.0002259157 0.001706079 0.005573906 -0.0002221481 0.9999976 -0.002208233 -0.009633884 -0.001706574 0.00220785 0.9999961 -0.00927664
0.9999989 0.0001672581 0.00146613 0.011003 -0.0001635827 0.9999968 -0.00250665 -0.008907564 -0.001466545 0.002506407 0.9999958 -0.006031891
0.9999987 0.0004329108 0.00157165 0.007941845 -0.0004288233 0.9999964 -0.002600201 -0.007848294 -0.00157277 0.002599524 0.9999954 -0.006561124
0.9999986 0.0002456591 0.001634644 0.009049562 -0.0002415446 0.9999968 -0.002516827 -0.005823149 -0.001635257 0.002516428 0.9999955 -0.006795128
0.9999986 0.0003901909 0.001637065 0.01487776 -0.000386538 0.9999975 -0.002231094 -0.004296752 -0.001637931 0.002230457 0.9999962 -0.007819206
0.9999986 0.0005897141 0.001600507 0.01152115 -0.0005856235 0.9999965 -0.002555111 -0.00535764 -0.001602008 0.00255417 0.9999955 -0.007649259
0.9999986 0.0002839481 0.001620239 0.00187459 -0.0002796676 0.9999965 -0.002641503 -0.0005217964 -0.001620983 0.002641046 0.9999952 -0.004851212
0.9999986 0.0005000581 0.001573138 0.009301757 -0.0004963299 0.9999971 -0.002369403 -0.002919049 -0.001574318 0.002368619 0.9999959 -0.008639705
0.9999986 0.000195801 0.001697293 0.003890697 -0.0001912011 0.9999962 -0.002709885 -0.0009636347 -0.001697817 0.002709556 0.9999949 -0.006792971
0.9999989 0.000176317 0.00150672 0.01242624 -0.000172524 0.9999969 -0.002517123 -0.003020066 -0.001507159 0.00251686 0.9999957 -0.006781407
0.9999986 0.0002577729 0.001634629 0.01402539 -0.0002535289 0.9999965 -0.002596008 -0.006462182 -0.001635293 0.00259559 0.9999953 -0.005432116
0.9999985 0.0002002253 0.001712467 0.009020438 -0.0001958069 0.9999967 -0.002579886 -0.008404095 -0.001712978 0.002579547 0.9999952 -0.007496611
0.9999989 0.0003082633 0.001446933 0.008490565 -0.0003044223 0.9999965 -0.00265403 -0.006518425 -0.001447746 0.002653586 0.9999954 -0.005695761
0.9999987 0.0002173841 0.001606208 0.007969375 -0.0002131969 0.9999965 -0.002606635 -0.008199876 -0.001606769 0.002606289 0.9999953 -0.007149195
0.9999985 0.0002833575 0.00172766 0.0021983 -0.0002789456 0.9999968 -0.002553354 -0.01074103 -0.001728378 0.002552869 0.9999952 -0.007897963
0.9999982 0.000903471 0.001698796 0.007882378 -0.0008992821 0.9999967 -0.002464993 -0.006948445 -0.001701017 0.002463461 0.9999955 -0.007280991
0.999999 0.0004426527 0.001349923 0.006176391 -0.0004387428 0.9999957 -0.00289531 0.0005992131 -0.001351199 0.002894715 0.9999949 -0.003608485
0.9999989 0.0003563118 0.001476421 0.01188531 -0.0003527681 0.999997 -0.002399749 -0.00816046 -0.001477271 0.002399226 0.999996 -0.006006809
0.9999987 0.0003866949 0.001567803 0.01011371 -0.0003824002 0.9999962 -0.00273866 -0.001568881 -0.001568856 0.002738057 0.999995 -0.004359863
0.9999984 0.0004260585 0.001740528 0.01011378 -0.0004221556 0.9999975 -0.002242072 -0.005099119 -0.001741478 0.002241333 0.9999959 -0.006424576
0.9999989 0.0005396388 0.001348181 0.005002366 -0.0005360849 0.9999964 -0.002635023 -0.0064176 -0.001349598 0.002634297 0.9999956 -0.003438733
0.9999984 0.0008186552 0.001589219 0.008812157 -0.0008142217 0.9999958 -0.002788314 -0.003768796 -0.001591494 0.002787015 0.9999949 -0.005749051
0.9999989 0.0003435553 0.00147403 0.005999565 -0.0003392624 0.9999956 -0.002911605 -0.00939448 -0.001475024 0.002911101 0.9999947 -0.003264502
0.9999986 0.0006252815 0.001548111 0.006761577 -0.0006211018 0.9999962 -0.002698935 -0.007049098 -0.001549793 0.00269797 0.9999952 -0.005737091
0.999999 0.0004095002 0.001359949 0.007979793 -0.0004057755 0.9999962 -0.002738019 -0.005140591 -0.001361065 0.002737464 0.9999954 -0.004647714
0.9999985 0.0003570559 0.001671555 0.008784008 -0.0003529016 0.9999969 -0.002484941 -0.005313381 -0.001672437 0.002484348 0.9999955 -0.006965555
0.9999987 0.000507726 0.001533512 0.006590182 -0.0005037769 0.9999967 -0.002574557 -0.008773971 -0.001534814 0.002573781 0.9999955 -0.005540902
0.9999985 0.0003988366 0.001716538 0.0105543 -0.0003944041 0.9999967 -0.002581782 -0.002144522 -0.001717561 0.002581101 0.9999952 -0.008698511
0.9999987 0.0002622925 0.001554783 0.01469517 -0.000257837 0.9999959 -0.002865168 -0.008388899 -0.001555528 0.002864763 0.9999947 -0.005292037
0.9999985 -3.110183e-05 0.001740579 0.01189529 3.519652e-05 0.9999973 -0.002352511 -0.003666857 -0.001740501 0.002352569 0.9999957 -0.008946009
0.9999986 0.0007513579 0.001467034 0.007656015 -0.0007473542 0.9999961 -0.00272783 -0.01124393 -0.001469078 0.00272673 0.9999952 -0.003997957
0.9999985 0.0002295002 0.001760209 0.008692529 -0.0002247712 0.9999963 -0.002686388 -0.009447655 -0.001760819 0.002685988 0.9999948 -0.006412723
0.9999983 0.0005935838 0.001775517 0.004281078 -0.0005884956 0.9999956 -0.002864918 -0.00554026 -0.00177721 0.002863868 0.9999943 -0.003894695
0.9999985 0.0002283498 0.001712893 0.00949733 -0.0002244747 0.9999974 -0.002262128 -0.00560619 -0.001713406 0.00226174 0.9999959 -0.007273917
0.9999984 0.0003151047 0.001778607 0.01584943 -0.0003110516 0.9999973 -0.00227864 -0.006080972 -0.00177932 0.002278083 0.9999958 -0.00762438
0.9999988 0.000283099 0.001508676 0.005371296 -0.0002788179 0.9999959 -0.002837124 -0.0003775523 -0.001509473 0.0028367 0.9999948 -0.005155483
0.9999987 0.0002462542 0.001592288 0.006327555 -0.0002420658 0.9999965 -0.002630085 -0.004008987 -0.001592931 0.002629696 0.9999953 -0.006361438
0.9999979 0.000651152 0.001946509 0.006035507 -0.0006460199 0.9999964 -0.002636005 -0.0005531246 -0.001948219 0.002634742 0.9999946 -0.005922529
0.9999983 0.0006496565 0.001756607 0.01093968 -0.0006447114 0.9999958 -0.002814208 -0.007149288 -0.001758428 0.002813071 0.9999945 -0.006246097
0.9999977 0.0007970575 0.001968648 0.01268668 -0.0007925136 0.9999969 -0.00230785 -0.007224007 -0.001970482 0.002306285 0.9999954 -0.009184928
0.9999975 0.0009561283 0.002034767 0.0100681 -0.0009521415 0.9999975 -0.001959387 -0.01082168 -0.002036636 0.001957445 0.999996 -0.01072098
0.9999982 0.0006905439 0.001798357 0.006913638 -0.0006866525 0.9999974 -0.002163599 -0.01391478 -0.001799846 0.00216236 0.9999961 -0.008543299
