1.0 0.0 0.0 0.0 0.0 1.0 0.0 0.0 0.0 0.0 1.0 0.0
0.99997 -0.006855994 -0.003600563 1.708954 0.006853362 0.9999762 -0.0007426942 0.02509451 0.003605569 0.000717996 0.9999933 -0.02557707
0.9999034 -0.0104872 -0.009115604 3.250656 0.01049039 0.9999449 0.0003015393 0.03577482 0.00911194 -0.0003971364 0.9999584 -0.06243723
0.9997915 -0.01440661 -0.01447045 4.811094 0.0144446 0.9998925 0.00252468 0.060099 0.01443252 -0.002733174 0.9998921 -0.07589199
0.9996619 -0.01855429 -0.018219 6.364299 0.01860499 0.9998235 0.00261759 0.07333298 0.01816721 -0.002955669 0.9998306 -0.1092851
0.9995331 -0.02577246 -0.01641611 7.922481 0.02584034 0.9996582 0.003936161 0.107735 0.01630905 -0.00435852 0.9998575 -0.1280886
0.9993291 -0.03290268 -0.01608268 9.489751 0.03294606 0.9994541 0.002439565 0.1413741 0.01599363 -0.00296779 0.9998677 -0.1556372
0.9991512 -0.03898704 -0.01330255 11.05232 0.03903029 0.9992335 0.003006977 0.1723925 0.01317512 -0.003523626 0.999907 -0.1986915
0.9988763 -0.04522829 -0.01415834 12.58947 0.04528575 0.9989668 0.003764582 0.2271467 0.01397344 -0.004401523 0.9998927 -0.2176108
0.9986633 -0.05048588 -0.01107915 14.14672 0.05053791 0.9987121 0.004467293 0.28487 0.01083935 -0.005021239 0.9999287 -0.2653699
0.9983559 -0.05588189 -0.01275974 15.68254 0.05595511 0.9984185 0.005455113 0.3493372 0.01243472 -0.006160117 0.9999037 -0.287856
0.9979387 -0.0627101 -0.01363332 17.24662 0.06275193 0.9980255 0.00266139 0.4462306 0.01343951 -0.003511422 0.9999035 -0.325959
0.9975283 -0.06885182 -0.0140244 18.8109 0.06892928 0.9976083 0.005115891 0.532814 0.01363862 -0.006069938 0.9998885 -0.3634512
0.9970435 -0.07484934 -0.01737241 20.35472 0.07498696 0.997157 0.007410056 0.642847 0.01676838 -0.008690853 0.9998216 -0.4069225
0.9964791 -0.08091227 -0.02196833 21.93028 0.08110099 0.996675 0.007839015 0.7498816 0.02126102 -0.009593068 0.9997279 -0.4299437
0.9958158 -0.08812401 -0.02418806 23.51827 0.08827486 0.9960825 0.005239001 0.8905742 0.02363162 -0.007352278 0.9996937 -0.4721681
0.9952217 -0.09496289 -0.02271089 25.10009 0.09507519 0.9954623 0.003914759 1.019133 0.02223608 -0.006055296 0.9997344 -0.489264
0.9946105 -0.1016053 -0.02064451 26.6991 0.1017029 0.9948078 0.003731426 1.168885 0.02015819 -0.005810923 0.9997799 -0.5214065
0.9937701 -0.1095552 -0.02046327 28.29654 0.1096822 0.9939532 0.005188032 1.318045 0.01977116 -0.007400169 0.9997771 -0.5499547
0.9929358 -0.1167406 -0.02121619 29.89057 0.1168591 0.9931387 0.004430403 1.494273 0.02055341 -0.006878412 0.9997651 -0.5804371
0.9920313 -0.1239746 -0.02245606 31.49084 0.1241247 0.9922518 0.005415834 1.669209 0.02161065 -0.00816003 0.9997332 -0.6211622
0.9910681 -0.1312498 -0.023611 33.09541 0.1314028 0.9913162 0.005044844 1.879346 0.02274383 -0.008102336 0.9997085 -0.662599
0.989924 -0.139513 -0.02421895 34.70725 0.1397029 0.9901732 0.006325558 2.093883 0.02309845 -0.009645279 0.9996867 -0.6883818
0.989 -0.1459551 -0.02400471 36.31385 0.146183 0.9892249 0.008022678 2.305363 0.02257512 -0.01144351 0.9996796 -0.7321462
0.9878778 -0.1532653 -0.02464043 37.92417 0.1535034 0.9881153 0.008069275 2.537607 0.02311084 -0.01175385 0.9996638 -0.7631809
0.9866661 -0.160768 -0.02537033 39.53567 0.1610086 0.9869227 0.007731837 2.79121 0.02379553 -0.01171358 0.9996482 -0.8080231
0.9855783 -0.1672146 -0.02597584 41.17522 0.1673989 0.9858762 0.005076758 3.043586 0.02476005 -0.00935187 0.9996497 -0.834909
0.9844367 -0.1738343 -0.02580813 42.79019 0.174028 0.9847256 0.005442518 3.311122 0.02446783 -0.009849151 0.9996521 -0.8861038
0.9831787 -0.1806491 -0.02693696 44.39011 0.1809009 0.9834749 0.007207521 3.595277 0.02518979 -0.0119592 0.9996111 -0.9199423
0.981986 -0.1865877 -0.02980617 46.02473 0.1869065 0.982343 0.008272391 3.876706 0.02773635 -0.01369434 0.9995215 -0.9453822
0.9805263 -0.1940223 -0.03038942 47.64207 0.1943846 0.98088 0.009434046 4.195732 0.02797796 -0.01515757 0.9994936 -1.002286
0.9790584 -0.2009231 -0.03278031 49.2863 0.2013691 0.9794549 0.01089137 4.508784 0.02991851 -0.01726423 0.9994032 -1.042761
0.9775609 -0.2082634 -0.03163977 50.93143 0.2086601 0.9779395 0.009764422 4.850421 0.02890821 -0.01614727 0.9994516 -1.090766
0.9760979 -0.2151842 -0.03047543 52.57944 0.2155572 0.9764451 0.009497217 5.191819 0.02771393 -0.01583941 0.9994904 -1.123319
0.9746355 -0.2215993 -0.03129368 54.21265 0.2219982 0.9749972 0.009863126 5.552568 0.02832558 -0.01656009 0.9994616 -1.163004
0.9731017 -0.2282472 -0.03124582 55.85388 0.2287042 0.9734236 0.01188286 5.908611 0.02770318 -0.01870928 0.9994411 -1.21002
0.9716999 -0.2341357 -0.03130208 57.5309 0.2345765 0.9720333 0.01118748 6.302412 0.02780728 -0.01821361 0.9994473 -1.26613
0.9700931 -0.2405408 -0.03254836 59.15625 0.2409764 0.9704779 0.01013608 6.694921 0.02914933 -0.01767633 0.9994187 -1.30498
0.9688641 -0.2454013 -0.03287185 60.83711 0.245806 0.9692788 0.008830831 7.095607 0.02969489 -0.01663597 0.9994206 -1.339462
0.9675403 -0.2504137 -0.03403993 62.49884 0.2508708 0.9679708 0.009824168 7.507171 0.03048955 -0.0180449 0.9993722 -1.387992
0.9661334 -0.2558931 -0.03324343 64.16702 0.256404 0.9664943 0.01207009 7.938896 0.02904093 -0.02018506 0.9993744 -1.425056
0.9647181 -0.2611251 -0.03365541 65.82516 0.2617039 0.965046 0.01404844 8.36732 0.02881061 -0.02236053 0.9993348 -1.475578
0.9631089 -0.2671955 -0.03205897 67.50452 0.2677587 0.9633735 0.01471298 8.807209 0.02695353 -0.02275428 0.9993777 -1.529243
0.9609763 -0.2746429 -0.03310265 69.18181 0.2752396 0.961259 0.01497658 9.278517 0.02770701 -0.0235033 0.9993398 -1.572937
0.9591862 -0.2811474 -0.03029765 70.87525 0.281706 0.959367 0.01600627 9.751326 0.02456645 -0.02388803 0.9994128 -1.632282
0.9572079 -0.2877544 -0.03082965 72.55358 0.2883551 0.9573704 0.01713259 10.22886 0.02458541 -0.02528933 0.9993778 -1.690508
0.9552067 -0.2946971 -0.02708861 74.24124 0.2952135 0.955271 0.01751053 10.73722 0.02071666 -0.0247231 0.9994797 -1.74417
0.9528387 -0.3022155 -0.02764411 75.94449 0.3027089 0.9529526 0.0157622 11.24375 0.02157995 -0.02338696 0.9994935 -1.807007
0.9503984 -0.3100376 -0.02489186 77.64996 0.3104365 0.9504895 0.01409987 11.76585 0.01928796 -0.02112784 0.9995907 -1.855431
0.9480149 -0.3171994 -0.0255403 79.33422 0.3176101 0.9481188 0.01395563 12.31452 0.01978852 -0.021342 0.9995764 -1.913916
0.9453882 -0.3249942 -0.024898 81.02715 0.3253888 0.9454796 0.01379117 12.87761 0.01905851 -0.02113954 0.9995949 -1.966692
0.9428257 -0.3323296 -0.02523341 82.72073 0.3327456 0.9429053 0.01449788 13.44834 0.01897464 -0.02206527 0.9995764 -2.027792
0.94042 -0.3389161 -0.02731559 84.41757 0.3393942 0.9405214 0.01519942 14.03891 0.02053957 -0.02356459 0.9995113 -2.078145
0.9377352 -0.3463034 -0.02695555 86.12608 0.346807 0.9377846 0.01688391 14.65209 0.01943155 -0.02518101 0.999494 -2.135668
0.9348099 -0.3540962 -0.02731864 87.83199 0.3546053 0.9348674 0.0166758 15.2754 0.01963447 -0.02527604 0.9994877 -2.201095
0.9320793 -0.3613329 -0.02582017 89.51995 0.3617965 0.9321159 0.01622197 15.90793 0.01820586 -0.02446181 0.999535 -2.241521
0.9289201 -0.3694344 -0.0250133 91.23121 0.3698883 0.9289244 0.01679058 16.56584 0.01703245 -0.02484924 0.9995461 -2.314154
0.9255884 -0.3777721 -0.02396501 92.91668 0.3781428 0.9256514 0.01332832 17.233 0.01714818 -0.02139874 0.999624 -2.368064
0.9223492 -0.3855715 -0.02462929 94.60663 0.3859512 0.9224279 0.01298478 17.91492 0.01771218 -0.02148221 0.9996123 -2.413675
0.9193771 -0.3923798 -0.02799652 96.30777 0.3928626 0.9194853 0.01433651 18.62556 0.02011704 -0.02417945 0.9995052 -2.484424
0.9161894 -0.3996693 -0.02935186 97.98544 0.400247 0.9162443 0.01728746 19.33573 0.01998421 -0.02758659 0.9994196 -2.540318
0.913312 -0.4060678 -0.03114694 99.69045 0.4067057 0.9133874 0.01772231 20.06159 0.02125276 -0.02885364 0.9993577 -2.588097
0.9097143 -0.414104 -0.03062196 101.3629 0.4147636 0.9097199 0.01951895 20.80198 0.01977453 -0.03045754 0.9993404 -2.644409
0.9064347 -0.4215135 -0.02650382 103.066 0.4221095 0.9062411 0.02346535 21.56819 0.01412788 -0.03245732 0.9993733 -2.710162
0.9031945 -0.4284166 -0.02643459 104.7794 0.4289949 0.9030277 0.02246282 22.34562 0.01424772 -0.0316286 0.9993981 -2.807901
0.8990211 -0.4368893 -0.02981306 106.4785 0.4374286 0.8991345 0.01460212 23.15546 0.02042645 -0.0261687 0.9994488 -2.862454
0.89549 -0.4440951 -0.02961681 108.1769 0.4446375 0.8955857 0.01496733 23.97392 0.01987747 -0.02657183 0.9994493 -2.928891
0.8910855 -0.4526243 -0.03313404 109.8672 0.4532916 0.8912156 0.01616845 24.81625 0.02221134 -0.02942686 0.9993201 -2.972008
0.887185 -0.46025 -0.03275162 111.5642 0.460924 0.8872776 0.01695799 25.66029 0.02125486 -0.03014088 0.9993197 -3.03696
0.8822027 -0.4696319 -0.03412118 113.23 0.4703009 0.8823814 0.01484102 26.52667 0.02313807 -0.02914001 0.9993075 -3.085674
0.877538 -0.4784337 -0.03206829 114.8965 0.4790251 0.8776911 0.01389627 27.40811 0.02149762 -0.02755602 0.9993891 -3.156814
0.8724885 -0.4875479 -0.03257005 116.5569 0.4881666 0.8726308 0.01444365 28.29665 0.02137966 -0.02850153 0.9993651 -3.219303
0.8679914 -0.4956152 -0.0309278 118.2103 0.4962294 0.8680335 0.01656188 29.22318 0.01863805 -0.02972285 0.9993844 -3.280543
0.8622822 -0.5053903 -0.03240329 119.8479 0.5061232 0.8622169 0.0205189 30.15843 0.01756862 -0.03409314 0.9992642 -3.343688
0.8571808 -0.5141512 -0.02982755 121.4786 0.5148142 0.8570271 0.02170747 31.09562 0.01440209 -0.03396287 0.9993193 -3.419074
0.8522924 -0.5223482 -0.0273871 123.1181 0.5228928 0.852188 0.01893351 32.07579 0.01344908 -0.0304574 0.9994456 -3.502107
0.8470775 -0.5306958 -0.02866559 124.742 0.531161 0.8471909 0.01164772 33.06015 0.01810383 -0.02509257 0.9995212 -3.562629
0.8427729 -0.5374381 -0.02990163 126.3416 0.5379161 0.8429314 0.01062682 34.06408 0.01949376 -0.02504057 0.9994963 -3.636602
0.8378432 -0.5447903 -0.034962 127.9254 0.5453993 0.8381116 0.01041368 35.07508 0.02362878 -0.02779328 0.9993344 -3.690241
0.8337201 -0.5510024 -0.03615537 129.5208 0.5517704 0.8338467 0.01577882 36.11858 0.02145387 -0.03310458 0.9992216 -3.75174
0.8289006 -0.5579315 -0.04045138 131.1054 0.5588483 0.8291203 0.01575885 37.15918 0.02474669 -0.03566871 0.9990572 -3.812389
0.825036 -0.563764 -0.03854617 132.682 0.5645515 0.8252943 0.01307835 38.20973 0.02443883 -0.03255141 0.9991713 -3.876558
0.8203599 -0.5705104 -0.03908239 134.2422 0.5712315 0.8207315 0.009711614 39.26663 0.02653557 -0.03029211 0.9991888 -3.91834
0.8159318 -0.5769147 -0.03774499 135.7951 0.5776713 0.8161705 0.01270583 40.35088 0.02347617 -0.03217129 0.9992066 -3.991518
0.8115928 -0.5827351 -0.04167699 137.3389 0.5836605 0.8118761 0.01406081 41.43588 0.02564283 -0.03573687 0.9990322 -4.033731
0.8076557 -0.5880529 -0.04342868 138.8857 0.5890551 0.8079633 0.01447395 42.53854 0.02657733 -0.03727185 0.9989517 -4.102496
0.8031535 -0.5942528 -0.04252245 140.4313 0.5952857 0.8033348 0.01697703 43.64795 0.02407111 -0.03894817 0.9989513 -4.142935
0.7990091 -0.6000266 -0.03940229 141.9587 0.6009839 0.7990351 0.01901724 44.75379 0.02007296 -0.03887509 0.9990425 -4.204522
0.7948275 -0.6059549 -0.03267797 143.4973 0.6066458 0.7947726 0.01782327 45.88531 0.01517145 -0.03399038 0.999307 -4.276548
0.7912524 -0.6106498 -0.0320385 145.0128 0.6112643 0.7912968 0.01432917 47.03131 0.01660186 -0.03092199 0.9993839 -4.352956
0.7871701 -0.6159425 -0.0312728 146.518 0.6165189 0.787226 0.01340639 48.18366 0.0163612 -0.02983338 0.999421 -4.405875
0.7843245 -0.6194568 -0.03329168 148.0229 0.6201631 0.784277 0.0175223 49.35351 0.0152556 -0.03438944 0.9992921 -4.486451
0.7814822 -0.6230472 -0.03313269 149.5118 0.6237944 0.7813101 0.02086505 50.51209 0.01288699 -0.03697365 0.9992331 -4.538314
0.7786283 -0.6266365 -0.03262989 151.0103 0.6273527 0.7784797 0.01994253 51.69198 0.01290499 -0.03599827 0.9992685 -4.605884
0.7763439 -0.629688 -0.0279822 152.4907 0.6302125 0.776238 0.01693702 52.83944 0.0110558 -0.03078369 0.9994649 -4.6776
0.7743213 -0.6322799 -0.02547062 153.9607 0.6327382 0.7741555 0.01804941 54.01944 0.008305939 -0.03009227 0.9995126 -4.758719
0.7726087 -0.6344294 -0.02398249 155.4288 0.6348361 0.7724576 0.01710274 55.18756 0.007674973 -0.02843867 0.9995661 -4.826064
0.7711733 -0.6362121 -0.02293172 156.8904 0.6365762 0.7710607 0.0153659 56.36672 0.007905778 -0.02644756 0.9996189 -4.908374
0.769223 -0.638509 -0.02454008 158.3308 0.6388762 0.7692237 0.01148723 57.53419 0.01154211 -0.02451431 0.9996328 -4.954646
0.7674339 -0.6407086 -0.02318661 159.7599 0.6410493 0.7674043 0.01209445 58.71577 0.01004449 -0.02414546 0.999658 -5.025081
0.7659587 -0.6425897 -0.01964132 161.2045 0.6428727 0.7658033 0.01611953 59.88708 0.004683144 -0.02497377 0.9996771 -5.050745
0.7641473 -0.6447451 -0.01956272 162.6145 0.6450418 0.7637889 0.02339447 61.05563 -0.000141683 -0.03049559 0.9995349 -5.158925
0.7629829 -0.6461887 -0.01724353 164.0471 0.6464185 0.7626899 0.02114829 62.22672 -0.000514321 -0.02728231 0.9996276 -5.200816
0.761451 -0.6480689 -0.01410693 165.4158 0.6482214 0.7612302 0.01836796 63.37828 -0.001165079 -0.02313071 0.9997318 -5.290406
0.7600325 -0.6497254 -0.01440299 166.8239 0.649878 0.7599406 0.01220528 64.5443 0.003015332 -0.0186366 0.9998218 -5.34371
0.7610247 -0.6486671 -0.008505455 168.1811 0.6487156 0.7608885 0.01471718 65.68723 -0.00307485 -0.01671776 0.9998555 -5.416002
0.7621792 -0.6471745 -0.01574694 169.5479 0.647346 0.7621218 0.01065221 66.82862 0.005107249 -0.01831261 0.9998193 -5.48467
0.7649366 -0.6440075 -0.01124014 170.9121 0.6441049 0.7648447 0.01190098 67.97718 0.0009326381 -0.01634332 0.999866 -5.517615
0.7669357 -0.6415508 -0.01490809 172.2771 0.6417202 0.7668042 0.01437482 69.08707 0.002209413 -0.02059139 0.9997855 -5.571048
0.76951 -0.6385983 -0.006821921 173.6409 0.6386044 0.7693255 0.01796123 70.2126 -0.006221736 -0.01817786 0.9998154 -5.634604
0.7714879 -0.6361031 -0.0133875 175.0005 0.6362427 0.7713575 0.01423391 71.29656 0.001272317 -0.01949899 0.9998091 -5.715402
0.7734637 -0.6338006 -0.007129531 176.3514 0.6338393 0.7733898 0.01075993 72.39106 -0.00130574 -0.01284139 0.9999167 -5.770354
0.7742894 -0.6327999 -0.006334367 177.7005 0.6328291 0.7742195 0.01055327 73.47098 -0.001773918 -0.01217986 0.9999242 -5.80891
0.7759422 -0.6307946 -0.003448091 179.0194 0.6307678 0.7758274 0.01496043 74.52246 -0.006761836 -0.01378338 0.9998822 -5.867188
0.7764891 -0.6301302 -0.0008651107 180.3556 0.6300317 0.776342 0.01879437 75.58243 -0.01117127 -0.01513867 0.999823 -5.920138
0.776879 -0.6296499 0.0002560443 181.6914 0.6295443 0.7767558 0.01800103 76.63672 -0.01153323 -0.01382343 0.9998379 -6.014781
0.7765644 -0.6300277 0.003584562 182.9997 0.6298903 0.7764931 0.01722475 77.67593 -0.01363545 -0.01111824 0.9998452 -6.060884
0.7762443 -0.6304152 0.00463759 184.2996 0.6302993 0.7762107 0.01482497 78.71523 -0.01294564 -0.008584729 0.9998794 -6.131048
0.7759872 -0.6307032 0.007575113 185.629 0.6305612 0.7759935 0.01505804 79.7679 -0.01537539 -0.006908271 0.9998579 -6.181194
0.7762285 -0.6304305 0.005162907 186.9392 0.6303186 0.7762067 0.01418714 80.81225 -0.01295149 -0.007758189 0.999886 -6.245439
0.7755139 -0.6312518 0.009965612 188.2492 0.6310648 0.7755489 0.01676499 81.85632 -0.01831175 -0.006712537 0.9998098 -6.298429
0.7754546 -0.6313521 0.008040754 189.5471 0.6311609 0.7754468 0.01783146 82.88337 -0.01749311 -0.008752478 0.9998087 -6.353046
0.7751287 -0.6317221 0.01013364 190.8391 0.6314982 0.7751533 0.01864726 83.92307 -0.019635 -0.008054657 0.9997748 -6.42287
0.7750046 -0.631864 0.01076575 192.1491 0.6316196 0.7750354 0.01940919 84.96471 -0.0206078 -0.008242348 0.9997537 -6.475182
0.7751634 -0.631686 0.009716139 193.4362 0.6314418 0.775169 0.01985213 85.98655 -0.02007196 -0.009253468 0.9997557 -6.559906
0.774475 -0.6325284 0.009813696 194.7364 0.6322799 0.7744812 0.02002258 87.03191 -0.02026538 -0.009301987 0.9997514 -6.606541
0.7745946 -0.6323428 0.01207224 196.013 0.6320622 0.7746439 0.02059274 88.0455 -0.02237336 -0.008320622 0.999715 -6.685299
0.7738904 -0.6331616 0.01414053 197.2957 0.6328722 0.7739902 0.02030446 89.07442 -0.02380063 -0.006764278 0.9996938 -6.739131
0.7737565 -0.6333283 0.01400867 198.5869 0.633065 0.7738601 0.01922118 90.1013 -0.02301406 -0.00600412 0.9997171 -6.804566
0.773716 -0.6332901 0.01752765 199.8612 0.6329586 0.7738966 0.02115906 91.12328 -0.02696441 -0.005276827 0.9996225 -6.866485
0.7733107 -0.6337939 0.01720425 201.1274 0.6334754 0.7734849 0.02073758 92.14145 -0.02645058 -0.005138127 0.9996369 -6.92302
0.7729002 -0.6342294 0.01945493 202.4175 0.6338962 0.7731354 0.02090726 93.17383 -0.0283013 -0.003826813 0.9995921 -7.0021
0.7724323 -0.6348484 0.01777381 203.68 0.6345475 0.7726256 0.01998098 94.18983 -0.02641739 -0.004155622 0.9996424 -7.060472
0.7720423 -0.6353422 0.01705771 204.9458 0.6350384 0.772216 0.0202175 95.207 -0.02601726 -0.004776464 0.9996501 -7.131186
0.7712954 -0.6362894 0.01546699 206.2046 0.6359816 0.771426 0.02072063 96.22653 -0.02511596 -0.006145007 0.9996657 -7.188051
0.7707782 -0.6369341 0.0146934 207.4673 0.6365977 0.7708802 0.0220675 97.24215 -0.02538239 -0.007655367 0.9996485 -7.264524
0.7700112 -0.6379015 0.01281878 208.7183 0.637576 0.7700658 0.02226547 98.27003 -0.02407448 -0.008971715 0.9996699 -7.318556
0.7700309 -0.637872 0.01309966 209.9592 0.6375833 0.7701055 0.02061194 99.26994 -0.02323591 -0.007519708 0.9997017 -7.399806
0.7694132 -0.6386482 0.01148299 211.211 0.6383771 0.7694534 0.02040167 100.2869 -0.02186512 -0.008366832 0.9997259 -7.472674
0.768679 -0.6395222 0.01199825 212.4537 0.6392974 0.7687473 0.0180595 101.3098 -0.02077307 -0.006211506 0.9997649 -7.526814
0.7687621 -0.6394301 0.01157211 213.6799 0.6392356 0.7688301 0.01667967 102.3079 -0.01956247 -0.00542539 0.9997939 -7.576133
0.7683402 -0.6399548 0.0105471 214.9027 0.6397651 0.768388 0.01673597 103.3025 -0.01881453 -0.006111246 0.9998043 -7.64571
0.7681042 -0.6402149 0.01186643 216.1201 0.6399725 0.7681643 0.01893722 104.2978 -0.02123926 -0.006951571 0.9997503 -7.694446
0.7679235 -0.6404145 0.01275925 217.3325 0.6401608 0.7680014 0.01918283 105.2955 -0.02208409 -0.006562979 0.9997346 -7.760932
0.7677369 -0.6406863 0.01005884 218.5407 0.6404492 0.7677567 0.01935723 106.282 -0.02012465 -0.008419085 0.9997621 -7.830678
0.7674025 -0.6410909 0.009796487 219.7398 0.6409091 0.7674382 0.01656701 107.2601 -0.01813915 -0.006434908 0.9998147 -7.882532
0.7669127 -0.6416537 0.01119546 220.9259 0.6414526 0.7669711 0.01713271 108.2409 -0.01957987 -0.005957935 0.9997905 -7.940372
0.7668148 -0.6418115 0.008551272 222.1102 0.6416515 0.766834 0.01577912 109.2045 -0.01668462 -0.006612726 0.9998389 -8.009548
0.7667297 -0.6418949 0.009820442 223.2926 0.6417191 0.7667679 0.01623332 110.1739 -0.01795008 -0.006144601 0.99982 -8.054153
0.766273 -0.6424249 0.01077014 224.4531 0.6422456 0.7663293 0.01612085 111.1345 -0.01860991 -0.005435897 0.9998121 -8.110667
0.7659462 -0.6428413 0.009021293 225.6211 0.6426673 0.7659692 0.01642541 112.0905 -0.01746896 -0.006783288 0.9998244 -8.162691
0.7656736 -0.6431601 0.009433564 226.7714 0.6429687 0.7656984 0.01723809 113.0381 -0.01831011 -0.007133263 0.9998069 -8.2277
0.76572 -0.6431149 0.008719198 227.922 0.6429605 0.7657448 0.01538582 113.9868 -0.01657153 -0.006175132 0.9998436 -8.275115
0.7654252 -0.6434721 0.008241689 229.0731 0.6433558 0.7654549 0.01311479 114.9345 -0.01474764 -0.004736052 0.99988 -8.3395
0.7656375 -0.6432351 0.006905244 230.2092 0.6431144 0.7656435 0.01393457 115.8764 -0.01425016 -0.006227965 0.9998791 -8.377328
0.7658058 -0.6430384 0.00655848 231.3566 0.642939 0.7658151 0.01251514 116.8137 -0.0130703 -0.005367466 0.9999002 -8.428414
0.766032 -0.6427509 0.008147372 232.4931 0.6426233 0.7660563 0.01389938 117.7533 -0.01517518 -0.00541168 0.9998702 -8.474273
0.7667447 -0.641926 0.005793757 233.6345 0.641809 0.7667331 0.01419152 118.6823 -0.01355217 -0.007162789 0.9998825 -8.528373
0.7676433 -0.6408189 0.008650979 234.7662 0.6406648 0.7676665 0.01539224 119.6121 -0.01650471 -0.006273376 0.9998441 -8.586119
0.7684655 -0.6398613 0.006185945 235.9167 0.6397156 0.7684451 0.0159955 120.5461 -0.01498846 -0.008334739 0.999853 -8.62748
0.7689917 -0.6392151 0.007474768 237.0473 0.6390916 0.7690054 0.01387609 121.4833 -0.01461794 -0.005893536 0.9998758 -8.661851
0.7696561 -0.6384489 0.003541327 238.1916 0.638359 0.7696222 0.01339969 122.4148 -0.0112805 -0.008052513 0.999904 -8.725616
0.7700226 -0.63801 0.002877739 239.3326 0.6379386 0.7699914 0.01215878 123.354 -0.009973261 -0.007526719 0.9999219 -8.758531
0.7707071 -0.6371889 -0.0008321572 240.475 0.6371548 0.7706509 0.01144194 124.278 -0.006649374 -0.009348596 0.9999342 -8.815101
0.7710953 -0.6367197 -6.680028e-05 241.6078 0.6366868 0.7710544 0.01024489 125.1946 -0.006471619 -0.007942319 0.9999475 -8.844163
0.7710397 -0.6367796 -0.003095133 242.7468 0.6367738 0.770983 0.0102277 126.1117 -0.004126493 -0.009856857 0.9999429 -8.911911
0.7711941 -0.6365988 -0.001310308 243.886 0.6365654 0.7711289 0.01203544 127.0431 -0.006651327 -0.01011575 0.9999267 -8.93396
0.77136 -0.6363708 -0.005989664 245.0058 0.6363906 0.7712673 0.0124068 127.9658 -0.003275696 -0.01338188 0.9999051 -8.983557
0.7712666 -0.6364907 -0.005233704 246.1439 0.6365103 0.7712176 0.008848076 128.8846 -0.001595394 -0.01015553 0.9999471 -9.035479
0.7711922 -0.6365791 -0.00544546 247.2742 0.6366016 0.7711499 0.008141104 129.8094 -0.0009831917 -0.009744944 0.999952 -9.055723
0.771209 -0.6365547 -0.005903419 248.4052 0.6365809 0.7711918 0.005285703 130.7203 0.00118803 -0.007834386 0.9999686 -9.103426
0.770893 -0.6369522 -0.003994457 249.5362 0.6369635 0.7708642 0.006774883 131.6381 -0.001236092 -0.007767033 0.9999691 -9.146462
0.7708718 -0.6369625 -0.005959429 250.6605 0.63699 0.7708485 0.006047015 132.5504 0.0007420948 -0.008457569 0.9999639 -9.175679
0.770776 -0.6370879 -0.00482501 251.7829 0.6371062 0.7707523 0.006024204 133.4557 -0.0001190596 -0.007717356 0.9999702 -9.214269
0.7708223 -0.6370344 -0.00450141 252.9061 0.63705 0.7707956 0.006454836 134.3653 -0.0006422856 -0.007843154 0.9999691 -9.249999
0.7705599 -0.6373658 -0.001492841 254.0283 0.6373547 0.7705275 0.008160342 135.2836 -0.004050848 -0.007239501 0.9999656 -9.293299
0.7704107 -0.6375164 -0.006343609 255.14 0.6375456 0.7703966 0.004980242 136.1987 0.001712108 -0.007881172 0.9999675 -9.327262
0.7700466 -0.6379683 -0.004961357 256.2686 0.6379712 0.7700593 -0.001197902 137.1254 0.004584763 -0.002242763 0.9999869 -9.362311
0.769791 -0.6382175 -0.0100105 257.3857 0.638248 0.7698308 -0.0001835569 138.0264 0.007823542 -0.006247883 0.9999499 -9.379541
0.7694175 -0.638667 -0.01006054 258.4935 0.6387295 0.7694159 0.004877413 138.9321 0.004625696 -0.01017873 0.9999375 -9.414885
0.7692837 -0.6387882 -0.01234029 259.6067 0.6389014 0.7692169 0.01050215 139.8302 0.00278371 -0.01596336 0.9998687 -9.439506
0.7689396 -0.6392189 -0.0114538 260.7225 0.6393164 0.7688817 0.009775214 140.7456 0.002558116 -0.01483915 0.9998866 -9.494238
0.7688254 -0.6393588 -0.01131117 261.8297 0.6394501 0.7687871 0.008374527 141.6465 0.003341552 -0.01367148 0.9999009 -9.539586
0.7682062 -0.6400782 -0.01261233 262.9502 0.6401332 0.7682638 0.0004168916 142.5627 0.009422754 -0.00839383 0.9999204 -9.568438
0.7682995 -0.6399597 -0.01294413 264.0632 0.6399933 0.7683783 -0.001890701 143.4753 0.01115596 -0.00683153 0.9999144 -9.606513
0.7685711 -0.639537 -0.0170575 265.1691 0.6396103 0.768698 -0.00145457 144.3684 0.01404232 -0.009792212 0.9998534 -9.626575
0.7691631 -0.6389018 -0.01387993 266.2838 0.6389657 0.7692353 0.0002241903 145.2828 0.0105337 -0.00904124 0.9999036 -9.646012
0.7694687 -0.6385058 -0.01511353 267.4162 0.6385379 0.7695837 -0.003221905 146.1937 0.01368833 -0.007171409 0.9998806 -9.676682
0.7691191 -0.6389779 -0.01276877 268.5368 0.6389513 0.7692189 -0.006593875 147.1052 0.01403532 -0.003087146 0.9998967 -9.690613
0.7689421 -0.6390822 -0.01737648 269.6448 0.6391045 0.7691038 -0.004963327 148.0091 0.01653629 -0.007288877 0.9998367 -9.732806
0.7687082 -0.6392909 -0.01987111 270.756 0.6393657 0.7688962 -0.003157431 148.9137 0.01729734 -0.01027776 0.9997976 -9.738521
0.7688735 -0.6389596 -0.02375283 271.8718 0.6391308 0.7690978 -0.0004961551 149.8388 0.01858527 -0.01479968 0.9997177 -9.757976
0.7683198 -0.6396201 -0.02389019 272.9827 0.6397679 0.7685661 -0.001837163 150.7545 0.01953627 -0.01387265 0.9997129 -9.779937
0.7680445 -0.6399378 -0.02423462 274.1107 0.6400904 0.7682974 -0.001842177 151.6653 0.01979828 -0.01409747 0.9997046 -9.821277
0.7672405 -0.6409549 -0.02277723 275.2376 0.641038 0.7674966 -0.00440291 152.5813 0.02030351 -0.01122298 0.9997309 -9.825587
0.7669306 -0.6412554 -0.02467607 276.3539 0.6413799 0.7672154 -0.003532575 153.5205 0.02119714 -0.0131175 0.9996893 -9.863914
0.7662876 -0.642014 -0.02492713 277.4675 0.6421281 0.7665859 -0.004180484 154.4468 0.02179272 -0.01280296 0.9996805 -9.881797
0.7654047 -0.6429455 -0.02786854 278.5906 0.6431286 0.7657523 -0.002987821 155.3672 0.0232614 -0.01563617 0.9996071 -9.911759
0.7645502 -0.6439654 -0.02777751 279.7182 0.6441197 0.7649133 -0.004170671 156.3028 0.02393316 -0.01470336 0.9996054 -9.908902
0.7628148 -0.645756 -0.03335962 280.8362 0.6459863 0.7633342 -0.00478637 157.2504 0.02855536 -0.01789874 0.999432 -9.952375
0.7610024 -0.6479129 -0.0329292 281.982 0.6480893 0.7615373 -0.006444036 158.1878 0.02925198 -0.01643713 0.9994369 -9.97693
0.7591027 -0.6498011 -0.03900792 283.1003 0.6502212 0.7597411 -0.002455833 159.1493 0.03123172 -0.02349954 0.9992359 -9.972732
0.7568055 -0.6521401 -0.04425681 284.2266 0.6526133 0.7576762 -0.004741668 160.1271 0.03662457 -0.02529407 0.999009 -10.00202
0.7545975 -0.6547309 -0.04370402 285.3776 0.6553277 0.7553442 -0.0008819867 161.078 0.03358904 -0.02797491 0.9990441 -10.0295
0.752433 -0.6570991 -0.04544606 286.5074 0.6578765 0.7531202 0.002935181 162.0725 0.03229764 -0.03210642 0.9989625 -10.01388
0.750205 -0.659826 -0.04268394 287.6648 0.6605747 0.7507449 0.004810896 163.0559 0.0288704 -0.03180509 0.999077 -10.07542
0.7480536 -0.6622583 -0.04277655 288.83 0.6629754 0.7486327 0.003575047 164.0701 0.02965632 -0.03103413 0.9990783 -10.07952
0.7459759 -0.6647363 -0.04056786 289.9879 0.6653258 0.7465519 0.001400596 165.0737 0.02935499 -0.02803566 0.9991758 -10.12951
0.7442272 -0.6666546 -0.04120158 291.1452 0.6671555 0.7449155 -0.002089206 166.0861 0.03208447 -0.02593302 0.9991487 -10.13052
0.7421916 -0.6689671 -0.04042974 292.3274 0.6691831 0.7430313 -0.009927558 167.1345 0.03668177 -0.01968675 0.9991331 -10.16492
0.7404342 -0.6708196 -0.04193153 293.4998 0.6709119 0.7414064 -0.01392417 168.172 0.04042891 -0.01782243 0.9990234 -10.15762
0.7377504 -0.6734404 -0.04693045 294.6614 0.6735848 0.7389569 -0.01504277 169.234 0.04480998 -0.02051383 0.9987849 -10.20555
0.7354264 -0.6755143 -0.05318355 295.8399 0.6758237 0.7369176 -0.01466242 170.2996 0.04909656 -0.02515957 0.9984771 -10.19535
0.7331678 -0.6770946 -0.06330908 297.0038 0.6771473 0.7354594 -0.02389795 171.3781 0.06274243 -0.02534836 0.9977078 -10.18938
0.7298219 -0.6806656 -0.06367374 298.1911 0.6806285 0.7321801 -0.02563464 172.4564 0.06406926 -0.02462943 0.9976415 -10.16575
0.7276183 -0.6832263 -0.06142705 299.3654 0.6835713 0.7296492 -0.01850201 173.5327 0.05746125 -0.02852737 0.9979401 -10.16883
0.725042 -0.6866838 -0.05272009 300.554 0.6872984 0.7263278 -0.008295801 174.6216 0.04398866 -0.03021963 0.9985749 -10.18508
0.721717 -0.6901342 -0.053285 301.7415 0.6909152 0.7229185 -0.004986743 175.723 0.04196224 -0.03321639 0.9985669 -10.1449
0.7182271 -0.6942755 -0.04616711 302.9335 0.6946479 0.7192799 -0.01003804 176.8663 0.04017624 -0.02486029 0.9988833 -10.18481
0.7146671 -0.6980914 -0.04380967 304.1383 0.6983736 0.7156483 -0.01103295 177.9934 0.03905433 -0.02271063 0.998979 -10.16509
0.7115841 -0.701396 -0.04112983 305.3251 0.7015495 0.7125021 -0.01300038 179.1496 0.03842351 -0.01960374 0.9990692 -10.19808
0.7080901 -0.7050406 -0.0390654 306.5273 0.7051981 0.7089097 -0.01193839 180.3221 0.0361109 -0.01909539 0.9991654 -10.20497
0.7051219 -0.7079708 -0.0397553 307.7224 0.7080171 0.7060289 -0.01533234 181.5002 0.03892324 -0.01733625 0.9990918 -10.17456
0.7016743 -0.7114715 -0.03822912 308.9276 0.7113753 0.7025704 -0.01844067 182.6952 0.03997866 -0.01425591 0.9990988 -10.20532
0.6995659 -0.7135603 -0.03793825 310.1401 0.7134606 0.7004513 -0.0184901 183.8919 0.0397677 -0.0141324 0.999109 -10.17394
0.6968225 -0.7163118 -0.03654764 311.347 0.7160507 0.6976974 -0.02212582 185.1212 0.04134819 -0.01075219 0.9990869 -10.19749
0.6940503 -0.7188383 -0.03956848 312.5478 0.7186075 0.695057 -0.02233721 186.3447 0.0435592 -0.01293106 0.9989672 -10.16701
0.691838 -0.720876 -0.04120588 313.7525 0.7205816 0.6929444 -0.02429686 187.5876 0.04606841 -0.01288271 0.9988552 -10.17528
0.6891463 -0.7233839 -0.04234396 314.961 0.7231754 0.6902858 -0.02286145 188.8255 0.04576705 -0.01486723 0.9988415 -10.14573
0.6872815 -0.7250314 -0.0444234 316.164 0.7249785 0.6884732 -0.02026862 190.0804 0.04527971 -0.01827576 0.9988071 -10.15578
0.6847638 -0.7274048 -0.04450615 317.3797 0.7273957 0.6859434 -0.01941889 191.3283 0.0446541 -0.01907623 0.9988204 -10.1322
0.682418 -0.7295523 -0.04537715 318.5894 0.7294258 0.6836931 -0.02239993 192.6006 0.04736596 -0.01781315 0.9987187 -10.12718
0.6801629 -0.7318295 -0.04247442 319.7946 0.7316257 0.6813147 -0.02310768 193.8643 0.04584933 -0.01535839 0.9988303 -10.12546
0.6778365 -0.7338905 -0.04407222 321.0014 0.7337333 0.6790569 -0.02274108 195.1571 0.04661701 -0.01692252 0.9987695 -10.10919
0.6764868 -0.7352402 -0.04227811 322.208 0.7350657 0.6776216 -0.02252543 196.4324 0.04521016 -0.01583903 0.9988519 -10.11303
0.6743832 -0.7370992 -0.04349884 323.4043 0.7369791 0.6755626 -0.02184289 197.7124 0.04548656 -0.01732726 0.9988146 -10.09732
0.6726856 -0.7386515 -0.04345102 324.6137 0.738476 0.6738842 -0.0230913 198.9973 0.04633738 -0.01655435 0.9987887 -10.08964
0.6705004 -0.7408158 -0.04026516 325.8035 0.74062 0.6715467 -0.02251181 200.3021 0.04371704 -0.01472701 0.9989354 -10.07617
0.6686396 -0.7425045 -0.04010079 327.0127 0.7423914 0.66965 -0.0205929 201.603 0.04214381 -0.01600125 0.9989834 -10.07334
0.6669061 -0.7442558 -0.03632633 328.2102 0.7442744 0.6676892 -0.01570385 202.9166 0.03594238 -0.01656377 0.9992166 -10.05437
0.6656536 -0.7452549 -0.03873278 329.4243 0.74533 0.6665188 -0.01535676 204.2359 0.03726083 -0.01864642 0.9991316 -10.05567
0.664825 -0.7463111 -0.03205186 330.6561 0.7460551 0.6655297 -0.02172244 205.5706 0.03754317 -0.009470832 0.9992501 -10.06172
0.6636895 -0.7470618 -0.03761594 331.8982 0.7465904 0.6646882 -0.02815147 206.9159 0.04603375 -0.009399865 0.9988956 -10.0767
0.6626803 -0.7487035 -0.01725982 333.1041 0.7482178 0.6628838 -0.02748097 208.2684 0.03201636 0.005296988 0.9994733 -9.986487
0.6615773 -0.74962 -0.01962599 334.3386 0.7493327 0.6618677 -0.0207737 209.6237 0.02856219 -0.0009629894 0.9995915 -9.9989
0.6608576 -0.750411 -0.01227241 335.5569 0.7502061 0.6609669 -0.01771441 210.9879 0.02140475 0.002499862 0.9997678 -9.983276
0.6604797 -0.7505794 -0.01993114 336.8257 0.7503301 0.660777 -0.01945834 212.4012 0.02777507 -0.002103089 0.999612 -10.00633
0.6589841 -0.751982 -0.01621723 338.0415 0.751843 0.6591789 -0.01467575 213.7879 0.02172596 -0.002521722 0.9997608 -9.98378
0.6584044 -0.7522321 -0.02550447 339.2965 0.7521351 0.6588342 -0.01517888 215.1805 0.02822125 -0.009188965 0.9995595 -9.996479
0.657221 -0.7533723 -0.02215761 340.5644 0.7530327 0.6575921 -0.02268602 216.5847 0.03166168 -0.001775675 0.9994971 -10.00162
0.6558625 -0.7546213 -0.01977559 341.817 0.7541558 0.6561555 -0.0266251 218.0022 0.03306773 0.002548531 0.9994498 -9.977442
0.6545625 -0.7558263 -0.01656847 343.0677 0.7553657 0.6547524 -0.02686721 219.4128 0.03115519 0.005071009 0.9995017 -9.950109
0.6539731 -0.7563807 -0.01440013 344.319 0.7560943 0.6541253 -0.02100796 220.8376 0.02530951 0.002850786 0.9996756 -9.928994
0.6535208 -0.756777 -0.01410965 345.5712 0.7564875 0.6536655 -0.02117237 222.2663 0.02524575 0.003162812 0.9996763 -9.920087
0.6531625 -0.7571341 -0.0112583 346.8404 0.7568623 0.6532391 -0.02093033 223.6896 0.02320143 0.00514992 0.9997175 -9.926597
0.6524723 -0.757712 -0.01234953 348.1025 0.7573518 0.652557 -0.02424026 225.1214 0.02642591 0.006463159 0.9996299 -9.919573
0.6524678 -0.7577738 -0.008046714 349.3766 0.7574637 0.6524513 -0.02358195 226.5724 0.02311987 0.009291369 0.9996895 -9.925277
0.6526304 -0.7575921 -0.01129676 350.6384 0.7572352 0.6526866 -0.02439093 227.9988 0.02585162 0.00736396 0.9996387 -9.897441
0.6535662 -0.7568425 -0.006370805 351.9037 0.7565992 0.6535348 -0.0212164 229.4392 0.02022101 0.009046175 0.9997546 -9.892795
0.6551139 -0.7554964 -0.00714217 353.1962 0.7552562 0.6551015 -0.02073415 230.8794 0.02034342 0.00818906 0.9997595 -9.887094
0.6559517 -0.7547916 -0.004118568 354.468 0.7544969 0.6558315 -0.02489209 232.3225 0.02148942 0.01322056 0.9996817 -9.878543
0.6565297 -0.7543 -0.0004317444 355.7515 0.7540747 0.6563474 -0.02407053 233.776 0.01843978 0.01547745 0.9997101 -9.870997
0.6573041 -0.7536154 0.003890848 357.0439 0.7534726 0.657058 -0.02353407 235.2223 0.01517912 0.01840069 0.9997154 -9.856981
0.6584615 -0.7526055 0.003671664 358.3187 0.752487 0.6582522 -0.02161516 236.66 0.01385081 0.01699563 0.9997596 -9.867071
0.6593479 -0.7518203 0.005149204 359.6194 0.7516968 0.659076 -0.02389253 238.1091 0.01456917 0.01962413 0.9997013 -9.840975
0.6593149 -0.751846 0.005601478 360.9025 0.7517719 0.6590949 -0.02080335 239.5554 0.01194901 0.01792699 0.9997679 -9.853768
0.6594971 -0.7516556 0.008791641 362.1954 0.7516381 0.6592331 -0.02125581 241.0109 0.01018131 0.02062628 0.9997354 -9.819279
0.6596575 -0.7515202 0.008331745 363.4869 0.7515255 0.6594654 -0.01773586 242.446 0.007834359 0.01796111 0.999808 -9.849574
0.6592224 -0.7518883 0.009467244 364.769 0.7518834 0.6589487 -0.02139558 243.8849 0.009848658 0.02122271 0.9997262 -9.829329
0.6589404 -0.7521533 0.007938879 366.0627 0.7521279 0.6587038 -0.02032867 245.3346 0.0100609 0.01936643 0.9997618 -9.850353
0.6586989 -0.752371 0.007319436 367.3495 0.7523362 0.6584729 -0.02009147 246.7654 0.01029659 0.0187409 0.9997714 -9.840104
0.659351 -0.7517912 0.008135801 368.6336 0.751797 0.6591697 -0.01721494 248.2035 0.007579168 0.01746716 0.9998187 -9.849016
0.6599216 -0.7513089 0.00619989 369.9191 0.7512674 0.6597301 -0.01880926 249.6353 0.01004131 0.01707041 0.9998038 -9.85266
0.6604325 -0.7508584 0.006370237 371.1987 0.7508148 0.6602302 -0.01932218 251.0783 0.0103024 0.01754386 0.999793 -9.854826
0.6614 -0.7500222 0.004091267 372.4781 0.7499404 0.6612222 -0.01935287 252.5018 0.01180984 0.01586819 0.9998043 -9.863376
0.6618172 -0.7496483 0.005041813 373.758 0.7495486 0.6615804 -0.02209758 253.9174 0.01322985 0.01840364 0.9997431 -9.846555
0.6629112 -0.7486644 0.007093684 375.0294 0.7486076 0.6626543 -0.02181769 255.3382 0.01163347 0.01977358 0.9997368 -9.858896
0.6633062 -0.7482805 0.01006094 376.3073 0.7482597 0.6629614 -0.02428562 256.747 0.01150244 0.02363699 0.9996544 -9.834298
0.6640073 -0.7476208 0.01254287 377.5743 0.747673 0.6636671 -0.02304384 258.1409 0.008903768 0.02467925 0.9996558 -9.837815
0.6646624 -0.7469735 0.01595827 378.842 0.7471041 0.664255 -0.0245103 259.5295 0.007708179 0.02821356 0.9995722 -9.829927
0.6655484 -0.7461742 0.01640974 380.0971 0.7463301 0.6651877 -0.02273224 260.9101 0.006046651 0.02737649 0.9996069 -9.823174
0.6672682 -0.7446017 0.01793226 381.3487 0.7447975 0.66688 -0.023403 262.2829 0.005467247 0.02897197 0.9995652 -9.824059
0.6678329 -0.7441291 0.01646949 382.5941 0.7442874 0.6674703 -0.02279896 263.6599 0.005972471 0.02748393 0.9996044 -9.837953
0.6686997 -0.7434337 0.01212989 383.8441 0.74344 0.6682701 -0.02668698 265.0276 0.01173396 0.02686342 0.9995703 -9.812653
0.6702558 -0.7420338 0.01195423 385.0891 0.74207 0.6699096 -0.02352181 266.379 0.009445723 0.02463651 0.9996518 -9.812507
0.6725306 -0.7400035 0.009867387 386.3316 0.7399996 0.6722244 -0.0226941 267.7171 0.01016061 0.02256434 0.9996938 -9.811728
0.6748691 -0.7377748 0.01549128 387.571 0.7379165 0.6745431 -0.02170011 269.0437 0.005560262 0.02607601 0.9996445 -9.827304
0.6769353 -0.7359506 0.01163191 388.7879 0.7359735 0.6765707 -0.02439323 270.3456 0.01008241 0.02507341 0.9996347 -9.819333
0.6799091 -0.7331604 0.01411934 390.0173 0.7332266 0.6794528 -0.02688132 271.6537 0.0101149 0.02862953 0.9995389 -9.805387
0.6843643 -0.7290648 0.01049311 391.2374 0.7290156 0.6839103 -0.02833459 272.9528 0.0134814 0.02704082 0.9995434 -9.801064
0.6898371 -0.7238959 0.009979708 392.4656 0.7238274 0.6893722 -0.02898414 274.2304 0.01410177 0.02721792 0.9995301 -9.765632
0.6963376 -0.7176737 0.007638524 393.6853 0.7175527 0.6959157 -0.02862701 275.4647 0.01522908 0.02541511 0.999561 -9.758768
0.7014154 -0.712658 0.01161621 394.9161 0.7126249 0.7008878 -0.0303657 276.6985 0.0134987 0.02957697 0.9994714 -9.725962
0.7069452 -0.7070951 0.01564849 396.1461 0.7071973 0.7063878 -0.02980354 277.9001 0.01002004 0.03213604 0.9994333 -9.711769
0.7119765 -0.7018953 0.02079314 397.3776 0.7021827 0.7114168 -0.02872946 279.0911 0.005372477 0.03505529 0.9993709 -9.686166
0.7176244 -0.6958685 0.02796808 398.6055 0.6964302 0.7170696 -0.02821534 280.2448 -0.0004208982 0.03972583 0.9992105 -9.676278
0.7229609 -0.6901889 0.03109314 399.8142 0.6908824 0.7224162 -0.02821872 281.3732 -0.00298594 0.04188273 0.9991181 -9.672945
0.7283018 -0.6843213 0.0357903 401.034 0.6852275 0.7277588 -0.02882185 282.5137 -0.006323299 0.0455155 0.9989436 -9.654088
0.7344432 -0.6777277 0.03575454 402.2667 0.6786121 0.7340499 -0.02562207 283.6237 -0.00888083 0.04308141 0.9990321 -9.642447
0.7403065 -0.6711702 0.03842981 403.4936 0.6721634 0.7399948 -0.02457726 284.7104 -0.01194233 0.04402582 0.998959 -9.647711
0.7464749 -0.6641227 0.04142778 404.711 0.6652327 0.7462759 -0.02318855 285.7808 -0.01551652 0.04486878 0.9988724 -9.642309
0.7516583 -0.6579346 0.04617107 405.9185 0.659245 0.7516029 -0.0221235 286.8223 -0.02014649 0.04706735 0.9986885 -9.624699
0.7567353 -0.6517892 0.05022528 407.1378 0.6532093 0.7569479 -0.01863795 287.8604 -0.02586991 0.04691162 0.998564 -9.630581
0.762088 -0.6452183 0.05399375 408.347 0.6468606 0.7623422 -0.02014341 288.8593 -0.02816482 0.05027748 0.9983381 -9.628559
0.7679825 -0.6380197 0.05597886 409.5662 0.6398018 0.7682382 -0.02153325 289.8511 -0.02926646 0.05235253 0.9981997 -9.621419
0.7740493 -0.6306623 0.05579238 410.7886 0.6324349 0.7743113 -0.02162954 290.8275 -0.02955974 0.05202738 0.9982081 -9.647099
0.7818333 -0.6211107 0.0543896 412.0135 0.622885 0.7819344 -0.02435224 291.7815 -0.02740366 0.05291785 0.9982228 -9.635443
0.7894904 -0.6116033 0.05144303 413.2362 0.6132255 0.7895303 -0.02442114 292.7234 -0.02567978 0.05082643 0.9983773 -9.632074
0.7967958 -0.6022549 0.04904614 414.4684 0.6038322 0.7966323 -0.02763172 293.6455 -0.02243041 0.05163249 0.9984142 -9.617729
0.8045018 -0.5919482 0.04872537 415.7256 0.5935437 0.8042761 -0.02908479 294.5582 -0.02197196 0.0523194 0.9983886 -9.605802
0.8110796 -0.5830606 0.04679982 417.0081 0.5845956 0.8107376 -0.03086454 295.4639 -0.01994648 0.05239257 0.9984273 -9.595704
0.8175955 -0.5737706 0.04821674 418.2933 0.5753888 0.8172889 -0.03108759 296.3557 -0.02156986 0.05316045 0.998353 -9.575356
0.8233082 -0.5653501 0.05042643 419.5749 0.5670841 0.8230821 -0.03084772 297.2216 -0.02406533 0.05399321 0.9982513 -9.537189
0.8291043 -0.5566292 0.05244004 420.8779 0.5585012 0.8288919 -0.03185339 298.0805 -0.0257366 0.05569761 0.9981159 -9.516479
0.8344434 -0.5483325 0.05509786 422.1848 0.5503961 0.8342402 -0.03327458 298.9304 -0.02771932 0.0580914 0.9979264 -9.491488
0.839834 -0.5400932 0.05457286 423.5176 0.5421161 0.839662 -0.03283214 299.7674 -0.02809033 0.05715837 0.9979699 -9.47103
0.8451446 -0.5317619 0.0544058 424.8501 0.5337332 0.8450724 -0.03133013 300.6043 -0.02931667 0.05551668 0.9980273 -9.450517
0.8502997 -0.5235056 0.05415134 426.1928 0.5254227 0.8503131 -0.02997311 301.4227 -0.03035451 0.05393847 0.9980828 -9.421371
0.8554065 -0.5151094 0.05423948 427.5504 0.5169225 0.8556198 -0.02656833 302.2295 -0.03272279 0.05076433 0.9981744 -9.411758
0.8602786 -0.5070267 0.053335 428.9149 0.5087817 0.8604954 -0.02624795 303.0149 -0.03258611 0.04971642 0.9982316 -9.379878
