1.0 0.0 0.0 0.0 0.0 1.0 0.0 0.0 0.0 0.0 1.0 0.0
0.9998508 -0.01723049 0.001231197 0.5112247 0.01723178 0.999851 -0.001038474 0.04550469 -0.00121312 0.001059535 0.9999987 -0.01176535
0.9996121 -0.02753566 0.004174595 0.8398387 0.02754243 0.9996192 -0.001573122 0.06629659 -0.00412969 0.00168749 0.99999 -0.01610264
0.9993119 -0.03681353 0.004522745 1.137691 0.03682452 0.999319 -0.002371384 0.08241844 -0.004432366 0.0025363 0.9999869 -0.02874819
0.9988494 -0.04767859 0.005159194 1.463533 0.0476915 0.9988592 -0.002407518 0.09916773 -0.005038522 0.002650797 0.9999838 -0.03755962
0.9983615 -0.05698613 0.005176662 1.773671 0.05700227 0.9983695 -0.00302456 0.1255006 -0.004995864 0.003314686 0.999982 -0.04145077
0.9977533 -0.06676515 0.005547116 2.07513 0.06678507 0.9977614 -0.003487527 0.1428027 -0.005301852 0.003850156 0.9999785 -0.05221761
0.9970576 -0.07641849 0.006028846 2.364113 0.07644132 0.9970675 -0.003652157 0.1728908 -0.005732074 0.004102264 0.9999751 -0.05495137
0.9962869 -0.08576395 0.007547969 2.659688 0.08579943 0.9963022 -0.004509425 0.1958726 -0.007133312 0.005140292 0.9999613 -0.06115945
0.9954184 -0.0952183 0.008696769 2.940878 0.09525771 0.9954436 -0.004235541 0.2313756 -0.008253844 0.00504457 0.9999532 -0.06526637
0.9945418 -0.1038605 0.009981981 3.213319 0.1039148 0.9945731 -0.005083043 0.2592521 -0.009399883 0.006092574 0.9999372 -0.06778842
0.9935118 -0.1131751 0.01121216 3.473875 0.113233 0.9935576 -0.004665263 0.2917322 -0.01061194 0.00590458 0.9999263 -0.07568878
0.9925559 -0.1212714 0.01123179 3.728503 0.1213354 0.9925978 -0.005204578 0.3315273 -0.01051748 0.006528649 0.9999233 -0.08173133
0.9914969 -0.1296108 0.01161221 3.96104 0.1296841 0.9915384 -0.005797086 0.3652905 -0.01076258 0.007253712 0.9999158 -0.08597901
0.9904621 -0.1372671 0.01193552 4.200974 0.137343 0.9905066 -0.005780851 0.4185615 -0.01102869 0.007364973 0.9999121 -0.08509821
0.9895325 -0.1438574 0.01142162 4.417825 0.1439361 0.9895662 -0.006396647 0.4408967 -0.01038225 0.007973674 0.9999143 -0.08972026
0.9883507 -0.1518085 0.01081384 4.627981 0.1518798 0.9883802 -0.006105243 0.4778247 -0.00976136 0.007676526 0.9999229 -0.09429258
0.9873892 -0.1579493 0.01070106 4.823432 0.158023 0.9874145 -0.006418095 0.5080223 -0.009552651 0.008028171 0.9999222 -0.09504244
0.9862329 -0.1649834 0.01118597 5.008683 0.1650613 0.9862624 -0.006426529 0.5506461 -0.009972026 0.008184424 0.9999168 -0.09734651
0.9852147 -0.1709498 0.01132588 5.191459 0.1710229 0.9852499 -0.005831936 0.5877241 -0.01016185 0.007682694 0.9999189 -0.1017939
0.9842178 -0.1765554 0.01198029 5.369015 0.1766301 0.9842621 -0.005484385 0.6160237 -0.01082344 0.00751391 0.9999132 -0.1031844
0.9831293 -0.1825229 0.01192069 5.509982 0.1825964 0.9831733 -0.005387346 0.6548083 -0.01073679 0.007473134 0.9999144 -0.106074
0.9818925 -0.1890397 0.01229595 5.665355 0.1891119 0.981943 -0.004985902 0.6805626 -0.01113139 0.007220929 0.999912 -0.1066294
0.9809384 -0.1939273 0.01232859 5.807377 0.193994 0.9809927 -0.004453664 0.7096212 -0.01123056 0.006760441 0.9999141 -0.1099356
0.979969 -0.1987687 0.01232203 5.928733 0.1988354 0.9800229 -0.004436269 0.7324495 -0.01119408 0.006797464 0.9999142 -0.1129324
0.9792227 -0.2024232 0.01215796 6.047841 0.2024879 0.9792752 -0.004338415 0.7599584 -0.0110278 0.006710115 0.9999167 -0.1177159
0.9783124 -0.2067433 0.01272722 6.167776 0.2068122 0.9783711 -0.004342568 0.793968 -0.01155415 0.006880533 0.9999096 -0.1207109
0.9777688 -0.2092836 0.01297715 6.24981 0.2093522 0.9778314 -0.004157703 0.813802 -0.01181932 0.006782067 0.9999071 -0.1189127
0.9771633 -0.2120871 0.01307371 6.35115 0.2121522 0.9772294 -0.003789769 0.8360776 -0.01197225 0.006476838 0.9999074 -0.1197095
0.9769122 -0.2132128 0.01352194 6.433954 0.2132789 0.9769847 -0.003635535 0.8503759 -0.01243558 0.006435542 0.999902 -0.1229379
0.9764741 -0.215212 0.01349336 6.51004 0.2152746 0.9765478 -0.003348299 0.8662016 -0.01245632 0.006174304 0.9999034 -0.1250836
0.9762322 -0.2163181 0.01331118 6.577487 0.2163777 0.9763043 -0.003193993 0.8808461 -0.01230484 0.00599832 0.9999063 -0.125718
0.9760299 -0.2172462 0.01303068 6.648055 0.2173034 0.9760993 -0.00312661 0.8944475 -0.01203999 0.005883275 0.9999102 -0.1235572
0.9758124 -0.2181882 0.01356851 6.71585 0.2182375 0.9758931 -0.002254873 0.9114633 -0.01274943 0.00516149 0.9999054 -0.128613
0.9759002 -0.2177688 0.0139855 6.757289 0.2178194 0.9759867 -0.002187076 0.9289024 -0.01317338 0.00518068 0.9998998 -0.1286959
0.9758304 -0.2181186 0.01339009 6.810227 0.2181693 0.9759079 -0.00242865 0.9254691 -0.01253776 0.005291258 0.9999074 -0.1307148
0.9757053 -0.2186579 0.01370724 6.861581 0.2187037 0.9757895 -0.00191911 0.9386951 -0.01295575 0.004870309 0.9999042 -0.1329646
0.9756346 -0.2189884 0.01346377 6.904063 0.2190385 0.9757134 -0.002345897 0.9421587 -0.01262305 0.005237821 0.9999066 -0.1300142
0.9756423 -0.2189572 0.01341335 6.922952 0.2190018 0.9757226 -0.00193546 0.9543585 -0.01266392 0.004825864 0.9999081 -0.1320123
0.9756274 -0.219034 0.01324385 6.937165 0.2190827 0.9757035 -0.002332277 0.9556392 -0.01241122 0.005176932 0.9999096 -0.1318545
0.975709 -0.2186432 0.01368302 6.951126 0.2186908 0.9757921 -0.002061684 0.9608741 -0.01290101 0.005003954 0.9999043 -0.1296758
0.9755834 -0.219233 0.01318918 6.966889 0.2192776 0.9756602 -0.002021443 0.9589226 -0.012425 0.00486418 0.999911 -0.1313978
0.9756021 -0.2191244 0.01360337 6.982735 0.2191689 0.9756851 -0.001851154 0.9672769 -0.01286698 0.004787426 0.9999058 -0.1274819
0.9755096 -0.2195271 0.01374058 6.996855 0.2195659 0.9755967 -0.001366247 0.9688635 -0.01310533 0.00434975 0.9999046 -0.1308801
0.9755691 -0.2192951 0.0132168 6.999376 0.219328 0.9756507 -0.001070735 0.9710641 -0.01266017 0.00394339 0.9999121 -0.1304297
0.9754844 -0.2196686 0.0132647 7.006883 0.2196993 0.9755671 -0.0008802285 0.9794522 -0.01274725 0.003772895 0.9999116 -0.1344628
0.9754667 -0.219747 0.01326605 7.016043 0.219779 0.9755492 -0.0009901848 0.9670453 -0.0127241 0.003881492 0.9999115 -0.1340876
0.9755817 -0.21925 0.01302851 7.011267 0.2192782 0.9756621 -0.0007585548 0.9713182 -0.01254511 0.003596899 0.9999148 -0.1304887
0.9755567 -0.2193324 0.01350241 7.000324 0.2193637 0.9756428 -0.000866142 0.9682464 -0.01298356 0.00380691 0.9999084 -0.127575
0.9755905 -0.2191855 0.0134472 7.011311 0.2192081 0.9756782 -0.0002137416 0.9800494 -0.01307329 0.003156261 0.9999096 -0.1326524
0.9756197 -0.2190238 0.01395612 7.016261 0.2190451 0.9757147 3.484427e-06 0.9849707 -0.01361795 0.003053619 0.9999026 -0.1302187
0.9755145 -0.219546 0.01308049 7.020353 0.21957 0.9755968 -0.0004075984 0.9757148 -0.0126718 0.003269701 0.9999143 -0.1306603
0.9755211 -0.2195055 0.01325866 7.036031 0.2195221 0.9756075 0.0002130623 0.9868082 -0.01298201 0.002702721 0.9999121 -0.1330483
0.9754722 -0.2197146 0.01340145 7.047137 0.2197355 0.9755595 -9.260187e-05 0.9850734 -0.01305356 0.003035104 0.9999102 -0.1315211
0.9755459 -0.2193787 0.01353299 7.054214 0.2193999 0.9756349 -8.011272e-05 0.9847276 -0.01318569 0.003047291 0.9999084 -0.1301816
0.9753289 -0.2203481 0.01342892 7.078881 0.2203615 0.975418 0.0004921429 0.9977558 -0.01320725 0.002479216 0.9999097 -0.1321155
0.9752755 -0.2205856 0.01340441 7.103034 0.2205931 0.9753655 0.0009307982 1.00666 -0.01327952 0.002049137 0.9999097 -0.1339581
0.9752734 -0.2206053 0.0132329 7.124757 0.2206117 0.9753612 0.000989594 1.002295 -0.01312516 0.001954208 0.999912 -0.1340271
0.9752568 -0.2207185 0.01254764 7.152615 0.2207239 0.9753358 0.0009758623 1.010211 -0.01245356 0.001817847 0.9999208 -0.1381793
0.9753773 -0.220187 0.01252453 7.208022 0.2201947 0.9754556 0.0007724672 1.010741 -0.01238722 0.00200439 0.9999213 -0.1363251
0.9753517 -0.2202898 0.01270733 7.230538 0.2202922 0.9754331 0.001225799 1.026929 -0.01266518 0.00160374 0.9999185 -0.1387495
0.9755834 -0.2192851 0.01228689 7.262455 0.2192898 0.9756594 0.000981832 1.027515 -0.01220312 0.001736531 0.999924 -0.1363229
0.9757786 -0.2183751 0.01297526 7.319424 0.2183754 0.9758638 0.001404602 1.040638 -0.01296882 0.001462898 0.9999148 -0.1411993
0.9759122 -0.2177672 0.01314812 7.36702 0.2177643 0.976 0.001671911 1.054154 -0.01319665 0.001231552 0.9999121 -0.1433442
0.9759066 -0.2177818 0.01331862 7.407029 0.2177778 0.9759969 0.001766944 1.071589 -0.01338374 0.001176128 0.9999098 -0.1442662
0.9762405 -0.2162992 0.01300574 7.469697 0.2162946 0.9763263 0.001771581 1.076473 -0.01308104 0.001083582 0.9999139 -0.1471144
0.9764325 -0.2154357 0.01292562 7.536249 0.2154328 0.9765174 0.001630387 1.079608 -0.01297333 0.001192639 0.9999151 -0.1466742
0.9764353 -0.2153927 0.01342185 7.583248 0.2153875 0.9765269 0.001848591 1.099999 -0.01350497 0.001085869 0.9999082 -0.1482043
0.9765921 -0.2146966 0.01316542 7.648206 0.2146937 0.97668 0.001649338 1.114936 -0.0132125 0.001215802 0.999912 -0.1479452
0.9770543 -0.2125639 0.01347437 7.716034 0.212564 0.977146 0.001434902 1.125828 -0.01347143 0.001462189 0.9999082 -0.150158
0.9772826 -0.2115079 0.01353149 7.783963 0.2115082 0.9773751 0.001429207 1.1378 -0.01352763 0.001465282 0.9999074 -0.1515648
0.9774132 -0.2108653 0.01411127 7.834958 0.2108684 0.9775136 0.001288581 1.15578 -0.01406567 0.001716143 0.9998996 -0.1490326
0.9777238 -0.2094461 0.01373215 7.912102 0.2094485 0.9778188 0.001277359 1.159245 -0.0136951 0.001627276 0.9999049 -0.1556647
0.9779851 -0.2081687 0.01452056 7.965211 0.2081777 0.9780906 0.0008989207 1.172379 -0.01438955 0.002143726 0.9998941 -0.1546869
0.9781947 -0.207195 0.01433009 8.023587 0.2072082 0.9782968 0.0005705858 1.180797 -0.01413731 0.002411169 0.9998972 -0.1564728
0.9783018 -0.2066856 0.01437898 8.099722 0.2066996 0.9784043 0.0005200338 1.187 -0.01417594 0.00246338 0.9998965 -0.1568205
0.9786069 -0.2051832 0.01511276 8.145308 0.2052027 0.9787195 0.000264847 1.20846 -0.01484549 0.002841997 0.9998857 -0.1607479
0.9787117 -0.2046505 0.01554422 8.203248 0.2046719 0.9788306 0.0002204203 1.211971 -0.01526027 0.002965737 0.9998792 -0.157707
0.979098 -0.2028262 0.01511825 8.238104 0.2028504 0.9792098 -6.841251e-05 1.214525 -0.01479006 0.003133726 0.9998857 -0.1583938
0.979181 -0.2023824 0.0156832 8.285453 0.2024056 0.9793018 0.0001053597 1.223465 -0.01537991 0.003071202 0.999877 -0.1598875
0.9792247 -0.2021743 0.01563798 8.330729 0.2021988 0.9793444 1.716462e-05 1.225377 -0.01531844 0.003145173 0.9998777 -0.1603891
0.979368 -0.2014451 0.01606626 8.361775 0.201471 0.9794945 1.111289e-05 1.23346 -0.01573905 0.003226001 0.999871 -0.1618655
0.9794094 -0.2012359 0.01616745 8.391344 0.2012594 0.9795381 0.0001768336 1.23725 -0.01587222 0.00308066 0.9998693 -0.165091
0.9795026 -0.2007773 0.01622549 8.410368 0.2008001 0.9796323 0.0002268889 1.241154 -0.01594057 0.003035842 0.9998683 -0.163943
0.9796481 -0.2000756 0.01610695 8.431087 0.2000964 0.9797763 0.0003285254 1.245009 -0.01584694 0.002901103 0.9998702 -0.1642747
0.9796635 -0.1999585 0.01661439 8.435471 0.1999835 0.9797993 0.0001618182 1.245178 -0.01631113 0.003164078 0.999862 -0.1609839
0.9796973 -0.1998219 0.01625664 8.443703 0.1998461 0.9798273 0.0001389415 1.247735 -0.01595646 0.003112705 0.9998679 -0.1578214
0.9797162 -0.1997485 0.01601861 8.443553 0.1997672 0.9798433 0.0004415862 1.246688 -0.01578393 0.002767363 0.9998716 -0.1638339
0.9797188 -0.1997096 0.01634487 8.434094 0.1997258 0.9798517 0.000648716 1.251564 -0.0161451 0.002628934 0.9998662 -0.1616074
0.9797888 -0.1993912 0.01603512 8.429461 0.1994011 0.9799175 0.0009976265 1.24558 -0.01591201 0.002219957 0.999871 -0.1616914
0.9798317 -0.1992149 0.01559746 8.441918 0.1992327 0.9799522 0.0004197063 1.24374 -0.01536837 0.002696282 0.9998783 -0.1622141
0.9797443 -0.199601 0.01613987 8.454784 0.1996135 0.9798743 0.0008458484 1.25177 -0.01598387 0.00239302 0.9998694 -0.1629361
0.979694 -0.199875 0.01580104 8.440388 0.1998865 0.9798187 0.0008584777 1.245479 -0.01565374 0.002317369 0.9998748 -0.1643367
0.9797038 -0.1998434 0.0155861 8.446979 0.1998566 0.9798248 0.0007216561 1.244016 -0.01541586 0.002407975 0.9998783 -0.1646629
0.9797538 -0.1995768 0.01586102 8.45314 0.1995953 0.9798782 0.000420571 1.244925 -0.0156258 0.002753729 0.9998741 -0.1632978
0.9797783 -0.1994775 0.01559714 8.44344 0.1994939 0.9798989 0.0005114507 1.246731 -0.01538564 0.002610425 0.9998782 -0.1625818
0.9796939 -0.1999194 0.01523471 8.440041 0.1999328 0.9798094 0.0006579208 1.247049 -0.01505864 0.002401357 0.9998837 -0.1664364
0.9798092 -0.1993029 0.01588233 8.447585 0.1993196 0.9799346 0.0005398232 1.252744 -0.01567123 0.002636734 0.9998737 -0.1645656
0.9797421 -0.1996984 0.01503629 8.45503 0.1997131 0.9798545 0.0005373429 1.246873 -0.01484068 0.002476486 0.9998868 -0.1650198
0.9799188 -0.1988066 0.01533195 8.444355 0.1988255 0.9800349 0.0002949454 1.242796 -0.01508448 0.002759359 0.9998824 -0.1659166
0.9798198 -0.1993048 0.01518802 8.441667 0.1993271 0.979933 5.023018e-05 1.255129 -0.01489325 0.002978166 0.9998847 -0.1668367
0.9798248 -0.1993062 0.01484652 8.437236 0.1993316 0.979932 -0.0002413333 1.253973 -0.01450048 0.003195846 0.9998897 -0.1670229
0.9797699 -0.1995609 0.01504117 8.434944 0.19959 0.9798793 -0.000439008 1.253445 -0.01465092 0.003432193 0.9998868 -0.1658857
0.9796582 -0.2001111 0.01501393 8.41229 0.2001466 0.9797655 -0.0008874516 1.24517 -0.01453255 0.003874387 0.9998869 -0.1637764
0.9795227 -0.200787 0.01482881 8.404173 0.2008258 0.9796263 -0.001160964 1.233032 -0.01429358 0.004115198 0.9998894 -0.1600555
0.9791576 -0.2025736 0.01464149 8.37086 0.2026073 0.9792596 -0.0008360393 1.236122 -0.01416846 0.003785087 0.9998925 -0.1647419
0.9787126 -0.2046874 0.01499088 8.359299 0.2047265 0.9788187 -0.001103026 1.241863 -0.01444758 0.004148575 0.999887 -0.1614433
0.9782242 -0.2070304 0.01468835 8.333922 0.2070664 0.9783264 -0.0009586042 1.236033 -0.01417154 0.003979194 0.9998916 -0.1592052
0.9774598 -0.2106294 0.01441044 8.302306 0.2106629 0.9775585 -0.0008329215 1.237408 -0.01391161 0.003849893 0.9998958 -0.1611409
0.9764665 -0.2151612 0.01479364 8.265036 0.2151965 0.9765704 -0.0008192853 1.236982 -0.01427075 0.003983544 0.9998902 -0.1622469
0.9754435 -0.2197655 0.01459781 8.22372 0.2198034 0.9755436 -0.001022918 1.239667 -0.01401599 0.004206446 0.999893 -0.1578988
0.9737481 -0.2272291 0.01347335 8.195203 0.2272574 0.9738345 -0.0005869181 1.231493 -0.01298745 0.003633429 0.999909 -0.1609955
0.9719703 -0.23468 0.0141123 8.126254 0.2347127 0.9720645 -0.000688653 1.239491 -0.01355646 0.003981687 0.9999002 -0.1526677
0.9697198 -0.2438326 0.01375314 8.083733 0.2438571 0.9698111 -0.0001092667 1.243469 -0.01331131 0.003459759 0.9999054 -0.1581426
0.9672458 -0.2535254 0.01266739 8.01732 0.2535472 0.9673229 -0.0001132142 1.233827 -0.01222476 0.003321287 0.9999198 -0.1532275
0.9642681 -0.2646002 0.01317961 7.960951 0.2646114 0.9643548 0.0009228982 1.253779 -0.01295402 0.002597554 0.9999127 -0.1520889
0.9608565 -0.2768045 0.01158133 7.895041 0.2768116 0.9609237 0.001011174 1.242611 -0.01140867 0.002234253 0.9999324 -0.1513239
0.9573663 -0.2886775 0.01072692 7.835738 0.2886829 0.9574243 0.001071868 1.225425 -0.01057964 0.002070508 0.9999419 -0.1505805
0.9531398 -0.3023572 0.01022407 7.74822 0.3023602 0.9531928 0.001286291 1.232118 -0.01013443 0.001865338 0.9999469 -0.1485233
0.9487126 -0.3159951 0.009559516 7.685297 0.3159946 0.9487596 0.001599289 1.227763 -0.00957505 0.00150349 0.999953 -0.1481569
0.9437125 -0.3306419 0.009095648 7.609632 0.3306367 0.9437556 0.002109387 1.219641 -0.009281522 0.0010167 0.9999564 -0.1472845
0.9380161 -0.3464887 0.008445644 7.544144 0.3464851 0.9380534 0.001939108 1.216047 -0.008594344 0.001107375 0.9999624 -0.1447198
0.9318192 -0.3628415 0.007681042 7.467402 0.3628349 0.9318506 0.002280399 1.20843 -0.007985007 0.0006620312 0.9999679 -0.1440934
0.9255908 -0.3784544 0.007342647 7.388866 0.3784493 0.9256195 0.002129013 1.204704 -0.007602233 0.0008082246 0.9999708 -0.1409524
0.9182174 -0.3960244 0.006434153 7.298285 0.3960155 0.91824 0.002655338 1.196115 -0.006959675 0.0001098471 0.9999758 -0.1409726
0.9108186 -0.4127633 0.005996783 7.227479 0.4127562 0.9108382 0.002427264 1.177025 -0.006463985 0.0002644128 0.9999791 -0.1374428
0.9034936 -0.4285784 0.004458522 7.132645 0.4285695 0.9035045 0.002834349 1.16143 -0.005243035 -0.0006500293 0.9999861 -0.1375972
0.8973445 -0.4413205 0.003005285 7.068673 0.4413089 0.897347 0.00383075 1.141398 -0.004387372 -0.002111243 0.9999881 -0.1380767
0.8917933 -0.4524431 0.0002511737 6.996045 0.4524338 0.8917782 0.005934176 1.134981 -0.002908868 -0.005178419 0.9999824 -0.1397229
0.8880856 -0.4596781 -9.342621e-05 6.977906 0.459669 0.8880668 0.006471496 1.107905 -0.002891836 -0.005790188 0.9999791 -0.1394461
0.8849357 -0.4657124 0.0008871914 6.943979 0.4656981 0.8849206 0.006403636 1.107654 -0.003767347 -0.005253643 0.9999791 -0.1396214
0.8840851 -0.4673254 0.000616769 6.938148 0.4673144 0.8840718 0.005849157 1.099833 -0.003278729 -0.004882928 0.9999827 -0.1380138
0.8844761 -0.4665844 0.001078517 6.956682 0.466574 0.884468 0.005025294 1.092774 -0.003298637 -0.003941544 0.9999868 -0.1379653
0.8843445 -0.4668076 0.005055176 6.937221 0.4667934 0.8843584 0.003757582 1.094321 -0.006224656 -0.0009632733 0.9999802 -0.132295
0.8842008 -0.4670523 0.007150108 6.94384 0.4670457 0.8842289 0.002676419 1.09164 -0.007572362 0.0009729354 0.9999709 -0.1398504
0.8843974 -0.4666974 0.005890604 6.950588 0.4666878 0.8844171 0.003006286 1.088309 -0.006612777 9.032164e-05 0.9999781 -0.1404399
0.8841029 -0.4672638 0.00516123 6.946551 0.4672539 0.8841178 0.003041249 1.095327 -0.005984202 -0.0002771722 0.9999821 -0.1393361
0.8840588 -0.4673459 0.005271816 6.945902 0.4673358 0.8840744 0.003085025 1.104568 -0.006102453 -0.0002636351 0.9999813 -0.1360549
0.8843134 -0.4668656 0.005127558 6.945428 0.4668573 0.8843282 0.002780037 1.095931 -0.005832348 -6.458594e-05 0.999983 -0.1343848
0.8841282 -0.4672104 0.005633309 6.951997 0.4672014 0.8841461 0.002896407 1.095406 -0.0063339 7.109519e-05 0.9999799 -0.139084
0.8840971 -0.4672722 0.005386715 6.957319 0.4672639 0.8841136 0.002797425 1.092257 -0.006069627 4.38221e-05 0.9999816 -0.1386966
0.8840306 -0.4673941 0.005720142 6.94591 0.4673863 0.8840489 0.002704523 1.098876 -0.006320964 0.0002826353 0.99998 -0.1383441
0.8839087 -0.467633 0.00497433 6.948685 0.4676256 0.8839227 0.002632356 1.098716 -0.0056279 -6.37956e-07 0.9999841 -0.1397129
0.8834935 -0.468411 0.005509779 6.943657 0.4684038 0.8835106 0.002614274 1.096534 -0.006092503 0.0002711073 0.9999814 -0.1360685
0.8830214 -0.469303 0.005287593 6.933493 0.4692972 0.8830371 0.002367791 1.093223 -0.005780352 0.000390642 0.9999832 -0.1400123
0.8823378 -0.4705855 0.005417959 6.93329 0.4705828 0.8823538 0.001824105 1.09193 -0.005638954 0.0009401221 0.9999837 -0.1387633
0.8812752 -0.4725741 0.005272821 6.926725 0.472569 0.8812908 0.002254129 1.093727 -0.005712132 0.0005052631 0.9999835 -0.1413257
0.8808964 -0.4732748 0.005692816 6.921923 0.4732715 0.8809144 0.001995867 1.088714 -0.005959477 0.0009360951 0.9999818 -0.1395308
0.8797227 -0.4754542 0.005598715 6.897243 0.475452 0.8797396 0.001797809 1.078552 -0.005780188 0.001080347 0.9999827 -0.1388177
0.8780401 -0.4785593 0.005158101 6.882567 0.4785588 0.8780545 0.001405269 1.075088 -0.005201598 0.001234572 0.9999857 -0.1380929
0.8763257 -0.4816863 0.005615114 6.873713 0.4816883 0.8763419 0.001079994 1.078851 -0.005440978 0.001758308 0.9999837 -0.1408781
0.8735935 -0.4866091 0.006779423 6.851331 0.486618 0.8736148 0.0003812221 1.080673 -0.00610811 0.002965956 0.9999769 -0.1354548
0.8704258 -0.4922599 0.006255968 6.813483 0.492272 0.8704414 -0.0004585737 1.068668 -0.005219715 0.003478792 0.9999803 -0.1365603
0.8659338 -0.5001171 0.006440974 6.778713 0.500133 0.865948 -0.00102703 1.057175 -0.005063913 0.004110683 0.9999787 -0.1402449
0.8612214 -0.5081935 0.006083051 6.732378 0.5082083 0.8612335 -0.001093811 1.040685 -0.00468306 0.004033471 0.9999809 -0.138164
0.855181 -0.5183091 0.004591572 6.675923 0.5183188 0.8551866 -0.001143405 1.030242 -0.003334014 0.003357716 0.9999888 -0.1378003
0.8480082 -0.529963 0.004631644 6.619424 0.5299727 0.848014 -0.00112016 1.018476 -0.003334055 0.00340455 0.9999887 -0.135878
0.840494 -0.5418049 0.004161143 6.543342 0.541813 0.8404984 -0.001070155 1.003138 -0.002917619 0.00315402 0.9999908 -0.1331216
0.832063 -0.5546695 0.003586836 6.478572 0.554675 0.8320668 -0.0006860601 0.9708989 -0.00260395 0.002560373 0.9999933 -0.1323677
0.8230912 -0.5679004 0.00316496 6.401501 0.5679044 0.8230945 -0.0004264278 0.9565341 -0.002362892 0.002148383 0.9999949 -0.1269322
0.8134074 -0.5816888 0.002536685 6.319951 0.5816912 0.8134097 -0.0002613103 0.9213842 -0.001911363 0.001688119 0.9999967 -0.1268239
0.803234 -0.5956609 0.001823155 6.234972 0.5956622 0.8032351 -0.0002722986 0.8877147 -0.001302224 0.001304704 0.9999983 -0.127043
0.7918949 -0.6106567 0.0008295575 6.132653 0.6106572 0.7918949 -0.0004017028 0.8606279 -0.0004116199 0.0008246817 0.9999996 -0.1232991
0.7809572 -0.6245845 0.0002585616 6.060284 0.6245845 0.7809572 -6.972616e-05 0.8232188 -0.0001583756 0.0002159467 0.9999999 -0.1207135
0.7689267 -0.6393365 -0.0007250824 5.980035 0.6393367 0.768927 0.0001347322 0.7781395 0.0004713961 -0.000567171 0.9999997 -0.1208877
0.7573854 -0.6529651 -0.001963621 5.905396 0.6529669 0.7573863 0.0003519399 0.7338625 0.001257416 -0.001548734 0.999998 -0.1225761
0.745607 -0.6663786 -0.003144437 5.821992 0.6663827 0.7456098 0.0004131002 0.6981618 0.002069242 -0.002403409 0.999995 -0.1221627
0.7338449 -0.6793079 -0.003531984 5.750344 0.6793126 0.733849 0.0001755127 0.6511787 0.002472716 -0.00252812 0.9999937 -0.1183984
0.7233049 -0.6905114 -0.00491354 5.684776 0.6905198 0.7233135 1.418882e-05 0.6081873 0.003544232 -0.003403159 0.9999879 -0.1167542
0.7118056 -0.702355 -0.005501373 5.604699 0.702367 0.7118148 0.0003810498 0.5799942 0.003648327 -0.004135217 0.9999848 -0.1185782
0.7009951 -0.7131354 -0.00662011 5.530636 0.7131511 0.7010103 3.48161e-05 0.5368926 0.004615936 -0.004745545 0.9999781 -0.1159896
0.6907275 -0.72308 -0.007127682 5.47685 0.7231017 0.6907412 0.0007218791 0.5038677 0.004401407 -0.005652661 0.9999743 -0.1136568
0.6808575 -0.7323794 -0.007310803 5.408446 0.7324008 0.6808736 0.0003615154 0.4580035 0.004712967 -0.005600577 0.9999732 -0.1093904
0.6707624 -0.7416306 -0.007862634 5.36211 0.7416572 0.6707786 0.0007412035 0.4239548 0.004724387 -0.006328551 0.9999688 -0.1134394
0.6614466 -0.7499499 -0.007964101 5.313538 0.7499783 0.6614618 0.0009275554 0.3892796 0.004572328 -0.006586431 0.9999679 -0.1084869
0.652104 -0.7580763 -0.00897751 5.253128 0.758111 0.6521251 0.0007364156 0.3397305 0.005296201 -0.00728617 0.9999594 -0.1089073
0.6435874 -0.7653204 -0.00894541 5.212649 0.7653558 0.6436069 0.0008775305 0.304453 0.005085736 -0.007411189 0.9999596 -0.1083332
0.6350919 -0.772375 -0.00974722 5.173615 0.7724144 0.6351186 0.0004347931 0.2700714 0.005854819 -0.007805027 0.9999524 -0.1056414
0.6265577 -0.7793054 -0.01041432 5.132593 0.7793551 0.6265811 0.001228531 0.2399831 0.005568019 -0.008886202 0.999945 -0.1063749
0.6196085 -0.7848362 -0.01083347 5.085968 0.7848886 0.6196361 0.0009943708 0.2062592 0.005932393 -0.00911919 0.9999408 -0.1023413
0.6129318 -0.7900601 -0.01093645 5.05075 0.7901149 0.6129576 0.001215281 0.1879478 0.005743437 -0.00938594 0.9999394 -0.1035349
0.6073616 -0.7943457 -0.01126087 5.023652 0.7944013 0.6073925 0.0008217855 0.1651951 0.00618699 -0.009444775 0.9999363 -0.1012813
0.6034107 -0.7973529 -0.01113759 5.011133 0.7974076 0.6034406 0.0008142437 0.1426281 0.006071637 -0.009372523 0.9999377 -0.1014049
0.6002878 -0.7996984 -0.01170597 4.993376 0.7997556 0.6003257 0.0003471319 0.119744 0.006749791 -0.00957029 0.9999314 -0.09535808
0.598267 -0.8012096 -0.01182135 4.978975 0.8012683 0.598305 0.0003826697 0.1060393 0.006766177 -0.009701014 0.99993 -0.0978464
0.5960188 -0.8028855 -0.0116774 4.97989 0.8029453 0.5960523 0.0007417868 0.1033757 0.006364773 -0.009818435 0.9999315 -0.1006006
0.5954573 -0.803296 -0.01209109 4.975264 0.8033562 0.5954988 0.0002134512 0.09411379 0.007028765 -0.009840555 0.9999269 -0.1022523
0.595773 -0.803066 -0.01181271 4.976494 0.8031207 0.5958164 -0.0001877481 0.09218986 0.007188981 -0.009375178 0.9999302 -0.09756164
0.5959181 -0.8029752 -0.01060456 4.97671 0.8030181 0.5959545 -0.0003509047 0.09396749 0.006601606 -0.008306544 0.9999437 -0.09453973
0.5954334 -0.8033356 -0.01054491 4.970595 0.8033804 0.5954663 3.349548e-05 0.1006568 0.006252231 -0.00849152 0.9999444 -0.09923879
0.5956008 -0.8032044 -0.01106138 4.983508 0.8032541 0.5956364 9.228382e-05 0.09463085 0.006514439 -0.008940065 0.9999388 -0.09867611
0.5954431 -0.8033296 -0.01044151 4.975634 0.8033695 0.5954807 -0.0006220681 0.0909043 0.006717443 -0.008017983 0.9999453 -0.0955753
0.595726 -0.8031151 -0.01079553 4.976858 0.8031585 0.5957651 -0.0005147909 0.09276296 0.006845037 -0.008363849 0.9999416 -0.09838966
0.5955659 -0.8032362 -0.01062604 4.97911 0.8032817 0.5955994 2.046768e-05 0.09620757 0.00631242 -0.008547889 0.9999436 -0.09679032
0.5955714 -0.8032362 -0.01031363 4.971191 0.8032766 0.5956061 -0.0003658226 0.09822892 0.006436705 -0.008066826 0.9999468 -0.09500844
0.5956464 -0.8031776 -0.01054153 4.982973 0.8032198 0.5956826 -0.0003777463 0.09109674 0.006582807 -0.008242167 0.9999444 -0.09858717
0.5956405 -0.8031798 -0.01070084 4.983907 0.8032252 0.5956756 -9.346055e-05 0.09584038 0.006449292 -0.008539513 0.9999427 -0.09662946
0.5950889 -0.803588 -0.01075128 4.977322 0.8036341 0.5951235 -4.32292e-05 0.09720077 0.006433081 -0.008614372 0.9999422 -0.09955132
0.5957816 -0.8030782 -0.01046814 4.983974 0.8031216 0.5958149 -9.394111e-05 0.09391558 0.006312516 -0.00835122 0.9999452 -0.09639063
0.5957248 -0.8031137 -0.0109706 4.981529 0.8031603 0.5957628 -0.0002563684 0.09410362 0.006741768 -0.008658424 0.9999398 -0.09869001
0.5954798 -0.8032973 -0.01083194 4.984852 0.8033442 0.5955149 -1.870003e-05 0.09839783 0.006465604 -0.008690641 0.9999413 -0.1005553
0.5951805 -0.8035214 -0.01065142 4.982407 0.8035659 0.5952157 -0.0001826193 0.1018981 0.006486633 -0.008450428 0.9999433 -0.09888912
0.5952228 -0.803488 -0.01081062 4.979602 0.8035337 0.5952593 -0.000192672 0.09368067 0.006589929 -0.008572011 0.9999415 -0.09757849
0.5952802 -0.803445 -0.01084513 4.975482 0.8034922 0.5953152 -1.261802e-05 0.09789468 0.006466407 -0.008706464 0.9999412 -0.09904394
0.5952661 -0.8034616 -0.01038214 4.970707 0.8035052 0.5952977 5.908078e-05 0.1042183 0.006132996 -0.008377274 0.9999461 -0.09612557
0.5957838 -0.8030757 -0.01054453 4.975979 0.8031212 0.5958157 0.0001367559 0.1014028 0.00617277 -0.008550009 0.9999444 -0.09794905
0.5954403 -0.803332 -0.01041935 4.977563 0.8033761 0.595472 8.666469e-05 0.09495784 0.006134813 -0.008422265 0.9999457 -0.09723643
0.5955577 -0.8032449 -0.01041696 4.986681 0.8032883 0.5955902 -2.329657e-05 0.09865705 0.006222953 -0.008353949 0.9999458 -0.09511707
0.5953591 -0.803392 -0.01043509 4.986636 0.8034353 0.5953921 -6.675627e-05 0.1000538 0.0062666 -0.008344174 0.9999455 -0.09973553
0.5953599 -0.8033869 -0.01076962 4.984409 0.803432 0.5953965 -0.0002426831 0.09294447 0.006607161 -0.00850817 0.999942 -0.09867338
0.5952129 -0.8034973 -0.01065983 4.972637 0.8035406 0.5952499 -0.0003699274 0.09378545 0.006642499 -0.008345423 0.9999431 -0.09591012
0.5956279 -0.8031916 -0.0105229 4.9759 0.8032356 0.5956615 -7.062219e-05 0.09581517 0.006324807 -0.0084103 0.9999446 -0.09719462
0.5958738 -0.8030102 -0.01044689 4.974461 0.8030524 0.5959086 -0.0002609296 0.09556999 0.006434921 -0.008233921 0.9999454 -0.09585709
0.5954434 -0.8033282 -0.01054062 4.97193 0.8033706 0.5954792 -0.0003408203 0.09498861 0.006550514 -0.008265088 0.9999444 -0.09862496
0.5951842 -0.8035152 -0.01091285 4.990469 0.8035575 0.5952266 -0.0008097354 0.09095012 0.007146251 -0.008287159 0.9999401 -0.09933098
0.5954235 -0.8033439 -0.01046271 4.976099 0.8033878 0.5954562 -1.075352e-05 0.09775163 0.006238723 -0.008399209 0.9999453 -0.09745605
0.5955888 -0.803216 -0.01086082 4.987604 0.8032607 0.5956273 -0.0003982978 0.08730315 0.006788922 -0.008486851 0.9999409 -0.09772786
0.5954778 -0.8033046 -0.0103822 4.98288 0.8033472 0.595511 -0.0001276676 0.09529714 0.006285268 -0.008264486 0.9999461 -0.09672234
0.5959858 -0.8029249 -0.01060568 4.977634 0.8029675 0.5960227 -0.0004020375 0.09103787 0.006644032 -0.008276407 0.9999437 -0.09737635
0.5953501 -0.8033952 -0.01069829 4.984358 0.8034408 0.5953847 -5.214615e-05 0.09733839 0.006411494 -0.008564401 0.9999428 -0.09882158
0.5955454 -0.8032485 -0.01084154 4.986427 0.8032939 0.5955827 -0.0002753506 0.09320637 0.006678207 -0.008544957 0.9999412 -0.09894937
0.5953444 -0.8034009 -0.0105854 4.978542 0.8034439 0.5953803 -0.0003038808 0.09560935 0.006546477 -0.008323861 0.9999439 -0.09755747
0.595912 -0.8029824 -0.0103964 4.981284 0.803027 0.5959426 0.0001849132 0.09825531 0.006047178 -0.008458785 0.9999459 -0.09626234
0.5955912 -0.8032178 -0.01059511 4.974123 0.8032613 0.5956267 -0.0002451492 0.09727828 0.006507642 -0.008364636 0.9999439 -0.09639025
0.5955776 -0.8032327 -0.01022911 4.972013 0.8032731 0.5956109 -0.0002649215 0.09241866 0.006305361 -0.008058985 0.9999477 -0.09544658
0.5953734 -0.8033727 -0.01108394 4.988009 0.8034187 0.5954143 -0.0004885015 0.09273636 0.006991984 -0.008614203 0.9999384 -0.09932434
0.5956415 -0.8031789 -0.01071876 4.978241 0.8032238 0.5956774 -0.0001783092 0.09736681 0.006528134 -0.008503351 0.9999425 -0.09940269
0.5955513 -0.8032499 -0.01040795 4.981184 0.8032919 0.5955855 -0.0002427078 0.09825648 0.006393781 -0.008216079 0.9999458 -0.09583928
0.5950842 -0.8035879 -0.01101441 4.980814 0.8036331 0.5951248 -0.0005253688 0.0949762 0.00697713 -0.008538909 0.9999392 -0.1017124
0.5955614 -0.8032408 -0.01053465 4.985556 0.803285 0.5955949 -4.655961e-05 0.09768447 0.006311779 -0.008434593 0.9999445 -0.09745974
0.5959191 -0.8029695 -0.01097715 4.981952 0.8030159 0.5959575 -0.0002858904 0.09762267 0.006771475 -0.008644456 0.9999397 -0.1007567
0.5956857 -0.8031451 -0.01079843 4.976933 0.8031899 0.595723 -0.000299349 0.0963356 0.006673291 -0.008494869 0.9999416 -0.09817527
0.5960497 -0.8028738 -0.01087786 4.981507 0.8029232 0.5960823 0.0002941242 0.1030101 0.006247956 -0.008909399 0.9999408 -0.09890993
0.596633 -0.8024457 -0.01049482 4.987609 0.8024912 0.596664 0.0002169758 0.1026001 0.006087767 -0.008551451 0.9999449 -0.09611133
0.5979759 -0.801443 -0.01067069 4.988773 0.8014908 0.5980068 0.0003446559 0.1092312 0.006104927 -0.00875856 0.999943 -0.09858111
0.5987197 -0.8008886 -0.01059337 4.997112 0.8009353 0.5987509 0.0002857866 0.110921 0.006113904 -0.008655706 0.9999439 -0.1004586
0.6003624 -0.7996582 -0.01057428 4.990387 0.7997071 0.6003901 0.0006830841 0.1128961 0.00580246 -0.008866425 0.9999439 -0.09953397
0.6020037 -0.7984176 -0.01099485 5.011938 0.7984735 0.6020286 0.001245948 0.1209963 0.005624425 -0.009529158 0.9999388 -0.1008167
0.606125 -0.7952858 -0.01152839 5.016807 0.795354 0.6061397 0.002570302 0.1294316 0.004943691 -0.01072708 0.9999303 -0.09934293
0.6105949 -0.791863 -0.01126167 5.048601 0.7919351 0.6105909 0.004192896 0.1421869 0.003556075 -0.01147867 0.9999278 -0.1014448
0.617467 -0.7865156 -0.01129857 5.073179 0.7865913 0.6174526 0.005137865 0.1694024 0.002935319 -0.01205982 0.999923 -0.09888131
0.6251726 -0.7804136 -0.01066612 5.115053 0.780481 0.6251609 0.004793357 0.1912694 0.002927241 -0.01132138 0.9999316 -0.09804469
0.6349524 -0.7724755 -0.01081298 5.172925 0.7725472 0.6349325 0.005641425 0.2325878 0.002507645 -0.01193557 0.9999256 -0.1001739
0.6456913 -0.7635324 -0.01005417 5.23406 0.7635945 0.6456749 0.005225404 0.2683294 0.002501962 -0.01105131 0.9999358 -0.1020691
0.6584183 -0.7525942 -0.009345267 5.289415 0.7526494 0.6583989 0.005454762 0.321666 0.002047692 -0.01062522 0.9999415 -0.1014693
0.6705699 -0.7417938 -0.008826299 5.361768 0.7418438 0.6705515 0.005330344 0.3681639 0.001964473 -0.0101221 0.9999468 -0.1048867
0.6848943 -0.7286032 -0.007557882 5.449714 0.7286406 0.6848795 0.004795211 0.4205387 0.001682432 -0.008791192 0.9999599 -0.1065312
0.6999025 -0.7141969 -0.007698925 5.535438 0.7142352 0.6998909 0.004551246 0.476371 0.002137923 -0.008684272 0.99996 -0.1088201
0.714636 -0.6994551 -0.007612281 5.639197 0.6994931 0.7146245 0.004618759 0.5417753 0.002209307 -0.008625469 0.9999604 -0.1200609
0.7310241 -0.6823136 -0.007198941 5.728359 0.6823476 0.7310153 0.004275088 0.5896739 0.002345586 -0.008037372 0.999965 -0.1169575
0.7490804 -0.6624624 -0.004700559 5.850877 0.662479 0.7490647 0.004866626 0.6556882 0.0002970661 -0.006759516 0.9999771 -0.1139033
0.764544 -0.6445566 -0.004378533 5.960583 0.6445714 0.7645305 0.00456857 0.7209225 0.0004028196 -0.00631515 0.99998 -0.1234901
0.7824158 -0.6227469 -0.003432523 6.084783 0.6227562 0.7824005 0.004917422 0.7715668 -0.0003767026 -0.005985094 0.999982 -0.1260426
0.7999338 -0.6000795 -0.003243946 6.222241 0.6000883 0.7999214 0.004460177 0.8254273 -8.155894e-05 -0.005514501 0.9999848 -0.1316175
0.8180445 -0.575154 -0.0009681708 6.34346 0.5751507 0.818031 0.005199372 0.8943444 -0.002198446 -0.004810162 0.999986 -0.1317551
0.8348306 -0.5505043 -0.001711734 6.505181 0.550505 0.8348153 0.005281146 0.946965 -0.001478312 -0.00535118 0.9999846 -0.1383509
0.8509467 -0.525252 -0.0002858373 6.656364 0.5252457 0.8509334 0.00540417 1.01856 -0.002595323 -0.004748795 0.9999853 -0.1426852
0.8686836 -0.4953672 -0.0002100465 6.815763 0.4953596 0.8686677 0.005939127 1.079572 -0.002759588 -0.005263271 0.9999824 -0.1447998
0.8849937 -0.4656028 -0.0003048817 6.997324 0.4655955 0.8849756 0.00623938 1.13781 -0.00263526 -0.005663764 0.9999805 -0.151181
0.9006285 -0.4345897 -0.0001678042 7.172672 0.434583 0.9006124 0.00591656 1.175407 -0.00242015 -0.005401547 0.9999825 -0.1511224
0.9146593 -0.4042215 0.001800748 7.388053 0.4042041 0.9146476 0.006224435 1.241593 -0.004163101 -0.004965368 0.999979 -0.1541028
0.9277427 -0.3732052 0.003381217 7.588762 0.3731788 0.9277363 0.006549151 1.282237 -0.005581055 -0.004814128 0.9999728 -0.1626137
0.9384517 -0.3453823 0.00441305 7.801373 0.3453556 0.9384538 0.005828087 1.31778 -0.006154362 -0.003945306 0.9999733 -0.1665433
0.9487189 -0.3160729 0.005510044 8.022767 0.3160437 0.9487284 0.005564262 1.362512 -0.006986247 -0.003537506 0.9999694 -0.1712017
0.9573285 -0.2888854 0.008209802 8.254427 0.2888511 0.9573604 0.005121034 1.420143 -0.009339131 -0.002531101 0.9999532 -0.174063
0.9649896 -0.2620981 0.00998187 8.497276 0.2620601 0.9650388 0.004961047 1.44288 -0.01093317 -0.002171509 0.9999379 -0.1770466
0.9706475 -0.2402149 0.01184314 8.751081 0.2401736 0.970718 0.004814657 1.496981 -0.0126529 -0.001828924 0.9999183 -0.1862204
0.975941 -0.217515 0.01504602 9.015989 0.2174561 0.9760549 0.005468196 1.530732 -0.01587516 -0.002064788 0.9998719 -0.1907851
0.9804137 -0.1961507 0.01771554 9.282105 0.1960938 0.9805727 0.004911434 1.557068 -0.01833475 -0.001341331 0.999831 -0.1964556
0.9835554 -0.1796015 0.01903001 9.555321 0.1795425 0.9837385 0.004782453 1.586071 -0.01957949 -0.001287113 0.9998075 -0.1977448
0.9863872 -0.1631455 0.02058727 9.837117 0.1630946 0.9866018 0.004144039 1.608495 -0.02098752 -0.0007299549 0.9997795 -0.2051221
0.9882597 -0.1512527 0.0215736 10.13057 0.1511983 0.9884948 0.004142945 1.650519 -0.02195202 -0.0008324145 0.9997587 -0.2121681
0.9898446 -0.1402594 0.02312973 10.41521 0.1402111 0.9901147 0.003703699 1.675204 -0.02342056 -0.0004230408 0.9997256 -0.2194647
0.991046 -0.1313098 0.02419897 10.70865 0.131269 0.9913414 0.003273981 1.698779 -0.02441934 -6.809225e-05 0.9997018 -0.2226715
0.9921253 -0.1226577 0.02534649 11.00772 0.1226134 0.9924489 0.003303734 1.724747 -0.02556033 -0.0001698993 0.9996732 -0.2247081
0.9930583 -0.1146335 0.02635115 11.32416 0.114585 0.9934078 0.003349412 1.755989 -0.0265614 -0.0003067147 0.9996471 -0.2350002
0.9936466 -0.1090434 0.02785664 11.64381 0.1089848 0.9940369 0.003615568 1.792673 -0.02808478 -0.0005566454 0.9996054 -0.2460706
0.9941515 -0.1038674 0.02957121 11.95229 0.1037955 0.9945908 0.003961357 1.821632 -0.02982271 -0.0008688295 0.9995548 -0.2462374
0.9945816 -0.099282 0.03083184 12.29178 0.09919875 0.9950588 0.004221807 1.833568 -0.03109863 -0.001140452 0.9995157 -0.2537081
0.9948792 -0.09541026 0.0333486 12.63491 0.09532888 0.9954377 0.004025262 1.857681 -0.0335805 -0.0008255646 0.9994357 -0.2577728
0.995132 -0.09201047 0.03530434 12.97846 0.09193422 0.9957579 0.003780456 1.880996 -0.03550241 -0.0005163765 0.9993694 -0.2642604
0.9953933 -0.08892035 0.03585319 13.33142 0.08880873 0.9960377 0.004697166 1.910053 -0.0361288 -0.001491451 0.999346 -0.2803759
0.995676 -0.08566309 0.03593159 13.68919 0.08553698 0.9963224 0.005035313 1.936612 -0.03623079 -0.001940061 0.9993415 -0.2869652
0.9959565 -0.08207013 0.03654093 14.05777 0.08192909 0.9966239 0.00534315 1.960709 -0.03685607 -0.002327779 0.9993179 -0.2915604
0.9962489 -0.07762386 0.03824486 14.42511 0.07750829 0.9969815 0.004497504 1.980666 -0.03847853 -0.00151634 0.9992583 -0.2978505
0.9963257 -0.07502227 0.04131241 14.80295 0.07490968 0.9971811 0.004268806 2.001489 -0.04151621 -0.001158422 0.9991372 -0.299251
0.9965488 -0.07095729 0.04307605 15.19148 0.0708036 0.9974774 0.005084905 2.022741 -0.04332819 -0.002017417 0.9990588 -0.3172173
0.996768 -0.06658736 0.04494073 15.58438 0.0664553 0.9977797 0.004427794 2.038299 -0.04513578 -0.001426934 0.9989799 -0.3241253
0.9970392 -0.06218787 0.04522774 15.98465 0.06204005 0.9980628 0.004666121 2.052172 -0.0454303 -0.001846374 0.9989658 -0.3300001
0.9972098 -0.05876592 0.04603382 16.40144 0.05867024 0.9982715 0.003427945 2.06486 -0.0461557 -0.0007175647 0.998934 -0.3398316
0.99735 -0.05483681 0.04781194 16.81629 0.0547339 0.998495 0.003459814 2.083496 -0.0479297 -0.0008337118 0.9988503 -0.34534
0.9975591 -0.05033923 0.04839114 17.24693 0.05024556 0.9987319 0.003150981 2.099072 -0.0484884 -0.0007118502 0.9988235 -0.3563527
0.9977235 -0.0459411 0.04936927 17.69708 0.04586442 0.998944 0.002685464 2.101394 -0.04944051 -0.0004150576 0.998777 -0.3604033
0.9978617 -0.04153502 0.05046593 18.14397 0.04145616 0.9991369 0.002608833 2.11215 -0.05053073 -0.0005111314 0.9987224 -0.3736166
0.997953 -0.03739853 0.05187602 18.5922 0.03729578 0.9992999 0.002947627 2.118543 -0.05194993 -0.001006837 0.9986492 -0.3776904
0.9980987 -0.03282404 0.05216949 19.05681 0.03273416 0.9994608 0.002576498 2.122439 -0.05222593 -0.0008638746 0.9986349 -0.3867046
0.9981859 -0.02806975 0.05326317 19.54758 0.02798462 0.9996055 0.0023437 2.129126 -0.05330794 -0.0008488987 0.9985778 -0.3948043
0.9982942 -0.02259938 0.05383268 20.03674 0.02252428 0.9997443 0.002001572 2.127394 -0.05386415 -0.0007856159 0.998548 -0.3996543
0.9983141 -0.01816304 0.05512721 20.52463 0.01807642 0.9998344 0.002069567 2.12713 -0.05515568 -0.001069575 0.9984772 -0.411411
0.9983262 -0.01385938 0.05614913 21.0218 0.01375239 0.9999027 0.00229144 2.130499 -0.05617543 -0.00151542 0.9984198 -0.4173139
0.9983991 -0.01018753 0.05563658 21.51377 0.01006911 0.9999466 0.002408363 2.118241 -0.05565814 -0.001844297 0.9984482 -0.4308676
0.9984313 -0.007221554 0.05552374 22.00787 0.007057462 0.9999703 0.003150864 2.111297 -0.05554483 -0.002754065 0.9984524 -0.4364251
0.99845 -0.003377992 0.05555317 22.50277 0.003188327 0.9999888 0.0035024 2.116148 -0.05556438 -0.00331985 0.9984496 -0.4455377
0.9984214 -0.001166803 0.05615567 23.01636 0.000953144 0.9999923 0.003831404 2.110004 -0.0561597 -0.003771831 0.9984147 -0.4592504
0.9984919 0.001068795 0.05488874 23.52208 -0.00130564 0.9999899 0.004279334 2.098132 -0.05488362 -0.004344545 0.9984833 -0.4679032
0.9983824 0.002191404 0.05681242 24.03515 -0.002482109 0.9999841 0.005046874 2.1039 -0.05680047 -0.005179725 0.9983721 -0.4797378
0.9984206 0.003593276 0.05606596 24.54833 -0.003919268 0.999976 0.005705551 2.092873 -0.05604412 -0.005916277 0.9984108 -0.4896456
0.9984987 0.005433481 0.05450586 25.06049 -0.005776153 0.9999645 0.006131317 2.086208 -0.05447061 -0.006436946 0.9984946 -0.5125337
0.9985355 0.00664377 0.05369099 25.58163 -0.00699399 0.9999554 0.006337631 2.07522 -0.0536465 -0.006703864 0.9985375 -0.5157356
0.9985442 0.007902944 0.05335763 26.08257 -0.008294818 0.9999403 0.007126839 2.068347 -0.05329812 -0.007559056 0.9985501 -0.5294743
