1.0 0.0 0.0 0.0 0.0 1.0 0.0 0.0 0.0 0.0 1.0 0.0
0.9999913 -0.003918206 -0.001423488 2.040136 0.003914698 0.9999894 -0.002459251 -0.01678786 0.001433108 0.002453657 0.9999959 -0.04286281
0.9999691 -0.007815798 0.0008286473 3.811781 0.007817983 0.999966 -0.002665953 -0.007032509 -0.0008077826 0.002672349 0.9999961 -0.04002769
0.9999205 -0.01260203 -0.0002058095 5.579041 0.01260122 0.9999142 -0.003552061 0.01533473 0.000250555 0.003549185 0.9999937 -0.08742715
0.9998828 -0.0146541 0.004445911 7.396961 0.01463523 0.9998839 0.004248389 0.007968969 -0.004507652 -0.004182824 0.9999811 -0.1025329
0.9998513 -0.01711277 0.00213414 9.159063 0.01710516 0.9998474 0.003531692 0.01795137 -0.002194251 -0.003494662 0.9999915 -0.1629424
0.9997963 -0.01875261 0.007455268 10.90265 0.0187351 0.9998215 0.002411617 0.01906496 -0.007499162 -0.002271451 0.9999693 -0.1857834
0.999743 -0.02160362 0.006869434 12.64273 0.0215812 0.9997616 0.003321886 0.03931363 -0.006939561 -0.003172782 0.9999709 -0.2140244
0.9996802 -0.02330604 0.009815926 14.36108 0.02326748 0.9997211 0.004024461 0.04932021 -0.009906983 -0.003794782 0.9999437 -0.2548947
0.9996889 -0.02422677 0.005928529 16.11561 0.02421275 0.999704 0.002425221 0.06934927 -0.005985529 -0.00228092 0.9999795 -0.31941
0.9996189 -0.02632722 0.008307215 17.84347 0.02631992 0.9996531 0.0009868545 0.1127872 -0.008330313 -0.0007678333 0.999965 -0.3533986
0.9995732 -0.02871364 0.005378436 19.60932 0.02870907 0.9995873 0.0009267057 0.1542599 -0.005402826 -0.0007719003 0.9999851 -0.3754303
0.999522 -0.03051873 0.004938368 21.34336 0.03053842 0.9995258 -0.003962858 0.1827936 -0.004815084 0.004111774 0.99998 -0.4288638
0.9994926 -0.03175835 0.002421339 23.10199 0.03175285 0.999493 0.002276489 0.2382616 -0.002492409 -0.00219845 0.9999945 -0.4258814
0.9994136 -0.03406083 0.003511399 24.85206 0.03406565 0.9994186 -0.001322705 0.2723064 -0.003464306 0.001441547 0.999993 -0.4635698
0.9993346 -0.03643166 0.001775204 26.61907 0.03643264 0.9993359 -0.0005235213 0.3294518 -0.001754952 0.0005878483 0.9999983 -0.4914461
0.999263 -0.03824664 0.003260929 28.38438 0.03823867 0.9992656 0.002469782 0.378318 -0.003352995 -0.002343268 0.9999917 -0.5292436
0.9992017 -0.03987157 0.002509324 30.14858 0.03985857 0.9991927 0.005033476 0.4273483 -0.002707991 -0.00492944 0.9999842 -0.565432
0.9991045 -0.04228507 0.001474337 31.92214 0.0422722 0.9990749 0.007880366 0.4815869 -0.001806196 -0.007810986 0.9999679 -0.6157889
0.999028 -0.04405208 -0.001561271 33.70668 0.04406255 0.9990009 0.007469438 0.5472187 0.001230667 -0.007530971 0.9999709 -0.6633122
0.9989398 -0.04577784 -0.004872566 35.48613 0.04576975 0.9989505 -0.001758743 0.5982968 0.004947963 0.001533862 0.9999866 -0.7049451
0.998816 -0.04853247 0.003340929 37.27583 0.0485421 0.998817 -0.002863187 0.6864581 -0.003198019 0.003021973 0.9999903 -0.8163323
0.9987656 -0.04964587 -0.001600002 39.06266 0.04965094 0.9987612 0.00330293 0.7618763 0.001434044 -0.003378295 0.9999933 -0.742815
0.9986708 -0.05097231 -0.007649423 40.86909 0.05101652 0.9986815 0.005699056 0.8328561 0.007348843 -0.006081727 0.9999545 -0.8128296
0.9986203 -0.05241526 -0.003185017 42.6713 0.05243288 0.998608 0.005726626 0.9063275 0.002880421 -0.005885725 0.9999785 -0.8444377
0.9984837 -0.05451931 -0.007615183 44.4805 0.05459375 0.9984592 0.009935192 0.9931299 0.007061791 -0.01033587 0.9999216 -0.9071214
0.9984316 -0.05595809 0.00177003 46.28148 0.05594474 0.9984103 0.006860897 1.064398 -0.002151139 -0.006751112 0.9999749 -0.8974802
0.9983461 -0.05748621 0.0005432307 48.09575 0.05747982 0.998313 0.008220017 1.132179 -0.001014852 -0.008175198 0.9999661 -1.001787
0.9982458 -0.0586524 0.008080478 49.92949 0.05856908 0.9982313 0.01018836 1.233853 -0.008663758 -0.009697217 0.9999154 -1.028847
0.9981497 -0.06079245 0.001231192 51.73927 0.06077981 0.9981147 0.008527641 1.33919 -0.001747287 -0.008437031 0.9999629 -1.089694
0.9980842 -0.06186126 0.001056685 53.56851 0.06185626 0.998076 0.004244775 1.426507 -0.001317239 -0.00417128 0.9999904 -1.123193
0.9979745 -0.06338175 0.005442092 55.40878 0.06332514 0.9979427 0.01001094 1.521233 -0.006065408 -0.009646047 0.9999351 -1.139183
0.9978595 -0.06516329 0.005488748 57.24796 0.06515271 0.9978731 0.002083848 1.618819 -0.005612865 -0.00172178 0.9999828 -1.227843
0.9976054 -0.0680884 0.01214355 59.10009 0.06801323 0.9976634 0.006499751 1.732192 -0.01255773 -0.005658265 0.9999051 -1.256344
0.9975621 -0.06961222 0.004913834 60.94388 0.06960812 0.997574 0.001000513 1.825741 -0.004971561 -0.0006560306 0.9999874 -1.279405
0.9973189 -0.07237127 0.01083734 62.77966 0.07227825 0.9973463 0.00874313 1.94806 -0.01144133 -0.007936385 0.999903 -1.357279
0.9972745 -0.07361969 0.004876586 64.65727 0.07359535 0.9972757 0.004998231 2.052135 -0.005231269 -0.004625714 0.9999756 -1.332608
0.9970559 -0.07596444 0.01043569 66.52188 0.07592081 0.9971035 0.004516549 2.180574 -0.01074856 -0.003710966 0.9999353 -1.439079
0.9968169 -0.07702518 0.0205699 68.397 0.0770069 0.9970291 0.001680497 2.287956 -0.02063823 -9.112363e-05 0.999787 -1.426766
0.9966747 -0.07861036 0.02144737 70.27004 0.07856913 0.9969049 0.00275994 2.416935 -0.02159795 -0.001065661 0.9997662 -1.499895
0.9964258 -0.07965755 0.02811205 72.15529 0.07969049 0.9968196 -5.169108e-05 2.553618 -0.02801853 0.00229177 0.9996048 -1.515387
0.9965457 -0.07955357 0.0238296 74.01949 0.07950518 0.9968301 0.002972647 2.683821 -0.02399054 -0.001067802 0.9997116 -1.573195
0.9964167 -0.08069981 0.0253246 75.91042 0.08066639 0.9967383 0.002340443 2.823756 -0.02543087 -0.0002892124 0.9996765 -1.61121
0.9965363 -0.08006011 0.02248951 77.81506 0.08001243 0.9967895 0.003013682 2.953336 -0.02265858 -0.001203803 0.9997425 -1.62574
0.996372 -0.08143128 0.02473205 79.72953 0.08140765 0.9966788 0.001962411 3.100142 -0.02480971 5.808653e-05 0.9996922 -1.693195
0.9962994 -0.08198827 0.02579619 81.62417 0.08194306 0.9966331 0.002806576 3.241685 -0.02593944 -0.0006823712 0.9996633 -1.704786
0.9963538 -0.08267501 0.02107006 83.53873 0.08257276 0.9965688 0.005678919 3.372944 -0.02146726 -0.0039184 0.9997619 -1.759256
0.9962761 -0.08300073 0.02334103 85.45335 0.08282462 0.9965285 0.008415241 3.505743 -0.02395848 -0.006450691 0.9996921 -1.806472
0.9962894 -0.0837947 0.01964409 87.38119 0.08369449 0.9964743 0.005870293 3.648475 -0.02006673 -0.004204409 0.9997898 -1.853601
0.9961437 -0.08448845 0.02365131 89.31821 0.08437973 0.9964181 0.005559358 3.784043 -0.02403629 -0.003542229 0.9997048 -1.91501
0.9960179 -0.08504021 0.02676767 91.24503 0.08495788 0.9963758 0.004199928 3.934874 -0.02702782 -0.001909079 0.9996328 -1.943937
0.9958816 -0.08577187 0.02937958 93.18217 0.08564745 0.9963106 0.005470074 4.082211 -0.02974036 -0.00293126 0.9995534 -2.001478
0.995895 -0.08594214 0.02840968 95.13029 0.0857745 0.9962895 0.00707007 4.224178 -0.02891189 -0.00460422 0.9995714 -2.035867
0.9957375 -0.08728468 0.02980334 97.07762 0.08703194 0.9961585 0.009677222 4.370009 -0.03053352 -0.00704213 0.9995089 -2.110744
0.9956915 -0.08786833 0.02962205 99.02004 0.08761507 0.9961067 0.00974445 4.514294 -0.03036295 -0.007107129 0.9995137 -2.142953
0.9953988 -0.08923563 0.03490333 100.9821 0.08891679 0.9959828 0.01058614 4.67313 -0.03570778 -0.007433943 0.9993346 -2.207191
0.9953805 -0.09038436 0.03237742 102.9492 0.09007847 0.9958762 0.01078787 4.826656 -0.03321896 -0.007821528 0.9994175 -2.262329
0.9952279 -0.09056792 0.03631524 104.9072 0.09025577 0.9958669 0.01014817 4.9704 -0.03708425 -0.006822082 0.9992889 -2.32219
0.9952386 -0.0913552 0.03397602 106.8815 0.09106626 0.995795 0.009959522 5.123694 -0.034743 -0.006818031 0.999373 -2.38554
0.9953107 -0.0907265 0.03354432 108.8424 0.09048598 0.9958605 0.008623142 5.291412 -0.0341878 -0.005547415 0.9994 -2.433962
0.9955094 -0.08904705 0.03211728 110.8203 0.08880449 0.9960093 0.008904352 5.453135 -0.03278201 -0.006012208 0.9994444 -2.487857
0.9955554 -0.08660475 0.03700043 112.8068 0.08622222 0.9962058 0.01181515 5.599907 -0.03788329 -0.008572379 0.9992454 -2.551152
0.9956803 -0.08491707 0.03754841 114.8015 0.08447367 0.9963375 0.01324434 5.751211 -0.03853557 -0.01001527 0.999207 -2.596183
0.9955875 -0.08479732 0.04018503 116.7933 0.08439668 0.9963652 0.01156635 5.904476 -0.04101976 -0.008123829 0.9991253 -2.663956
0.9956138 -0.0843579 0.04045915 118.7963 0.08411823 0.9964268 0.007592877 6.04277 -0.0409551 -0.004156221 0.9991524 -2.71648
0.9955128 -0.0842179 0.04314496 120.8072 0.08397662 0.9964403 0.00737771 6.194986 -0.04361271 -0.003721437 0.9990416 -2.775604
0.9955136 -0.08479838 0.04197668 122.8092 0.08449645 0.9963838 0.008918731 6.362716 -0.04258118 -0.005331838 0.9990788 -2.821333
0.995632 -0.08433104 0.04006577 124.832 0.08410665 0.9964303 0.00725613 6.504051 -0.04053466 -0.003854637 0.9991707 -2.873829
0.995669 -0.08467425 0.03838656 126.8576 0.08441217 0.9963955 0.008400509 6.665309 -0.03895951 -0.005123834 0.9992276 -2.932186
0.9956804 -0.08434518 0.03881264 128.8699 0.08407239 0.9964225 0.008610588 6.81775 -0.03940004 -0.005310323 0.9992094 -2.976053
0.995778 -0.08388122 0.03728539 130.8791 0.0836334 0.9964632 0.0081602 6.964531 -0.037838 -0.005007443 0.9992713 -3.039148
0.995756 -0.08356543 0.03855959 132.9115 0.08343628 0.996501 0.004949413 7.110004 -0.03883826 -0.001711139 0.999244 -3.095658
0.9957851 -0.08375558 0.03737753 134.9475 0.0836497 0.9964855 0.00439036 7.273149 -0.03761388 -0.001245236 0.9992916 -3.136313
0.9958382 -0.0839064 0.03557996 136.9999 0.08374611 0.9964691 0.005974296 7.421652 -0.03595562 -0.002969749 0.999349 -3.190443
0.9959379 -0.08341701 0.0339 139.0288 0.08315894 0.9964962 0.00895513 7.569582 -0.03452823 -0.006099666 0.9993851 -3.232666
0.995937 -0.08315263 0.03456962 141.0759 0.0828271 0.996506 0.01074676 7.720767 -0.03534245 -0.007839794 0.9993445 -3.289738
0.9959193 -0.0830844 0.03523713 143.1349 0.08267467 0.9964926 0.0129325 7.87857 -0.03618804 -0.009966506 0.9992953 -3.34802
0.9959824 -0.08285133 0.03398146 145.1749 0.08245864 0.9965122 0.0128017 8.022999 -0.03492358 -0.009948203 0.9993405 -3.424859
0.9960686 -0.08248708 0.03229997 147.25 0.08215389 0.9965532 0.01151231 8.168919 -0.03313825 -0.008813486 0.9994119 -3.493011
0.9962029 -0.08164698 0.03022581 149.309 0.08145027 0.9966477 0.007685004 8.325376 -0.03075195 -0.005193923 0.9995136 -3.537952
0.9960623 -0.08233429 0.03287612 151.3947 0.08210688 0.9965898 0.008210383 8.488007 -0.03344001 -0.005478698 0.9994257 -3.588877
0.995875 -0.08398135 0.03435216 153.4668 0.08366668 0.9964385 0.01049969 8.631162 -0.03511159 -0.007582251 0.9993547 -3.648814
0.9956671 -0.08551285 0.03653188 155.534 0.08508351 0.996287 0.01315286 8.792919 -0.03752097 -0.009987606 0.9992459 -3.706242
0.99554 -0.08780055 0.03451278 157.609 0.08746175 0.9961047 0.01120979 8.946986 -0.03536257 -0.008141248 0.9993414 -3.775763
0.9951862 -0.09087439 0.03669076 159.684 0.09060311 0.9958465 0.008993183 9.117865 -0.03735561 -0.005625594 0.9992862 -3.83298
0.9951503 -0.09185553 0.03519253 161.7561 0.09147628 0.9957321 0.0122424 9.281404 -0.03616686 -0.00896375 0.9993055 -3.899819
0.9952027 -0.09276287 0.03109245 163.8228 0.09232445 0.9956123 0.01525451 9.44502 -0.03237108 -0.01231074 0.9994001 -3.974524
0.9954394 -0.09198131 0.02529431 165.8947 0.09165259 0.9956946 0.01386397 9.6147 -0.02646063 -0.01148245 0.9995839 -4.038376
0.9954033 -0.09255438 0.0246173 167.9655 0.09230183 0.9956679 0.01120695 9.799864 -0.02554791 -0.008883212 0.9996341 -4.102074
0.9954385 -0.09258066 0.02304205 170.0507 0.0923357 0.9956617 0.01147942 9.96987 -0.02400486 -0.009299451 0.9996686 -4.177905
0.9954524 -0.09273792 0.02177705 172.1175 0.09252913 0.9956555 0.0104093 10.13285 -0.02264778 -0.008346948 0.9997087 -4.228116
0.995277 -0.09390807 0.0245965 174.202 0.09359138 0.9955159 0.01372733 10.3174 -0.02577532 -0.01136048 0.9996032 -4.316678
0.9951923 -0.09458897 0.02539962 176.2775 0.09424432 0.9954444 0.01444215 10.49882 -0.02664997 -0.01197895 0.9995731 -4.355605
0.9951187 -0.09499474 0.02673304 178.3259 0.09466159 0.9954183 0.01346573 10.66963 -0.02788974 -0.01086941 0.9995519 -4.440349
0.9951822 -0.09545415 0.02238196 180.3971 0.09527434 0.9954108 0.008969802 10.84672 -0.02313544 -0.006794162 0.9997092 -4.499135
0.9950413 -0.09686679 0.02257599 182.4509 0.09672497 0.9952843 0.007293792 11.0229 -0.02317606 -0.005073962 0.9997185 -4.573586
0.9950818 -0.09747906 0.01760623 184.4936 0.09729521 0.9951947 0.0110154 11.21654 -0.0185954 -0.009248221 0.9997843 -4.627517
0.9950792 -0.09796713 0.01482617 186.548 0.09780204 0.9951397 0.01147949 11.39202 -0.01587872 -0.009972976 0.9998242 -4.688799
0.9949499 -0.09986451 0.01009109 188.5732 0.09975456 0.9949527 0.01086955 11.58541 -0.01112564 -0.009808023 0.99989 -4.757101
0.9948722 -0.1007801 0.0085311 190.6153 0.1007004 0.9948732 0.009311916 11.76248 -0.00942582 -0.008405082 0.9999202 -4.814517
0.9946828 -0.102537 0.009604957 192.6437 0.1024408 0.9946885 0.0100286 11.96027 -0.01058224 -0.008991341 0.9999036 -4.88254
0.9945529 -0.1037662 0.009852779 194.6794 0.1036783 0.9945698 0.009043708 12.14509 -0.01073771 -0.007972926 0.9999105 -4.931116
0.9943441 -0.1055483 0.01181035 196.7052 0.1054164 0.994364 0.01128454 12.3423 -0.01293485 -0.009975707 0.9998666 -5.018862
0.9942082 -0.1073034 0.006013679 198.7257 0.107234 0.9941742 0.01087266 12.54076 -0.007145319 -0.01016481 0.9999228 -5.059979
0.9940724 -0.1086844 0.002800828 200.7732 0.108655 0.9940376 0.00910666 12.75855 -0.003773881 -0.008748354 0.9999546 -5.138823
0.9939048 -0.1102196 -0.002224084 202.8168 0.1102338 0.9938748 0.007817017 12.96721 0.001348873 -0.008014539 0.999967 -5.183042
0.9935566 -0.1128935 -0.01002306 204.8448 0.1130001 0.9935362 0.01079962 13.17799 0.008739066 -0.01186264 0.9998915 -5.239331
0.9932044 -0.115737 -0.01224319 206.8991 0.1159175 0.993142 0.01523171 13.41104 0.01039636 -0.0165474 0.999809 -5.304287
0.9925593 -0.1203153 -0.01871331 208.9508 0.1206032 0.9925859 0.01509638 13.642 0.01675824 -0.01724094 0.9997109 -5.369692
0.9917431 -0.1264655 -0.02125957 211.0011 0.1267589 0.9918474 0.01306857 13.8882 0.01943353 -0.0156555 0.9996886 -5.44845
0.9907966 -0.1323219 -0.02851283 213.0704 0.1327458 0.9910579 0.01351813 14.1507 0.02646912 -0.01717868 0.999502 -5.510176
0.9899611 -0.1382603 -0.0293457 215.1413 0.1386594 0.9902672 0.0120212 14.42683 0.02739803 -0.01596958 0.9994971 -5.582766
0.9888591 -0.1439327 -0.03796185 217.2124 0.1444515 0.9894476 0.01128553 14.70817 0.0359369 -0.01664345 0.9992155 -5.641704
0.9878589 -0.1500261 -0.04033647 219.2706 0.1506203 0.9885175 0.01210211 15.00905 0.03805768 -0.01803067 0.9991128 -5.705089
0.9867452 -0.156198 -0.0440021 221.3459 0.1568765 0.9875404 0.0123925 15.3125 0.04151818 -0.01913113 0.9989546 -5.755838
0.9859182 -0.1618917 -0.04190865 223.4253 0.1625836 0.9866004 0.01364107 15.62624 0.03913872 -0.02026264 0.9990283 -5.818635
0.9847447 -0.1685535 -0.0432167 225.5109 0.1692375 0.985494 0.01266315 15.96992 0.04045538 -0.01978385 0.9989855 -5.882619
0.9836751 -0.1751745 -0.04119718 227.5896 0.1758224 0.9843408 0.01264069 16.31565 0.03833774 -0.01967772 0.9990711 -5.959307
0.9824309 -0.1815458 -0.04325151 229.6762 0.1823323 0.9831231 0.01495804 16.67603 0.03980599 -0.02258139 0.9989522 -6.026886
0.9811566 -0.1879771 -0.04468066 231.7569 0.1888485 0.9818739 0.01611837 17.05344 0.04084089 -0.02425253 0.9988713 -6.101691
0.9797847 -0.1939046 -0.04922367 233.8591 0.1947857 0.9807496 0.01373643 17.45356 0.04561253 -0.02304681 0.9986933 -6.173183
0.9785951 -0.1999124 -0.04885231 235.9492 0.2006086 0.9796231 0.00973852 17.85684 0.04591 -0.01933026 0.9987586 -6.238545
0.9768754 -0.2070258 -0.05343067 238.0342 0.2077477 0.9781475 0.008270415 18.28641 0.05055089 -0.01917926 0.9985373 -6.297715
0.9756281 -0.2130311 -0.05260647 240.1321 0.2138074 0.9768295 0.009532541 18.70229 0.04935682 -0.02054787 0.9985698 -6.350358
0.9741893 -0.2196286 -0.05213885 242.2179 0.2205789 0.9752805 0.01315871 19.15834 0.04795997 -0.0243198 0.9985532 -6.414735
0.9726791 -0.2265411 -0.05073882 244.3381 0.2275389 0.9736571 0.01476049 19.62783 0.04605836 -0.02590227 0.9986029 -6.467298
0.9708262 -0.2348191 -0.0485441 246.4267 0.235909 0.9716082 0.01801544 20.12144 0.04293548 -0.02894185 0.9986585 -6.570154
0.9692074 -0.2411092 -0.05003358 248.5457 0.2421983 0.9700797 0.01689331 20.62063 0.04446343 -0.02849117 0.9986047 -6.619787
0.9671946 -0.2485853 -0.05234506 250.6395 0.2497932 0.9681344 0.017855 21.13787 0.04623857 -0.0303447 0.9984694 -6.722342
0.965277 -0.2557683 -0.05313183 252.7474 0.2569067 0.9663082 0.01571822 21.68307 0.04732151 -0.02882236 0.9984638 -6.780731
0.96301 -0.2633938 -0.05688225 254.8552 0.2646174 0.9642361 0.01503853 22.24608 0.05088688 -0.02953429 0.9982677 -6.866164
0.9606925 -0.2714172 -0.05833269 256.9673 0.2726271 0.9620216 0.01374264 22.81473 0.05238732 -0.02910552 0.9982026 -6.929729
0.9586546 -0.2789047 -0.0565109 259.0603 0.2804089 0.9596605 0.02055322 23.39247 0.04849889 -0.0355496 0.9981904 -6.986967
0.9564927 -0.2870205 -0.05235407 261.1726 0.2885043 0.9571964 0.02325095 23.99089 0.04343962 -0.03734374 0.9983579 -7.068599
0.9540325 -0.2954521 -0.0502982 263.2793 0.2967702 0.9547187 0.02097064 24.61582 0.04182481 -0.03493368 0.9985141 -7.178633
0.951222 -0.3046577 -0.04858414 265.3908 0.3056934 0.9520061 0.01536127 25.26184 0.04157246 -0.02946382 0.998701 -7.264063
0.9484474 -0.3123991 -0.05342571 267.4762 0.3134561 0.9495206 0.01248978 25.93273 0.04682702 -0.02859251 0.9984937 -7.358449
0.9466417 -0.3164982 -0.06081365 269.5544 0.3176846 0.9481362 0.01068994 26.60903 0.05427627 -0.0294391 0.9980919 -7.410791
0.9448816 -0.3201183 -0.0687239 271.6591 0.3214963 0.9468609 0.009725775 27.32383 0.06195858 -0.03128418 0.9975883 -7.482772
0.9437773 -0.3238635 -0.06630865 273.7691 0.3253421 0.9455129 0.01256878 28.03602 0.05862511 -0.03343513 0.99772 -7.527176
0.9418041 -0.328577 -0.07100865 275.871 0.3303976 0.943718 0.01529087 28.75398 0.06198791 -0.03786209 0.9973585 -7.601023
0.9395303 -0.3354901 -0.06876902 277.9884 0.336972 0.941452 0.01087088 29.49082 0.06109565 -0.03338676 0.9975734 -7.687315
0.937166 -0.3411062 -0.07325616 280.0889 0.3427001 0.9393914 0.01002851 30.23671 0.06539541 -0.03450327 0.9972627 -7.749437
0.934512 -0.3474368 -0.07729812 282.1942 0.3491927 0.9369971 0.01005899 31.00475 0.06893323 -0.03639219 0.9969573 -7.77337
0.9321252 -0.3547537 -0.07274882 284.3062 0.3563701 0.9342898 0.01015659 31.78335 0.06436538 -0.03539271 0.9972986 -7.854531
0.9299423 -0.3621072 -0.06392094 286.432 0.3634561 0.9315522 0.0105059 32.56385 0.05574143 -0.03300234 0.9978997 -7.906356
0.9264778 -0.3708234 -0.06425636 288.5219 0.3724198 0.9279507 0.01451778 33.37362 0.05424321 -0.03738074 0.9978278 -8.003874
0.9241554 -0.3773591 -0.05947186 290.6259 0.3788569 0.9253188 0.015893 34.19823 0.04903306 -0.03721892 0.9981034 -8.064192
0.9208114 -0.385437 -0.05953803 292.7334 0.3868285 0.9220532 0.01348072 35.04581 0.04970126 -0.03544421 0.998135 -8.136513
0.917454 -0.3944269 -0.05201517 294.8222 0.395524 0.918372 0.01238943 35.91259 0.04288256 -0.03193998 0.9985694 -8.23467
0.9142869 -0.4018343 -0.05107572 296.9028 0.403084 0.9150112 0.01667005 36.79472 0.04003626 -0.03582902 0.9985557 -8.305006
0.9103262 -0.4097958 -0.05808166 298.9826 0.411472 0.9112006 0.02010176 37.71754 0.04468644 -0.04219813 0.9981095 -8.416333
0.9070979 -0.4160587 -0.06378497 301.087 0.4180611 0.9081638 0.02152336 38.64594 0.04897223 -0.04618981 0.9977316 -8.460746
0.9036198 -0.4234199 -0.0647069 303.1708 0.4252529 0.9049124 0.01714025 39.60334 0.05129654 -0.04300506 0.9977571 -8.545517
0.9001838 -0.4321578 -0.05393279 305.2362 0.4331968 0.901257 0.008741587 40.55145 0.04482956 -0.03123255 0.9985063 -8.616431
0.8961633 -0.4409544 -0.04950361 307.3173 0.4418861 0.8970238 0.009201355 41.55748 0.04034855 -0.03012088 0.9987316 -8.693638
0.8923694 -0.4475392 -0.05818545 309.3837 0.4488217 0.8935593 0.01051549 42.57121 0.04728607 -0.0354986 0.9982504 -8.761773
0.8902797 -0.4517704 -0.05749429 311.437 0.453402 0.8911089 0.01874983 43.59183 0.04276305 -0.04276061 0.9981698 -8.838387
0.8875391 -0.4560554 -0.06548048 313.5036 0.4578127 0.8889371 0.01408306 44.63634 0.05178537 -0.04247706 0.9977545 -8.866132
0.8848305 -0.4618565 -0.06134822 315.5698 0.4631685 0.8862306 0.00838303 45.68098 0.05049691 -0.03583212 0.9980812 -8.983094
0.8819948 -0.4675435 -0.0590623 317.6277 0.4687641 0.8832871 0.007997743 46.73491 0.04842968 -0.03474025 0.9982222 -9.024443
0.8797663 -0.4718126 -0.05834357 319.6713 0.4732459 0.8808349 0.01297228 47.80008 0.04527056 -0.03902343 0.9982123 -9.117113
0.878051 -0.4753877 -0.05507257 321.7285 0.4769058 0.8787702 0.01799453 48.88872 0.03984176 -0.04206454 0.9983202 -9.180284
0.8758441 -0.478946 -0.05922696 323.7646 0.4806733 0.8767023 0.01860164 50.00542 0.04301524 -0.04476096 0.9980712 -9.274331
0.8742969 -0.4814328 -0.06186607 325.8081 0.4829838 0.8755442 0.01221405 51.08846 0.04828623 -0.04055902 0.9980097 -9.353575
0.8731893 -0.4835473 -0.06101131 327.8627 0.4851553 0.8743143 0.01409624 52.22002 0.04652687 -0.04190864 0.9980375 -9.43199
0.8727032 -0.483955 -0.06462755 329.9064 0.4856086 0.8740952 0.01190626 53.34021 0.05072854 -0.04177433 0.9978384 -9.479227
0.8729256 -0.4840377 -0.06089664 331.9645 0.4854641 0.8741952 0.01035487 54.47535 0.04822341 -0.03860217 0.9980904 -9.593744
0.8722066 -0.4859412 -0.05582932 334.0336 0.4875282 0.8729069 0.01869576 55.58104 0.03964877 -0.04352494 0.9982653 -9.62371
0.8723966 -0.4851882 -0.05930054 336.0412 0.4874956 0.872497 0.03312464 56.70358 0.03566785 -0.05780658 0.9976904 -9.736177
0.8716003 -0.4869584 -0.0564305 338.0909 0.4888963 0.8719183 0.02718679 57.84028 0.03596395 -0.05128467 0.9980363 -9.850801
0.8714595 -0.4875045 -0.05382974 340.1628 0.4888943 0.8722001 0.01579179 58.96721 0.03925173 -0.04007896 0.9984252 -9.927044
0.8708488 -0.488985 -0.05015921 342.2202 0.4898414 0.8717933 0.005663217 60.12231 0.04095923 -0.02950187 0.9987252 -10.05999
0.8708288 -0.4896624 -0.04345009 344.2789 0.4904914 0.8713845 0.01035171 61.2394 0.03279289 -0.03032646 0.999002 -10.11702
0.8708535 -0.4896621 -0.04295635 346.3432 0.4907135 0.8711321 0.01813942 62.36613 0.02853847 -0.03687604 0.9989123 -10.12367
0.8700582 -0.491345 -0.03973365 348.3736 0.4922915 0.8702321 0.01857267 63.50394 0.02545191 -0.03571985 0.9990377 -10.22036
0.8688542 -0.4938442 -0.03478828 350.4579 0.4944939 0.8690845 0.01295749 64.67081 0.02383497 -0.02846076 0.9993107 -10.31448
0.8670338 -0.4968782 -0.03693805 352.5139 0.4974457 0.8674622 0.007559082 65.81927 0.02828641 -0.02492865 0.999289 -10.39542
0.8658249 -0.4988922 -0.03812824 354.5667 0.4994295 0.8663371 0.005500372 66.98569 0.03028782 -0.02380473 0.9992577 -10.44804
0.8646823 -0.500892 -0.03783802 356.6148 0.5015038 0.8651161 0.00823736 68.15597 0.02860825 -0.02609861 0.9992499 -10.51665
0.8632199 -0.5034444 -0.03735186 358.6555 0.5040769 0.8636078 0.009389022 69.3175 0.0275305 -0.026933 0.999258 -10.56196
0.8624517 -0.5048736 -0.03577255 360.7071 0.5055696 0.8626791 0.01356986 70.48774 0.02400918 -0.02978886 0.9992678 -10.63339
0.8615992 -0.5064922 -0.03335308 362.7491 0.5071136 0.8617754 0.01337813 71.66017 0.02196694 -0.02844039 0.9993541 -10.6897
0.8605596 -0.5086088 -0.02746336 364.7836 0.5091233 0.8605335 0.0166079 72.83054 0.01518621 -0.02827433 0.9994848 -10.79633
0.8600937 -0.5094752 -0.02595745 366.8297 0.5098641 0.8601828 0.01113403 74.01346 0.01665565 -0.02281108 0.9996011 -10.85497
0.859948 -0.509986 -0.02009536 368.8699 0.5102496 0.8599547 0.01111078 75.19826 0.01161476 -0.01980834 0.9997363 -10.97743
0.8603822 -0.5091092 -0.02345826 370.9132 0.5093811 0.8605111 0.007173649 76.374 0.01653392 -0.01812127 0.9996991 -10.99822
0.8607993 -0.5083849 -0.02386365 372.9494 0.5086898 0.8609055 0.008734822 77.57325 0.0161037 -0.01965812 0.9996771 -11.10136
0.8615223 -0.5072199 -0.02252445 374.9958 0.5075091 0.8615948 0.009427924 78.73709 0.01462492 -0.01955373 0.9997019 -11.12755
0.8620665 -0.5064971 -0.01737698 377.0276 0.5067143 0.8620342 0.01171282 79.918 0.009047039 -0.01890239 0.9997804 -11.20243
0.8620702 -0.5066056 -0.01362785 379.0721 0.5067604 0.861995 0.0125932 81.07869 0.005367354 -0.01776228 0.9998278 -11.27315
0.8622918 -0.5063419 -0.008411082 381.1204 0.5064115 0.8621563 0.01530219 82.26525 -0.0004964727 -0.01745442 0.9998475 -11.34678
0.8627157 -0.5056562 -0.005777874 383.1699 0.5056808 0.8625791 0.01562263 83.42653 -0.002915806 -0.01639965 0.9998612 -11.43922
0.8632854 -0.5047031 -0.003623008 385.2196 0.5046925 0.8631533 0.01587041 84.60036 -0.004882635 -0.0155292 0.9998675 -11.53349
0.8634859 -0.5043312 -0.006495772 387.2845 0.5043639 0.8633213 0.01713043 85.79133 -0.003031473 -0.01806812 0.9998322 -11.58108
0.8640925 -0.503204 -0.01140108 389.3335 0.5033327 0.8638419 0.0208174 86.97206 -0.0006266711 -0.0237267 0.9997183 -11.71312
0.864208 -0.5029801 -0.0124735 391.4022 0.5031322 0.8640158 0.01828654 88.14556 0.001579535 -0.0220792 0.999755 -11.76145
0.864319 -0.5026099 -0.01832751 393.4613 0.5029059 0.8641278 0.01920049 89.33396 0.006186952 -0.02581237 0.9996477 -11.86891
0.8642754 -0.5027798 -0.01550529 395.5449 0.5029978 0.8641111 0.01747412 90.51612 0.004612656 -0.02290158 0.9997271 -11.95466
0.8648579 -0.50182 -0.01405466 397.6238 0.5020139 0.8646072 0.02088634 91.68245 0.001670573 -0.02511935 0.9996831 -12.04572
0.8643965 -0.5025913 -0.01485406 399.7054 0.502785 0.8642738 0.01541954 92.86694 0.005088252 -0.02079699 0.9997708 -12.1374
0.8641112 -0.5031503 -0.01230925 401.7772 0.5032992 0.8639125 0.01857107 94.04887 0.001290075 -0.0222427 0.9997517 -12.22214
0.8640538 -0.5031223 -0.0166989 403.8359 0.5033823 0.8638221 0.0204326 95.23175 0.00414479 -0.0260608 0.9996518 -12.33413
0.8637847 -0.503689 -0.01316624 405.8954 0.5038592 0.8634167 0.02525172 96.4024 -0.001351068 -0.02844598 0.9995944 -12.41793
0.8638368 -0.5034433 -0.01819115 407.955 0.5037528 0.863555 0.02249554 97.56931 0.004383832 -0.02859631 0.9995815 -12.52326
0.8624742 -0.5060219 -0.008948975 410.0206 0.5060953 0.8622453 0.02000879 98.74823 -0.002408676 -0.0217861 0.9997597 -12.64571
0.8617721 -0.5070752 -0.01495238 412.0728 0.5072937 0.8614748 0.02267775 99.93398 0.001381779 -0.0271283 0.999631 -12.71309
0.8610914 -0.5081779 -0.01663409 414.0717 0.5084499 0.8606651 0.02710175 101.1037 0.0005438663 -0.03179468 0.9994943 -12.85965
0.8613208 -0.5075816 -0.02207629 416.0867 0.5080429 0.8608474 0.0288842 102.2562 0.004343227 -0.03609427 0.9993389 -12.93809
0.8603913 -0.5091439 -0.02234519 418.0903 0.5095999 0.8600137 0.02615908 103.4315 0.00589844 -0.03389415 0.999408 -13.07235
0.8599817 -0.5098174 -0.02275284 420.0845 0.5102856 0.8596137 0.02594503 104.5751 0.006331421 -0.0339227 0.9994044 -13.17409
0.8595518 -0.5105605 -0.02233332 422.081 0.5110113 0.8591962 0.02548336 105.7394 0.006177912 -0.03331685 0.9994258 -13.2927
0.8589579 -0.5116992 -0.01884744 424.0588 0.512042 0.8585172 0.0275863 106.8712 0.002064961 -0.03334615 0.9994417 -13.39962
0.858646 -0.5122215 -0.01887289 426.0226 0.512569 0.8580536 0.03188961 108.0246 -0.0001405915 -0.03705554 0.9993132 -13.48459
0.8586462 -0.5120555 -0.02293463 427.9681 0.5125619 0.8580077 0.03321454 109.1712 0.002670405 -0.04027495 0.9991851 -13.64843
0.8579563 -0.5132229 -0.02265215 429.9179 0.5137202 0.8572532 0.03476526 110.3086 0.001576297 -0.04146394 0.9991388 -13.75
0.8578472 -0.5134367 -0.02193226 431.8488 0.5139022 0.8569211 0.0398897 111.4433 -0.001686627 -0.04549031 0.9989634 -13.89132
0.8580006 -0.5133605 -0.01720111 433.7608 0.5135729 0.8568186 0.04587671 112.5558 -0.008813059 -0.04819627 0.998799 -14.03725
0.8584157 -0.5126606 -0.0173678 435.6748 0.5129042 0.8573633 0.04309813 113.6754 -0.007204207 -0.04590413 0.9989198 -14.18417
0.858537 -0.5125341 -0.01493173 437.5826 0.5126987 0.8576658 0.03936591 114.7964 -0.007369939 -0.04145257 0.9991133 -14.34813
0.858896 -0.511893 -0.01622362 439.4734 0.5121297 0.8581482 0.03611853 115.915 -0.004566552 -0.03933066 0.9992158 -14.45984
0.8598136 -0.5103424 -0.01647051 441.3392 0.5105876 0.859042 0.03669999 116.995 -0.004580695 -0.03996479 0.9991906 -14.59976
0.8609466 -0.5083579 -0.01852627 443.191 0.5086862 0.8601414 0.0373496 118.0678 -0.003051746 -0.04158007 0.9991305 -14.7137
0.8614736 -0.5074628 -0.01856912 445.0482 0.5077903 0.8606236 0.03842125 119.1512 -0.003516331 -0.0425281 0.9990891 -14.86016
0.862224 -0.5061917 -0.01843264 446.9097 0.5065051 0.8612756 0.04070792 120.2303 -0.004730432 -0.04443558 0.999001 -14.9829
0.8628503 -0.5052339 -0.01510273 448.7465 0.5054195 0.8620207 0.0383587 121.282 -0.006361246 -0.04073104 0.9991499 -15.09901
0.8634982 -0.5043318 -0.004509524 450.5827 0.5041159 0.8627859 0.0383075 122.3013 -0.01542894 -0.03535178 0.9992558 -15.22358
0.864127 -0.5031894 0.009214272 452.4197 0.5025761 0.8637481 0.03683101 123.3315 -0.02649179 -0.0271958 0.999279 -15.32807
0.864728 -0.5018362 0.02014748 454.238 0.500821 0.8646038 0.04048011 124.3064 -0.03773397 -0.024914 0.9989772 -15.5001
0.8652363 -0.5006886 0.02602048 456.0574 0.4993143 0.8652258 0.04549418 125.3233 -0.045292 -0.02637082 0.9986256 -15.6183
0.8667369 -0.4981208 0.02535209 457.8344 0.4964598 0.8664969 0.05206794 126.3154 -0.04790362 -0.03254291 0.9983217 -15.79919
0.8680555 -0.4961238 0.01846049 459.6589 0.49481 0.8675953 0.04941253 127.3483 -0.04053097 -0.03375839 0.9986078 -15.92326
0.868879 -0.4945758 0.02107345 461.437 0.4932821 0.8686045 0.04689466 128.3575 -0.04149745 -0.03035063 0.9986776 -16.07552
0.8699557 -0.492755 0.01922582 463.2594 0.491531 0.8696128 0.04659374 129.3391 -0.03967832 -0.03108441 0.9987289 -16.19471
0.8707196 -0.4913529 0.02049022 465.0621 0.4901073 0.870438 0.04617877 130.345 -0.04052554 -0.03016636 0.998723 -16.3478
0.8716633 -0.4896196 0.02180808 466.8771 0.4882505 0.8713722 0.04818708 131.33 -0.0425963 -0.03135511 0.9986002 -16.46978
0.873327 -0.4867481 0.01939465 468.6962 0.4852861 0.8727887 0.05231902 132.3088 -0.04239361 -0.03627966 0.9984421 -16.60828
0.8751326 -0.4835355 0.01834005 470.5186 0.4821739 0.8745975 0.05086514 133.284 -0.04063527 -0.03567065 0.9985371 -16.77073
0.8766289 -0.480964 0.01397982 472.3267 0.4798825 0.8760411 0.04759102 134.264 -0.03513646 -0.03501099 0.998769 -16.91599
0.8783563 -0.4779101 0.0096026 474.1411 0.4769834 0.8776129 0.04777347 135.2438 -0.03125879 -0.03738185 0.998812 -17.07537
0.8814967 -0.4721893 0.0008837618 475.9675 0.4716054 0.8804969 0.04810174 136.2065 -0.02349127 -0.04198474 0.9988421 -17.1987
0.8838415 -0.4677771 -0.002951843 477.7979 0.4673743 0.8827803 0.0475407 137.1595 -0.01963263 -0.04339806 0.9988649 -17.32
0.8861417 -0.4634136 0.0008415421 479.6174 0.4628326 0.885119 0.04848233 138.0998 -0.02321223 -0.04257273 0.9988237 -17.47053
0.888451 -0.4589595 0.003302623 481.4365 0.4582285 0.8873994 0.05048659 139.0319 -0.02610205 -0.04334151 0.9987193 -17.59321
0.8907745 -0.4543964 0.006675612 483.2852 0.4534231 0.8896594 0.05397527 139.9497 -0.03046519 -0.04505292 0.99852 -17.74338
0.8934374 -0.4489312 0.01517518 485.1138 0.4474894 0.8924865 0.05675405 140.8472 -0.0390223 -0.04391546 0.9982728 -17.89337
0.8972469 -0.441315 0.01374967 486.9657 0.4398439 0.8961071 0.05941181 141.7132 -0.0385405 -0.04725935 0.9981388 -18.07735
0.9003749 -0.4347263 0.01838922 488.7929 0.4330106 0.899371 0.06027684 142.5935 -0.04274266 -0.04630902 0.9980123 -18.23531
0.9045481 -0.4261216 0.01459933 490.6279 0.4246103 0.9033924 0.05990123 143.4417 -0.03871413 -0.04798451 0.9980975 -18.40061
0.9088377 -0.4168421 0.01602143 492.4498 0.4153197 0.9077765 0.05875024 144.2686 -0.03903344 -0.04674042 0.9981441 -18.57951
0.9124409 -0.4086784 0.02082345 494.2737 0.4070058 0.9116265 0.0573038 145.0713 -0.04240203 -0.04381106 0.9981396 -18.72496
0.9160014 -0.4005093 0.02310128 496.1137 0.3988113 0.9153352 0.05577569 145.855 -0.0434841 -0.04187757 0.998176 -18.88775
0.9190772 -0.3930233 0.0288074 497.9262 0.3911734 0.9187216 0.05416792 146.6203 -0.04775523 -0.03851581 0.9981162 -19.03621
0.9225101 -0.3846028 0.03249222 499.7369 0.3826339 0.9223325 0.05379869 147.3602 -0.05065976 -0.03719721 0.998023 -19.18747
0.9258742 -0.3763273 0.0336863 501.5558 0.3743097 0.9257357 0.05390582 148.0724 -0.05147083 -0.0373009 0.9979777 -19.33737
0.9295011 -0.3672916 0.03353599 503.365 0.365409 0.929428 0.05137974 148.7805 -0.05004063 -0.03550317 0.998116 -19.47827
0.9319732 -0.3604313 0.0389261 505.1754 0.3584161 0.9322021 0.05036846 149.4709 -0.05444136 -0.03299031 0.9979718 -19.62019
0.9347132 -0.3531798 0.03968804 506.962 0.3511249 0.9349606 0.05059888 150.1348 -0.05497726 -0.03335999 0.9979302 -19.7531
0.9376785 -0.3452108 0.03985601 508.765 0.3431008 0.937888 0.0514567 150.7676 -0.05514389 -0.03457522 0.9978796 -19.89764
0.9403259 -0.3380606 0.03875837 510.5493 0.3360933 0.9405277 0.04948772 151.3928 -0.05318316 -0.03350817 0.9980224 -20.02657
0.9421661 -0.3324376 0.04252339 512.3428 0.3303426 0.9425616 0.04951121 152.0122 -0.0565403 -0.0326005 0.9978679 -20.16524
0.9444899 -0.325919 0.0414203 514.1265 0.3237461 0.9447403 0.051519 152.6111 -0.05592244 -0.03524951 0.9978127 -20.29311
0.9467375 -0.3191403 0.04286787 515.936 0.3166972 0.9469147 0.05527592 153.1967 -0.05823299 -0.03875566 0.9975505 -20.42959
0.9490252 -0.3125008 0.0411645 517.7411 0.3100089 0.9490054 0.05730017 153.7654 -0.05697168 -0.04161794 0.997508 -20.56329
0.951112 -0.3058827 0.04268224 519.5738 0.3033671 0.9511902 0.05661658 154.3272 -0.05791696 -0.04090032 0.9974833 -20.70517
0.9529287 -0.3000649 0.0434512 521.3844 0.297595 0.9530902 0.05528272 154.8809 -0.05800131 -0.03974963 0.9975249 -20.83804
0.9544369 -0.2946628 0.04715978 523.1902 0.2918819 0.954699 0.05791966 155.4289 -0.06209016 -0.04151557 0.9972067 -21.00421
0.9564791 -0.2881029 0.04630812 525.0259 0.2852382 0.9565868 0.0598393 155.9612 -0.06153762 -0.0440262 0.9971333 -21.12122
0.9586254 -0.2808655 0.04638948 526.8439 0.2779216 0.9586616 0.06105312 156.4781 -0.06161952 -0.04563443 0.9970559 -21.28874
0.9608985 -0.273016 0.04622093 528.6931 0.2702489 0.9610254 0.05827507 156.9696 -0.06032952 -0.04350527 0.99723 -21.42467
0.9630783 -0.2652028 0.04634244 530.5269 0.2624921 0.9632354 0.05723196 157.4678 -0.05981676 -0.04295433 0.9972848 -21.58743
0.9652427 -0.2570424 0.04728266 532.3578 0.2543453 0.9654728 0.05630981 157.9435 -0.06012413 -0.04232652 0.9972931 -21.72035
0.9679267 -0.2472481 0.04456696 534.2059 0.2446338 0.9679456 0.05688355 158.3958 -0.05720275 -0.04415653 0.9973856 -21.87428
0.9699756 -0.2388876 0.04560803 536.0517 0.2362656 0.9700612 0.05621246 158.8332 -0.05767104 -0.04374911 0.9973766 -22.01229
0.9723836 -0.2294405 0.04274504 537.881 0.2267857 0.9721481 0.05912836 159.2524 -0.05512096 -0.04780149 0.9973348 -22.16925
0.9746903 -0.2197141 0.04128538 539.7206 0.2172194 0.9744279 0.05749796 159.6454 -0.05286273 -0.04707472 0.9974916 -22.30895
0.9766003 -0.2103754 0.04465493 541.5854 0.2078319 0.9765856 0.05555616 160.0336 -0.055297 -0.04497544 0.9974565 -22.45268
0.9781847 -0.2017004 0.04971506 543.4226 0.1991399 0.9785893 0.0520221 160.391 -0.05914351 -0.04098697 0.9974077 -22.58946
0.9793056 -0.1950971 0.05382992 545.2545 0.1923177 0.9799131 0.05276605 160.7414 -0.06304315 -0.04132164 0.997155 -22.72121
0.9809291 -0.1866273 0.05429764 547.0886 0.1836795 0.9814447 0.05502578 161.068 -0.06355944 -0.04400302 0.9970075 -22.85906
0.9821345 -0.1790486 0.05790868 548.9156 0.1757656 0.9827472 0.05757399 161.3801 -0.06721812 -0.04636705 0.9966604 -22.9945
0.983548 -0.1714272 0.05697333 550.7525 0.1680702 0.9839908 0.05928426 161.6834 -0.06622417 -0.0487334 0.996614 -23.14
0.984833 -0.1631627 0.05900728 552.5994 0.1597838 0.9854419 0.05807857 161.9683 -0.06762452 -0.04776929 0.9965666 -23.29332
0.9861215 -0.1552472 0.05884436 554.4356 0.152092 0.9868466 0.05478846 162.2375 -0.06657611 -0.04507832 0.9967625 -23.43741
0.9872993 -0.1473006 0.05951914 556.2703 0.1440573 0.9880085 0.05555545 162.4908 -0.06698878 -0.04627569 0.99668 -23.59038
0.9886302 -0.1390982 0.05711482 558.1038 0.1357526 0.9889963 0.05880098 162.7356 -0.06466545 -0.05037893 0.9966345 -23.72651
0.9899395 -0.1303349 0.05506978 559.9298 0.1270034 0.9900734 0.06020468 162.969 -0.0623699 -0.05260494 0.9966658 -23.8733
0.991362 -0.1213461 0.04976499 561.7608 0.118403 0.9912496 0.05835449 163.1679 -0.05641061 -0.0519581 0.9970548 -24.02694
0.9922301 -0.113914 0.05003076 563.5949 0.1109916 0.9921415 0.0577576 163.375 -0.056217 -0.05175583 0.9970762 -24.16988
0.9932402 -0.1057519 0.04785904 565.4196 0.1029082 0.9929736 0.058427 163.5559 -0.05370153 -0.05310695 0.9971438 -24.31239
0.994027 -0.09765448 0.04872247 567.2545 0.09469246 0.9937092 0.05979364 163.7167 -0.05425508 -0.05482284 0.997021 -24.45535
0.9949304 -0.09001613 0.04483952 569.1045 0.08732268 0.994444 0.05878735 163.8689 -0.0498822 -0.05457382 0.997263 -24.59423
0.9953752 -0.08288214 0.04856739 570.9308 0.08001968 0.9950937 0.05818462 163.9928 -0.05315157 -0.05402918 0.9971237 -24.74551
0.9961644 -0.07532469 0.04452685 572.7731 0.07270408 0.9956771 0.05780436 164.1258 -0.04868846 -0.05434536 0.9973345 -24.88314
0.9965543 -0.06959855 0.04511741 574.6155 0.06691899 0.9960477 0.05840442 164.2421 -0.04900395 -0.05518397 0.997273 -25.03536
0.9970726 -0.06341234 0.04272046 576.4689 0.06083333 0.9963918 0.05918232 164.3445 -0.04631921 -0.05641025 0.9973326 -25.15882
0.9972423 -0.05952659 0.04432056 578.3148 0.0567569 0.9965029 0.0613265 164.4235 -0.04781612 -0.05864188 0.9971333 -25.31294
0.9972637 -0.05739656 0.04659086 580.1804 0.05446193 0.99659 0.06198499 164.5243 -0.04998972 -0.05927796 0.9969891 -25.4484
0.9973191 -0.05566387 0.04749912 582.032 0.05257941 0.9965711 0.06388646 164.6013 -0.05089242 -0.06121771 0.9968261 -25.60435
0.9970809 -0.05514291 0.05281017 583.8846 0.05171156 0.9965916 0.0642745 164.6744 -0.05617445 -0.06135599 0.9965339 -25.76334
0.9972746 -0.05457933 0.04964277 585.7399 0.05133084 0.9965957 0.06451251 164.7491 -0.05299483 -0.06178848 0.9966813 -25.91351
0.9969565 -0.05771213 0.05241201 587.5754 0.05427365 0.9964204 0.06481454 164.8292 -0.05596498 -0.06177269 0.99652 -26.08101
0.9972734 -0.05977136 0.04328012 589.4231 0.0567864 0.9961227 0.06719142 164.9245 -0.04712844 -0.06455049 0.996801 -26.24376
0.9969901 -0.06356134 0.04439241 591.2385 0.0605494 0.9959687 0.06618149 165.0194 -0.04842004 -0.06329436 0.9968196 -26.40772
0.9970875 -0.06613825 0.03797716 593.0544 0.06347713 0.9957011 0.06745308 165.1192 -0.04227513 -0.06484594 0.9969994 -26.56071
0.996771 -0.07058378 0.0382808 594.8574 0.06804681 0.99563 0.06395502 165.2107 -0.04262771 -0.06114363 0.9972183 -26.71542
0.9963278 -0.07729845 0.03682349 596.6461 0.07478102 0.9950509 0.06543351 165.3255 -0.04169915 -0.06243952 0.9971772 -26.87808
0.9958465 -0.0814867 0.04061776 598.448 0.07873599 0.9947575 0.06525582 165.4419 -0.0457223 -0.0617867 0.9970416 -27.01498
0.9954258 -0.08757063 0.03819537 600.2357 0.08494348 0.9942175 0.06569698 165.5717 -0.04372764 -0.06215202 0.9971083 -27.18702
0.9946197 -0.09649894 0.03767664 602.014 0.0939515 0.9934939 0.06436586 165.719 -0.04364275 -0.06047977 0.9972149 -27.32765
0.9938967 -0.1047298 0.03465469 603.8101 0.102354 0.9926609 0.06440417 165.8823 -0.0411454 -0.06046405 0.997322 -27.4835
0.9928695 -0.1150153 0.03133103 605.5781 0.1128272 0.9915252 0.06440457 166.0607 -0.03847302 -0.06041034 0.9974319 -27.63762
0.9920361 -0.1234307 0.02508486 607.3779 0.1215285 0.990334 0.06685307 166.2616 -0.03309411 -0.06327213 0.9974474 -27.78093
0.9907835 -0.134114 0.01901101 609.1463 0.1325224 0.9887856 0.06885487 166.4756 -0.02803221 -0.06570089 0.9974455 -27.93754
0.9893923 -0.1447393 0.01238311 610.9255 0.1434914 0.9870257 0.07204314 166.7093 -0.02264992 -0.06950206 0.9973246 -28.09909
0.9873775 -0.1579481 0.0117522 612.7078 0.1566993 0.9849734 0.07261486 166.9655 -0.02304499 -0.06985672 0.9972908 -28.24195
0.984696 -0.1737584 0.01348388 614.4809 0.1723294 0.9822973 0.07344633 167.2445 -0.02600709 -0.06999863 0.997208 -28.41199
0.9815353 -0.1905895 0.01624921 616.2403 0.1889001 0.979176 0.07437172 167.5491 -0.0300853 -0.069929 0.9970982 -28.56998
0.9786357 -0.2052505 0.01201833 617.9933 0.2037599 0.9760162 0.07664281 167.8781 -0.02746106 -0.07255654 0.9969862 -28.75607
