1.0 0.0 0.0 0.0 0.0 1.0 0.0 0.0 0.0 0.0 1.0 0.0
0.9999698 -0.007718756 0.0009188982 0.1684981 0.007718721 0.9999702 4.161519e-05 0.01217106 -0.000919192 -3.452121e-05 0.9999996 -0.0006947165
0.9999374 -0.01103735 0.001825867 0.2544647 0.01103747 0.9999392 -5.642002e-05 0.01379637 -0.001825133 7.656944e-05 0.9999983 -0.00255601
0.9999128 -0.01297898 0.00244372 0.340458 0.01297943 0.9999157 -0.0001662363 0.01572085 -0.002441357 0.0001979399 0.999997 -0.005498279
0.9999014 -0.0137935 0.002619037 0.4229696 0.01379498 0.9999048 -0.0005478019 0.009003632 -0.002611232 0.0005838775 0.9999964 -0.006825227
0.9999097 -0.01323496 0.002333881 0.5060817 0.01323569 0.9999124 -0.0002983665 0.01533605 -0.002329728 0.0003292301 0.9999973 -0.009012301
0.9999363 -0.01109609 0.00207958 0.590202 0.01109693 0.9999382 -0.0003879743 0.00960998 -0.002075147 0.0004110265 0.9999977 -0.01205672
0.9999661 -0.007928692 0.002231582 0.6812391 0.007928334 0.9999686 0.0001690627 0.01261517 -0.002232853 -0.0001513642 0.9999975 -0.01154155
0.9999877 -0.004668185 0.001681409 0.7582966 0.004668049 0.999989 8.539289e-05 0.0005353863 -0.001681789 -7.754295e-05 0.9999986 -0.01686125
0.9999981 -0.001041221 0.001635908 0.8410488 0.001041431 0.9999994 -0.0001274422 -0.006040961 -0.001635774 0.0001291457 0.9999986 -0.02113935
0.9999941 0.003140832 0.001405999 0.9246921 -0.003140099 0.999995 -0.0005232735 -0.006689381 -0.001407636 0.0005188555 0.9999989 -0.01777219
0.999971 0.007517435 0.001173885 1.001997 -0.00751608 0.9999712 -0.001154418 -0.0137359 -0.001182529 0.001145561 0.9999986 -0.02087165
0.9999242 0.01228103 0.0008685682 1.089435 -0.01227978 0.9999236 -0.001425084 -0.0224532 -0.0008860034 0.00141431 0.9999986 -0.0251707
0.9998363 0.01807238 0.0008325124 1.16958 -0.01807053 0.9998344 -0.002172732 -0.03309293 -0.0008716409 0.002157332 0.9999973 -0.02613411
0.9997183 0.0237263 0.0006159191 1.245764 -0.02372462 0.9997151 -0.002592916 -0.04235624 -0.0006772639 0.002577573 0.9999964 -0.02704325
0.9995496 0.03000489 0.000547972 1.326279 -0.03000324 0.9995457 -0.002812114 -0.05163753 -0.0006321003 0.002794406 0.9999959 -0.0252623
0.9993129 0.0370633 0.0002450591 1.399645 -0.0370624 0.9993085 -0.003006317 -0.06217572 -0.0003563137 0.002995169 0.9999955 -0.02842885
0.9989963 0.04479363 -6.474832e-05 1.476851 -0.0447936 0.9989909 -0.003260078 -0.07209342 -8.134773e-05 0.003259706 0.9999947 -0.02944092
0.9985954 0.05298294 0.0001501307 1.548903 -0.0529822 0.9985902 -0.003192338 -0.08650953 -0.0003190585 0.003179899 0.9999949 -0.03205008
0.9981558 0.06070282 -0.000352717 1.611751 -0.06070361 0.9981513 -0.003023994 -0.09226985 0.0001685 0.003039828 0.9999954 -0.03193022
0.997649 0.06852873 -0.000499049 1.685417 -0.06852997 0.9976441 -0.003138621 -0.1107579 0.0002827875 0.003165442 0.9999949 -0.03359518
0.9970162 0.07717872 -0.00146796 1.750453 -0.07718274 0.9970127 -0.002917466 -0.1254859 0.001238409 0.003022062 0.9999947 -0.03494018
0.9963878 0.0849057 -0.001535281 1.803812 -0.08491021 0.9963837 -0.003162932 -0.1370157 0.001261178 0.003281868 0.9999938 -0.03280228
0.9956122 0.09355649 -0.001883904 1.862956 -0.09356198 0.9956087 -0.003073537 -0.1578052 0.001588082 0.003236312 0.9999935 -0.03664287
0.994793 0.1018938 -0.002126589 1.918645 -0.1019 0.99479 -0.00306762 -0.172332 0.001802938 0.003268347 0.999993 -0.03791345
0.993875 0.1104821 -0.002511268 1.966699 -0.1104895 0.9938726 -0.003033544 -0.183441 0.002160728 0.003292432 0.9999923 -0.03629576
0.9929421 0.1185776 -0.002309855 2.00852 -0.118585 0.9929382 -0.003369827 -0.1969757 0.001893957 0.003619957 0.9999917 -0.03841594
0.9919631 0.1265079 -0.002218157 2.052616 -0.1265147 0.9919595 -0.003273172 -0.2135115 0.00178624 0.003527495 0.9999922 -0.03718587
0.9910976 0.1331217 -0.00206756 2.094508 -0.1331282 0.9910928 -0.003423705 -0.2265953 0.001593374 0.003668476 0.999992 -0.03885153
0.990277 0.1390906 -0.002294594 2.125761 -0.1390985 0.9902714 -0.003729709 -0.2444661 0.001753503 0.00401262 0.9999904 -0.03984081
0.9895728 0.144017 -0.002201298 2.153647 -0.1440247 0.9895664 -0.003858775 -0.2460412 0.001622602 0.00413558 0.9999901 -0.03893826
0.9889156 0.148458 -0.002477693 2.17463 -0.1484673 0.9889089 -0.004090414 -0.2572041 0.001842958 0.004412931 0.9999886 -0.03831821
0.9884781 0.1513394 -0.002736752 2.193625 -0.1513502 0.988471 -0.004282635 -0.2622323 0.002057069 0.004647498 0.9999871 -0.03892506
0.9881228 0.1536426 -0.002697048 2.208336 -0.1536536 0.9881146 -0.004513551 -0.2680045 0.001971519 0.004874354 0.9999862 -0.03764494
0.9878796 0.1551964 -0.002829917 2.218652 -0.1552083 0.9878709 -0.004620953 -0.274346 0.002078438 0.005004172 0.9999853 -0.04049208
0.9878429 0.1554353 -0.00251626 2.222872 -0.1554457 0.9878334 -0.004660483 -0.2785611 0.001761242 0.004994967 0.999986 -0.03626535
0.9878712 0.1552406 -0.003313054 2.219296 -0.1552544 0.9878645 -0.004446471 -0.2759664 0.002582576 0.004906906 0.9999846 -0.04617301
0.9878817 0.1551417 -0.004554636 2.212954 -0.1551591 0.9878823 -0.003772616 -0.2707877 0.003914154 0.004433591 0.9999825 -0.04150191
0.9878749 0.1551903 -0.004366251 2.211491 -0.1552072 0.9878745 -0.003838393 -0.2714009 0.003717626 0.004469526 0.9999831 -0.03926697
0.9879084 0.154984 -0.004108455 2.223623 -0.155 0.9879067 -0.003932092 -0.2690544 0.003449359 0.004521358 0.9999838 -0.03860658
0.9879034 0.155012 -0.004254177 2.217365 -0.1550287 0.9879023 -0.003922012 -0.2722143 0.003594752 0.004534088 0.9999833 -0.041546
0.9879207 0.1549052 -0.004128414 2.212841 -0.1549215 0.9879187 -0.003977878 -0.2662692 0.003462344 0.004569409 0.9999835 -0.03857305
0.9880325 0.1541966 -0.003900375 2.213915 -0.1542127 0.9880285 -0.004229064 -0.267876 0.003201574 0.00477994 0.9999834 -0.03950202
0.9881032 0.1537471 -0.003723901 2.21164 -0.153763 0.9880978 -0.004419812 -0.2684274 0.003000045 0.004939828 0.9999833 -0.03829172
0.9883092 0.1524222 -0.003518234 2.212538 -0.1524372 0.9883029 -0.004476567 -0.2685416 0.002794752 0.004960542 0.9999838 -0.03795223
0.9886714 0.1500669 -0.002959978 2.202262 -0.1500794 0.9886631 -0.004598814 -0.2611576 0.002236292 0.004990947 0.999985 -0.03699365
0.9891178 0.1470989 -0.002804506 2.189088 -0.1471107 0.9891093 -0.004586859 -0.252464 0.002099242 0.004949517 0.9999856 -0.03838418
0.989651 0.1434754 -0.002401278 2.170452 -0.1434852 0.9896418 -0.004618599 -0.2496672 0.00171375 0.004915349 0.9999865 -0.03798488
0.9902923 0.1389786 -0.002468444 2.150175 -0.1389881 0.9902853 -0.004172395 -0.2411976 0.00186459 0.004474975 0.9999883 -0.03709275
0.9910421 0.1335347 -0.002006379 2.125585 -0.1335418 0.9910353 -0.003947313 -0.2374739 0.00146129 0.004179889 0.9999902 -0.03519952
0.9918996 0.127009 -0.001970835 2.10189 -0.1270158 0.9918932 -0.003826354 -0.2231195 0.001468876 0.004045686 0.9999908 -0.03619584
0.9927679 0.1200333 -0.001960491 2.069974 -0.1200395 0.992763 -0.003448366 -0.2075829 0.001532384 0.003658763 0.9999921 -0.03406937
0.9936985 0.1120682 -0.001982853 2.038344 -0.1120747 0.9936935 -0.003519172 -0.1974024 0.001575961 0.003719224 0.9999918 -0.03645777
0.9946339 0.1034389 -0.001933765 2.005117 -0.1034444 0.9946307 -0.003002634 -0.1874458 0.001612793 0.003186559 0.9999936 -0.0306765
0.9956059 0.09363123 -0.001415185 1.970328 -0.0936349 0.9956027 -0.002801026 -0.1658186 0.001146699 0.002921229 0.9999951 -0.03089722
0.9964923 0.08367477 -0.001285743 1.933195 -0.0836779 0.9964894 -0.002609553 -0.1536603 0.001062876 0.002707988 0.9999958 -0.03326653
0.9973269 0.07305439 -0.001496972 1.890939 -0.07305808 0.9973245 -0.002584314 -0.1357355 0.001304171 0.002686771 0.9999955 -0.03245283
0.9980674 0.06211314 -0.001819537 1.851953 -0.06211778 0.9980654 -0.002613404 -0.1203333 0.00165369 0.002721379 0.9999949 -0.03035974
0.9986735 0.05146481 -0.00162733 1.799696 -0.05146939 0.9986703 -0.002905681 -0.1116939 0.001475626 0.002985585 0.9999945 -0.02906686
0.9991276 0.04173502 -0.001482333 1.747291 -0.04173962 0.9991232 -0.003218675 -0.0967963 0.001346702 0.00327774 0.9999937 -0.0276289
0.9994728 0.03243749 -0.001408117 1.699371 -0.032442 0.9994681 -0.00331138 -0.08594389 0.001299956 0.003355316 0.9999935 -0.02404743
0.9997268 0.02336146 -0.0006744068 1.643045 -0.02336375 0.9997206 -0.003611191 -0.07550148 0.0005898556 0.003625961 0.9999933 -0.02392917
0.9998847 0.01517703 -0.0005042785 1.59071 -0.015179 0.9998761 -0.004157283 -0.06789849 0.0004411208 0.004164458 0.9999912 -0.02585556
0.9999692 0.007830344 -0.000372231 1.532086 -0.007831877 0.9999601 -0.004310085 -0.05609072 0.0003384667 0.004312868 0.9999906 -0.02450704
0.9999994 0.001059916 0.0002256558 1.467767 -0.001058906 0.9999895 -0.004428542 -0.04487024 -0.0002303473 0.004428301 0.9999902 -0.01695109
0.9999871 -0.004852291 0.001539736 1.403379 0.004858984 0.9999785 -0.004373472 -0.04510529 -0.001518482 0.004380897 0.9999893 -0.01418157
0.9999421 -0.01041455 0.002698516 1.332805 0.01042549 0.9999373 -0.004073828 -0.04305452 -0.00265592 0.004101726 0.9999881 -0.01262084
0.9998736 -0.01565379 0.002798735 1.261305 0.01566463 0.9998696 -0.003894815 -0.03476434 -0.002737402 0.003938164 0.9999885 -0.01430625
0.9998082 -0.01942231 0.002512644 1.20534 0.01943153 0.9998043 -0.003698338 -0.03423666 -0.002440322 0.003746454 0.99999 -0.01689441
0.9997405 -0.02264487 0.002463632 1.139253 0.02265389 0.9997367 -0.003696901 -0.03060776 -0.002379267 0.003751753 0.9999901 -0.01311482
0.9996764 -0.02532225 0.002428949 1.058896 0.02533041 0.9996734 -0.00338873 -0.03015047 -0.002342345 0.003449159 0.9999913 -0.009966867
0.9996217 -0.02735414 0.002875345 0.9897042 0.02736242 0.9996214 -0.002878892 -0.02752155 -0.002795507 0.002956479 0.9999917 -0.007589016
0.9995774 -0.0289235 0.002905582 0.9127449 0.0289302 0.9995788 -0.002292406 -0.02690583 -0.002838054 0.002375496 0.9999931 -0.01611669
0.9995594 -0.02955546 0.002739102 0.83527 0.02956135 0.9995607 -0.002135629 -0.03718221 -0.00267478 0.002215659 0.999994 -0.01252867
0.9995568 -0.0296292 0.00288679 0.7555972 0.02963513 0.9995587 -0.00203617 -0.03728934 -0.002825185 0.002120818 0.9999937 -0.009367207
0.9995656 -0.02932636 0.002937026 0.6864267 0.02933143 0.9995682 -0.001696531 -0.03422207 -0.002886005 0.001781942 0.9999942 -0.00863453
0.9995835 -0.02861902 0.003695357 0.6142576 0.02862437 0.9995893 -0.001402469 -0.03870723 -0.003653702 0.001507662 0.9999922 -0.005884494
0.9996192 -0.02727181 0.00421046 0.5371396 0.02727759 0.9996271 -0.00132106 -0.0455472 -0.004172861 0.001435408 0.9999903 -0.005534838
0.9996656 -0.02545891 0.004542627 0.45873 0.02546679 0.9996743 -0.001685379 -0.04696057 -0.004498239 0.001800501 0.9999883 -0.005177854
0.9997114 -0.02355433 0.004728479 0.3867777 0.02356298 0.9997207 -0.001782613 -0.05196537 -0.004685171 0.001893516 0.9999872 -0.008445584
0.9997642 -0.02124948 0.004470199 0.3070848 0.02125888 0.999772 -0.002065847 -0.05243137 -0.004425281 0.002160391 0.9999879 -0.008886459
0.9998227 -0.01833285 0.004286295 0.2392429 0.01834136 0.9998298 -0.001956059 -0.06160298 -0.004249705 0.002034329 0.9999889 -0.006523926
0.9998785 -0.01511133 0.003826558 0.174691 0.01511939 0.9998835 -0.002087029 -0.06317258 -0.003794575 0.002144631 0.9999905 -0.008099417
0.999922 -0.01206665 0.003204877 0.1024111 0.01207355 0.9999248 -0.002141752 -0.0664719 -0.003178793 0.002180279 0.9999925 -0.006770348
0.9999603 -0.008679951 0.002011025 0.03103678 0.008683976 0.9999603 -0.002001813 -0.06241946 -0.001993569 0.002019197 0.9999959 -0.008283691
0.9999881 -0.004778204 0.0009368574 -0.03044791 0.004779983 0.9999869 -0.001906304 -0.07137855 -0.0009277362 0.00191076 0.9999977 -0.007479887
0.9999993 -0.000942384 0.0006286556 -0.09382797 0.0009434922 0.9999981 -0.001764745 -0.06622431 -0.0006269913 0.001765337 0.9999983 -0.002382001
0.9999949 0.003089794 0.0008014888 -0.1552077 -0.003088378 0.9999937 -0.001762677 -0.07696547 -0.0008069301 0.001760193 0.9999982 -0.002839774
0.9999731 0.007308324 0.0006099208 -0.2099533 -0.007307366 0.9999721 -0.001557218 -0.07653459 -0.0006212844 0.001552719 0.9999986 0.0007351675
0.999931 0.01174201 6.839288e-05 -0.2710207 -0.01174188 0.9999297 -0.001643342 -0.08514268 -8.768421e-05 0.001642425 0.9999986 7.720583e-05
0.9998728 0.01594078 -0.0004620113 -0.3257741 -0.01594138 0.9998721 -0.001328357 -0.0840544 0.0004407772 0.001335553 0.999999 -0.0009724244
0.9997888 0.02054313 -0.0006560961 -0.3787807 -0.0205438 0.9997885 -0.001032657 -0.08829772 0.0006347433 0.001045918 0.9999992 0.001848979
0.9996968 0.02461768 -0.0005820949 -0.4253517 -0.02461809 0.9996966 -0.000716314 -0.09355412 0.0005642844 0.0007304269 0.9999996 0.004578519
0.9995882 0.02868729 -0.0006917329 -0.4689156 -0.02868795 0.999588 -0.0009707466 -0.09789149 0.0006635998 0.0009901912 0.9999993 0.003238482
0.9994782 0.03228831 -0.0008327965 -0.504657 -0.03228929 0.9994777 -0.001194719 -0.09261841 0.0007937862 0.001220986 0.9999989 0.004238712
0.9993653 0.03561199 -0.0008311317 -0.5403357 -0.03561304 0.9993647 -0.001282157 -0.09463947 0.0007849436 0.001310942 0.9999988 0.006592133
0.9992545 0.03860341 -0.000586622 -0.5647646 -0.03860416 0.9992537 -0.001327075 -0.09470229 0.0005349546 0.001348732 0.9999989 0.004880648
0.9991341 0.04160204 -0.0005264947 -0.5956276 -0.0416029 0.9991326 -0.001752298 -0.1024748 0.0004531389 0.001772684 0.9999983 0.006632525
0.9990405 0.0437928 -0.0004572684 -0.6158066 -0.04379354 0.9990392 -0.001744411 -0.09777313 0.0003804363 0.001762763 0.9999984 0.005782437
0.9989507 0.04579786 -0.0002351697 -0.6310491 -0.04579819 0.9989494 -0.001650477 -0.1035773 0.0001593344 0.001659516 0.9999986 0.006074884
0.9988773 0.04737272 -5.223211e-05 -0.6512238 -0.04737275 0.998876 -0.001581726 -0.1033061 -2.275725e-05 0.001582424 0.9999987 0.005604645
0.9988069 0.0488345 9.815797e-05 -0.662909 -0.04883426 0.9988054 -0.001738569 -0.1031505 -0.0001829428 0.001731701 0.9999985 0.005451168
0.9987627 0.04973003 -5.724723e-06 -0.6753901 -0.04972997 0.9987614 -0.001651233 -0.1012766 -7.639825e-05 0.001649475 0.9999986 0.006319357
0.9987387 0.05020892 -0.000107938 -0.6724271 -0.05020903 0.9987373 -0.001731386 -0.09539586 2.087067e-05 0.001734622 0.9999985 0.006409321
0.9987266 0.05044883 -0.0001983068 -0.6751641 -0.0504491 0.9987252 -0.001773813 -0.09780627 0.0001085672 0.001781559 0.9999984 0.00771374
0.9987221 0.05053905 -0.0002513714 -0.6757641 -0.05053943 0.9987204 -0.001879038 -0.096161 0.0001560849 0.001889341 0.9999982 0.0060625
0.9987327 0.05032782 -0.0002772839 -0.6728294 -0.05032834 0.9987299 -0.002344948 -0.09442332 0.0001589156 0.002355932 0.9999972 0.005927416
0.9987293 0.05039531 -0.0003577213 -0.6778479 -0.05039602 0.9987264 -0.002378091 -0.09514669 0.0002374211 0.002393097 0.9999971 0.007722459
0.9987312 0.05035726 -0.0003546482 -0.6750708 -0.05035788 0.9987292 -0.002026795 -0.09632356 0.0002521337 0.002042082 0.9999979 0.005557728
0.9987247 0.05048494 -0.000497783 -0.675712 -0.05048594 0.9987224 -0.002237255 -0.09782533 0.0003841993 0.002259533 0.9999974 0.006747498
0.9987319 0.05034363 -0.0003860595 -0.674594 -0.05034436 0.9987295 -0.002210763 -0.0921545 0.0002742712 0.002227396 0.9999975 0.00623879
0.9987296 0.05038713 -0.0005958223 -0.6743715 -0.05038828 0.9987274 -0.002109003 -0.09484938 0.0004887976 0.002136346 0.9999976 0.006585801
0.998724 0.05049697 -0.0006158763 -0.675877 -0.05049832 0.9987212 -0.002415442 -0.09415906 0.0004931163 0.002443461 0.9999969 0.006691808
0.9987189 0.0505992 -0.0004766453 -0.6773358 -0.05060017 0.9987162 -0.00232422 -0.09837057 0.0003584298 0.002345361 0.9999972 0.008324642
0.9987203 0.0505706 -0.0005835737 -0.6736468 -0.05057177 0.9987179 -0.002202889 -0.09685809 0.0004714241 0.002229582 0.9999974 0.004481192
0.9987248 0.05048402 -0.0004554701 -0.6770305 -0.05048493 0.9987224 -0.002271041 -0.09187999 0.0003402369 0.00229114 0.9999973 0.006889811
0.9987234 0.05050729 -0.0007445778 -0.6758351 -0.05050881 0.9987214 -0.002188655 -0.09305574 0.0006330827 0.002223469 0.9999973 0.003683596
0.9987113 0.05073863 -0.00111887 -0.6786582 -0.05074096 0.9987096 -0.002164278 -0.09776354 0.001007613 0.002218262 0.999997 0.005064473
0.9987007 0.05094353 -0.001294618 -0.6715938 -0.05094608 0.9986994 -0.002017366 -0.09434994 0.001190162 0.002080701 0.9999971 0.005645883
0.9986955 0.05104329 -0.001355525 -0.6696432 -0.05104602 0.9986943 -0.002057157 -0.09495109 0.001248751 0.002123667 0.999997 0.005313813
0.9986849 0.05124735 -0.001442883 -0.6721286 -0.05125007 0.9986839 -0.001913486 -0.09545349 0.001342923 0.001984917 0.9999971 0.004581998
0.9986826 0.05128268 -0.001748949 -0.673488 -0.05128624 0.9986818 -0.002055125 -0.1028371 0.001641251 0.002142115 0.9999964 0.005801336
0.9986735 0.05145444 -0.001922071 -0.6735647 -0.05145821 0.9986733 -0.001966025 -0.09952991 0.001818361 0.002062323 0.9999962 0.0053472
0.9986809 0.05130893 -0.001930885 -0.6760905 -0.05131261 0.9986809 -0.001911895 -0.09514507 0.00183024 0.002008452 0.9999963 0.004343376
0.9986674 0.05155627 -0.00230254 -0.6729759 -0.05156044 0.9986683 -0.001789481 -0.09832587 0.002207215 0.001905816 0.9999958 0.004783541
0.998659 0.0517181 -0.00232437 -0.6707883 -0.0517221 0.9986601 -0.001695633 -0.09844158 0.00223356 0.001813581 0.9999959 0.003531239
0.9986527 0.05183585 -0.002407757 -0.6728321 -0.05183988 0.998654 -0.001639786 -0.09602327 0.002319516 0.001762395 0.9999958 0.005946277
0.9986439 0.05199308 -0.002650609 -0.6724462 -0.05199716 0.9986461 -0.001493126 -0.09462614 0.002569389 0.001628926 0.9999954 0.00625647
0.9986165 0.05251445 -0.002706273 -0.6725776 -0.05251858 0.9986188 -0.001479713 -0.09345685 0.002624828 0.001619795 0.9999952 0.006897152
0.9985998 0.0528285 -0.002774265 -0.6773174 -0.05283241 0.9986025 -0.001356035 -0.09225947 0.00269875 0.001500707 0.9999952 0.008929209
0.9985967 0.05290599 -0.002376017 -0.6694843 -0.05290874 0.9985987 -0.001109971 -0.0944282 0.002313963 0.001234125 0.9999965 0.006976735
0.9985813 0.05319681 -0.002332086 -0.6651319 -0.05319909 0.9985836 -0.0009254323 -0.09552005 0.002279553 0.001048184 0.9999968 0.005181763
0.9985672 0.05344206 -0.002753023 -0.6609958 -0.05344469 0.9985703 -0.0008895787 -0.09799199 0.002701546 0.001035439 0.9999958 0.007019573
0.9985456 0.05383153 -0.002967844 -0.6488809 -0.05383375 0.9985497 -0.0006721028 -0.0996832 0.002927359 0.0008308954 0.9999954 0.007451454
0.9985011 0.05464808 -0.003022785 -0.6371613 -0.05465038 0.9985054 -0.0006809287 -0.1009807 0.002981055 0.0008451043 0.9999952 0.00846701
0.9984529 0.05552574 -0.002955958 -0.624809 -0.05552766 0.9984571 -0.0005725939 -0.1003093 0.002919603 0.0007358454 0.9999955 0.008789098
0.9984039 0.05637879 -0.003321015 -0.6175113 -0.05638078 0.9984092 -0.0005078741 -0.09975258 0.003287098 0.0006943048 0.9999943 0.004011683
0.9983191 0.0578455 -0.003576251 -0.5972491 -0.05784721 0.9983253 -0.0003758709 -0.1017143 0.00354852 0.0005821153 0.9999936 0.004342065
0.9982146 0.05960095 -0.003923113 -0.5800433 -0.05960235 0.998222 -0.0002415226 -0.1041429 0.003901743 0.0004749182 0.9999923 0.005872969
0.9980857 0.06171888 -0.003954684 -0.5602757 -0.06171953 0.9980935 -4.178653e-05 -0.1071786 0.003944565 0.0002857878 0.9999922 0.005947795
0.997919 0.06435208 -0.004047259 -0.5363184 -0.06435238 0.9979274 5.630041e-05 -0.1077579 0.004042494 0.0002042675 0.9999918 0.006319436
0.9976948 0.06772905 -0.004211416 -0.5113334 -0.06772777 0.9977039 0.0004447316 -0.1158303 0.004231867 -0.0001584766 0.9999911 0.004109867
0.9973859 0.0721248 -0.004406545 -0.4867325 -0.07212221 0.9973954 0.0007455262 -0.1185027 0.004448839 -0.0004257676 0.99999 0.003186358
0.9970003 0.07725372 -0.004728237 -0.4639031 -0.07725001 0.9970112 0.0009637024 -0.1320963 0.004788555 -0.0005955553 0.9999884 0.004812649
0.9965531 0.0828187 -0.004787722 -0.4267527 -0.08281317 0.9965641 0.00134095 -0.1363723 0.004882328 -0.0009398417 0.9999877 0.005091022
0.9960564 0.08860996 -0.004452028 -0.3921015 -0.08860322 0.9960656 0.001689966 -0.1484472 0.00458426 -0.001288838 0.9999887 0.002390881
0.9954982 0.09468851 -0.004157101 -0.3567729 -0.09468163 0.9955058 0.001823178 -0.1592854 0.004311052 -0.00142137 0.9999897 0.003382996
0.9948232 0.1015396 -0.004060713 -0.3142486 -0.1015319 0.9948303 0.002058971 -0.1705709 0.004248787 -0.00163602 0.9999896 0.002225953
0.9941155 0.1082712 -0.003425322 -0.2697917 -0.1082636 0.9941195 0.002333258 -0.1856845 0.003657804 -0.00194869 0.9999914 0.003486697
0.9933335 0.1152417 -0.00281875 -0.2296529 -0.1152343 0.9933348 0.002677338 -0.1910225 0.003108503 -0.002334672 0.9999924 0.001144852
0.9924629 0.1225265 -0.002134329 -0.1815544 -0.1225209 0.9924626 0.002598298 -0.2088961 0.002436602 -0.002317215 0.9999943 -0.0007861049
0.9915935 0.1293807 -0.001683858 -0.138159 -0.1293758 0.9915918 0.002795625 -0.2205565 0.0020314 -0.002554273 0.9999947 -0.001931574
0.9906616 0.1363345 -0.001603865 -0.09561431 -0.1363297 0.9906596 0.002759464 -0.2370824 0.001965094 -0.00251504 0.9999949 -0.003879936
0.9896931 0.1432002 -0.00111677 -0.0515788 -0.1431971 0.9896911 0.002495281 -0.2550575 0.001462582 -0.002309645 0.9999962 -0.001716913
0.9887323 0.1496914 -0.001011036 -0.00200028 -0.1496891 0.9887309 0.002081416 -0.2628771 0.001311212 -0.001906622 0.9999973 -0.0008578462
0.9877489 0.1560511 -0.0004824479 0.04475299 -0.15605 0.9877477 0.001800639 -0.2784209 0.0007575284 -0.001703293 0.9999983 -0.006859319
0.986805 0.161912 -0.0005921891 0.08334613 -0.1619109 0.9868041 0.001566584 -0.2887359 0.0008380235 -0.001450031 0.9999986 -0.00640883
0.9858385 0.167695 -0.0009298983 0.1176359 -0.1676935 0.9858382 0.00146436 -0.3056661 0.001162295 -0.001287685 0.9999985 -0.007553326
0.984925 0.1729776 -0.001258695 0.1587144 -0.1729755 0.9849247 0.001627245 -0.3227348 0.001521196 -0.001384991 0.9999979 -0.009551036
0.9840596 0.1778338 -0.001357663 0.1897694 -0.1778321 0.9840602 0.001290383 -0.3304673 0.001565496 -0.001028378 0.9999983 -0.008820575
0.9831631 0.1827214 -0.001807092 0.2286162 -0.1827192 0.9831643 0.001318976 -0.3408447 0.002017674 -0.0009665782 0.9999975 -0.009292974
0.9823065 0.18727 -0.001969299 0.2581251 -0.1872672 0.9823078 0.001567372 -0.3554232 0.002227979 -0.001170854 0.9999968 -0.009962601
0.9815198 0.1913496 -0.002043178 0.2858254 -0.1913464 0.9815211 0.00162981 -0.3603889 0.002317287 -0.001208736 0.9999966 -0.01083599
0.9806387 0.1958127 -0.002232031 0.3158396 -0.1958091 0.9806405 0.001738796 -0.3766345 0.002529299 -0.001268078 0.999996 -0.009127876
0.9797739 0.2000967 -0.002096323 0.3531369 -0.2000921 0.9797746 0.002207745 -0.3862029 0.002495686 -0.001743634 0.9999954 -0.01053137
0.9788903 0.2043753 -0.002124435 0.3831822 -0.2043706 0.978891 0.002262011 -0.3974508 0.00254189 -0.001780089 0.9999952 -0.009785109
0.9779868 0.2086573 -0.001975645 0.4129715 -0.2086525 0.9779871 0.00239731 -0.405403 0.002432371 -0.001932314 0.9999952 -0.01251686
0.9769997 0.21323 -0.00214897 0.4426856 -0.2132245 0.977 0.002534615 -0.420224 0.00264 -0.002018105 0.9999945 -0.010311
0.9759597 0.2179376 -0.00242074 0.4741993 -0.2179318 0.975961 0.002430611 -0.4306853 0.002892269 -0.001844622 0.9999941 -0.01465671
0.9749495 0.2224072 -0.002915466 0.5016509 -0.222401 0.9749525 0.002295176 -0.4459784 0.003352905 -0.001589278 0.9999931 -0.01227137
0.9738674 0.2270943 -0.003220541 0.5396101 -0.2270888 0.9738719 0.002003699 -0.4555653 0.003591423 -0.001219989 0.9999928 -0.01360235
0.9726844 0.2321039 -0.003562085 0.5736958 -0.2320995 0.9726908 0.001608619 -0.4702177 0.003838174 -0.0007379208 0.9999924 -0.0124638
0.9715877 0.2366444 -0.004087321 0.6106495 -0.2366407 0.9715962 0.001369411 -0.4790144 0.004295289 -0.0003632765 0.9999907 -0.01753498
0.9703125 0.2418121 -0.004527294 0.6435634 -0.2418092 0.970323 0.001190471 -0.4932244 0.004680808 -6.038795e-05 0.999989 -0.01595483
0.9689837 0.2470726 -0.005068011 0.6858854 -0.2470707 0.968997 0.001014294 -0.5129052 0.005161492 0.0002693227 0.9999866 -0.01817091
0.9675325 0.252695 -0.00511749 0.724982 -0.2526943 0.9675457 0.0007912359 -0.5269988 0.005151347 0.0005276141 0.9999866 -0.01915559
0.9660431 0.2583205 -0.005600363 0.770938 -0.2583229 0.9660585 0.0003139054 -0.5415656 0.005491367 0.001143456 0.9999843 -0.02056034
0.9644994 0.2640111 -0.006247052 0.8043493 -0.2640175 0.9645178 -0.0002081921 -0.5625688 0.005970428 0.001850132 0.9999804 -0.02004389
0.9628864 0.2698279 -0.006536223 0.8473181 -0.2698372 0.9629059 -0.0005660987 -0.5827456 0.006141018 0.002308805 0.9999785 -0.02025787
0.961311 0.2753812 -0.006805872 0.8910221 -0.275394 0.9613309 -0.001001531 -0.595735 0.006266892 0.00283708 0.9999763 -0.01899769
0.9596111 0.2812526 -0.006590444 0.9279829 -0.2812657 0.9596293 -0.001135091 -0.6167185 0.006005136 0.002942912 0.9999776 -0.01935902
0.9580129 0.2866574 -0.006228583 0.9669545 -0.2866697 0.9580287 -0.001173105 -0.6322153 0.005630882 0.002909395 0.9999799 -0.01883065
0.956384 0.2920601 -0.005528104 1.005873 -0.2920709 0.9563959 -0.001233217 -0.6577843 0.004926882 0.002794027 0.999984 -0.01942566
0.9548078 0.2971854 -0.004801911 1.045673 -0.2971953 0.9548154 -0.001500621 -0.6718798 0.004138976 0.00285991 0.9999874 -0.02117536
0.9533572 0.3018116 -0.004444422 1.076862 -0.3018202 0.9533638 -0.001407531 -0.691869 0.003812342 0.002683296 0.9999892 -0.02449298
0.9520024 0.3060634 -0.00407293 1.104529 -0.3060711 0.9520075 -0.001390411 -0.7060962 0.003451906 0.002570281 0.9999908 -0.02580865
0.9507036 0.3100798 -0.003650007 1.134318 -0.3100867 0.9507072 -0.001505232 -0.7204367 0.003003345 0.002562848 0.9999922 -0.0253969
0.9495885 0.313484 -0.00308412 1.157879 -0.313489 0.949591 -0.001315023 -0.7341476 0.002516414 0.002215569 0.9999944 -0.02683294
0.9485934 0.3164856 -0.002739654 1.180562 -0.3164901 0.9485947 -0.001385155 -0.7386626 0.00216044 0.002181022 0.9999953 -0.02720026
0.9475256 0.3196695 -0.002563438 1.206782 -0.3196735 0.9475267 -0.001357002 -0.7543573 0.001995134 0.002105257 0.9999958 -0.03023975
0.9465458 0.3225616 -0.002226738 1.229629 -0.3225654 0.9465457 -0.001639779 -0.767498 0.00157878 0.002270394 0.9999962 -0.02769873
0.9457707 0.3248293 -0.001901054 1.245585 -0.3248326 0.9457699 -0.001755115 -0.7773555 0.001227847 0.002277461 0.9999967 -0.02767446
0.9450479 0.326927 -0.001801254 1.25372 -0.3269301 0.9450467 -0.001832706 -0.7827444 0.001103108 0.002320879 0.9999967 -0.02837487
0.9446698 0.3280177 -0.001804993 1.268669 -0.3280208 0.9446687 -0.00185774 -0.7868949 0.001095749 0.002347026 0.9999967 -0.02893815
0.9443813 0.3288473 -0.001843528 1.27568 -0.3288504 0.9443803 -0.001813652 -0.7891456 0.001144577 0.002319024 0.9999967 -0.02841715
0.9443495 0.3289396 -0.001672399 1.277322 -0.3289425 0.944348 -0.001938739 -0.7870361 0.0009415986 0.00238097 0.9999967 -0.02902831
0.9442945 0.3290966 -0.001845669 1.276974 -0.3290997 0.9442935 -0.001806955 -0.7878394 0.001148191 0.002313707 0.9999967 -0.02875528
0.9443842 0.3288386 -0.001931408 1.269763 -0.3288415 0.944384 -0.001459669 -0.7846264 0.001343995 0.002013615 0.9999971 -0.03122303
0.9443778 0.3288529 -0.002518713 1.269956 -0.3288567 0.9443791 -0.00128838 -0.7891394 0.001954932 0.002045013 0.999996 -0.03052023
0.9443245 0.3290081 -0.00223297 1.273728 -0.3290124 0.9443238 -0.001931358 -0.788649 0.001473214 0.002558504 0.9999956 -0.02663539
0.9443438 0.3289533 -0.002111609 1.276359 -0.3289565 0.944344 -0.001406088 -0.7870799 0.001531548 0.002022458 0.9999968 -0.02930089
0.9443979 0.3287965 -0.00234856 1.272637 -0.3288002 0.9443986 -0.001358982 -0.7905931 0.001771148 0.002055626 0.9999963 -0.02910398
0.9444385 0.3286808 -0.002217085 1.276027 -0.3286846 0.9444382 -0.001657553 -0.7816631 0.001549094 0.002294178 0.9999962 -0.02844492
0.944415 0.3287471 -0.002391602 1.280077 -0.328751 0.9444155 -0.001487584 -0.7890207 0.001769627 0.002191138 0.999996 -0.02740369
0.9442993 0.3290788 -0.002439388 1.273885 -0.329083 0.9442996 -0.001606192 -0.7902945 0.00177495 0.002319487 0.9999957 -0.02759747
0.9444342 0.328693 -0.002243984 1.275804 -0.3286967 0.9444344 -0.001494236 -0.783188 0.00162815 0.002148797 0.9999964 -0.02698294
0.9444192 0.3287354 -0.002318231 1.273211 -0.3287392 0.9444194 -0.00150021 -0.7854629 0.00169621 0.002178921 0.9999962 -0.02860233
0.944455 0.3286314 -0.002494311 1.272546 -0.3286357 0.9444555 -0.001546655 -0.7831233 0.001847487 0.002280466 0.9999957 -0.02839706
0.9444151 0.3287463 -0.002434362 1.275378 -0.3287505 0.9444155 -0.001534491 -0.787861 0.001794591 0.002249495 0.9999959 -0.02703102
0.9443981 0.3287964 -0.00228017 1.269612 -0.3288001 0.9443983 -0.001526423 -0.7852302 0.001651506 0.002191271 0.9999962 -0.02859918
0.9444112 0.328759 -0.002247464 1.27343 -0.3287627 0.9444113 -0.001584542 -0.7875103 0.001601598 0.002235341 0.9999962 -0.02606105
0.9443781 0.3288535 -0.002336584 1.273143 -0.3288576 0.944378 -0.00166054 -0.7865523 0.001660545 0.002336581 0.9999959 -0.02709403
0.9444337 0.3286925 -0.002499006 1.277817 -0.3286965 0.9444345 -0.001393148 -0.7866873 0.001902231 0.00213715 0.9999959 -0.02647487
0.9444105 0.3287611 -0.002233627 1.272025 -0.3287646 0.9444108 -0.001451649 -0.785302 0.001632216 0.00210529 0.9999964 -0.02718339
0.9443857 0.3288323 -0.002227434 1.271604 -0.328836 0.9443856 -0.001541947 -0.7857971 0.001596515 0.002188654 0.9999963 -0.02838523
0.9444196 0.328734 -0.002362579 1.272196 -0.3287381 0.9444197 -0.001618854 -0.787863 0.001699093 0.002305547 0.9999959 -0.02539404
0.9445002 0.3285019 -0.00240846 1.272235 -0.3285059 0.9445008 -0.001482337 -0.7838342 0.001787842 0.002191261 0.999996 -0.02675502
0.9444012 0.3287869 -0.002356325 1.273742 -0.3287907 0.9444016 -0.001475527 -0.7864549 0.001740184 0.002168227 0.9999961 -0.02551811
0.9444042 0.3287776 -0.00241966 1.273421 -0.3287818 0.9444046 -0.001585452 -0.7864947 0.001763877 0.002292848 0.9999958 -0.02692223
0.9444062 0.3287721 -0.002398443 1.277484 -0.3287759 0.944407 -0.001414845 -0.7927749 0.001799944 0.002124739 0.9999961 -0.0278213
0.9443642 0.3288933 -0.00233234 1.276086 -0.3288973 0.9443642 -0.001614 -0.7902918 0.001671744 0.002291305 0.999996 -0.02617481
0.9443579 0.3289116 -0.002319158 1.272855 -0.3289155 0.9443581 -0.001564347 -0.7895591 0.001675583 0.002240111 0.9999961 -0.02659391
0.9444152 0.3287473 -0.002288659 1.27727 -0.328751 0.9444155 -0.00148168 -0.7885091 0.001674347 0.00215172 0.9999963 -0.025304
0.9443256 0.3290033 -0.002429865 1.273743 -0.3290076 0.9443258 -0.001629682 -0.7865846 0.001758414 0.002338395 0.9999957 -0.02637213
0.9443623 0.3288993 -0.002283887 1.273376 -0.3289033 0.9443622 -0.001674569 -0.7881339 0.001606052 0.002332577 0.999996 -0.02688785
0.9443982 0.3287951 -0.002404436 1.270376 -0.3287995 0.9443982 -0.00170431 -0.7885288 0.001710376 0.002400124 0.9999956 -0.02771043
0.9444147 0.3287481 -0.002332826 1.269084 -0.3287522 0.9444147 -0.001620772 -0.7825701 0.00167033 0.002297603 0.9999959 -0.02660936
0.944365 0.3288912 -0.00233699 1.270374 -0.3288951 0.9443653 -0.001533695 -0.7890382 0.001702553 0.002216992 0.9999961 -0.02720899
0.9444224 0.3287269 -0.002250498 1.271417 -0.3287307 0.9444224 -0.001586924 -0.7848905 0.001603756 0.002238534 0.9999962 -0.02611815
0.9444126 0.3287542 -0.002342064 1.27449 -0.3287582 0.9444129 -0.001581786 -0.7878643 0.001691857 0.002263831 0.999996 -0.02677158
0.9444527 0.3286385 -0.002410008 1.27029 -0.3286427 0.944453 -0.001640335 -0.7869139 0.001737061 0.00234125 0.9999958 -0.02738506
0.9444081 0.3287684 -0.002169549 1.276173 -0.328772 0.9444082 -0.00157513 -0.7842385 0.001531087 0.002200853 0.9999964 -0.02417027
0.9444133 0.3287513 -0.00247712 1.27307 -0.3287557 0.9444134 -0.001673348 -0.7901172 0.00178931 0.0023947 0.9999955 -0.02512692
0.9444519 0.328641 -0.002387198 1.273967 -0.3286451 0.9444522 -0.001557135 -0.7896118 0.001742856 0.00225518 0.9999959 -0.02691862
0.9443776 0.3288546 -0.002369421 1.269143 -0.3288586 0.9443779 -0.001506271 -0.7900217 0.001742285 0.002201693 0.9999961 -0.02585688
0.9444631 0.3286085 -0.002432681 1.270287 -0.328613 0.9444631 -0.001760701 -0.7881798 0.001718996 0.002462327 0.9999955 -0.0264095
0.9444557 0.3286302 -0.002379365 1.271543 -0.3286343 0.944456 -0.001569781 -0.7848877 0.001731328 0.002264529 0.9999959 -0.02577994
0.9444277 0.3287109 -0.002331393 1.273366 -0.3287149 0.9444278 -0.001590063 -0.7851521 0.001679161 0.002268062 0.999996 -0.02563429
0.9444174 0.3287406 -0.002317044 1.275512 -0.3287444 0.9444178 -0.00146547 -0.7864723 0.001706499 0.002145731 0.9999962 -0.02685053
0.9444475 0.328654 -0.002350349 1.271666 -0.3286581 0.9444475 -0.001635593 -0.7857758 0.001682237 0.002317193 0.9999959 -0.02569813
0.9444145 0.3287474 -0.002533933 1.269239 -0.3287519 0.944415 -0.001645982 -0.7827789 0.001851972 0.002387525 0.9999954 -0.02599644
0.9444723 0.328582 -0.00241396 1.269223 -0.3285862 0.9444726 -0.00159797 -0.7853676 0.001754855 0.002302432 0.9999958 -0.02580938
0.944356 0.3289171 -0.002321723 1.273302 -0.3289211 0.944356 -0.001655206 -0.7861913 0.001648107 0.002326767 0.9999959 -0.02571324
0.9444712 0.3285858 -0.002365203 1.273333 -0.3285898 0.9444715 -0.001565286 -0.7850007 0.001719536 0.002255549 0.999996 -0.02658853
0.9444653 0.3286029 -0.00234494 1.271777 -0.3286069 0.9444654 -0.001606588 -0.7874706 0.001686785 0.00228793 0.9999959 -0.02536998
0.944402 0.3287846 -0.002332001 1.272139 -0.3287885 0.9444022 -0.001570232 -0.7889468 0.001686079 0.002249666 0.9999961 -0.02495208
0.9443858 0.328831 -0.002371932 1.275016 -0.328835 0.9443861 -0.001579439 -0.7867671 0.001720651 0.002271574 0.9999959 -0.02592388
0.944314 0.3290367 -0.002425279 1.273091 -0.3290408 0.9443144 -0.001555295 -0.790939 0.001778477 0.002266703 0.9999958 -0.02492439
0.9443615 0.3289002 -0.002454962 1.272426 -0.3289045 0.9443618 -0.001620265 -0.784444 0.001785467 0.002337564 0.9999956 -0.02545558
0.9443592 0.328908 -0.002306991 1.273104 -0.3289122 0.9443589 -0.001754662 -0.782693 0.001601505 0.002415828 0.9999958 -0.02537614
0.9443415 0.3289582 -0.002372916 1.272473 -0.3289624 0.9443415 -0.001654679 -0.7884575 0.001696523 0.002343183 0.9999958 -0.02464496
0.9443307 0.3289886 -0.00245209 1.272036 -0.328993 0.9443308 -0.001686557 -0.7866718 0.001760726 0.002399388 0.9999956 -0.02399755
0.9443898 0.3288203 -0.00225111 1.274737 -0.3288241 0.9443897 -0.001629613 -0.7862309 0.001590075 0.002279209 0.9999961 -0.02297237
0.9444056 0.3287739 -0.002411081 1.273142 -0.3287781 0.9444058 -0.001596709 -0.78288 0.001752083 0.002300651 0.9999958 -0.02428361
0.9443498 0.3289338 -0.00246501 1.268046 -0.3289382 0.9443499 -0.001677 -0.7828042 0.00177621 0.002394511 0.9999955 -0.0242584
0.9443265 0.3290012 -0.002376626 1.269945 -0.3290057 0.944326 -0.00180614 -0.7872021 0.001650088 0.00248751 0.9999955 -0.02215448
0.9444569 0.3286274 -0.002260715 1.276321 -0.3286314 0.9444567 -0.001706679 -0.7837492 0.001574286 0.002354826 0.999996 -0.02331337
0.9444398 0.3286758 -0.002372421 1.276349 -0.3286799 0.94444 -0.001586527 -0.7821715 0.001719156 0.002278147 0.9999959 -0.02501184
0.9445091 0.3284756 -0.00252369 1.268125 -0.3284802 0.9445094 -0.001703969 -0.7868392 0.001823937 0.002438396 0.9999954 -0.02402471
0.9445203 0.3284445 -0.002376822 1.271294 -0.3284486 0.9445204 -0.001590422 -0.7830468 0.001722592 0.00228285 0.9999959 -0.02395282
0.9444788 0.3285637 -0.00240876 1.270763 -0.3285678 0.9444791 -0.001525304 -0.7836907 0.001773864 0.002232058 0.9999959 -0.0257133
0.9444476 0.3286527 -0.002497848 1.272593 -0.3286572 0.9444478 -0.001641067 -0.7830479 0.001819746 0.002370837 0.9999955 -0.02444467
0.9443513 0.3289286 -0.002550385 1.268716 -0.3289332 0.9443517 -0.001657137 -0.7879254 0.001863381 0.002403826 0.9999954 -0.0242421
0.9444111 0.3287579 -0.002428968 1.269809 -0.3287623 0.9444112 -0.001705215 -0.7852068 0.001733341 0.002408977 0.9999956 -0.02406591
0.9444357 0.3286878 -0.002370652 1.271551 -0.3286922 0.9444354 -0.001796205 -0.78402 0.001648537 0.002475615 0.9999956 -0.02324999
0.9443772 0.3288558 -0.002385495 1.273257 -0.32886 0.9443772 -0.001666885 -0.7881785 0.001704642 0.002358662 0.9999958 -0.02465994
0.9444035 0.3287797 -0.002444156 1.273407 -0.328784 0.9444036 -0.00166705 -0.7862507 0.001760178 0.002377967 0.9999956 -0.02302923
0.9444832 0.3285499 -0.002536088 1.270088 -0.3285547 0.9444833 -0.001768855 -0.7841449 0.001814136 0.002503897 0.9999952 -0.02351046
0.944424 0.328722 -0.002252652 1.270322 -0.3287259 0.9444238 -0.001687539 -0.7836095 0.001572727 0.002334258 0.9999961 -0.02268874
0.9444525 0.3286391 -0.002392575 1.271959 -0.3286433 0.9444526 -0.001631262 -0.7903875 0.001723578 0.002326954 0.9999958 -0.02462626
0.9444612 0.3286135 -0.00249849 1.27199 -0.3286182 0.9444611 -0.00178578 -0.7872449 0.001772895 0.002507649 0.9999953 -0.02157172
0.9444212 0.3287295 -0.002338729 1.272579 -0.3287337 0.9444211 -0.001727157 -0.7866124 0.001640977 0.002399982 0.9999958 -0.02230941
0.9444596 0.3286178 -0.002539795 1.2689 -0.3286226 0.9444596 -0.001789833 -0.7838938 0.001810563 0.002525059 0.9999952 -0.02245097
0.9444783 0.3285637 -0.002593517 1.270616 -0.3285686 0.9444784 -0.001793202 -0.7881536 0.00186034 0.002545789 0.9999951 -0.02283338
0.9444637 0.3286067 -0.002460703 1.269169 -0.3286114 0.9444634 -0.001822331 -0.7866193 0.001725214 0.00252974 0.9999953 -0.02342025
0.9444894 0.3285332 -0.002400082 1.268563 -0.3285375 0.9444894 -0.001665548 -0.7843606 0.001719664 0.002361609 0.9999957 -0.02259774
0.9444434 0.3286647 -0.002497005 1.26486 -0.3286695 0.9444432 -0.001869732 -0.7851254 0.001743765 0.002586546 0.9999951 -0.02181319
0.944434 0.3286913 -0.002551291 1.268259 -0.3286962 0.944434 -0.001806048 -0.7852776 0.001815894 0.002544293 0.9999951 -0.02119675
0.9444204 0.3287298 -0.002601376 1.271308 -0.3287346 0.9444207 -0.001716669 -0.7863492 0.001892473 0.00247642 0.9999952 -0.02100655
0.9444721 0.328582 -0.002493651 1.271793 -0.3285868 0.9444722 -0.001776084 -0.7841729 0.001771595 0.002496843 0.9999953 -0.0205635
0.9444565 0.3286271 -0.002483343 1.27309 -0.3286316 0.9444567 -0.001709369 -0.7840419 0.001783665 0.002430529 0.9999955 -0.02414757
0.9444857 0.3285429 -0.002526525 1.270369 -0.3285478 0.9444855 -0.001799564 -0.7832993 0.001795033 0.002529746 0.9999952 -0.0222975
0.9444842 0.3285469 -0.002546064 1.266203 -0.3285517 0.9444844 -0.001749022 -0.783471 0.001830082 0.002488437 0.9999952 -0.02225887
0.9444507 0.328643 -0.002553768 1.266698 -0.3286479 0.944451 -0.001773167 -0.7848967 0.001829169 0.00251396 0.9999952 -0.02285091
0.9443778 0.3288535 -0.002453769 1.267696 -0.3288581 0.9443778 -0.001761311 -0.791492 0.001738071 0.002470284 0.9999954 -0.02302413
0.9444611 0.3286133 -0.002562705 1.266514 -0.3286181 0.9444612 -0.00180449 -0.7847786 0.001827396 0.002546422 0.9999951 -0.02338059
0.9444501 0.3286455 -0.002452911 1.269006 -0.3286503 0.94445 -0.001883871 -0.7875535 0.001697526 0.002585372 0.9999952 -0.0224177
0.9444098 0.3287608 -0.002544072 1.2676 -0.3287656 0.94441 -0.001785248 -0.7848209 0.001815727 0.002522409 0.9999952 -0.02224533
0.944457 0.3286257 -0.002465972 1.272348 -0.3286305 0.9444568 -0.001867537 -0.7814757 0.001715283 0.002574202 0.9999952 -0.02323196
0.9444872 0.328539 -0.002437975 1.266014 -0.3285435 0.9444873 -0.001726259 -0.7825805 0.001735493 0.00243141 0.9999955 -0.0213984
0.9444022 0.3287845 -0.002273755 1.27306 -0.3287888 0.9444016 -0.001815525 -0.7816212 0.001550422 0.002462171 0.9999958 -0.02304699
0.944429 0.3287062 -0.002474212 1.271338 -0.3287106 0.9444292 -0.001648785 -0.7830672 0.001794752 0.00237046 0.9999956 -0.02298108
0.9443715 0.3288724 -0.002308273 1.272402 -0.3288768 0.9443711 -0.001851807 -0.7807965 0.001570857 0.002507932 0.9999956 -0.02351376
0.9443963 0.3288005 -0.00243714 1.271853 -0.3288049 0.9443964 -0.001707297 -0.7775348 0.001740266 0.002413708 0.9999956 -0.02399278
0.9444013 0.3287866 -0.002372758 1.270926 -0.3287909 0.9444011 -0.001770356 -0.7790067 0.001658766 0.002452068 0.9999956 -0.0235561
0.9444621 0.3286112 -0.002452091 1.266556 -0.3286158 0.9444619 -0.001750506 -0.7803347 0.001740671 0.002459082 0.9999955 -0.02403779
0.9444167 0.3287424 -0.002359626 1.269959 -0.3287465 0.9444168 -0.001643141 -0.784106 0.0016883 0.002327529 0.9999959 -0.02371751
0.9444138 0.3287509 -0.002346222 1.269208 -0.3287551 0.9444135 -0.001708482 -0.7816983 0.001654139 0.002384847 0.9999958 -0.02479965
