1.0 0.0 0.0 0.0 0.0 1.0 0.0 0.0 0.0 0.0 1.0 0.0
0.9999893 -0.003808747 0.002621039 2.219955 0.003806783 0.9999925 0.0007540117 0.009756276 -0.002623891 -0.0007440259 0.9999963 -0.03677017
0.9999791 -0.003797538 0.005236774 4.072343 0.00380334 0.9999923 -0.00109836 -0.008295936 -0.005232562 0.001118254 0.9999857 -0.03586387
0.9999749 -0.003598937 0.00609897 5.928255 0.003600786 0.9999936 -0.0002923297 -0.02138954 -0.006097879 0.0003142835 0.9999813 -0.09985079
0.9999801 -0.003802534 0.005034832 7.778816 0.003798892 0.9999924 0.0007329445 -0.02874133 -0.005037582 -0.0007138032 0.9999871 -0.1389581
0.9999831 -0.003580652 0.004576953 9.639056 0.003574665 0.9999928 0.001315703 -0.0378212 -0.004581631 -0.00129932 0.9999887 -0.1744111
0.9999899 -0.003652289 0.002609015 11.49725 0.003646807 0.9999913 0.002102762 -0.03890982 -0.002616672 -0.002093226 0.9999944 -0.1882426
0.9999803 -0.003373054 0.005286153 13.3151 0.003366817 0.9999937 0.001188396 -0.04166146 -0.005290128 -0.001170576 0.9999853 -0.2327806
0.999993 -0.003535307 0.001180878 15.14409 0.003534902 0.9999938 0.0003448405 -0.05833531 -0.001182089 -0.0003406638 0.9999992 -0.2621339
0.9999837 -0.003451305 0.004559828 16.95696 0.003442856 0.9999923 0.001859229 -0.07137356 -0.004566209 -0.001843499 0.9999879 -0.288698
0.9999924 -0.003508413 0.001678757 18.76475 0.003507345 0.9999936 0.0006385015 -0.08095236 -0.001680987 -0.0006326087 0.9999984 -0.3143861
0.9999556 -0.003573488 0.008722809 20.57297 0.003547948 0.9999895 0.002941679 -0.09711108 -0.008733229 -0.0029106 0.9999576 -0.3449785
0.9999565 -0.003215292 0.008752421 22.38535 0.003211995 0.9999946 0.0003906882 -0.1089828 -0.008753632 -0.0003625585 0.9999616 -0.3564958
0.9998946 -0.002941085 0.01421794 24.19536 0.002917593 0.9999943 0.001672738 -0.128419 -0.01422278 -0.001631079 0.9998975 -0.435263
0.9999403 -0.002911532 0.01053036 25.99733 0.002870993 0.9999886 0.003862778 -0.1454756 -0.01054148 -0.003832315 0.9999371 -0.4690979
0.9999188 -0.001921974 0.01259526 27.80669 0.001878039 0.9999921 0.003499172 -0.1554929 -0.01260188 -0.003475234 0.9999145 -0.5119333
0.9999668 -0.00115815 0.008068072 29.61316 0.001135639 0.9999954 0.002794157 -0.1702469 -0.008071272 -0.002784902 0.9999635 -0.5430971
0.9999471 -0.00108657 0.0102291 31.41249 0.001077545 0.9999989 0.0008878486 -0.185319 -0.01023006 -0.0008767794 0.9999473 -0.5871968
0.9999767 -0.0006358647 0.006801454 33.23263 0.0006323486 0.9999998 0.0005190948 -0.2058766 -0.006801782 -0.0005147819 0.9999768 -0.6167263
0.9999591 -0.0005733635 0.009025691 35.01837 0.000573533 0.9999998 -1.619364e-05 -0.2138821 -0.00902568 2.136951e-05 0.9999593 -0.6590359
0.999987 -0.0004634873 0.005073717 36.81861 0.0004636312 1.0 -2.71816e-05 -0.2340199 -0.005073704 2.953358e-05 0.9999871 -0.6710658
0.9999725 0.0002476209 0.007417595 38.62467 -0.0002466289 0.9999999 -0.0001346433 -0.2520123 -0.007417628 0.0001328102 0.9999725 -0.7190755
0.9999849 0.0008980759 0.005426378 40.42994 -0.0008937453 0.9999993 -0.0008004141 -0.2741008 -0.005427093 0.0007955522 0.999985 -0.7339572
0.9999742 0.00125659 0.007074585 42.21056 -0.00123799 0.9999957 -0.002632925 -0.2887047 -0.007077863 0.002624099 0.9999715 -0.7754976
0.999981 0.00267726 0.005553247 44.00878 -0.002673331 0.9999961 -0.0007149167 -0.3158748 -0.005555139 0.0007000574 0.9999843 -0.8120618
0.9999641 0.004027363 0.007459278 45.79361 -0.00401946 0.9999914 -0.001074196 -0.3412671 -0.00746354 0.001044175 0.9999716 -0.8171797
0.9999588 0.005529625 0.007209098 47.58823 -0.005529598 0.9999847 -2.37155e-05 -0.3705885 -0.007209119 -1.614889e-05 0.999974 -0.8627397
0.9999289 0.006439402 0.01003434 49.36314 -0.00641976 0.9999775 -0.001988408 -0.3867619 -0.01004692 0.001923849 0.9999477 -0.856451
0.999912 0.007583869 0.01088001 51.16751 -0.007575761 0.999971 -0.0007862729 -0.4208994 -0.01088566 0.0007037794 0.9999405 -0.9199186
0.9998485 0.008705954 0.01506769 52.93727 -0.008661463 0.999958 -0.003015436 -0.4552439 -0.01509331 0.002884471 0.9998819 -0.9146144
0.999811 0.0102271 0.0165354 54.71675 -0.01020646 0.9999471 -0.001332639 -0.4940403 -0.01654815 0.00116362 0.9998624 -0.9842213
0.9997397 0.01193685 0.01944221 56.51377 -0.0118912 0.9999263 -0.002461987 -0.5349408 -0.01947017 0.002230155 0.999808 -0.9796646
0.9997091 0.01370848 0.0198421 58.26749 -0.0136656 0.9999039 -0.002295053 -0.5860302 -0.01987166 0.002023231 0.9998005 -1.03433
0.9996603 0.01510307 0.02124064 60.03389 -0.01504862 0.9998829 -0.002720622 -0.629141 -0.02127925 0.002400056 0.9997707 -1.053813
0.9996131 0.0169525 0.02205083 61.78969 -0.01689436 0.9998534 -0.002820182 -0.670141 -0.0220954 0.002446557 0.9997529 -1.101264
0.9995437 0.01909419 0.02340579 63.55128 -0.01906544 0.9998173 -0.001451034 -0.7307763 -0.02342922 0.00100413 0.999725 -1.108181
0.9994867 0.0209597 0.02422669 65.31977 -0.02095326 0.9997803 -0.000519654 -0.7775783 -0.02423226 1.175926e-05 0.9997063 -1.148813
0.9993786 0.02350134 0.02626933 67.07601 -0.02353415 0.9997225 0.0009405408 -0.8430913 -0.02623994 -0.001558183 0.9996545 -1.16518
0.9992706 0.02618958 0.02779292 68.83051 -0.02626066 0.9996526 0.002195463 -0.9096322 -0.02772577 -0.002923722 0.9996113 -1.199963
0.9991081 0.02947589 0.03023685 70.56702 -0.02957452 0.9995586 0.002819724 -0.9796376 -0.03014039 -0.003711449 0.9995388 -1.245957
0.9989626 0.03266132 0.03173292 72.31277 -0.03276023 0.9994599 0.002601846 -1.059399 -0.0316308 -0.003638725 0.999493 -1.274032
0.9987562 0.03598653 0.03451092 74.05975 -0.03605338 0.9993489 0.001316572 -1.139339 -0.03444107 -0.002559169 0.9994035 -1.314549
0.9985484 0.03977979 0.03631191 75.79974 -0.03985493 0.9992046 0.001347417 -1.227056 -0.03622943 -0.002792669 0.9993396 -1.328954
0.9983137 0.04375125 0.03815365 77.53091 -0.04385222 0.9990364 0.001812998 -1.32341 -0.03803756 -0.003483063 0.9992703 -1.388327
0.9980967 0.04746596 0.0393691 79.26568 -0.04763406 0.9988593 0.003342312 -1.423833 -0.03916554 -0.005211261 0.9992191 -1.400497
0.9978324 0.05133025 0.04118043 80.99525 -0.05148291 0.9986705 0.002654652 -1.524215 -0.04098941 -0.004768986 0.9991482 -1.457138
0.9976558 0.05569033 0.03976804 82.72958 -0.05583561 0.9984368 0.002551093 -1.644903 -0.0395638 -0.004765585 0.9992057 -1.482024
0.997317 0.06069108 0.04093055 84.45628 -0.06078381 0.9981505 0.001023948 -1.75542 -0.0407927 -0.003509116 0.9991615 -1.540494
0.9970303 0.06610761 0.03950084 86.16944 -0.06619873 0.9978058 0.001001799 -1.894304 -0.03934795 -0.003613729 0.9992191 -1.556692
0.9966604 0.07200871 0.03850745 87.88965 -0.07219266 0.997385 0.003406203 -2.027242 -0.03816148 -0.006174783 0.9992525 -1.597573
0.9962493 0.07841291 0.03658767 89.60673 -0.07856401 0.9969053 0.002708392 -2.176935 -0.03626208 -0.005572708 0.9993268 -1.622796
0.9956148 0.08597812 0.03686358 91.32356 -0.08614384 0.9962783 0.002927821 -2.333114 -0.03647466 -0.006090552 0.999316 -1.664286
0.9949864 0.09352934 0.03541829 93.03756 -0.09374586 0.9955859 0.004498884 -2.492969 -0.03484117 -0.007796646 0.9993625 -1.699938
0.994186 0.1016553 0.03550142 94.7494 -0.1018488 0.9947931 0.003680191 -2.680054 -0.03494246 -0.007274573 0.9993628 -1.740867
0.9934123 0.1096649 0.03325205 96.44793 -0.1098465 0.9939419 0.003677642 -2.887833 -0.0326473 -0.007306034 0.9994403 -1.785819
0.9925327 0.1174131 0.03306145 98.15486 -0.1175571 0.9930631 0.002438991 -3.089396 -0.03254573 -0.006307385 0.9994503 -1.812351
0.991638 0.1249229 0.03237735 99.83796 -0.1250556 0.9921476 0.002097396 -3.320251 -0.03186109 -0.006128825 0.9994735 -1.845789
0.9906512 0.1321851 0.03372274 101.5382 -0.1323364 0.9912024 0.002285641 -3.562237 -0.03312393 -0.00672702 0.9994286 -1.87452
0.9896877 0.1390338 0.03446401 103.2278 -0.139212 0.9902586 0.002816265 -3.823285 -0.03373673 -0.007585028 0.999402 -1.920367
0.9888143 0.1449721 0.03506202 104.9211 -0.1451862 0.9893976 0.003625518 -4.076944 -0.03416468 -0.008675484 0.9993786 -1.939612
0.9877161 0.1520533 0.03600965 106.6021 -0.1522689 0.9883335 0.00330524 -4.354634 -0.03508697 -0.008747786 0.999346 -1.985373
0.9866465 0.1588682 0.03591212 108.2682 -0.1590855 0.9872595 0.003257057 -4.63993 -0.03493714 -0.00892666 0.9993497 -2.017318
0.9854639 0.1658753 0.03669064 109.9455 -0.1660717 0.9861109 0.002349511 -4.931454 -0.03579131 -0.008408634 0.9993239 -2.072323
0.9842814 0.1731403 0.03482023 111.616 -0.1733171 0.9848638 0.002101527 -5.2326 -0.03392932 -0.008103436 0.9993914 -2.100752
0.9829334 0.1804745 0.03564902 113.2643 -0.1806024 0.9835562 0.0003740059 -5.55445 -0.03499532 -0.006805922 0.9993643 -2.144089
0.9816048 0.1878574 0.03408339 114.9112 -0.1880128 0.9821656 0.001383021 -5.885463 -0.03321572 -0.007765693 0.999418 -2.156461
0.980282 0.1940402 0.03735753 116.5369 -0.1942756 0.9809432 0.002744723 -6.225522 -0.03611303 -0.00994826 0.9992982 -2.194852
0.9792671 0.1986591 0.03962873 118.1694 -0.1989086 0.980015 0.002416415 -6.588518 -0.0383567 -0.01024881 0.9992115 -2.224433
0.9782143 0.2032537 0.04224651 119.7758 -0.2035411 0.9790629 0.002570835 -6.943809 -0.04083946 -0.01111373 0.9991039 -2.275161
0.9773818 0.2070231 0.04319893 121.3407 -0.2073118 0.9782724 0.002264709 -7.279848 -0.04179147 -0.01116913 0.9990639 -2.306583
0.9763438 0.2118503 0.04326892 122.9082 -0.2121644 0.9772302 0.002748567 -7.639326 -0.04170141 -0.01186367 0.9990597 -2.341319
0.9752022 0.2169788 0.04359906 124.4435 -0.2173027 0.9761003 0.002775842 -7.993962 -0.04195476 -0.0121812 0.9990453 -2.393546
0.9739892 0.2222994 0.04390839 125.9937 -0.2226373 0.9748969 0.002900235 -8.353982 -0.04216144 -0.01260044 0.9990314 -2.421007
0.9727615 0.2277081 0.0434058 127.5026 -0.2279859 0.9736634 0.001493591 -8.7381 -0.04192253 -0.01134882 0.9990564 -2.457429
0.9715648 0.2324793 0.04489022 128.9957 -0.2328005 0.9725225 0.001991404 -9.109726 -0.04319379 -0.01238524 0.9989899 -2.484382
0.970567 0.2367772 0.04400159 130.4827 -0.2371114 0.9714794 0.002462484 -9.485332 -0.04216358 -0.01282328 0.9990284 -2.542442
0.9696271 0.2405491 0.04426556 131.9423 -0.2408342 0.9705656 0.00114573 -9.867353 -0.04268703 -0.01177159 0.9990191 -2.578008
0.9686041 0.2448449 0.0430939 133.3908 -0.2450962 0.9694986 0.000565154 -10.25584 -0.0416411 -0.01110956 0.9990709 -2.603643
0.96764 0.2485096 0.04377022 134.816 -0.248658 0.9685889 -0.002107154 -10.6376 -0.04291901 -0.008844852 0.9990394 -2.628471
0.9667919 0.2515488 0.04512885 136.2341 -0.251726 0.9677968 -0.001805714 -11.02318 -0.04412979 -0.009614357 0.9989796 -2.664091
0.9658161 0.2551783 0.04564176 137.6143 -0.2552976 0.9668568 -0.003294697 -11.39744 -0.04496979 -0.008470162 0.9989524 -2.687283
0.9649644 0.2580778 0.04732379 138.9939 -0.2583202 0.966059 -0.001024791 -11.78097 -0.04598203 -0.01123581 0.9988791 -2.701094
0.9639185 0.2618529 0.04789736 140.332 -0.2621057 0.9650387 -0.001036105 -12.16939 -0.04649411 -0.01155545 0.9988517 -2.748716
0.9632173 0.264501 0.04745173 141.6741 -0.2648271 0.9642957 0.0006099222 -12.53747 -0.04559618 -0.01315399 0.9988734 -2.771089
0.9622743 0.2679975 0.04696415 142.9877 -0.2683752 0.9633126 0.001814208 -12.91737 -0.04475496 -0.01434978 0.9988949 -2.814842
0.9614013 0.2713063 0.04582955 144.2887 -0.2716659 0.9623902 0.001691956 -13.30082 -0.04364686 -0.01407697 0.9989479 -2.838581
0.9603055 0.2754211 0.0442345 145.5564 -0.2757697 0.9612221 0.001860511 -13.66919 -0.04200675 -0.01398519 0.9990194 -2.871194
0.9591373 0.279635 0.04312772 146.8339 -0.2799407 0.9600166 0.001095227 -14.05763 -0.04109706 -0.01312368 0.999069 -2.900393
0.9578663 0.2839073 0.04346184 148.0927 -0.2842477 0.9587492 0.001733336 -14.44973 -0.0411769 -0.01401423 0.9990536 -2.922117
0.9565243 0.288495 0.04280036 149.3458 -0.2888781 0.9573616 0.002919005 -14.83663 -0.0401333 -0.01515619 0.9990794 -2.952585
0.9551508 0.2929689 0.04308375 150.5721 -0.2933454 0.9560032 0.002550816 -15.23959 -0.04044088 -0.01507483 0.9990682 -2.981323
0.9536996 0.2974192 0.04470889 151.806 -0.2977831 0.9546324 0.001557898 -15.63206 -0.0422172 -0.01479932 0.9989988 -3.011939
0.9520941 0.3026759 0.04363621 153.0225 -0.3030047 0.9529886 0.0009691739 -16.03403 -0.04129147 -0.01414472 0.999047 -3.036919
0.9499093 0.3093431 0.0444884 154.2173 -0.3096865 0.9508384 0.000873351 -16.43858 -0.04203111 -0.01460706 0.9990095 -3.059282
0.9479045 0.3156143 0.04318228 155.4032 -0.3159661 0.9487695 0.001400573 -16.85779 -0.04052799 -0.01497175 0.9990662 -3.083141
0.9457805 0.3216724 0.04501206 156.5933 -0.3220541 0.9467204 0.001302562 -17.27057 -0.04219484 -0.01572825 0.9989856 -3.097489
0.9437019 0.3277712 0.04463988 157.7681 -0.3281584 0.9446217 0.001434261 -17.70247 -0.04169768 -0.01600247 0.9990021 -3.135208
0.941892 0.332722 0.04621265 158.931 -0.3331665 0.9428657 0.002047372 -18.12176 -0.04289113 -0.01732491 0.9989295 -3.141834
0.9401175 0.3378375 0.04521926 160.0954 -0.3383574 0.9410086 0.004151957 -18.55665 -0.04114903 -0.0192036 0.9989685 -3.191121
0.938366 0.3423126 0.04786819 161.2397 -0.3428816 0.9393703 0.003972111 -18.9985 -0.04360625 -0.02014042 0.9988458 -3.213403
0.9369546 0.3462172 0.04743171 162.4014 -0.3468201 0.937919 0.004871342 -19.44334 -0.04280056 -0.0210145 0.9988626 -3.243807
0.9357138 0.3492208 0.0498443 163.5483 -0.3499092 0.9367672 0.00554473 -19.88854 -0.04475617 -0.02262926 0.9987416 -3.272903
0.9349163 0.3513763 0.04966121 164.6859 -0.3520972 0.9359421 0.006312666 -20.31608 -0.0442619 -0.02338739 0.9987462 -3.302922
0.9341531 0.3531788 0.0512121 165.8196 -0.3539414 0.9352458 0.006374566 -20.76128 -0.04564454 -0.0240809 0.9986675 -3.336915
0.933292 0.3553664 0.05177499 166.9515 -0.3561087 0.9344277 0.005585037 -21.21265 -0.04639526 -0.02365 0.9986432 -3.36356
0.932521 0.3572709 0.05255628 168.0701 -0.3580258 0.933696 0.005406326 -21.66822 -0.04714006 -0.02385802 0.9986033 -3.395945
0.9314974 0.3598733 0.05295025 169.1742 -0.3605906 0.932714 0.004349211 -22.12226 -0.04782227 -0.02314464 0.9985877 -3.414857
0.931136 0.3605937 0.05438648 170.2925 -0.3613138 0.9324371 0.003703948 -22.56115 -0.04937635 -0.02309947 0.9985131 -3.45474
0.9307753 0.3614151 0.05510434 171.392 -0.3621475 0.9321139 0.003591525 -22.99155 -0.05006549 -0.0232988 0.9984741 -3.475947
0.9306148 0.361872 0.05481501 172.4483 -0.3625773 0.9319483 0.003171503 -23.42921 -0.04993708 -0.02282613 0.9984915 -3.516199
0.9304675 0.36225 0.05481925 173.5138 -0.3629558 0.9318011 0.003168916 -23.84336 -0.04993269 -0.02284554 0.9984913 -3.531645
0.9303498 0.3625574 0.05478404 174.5607 -0.3632135 0.9317034 0.002184487 -24.27477 -0.05025048 -0.02193064 0.9984958 -3.56783
0.9302775 0.3626803 0.05519734 175.5984 -0.3633215 0.9316623 0.001706643 -24.68372 -0.05080631 -0.02164203 0.998474 -3.58391
0.9299784 0.3634562 0.05513349 176.6066 -0.3641728 0.9313259 0.003202606 -25.09417 -0.05018324 -0.02305647 0.9984739 -3.620339
0.9296534 0.3646291 0.05282202 177.5851 -0.3653104 0.9308791 0.003530473 -25.49299 -0.0478836 -0.02257855 0.9985977 -3.646996
0.9286417 0.3668856 0.05495055 178.5595 -0.3677374 0.9299108 0.005922628 -25.88545 -0.04892618 -0.02570738 0.9984715 -3.660883
0.9277454 0.3693121 0.05382473 179.4943 -0.3700606 0.9289976 0.00430907 -26.29206 -0.04841166 -0.02391613 0.9985411 -3.710261
0.9268994 0.3711315 0.05584604 180.4346 -0.3717929 0.9283143 0.001575539 -26.67247 -0.05125795 -0.02222353 0.9984381 -3.729658
0.9262311 0.3731521 0.05341809 181.336 -0.3737159 0.927543 0.0006115921 -27.058 -0.04931936 -0.02052967 0.9985721 -3.753132
0.9257304 0.3740871 0.05551643 182.1928 -0.3746144 0.9271801 -0.0009756759 -27.41726 -0.05183872 -0.01989404 0.9984573 -3.78166
0.9252847 0.3755993 0.052662 183.0627 -0.3760718 0.9265901 -0.001008129 -27.77486 -0.04917474 -0.01887189 0.9986119 -3.797293
0.9248487 0.3764343 0.05433245 183.886 -0.3769413 0.9262366 -0.0009842496 -28.11886 -0.05069521 -0.01956986 0.9985224 -3.821206
0.9246013 0.3771208 0.05378026 184.6931 -0.3776885 0.9259326 0.0004235459 -28.45233 -0.04963717 -0.02070379 0.9985527 -3.839476
0.9247475 0.3765545 0.05521542 185.4858 -0.3774248 0.9260215 0.005887986 -28.79033 -0.04891352 -0.02628457 0.9984571 -3.840412
0.9248926 0.3757948 0.05789551 186.2617 -0.3767692 0.9262842 0.006532924 -29.12924 -0.05117266 -0.02785549 0.9983013 -3.876179
0.9255382 0.3738046 0.06040758 187.0137 -0.3747812 0.927098 0.00530975 -29.44226 -0.05401894 -0.027554 0.9981596 -3.902407
0.9267564 0.3709374 0.05939803 187.7558 -0.3718712 0.9282703 0.005115972 -29.75054 -0.05323971 -0.02682967 0.9982213 -3.917142
0.9281055 0.3669573 0.06294799 188.4895 -0.3680035 0.9298081 0.005500898 -30.04704 -0.05651096 -0.0282705 0.9980016 -3.932154
0.9299382 0.3620111 0.06452015 189.1808 -0.3633216 0.9316156 0.009476481 -30.32663 -0.05667739 -0.03225411 0.9978714 -3.973715
0.9319189 0.3570302 0.06369238 189.8886 -0.3584603 0.9334644 0.01226113 -30.59397 -0.05507698 -0.03425758 0.9978942 -3.995706
0.9339257 0.3520387 0.06206055 190.5663 -0.3534927 0.9353341 0.01389174 -30.86809 -0.05315692 -0.03491181 0.9979757 -4.023161
0.936107 0.3461055 0.06256743 191.2444 -0.3476318 0.9375099 0.01507521 -31.12212 -0.05343997 -0.03586243 0.9979269 -4.042778
0.9383006 0.3399412 0.06349725 191.9155 -0.3414111 0.9398154 0.01361021 -31.3719 -0.05504903 -0.03444914 0.9978892 -4.066342
0.9407821 0.3329662 0.06373853 192.5621 -0.3344467 0.9423128 0.01385493 -31.60586 -0.05544841 -0.03435161 0.9978704 -4.092978
0.9429193 0.3269408 0.06334697 193.2094 -0.3284011 0.9444361 0.01390923 -31.84199 -0.05527966 -0.0339185 0.9978946 -4.127875
0.9451057 0.3206193 0.06307565 193.8676 -0.3221284 0.9465748 0.01514387 -32.06178 -0.05485041 -0.03463101 0.9978939 -4.13619
0.9474169 0.3134147 0.06459449 194.5044 -0.3150609 0.9489222 0.01684122 -32.27517 -0.05601685 -0.03630685 0.9977695 -4.174524
0.9494805 0.3073256 0.06354293 195.1452 -0.3089945 0.9508913 0.0181147 -32.49263 -0.05485531 -0.03683398 0.9978147 -4.183504
0.9514871 0.3009867 0.06386904 195.7761 -0.3026191 0.9529525 0.01741278 -32.69378 -0.05562315 -0.03589603 0.9978064 -4.219365
0.9536056 0.2944549 0.06271178 196.4017 -0.2960477 0.9550104 0.01762399 -32.89485 -0.05470095 -0.03537202 0.997876 -4.241431
0.9555411 0.2882912 0.06188277 197.0192 -0.2897405 0.9569767 0.01569207 -33.08957 -0.05469647 -0.03292436 0.99796 -4.273053
0.9572468 0.2827928 0.06088281 197.6345 -0.2841162 0.9586859 0.01412351 -33.281 -0.05437346 -0.03081748 0.998045 -4.293265
0.9588473 0.2772862 0.06102676 198.242 -0.2784905 0.9603637 0.01203357 -33.44361 -0.05527113 -0.02853373 0.9980636 -4.303797
0.9599173 0.2742928 0.05763844 198.8218 -0.2754294 0.9612383 0.01264465 -33.61121 -0.05193593 -0.02801315 0.9982575 -4.337041
0.9603608 0.2729037 0.05683925 199.4159 -0.2742389 0.9615105 0.01703889 -33.79075 -0.05000157 -0.03195102 0.9982379 -4.341199
0.9604886 0.2728242 0.05503244 199.989 -0.2742093 0.9614769 0.01927518 -33.95872 -0.04765368 -0.033604 0.9982985 -4.36961
0.9603928 0.2732424 0.05462842 200.5526 -0.2746933 0.9613035 0.020951 -34.1253 -0.0467898 -0.03512726 0.9982869 -4.390873
0.960095 0.2749744 0.05105543 201.1304 -0.2763955 0.960766 0.02310957 -34.30759 -0.04269778 -0.03629887 0.9984284 -4.435061
0.9596286 0.2773358 0.04688085 201.695 -0.2785208 0.9602039 0.02085532 -34.47533 -0.03923124 -0.03307065 0.9986827 -4.440707
0.9583356 0.2817449 0.04703879 202.2384 -0.2828973 0.9589452 0.01982594 -34.64455 -0.03952177 -0.03230704 0.9986963 -4.46289
0.9566724 0.287281 0.04740867 202.7779 -0.2883267 0.9573852 0.01678332 -34.82129 -0.04056682 -0.02972532 0.9987346 -4.481372
0.9544411 0.2942451 0.04961903 203.2973 -0.2952955 0.955285 0.01520073 -34.99214 -0.04292757 -0.02916048 0.9986525 -4.493966
0.9521731 0.3019859 0.04659322 203.8022 -0.3028456 0.952958 0.01248217 -35.17319 -0.04063193 -0.02599573 0.998836 -4.524629
0.9489106 0.3118443 0.04818578 204.3046 -0.3126856 0.9497949 0.01084607 -35.34061 -0.04238432 -0.02535895 0.9987795 -4.539876
0.9455528 0.3221159 0.04659766 204.7953 -0.3229646 0.9463376 0.01179819 -35.52645 -0.04029673 -0.0262052 0.9988441 -4.54143
0.9418489 0.3326005 0.04793209 205.2621 -0.3334792 0.9426881 0.0114437 -35.70762 -0.04137883 -0.02676259 0.998785 -4.55932
0.9382653 0.3426951 0.04709975 205.7314 -0.3436016 0.9390327 0.01247453 -35.89701 -0.03995324 -0.02788796 0.9988123 -4.569633
0.9344813 0.3525676 0.04940404 206.1932 -0.3534352 0.9354076 0.009798911 -36.08692 -0.04275814 -0.02661803 0.9987308 -4.583047
0.9306468 0.362564 0.04943465 206.6254 -0.3634422 0.9315652 0.009797689 -36.26841 -0.04249931 -0.02708483 0.9987293 -4.59704
0.9265898 0.3725791 0.05114694 207.0516 -0.3734535 0.9276108 0.008403129 -36.45719 -0.04431362 -0.02688726 0.9986558 -4.603677
0.9224472 0.3826309 0.051814 207.4625 -0.3834829 0.9235195 0.007249869 -36.64617 -0.04507722 -0.02655741 0.9986305 -4.626111
0.9181896 0.3927922 0.05140115 207.8698 -0.3935814 0.9192713 0.005830772 -36.83502 -0.04496133 -0.02558429 0.998661 -4.645483
0.9139929 0.4024353 0.05160155 208.2635 -0.4032238 0.9150852 0.005447972 -37.01903 -0.04502736 -0.02578638 0.9986529 -4.646659
0.9101114 0.4111831 0.05124079 208.6397 -0.4119537 0.9111907 0.005026921 -37.19427 -0.04462316 -0.02568389 0.9986737 -4.654674
0.9060934 0.4200219 0.05075731 209.0122 -0.4207844 0.9071476 0.004888716 -37.37553 -0.043991 -0.02578751 0.9986991 -4.673383
0.9019617 0.4288195 0.05078189 209.3832 -0.4295537 0.9030325 0.003999351 -37.56546 -0.0441427 -0.02542081 0.9987018 -4.672015
0.8982365 0.4364688 0.05163568 209.7129 -0.4372128 0.8993511 0.003520869 -37.73814 -0.04490186 -0.02573836 0.9986598 -4.682865
0.8945197 0.44401 0.05186093 210.0327 -0.4447923 0.8956246 0.004032084 -37.91772 -0.04465764 -0.02667412 0.9986462 -4.691318
0.8904155 0.4521096 0.0525077 210.3565 -0.4528785 0.8915668 0.003125409 -38.10125 -0.04540109 -0.02656252 0.9986156 -4.705532
0.8871275 0.458426 0.05338922 210.6608 -0.4591963 0.8883314 0.002461847 -38.26546 -0.04629875 -0.0267001 0.9985707 -4.71061
0.88318 0.4659674 0.05354781 210.9643 -0.4667113 0.8844082 0.001581951 -38.43624 -0.04662099 -0.02638851 0.998564 -4.723851
0.8795545 0.4727112 0.05411055 211.248 -0.4734342 0.8808289 0.0006184848 -38.59882 -0.04736977 -0.02616178 0.9985347 -4.725745
0.8762003 0.4789372 0.05377829 211.5333 -0.4796633 0.8774523 0.0006805658 -38.76039 -0.04686194 -0.02639179 0.9985527 -4.7386
0.8725314 0.4855931 0.05374344 211.7805 -0.4863245 0.873778 0.0006086463 -38.90957 -0.04666428 -0.02666781 0.9985546 -4.741046
0.8692378 0.4915192 0.05324105 212.0394 -0.492249 0.8704543 0.0006854367 -39.05958 -0.04600699 -0.02680366 0.9985815 -4.753284
0.8665684 0.4961216 0.05406076 212.2845 -0.4968724 0.8678235 0.0005178964 -39.21033 -0.04665826 -0.02731009 0.9985375 -4.753971
0.8643661 0.4999143 0.05437843 212.5169 -0.5006753 0.8656352 0.0004278319 -39.34682 -0.046858 -0.02759574 0.9985203 -4.763449
0.8627649 0.5026577 0.05451536 212.7284 -0.5034248 0.8640389 0.0003920011 -39.47979 -0.04690635 -0.02778259 0.9985129 -4.769011
0.8614168 0.5050241 0.05396047 212.9251 -0.5057896 0.8626567 0.0006142957 -39.60035 -0.04623913 -0.02782181 0.9985429 -4.772327
0.8600075 0.5073888 0.05425613 213.1266 -0.5081787 0.8612511 0.0008889465 -39.72323 -0.04627712 -0.02833631 0.9985266 -4.772308
0.8586133 0.5096999 0.05467382 213.3053 -0.5105296 0.8598591 0.001416738 -39.83483 -0.04628967 -0.02912904 0.9985033 -4.777318
0.857491 0.5115541 0.0549684 213.456 -0.5123928 0.8587502 0.001363845 -39.93897 -0.04650644 -0.0293349 0.9984872 -4.783165
0.8562494 0.5135552 0.05566067 213.6238 -0.5144079 0.8575448 0.001164468 -40.03814 -0.0471335 -0.02962936 0.9984491 -4.782726
0.8555441 0.514711 0.05583016 213.7484 -0.5155484 0.8568603 0.0007006414 -40.12305 -0.04747801 -0.02938258 0.99844 -4.791539
0.8543438 0.5166337 0.05644656 213.8673 -0.5174959 0.8556854 0.0007708753 -40.20506 -0.04790224 -0.02986946 0.9984053 -4.795397
0.8534688 0.5180213 0.05696365 213.9765 -0.5189182 0.8548231 0.001123185 -40.27166 -0.04811201 -0.03051808 0.9983756 -4.796098
0.8527514 0.5192115 0.0568715 214.0745 -0.5201094 0.8540988 0.001161115 -40.341 -0.04797103 -0.03056954 0.9983808 -4.800513
0.8519769 0.5205167 0.05654832 214.17 -0.5214275 0.853294 0.001598102 -40.3969 -0.04742051 -0.03084739 0.9983986 -4.806588
0.851718 0.5209633 0.05633558 214.2504 -0.5219083 0.8529979 0.002451335 -40.44704 -0.04677708 -0.03148986 0.9984089 -4.809649
0.8511466 0.5218875 0.05641736 214.3118 -0.5228705 0.8524063 0.003178785 -40.49379 -0.04643154 -0.03220458 0.9984022 -4.801679
0.8508512 0.5223258 0.05681656 214.3856 -0.5233295 0.8521239 0.003331713 -40.53349 -0.04667451 -0.03256858 0.9983791 -4.808883
0.8501174 0.5235342 0.05667697 214.4469 -0.524534 0.8513831 0.003305617 -40.57741 -0.04652322 -0.03253916 0.9983871 -4.810431
0.8497716 0.5241074 0.05656648 214.5158 -0.5251185 0.8510215 0.003609189 -40.62249 -0.04624769 -0.0327711 0.9983923 -4.81398
0.8494215 0.5247528 0.05583502 214.5788 -0.5257648 0.85062 0.004132329 -40.66063 -0.04532593 -0.03286618 0.9984314 -4.814903
0.848915 0.5255661 0.05588953 214.6462 -0.5266082 0.8500949 0.004733566 -40.70541 -0.0450236 -0.03345028 0.9984257 -4.816766
0.8482681 0.5266 0.05597909 214.7143 -0.5276523 0.8494464 0.004859506 -40.74675 -0.04499222 -0.03365966 0.9984201 -4.816028
0.8481159 0.5268389 0.05603796 214.7672 -0.5278987 0.8492928 0.004974193 -40.78239 -0.04497204 -0.03380106 0.9984162 -4.823494
0.8476704 0.5275816 0.05578954 214.8396 -0.5286306 0.848838 0.004896183 -40.82928 -0.04477314 -0.0336424 0.9984306 -4.822314
0.8471928 0.5283434 0.05583457 214.9041 -0.5293914 0.848364 0.004817973 -40.8748 -0.04482249 -0.03364009 0.9984284 -4.82086
0.8467721 0.5289643 0.05633668 214.9686 -0.5300131 0.8479778 0.004442342 -40.91414 -0.04542242 -0.03362083 0.9984019 -4.821311
0.8462553 0.5297695 0.05653485 215.0321 -0.5308336 0.8474636 0.004604322 -40.958 -0.045472 -0.03390703 0.99839 -4.826228
0.8457906 0.5305519 0.05615099 215.0969 -0.5315738 0.8470029 0.003937386 -41.00092 -0.04547106 -0.03317859 0.9984145 -4.827866
0.845525 0.5309478 0.05640749 215.1512 -0.531988 0.8467417 0.004138748 -41.03622 -0.04556512 -0.03350752 0.9983993 -4.827461
0.8450738 0.5317184 0.05591019 215.2191 -0.5327309 0.8462759 0.003871965 -41.08368 -0.04525665 -0.03305718 0.9984283 -4.830293
0.8446273 0.532418 0.05599865 215.2798 -0.5334375 0.8458304 0.003939056 -41.12335 -0.04526813 -0.03319881 0.9984231 -4.833427
0.8443754 0.5328472 0.05571492 215.3313 -0.5338641 0.8455607 0.004076434 -41.15787 -0.04493822 -0.03318623 0.9984384 -4.833868
0.8440008 0.5334581 0.05554431 215.4009 -0.5344619 0.8451836 0.003893809 -41.19782 -0.04486795 -0.03297269 0.9984486 -4.834976
0.8436842 0.5339585 0.05554479 215.4449 -0.5349693 0.8448619 0.004030936 -41.23746 -0.04477533 -0.0331156 0.9984481 -4.83626
0.842991 0.5350249 0.05580722 215.5005 -0.5360393 0.8441842 0.003883126 -41.27465 -0.045034 -0.0331883 0.998434 -4.836291
0.8426389 0.5355768 0.05583275 215.5561 -0.5366008 0.8438264 0.004061794 -41.31187 -0.04493775 -0.03338252 0.9984319 -4.840691
0.842348 0.5360259 0.05591132 215.604 -0.5370345 0.8435526 0.003645551 -41.3417 -0.04521003 -0.03309713 0.9984291 -4.841382
0.8418629 0.5367807 0.05597714 215.6563 -0.5377874 0.8430731 0.003536073 -41.37742 -0.04529472 -0.03308069 0.9984258 -4.841641
0.8415489 0.5372673 0.05602934 215.7111 -0.5382538 0.8427773 0.003036644 -41.41122 -0.04558877 -0.03271349 0.9984245 -4.841828
0.8413063 0.53759 0.05657445 215.7573 -0.5385872 0.8425649 0.002868269 -41.43778 -0.0461257 -0.03288336 0.9983943 -4.842366
0.8409539 0.5381175 0.05679887 215.7859 -0.5391206 0.8422239 0.002822154 -41.46617 -0.04631871 -0.03299474 0.9983817 -4.842444
0.8409451 0.5380894 0.05719436 215.8212 -0.5391191 0.8422238 0.003111033 -41.48538 -0.04649643 -0.03345078 0.9983582 -4.843609
0.8406273 0.5385943 0.05711355 215.8461 -0.5396107 0.8419098 0.002864932 -41.5049 -0.04654142 -0.03322742 0.9983636 -4.846832
0.8406475 0.5385352 0.0573729 215.8662 -0.5395637 0.8419397 0.002941355 -41.51759 -0.04672049 -0.03342898 0.9983485 -4.844086
0.8404123 0.538923 0.05717696 215.8882 -0.5399455 0.8416948 0.002938922 -41.53006 -0.0465417 -0.03334234 0.9983597 -4.844332
0.8403155 0.5390748 0.05716861 215.902 -0.540108 0.8415898 0.003169684 -41.54473 -0.04640382 -0.03354076 0.9983595 -4.847353
0.8402385 0.5392082 0.05704197 215.9092 -0.5402316 0.8415109 0.003046755 -41.54991 -0.0463586 -0.03337587 0.9983671 -4.846846
0.8401864 0.5392703 0.05722131 215.903 -0.5402927 0.8414721 0.002894355 -41.54893 -0.0465893 -0.03334805 0.9983573 -4.848083
0.840143 0.5393298 0.05729781 215.9142 -0.5403659 0.8414245 0.003130127 -41.55159 -0.0465236 -0.03359153 0.9983522 -4.842897
0.8401027 0.5394161 0.0570773 215.9167 -0.5404614 0.8413615 0.00348874 -41.55237 -0.04614076 -0.03377897 0.9983637 -4.847352
0.8402631 0.5391983 0.05677275 215.9041 -0.5402399 0.8415031 0.00363895 -41.55138 -0.04581233 -0.03372858 0.9983805 -4.850407
0.8401175 0.5394159 0.05685978 215.92 -0.5404497 0.8413694 0.003397335 -41.55442 -0.0460075 -0.03358401 0.9983764 -4.843915
0.8402976 0.5391462 0.05675727 215.9073 -0.5401769 0.8415446 0.003414685 -41.54901 -0.04592276 -0.03352831 0.9983822 -4.845788
0.8403184 0.5390996 0.05689139 215.9105 -0.5401539 0.8415574 0.003830051 -41.55148 -0.0458126 -0.03394857 0.998373 -4.846237
0.8402456 0.5392112 0.05690902 215.9105 -0.5402576 0.8414918 0.003642155 -41.55536 -0.04592459 -0.03380583 0.9983727 -4.847618
0.840371 0.5390247 0.05682528 215.9108 -0.5400522 0.8416249 0.003300792 -41.55003 -0.04604637 -0.03346251 0.9983787 -4.844939
0.8402692 0.5391731 0.05692121 215.914 -0.5402213 0.8415151 0.003673324 -41.55095 -0.04591949 -0.03383663 0.9983719 -4.845722
0.840315 0.5391272 0.05667919 215.9117 -0.5401585 0.8415561 0.003484547 -41.55508 -0.04582011 -0.03354387 0.9983864 -4.845686
0.8402102 0.5392832 0.05674924 215.9112 -0.5403166 0.8414547 0.003475982 -41.55249 -0.04587737 -0.03358311 0.9983824 -4.847599
0.8401552 0.5393463 0.05696284 215.9169 -0.5403882 0.8414086 0.003501159 -41.5537 -0.04604069 -0.03372357 0.9983702 -4.846132
0.8401271 0.5393989 0.05687981 215.9106 -0.5404378 0.8413767 0.003494441 -41.55313 -0.04597245 -0.03367577 0.9983749 -4.845371
0.8401524 0.539352 0.05695048 215.9119 -0.5404034 0.8413978 0.003716854 -41.55169 -0.04591332 -0.03389896 0.9983701 -4.845325
0.8400561 0.5394949 0.05701815 215.9102 -0.5405334 0.8413157 0.003378996 -41.54895 -0.04614732 -0.03365876 0.9983674 -4.844458
0.8400071 0.5395954 0.05678755 215.9146 -0.5406395 0.8412465 0.003666716 -41.55703 -0.04579378 -0.03378166 0.9983795 -4.845674
0.8401761 0.5393167 0.05693528 215.9087 -0.5403528 0.8414317 0.003394014 -41.5477 -0.0460767 -0.03361671 0.9983721 -4.846842
0.840222 0.5392176 0.05719581 215.9169 -0.540261 0.8414906 0.003368231 -41.54972 -0.04631354 -0.03373073 0.9983573 -4.847545
0.8401767 0.5393233 0.05686425 215.9095 -0.5403644 0.8414235 0.003557052 -41.54881 -0.04592852 -0.03371597 0.9983756 -4.847557
0.8402138 0.5392396 0.05710865 215.9077 -0.5402836 0.8414758 0.003443261 -41.54692 -0.04619881 -0.03374795 0.998362 -4.843546
0.8400697 0.5394874 0.05688837 215.9077 -0.5405303 0.8413169 0.003573007 -41.55074 -0.04593356 -0.03375147 0.9983742 -4.848301
0.8401073 0.5394242 0.05693213 215.9112 -0.5404713 0.8413547 0.003630769 -41.54965 -0.04594158 -0.03382041 0.9983714 -4.846543
0.8400564 0.5395098 0.05687147 215.9086 -0.5405577 0.8412988 0.003692133 -41.55291 -0.04585396 -0.03384391 0.9983747 -4.848143
0.8402615 0.539183 0.05694073 215.9114 -0.5402292 0.8415102 0.003613528 -41.55154 -0.04596785 -0.03379735 0.998371 -4.846877
0.8401092 0.5394056 0.05708085 215.9104 -0.5404626 0.8413597 0.003739302 -41.55037 -0.04600853 -0.03399149 0.9983625 -4.847514
0.8401927 0.5393114 0.05673977 215.9091 -0.5403516 0.8414315 0.003629387 -41.55511 -0.04578526 -0.03370881 0.9983824 -4.846887
0.8401157 0.5394287 0.05676648 215.9122 -0.5404698 0.8413557 0.003626029 -41.55624 -0.04580481 -0.03372685 0.9983809 -4.847019
0.84012 0.5394029 0.05694643 215.9064 -0.5404521 0.8413668 0.00366699 -41.55151 -0.04593486 -0.03385753 0.9983705 -4.846273
0.8402077 0.5392627 0.05697981 215.9206 -0.5403027 0.8414636 0.003448825 -41.55433 -0.04608662 -0.03368408 0.9983694 -4.847284
0.8402552 0.539205 0.0568262 215.9172 -0.540239 0.8415047 0.003433099 -41.55255 -0.04596837 -0.03358441 0.9983782 -4.84637
0.8401772 0.5393198 0.05688915 215.9063 -0.5403512 0.841433 0.003327874 -41.54643 -0.04607362 -0.03353613 0.9983749 -4.847472
0.8402089 0.5392669 0.05692273 215.909 -0.5403076 0.8414602 0.003506108 -41.54463 -0.04600749 -0.03370165 0.9983724 -4.847528
0.8401659 0.5393361 0.05690228 215.912 -0.5403727 0.8414186 0.003431538 -41.55188 -0.04602789 -0.0336315 0.9983739 -4.844807
0.8402739 0.539168 0.05690066 215.9051 -0.5402043 0.8415271 0.003429544 -41.54704 -0.04603434 -0.03361973 0.9983739 -4.847277
0.8402765 0.539171 0.05683297 215.9102 -0.5402063 0.8415254 0.003455 -41.54935 -0.04596357 -0.03360468 0.9983777 -4.84523
0.8402105 0.5392764 0.05680884 215.9089 -0.5403135 0.8414563 0.00351133 -41.5494 -0.04590859 -0.03364485 0.9983789 -4.844972
0.8402399 0.5392046 0.05705447 215.912 -0.5402541 0.8414942 0.003602403 -41.54959 -0.04606858 -0.0338508 0.9983646 -4.847533
0.8401566 0.5393469 0.05693585 215.9086 -0.5403942 0.8414042 0.003635499 -41.55124 -0.04594526 -0.03382219 0.9983712 -4.847617
0.8401955 0.5392699 0.05709046 215.9094 -0.5403235 0.8414494 0.003661031 -41.54877 -0.04606446 -0.03392331 0.9983623 -4.847495
0.8403009 0.5391259 0.05689981 215.9079 -0.540161 0.8415549 0.003405679 -41.54914 -0.04604822 -0.03359685 0.9983741 -4.846056
0.8401284 0.5393918 0.05692792 215.9074 -0.5404358 0.8413777 0.003571815 -41.55098 -0.04597128 -0.03376667 0.9983719 -4.846696
0.8402573 0.5391603 0.05721824 215.9134 -0.5402032 0.8415279 0.003343206 -41.5501 -0.04634823 -0.03371863 0.9983561 -4.84491
0.8401544 0.5393729 0.05672267 215.9118 -0.5404056 0.8413975 0.003476654 -41.55241 -0.0458511 -0.03357418 0.9983839 -4.843344
0.8399827 0.53962 0.05691341 215.9116 -0.5406594 0.8412342 0.003473462 -41.55311 -0.04600317 -0.03368842 0.9983731 -4.843987
0.8400477 0.5395081 0.05701615 215.9085 -0.5405524 0.841303 0.003508274 -41.54952 -0.04607512 -0.03376734 0.9983671 -4.844801
0.8401951 0.5392816 0.05698738 215.9177 -0.5403311 0.8414447 0.003650656 -41.55074 -0.04598299 -0.03385931 0.9983682 -4.845812
0.8402028 0.5392834 0.05685601 215.9152 -0.5403209 0.8414519 0.003484884 -41.55436 -0.04596225 -0.0336485 0.9983763 -4.847735
0.8401909 0.5392864 0.05700378 215.912 -0.5403358 0.8414416 0.003634232 -41.55371 -0.04600547 -0.03385463 0.9983674 -4.844394
0.840277 0.5391541 0.0569859 215.9105 -0.5402009 0.8415283 0.003595746 -41.55306 -0.04601659 -0.03380526 0.9983685 -4.844071
0.8403154 0.5391014 0.05691801 215.9084 -0.5401434 0.8415654 0.00354429 -41.54881 -0.0459895 -0.03372221 0.9983726 -4.844673
0.8401513 0.5393668 0.05682701 215.9037 -0.5404074 0.841396 0.003570028 -41.55045 -0.04588846 -0.0337091 0.9983777 -4.845999
0.8402205 0.5392584 0.05683264 215.904 -0.5402913 0.8414711 0.003404503 -41.54721 -0.04598712 -0.03356672 0.9983779 -4.845184
0.8403597 0.539037 0.05687395 215.9157 -0.5400735 0.8416106 0.00345718 -41.55121 -0.04600218 -0.03362139 0.9983754 -4.843472
0.840329 0.5390688 0.05702682 215.9155 -0.5401185 0.8415811 0.003631514 -41.54993 -0.04603506 -0.03385291 0.9983661 -4.846356
0.8402048 0.5392632 0.05701722 215.9096 -0.5403043 0.8414626 0.003445698 -41.55118 -0.04611972 -0.03370174 0.9983672 -4.843521
0.8402165 0.539259 0.05688576 215.9122 -0.5403048 0.8414615 0.003645256 -41.554 -0.04590144 -0.03379846 0.998374 -4.845967
0.8401833 0.539314 0.0568553 215.9093 -0.5403351 0.841444 0.003130058 -41.54943 -0.04615247 -0.03335074 0.9983775 -4.843563
0.8402472 0.5392092 0.05690393 215.912 -0.5402541 0.8414943 0.003612367 -41.54987 -0.04593651 -0.03377786 0.9983732 -4.843636
0.8402629 0.5391717 0.05702718 215.9103 -0.5402131 0.8415211 0.003447286 -41.54904 -0.0461309 -0.03370345 0.9983667 -4.844762
0.8401577 0.5393466 0.05692469 215.9136 -0.5403849 0.8414111 0.003451163 -41.55288 -0.04603568 -0.03366076 0.9983725 -4.843366
0.8401612 0.5393308 0.05702125 215.9141 -0.5403873 0.8414079 0.003776393 -41.55353 -0.0459414 -0.03398634 0.9983658 -4.845431
0.8402192 0.5392316 0.05710461 215.9107 -0.5402748 0.8414816 0.003427583 -41.54954 -0.04620422 -0.0337321 0.9983623 -4.846034
0.8401408 0.5393642 0.05700584 215.9116 -0.5404076 0.8413961 0.003501279 -41.55416 -0.04607602 -0.03374796 0.9983677 -4.845822
0.8403141 0.5390951 0.05699696 215.9128 -0.5401313 0.8415741 0.003358763 -41.54776 -0.04615647 -0.03360825 0.9983687 -4.844737
0.8401613 0.5393351 0.05698022 215.9118 -0.5403789 0.8414146 0.003528759 -41.55235 -0.0460408 -0.03375563 0.9983691 -4.844074
0.8401386 0.5393555 0.05712109 215.9138 -0.5404062 0.8413967 0.003574241 -41.55191 -0.04613371 -0.03387145 0.9983609 -4.845619
0.8402402 0.5392143 0.05695907 215.911 -0.540251 0.8414972 0.003394303 -41.54884 -0.04610064 -0.03362422 0.9983708 -4.843004
0.840145 0.539355 0.05703194 215.9187 -0.5404059 0.8413967 0.003643731 -41.55485 -0.04602122 -0.03388166 0.9983657 -4.844904
0.8403109 0.5390961 0.05703619 215.9164 -0.5401443 0.8415648 0.003591392 -41.54834 -0.04606354 -0.03382565 0.9983656 -4.842593
0.840404 0.5389495 0.05704862 215.9139 -0.5399987 0.8416581 0.003608081 -41.54876 -0.04607086 -0.03383842 0.9983649 -4.84515
0.8402091 0.5392551 0.05703115 215.9155 -0.5403001 0.8414649 0.003520518 -41.55372 -0.04609126 -0.03377191 0.9983662 -4.845452
0.8401917 0.5392891 0.05696595 215.9116 -0.5403383 0.8414401 0.003656269 -41.55283 -0.04596164 -0.03385285 0.9983695 -4.843858
0.8402078 0.5392759 0.05685326 215.9035 -0.5402982 0.8414679 0.00315608 -41.55257 -0.04613819 -0.03336947 0.9983776 -4.844863
0.8402581 0.5391536 0.05726967 215.9182 -0.5402164 0.8415177 0.003734562 -41.55032 -0.04617995 -0.03407602 0.9983518 -4.84585
0.8400801 0.5394652 0.05694535 215.905 -0.5405116 0.8413287 0.003607724 -41.55037 -0.04596352 -0.0338104 0.9983708 -4.845369
0.8400534 0.5395115 0.05690052 215.9073 -0.5405474 0.8413067 0.003411516 -41.55342 -0.04603024 -0.03362329 0.998374 -4.843632
0.8402646 0.5391777 0.05694718 215.9096 -0.5402148 0.8415203 0.00341473 -41.54731 -0.04608106 -0.03363299 0.9983714 -4.847314
0.8402506 0.5391754 0.05717471 215.9105 -0.5402147 0.8415209 0.003294115 -41.5454 -0.0463376 -0.0336545 0.9983587 -4.845712
0.8402773 0.5391467 0.05705078 215.9137 -0.5401928 0.841534 0.003531935 -41.55089 -0.04610594 -0.03378622 0.998365 -4.841661
0.8402296 0.5392328 0.05693988 215.9148 -0.5402774 0.8414792 0.003580324 -41.55226 -0.0459831 -0.03377163 0.9983712 -4.848537
0.8400965 0.5394374 0.05696774 215.9185 -0.5404776 0.8413514 0.003457275 -41.5545 -0.0460649 -0.03369423 0.9983701 -4.847407
0.8401686 0.5393054 0.05715233 215.9092 -0.5403491 0.8414341 0.003401376 -41.54764 -0.04625553 -0.03373994 0.9983597 -4.844975
0.8402556 0.5391937 0.0569264 215.8998 -0.54022 0.8415178 0.00319322 -41.54524 -0.04618281 -0.0334359 0.9983733 -4.844234
0.8403176 0.5390917 0.056977 215.9043 -0.5401177 0.8415835 0.003154843 -41.54327 -0.04625015 -0.03342536 0.9983705 -4.840627
0.8403754 0.5389906 0.05708112 215.9129 -0.5400224 0.8416446 0.003205571 -41.54906 -0.04631424 -0.03351897 0.9983644 -4.843307
0.8403412 0.5390388 0.05713017 215.9126 -0.5400795 0.8416072 0.003362967 -41.54562 -0.0462684 -0.03368087 0.9983611 -4.84413
0.8402035 0.5392491 0.05717092 215.9131 -0.5402931 0.8414701 0.003398028 -41.55056 -0.04627524 -0.03374409 0.9983586 -4.845844
0.8402331 0.5391985 0.05721384 215.9103 -0.5402444 0.8415012 0.003409374 -41.54462 -0.04630718 -0.03377412 0.9983561 -4.845018
0.8402477 0.5391769 0.05720216 215.9172 -0.5402156 0.8415203 0.003262427 -41.54987 -0.04637776 -0.03364275 0.9983573 -4.845433
0.8401731 0.539317 0.05697703 215.9077 -0.5403482 0.8414351 0.003261754 -41.55157 -0.04618336 -0.03352788 0.9983702 -4.847122
0.8401737 0.5392783 0.05733201 215.9044 -0.5403218 0.8414521 0.003265142 -41.54566 -0.04648132 -0.03372101 0.9983498 -4.842629
0.8401562 0.539341 0.05699813 215.907 -0.540374 0.8414185 0.003281215 -41.55403 -0.04618958 -0.03355704 0.9983689 -4.843384
0.8401806 0.5392634 0.05737109 215.9097 -0.5403087 0.8414606 0.003276546 -41.54574 -0.04650859 -0.03375098 0.9983475 -4.848545
