1.0 0.0 0.0 0.0 0.0 1.0 0.0 0.0 0.0 0.0 1.0 0.0
0.9999951 -0.001126895 0.002939961 1.832152 0.001112032 0.9999866 0.005052062 -0.004979667 -0.002945615 -0.005048768 0.9999829 -0.05494482
0.9999874 -0.001480132 0.004807463 3.302684 0.001446352 0.9999744 0.007022446 -0.009067675 -0.004817734 -0.007015404 0.9999638 -0.06704842
0.9999383 -0.008828355 0.00673994 4.907761 0.008776277 0.9999316 0.007717695 -0.02713268 -0.006807615 -0.007658067 0.9999475 -0.0809865
0.9999529 -0.009580601 0.00158463 6.581406 0.009574035 0.9999458 0.00410028 -0.02584649 -0.001623827 -0.004084915 0.9999903 -0.1122537
0.9998208 -0.009955801 0.01609764 8.587967 0.009895915 0.9999439 0.003795597 -0.03023077 -0.01613452 -0.003635616 0.9998632 -0.1638271
0.9999416 -0.01000165 -0.004078985 10.48585 0.009996225 0.9999492 -0.001349382 -0.03100291 0.004092273 0.001308529 0.9999908 -0.09730452
0.9998791 -0.01024867 0.01169383 12.30957 0.01023921 0.9999473 0.0008690927 -0.006179044 -0.01170212 -0.0007492521 0.9999313 -0.3584339
0.9999429 -0.01060815 -0.001297628 14.1837 0.01060782 0.9999436 -0.0002591343 -0.02731804 0.001300304 0.0002453545 0.9999991 -0.1911094
0.9999387 -0.01069344 0.00289296 16.01437 0.01068416 0.9999378 0.003203365 -0.02277258 -0.002927036 -0.00317226 0.9999907 -0.269818
0.9999309 -0.01165914 0.001507501 17.83321 0.01165823 0.9999318 0.0006058219 -0.01933644 -0.001514462 -0.0005882052 0.9999987 -0.2995992
0.9999129 -0.01171297 0.006076771 19.68353 0.01168483 0.9999208 0.00464524 -0.01598879 -0.0061307 -0.00457383 0.9999707 -0.251499
0.9999277 -0.01183361 -0.002123839 21.53001 0.01184991 0.9998991 0.007833784 -0.01615823 0.002030923 -0.007858385 0.999967 -0.2874897
0.9999323 -0.01108622 0.003517379 23.33787 0.01105436 0.9998988 0.008950996 -0.01234063 -0.003616255 -0.008911508 0.9999537 -0.4563508
0.999926 -0.01193331 0.002386911 25.16908 0.01191763 0.9999081 0.006477479 -0.009562864 -0.002463989 -0.006448553 0.9999762 -0.4707626
0.9999252 -0.01219194 0.0009916086 27.02755 0.01219113 0.9999254 0.0008192262 -0.003547793 -0.001001523 -0.0008070761 0.9999992 -0.383034
0.9999124 -0.01314996 0.001527672 28.81914 0.0131364 0.9998771 0.008575012 0.004561629 -0.001640245 -0.008554193 0.9999621 -0.5671524
0.9999106 -0.01332388 0.001157221 30.66873 0.01332341 0.9999113 0.0004122806 0.008358737 -0.001162611 -0.0003968256 0.9999992 -0.4669299
0.9999155 -0.01271329 0.002706476 32.44337 0.01268569 0.9998696 0.009981976 0.007383556 -0.002833026 -0.0099468 0.9999465 -0.6124964
0.9999065 -0.01354124 -0.001902114 34.28734 0.01353782 0.9999067 -0.001802561 0.01763744 0.001926346 0.001776642 0.9999965 -0.5175732
0.9999017 -0.01377809 0.002608414 36.10765 0.01375504 0.9998679 0.008655116 0.02175811 -0.002727321 -0.008618386 0.9999592 -0.6715406
0.9998885 -0.01379778 -0.005709767 37.90982 0.01379023 0.999904 -0.001358822 0.025987 0.005727968 0.001279932 0.9999828 -0.5941494
0.9998979 -0.01414018 0.00205041 39.67386 0.01412907 0.9998858 0.005336781 0.04302806 -0.002125639 -0.005307266 0.9999837 -0.7625582
0.9998969 -0.01407723 -0.00283158 41.50271 0.01408646 0.9998955 0.00326611 0.04620954 0.002785306 -0.00330566 0.9999906 -0.6082163
0.9998936 -0.01386786 0.004520413 43.27716 0.01381123 0.9998287 0.01232756 0.05962201 -0.004690595 -0.01226382 0.9999138 -0.8187569
0.9999059 -0.0133702 -0.003049638 45.08987 0.01338929 0.9998903 0.006326187 0.04436435 0.002964721 -0.006366425 0.9999753 -0.7109683
0.9999 -0.01387444 0.002730407 46.84499 0.01383376 0.9998007 0.01439247 0.0701005 -0.00292955 -0.01435326 0.9998927 -0.9262818
0.9998857 -0.0145126 -0.004239473 48.60947 0.01452718 0.9998887 0.003427197 0.08834707 0.004189264 -0.003488393 0.9999852 -0.7971974
0.9999178 -0.01276992 -0.001134383 50.41299 0.01278278 0.9998444 0.01215838 0.0787333 0.0009789451 -0.01217188 0.9999254 -0.897809
0.9999081 -0.01287231 -0.004238505 52.17747 0.01289245 0.9999056 0.004759618 0.09668252 0.004176838 -0.004813825 0.9999797 -0.9326019
0.9999226 -0.01241325 -0.0008573623 53.95108 0.01241972 0.9998909 0.008011469 0.09374771 0.0007578203 -0.008021497 0.9999675 -0.9597239
0.9999217 -0.01206164 -0.003325131 55.72551 0.01209433 0.9998769 0.00999153 0.1065646 0.003204207 -0.01003096 0.9999446 -1.002565
0.9999185 -0.01276081 -0.0003772139 57.42605 0.01276085 0.9999186 8.982857e-05 0.1191066 0.0003760369 -9.463482e-05 0.9999999 -1.073471
0.9999072 -0.01101232 -0.008016992 59.25842 0.01106494 0.9999174 0.006549903 0.1073763 0.0079442 -0.006638003 0.9999464 -1.01189
0.9999442 -0.0105149 -0.001051787 61.00328 0.01052034 0.9999306 0.005303971 0.1093141 0.0009959432 -0.00531474 0.9999854 -1.171557
0.99994 -0.01037336 -0.003510765 62.76577 0.0103747 0.9999461 0.0003622621 0.1128924 0.003506819 -0.0003986635 0.9999938 -1.088463
0.9999451 -0.01005348 -0.002961892 64.53055 0.01005455 0.9999493 0.0003454012 0.1164152 0.00295827 -0.0003751627 0.9999955 -1.124477
0.9999465 -0.01025055 -0.0013971 66.29053 0.01025413 0.999944 0.002584873 0.1246197 0.001370525 -0.002599061 0.9999957 -1.169564
0.9999555 -0.00919 -0.002125039 68.05534 0.009206227 0.9999275 0.00775722 0.1174243 0.002053597 -0.007776439 0.9999676 -1.166755
0.9999499 -0.009996564 0.0005790846 69.79972 0.009991909 0.9999216 0.007548151 0.1215475 -0.0006544947 -0.007541987 0.9999713 -1.186113
0.9999602 -0.008739262 -0.001797317 71.60419 0.00876342 0.9998649 0.01390364 0.1007811 0.001675566 -0.01391884 0.9999017 -1.220701
0.9999403 -0.01010667 0.004158976 73.35652 0.01005317 0.999869 0.01268958 0.1178723 -0.004286681 -0.01264702 0.9999108 -1.295918
0.9999557 -0.009409301 -3.834631e-05 75.19241 0.009408487 0.9997964 0.01784796 0.1115911 -0.0001295983 -0.01784753 0.9998407 -1.301354
0.9999442 -0.009285599 0.005029477 76.97288 0.009224281 0.9998844 0.0120806 0.1106817 -0.005141072 -0.01203353 0.9999144 -1.397256
0.9999617 -0.008755832 0.000211734 78.82895 0.008750592 0.999799 0.01802898 0.1010567 -0.0003695502 -0.01802644 0.9998375 -1.378832
0.9999571 -0.009023982 0.002065853 80.60637 0.008976403 0.999718 0.02198576 0.09438365 -0.00226367 -0.02196628 0.9997562 -1.435443
0.9999439 -0.01057696 -0.0005176058 82.46974 0.01058396 0.9998127 0.01620579 0.1087312 0.0003461008 -0.01621036 0.9998686 -1.527052
0.9999345 -0.01085848 0.003624467 84.28758 0.01080013 0.9998176 0.01574836 0.1031586 -0.00379481 -0.01570818 0.9998694 -1.541254
0.9998989 -0.01364223 -0.004011508 86.18305 0.01368905 0.9998356 0.011884 0.1127955 0.003848725 -0.01193772 0.9999213 -1.588963
0.9998589 -0.0144305 0.008598165 88.04652 0.01429469 0.9997752 0.01565295 0.1154788 -0.008822112 -0.01552784 0.9998405 -1.658473
0.9998789 -0.01550933 0.001265295 89.92937 0.01549017 0.9997826 0.01396308 0.1294917 -0.001481578 -0.01394179 0.9999017 -1.609351
0.999852 -0.01661936 0.004450035 91.78855 0.01655775 0.9997712 0.01353957 0.1445772 -0.004674036 -0.01346388 0.9998984 -1.754629
0.9998508 -0.01721266 0.001454284 93.69353 0.01719104 0.9997575 0.01376178 0.1591599 -0.001690808 -0.01373473 0.9999042 -1.743688
0.9998316 -0.01821493 0.002236903 95.60715 0.0181823 0.9997391 0.01383224 0.1744104 -0.002488273 -0.01378924 0.9999018 -1.804014
0.9998316 -0.01823822 0.002047271 97.51129 0.01819754 0.9996654 0.01838753 0.1961523 -0.002381942 -0.01834717 0.9998288 -1.863251
0.9998301 -0.01831945 -0.002047181 99.42635 0.01834629 0.999734 0.01397015 0.2100561 0.001790712 -0.01400533 0.9999003 -1.85214
0.999841 -0.01781639 -0.0007183428 101.3498 0.01782638 0.9996816 0.0178494 0.2320341 0.0004001023 -0.01785937 0.9998404 -1.99994
0.9998335 -0.0181935 -0.001423985 103.3206 0.01821146 0.9997386 0.01382531 0.2468976 0.001172082 -0.01384894 0.9999034 -1.954353
0.9998393 -0.01788585 -0.001231916 105.2429 0.01790511 0.9996783 0.01797087 0.2686684 0.0009100955 -0.01799004 0.9998378 -2.033288
0.9998453 -0.01714311 -0.003933985 107.2048 0.01720036 0.9997393 0.01501266 0.2836538 0.003675596 -0.015078 0.9998795 -2.082592
0.9998715 -0.01514453 -0.005259659 109.1671 0.01520744 0.9998107 0.01213535 0.2976354 0.005074879 -0.01221377 0.9999126 -2.131142
0.9998752 -0.01543951 -0.003352519 111.1175 0.01547153 0.9998327 0.009743619 0.3119854 0.003201522 -0.009794272 0.9999469 -2.187787
0.999905 -0.01378556 -5.170159e-05 113.1017 0.01378542 0.9998584 0.009658419 0.3115571 -8.145246e-05 -0.009658214 0.9999533 -2.195571
0.9999158 -0.01268355 -0.002738196 115.0511 0.01271053 0.9998684 0.01007163 0.3163851 0.002610093 -0.01010558 0.9999455 -2.262078
0.9999066 -0.01280192 0.004790531 117.0291 0.01275665 0.9998747 0.009363392 0.3358311 -0.004909801 -0.009301407 0.9999447 -2.294422
0.9999086 -0.01304695 -0.003552239 119.0119 0.0130862 0.9998511 0.01126065 0.3373857 0.003404792 -0.0113061 0.9999303 -2.302763
0.9999021 -0.01398823 -0.0003510416 120.9845 0.01399117 0.999846 0.01058735 0.3444822 0.0002028892 -0.01059123 0.9999439 -2.405202
0.9998736 -0.01532407 -0.0042373 122.9639 0.01537982 0.9997911 0.01345491 0.3597563 0.004030231 -0.01351838 0.9999005 -2.438691
0.9998605 -0.01663939 -0.001490457 124.957 0.01665837 0.9997661 0.01378427 0.3692711 0.001260747 -0.01380718 0.9999039 -2.489871
0.9998429 -0.01771593 0.0005473268 126.9351 0.01770821 0.999773 0.01184248 0.3786163 -0.0007570031 -0.01183093 0.9999297 -2.532837
0.9998068 -0.01950773 0.002415754 128.9189 0.01946963 0.9996994 0.01490234 0.3940258 -0.002705739 -0.01485242 0.999886 -2.54006
0.9997836 -0.02057436 0.003075149 130.8913 0.02052049 0.9996512 0.01662878 0.4286068 -0.003416202 -0.01656208 0.999857 -2.640702
0.9997787 -0.02095788 0.001826068 132.8867 0.02093086 0.9996865 0.01373849 0.4463605 -0.002113425 -0.01369723 0.999904 -2.68586
0.999768 -0.02145131 -0.001952274 134.8831 0.02146998 0.9997184 0.01010439 0.4767964 0.001734972 -0.01014396 0.9999471 -2.766356
0.99979 -0.02045772 -0.001205542 136.8593 0.02045313 0.999784 -0.003700349 0.5086601 0.001280982 0.003674915 0.9999924 -2.788464
0.9997858 -0.01978505 -0.006078694 138.8601 0.01974213 0.9997803 -0.007042033 0.5346864 0.006216685 0.006920518 0.9999567 -2.785985
0.9998214 -0.01836539 0.004473044 140.8766 0.01836449 0.9998314 0.0002420729 0.5530723 -0.004476735 -0.0001598844 0.99999 -2.754192
0.999842 -0.01773311 -0.001217879 142.9018 0.0177429 0.9998058 0.008563343 0.5691679 0.001065788 -0.0085836 0.9999626 -2.808958
0.9998093 -0.01762305 0.008417435 144.912 0.01746612 0.9996787 0.01836623 0.5801886 -0.0087384 -0.0182157 0.9997959 -2.804076
0.999818 -0.01889308 0.002669804 146.9167 0.01886014 0.9997516 0.01186613 0.5955622 -0.002893328 -0.01181361 0.999926 -2.891587
0.9997895 -0.01749707 0.01071774 148.9163 0.0173799 0.9997892 0.01092968 0.6119084 -0.01090672 -0.01074111 0.9998828 -3.023244
0.9998137 -0.01824162 0.00630732 150.9472 0.01816943 0.9997709 0.01131894 0.6327422 -0.006512351 -0.01120223 0.999916 -3.006046
0.9998476 -0.01679415 0.004772455 152.9681 0.01672121 0.9997488 0.0149331 0.6546523 -0.005022043 -0.01485102 0.9998771 -3.093762
0.9998584 -0.01677049 0.001366732 155.0014 0.01674712 0.9997376 0.01561777 0.6688854 -0.001628291 -0.01559267 0.9998771 -3.111656
0.9998637 -0.0164908 0.0008010464 157.0453 0.01647671 0.9997487 0.01520808 0.6866007 -0.001051638 -0.0151928 0.999884 -3.155368
0.9998446 -0.01759313 0.001133687 159.0657 0.01757999 0.999788 0.0107122 0.7061518 -0.001321908 -0.0106906 0.999942 -3.203136
0.9998091 -0.01876443 0.005433363 161.0962 0.01870643 0.9997694 0.01053552 0.7312807 -0.005629804 -0.01043187 0.9999297 -3.247772
0.9998113 -0.01877958 0.004967106 163.1326 0.01871886 0.9997528 0.01200016 0.750134 -0.005191236 -0.01190492 0.9999157 -3.299794
0.9998164 -0.01760161 0.007569643 165.1781 0.0174881 0.9997374 0.01480849 0.7662616 -0.007828308 -0.01467339 0.9998617 -3.341244
0.999817 -0.01818962 0.005927915 167.2035 0.01809718 0.9997191 0.01529071 0.7805217 -0.006204383 -0.01518063 0.9998655 -3.396746
0.9998341 -0.01800734 0.002746992 169.2392 0.01796821 0.9997452 0.01365881 0.8023199 -0.002992251 -0.01360718 0.999903 -3.450097
0.9998522 -0.01719092 0.000219202 171.2903 0.01718589 0.9997458 0.01459194 0.8187096 -0.0004699951 -0.01458602 0.9998935 -3.509233
0.9998579 -0.0167203 -0.002145961 173.3309 0.01675183 0.9997374 0.0156308 0.8432092 0.001884046 -0.01566453 0.9998755 -3.534329
0.9998625 -0.01645299 -0.002067975 175.4054 0.01648678 0.9997101 0.01755131 0.8638022 0.001778604 -0.01758299 0.9998438 -3.58977
0.9998521 -0.01719809 2.850416e-05 177.4476 0.01719542 0.9997234 0.01604227 0.878302 -0.0003043927 -0.01603941 0.9998713 -3.656241
0.999864 -0.0164783 0.0006554142 179.4992 0.01646589 0.9997395 0.01580231 0.8928562 -0.0009156388 -0.01578937 0.9998749 -3.72037
0.9998715 -0.0160305 -0.0001711055 181.5631 0.01603109 0.999727 0.01699634 0.9002787 -0.000101401 -0.01699689 0.9998555 -3.774911
0.9998734 -0.01579403 -0.001931569 183.619 0.01582451 0.9997313 0.01693928 0.9218358 0.00166351 -0.0169677 0.9998547 -3.823424
0.9998794 -0.01550073 -0.0009451953 185.6842 0.01551465 0.9997331 0.01711622 0.9303997 0.000679629 -0.01712882 0.9998531 -3.859327
0.9998706 -0.01594231 -0.00216333 187.7607 0.01597418 0.9997505 0.01561675 0.9475747 0.001913823 -0.01564929 0.9998757 -3.932786
0.9998849 -0.01466972 0.003864662 189.827 0.01460378 0.999756 0.01657056 0.9523171 -0.004106805 -0.01651221 0.9998552 -4.00103
0.9998896 -0.01451303 0.003184317 191.9012 0.01445618 0.9997475 0.01720187 0.957872 -0.003433164 -0.01715394 0.999847 -4.04746
0.9998527 -0.01496419 0.00840527 193.9662 0.01479915 0.999703 0.01936612 0.9681693 -0.008692572 -0.01923888 0.9997771 -4.103954
0.9998736 -0.01448301 0.006558967 196.0288 0.0143409 0.9996721 0.02121933 0.9639394 -0.006864135 -0.02112258 0.9997534 -4.172474
0.9998813 -0.01468805 0.004649356 198.1095 0.01459304 0.9996965 0.01984781 0.9931967 -0.00493947 -0.01977761 0.9997922 -4.236056
0.9998969 -0.0142171 0.001982696 200.2041 0.01417286 0.9996835 0.02077996 1.006267 -0.002277499 -0.02074971 0.9997821 -4.3162
0.9998938 -0.01455021 0.0007962813 202.2708 0.01452975 0.9996636 0.02148153 1.005346 -0.001108574 -0.02146768 0.9997689 -4.35982
0.9999065 -0.01366574 -0.0003275349 204.3628 0.01366966 0.999609 0.02438754 1.014444 -5.867027e-06 -0.02438974 0.9997025 -4.444388
0.9999112 -0.01325521 -0.00136278 206.4583 0.01327906 0.9997253 0.01930809 1.015082 0.001106473 -0.01932447 0.9998127 -4.489378
0.9999133 -0.01296617 -0.002303496 208.5563 0.01300437 0.9997635 0.01742621 1.037678 0.002077 -0.01745466 0.9998455 -4.567218
0.9999355 -0.0108498 -0.003352279 210.678 0.0109021 0.9998127 0.01599771 1.03272 0.003178079 -0.01603322 0.9998664 -4.618708
0.9999152 -0.009815805 -0.008557042 212.7681 0.009977926 0.9997675 0.01911375 1.047414 0.008367436 -0.01919751 0.9997807 -4.67763
0.9999107 -0.008936927 -0.009940637 214.8833 0.009120544 0.9997859 0.01858214 1.058211 0.00977244 -0.01867115 0.9997779 -4.720105
0.9999236 -0.007757976 -0.009626551 216.9874 0.00792779 0.9998113 0.01772925 1.061317 0.009487191 -0.01780422 0.9997965 -4.787729
0.9999288 -0.00798155 -0.008869181 219.103 0.008132827 0.9998199 0.01715331 1.06219 0.008730673 -0.01722422 0.9998136 -4.849278
0.9999419 -0.00768174 -0.007564361 221.2252 0.007822603 0.9997932 0.01877189 1.044004 0.007418596 -0.01882997 0.9997952 -4.905205
0.9999421 -0.006496289 -0.008575819 223.3363 0.006669241 0.9997718 0.02029532 1.040975 0.008442017 -0.02035134 0.9997572 -4.959564
0.9999222 -0.005686472 -0.01110555 225.4623 0.005920611 0.9997585 0.02116528 1.033524 0.01098251 -0.02122939 0.9997143 -5.035848
0.9998904 -0.004529132 -0.01409151 227.5962 0.004811804 0.9997865 0.02009095 1.034634 0.0139975 -0.02015655 0.9996988 -5.09952
0.9998832 -0.002285002 -0.01511022 229.7482 0.002534125 0.9998609 0.01648853 1.01571 0.01507045 -0.0165249 0.9997499 -5.143312
0.9998971 -0.001215276 -0.01429691 231.8723 0.001465153 0.9998462 0.01748022 1.003268 0.01427346 -0.01749936 0.999745 -5.218983
0.9999287 -0.0005349086 -0.01193109 234.0473 0.0007722581 0.9998016 0.01989764 0.992875 0.01191808 -0.01990544 0.9997308 -5.262102
0.9999391 0.0008460105 -0.01100339 236.183 -0.0006237306 0.999796 0.0201888 0.969558 0.01101823 -0.02018071 0.9997357 -5.337831
0.999965 0.002018496 -0.008119398 238.3338 -0.001873197 0.9998388 0.01786326 0.9415395 0.008154145 -0.01784743 0.9998075 -5.387511
0.9999563 0.002723732 -0.008939197 240.4858 -0.002553173 0.9998156 0.0190361 0.9106581 0.008989397 -0.01901244 0.9997788 -5.45992
0.9999447 0.004830978 -0.009340659 242.6281 -0.004645643 0.999794 0.01976269 0.8934128 0.009434206 -0.01971821 0.999761 -5.5143
0.9998994 0.00676551 -0.01246647 244.7902 -0.006508899 0.9997684 0.020511 0.8543767 0.01260235 -0.02042779 0.9997119 -5.583468
0.9998571 0.008814341 -0.01442713 246.9485 -0.008521968 0.9997597 0.02020308 0.8255877 0.01460174 -0.02007724 0.9996918 -5.668727
0.9997972 0.01011525 -0.01741667 249.1101 -0.00983749 0.9998243 0.01596043 0.7894759 0.01757505 -0.01578585 0.9997209 -5.700232
0.9996188 0.012446 -0.02464217 251.3012 -0.01198866 0.9997548 0.01862094 0.756698 0.02486788 -0.01831842 0.9995229 -5.768066
0.9996585 0.01386677 -0.0221491 253.4608 -0.01347383 0.999751 0.01779256 0.7167224 0.02239031 -0.01748805 0.9995964 -5.803897
0.9997431 0.01610675 -0.01594813 255.6465 -0.01580514 0.9996971 0.01886044 0.6567628 0.01624708 -0.01860354 0.9996949 -5.865261
0.999836 0.01647057 -0.007527906 257.839 -0.01634118 0.9997231 0.01693809 0.5879158 0.007804801 -0.0168123 0.9998282 -5.910941
0.9998204 0.018255 -0.005090286 260.0378 -0.01815008 0.9996363 0.01994806 0.5216176 0.005452587 -0.01985209 0.999788 -6.001883
0.9998017 0.01959051 -0.003571371 262.2203 -0.01951022 0.9995832 0.02128023 0.449954 0.003986773 -0.02120633 0.9997672 -6.043609
0.999755 0.02180749 -0.003797252 264.4105 -0.02171364 0.9994947 0.02321476 0.3871242 0.004301589 -0.02312662 0.9997233 -6.135037
0.9996939 0.02451816 -0.00331573 266.6335 -0.02445851 0.9995568 0.01697301 0.3154378 0.003730407 -0.01688672 0.9998505 -6.162836
0.999591 0.02778534 -0.006768921 268.8268 -0.02764977 0.9994302 0.01935993 0.2445594 0.007302986 -0.01916485 0.9997897 -6.287466
0.9994582 0.03165614 -0.009010669 271.0132 -0.03145309 0.9992664 0.02184879 0.1572129 0.009695707 -0.02155354 0.9997207 -6.327525
0.9993572 0.03432814 -0.01032976 273.2354 -0.03408064 0.9991486 0.02325088 0.06992068 0.01111913 -0.02288389 0.9996763 -6.384485
0.9992788 0.03641427 -0.01076687 275.4563 -0.03620526 0.9991635 0.01900873 -0.03402191 0.01145005 -0.0186052 0.9997613 -6.463866
0.9992003 0.03810817 -0.01210458 277.6783 -0.03788212 0.999113 0.0183856 -0.1286837 0.01279448 -0.01791235 0.9997577 -6.519912
0.9991066 0.04011064 -0.0133044 279.8855 -0.0398194 0.998976 0.02147714 -0.2339759 0.01415224 -0.02092819 0.9996808 -6.583796
0.9990613 0.04197532 -0.01070103 282.1037 -0.04171326 0.9988501 0.02363681 -0.3480355 0.01168089 -0.02316825 0.9996634 -6.642565
0.9989718 0.04437192 -0.009295123 284.3188 -0.04413828 0.9987375 0.0239911 -0.4671373 0.01034792 -0.02355617 0.999669 -6.724662
0.9989053 0.04608493 -0.008026195 286.5621 -0.04589787 0.9987015 0.02210992 -0.5967281 0.009034705 -0.02171733 0.9997233 -6.790627
0.9987964 0.04816502 -0.009263969 288.7905 -0.04794858 0.9986006 0.02231627 -0.7252972 0.01032587 -0.02184521 0.9997081 -6.88202
0.9986774 0.05052239 -0.009541925 291.0198 -0.0503045 0.9984951 0.02184023 -0.8604129 0.01063099 -0.02133134 0.9997159 -6.938964
0.9985181 0.05314987 -0.01169151 293.2638 -0.0528535 0.9983054 0.02434523 -0.9833575 0.01296564 -0.02369121 0.9996352 -7.020225
0.9983895 0.05497615 -0.0140001 295.5102 -0.05460764 0.998183 0.02546903 -1.129663 0.01537485 -0.0246635 0.9995776 -7.10099
0.9982399 0.05760004 -0.01412159 297.762 -0.05724421 0.9980613 0.02442489 -1.293381 0.01550108 -0.02357352 0.9996019 -7.174126
0.9981728 0.05897141 -0.01317026 300.011 -0.05866256 0.9980195 0.02272035 -1.436219 0.01448402 -0.02190623 0.9996551 -7.247043
0.9980742 0.06080486 -0.01227217 302.262 -0.06050438 0.9978907 0.02352754 -1.593514 0.01367688 -0.02273971 0.9996479 -7.323058
0.9979726 0.0624323 -0.01236396 304.5163 -0.06209975 0.9977398 0.0256663 -1.760953 0.01393842 -0.02484647 0.9995941 -7.410174
0.9978629 0.06399283 -0.01320725 306.7958 -0.06363848 0.9976419 0.02570205 -1.932017 0.01482085 -0.02480664 0.9995824 -7.439102
0.9977888 0.06516259 -0.01308834 309.0538 -0.06482586 0.9975913 0.02468738 -2.085465 0.0146655 -0.02378433 0.9996095 -7.539755
0.9976953 0.06694195 -0.01108132 311.3116 -0.06667106 0.9975045 0.02323633 -2.287143 0.01260915 -0.02244398 0.9996686 -7.671406
0.9976346 0.06822262 -0.008422269 313.6145 -0.06801441 0.9974208 0.02293123 -2.452101 0.009964976 -0.02230415 0.9997016 -7.680427
0.9975607 0.06898889 -0.01063522 315.8775 -0.0687454 0.9973965 0.02177355 -2.635765 0.01210966 -0.02098932 0.9997064 -7.794896
0.9974937 0.07051947 -0.005775062 318.1591 -0.07037693 0.9972782 0.02198803 -2.812828 0.007309928 -0.02152649 0.9997416 -7.861272
0.9972601 0.07304343 -0.01170359 320.444 -0.07273992 0.997049 0.02454354 -3.003847 0.01346179 -0.02362497 0.9996303 -7.927441
0.9969541 0.07724308 -0.01076701 322.7205 -0.07695115 0.9967136 0.025305 -3.204706 0.01268626 -0.02439939 0.9996218 -8.03575
0.996685 0.08044802 -0.0121274 325.0132 -0.08008232 0.9963918 0.02810987 -3.401741 0.01434503 -0.02704549 0.9995313 -8.095317
0.9964777 0.0828078 -0.01323123 327.3108 -0.08240419 0.9961889 0.02858957 -3.602906 0.01554825 -0.02739856 0.9995037 -8.19882
0.9963007 0.08500871 -0.01258544 329.6212 -0.08464596 0.9960455 0.02699185 -3.8234 0.01483021 -0.02582669 0.9995564 -8.255273
0.9960308 0.0880134 -0.01327746 331.9064 -0.08761956 0.9957662 0.02779109 -4.051778 0.01566724 -0.02651742 0.9995255 -8.369897
0.995766 0.09154645 -0.008323148 334.1999 -0.09128785 0.9954467 0.02742606 -4.28375 0.01079601 -0.02655014 0.9995892 -8.51124
0.9955471 0.0941298 -0.005065436 336.5217 -0.09396167 0.9952137 0.02685027 -4.520694 0.007568602 -0.02625475 0.9996266 -8.51075
0.995166 0.09761714 -0.01074706 338.8089 -0.09729768 0.9948876 0.02705327 -4.763396 0.01333298 -0.02587683 0.9995762 -8.619764
0.9950181 0.09957475 -0.004876153 341.13 -0.09941224 0.9946929 0.02651892 -5.014324 0.007490888 -0.02590205 0.9996364 -8.732862
0.9946968 0.1025023 -0.008457079 343.4454 -0.1022486 0.9944096 0.0263582 -5.273162 0.01111158 -0.0253537 0.9996168 -8.786907
0.9945837 0.103852 -0.004259442 345.7476 -0.1036931 0.9942133 0.02805841 -5.535992 0.007148716 -0.02746476 0.9995972 -8.896948
0.9942975 0.1063824 -0.007431583 348.063 -0.1061016 0.9938618 0.03132764 -5.81255 0.01071868 -0.03036049 0.9994816 -8.95632
0.9940727 0.1084985 -0.006890288 350.3875 -0.1082294 0.9936203 0.03169805 -6.08326 0.01028552 -0.03076443 0.9994738 -9.087073
0.9939861 0.1093812 -0.005227317 352.7038 -0.1091649 0.993525 0.03147522 -6.35976 0.008636268 -0.0307153 0.9994909 -9.156642
0.9937611 0.1110026 -0.01083429 355.047 -0.1106506 0.9934371 0.02896779 -6.633285 0.01397868 -0.02758824 0.9995216 -9.278118
0.9938026 0.111065 -0.004576975 357.3677 -0.1108965 0.9934421 0.02783158 -6.918835 0.007638074 -0.02715153 0.9996021 -9.371758
0.9936267 0.1125714 -0.005802316 359.6735 -0.112331 0.9931548 0.03202554 -7.212964 0.009367757 -0.03116965 0.9994702 -9.429321
0.9932944 0.115355 -0.007715237 362.0197 -0.1150678 0.9928805 0.03078864 -7.507227 0.01121193 -0.02969441 0.9994962 -9.54272
0.9932017 0.1162945 -0.005083114 364.3756 -0.1160925 0.9927862 0.02996921 -7.808903 0.008531701 -0.02917536 0.9995379 -9.631347
0.9928613 0.1190606 -0.007149184 366.661 -0.1188137 0.9925095 0.02842959 -8.098107 0.01048048 -0.02737722 0.9995703 -9.72705
0.9925997 0.12141 -0.00230814 369.0428 -0.1212894 0.9921759 0.02959263 -8.406123 0.005882923 -0.02909368 0.9995594 -9.827831
0.9923382 0.1234612 -0.004723499 371.3955 -0.1232694 0.9919306 0.02964196 -8.719612 0.008345014 -0.02883258 0.9995494 -9.901454
0.9920558 0.1257897 -0.00145589 373.7549 -0.1256914 0.9916241 0.02971689 -9.050388 0.005181774 -0.02929782 0.9995573 -10.00346
0.9917517 0.1281573 -0.002070142 376.0558 -0.1280414 0.9913307 0.02947457 -9.373509 0.005829579 -0.0289664 0.9995634 -10.08372
0.9915003 0.1301042 0.0001876386 378.409 -0.1300524 0.9910632 0.02966262 -9.70563 0.003673269 -0.0294349 0.9995599 -10.17738
0.9911749 0.1325537 -0.001351317 380.7805 -0.1324503 0.9907147 0.03068455 -10.03919 0.00540612 -0.03023477 0.9995282 -10.2661
0.9907256 0.1358585 -0.00229677 383.1216 -0.1357197 0.9902464 0.03149787 -10.39006 0.006553621 -0.03089403 0.9995012 -10.37435
0.9904253 0.1380208 -0.002830029 385.4828 -0.1378586 0.9899242 0.03233016 -10.73088 0.007263747 -0.03163046 0.9994732 -10.47507
0.9900661 0.1405504 -0.003847823 387.8634 -0.1403458 0.9895391 0.03339401 -11.09017 0.008501112 -0.03252225 0.9994348 -10.58216
0.9896652 0.1433517 -0.00363377 390.2108 -0.1431502 0.9891274 0.03368733 -11.45191 0.0084234 -0.032819 0.9994258 -10.67856
0.9892787 0.1459088 -0.006187508 392.5995 -0.1456366 0.9888073 0.0324063 -11.82887 0.01084662 -0.03115774 0.9994556 -10.78159
0.9889644 0.1480796 -0.004681371 394.9686 -0.1478457 0.9884524 0.03321564 -12.19165 0.009545871 -0.03215696 0.9994373 -10.90253
0.9885046 0.1508266 -0.01048058 397.3376 -0.1504122 0.9880755 0.03291116 -12.57683 0.01531948 -0.03095643 0.9994034 -10.97938
0.9881353 0.1531495 -0.01156974 399.7255 -0.1527037 0.9877304 0.03271718 -12.95683 0.0164384 -0.03056226 0.9993977 -11.08868
0.9877598 0.1553723 -0.01378751 402.0967 -0.1548429 0.9873697 0.03353478 -13.35542 0.01882375 -0.0309894 0.9993424 -11.18549
0.9876257 0.1563382 -0.01240391 404.4723 -0.1557898 0.9870969 0.03700195 -13.75202 0.01802868 -0.03461166 0.9992382 -11.29208
0.9872087 0.158765 -0.0145792 406.87 -0.158139 0.9867206 0.03707623 -14.15675 0.020272 -0.03429644 0.9992061 -11.39733
0.9869202 0.160332 -0.01679951 409.2619 -0.1597278 0.9866214 0.0326425 -14.56558 0.02180839 -0.0295322 0.9993259 -11.53381
0.9867046 0.1620173 -0.01282488 411.6532 -0.1615278 0.986322 0.03282738 -14.97512 0.01796807 -0.03031935 0.9993787 -11.64306
0.9862012 0.1648176 -0.01556418 414.0511 -0.164152 0.9857328 0.03721661 -15.3891 0.02147608 -0.03414818 0.999186 -11.73443
0.9855716 0.1682365 -0.01857873 416.4587 -0.1674633 0.9851696 0.03737473 -15.81994 0.02459099 -0.03372421 0.9991286 -11.86537
0.9851046 0.1709737 -0.01835736 418.8401 -0.1702382 0.9847417 0.03608882 -16.25742 0.0242475 -0.03242613 0.99918 -11.95573
0.9845366 0.1740916 -0.01948655 421.2521 -0.1733428 0.9842348 0.03513184 -16.69671 0.02529549 -0.03121073 0.9991927 -12.06205
0.984136 0.176649 -0.01647542 423.6436 -0.1760164 0.9837954 0.03413444 -17.1438 0.02223826 -0.03069299 0.9992815 -12.20122
0.983615 0.179671 -0.01482949 426.0601 -0.1790937 0.9832491 0.03386144 -17.60524 0.020665 -0.03065075 0.9993165 -12.30751
0.9830858 0.1825152 -0.01518587 428.4747 -0.1819064 0.9827005 0.03478396 -18.07215 0.02127176 -0.03143321 0.9992795 -12.40389
0.982609 0.1852077 -0.01332511 430.8733 -0.1846133 0.9821155 0.03697419 -18.54457 0.0199347 -0.03387118 0.9992274 -12.52729
0.9820254 0.1883855 -0.01170458 433.2838 -0.1878183 0.9814535 0.03838404 -19.03061 0.0187185 -0.03549577 0.9991945 -12.62411
0.9814652 0.1911015 -0.01436261 435.6834 -0.1904237 0.9809229 0.03910125 -19.51439 0.02156092 -0.03564154 0.999132 -12.77992
0.9809437 0.193734 -0.01471319 438.1127 -0.193143 0.9805664 0.03442854 -20.01129 0.02109723 -0.03093071 0.9992989 -12.88226
0.9802524 0.1967897 -0.01946852 440.5128 -0.1960332 0.9799654 0.03519172 -20.50992 0.02600385 -0.03068029 0.9991909 -12.99488
0.979654 0.1996373 -0.02056845 442.9174 -0.1987775 0.9793191 0.03770429 -21.01352 0.02767026 -0.03284861 0.9990773 -13.11628
0.9791443 0.2023081 -0.01865255 445.3283 -0.2014346 0.9786601 0.04060063 -21.53026 0.02646834 -0.0359966 0.9990013 -13.21184
0.9784969 0.2054314 -0.01848471 447.7432 -0.2046188 0.9780862 0.03845175 -22.06845 0.02597883 -0.0338426 0.9990895 -13.33714
0.9782186 0.2071961 -0.01257739 450.1534 -0.2066208 0.9777317 0.03672196 -22.60464 0.01990596 -0.03332336 0.9992464 -13.46095
0.9777364 0.2093972 -0.01357826 452.5523 -0.2087789 0.9772576 0.03713427 -23.13051 0.02104527 -0.03347268 0.999218 -13.58337
0.9771757 0.2119255 -0.01467503 454.972 -0.211252 0.9766959 0.03791603 -23.67892 0.02236841 -0.03395049 0.9991732 -13.70665
0.976389 0.2151953 -0.01885636 457.368 -0.2143933 0.97603 0.03743124 -24.22751 0.0264594 -0.03250477 0.9991213 -13.8352
0.975646 0.2184817 -0.0195132 459.7875 -0.2176639 0.9753153 0.03718331 -24.78223 0.0271554 -0.03203043 0.9991179 -13.97862
0.9747946 0.2220581 -0.02157791 462.1814 -0.2211822 0.9745344 0.03689389 -25.34385 0.029221 -0.03119132 0.9990862 -14.05581
0.9738384 0.2261081 -0.02266578 464.5904 -0.2252541 0.9736704 0.03501749 -25.92119 0.02998674 -0.02899582 0.9991297 -14.19897
0.9731118 0.2294362 -0.02030957 466.9839 -0.2286457 0.9728737 0.03518365 -26.50771 0.02783104 -0.02959393 0.9991745 -14.30851
0.9721848 0.2332797 -0.02091425 469.3741 -0.232482 0.9719788 0.0347803 -27.09642 0.02844174 -0.02895069 0.9991761 -14.42079
0.971467 0.2364632 -0.01835917 471.7685 -0.2356965 0.9711443 0.03641374 -27.69526 0.02643992 -0.03104755 0.9991682 -14.54233
0.9704655 0.2404327 -0.01972143 474.1504 -0.2395987 0.9701563 0.0372723 -28.31165 0.02809435 -0.03144626 0.9991105 -14.64763
0.9696829 0.2437376 -0.01752271 476.542 -0.2430015 0.9693525 0.03613964 -28.92339 0.02579427 -0.03078594 0.9991931 -14.79794
0.9691112 0.2462401 -0.01375978 478.9237 -0.245559 0.9686023 0.03886188 -29.55349 0.0228971 -0.03428264 0.9991499 -14.90306
0.968152 0.2498805 -0.01553495 481.3065 -0.2490467 0.9675605 0.04245162 -30.18778 0.02563884 -0.0372307 0.9989777 -15.04406
0.9675357 0.252205 -0.01634649 483.6773 -0.2513739 0.967015 0.04115028 -30.82592 0.02618561 -0.03570528 0.9990193 -15.16582
0.9672204 0.2533906 -0.01667339 486.062 -0.2525283 0.9666834 0.04186454 -31.46717 0.02672597 -0.03628173 0.9989842 -15.30344
0.9671742 0.2537205 -0.0141437 488.4377 -0.252921 0.9665276 0.04307234 -32.11259 0.02459861 -0.03808122 0.9989718 -15.435
0.9671965 0.2537724 -0.01142254 490.803 -0.2530801 0.966491 0.04295679 -32.76633 0.02194103 -0.03865684 0.9990116 -15.56051
0.9671605 0.2539139 -0.01133125 493.1694 -0.2532295 0.9664612 0.04274832 -33.41727 0.02180561 -0.03847508 0.9990216 -15.6993
0.9668427 0.2549588 -0.01453518 495.5391 -0.2541327 0.9661903 0.04350736 -34.06226 0.02513634 -0.03837091 0.9989474 -15.83565
0.9662173 0.2570029 -0.01932841 497.8919 -0.2560074 0.9657146 0.04307855 -34.70457 0.02973704 -0.03667502 0.9988847 -15.97866
0.9656419 0.2591333 -0.01963937 500.2412 -0.2581943 0.9652324 0.04076717 -35.35705 0.02952069 -0.03429572 0.9989756 -16.10183
0.9652596 0.2606028 -0.01897676 502.6083 -0.2596486 0.9647874 0.04205015 -36.00888 0.02926692 -0.03566202 0.9989353 -16.25093
0.9647694 0.2623777 -0.01944223 504.9642 -0.2613356 0.9642267 0.0443914 -36.66512 0.03039404 -0.03774652 0.998825 -16.38292
0.9639652 0.2648482 -0.02502939 507.3336 -0.263597 0.9636095 0.04442312 -37.32926 0.03588394 -0.03622466 0.9986992 -16.49916
0.9632393 0.2674873 -0.02491143 509.6714 -0.2662534 0.9628967 0.04403538 -38.00109 0.03576604 -0.03578386 0.9987193 -16.66362
0.9624851 0.2701197 -0.02564622 512.0239 -0.2688238 0.9621384 0.044983 -38.67589 0.03682601 -0.03640115 0.9986585 -16.78218
0.9615913 0.2730191 -0.02833158 514.3746 -0.2716176 0.9613439 0.04518578 -39.36426 0.03957298 -0.0357549 0.9985768 -16.94366
0.9612373 0.2746401 -0.02440896 516.7294 -0.2733611 0.9608244 0.04571982 -40.05826 0.03600922 -0.03727514 0.998656 -17.07195
0.9602183 0.2775982 -0.03033078 519.063 -0.2761169 0.9600524 0.0453754 -40.74979 0.04171526 -0.03519545 0.9985095 -17.20018
0.9596812 0.2794781 -0.03006761 521.3853 -0.2780486 0.959543 0.04434282 -41.43356 0.04124401 -0.03419471 0.9985638 -17.36544
0.9589194 0.2820771 -0.03010165 523.7265 -0.2806021 0.9587499 0.04539984 -42.14176 0.04166621 -0.0350882 0.9985152 -17.47898
0.9582508 0.2843985 -0.02954383 526.0634 -0.2829444 0.9580634 0.04535771 -42.85587 0.04120452 -0.0351048 0.9985338 -17.62735
0.9580067 0.2858776 -0.02229352 528.3903 -0.2847099 0.9575744 0.0446317 -43.57503 0.0341069 -0.03641028 0.9987547 -17.74599
0.9573337 0.2879343 -0.02461539 530.6986 -0.2866398 0.9569438 0.04578322 -44.28802 0.03673811 -0.03677407 0.998648 -17.91145
0.9567333 0.2899401 -0.02441616 533.0379 -0.2886488 0.9563354 0.04587494 -45.02103 0.03665102 -0.03684239 0.9986488 -18.05158
0.9560097 0.291964 -0.02832756 535.3467 -0.2904602 0.955703 0.04758919 -45.73869 0.04096707 -0.0372677 0.9984652 -18.19234
0.9555587 0.2935169 -0.02748575 537.6806 -0.2920502 0.9552259 0.04743606 -46.46971 0.04017838 -0.03730072 0.9984961 -18.35238
0.9551315 0.2947995 -0.02858328 539.9794 -0.2932505 0.9548082 0.04842721 -47.19807 0.04156787 -0.03787229 0.9984177 -18.49312
0.9546389 0.2962396 -0.03010993 542.3016 -0.2946033 0.954357 0.04910732 -47.93511 0.04328316 -0.03800927 0.9983395 -18.65853
0.954078 0.2980173 -0.03034699 544.6154 -0.2964764 0.9538985 0.04668173 -48.68377 0.04285992 -0.03554084 0.9984487 -18.79166
0.9534765 0.2993974 -0.03526498 546.9225 -0.2977448 0.953564 0.04542559 -49.42352 0.04722772 -0.03281227 0.9983451 -18.93233
0.952992 0.3008896 -0.03566007 549.2379 -0.2991882 0.9530761 0.04617817 -50.17309 0.04788129 -0.03333836 0.9982965 -19.0688
0.9521475 0.3028703 -0.04104552 551.534 -0.3008661 0.9524289 0.04856777 -50.90856 0.05380268 -0.03389447 0.9979762 -19.21983
0.951494 0.3043718 -0.04491094 553.8261 -0.3022624 0.9520069 0.04816763 -51.65807 0.05741639 -0.03225633 0.9978291 -19.36036
0.9509475 0.3057995 -0.04675009 556.1318 -0.3036236 0.9515665 0.04831093 -52.40776 0.05925928 -0.03174672 0.9977377 -19.50433
0.9505917 0.3067957 -0.04745409 558.4479 -0.3046402 0.9512769 0.04760812 -53.16733 0.05974795 -0.03079946 0.9977382 -19.65258
0.9503884 0.3071892 -0.04895605 560.7402 -0.3050293 0.9511858 0.04693374 -53.92651 0.06098383 -0.02967226 0.9976976 -19.7977
0.9499573 0.3084463 -0.04941727 563.0502 -0.3062051 0.9507525 0.04804444 -54.69318 0.06180272 -0.03050834 0.997622 -19.94877
0.9496325 0.3091643 -0.05114389 565.3391 -0.3067683 0.950488 0.0496593 -55.45615 0.06396453 -0.03146876 0.9974559 -20.09721
0.9490237 0.3104484 -0.05455167 567.5851 -0.3078259 0.95005 0.05146316 -56.21014 0.06780346 -0.03204735 0.9971839 -20.27008
0.9487287 0.3105409 -0.05897665 569.8662 -0.3078788 0.9501067 0.05007991 -56.95123 0.07158597 -0.02935459 0.9970024 -20.41599
0.948452 0.3111078 -0.06042128 572.1353 -0.308563 0.9499971 0.04790165 -57.71938 0.07230261 -0.02678865 0.9970229 -20.55342
0.9487671 0.3104986 -0.05858092 574.415 -0.3078621 0.9501225 0.04988306 -58.46301 0.07114767 -0.02929256 0.9970356 -20.70221
0.9482533 0.3108831 -0.06455441 576.6903 -0.3079966 0.9500237 0.05092575 -59.22455 0.07716016 -0.02840798 0.9966139 -20.87092
0.9479709 0.3112574 -0.06685908 578.9501 -0.308287 0.949916 0.05117136 -59.99705 0.07943799 -0.02789717 0.9964494 -20.9745
0.9481823 0.3100332 -0.06949553 581.2279 -0.307146 0.9503881 0.04923129 -60.73502 0.08131106 -0.02533496 0.9963667 -21.1389
0.9485809 0.3090208 -0.06855907 583.4786 -0.3064112 0.9507852 0.04604133 -61.50163 0.07941268 -0.02266666 0.9965841 -21.2751
0.9484028 0.3084581 -0.07338694 585.7538 -0.3056807 0.9509857 0.0467498 -62.25278 0.08421028 -0.02190468 0.9962072 -21.42006
0.9495234 0.3054019 -0.0716594 588.0112 -0.3027689 0.9519835 0.04537311 -62.98791 0.0820756 -0.02138659 0.9963966 -21.53682
0.9495709 0.3037694 -0.07771288 590.2638 -0.3008572 0.9525073 0.04706213 -63.72721 0.08831812 -0.02130835 0.9958644 -21.65666
0.9501404 0.3024782 -0.07576377 592.519 -0.2995565 0.9528894 0.04761545 -64.47382 0.08659714 -0.02254583 0.9959882 -21.834
0.9510984 0.2988467 -0.07811858 594.787 -0.2958008 0.9540281 0.04829233 -65.20867 0.08895932 -0.02282322 0.9957737 -21.96279
0.951914 0.296777 -0.07604719 597.0509 -0.2938684 0.9546797 0.04720094 -65.926 0.08660886 -0.02258336 0.9959864 -22.11196
0.9530305 0.2932029 -0.07592713 599.3173 -0.2902844 0.9557743 0.0472279 -66.64472 0.08641655 -0.02296917 0.9959943 -22.25374
0.9539735 0.2895023 -0.0782491 601.5486 -0.2864604 0.9568944 0.04789208 -67.33102 0.088741 -0.02327251 0.9957828 -22.40401
0.9544165 0.2873589 -0.08070994 603.7966 -0.2842098 0.9575413 0.04836589 -68.0359 0.09118148 -0.02322265 0.9955635 -22.5479
0.9550169 0.2845496 -0.08351182 606.0592 -0.2815487 0.9584439 0.04599412 -68.71989 0.09312902 -0.02041252 0.9954448 -22.67271
0.9551648 0.2825046 -0.08860773 608.301 -0.2792639 0.9590479 0.04731476 -69.39683 0.0983457 -0.02044846 0.9949422 -22.83039
0.9559678 0.2797398 -0.0887204 610.5414 -0.2763547 0.9598244 0.04863472 -70.05486 0.09876107 -0.02197493 0.9948685 -22.95723
0.9561027 0.2778542 -0.09308489 612.814 -0.274445 0.9604104 0.04787515 -70.72019 0.102702 -0.02022688 0.9945065 -23.11243
0.9567236 0.2761454 -0.0917811 615.0557 -0.2729788 0.9609349 0.04568049 -71.39281 0.1008101 -0.01864932 0.9947309 -23.23976
0.9575403 0.2738348 -0.09017242 617.3229 -0.2705961 0.9615639 0.04660978 -72.04525 0.09946993 -0.02023043 0.9948349 -23.37167
0.958191 0.2725415 -0.0871276 619.5573 -0.2693296 0.9619037 0.04693635 -72.69936 0.09660047 -0.02150794 0.9950908 -23.51337
0.9586936 0.2709907 -0.08643216 621.809 -0.2676526 0.9623021 0.04833948 -73.35364 0.09627341 -0.02320896 0.9950843 -23.6488
0.9594044 0.2693781 -0.08353819 624.0517 -0.2660072 0.9627064 0.04936184 -74.00381 0.09371975 -0.02513621 0.9952813 -23.79023
0.9598147 0.2685614 -0.08142799 626.3148 -0.2652665 0.9629245 0.0490941 -74.66331 0.09159379 -0.02552112 0.9954694 -23.9396
0.9606655 0.2667205 -0.07734354 628.5451 -0.2636258 0.9634314 0.04797589 -75.2961 0.08731133 -0.02569903 0.9958495 -24.07284
0.9614336 0.2643174 -0.07603718 630.7983 -0.2610443 0.9640127 0.05035167 -75.92519 0.08660965 -0.02856072 0.9958329 -24.22694
0.9616455 0.2635037 -0.07618151 633.0383 -0.2601092 0.9641956 0.05166969 -76.56578 0.08706904 -0.02987242 0.9957543 -24.37349
0.9619451 0.2623594 -0.07635006 635.2971 -0.2588496 0.9644685 0.05289102 -77.19624 0.08751369 -0.03111507 0.9956772 -24.52072
0.9624808 0.2603957 -0.07631985 637.5336 -0.2570894 0.9650664 0.05051767 -77.81091 0.0868083 -0.02900127 0.9958028 -24.66458
0.9627762 0.2596497 -0.07512636 639.7841 -0.256469 0.9652872 0.04943949 -78.45068 0.08535545 -0.02833159 0.9959477 -24.80812
0.9636486 0.2572981 -0.07196587 642.0259 -0.2542345 0.9658974 0.0490631 -79.04831 0.08213548 -0.02898338 0.9961997 -24.96942
0.9642152 0.2555279 -0.07067292 644.2634 -0.2524749 0.966344 0.04935117 -79.64836 0.08090497 -0.029742 0.996278 -25.1072
0.9643878 0.2546456 -0.07149632 646.5101 -0.2514555 0.9665403 0.0506958 -80.27661 0.08201353 -0.03091227 0.9961517 -25.25476
0.9648201 0.2524173 -0.07353675 648.7477 -0.2491579 0.9671344 0.05070837 -80.86319 0.08391959 -0.03060219 0.9960025 -25.38544
0.9649765 0.2515946 -0.07429955 650.9875 -0.2483957 0.967383 0.0496943 -81.47658 0.08437895 -0.02949814 0.995997 -25.54087
0.9654961 0.2493581 -0.07508524 653.222 -0.2460613 0.9679378 0.05050121 -82.0556 0.08527072 -0.03028316 0.9958975 -25.68195
0.9655653 0.2476196 -0.07980172 655.459 -0.2442302 0.9684323 0.04990566 -82.64812 0.08964019 -0.02869718 0.9955607 -25.83167
0.9657503 0.2464001 -0.08132214 657.6949 -0.2429856 0.9687576 0.04966191 -83.21751 0.09101816 -0.02820089 0.9954498 -25.97315
0.9659996 0.2443537 -0.08447517 659.9304 -0.2408786 0.9693027 0.04929336 -83.79909 0.09392702 -0.02726911 0.9952056 -26.10843
0.9666609 0.2419759 -0.0837516 662.1653 -0.2384025 0.9698541 0.05046952 -84.3713 0.09343925 -0.02882032 0.9952078 -26.25771
0.9669336 0.2401687 -0.08578073 664.3868 -0.2362929 0.9702387 0.05294234 -84.92935 0.09594286 -0.03092236 0.9949064 -26.40618
0.9677298 0.2373857 -0.08454014 666.6411 -0.2337638 0.9709771 0.05057812 -85.4959 0.09409305 -0.02918353 0.9951356 -26.5484
0.9684277 0.2348413 -0.08365048 668.8666 -0.2312756 0.971594 0.05016844 -86.06336 0.09305591 -0.02923818 0.9952315 -26.71301
0.9691828 0.2326154 -0.08108486 671.1102 -0.2292893 0.9721595 0.04829566 -86.6126 0.09006172 -0.02821544 0.9955364 -26.83727
0.9696039 0.230413 -0.08232906 673.3166 -0.2268296 0.9726174 0.05063619 -87.14145 0.0917419 -0.03042238 0.995318 -27.01389
0.9704674 0.2273773 -0.08057579 675.5191 -0.2239531 0.9733486 0.04937214 -87.67764 0.08965442 -0.02986886 0.9955249 -27.1604
