1.0 0.0 0.0 0.0 0.0 1.0 0.0 0.0 0.0 0.0 1.0 0.0
1.0 7.592577e-05 -6.378214e-05 0.003609679 -7.593282e-05 1.0 -0.0001103808 -0.003274421 6.377376e-05 0.0001103856 1.0 0.001506922
0.9999999 0.0004326133 -5.120645e-05 0.004304129 -0.0004326152 1.0 -3.593684e-05 -0.002327389 5.119091e-05 3.595899e-05 1.0 0.000287177
1.0 0.0002367151 5.682115e-06 -0.00127218 -0.0002367147 1.0 -8.440989e-05 -0.003689712 -5.702096e-06 8.440854e-05 1.0 0.0008958202
1.0 6.694852e-05 3.231698e-05 0.001182258 -6.694417e-05 1.0 -0.0001347985 0.002315032 -3.2326e-05 0.0001347963 1.0 -0.0008274652
1.0 0.0002254982 -1.267142e-05 0.002588172 -0.0002255008 1.0 -0.0002055641 -0.001118373 1.262506e-05 0.0002055669 1.0 0.0001481646
0.9999999 0.0002952823 -6.370818e-05 0.002462676 -0.0002952766 1.0 9.069958e-05 -0.0004755273 6.373495e-05 -9.068077e-05 1.0 0.001620984
1.0 0.000173885 -0.0001249593 0.005276658 -0.0001739008 1.0 -0.0001263635 -0.004188567 0.0001249373 0.0001263853 1.0 0.001112925
0.9999999 -0.0003438879 -2.642348e-05 0.008553895 0.0003438819 1.0 -0.0002261521 0.002159251 2.650125e-05 0.000226143 1.0 0.001861781
1.0 -1.300069e-05 5.649536e-06 0.001051223 1.300076e-05 1.0 -1.183471e-05 0.002835897 -5.649382e-06 1.183479e-05 1.0 0.001512587
1.0 0.0001200202 4.044159e-06 0.003107969 -0.0001200202 1.0 1.487284e-05 -0.002572941 -4.042374e-06 -1.487333e-05 1.0 0.0024987
1.0 -0.0001928079 9.826426e-05 0.01123949 0.0001928212 1.0 -0.0001349704 0.007884339 -9.823824e-05 0.0001349893 1.0 -0.001523287
1.0 0.000208867 -2.327137e-05 0.005912122 -0.0002088723 1.0 -0.0002284182 0.001453532 2.322367e-05 0.000228423 1.0 0.0003961062
0.9999999 0.0002800555 -7.804628e-05 0.003704302 -0.0002800664 1.0 -0.0001396655 -0.002558236 7.800716e-05 0.0001396874 1.0 0.001518618
1.0 0.0001699181 -4.753792e-05 0.0007387996 -0.0001699175 1.0 1.241523e-05 -0.004141352 4.754003e-05 -1.240715e-05 1.0 0.001265444
0.9999999 0.0004254989 -9.871009e-05 0.001801405 -0.000425504 1.0 -5.126252e-05 -0.0007487715 9.868827e-05 5.130452e-05 1.0 0.001628214
1.0 4.905458e-05 -5.795146e-05 -0.002863945 -4.90549e-05 1.0 -5.46871e-06 -0.00142631 5.795119e-05 5.471553e-06 1.0 0.00177993
1.0 0.000134826 -1.218175e-05 0.00157409 -0.0001348255 1.0 4.081248e-05 0.00545622 1.218725e-05 -4.081084e-05 1.0 0.001053381
0.9999999 0.0003219826 -0.0001126779 -0.002040859 -0.0003219764 1.0 5.500389e-05 0.0005309431 0.0001126956 -5.496761e-05 1.0 0.001795848
1.0 -0.0001716996 6.693221e-05 0.009170276 0.0001717001 1.0 -7.680525e-06 0.008930096 -6.693089e-05 7.692017e-06 1.0 3.396839e-06
0.9999999 -0.0002634165 -7.144523e-05 0.00657519 0.0002634069 1.0 -0.0001334445 0.007386721 7.148038e-05 0.0001334257 1.0 0.001015874
0.9999997 0.000750606 -2.73075e-05 -0.006297894 -0.0007506094 0.9999998 -0.0001247782 0.00013952 2.721383e-05 0.0001247986 1.0 -0.000365243
1.0 0.0001280363 -3.956853e-05 0.005582989 -0.0001280356 1.0 1.742586e-05 0.001375945 3.957076e-05 -1.74208e-05 1.0 0.001362928
1.0 -0.0001735232 -4.296365e-05 0.006182387 0.0001735156 1.0 -0.0001765688 0.003647114 4.299428e-05 0.0001765613 1.0 0.0001054294
0.9999999 -0.0002917493 -7.812228e-05 0.01038295 0.0002917509 1.0 1.909077e-05 0.00486634 7.81167e-05 -1.911356e-05 1.0 0.001953942
0.9999999 0.0003895305 -1.571689e-05 0.0001734411 -0.0003895311 1.0 -3.477753e-05 -0.001916412 1.570334e-05 3.478365e-05 1.0 -0.0007183902
1.0 0.0001864543 -2.937085e-05 0.004203483 -0.0001864589 1.0 -0.0001578442 -0.002685539 2.934142e-05 0.0001578496 1.0 -0.0005266169
1.0 5.78563e-05 -5.396901e-05 0.003303518 -5.785969e-05 1.0 -6.263163e-05 0.004064451 5.396539e-05 6.263476e-05 1.0 0.00248237
1.0 0.0002401886 -2.143901e-06 0.003696842 -0.0002401885 1.0 4.040855e-05 0.001501115 2.153606e-06 -4.040804e-05 1.0 0.001301665
1.0 9.033189e-05 2.332437e-05 0.000789353 -9.032785e-05 1.0 -0.0001732469 -0.001935855 -2.334002e-05 0.0001732448 1.0 0.0003351909
0.9999999 0.0004140059 -0.00014001 -0.0008734858 -0.00041402 1.0 -0.0001005863 -0.0003709409 0.0001399683 0.0001006443 1.0 0.001904369
1.0 0.0002152861 2.533191e-05 0.0003483137 -0.0002152885 1.0 9.330577e-05 0.001058019 -2.531183e-05 -9.331122e-05 1.0 -0.0002637866
1.0 8.072525e-05 -1.638457e-05 0.003639398 -8.072666e-05 1.0 -8.604355e-05 0.002354556 1.637763e-05 8.604487e-05 1.0 0.0005617288
1.0 -2.104788e-05 -3.588678e-05 0.0008264229 2.104608e-05 1.0 -5.003e-05 0.003546733 3.588783e-05 5.002924e-05 1.0 0.0008420789
0.9999999 -0.0002172661 -0.0001218975 0.002308258 0.000217268 1.0 1.55622e-05 0.003173539 0.0001218941 -1.558868e-05 1.0 0.001471644
0.9999999 0.000223054 -0.0003392491 0.001616442 -0.0002230497 1.0 1.25497e-05 0.002089272 0.0003392519 -1.247403e-05 0.9999999 -0.001110776
0.9999999 -0.0001663769 -0.0004883747 0.002917293 0.0001663153 0.9999999 -0.0001261703 0.0070535 0.0004883956 0.0001260891 0.9999999 -0.0007750703
0.9999998 -0.0002288146 -0.0006897812 0.006937009 0.0002288876 1.0 0.0001058485 0.004174868 0.000689757 -0.0001060064 0.9999998 -0.0005838147
0.9999998 -2.237847e-05 -0.000695264 0.003941113 2.239803e-05 1.0 2.812127e-05 0.01032902 0.0006952634 -2.813683e-05 0.9999998 0.0006237855
0.9999996 9.683699e-05 -0.0009018296 0.001693622 -9.674117e-05 0.9999999 0.0001062934 0.00137783 0.0009018399 -0.0001062061 0.9999996 4.254798e-05
0.9999996 0.000217669 -0.0009116646 0.001787864 -0.0002175083 0.9999999 0.0001763062 0.003271084 0.0009117029 -0.0001761078 0.9999996 0.001254133
0.9999995 -0.0003502747 -0.0009427583 0.004211706 0.0003503739 1.0 0.0001051221 0.004916145 0.0009427214 -0.0001054523 0.9999995 0.002278284
0.9999995 0.0002887066 -0.0009637104 0.006612872 -0.0002885771 1.0 0.0001344612 0.004280064 0.0009637492 -0.000134183 0.9999995 0.001916356
0.9999995 0.0002275056 -0.000928772 0.0005958678 -0.000227405 1.0 0.0001083563 0.003720737 0.0009287967 -0.000108145 0.9999996 0.001157565
0.9999995 -0.0001599899 -0.0009458812 -0.002657329 0.000160205 1.0 0.0002273302 0.01144908 0.0009458448 -0.0002274816 0.9999995 0.001725215
0.9999994 5.026066e-05 -0.001103087 0.002433795 -5.019521e-05 0.9999999 5.936132e-05 0.004045199 0.00110309 -5.930592e-05 0.9999994 0.001755478
0.9999995 -7.492648e-05 -0.0009773667 0.0006564112 7.51008e-05 1.0 0.0001783237 0.002313385 0.0009773534 -0.0001783971 0.9999995 0.0002646954
0.9999995 0.0001730201 -0.001019707 0.003545563 -0.0001729044 1.0 0.0001135764 0.0005608048 0.001019727 -0.0001134001 0.9999995 0.0009771355
0.9999995 9.816997e-05 -0.0009819627 -0.002291992 -9.807759e-05 1.0 9.412396e-05 0.0109972 0.000981972 -9.402761e-05 0.9999995 0.001016646
0.9999994 -0.0004374903 -0.001014615 0.009205976 0.0004376502 0.9999998 0.0001574558 0.01106052 0.001014546 -0.0001578997 0.9999995 0.0001155185
0.9999993 -0.0003302128 -0.001142566 0.009899634 0.0003303811 0.9999999 0.0001470652 0.004673555 0.001142518 -0.0001474426 0.9999993 0.001984072
0.9999994 0.0002850949 -0.001056818 -0.0004469345 -0.0002850117 0.9999999 7.886118e-05 0.002350808 0.00105684 -7.855993e-05 0.9999995 0.002521047
0.9999994 -3.132705e-05 -0.001092855 0.005289932 3.169915e-05 0.9999999 0.0003404691 0.001031936 0.001092845 -0.0003405036 0.9999993 0.001721356
0.9999994 1.635286e-05 -0.001096812 0.006343251 -1.619353e-05 0.9999999 0.0001452727 0.005233331 0.001096815 -0.0001452548 0.9999994 0.002213946
0.9999993 0.0004307253 -0.001056094 0.005349236 -0.0004305178 0.9999999 0.0001966955 0.005842454 0.001056178 -0.0001962407 0.9999994 -0.0003839839
0.9999991 -0.0002025725 -0.001324216 -0.001544197 0.000202721 0.9999999 0.0001120418 0.004215174 0.001324193 -0.0001123101 0.9999991 -5.719217e-05
0.9999992 -0.0004327816 -0.00121215 -0.003007092 0.0004330569 0.9999998 0.0002268198 0.004121189 0.001212051 -0.0002273445 0.9999992 0.002189967
0.9999991 0.0001435826 -0.001326728 -0.003661084 -0.0001433252 0.9999999 0.0001940881 0.0005619763 0.001326756 -0.0001938977 0.9999991 -0.0008159592
0.9999988 0.0002715609 -0.00151532 -0.00176299 -0.0002711941 1.0 0.0002423336 -0.002804242 0.001515385 -0.0002419224 0.9999988 0.0008355738
0.9999987 -0.0002726394 -0.001598794 0.001445787 0.0002733645 0.9999999 0.0004533654 0.005693942 0.00159867 -0.0004538019 0.9999986 0.001201011
0.9999985 -0.0001600599 -0.00173901 -0.0004907917 0.0001602531 1.0 0.0001109832 0.01152418 0.001738992 -0.0001112617 0.9999985 0.003389804
0.9999973 -0.000458076 -0.002295374 0.001706069 0.0004598386 0.9999995 0.0007674516 0.01328096 0.002295021 -0.000768505 0.9999971 -0.003786719
0.9999974 -0.0003318978 -0.002227995 -0.003827501 0.0003322201 0.9999999 0.0001443205 0.00555106 0.002227947 -0.0001450603 0.9999975 0.00610662
0.9999985 -0.0002681133 -0.001749435 -0.002241416 0.0002694365 0.9999996 0.000756162 0.006013262 0.001749231 -0.0007566322 0.9999982 -0.0004037677
0.9999978 -7.760864e-05 -0.002106974 -0.006604517 7.819897e-05 1.0 0.0002800957 0.009227419 0.002106952 -0.0002802598 0.9999977 0.002092311
0.9999981 -0.0001724691 -0.001945951 -0.001884734 0.0001735209 0.9999998 0.000540351 0.004243746 0.001945858 -0.0005406876 0.999998 -0.0006209254
0.999997 -0.0001734725 -0.002456843 -0.004505004 0.0001742838 0.9999999 0.0003300372 0.001711318 0.002456786 -0.0003304644 0.9999969 0.003157363
0.9999984 -0.0001863132 -0.001786411 -0.003962462 0.0001871844 0.9999999 0.0004875264 0.0006201435 0.00178632 -0.00048786 0.9999983 0.0009733008
0.9999973 -2.530848e-05 -0.002349029 0.0003507178 2.640319e-05 0.9999999 0.0004659949 0.006426529 0.002349017 -0.0004660556 0.9999971 -0.0005310138
0.9999978 -0.0003095893 -0.002089569 -0.005060361 0.000309866 1.0 0.0001320508 0.005977728 0.002089528 -0.000132698 0.9999978 0.003031533
0.9999977 0.0001357289 -0.002126351 -0.003608462 -0.0001347476 0.9999999 0.0004616005 0.003882951 0.002126413 -0.000461313 0.9999976 -0.0009588347
0.9999978 -0.0005109513 -0.002038508 0.004810094 0.0005117072 0.9999996 0.0003702885 0.005665996 0.002038318 -0.0003713309 0.9999979 0.00310874
0.9999977 0.0002771767 -0.002150339 -0.003868586 -0.0002759842 0.9999996 0.0005548414 -0.002642064 0.002150492 -0.0005542466 0.9999976 -0.0005217663
0.9999977 5.111477e-05 -0.002129219 -0.0009864809 -5.028694e-05 0.9999999 0.0003888461 0.005234495 0.002129239 -0.0003887381 0.9999977 0.001350528
0.999998 0.0001730341 -0.001995716 -0.001022148 -0.0001719371 0.9999999 0.0005498563 0.003177686 0.001995811 -0.000549512 0.9999979 -0.0003203837
0.9999974 -0.000200539 -0.002273005 0.00131507 0.0002016879 1.0 0.0005052677 -0.0004223349 0.002272903 -0.0005057249 0.9999973 0.002284869
0.999998 -0.0002242546 -0.001978748 -0.004931214 0.000225043 0.9999998 0.0003982652 0.003686263 0.001978659 -0.0003987097 0.999998 0.0001678635
0.9999974 -0.0002577596 -0.002251582 -0.007035258 0.0002584198 0.9999999 0.0002929437 0.004148616 0.002251506 -0.0002935248 0.9999974 -7.470229e-05
0.999998 -4.892987e-05 -0.002020767 -0.006859469 4.958006e-05 0.9999999 0.0003217073 -0.0001216296 0.002020751 -0.0003218069 0.9999979 0.001625391
0.9999976 -0.0003901093 -0.002155645 -0.0006888178 0.0003908876 0.9999999 0.0003606218 0.004180055 0.002155504 -0.0003614636 0.9999976 0.0003148609
0.9999978 -0.0004004636 -0.002066601 -0.003856487 0.0004009427 1.0 0.0002314046 0.00703539 0.002066508 -0.0002322327 0.9999979 0.002199652
0.9999976 0.0003338753 -0.002164796 -0.007670069 -0.0003329697 1.0 0.0004186838 0.006546425 0.002164936 -0.000417962 0.9999976 0.0002729641
0.9999977 0.0003926212 -0.002112033 -0.002881363 -0.0003918516 0.9999999 0.0003647875 0.002077776 0.002112176 -0.0003639591 0.9999977 0.001353362
0.999998 -0.0003836987 -0.001954869 -0.001012068 0.0003845079 0.9999998 0.0004135853 0.01077576 0.001954711 -0.0004143361 0.999998 -0.002094001
0.9999979 -0.0002426515 -0.002036819 -0.005237406 0.0002432214 0.9999999 0.0002795401 0.009238265 0.002036751 -0.0002800349 0.9999979 0.0004942309
0.9999978 0.0003752896 -0.002061584 -0.004350452 -0.0003744283 0.9999998 0.0004181931 0.002632208 0.00206174 -0.0004174203 0.9999978 0.002299897
0.9999977 -0.0001502721 -0.002137861 -0.001884136 0.0001511657 0.9999999 0.0004177979 -0.0004727769 0.002137799 -0.0004181202 0.9999976 0.001026438
0.9999979 -0.0002549288 -0.002068558 -0.006495769 0.0002556864 1.0 0.0003659897 0.003588628 0.002068465 -0.0003665179 0.9999978 8.034566e-05
0.9999977 0.000314796 -0.002124279 -0.006376382 -0.0003135035 0.9999999 0.0006087834 0.00356928 0.00212447 -0.000608116 0.9999976 0.0009231119
0.9999979 0.0002026054 -0.002048085 0.0008846226 -0.0002016472 1.0 0.0004680447 0.003156152 0.00204818 -0.0004676307 0.9999978 0.001010335
0.9999979 0.0001748518 -0.002050927 -0.01345784 -0.000174033 1.0 0.0003994089 0.001412351 0.002050997 -0.0003990511 0.9999978 0.001297197
0.9999978 -0.0002601628 -0.002079716 -0.008524018 0.0002607278 1.0 0.0002713992 0.004777585 0.002079645 -0.0002719408 0.9999978 0.0006010103
0.9999974 -0.0002318531 -0.00227965 -0.006856606 0.0002325826 1.0 0.000319746 -0.0006734846 0.002279575 -0.0003202754 0.9999974 0.002593879
0.9999977 -0.0003702355 -0.002084601 -0.005542371 0.0003707022 0.9999998 0.0002234809 0.001517336 0.002084518 -0.0002242532 0.9999978 0.0001040357
0.9999975 0.0003180735 -0.00221345 -0.01217053 -0.0003174319 0.9999999 0.0002902084 -0.006166951 0.002213542 -0.000289505 0.9999975 0.001189187
0.9999974 0.0001576249 -0.00226736 -0.002936092 -0.0001570201 1.0 0.0002669088 0.0008950422 0.002267401 -0.0002665521 0.9999974 0.002158561
0.9999979 -4.757998e-05 -0.002050126 -0.01194106 4.8339e-05 1.0 0.0003701882 0.001137286 0.002050109 -0.0003702865 0.9999979 0.0008897989
0.9999977 -2.569689e-05 -0.002133036 -0.008657033 2.639467e-05 0.9999999 0.000327102 0.002491329 0.002133027 -0.0003271576 0.9999977 -0.0002229302
0.9999978 -0.0001829408 -0.002098505 -0.005236231 0.0001837133 0.9999998 0.0003679054 -0.0001573793 0.002098437 -0.0003682901 0.9999977 0.000533214
0.9999974 0.0002441246 -0.002258482 -0.001962369 -0.0002428422 0.9999999 0.0005680819 0.0007326432 0.00225862 -0.0005675319 0.9999973 0.001508652
0.9999977 -7.322486e-05 -0.002119467 -0.005447444 7.404665e-05 0.9999999 0.0003876614 0.003989891 0.002119438 -0.0003878174 0.9999977 0.0001384557
0.999998 0.0003223745 -0.001970589 -0.003841782 -0.0003213859 0.9999998 0.0005020085 0.00506684 0.00197075 -0.0005013741 0.9999979 0.0009016736
0.9999976 -9.999997e-06 -0.002176212 -0.007919365 1.05938e-05 1.0 0.0002728517 0.001368056 0.002176209 -0.0002728741 0.9999976 0.002442403
0.9999979 -0.0002334333 -0.002033816 -0.002703582 0.0002342667 0.9999999 0.0004095659 0.001100977 0.00203372 -0.0004100415 0.9999979 0.0007773315
0.9999978 -9.298439e-05 -0.002109846 -0.004451262 9.363361e-05 0.9999999 0.0003076107 0.005732088 0.002109817 -0.0003078075 0.9999977 0.001847739
0.9999977 -0.0002655572 -0.002123249 -0.004319018 0.0002663372 0.9999999 0.0003670666 0.00485141 0.002123151 -0.0003676313 0.9999977 0.001030551
0.9999979 0.0001919008 -0.002054415 -0.002977582 -0.0001910252 1.0 0.0004264205 0.0040551 0.002054497 -0.0004260271 0.9999978 0.0002682158
0.9999973 0.0002832297 -0.002297812 -0.0003101374 -0.0002823611 0.9999998 0.0003783134 -0.005106335 0.002297919 -0.0003776636 0.9999973 0.002443811
0.9999976 -7.448308e-05 -0.002203706 -0.00309039 7.552745e-05 0.9999998 0.0004738297 0.001452168 0.002203671 -0.000473995 0.9999974 0.0006809661
0.9999976 9.670931e-05 -0.002176596 -0.006437232 -9.56959e-05 1.0 0.0004656962 -0.001122274 0.002176641 -0.0004654868 0.9999975 0.002458256
0.9999978 0.0001605797 -0.002082246 -6.284191e-05 -0.0001598069 1.0 0.0003713027 0.00223554 0.002082305 -0.0003709691 0.9999977 0.001221935
0.9999978 8.079193e-05 -0.002091891 -0.002783232 -8.007222e-05 1.0 0.0003441288 0.00428486 0.002091919 -0.0003439605 0.9999977 -0.0001650469
0.9999975 -0.0006317345 -0.002138528 0.004045472 0.0006325044 0.9999996 0.0003593584 0.009611454 0.0021383 -0.0003607101 0.9999977 0.001073255
0.9999979 -0.0001460258 -0.002063432 -0.00465033 0.0001468241 1.0 0.0003867444 0.01045321 0.002063375 -0.0003870465 0.9999978 0.001326398
0.9999979 -0.0003933803 -0.002023322 0.002624636 0.0003940837 0.9999999 0.0003472383 0.0078489 0.002023185 -0.0003480349 0.9999979 0.0008644928
0.9999978 -0.0001722223 -0.002100122 -0.005855147 0.0001731126 0.9999998 0.0004237254 0.007174456 0.002100049 -0.0004240881 0.9999977 -0.0003151364
0.9999976 0.0001355547 -0.002211191 -0.007467558 -0.0001347114 0.9999999 0.0003815329 0.00272754 0.002211243 -0.0003812342 0.9999975 0.001412283
0.9999978 0.0002108037 -0.002079928 -0.003586469 -0.0002101901 1.0 0.0002952317 0.002048888 0.00207999 -0.0002947939 0.9999978 -0.0004080074
0.9999978 1.810073e-05 -0.002098129 -0.0002932654 -1.71537e-05 0.9999998 0.0004513886 0.003663065 0.002098137 -0.0004513516 0.9999977 -0.000147747
0.9999977 -0.0002008526 -0.002138128 -0.0007819341 0.0002017842 0.9999999 0.0004355089 0.004209876 0.00213804 -0.0004359393 0.9999976 0.001757876
0.9999979 4.544595e-05 -0.002027598 -0.004732586 -4.484041e-05 0.9999999 0.000298689 0.01004237 0.002027612 -0.0002985974 0.9999979 0.0002354368
0.999998 -7.231736e-05 -0.002018485 0.0036689 7.324578e-05 0.9999999 0.0004598944 0.00461326 0.002018451 -0.0004600413 0.9999979 0.0004579352
0.9999977 -0.0001692221 -0.002120802 -0.003600676 0.000170001 0.9999999 0.0003670617 0.005538751 0.00212074 -0.0003674214 0.9999977 0.002958259
0.9999977 0.0002296176 -0.002138939 -0.001298178 -0.0002287235 0.9999999 0.0004182142 -0.001099839 0.002139035 -0.000417724 0.9999976 0.001050386
0.9999977 0.0002017913 -0.002125407 -0.002976029 -0.000200778 0.9999999 0.0004769567 0.001486952 0.002125503 -0.0004765288 0.9999976 0.001020258
0.9999976 -0.0002282834 -0.002162096 -0.001712277 0.0002289416 1.0 0.0003041778 0.003315622 0.002162026 -0.0003046721 0.9999976 4.798613e-05
0.9999976 -0.0001755629 -0.002209552 -0.005025193 0.000176362 0.9999998 0.0003614534 0.001455332 0.002209488 -0.0003618421 0.9999975 0.0008002642
0.9999974 -6.978105e-05 -0.002259278 0.001249381 7.094091e-05 0.9999999 0.0005132996 0.002972879 0.002259242 -0.0005134585 0.9999973 0.0008813935
0.9999977 7.14944e-05 -0.002131744 -0.006704953 -7.079618e-05 0.9999999 0.0003276085 0.001450898 0.002131767 -0.0003274568 0.9999977 0.002314604
0.9999974 -0.0002534225 -0.002270454 -0.002132947 0.0002542904 1.0 0.0003819893 0.004700693 0.002270357 -0.0003825657 0.9999974 0.002366012
0.9999976 -0.0001809348 -0.002211917 -0.0006367001 0.0001823081 0.9999999 0.0006206519 0.002240466 0.002211805 -0.0006210537 0.9999974 0.002238872
0.9999979 0.000275656 -0.002060334 -0.008136658 -0.0002746939 0.9999998 0.0004672044 0.003412529 0.002060462 -0.0004666375 0.9999978 -0.0008777984
0.9999979 -8.273459e-05 -0.002047173 -0.002267424 8.368334e-05 1.0 0.0004633674 0.006536577 0.002047134 -0.0004635377 0.9999978 0.0002418862
0.999998 2.441981e-05 -0.002021445 -0.009663208 -2.3718e-05 0.9999999 0.0003472049 0.003421978 0.002021453 -0.0003471562 0.9999979 -0.000412549
0.9999978 0.0001435561 -0.002098153 0.0006504349 -0.000142568 0.9999998 0.0004710568 0.002536233 0.002098221 -0.0004707566 0.9999977 0.0003899863
0.9999979 -6.407885e-05 -0.002053011 0.002761135 6.501176e-05 1.0 0.0004543459 0.009713842 0.002052982 -0.0004544785 0.9999978 0.001681421
0.9999979 -5.647899e-06 -0.002083455 -0.003893228 6.376433e-06 1.0 0.000349669 0.005598566 0.002083452 -0.0003496816 0.9999978 0.0005671511
0.9999977 0.0001846579 -0.002155707 -0.003721222 -0.0001838237 0.9999999 0.000387149 0.000111451 0.002155778 -0.0003867519 0.9999976 0.002403596
0.9999977 1.866486e-05 -0.002159473 -0.004907615 -1.760417e-05 1.0 0.000491199 -0.002154323 0.002159482 -0.0004911599 0.9999976 0.0009541907
0.9999979 -0.0003042043 -0.002006977 -0.002814495 0.0003052661 0.9999999 0.000528807 0.008328648 0.002006816 -0.0005294185 0.9999979 0.0009648605
0.9999979 -0.0001317268 -0.002077654 -0.001767312 0.0001325889 1.0 0.0004148311 0.007287893 0.002077599 -0.0004151056 0.9999977 0.002138794
0.9999976 0.0002149593 -0.002161486 -0.004843691 -0.0002141675 1.0 0.0003665508 -0.000796614 0.002161565 -0.000366087 0.9999976 0.002369276
0.9999976 0.0002579956 -0.002156164 -0.001573516 -0.0002570738 1.0 0.00042783 0.001118296 0.002156274 -0.0004272747 0.9999976 0.0006060794
0.9999976 0.0002115809 -0.002168333 -0.008508909 -0.0002104376 0.9999998 0.000527504 -0.0008339428 0.002168444 -0.0005270465 0.9999975 0.0009261352
0.9999979 -0.0002170684 -0.002071565 -0.001062766 0.0002175325 1.0 0.0002238048 0.005276304 0.002071516 -0.000224255 0.9999979 0.0001997138
0.999998 0.0002312103 -0.001981776 -0.004324484 -0.0002305735 0.9999998 0.0003215292 0.00661509 0.00198185 -0.0003210717 0.999998 0.001756561
0.9999982 -7.823707e-05 -0.001926656 0.004053325 7.912587e-05 1.0 0.0004612488 0.005884829 0.00192662 -0.0004614003 0.999998 -0.002818282
0.9999978 -0.0004031866 -0.002069605 0.003371692 0.0004038341 0.9999998 0.0003124295 0.01353838 0.002069478 -0.0003132646 0.9999978 0.002416043
0.9999979 -0.0005948606 -0.001981899 0.002830226 0.0005958428 0.9999998 0.0004950268 0.01254569 0.001981604 -0.0004962066 0.9999979 0.0002195975
0.9999974 -0.0004346337 -0.002208516 -0.005021077 0.0004351169 0.9999998 0.0002183213 0.0008672654 0.002208421 -0.0002192817 0.9999976 0.001166237
0.9999978 -0.0002525312 -0.002078358 -7.567923e-05 0.0002534433 0.9999998 0.0004385865 0.002305387 0.002078247 -0.0004391122 0.9999977 0.0008701223
0.9999977 -0.0004204827 -0.002087756 0.004821247 0.0004210943 0.9999998 0.0002925278 0.005973092 0.002087632 -0.0002934063 0.9999978 0.0001938865
0.9999979 -0.0003149633 -0.002028046 0.001485003 0.0003160265 0.9999999 0.0005239454 0.002371396 0.002027881 -0.0005245853 0.9999978 0.002511067
0.9999981 6.594379e-05 -0.001961963 -0.002805015 -6.493631e-05 0.9999998 0.0005135582 0.01184663 0.001961997 -0.0005134298 0.9999979 0.0007909904
0.9999979 -0.0002498258 -0.002049135 -0.003576043 0.0002506581 1.0 0.0004059186 0.005698116 0.002049033 -0.0004064314 0.9999978 8.013575e-05
0.999998 7.183618e-05 -0.002004448 -0.004769521 -7.108106e-05 0.9999999 0.0003767938 0.003535154 0.002004475 -0.0003766505 0.9999979 0.0006017281
0.9999976 -3.914188e-05 -0.002206177 -7.545197e-06 3.997472e-05 0.9999998 0.0003774592 0.002127128 0.002206162 -0.0003775465 0.9999975 0.0002106998
0.999998 -5.786461e-05 -0.002005378 0.003582955 5.887257e-05 0.9999999 0.000502574 0.00510963 0.002005349 -0.000502691 0.9999979 0.0004348826
0.9999981 -0.0004009726 -0.001914161 0.00165574 0.0004019944 0.9999996 0.0005334748 0.009467649 0.001913946 -0.0005342433 0.999998 0.0004111006
0.9999977 0.0002731769 -0.002118851 0.002515186 -0.0002723979 0.9999999 0.0003679106 0.002105832 0.002118951 -0.0003673326 0.9999977 0.001084845
0.9999977 -9.177966e-05 -0.002122528 -0.002663259 9.26197e-05 0.9999999 0.0003956787 0.004760695 0.002122492 -0.0003958744 0.9999977 0.0006707156
0.9999977 0.000483663 -0.002097717 -0.004993929 -0.0004827739 0.9999998 0.0004243441 -0.002034328 0.002097922 -0.0004233304 0.9999977 0.0006355252
0.999998 -0.0002461413 -0.001970303 -0.009142638 0.0002469037 0.9999998 0.0003867359 0.002719895 0.001970207 -0.0003872216 0.999998 0.0007827629
0.9999978 0.0003934024 -0.002064282 -0.001578431 -0.0003925623 0.9999998 0.0004073927 0.005024065 0.002064442 -0.0004065815 0.9999978 0.0003861994
0.9999978 0.000341652 -0.002079365 -0.006723178 -0.0003405119 0.9999998 0.0005485901 -0.003357456 0.002079553 -0.0005478808 0.9999977 0.001501037
0.9999976 -9.524111e-05 -0.002178506 0.001356518 9.605649e-05 1.0 0.0003741771 -0.002494295 0.002178471 -0.0003743855 0.9999976 0.001537566
0.9999979 -5.914494e-05 -0.002039452 0.001630926 6.003715e-05 0.9999999 0.0004374181 0.002882831 0.002039426 -0.0004375397 0.9999979 -7.767307e-05
0.9999978 0.0002460996 -0.002080252 -0.0008279335 -0.0002450021 0.9999998 0.0005278341 0.002019958 0.002080382 -0.0005273232 0.9999977 0.001141475
0.9999977 -0.0001906228 -0.002141923 0.0009877901 0.0001911204 0.9999999 0.000232128 0.005144773 0.002141879 -0.0002325368 0.9999977 0.001818636
0.9999977 -0.0002755951 -0.002137641 -0.002005596 0.000276443 0.9999999 0.000396364 0.002993658 0.002137531 -0.000396954 0.9999976 0.0009541852
0.9999977 -0.0001918206 -0.002147506 -0.0006901632 0.0001924933 0.9999999 0.0003130384 -0.000511424 0.002147446 -0.000313451 0.9999976 0.002711915
0.9999977 -0.0002383935 -0.00214922 -0.001271743 0.0002396016 0.9999999 0.0005618524 0.003772586 0.002149086 -0.000562366 0.9999976 0.001201593
0.9999977 6.462512e-06 -0.002147405 0.006045857 -5.185032e-06 0.9999999 0.0005948997 0.007022421 0.002147408 -0.0005948872 0.9999975 0.001869169
0.9999978 0.0001781855 -0.00209973 -0.007033758 -0.0001770795 0.9999998 0.0005268831 1.570872e-05 0.002099824 -0.0005265101 0.9999977 0.002071386
0.9999979 -0.0001522563 -0.002061754 0.0003411052 0.0001528085 1.0 0.0002676982 0.005302052 0.002061713 -0.0002680127 0.9999979 0.0005792934
0.999998 0.0002271873 -0.002005109 0.001837716 -0.0002260974 0.9999999 0.0005437777 0.006671847 0.002005232 -0.0005433232 0.9999979 0.0003039651
0.9999976 6.755934e-06 -0.002179602 0.003060147 -5.840542e-06 1.0 0.0004199873 0.002640706 0.002179604 -0.0004199735 0.9999976 0.001747891
0.9999978 3.622903e-05 -0.002097595 -0.001751259 -3.539864e-05 0.9999998 0.0003959114 0.0004278074 0.002097609 -0.0003958362 0.9999977 0.0006653604
0.9999977 -6.061798e-06 -0.0021177 -0.004752385 6.986319e-06 0.9999999 0.0004365616 -0.003331867 0.002117698 -0.0004365754 0.9999977 0.001453138
0.9999976 -0.0002661476 -0.002168119 0.000595684 0.0002670568 1.0 0.0004190631 0.003169043 0.002168008 -0.0004196411 0.9999976 0.002668716
0.9999975 7.943786e-05 -0.002230024 -0.008486595 -7.850151e-05 0.9999999 0.0004199687 0.00311471 0.002230057 -0.0004197926 0.9999974 0.002181256
0.9999977 5.56702e-05 -0.002137187 0.00417189 -5.495839e-05 0.9999999 0.0003331147 0.003620203 0.002137206 -0.0003329965 0.9999977 0.001432358
0.9999977 -0.0003949992 -0.002088401 0.009884337 0.0003960857 0.9999998 0.0005198994 0.008430091 0.002088195 -0.0005207253 0.9999977 0.002003327
0.9999977 0.0001673573 -0.002145181 0.0004574427 -0.0001663163 0.9999999 0.0004854324 0.002778588 0.002145262 -0.0004850745 0.9999976 0.00168384
0.9999978 0.0001566222 -0.002094117 -0.007124682 -0.0001557877 0.9999998 0.0003986311 0.008013144 0.002094179 -0.000398304 0.9999977 0.001134154
0.9999979 -9.780922e-06 -0.002028436 -0.001930204 1.058205e-05 0.9999999 0.0003949395 0.00414961 0.002028432 -0.0003949601 0.9999979 0.00164937
0.9999979 0.0002074877 -0.002030561 -0.001319986 -0.0002066924 0.9999999 0.0003918803 0.006324584 0.002030642 -0.0003914598 0.9999979 -0.00111109
0.9999979 -3.770961e-05 -0.00206939 0.003742196 3.8766e-05 0.9999998 0.0005104461 0.006079129 0.002069371 -0.0005105252 0.9999977 0.002507278
0.9999979 0.0002492196 -0.002025476 -0.002404261 -0.0002483581 0.9999999 0.0004255699 0.003728524 0.002025582 -0.000425066 0.9999979 8.20705e-05
0.999998 -0.0002234519 -0.002000666 0.001851164 0.0002240124 0.9999999 0.0002799783 0.00745601 0.002000603 -0.0002804259 0.999998 0.0006293593
0.999998 0.0001256063 -0.002004796 -0.004958798 -0.0001245456 0.9999999 0.0005291955 0.006656356 0.002004862 -0.0005289447 0.9999979 0.001114041
0.9999977 0.0003782204 -0.002105406 -0.006055154 -0.0003771763 0.9999999 0.0004962806 -0.003395432 0.002105593 -0.0004954854 0.9999977 0.0002086526
0.9999979 0.0002238488 -0.00203576 0.0001079347 -0.0002233439 0.9999999 0.0002481878 0.002231688 0.002035816 -0.0002477326 0.9999979 0.0008825502
0.9999979 0.0002197191 -0.002066498 -0.01109842 -0.0002184327 0.9999998 0.0006227394 -0.002993883 0.002066635 -0.0006222866 0.9999977 0.0008018846
0.9999977 0.0002606225 -0.00209927 -0.007641632 -0.0002599457 0.9999998 0.0003226734 0.002419051 0.002099354 -0.000322127 0.9999977 0.001004343
0.9999977 8.6132e-05 -0.00212314 -0.0007731596 -8.522325e-05 0.9999999 0.0004281071 0.006535727 0.002123176 -0.0004279252 0.9999977 0.002373081
0.9999979 0.0003569007 -0.002019434 -0.005592005 -0.0003561076 0.9999999 0.0003930585 0.00224025 0.002019575 -0.0003923386 0.9999979 3.589505e-05
0.999998 -8.165657e-05 -0.002003613 0.004883625 8.265633e-05 0.9999999 0.0004988996 0.007340046 0.002003572 -0.0004990642 0.9999979 0.001275258
0.999998 0.0002405153 -0.002009897 -0.001348501 -0.0002395236 0.9999999 0.0004936078 0.001202446 0.002010016 -0.0004931254 0.9999979 -0.0001192295
0.9999976 0.0001276016 -0.002183964 -0.005966302 -0.0001268534 1.0 0.0003427292 -0.0004203757 0.002184008 -0.0003424513 0.9999976 0.002226805
0.9999977 0.0001993836 -0.002110855 0.001624428 -0.0001985594 0.9999999 0.0003906518 0.00162987 0.002110933 -0.0003902317 0.9999977 0.002278857
0.9999976 0.0001898757 -0.002197482 -0.002841328 -0.0001892439 1.0 0.0002877048 0.001307864 0.002197536 -0.0002872883 0.9999976 0.003029868
0.9999976 -0.0001567201 -0.002195866 -0.002557608 0.0001574493 1.0 0.0003319403 0.002537206 0.002195813 -0.0003322852 0.9999976 0.001709479
0.9999979 -9.830426e-05 -0.002064128 0.002725657 9.877328e-05 1.0 0.0002271284 0.006886978 0.002064105 -0.0002273318 0.9999979 0.002321806
0.9999977 6.509302e-05 -0.002121948 -4.229991e-05 -6.435179e-05 0.9999999 0.0003493852 0.003577291 0.002121971 -0.0003492479 0.9999977 0.002525525
0.9999976 3.480073e-05 -0.002176934 -0.001509368 -3.380005e-05 1.0 0.0004597101 0.002387421 0.00217695 -0.0004596354 0.9999975 0.002489568
0.9999978 7.77376e-05 -0.002104785 -0.004220558 -7.679886e-05 0.9999999 0.0004460826 0.003427465 0.00210482 -0.00044592 0.9999977 0.0008474872
0.9999978 -2.426316e-05 -0.002090264 0.001362407 2.500096e-05 1.0 0.000352947 0.004736414 0.002090255 -0.0003529986 0.9999977 0.0005670047
0.9999977 -0.0001574714 -0.0021502 0.002986802 0.0001582626 0.9999999 0.0003678071 0.007881257 0.002150142 -0.0003681465 0.9999976 0.002019116
0.9999979 0.0001292911 -0.002046529 0.003198989 -0.0001280546 0.9999998 0.0006042701 0.00457098 0.002046607 -0.0006040068 0.9999977 0.0006411499
0.9999978 3.359858e-05 -0.002094727 0.00111195 -3.292001e-05 1.0 0.0003239739 0.003157347 0.002094737 -0.0003239042 0.9999977 0.001727159
0.9999977 -0.0002399548 -0.002141351 0.0009804594 0.0002408358 0.9999999 0.0004112075 0.001440961 0.002141252 -0.0004117223 0.9999976 -0.0005696024
0.999998 -0.0002260009 -0.00196132 0.003103778 0.0002268678 0.9999998 0.0004417826 0.01449086 0.00196122 -0.0004422267 0.999998 0.0009930985
0.9999976 -7.052605e-05 -0.002213501 -0.002014339 7.163231e-05 0.9999999 0.0004997053 0.002265456 0.002213466 -0.0004998626 0.9999974 0.002485185
0.9999977 0.000351565 -0.002114039 0.0002698663 -0.0003504811 0.9999999 0.0005130714 0.001394395 0.002114219 -0.0005123292 0.9999976 0.002221822
0.9999979 -7.262119e-05 -0.002044129 0.004768846 7.369702e-05 1.0 0.000526229 0.008478927 0.00204409 -0.0005263786 0.9999978 0.0008870313
0.9999978 2.031833e-07 -0.002093622 -0.000984368 4.237336e-07 1.0 0.0002994408 0.005336106 0.002093622 -0.000299441 0.9999977 0.002074192
0.9999978 0.0001410913 -0.002084196 -0.004617796 -0.000140072 0.9999998 0.0004891927 0.004796519 0.002084265 -0.0004888997 0.9999977 0.001586441
0.999998 -1.756227e-05 -0.001973721 -0.001686678 1.862844e-05 0.9999998 0.0005401645 0.01099345 0.001973711 -0.0005402002 0.9999979 0.0008260045
0.9999977 0.0001595219 -0.002138495 0.001936484 -0.0001585205 0.9999999 0.0004684153 0.00694887 0.002138569 -0.0004680752 0.9999976 0.003184702
0.9999977 0.0002330324 -0.002144872 -0.005818438 -0.0002323229 0.9999999 0.0003310448 0.002070955 0.002144949 -0.0003305457 0.9999976 0.0008144337
0.9999979 0.0001627573 -0.002073549 -0.002072914 -0.0001619517 1.0 0.0003886839 0.004517164 0.002073611 -0.0003883472 0.9999978 0.00238313
0.9999979 0.0001785782 -0.002060021 -0.006200165 -0.0001776184 1.0 0.0004660517 0.007532706 0.002060104 -0.0004656848 0.9999978 0.0006205442
0.999998 -8.71248e-05 -0.002022407 0.001372258 8.781419e-05 0.9999999 0.0003407939 0.008687345 0.002022377 -0.0003409708 0.9999979 -0.0001081102
0.9999979 -0.0001122754 -0.002069767 -0.005299919 0.0001129396 1.0 0.0003207709 0.004704549 0.002069731 -0.000321004 0.9999978 0.001280498
0.9999977 0.0003797639 -0.002095749 -0.009801308 -0.0003788395 0.9999998 0.000441466 -0.002185238 0.002095917 -0.000440671 0.9999977 0.001907022
0.9999977 -6.016363e-05 -0.002119743 0.001908153 6.079466e-05 0.9999999 0.0002976285 0.007221104 0.002119725 -0.0002977566 0.9999977 0.001287346
0.9999976 0.0001826572 -0.002197345 -0.004525107 -0.0001819329 1.0 0.0003297876 0.004050433 0.002197405 -0.000329387 0.9999976 0.002120199
0.999998 -0.0001387477 -0.001990051 -0.008944924 0.0001396324 0.9999999 0.0004444421 0.008506189 0.001989989 -0.0004447191 0.9999979 0.0006238036
0.9999978 -0.0004250156 -0.002056756 0.0004416324 0.0004257689 0.9999998 0.0003658018 0.01132596 0.0020566 -0.0003666767 0.9999978 0.001373934
0.9999976 -0.0003982853 -0.002154617 -0.001953803 0.0003990853 0.9999999 0.0003709085 0.007002715 0.002154469 -0.0003717675 0.9999976 0.002518391
0.9999979 -0.0001261758 -0.002024861 -0.001003778 0.000127085 0.9999999 0.000448889 0.004925168 0.002024804 -0.0004491454 0.9999979 0.0006037052
0.9999976 -0.0003255417 -0.002156428 -0.00375257 0.000326203 1.0 0.0003063297 0.004850328 0.002156327 -0.0003070324 0.9999976 0.002188654
0.9999977 -0.0002710889 -0.002110856 0.003952861 0.0002718591 0.9999999 0.0003645755 0.002628951 0.002110757 -0.0003651485 0.9999977 0.001505466
0.9999978 -0.0001286395 -0.002089947 -0.005827031 0.0001291665 1.0 0.0002520152 0.005989081 0.002089914 -0.0002522846 0.9999978 -8.109409e-05
0.9999977 -0.0001872902 -0.002120549 -0.002552498 0.0001882913 0.9999999 0.0004718959 0.005816883 0.002120461 -0.0004722941 0.9999976 0.002282563
0.999998 -0.000317095 -0.00199058 0.002824045 0.0003182412 0.9999999 0.0005755593 0.004245373 0.001990397 -0.0005761917 0.9999979 0.0001861273
0.9999979 5.147949e-05 -0.002082644 -0.004059357 -5.065311e-05 1.0 0.0003968441 -0.00433483 0.002082664 -0.0003967377 0.9999977 0.0001294795
0.9999977 -0.0001921028 -0.002143127 -0.000856073 0.0001931846 0.9999999 0.0005046059 0.005158379 0.00214303 -0.0005050187 0.9999976 0.002001038
0.9999978 -0.0001095369 -0.002107165 -0.0008735106 0.000110503 0.9999999 0.000458352 0.004130807 0.002107114 -0.0004585839 0.9999977 0.0007183366
0.999998 -0.000249813 -0.002008249 -0.0008062512 0.0002503843 0.9999999 0.0002842171 0.00323687 0.002008178 -0.0002847194 0.9999979 0.0007430527
0.9999977 -0.0001076396 -0.002160827 -0.001045722 0.0001084411 1.0 0.0003708098 0.003591109 0.002160787 -0.0003710433 0.9999976 0.001697301
0.9999978 -0.0001010809 -0.002094742 0.005410832 0.0001020397 0.9999998 0.0004576049 0.009748227 0.002094696 -0.0004578176 0.9999977 0.0005287273
0.9999979 0.0001003287 -0.002042949 0.002966307 -9.939427e-05 1.0 0.0004574966 0.00563917 0.002042994 -0.0004572925 0.9999978 0.002474422
0.9999977 -0.0003699418 -0.00213126 -0.002483976 0.0003707946 0.9999999 0.0003997796 0.006723373 0.002131112 -0.0004005689 0.9999977 0.002114433
0.9999978 0.0001078841 -0.002106493 -0.005087166 -0.000106733 0.9999999 0.0005465522 0.005722362 0.002106552 -0.0005463261 0.9999976 0.001759813
0.9999977 5.505576e-05 -0.002154776 -0.003951572 -5.402542e-05 0.9999999 0.0004782206 0.0001334731 0.002154802 -0.000478103 0.9999976 0.00272981
0.9999979 -9.368032e-05 -0.002027644 -0.003489982 9.418531e-05 0.9999999 0.0002489606 0.004569002 0.002027621 -0.0002491511 0.9999979 0.0007938276
0.9999978 -0.0002500212 -0.002073846 0.004514962 0.0002508084 1.0 0.0003793184 0.008786067 0.002073751 -0.0003798377 0.9999978 0.001824223
0.9999977 -0.0001165528 -0.002117176 -0.00310158 0.0001175263 0.9999999 0.0004597049 0.004401647 0.002117122 -0.0004599527 0.9999977 0.002700893
0.9999979 -0.000210455 -0.002033419 0.006005548 0.0002114186 0.9999999 0.0004736455 0.008203409 0.002033318 -0.0004740744 0.9999978 0.001309453
0.9999982 1.828887e-05 -0.00193221 -0.004681472 -1.775705e-05 1.0 0.0002752595 0.00389201 0.001932215 -0.0002752247 0.9999981 0.0001978666
0.999998 -6.139967e-06 -0.001990459 -0.003429319 6.738126e-06 1.0 0.0003005061 0.005163755 0.001990457 -0.0003005189 0.999998 0.00101557
0.9999979 -6.098485e-05 -0.002064123 0.0006331449 6.185246e-05 1.0 0.0004202689 0.004063732 0.002064098 -0.0004203956 0.9999978 0.001159828
0.9999977 4.648144e-05 -0.002153908 -0.0005911171 -4.56349e-05 0.9999999 0.0003930716 0.005238972 0.002153926 -0.0003929724 0.9999976 0.002398115
0.9999979 0.0003094667 -0.002059471 -0.001586399 -0.0003088019 1.0 0.0003230977 0.003755965 0.002059571 -0.000322461 0.9999979 0.002007499
0.9999979 -0.0003313135 -0.002032171 -0.00109407 0.0003321406 0.9999999 0.0004066611 0.01331636 0.002032036 -0.0004073352 0.9999979 0.0005814442
0.9999979 0.000217836 -0.002017466 -0.006447357 -0.0002167476 0.9999999 0.0005397115 0.005267382 0.002017583 -0.0005392731 0.9999978 0.001535316
0.9999979 -0.0002024702 -0.002048783 -0.005027926 0.0002034233 1.0 0.0004650237 0.004242527 0.002048689 -0.0004654395 0.9999978 0.0004792819
0.9999977 -0.0002528019 -0.002122313 -0.000586489 0.0002534731 0.9999999 0.0003160212 0.003249039 0.002122233 -0.0003165584 0.9999977 0.001112296
0.9999979 -0.0003522437 -0.002055012 0.00272526 0.0003533705 0.9999998 0.0005479679 -0.0005135958 0.002054819 -0.0005486929 0.9999977 0.002270363
0.9999979 -0.0004310981 -0.002040873 0.00158872 0.0004319164 0.9999999 0.0004005483 0.002257554 0.0020407 -0.000401429 0.9999979 -0.0001253663
0.9999978 3.220581e-05 -0.002090058 -0.003262067 -3.134009e-05 0.9999998 0.0004142399 0.006200794 0.002090071 -0.0004141735 0.9999977 0.002385995
0.9999978 -0.0004020884 -0.002053998 0.002193866 0.0004028065 1.0 0.0003492008 0.007491556 0.002053857 -0.0003500274 0.9999979 0.001095262
0.9999977 -0.0002972583 -0.002119083 0.006699392 0.0002980298 0.9999999 0.0003637267 0.009462207 0.002118975 -0.0003643575 0.9999977 0.002421702
0.9999978 0.0001117944 -0.002104169 -0.004564865 -0.0001111368 0.9999999 0.0003126071 0.005663146 0.002104204 -0.0003123725 0.9999977 0.001354895
0.9999977 -0.0003081684 -0.002117645 -0.002782749 0.0003089709 0.9999999 0.0003786431 0.006580254 0.002117528 -0.0003792965 0.9999977 0.002057496
0.9999979 7.54067e-05 -0.002069542 -0.009305679 -7.500603e-05 1.0 0.000193684 0.007674736 0.002069557 -0.0001935283 0.9999979 0.001695513
0.9999977 -0.0005633402 -0.002085648 -0.003342433 0.0005638436 0.9999998 0.0002407725 0.01201259 0.002085512 -0.0002419479 0.9999978 0.002643604
0.9999979 -4.82822e-05 -0.002037989 -0.00213488 4.912054e-05 0.9999999 0.0004113069 0.006406346 0.002037969 -0.0004114061 0.9999979 0.001660837
0.9999978 -0.0001841476 -0.002088226 0.001972783 0.0001849579 0.9999998 0.0003878371 0.002550811 0.002088154 -0.0003882225 0.9999977 0.001692713
0.9999977 -0.0004265813 -0.002095723 0.002311785 0.0004271116 0.9999998 0.0002525891 0.008935915 0.002095615 -0.0002534837 0.9999978 0.0003959234
0.9999978 -0.0002938585 -0.002066675 0.002509441 0.0002944481 1.0 0.0002849568 0.003954334 0.002066592 -0.0002855647 0.9999978 0.0009656816
0.9999981 -0.0002732087 -0.001948129 0.009152915 0.0002736745 1.0 0.0002388553 0.007832511 0.001948064 -0.000239388 0.9999981 -3.27468e-05
0.9999978 3.338299e-06 -0.002090608 -0.003779796 -2.363195e-06 0.9999998 0.0004664237 0.002373011 0.002090609 -0.0004664178 0.9999977 0.001478878
0.9999979 -0.0005214449 -0.001997955 0.002238702 0.0005219711 0.9999999 0.0002628621 0.008430494 0.001997818 -0.0002639044 0.999998 0.0003530209
0.9999977 -2.098544e-05 -0.002132712 -0.002306001 2.190556e-05 0.9999999 0.0004314061 0.005346299 0.002132703 -0.0004314519 0.9999976 0.003537171
0.9999978 -0.0003541201 -0.002056997 0.005825132 0.0003549022 1.0 0.0003798918 0.01154693 0.002056862 -0.0003806211 0.9999978 0.0008514913
0.9999978 0.000150685 -0.002094471 -0.001343565 -0.0001497647 0.9999998 0.0004395397 0.002824306 0.002094537 -0.0004392251 0.9999977 0.0008111116
0.9999979 -0.0004987551 -0.002012325 -0.0004080281 0.0004993363 0.9999999 0.0002883293 0.009290816 0.00201218 -0.0002893335 0.9999979 0.0002571597
0.9999978 -0.0002369407 -0.00209643 0.0008671146 0.0002377001 0.9999998 0.0003620053 0.007905283 0.002096344 -0.0003625028 0.9999977 0.000838823
