1.0 0.0 0.0 0.0 0.0 1.0 0.0 0.0 0.0 0.0 1.0 0.0
0.9999755 -0.005692962 0.00407462 0.119905 0.005689002 0.9999833 0.000982797 0.04673298 -0.004080147 -0.0009595923 0.9999912 0.02115604
0.9999294 -0.003333339 0.01140955 0.02591672 0.003357595 0.9999921 -0.002107401 0.04210212 -0.01140244 0.002145561 0.9999327 0.1143106
0.9998494 -0.004955195 0.01663366 0.09735268 0.005036624 0.9999756 -0.004857125 0.05181427 -0.01660919 0.004940171 0.9998499 0.1237164
0.9997609 -0.004311763 0.02143662 0.0389278 0.004477154 0.9999605 -0.007673332 0.08532912 -0.02140269 0.007767473 0.9997408 0.207359
0.9997537 -0.01365398 0.01749413 0.1212946 0.01379119 0.9998748 -0.007746533 0.1437733 -0.01738617 0.00798589 0.999817 0.1866876
0.9994996 -0.01820391 0.02586944 0.01832591 0.0184255 0.9997953 -0.008353314 0.2127973 -0.02571208 0.008825791 0.9996305 0.2004884
0.9996284 -0.02018684 0.01832051 -0.002948703 0.02034449 0.9997572 -0.008459873 0.2623503 -0.01814528 0.00882945 0.9997964 0.1907133
0.9996496 -0.02070284 0.01649164 0.1386568 0.02076042 0.999779 -0.003328093 0.2690462 -0.01641909 0.003669301 0.9998584 0.1298848
0.9994153 -0.02604998 0.02214498 -0.03991785 0.02621951 0.9996289 -0.007400052 0.3704833 -0.02194399 0.007976356 0.9997274 0.1987607
0.999665 -0.02198251 0.01366421 0.06151458 0.0220734 0.999735 -0.006536979 0.3593596 -0.01351689 0.006836405 0.9998853 0.2174809
0.9995816 -0.01672666 0.02359872 0.1686047 0.01684614 0.9998462 -0.00487326 0.4204939 -0.02351358 0.005268769 0.9997096 0.2047099
0.9994447 -0.02410965 0.02300281 0.1371309 0.02410608 0.9997091 0.0004326722 0.5470589 -0.02300656 0.0001220758 0.9997353 0.2289201
0.9994963 -0.01451821 0.02821802 0.2711997 0.0146176 0.9998876 -0.003319305 0.4953153 -0.02816666 0.003730113 0.9995963 0.2346362
0.9996204 -0.01777366 0.02104967 0.258359 0.01773613 0.9998407 0.001968643 0.5678201 -0.02108131 -0.001594556 0.9997765 0.2082568
0.999561 -0.01796549 0.02356262 0.2623907 0.0180342 0.9998336 -0.00270683 0.6055815 -0.02351007 0.003130574 0.9997187 0.2426174
0.9995782 -0.001793433 0.02898713 0.4652327 0.001837518 0.9999973 -0.001494269 0.5687742 -0.02898437 0.001546903 0.9995787 0.2211474
0.999769 -1.261867e-05 0.0214924 0.5374606 8.743723e-05 0.999994 -0.003480228 0.5668355 -0.02149222 0.003481303 0.999763 0.2344879
0.9997604 -0.006517622 0.02089339 0.4569943 0.006586957 0.9999729 -0.003251405 0.6015475 -0.02087163 0.00338825 0.9997764 0.2401682
0.9992574 0.01236081 0.03649561 0.731344 -0.0123485 0.9999237 -0.0005627268 0.5474225 -0.03649977 0.0001116431 0.9993337 0.2206239
0.9996493 0.01259503 0.02329264 0.7584287 -0.01248144 0.9999094 -0.005015518 0.5348751 -0.0233537 0.004723033 0.9997161 0.2723221
0.9997139 0.001336767 0.02388143 0.8655165 -0.001368903 0.9999981 0.001329352 0.5662156 -0.0238796 -0.001361664 0.9997139 0.2055308
0.9996485 0.00283256 0.02636174 0.852743 -0.002699325 0.9999834 -0.005088344 0.5555114 -0.02637571 0.005015396 0.9996395 0.2520895
0.9991928 0.01903052 0.03537882 1.21725 -0.01908111 0.9998175 0.001092942 0.4488546 -0.03535156 -0.001767127 0.9993734 0.2226961
0.9993584 0.02512581 0.0255229 1.747945 -0.02548096 0.9995816 0.01368612 0.3799836 -0.02516835 -0.01432769 0.9995806 0.1431723
0.9992683 0.00959561 0.03702403 1.245667 -0.009499151 0.9999511 -0.002780361 0.4975979 -0.03704889 0.00242663 0.9993105 0.1932339
0.9994371 0.01250597 0.03113035 1.360491 -0.01235067 0.9999104 -0.005176021 0.437133 -0.03119229 0.004788627 0.9995019 0.2069525
0.9994556 0.01714068 0.02819227 1.940595 -0.0174406 0.9997934 0.01042693 0.3610739 -0.02800772 -0.01091294 0.9995481 0.1002721
0.9993638 0.02093162 0.02887638 2.615402 -0.02150723 0.9995732 0.01976904 0.2909998 -0.02845026 -0.02037751 0.9993875 0.07958215
0.9993262 0.02195483 0.02941309 2.775136 -0.02242203 0.999626 0.01564936 0.3000342 -0.02905851 -0.01629832 0.9994448 0.04924001
0.9994345 0.01707873 0.02896487 2.375823 -0.01734051 0.9998108 0.008811102 0.345265 -0.0288089 -0.009308386 0.9995416 0.09661921
0.9995198 0.01486032 0.02718934 2.872626 -0.01533164 0.9997344 0.01720931 0.3094553 -0.02692638 -0.0176179 0.9994822 0.06725396
0.9996479 0.01852821 0.01899732 3.370612 -0.01895941 0.9995608 0.02277478 0.2742175 -0.018567 -0.02312694 0.9995601 0.05070466
0.999396 0.02458546 0.0245577 3.261669 -0.02490561 0.9996077 0.01281719 0.2919572 -0.02423295 -0.01342108 0.9996163 0.05215639
0.9995508 0.02138487 0.02100016 3.457656 -0.02182684 0.9995401 0.0210472 0.2735299 -0.02054041 -0.02149611 0.9995579 0.0198127
0.9996057 0.01967895 0.02002733 3.629096 -0.02016695 0.9994973 0.02446353 0.2520717 -0.01953584 -0.02485777 0.9995001 -0.01486134
0.9991521 0.02445068 0.03312345 3.574125 -0.02476293 0.9996525 0.0090497 0.266666 -0.03289066 -0.00986226 0.9994103 0.02893483
0.999488 0.02046783 0.02459222 3.755728 -0.02083153 0.999676 0.01462521 0.2490888 -0.0242849 -0.01513002 0.9995906 0.01255561
0.9996054 0.01946376 0.02025261 3.994876 -0.01985404 0.9996175 0.01925146 0.2319283 -0.01987016 -0.01964596 0.9996095 -0.0299207
0.9992197 0.02674075 0.02906621 4.266176 -0.02715081 0.999536 0.01380572 0.2234533 -0.02868355 -0.01458412 0.9994822 0.00838
0.9994534 0.02448903 0.02220659 4.313421 -0.02476437 0.9996185 0.01220984 0.2079809 -0.02189912 -0.0127531 0.9996789 0.01730132
0.9995288 0.02432983 0.01871661 4.538973 -0.02465018 0.9995502 0.01707955 0.1958841 -0.01829265 -0.01753287 0.9996789 -0.0004767056
0.9992562 0.0268807 0.0276493 4.754046 -0.02709387 0.9996058 0.007364143 0.1692939 -0.02744044 -0.008107792 0.9995906 0.008031065
0.9992504 0.02848645 0.02621578 5.086169 -0.02861094 0.9995811 0.004385439 0.1411185 -0.02607987 -0.00513221 0.9996467 0.02247358
0.9992543 0.02849486 0.02605561 5.244666 -0.02877483 0.9995315 0.01043379 0.1203217 -0.02574609 -0.01117575 0.999606 0.01523656
0.9991996 0.02835462 0.02821822 5.356416 -0.02844929 0.999591 0.002959205 0.09622069 -0.02812276 -0.003759625 0.9995974 0.02353929
0.9991372 0.02977557 0.02895147 5.678353 -0.02989178 0.9995468 0.00358926 0.06862616 -0.02883147 -0.004451574 0.9995744 0.03759447
0.9990671 0.03084577 0.03022493 5.913091 -0.03079434 0.9995233 -0.002165664 0.03357168 -0.03027733 0.001232887 0.9995408 0.0586694
0.9990323 0.03087495 0.03132451 6.023213 -0.03091302 0.999522 0.0007316136 0.01628193 -0.03128694 -0.001699241 0.999509 0.0719908
0.9990953 0.03197001 0.02804412 6.289201 -0.03206997 0.9994807 0.003121713 -0.02179707 -0.02792976 -0.004018263 0.9996018 0.03636095
0.9990077 0.03321462 0.02967227 6.563319 -0.03328501 0.9994442 0.001881571 -0.05497798 -0.02959328 -0.002867345 0.9995579 0.04520249
0.998922 0.03317599 0.03246664 6.740299 -0.03320629 0.9994483 0.0003945203 -0.09033269 -0.03243565 -0.001472192 0.9994727 0.05362744
0.9989458 0.03254445 0.032376 7.031183 -0.032705 0.9994552 0.004441555 -0.125888 -0.03221381 -0.005495729 0.9994659 0.02388162
0.9989787 0.03128055 0.03260323 7.249691 -0.0314327 0.9994972 0.004164529 -0.1576278 -0.03245657 -0.005185083 0.9994597 0.02331281
0.9989774 0.03070138 0.03318896 7.497479 -0.03080627 0.999522 0.00265343 -0.1934407 -0.03309162 -0.003673145 0.9994456 0.04002105
0.9990118 0.0293272 0.03339772 7.725285 -0.02943061 0.9995633 0.002609044 -0.2285807 -0.03330662 -0.003589381 0.9994388 0.0370088
0.9989273 0.02700105 0.03761924 8.004797 -0.02714527 0.9996259 0.003328092 -0.2623133 -0.0375153 -0.004345706 0.9992866 0.05168724
0.9992052 0.0237806 0.03199282 8.323714 -0.02398326 0.9996945 0.005965905 -0.303429 -0.03184118 -0.006728455 0.9994703 -0.004990401
0.9992919 0.01941906 0.03222691 8.584592 -0.01964228 0.9997852 0.006624572 -0.3194427 -0.03209134 -0.007252891 0.9994586 -0.03397518
0.9993154 0.01615205 0.03328402 8.787864 -0.01641558 0.9998358 0.007659742 -0.3256471 -0.03315483 -0.008200875 0.9994166 -0.02319994
0.9993451 0.01326112 0.03366858 9.031218 -0.01356908 0.9998682 0.00893486 -0.3278928 -0.03354565 -0.009385861 0.9993931 -0.0321875
0.9994177 0.01271861 0.0316623 9.326982 -0.01307355 0.9998537 0.0110283 -0.3414367 -0.0315174 -0.01143581 0.9994378 -0.04489897
0.9994678 0.01207758 0.03030217 9.613232 -0.01242016 0.9998606 0.01114306 -0.3460978 -0.03016337 -0.01151349 0.9994787 -0.06242727
0.9995252 0.01297393 0.02794676 9.898375 -0.01331566 0.9998384 0.01207685 -0.3578302 -0.02778556 -0.01244325 0.9995365 -0.06944163
0.9994936 0.01361627 0.02875986 10.15068 -0.01397103 0.9998283 0.01217029 -0.3748856 -0.02858921 -0.01256593 0.9995123 -0.08643036
0.999468 0.01449096 0.02921931 10.40114 -0.0148111 0.9998322 0.01077017 -0.3853737 -0.02905834 -0.01119721 0.999515 -0.06268116
0.9994495 0.01476222 0.02971265 10.74841 -0.01509385 0.9998258 0.0109682 -0.4025759 -0.02954557 -0.01141064 0.9994983 -0.06511018
0.9993962 0.01623324 0.03071986 10.99713 -0.01658129 0.9998009 0.01110917 -0.4246333 -0.0305334 -0.01161184 0.9994663 -0.06603225
0.9993929 0.01733419 0.03022349 11.28568 -0.01771147 0.9997679 0.01226022 -0.4478485 -0.03000395 -0.01278807 0.999468 -0.0806165
0.999458 0.01815241 0.02746252 11.56938 -0.01847845 0.9997612 0.01166513 -0.4673169 -0.02724421 -0.01216627 0.9995548 -0.107278
0.9993851 0.01886226 0.02955829 11.89032 -0.01916336 0.9997671 0.009936793 -0.4908941 -0.02936397 -0.01049712 0.9995137 -0.1039538
0.9993067 0.01926424 0.03185768 12.10625 -0.01955324 0.9997704 0.008785095 -0.5120646 -0.03168112 -0.009401925 0.9994538 -0.07263903
0.9991202 0.01969479 0.03702654 12.35635 -0.019937 0.9997821 0.006183547 -0.5332467 -0.03689669 -0.006916304 0.9992952 -0.04257
0.9992376 0.02018016 0.03342069 12.61947 -0.0204355 0.9997644 0.007316376 -0.5637271 -0.03326517 -0.007993767 0.9994146 -0.06492206
0.9992444 0.0208563 0.03279815 12.8118 -0.02114846 0.9997395 0.008586401 -0.5962346 -0.03261052 -0.009273544 0.9994251 -0.06839836
0.9993118 0.02058607 0.0308573 13.16031 -0.02084206 0.9997509 0.0079974 -0.6309137 -0.03068498 -0.008635026 0.9994918 -0.08669607
0.9994082 0.01955286 0.02830083 13.45323 -0.01978285 0.9997731 0.007869598 -0.6664928 -0.02814054 -0.008424812 0.9995685 -0.1156625
0.9994144 0.01767015 0.02930247 13.67038 -0.01790724 0.9998089 0.007848362 -0.6916371 -0.02915819 -0.008368492 0.9995398 -0.1155198
0.9995191 0.01590529 0.02662111 13.95123 -0.0161121 0.9998416 0.007572071 -0.7142043 -0.02649646 -0.007997352 0.9996169 -0.1267058
0.9995441 0.01530129 0.02602795 14.18731 -0.0155093 0.9998492 0.007808789 -0.736774 -0.02590454 -0.008208904 0.9996307 -0.1240698
0.999544 0.01470585 0.02637235 14.42211 -0.01491835 0.9998578 0.007879113 -0.7499403 -0.02625272 -0.008268951 0.9996212 -0.1446919
0.9994192 0.01471671 0.0307367 14.62274 -0.01496879 0.999856 0.007987302 -0.7688493 -0.03061473 -0.008442754 0.9994956 -0.1153394
0.9995579 0.01444656 0.02598557 14.81236 -0.01466484 0.9998586 0.008229113 -0.7896284 -0.02586301 -0.00860655 0.9996284 -0.159613
0.9995018 0.01389875 0.02833528 15.08735 -0.01407857 0.999882 0.006156578 -0.8049866 -0.02824637 -0.006552431 0.9995795 -0.1204914
0.9995698 0.01322341 0.02617798 15.28246 -0.01341331 0.9998848 0.007091923 -0.828729 -0.02608119 -0.007440005 0.9996321 -0.1483473
0.999584 0.0128769 0.02580629 15.49266 -0.01307444 0.9998864 0.007500648 -0.8497249 -0.02570677 -0.007834931 0.9996388 -0.1458787
0.9996357 0.01118413 0.02456319 15.68132 -0.01138095 0.9999042 0.007887665 -0.8678355 -0.02447262 -0.008164344 0.9996672 -0.1513669
0.9997607 0.009923255 0.01949602 15.91727 -0.01009406 0.9999114 0.008682327 -0.8851404 -0.01940814 -0.008877045 0.9997723 -0.1800293
0.9996894 0.008482053 0.02343441 16.1165 -0.008667163 0.9999319 0.007808842 -0.9003561 -0.02336658 -0.008009527 0.9996949 -0.1426256
0.9997079 0.007189548 0.02307602 16.25435 -0.007424963 0.9999212 0.01013229 -0.9115848 -0.02300135 -0.01030067 0.9996824 -0.1708452
0.9997647 0.005367487 0.02101715 16.44832 -0.005549088 0.9999477 0.008591876 -0.9211227 -0.02096994 -0.008706481 0.9997422 -0.1854255
0.9997306 0.003250696 0.02298059 16.61634 -0.003466542 0.9999502 0.009358946 -0.9279667 -0.02294903 -0.009436088 0.9996921 -0.1906121
0.9997994 0.0007274387 0.02001363 16.85504 -0.0008905338 0.9999664 0.008141491 -0.9315779 -0.02000704 -0.008157681 0.9997665 -0.1889383
0.9998518 0.0001786221 0.01721424 17.07289 -0.0003156774 0.9999682 0.007959346 -0.9363636 -0.01721228 -0.007963601 0.9998202 -0.2017428
0.9997581 6.398401e-05 0.02199346 17.26389 -0.0002866609 0.9999486 0.01012168 -0.9334524 -0.02199168 -0.01012554 0.9997069 -0.1982184
0.999732 0.0005859177 0.02314388 17.4748 -0.0008454184 0.9999368 0.01120431 -0.937412 -0.02313585 -0.01122087 0.9996694 -0.1933629
0.9996747 0.001047651 0.02548428 17.67002 -0.001386173 0.999911 0.0132695 -0.9489099 -0.02546811 -0.01330051 0.9995872 -0.2241431
0.9997343 0.0004625201 0.02304629 17.85457 -0.0007284121 0.9999331 0.01153024 -0.9429584 -0.02303942 -0.01154396 0.9996679 -0.2181423
0.9994934 0.0006998422 0.03181838 18.11485 -0.001152241 0.9998984 0.01420204 -0.9442809 -0.03180521 -0.01423151 0.9993927 -0.21482
0.9996003 0.001237938 0.02824371 18.34659 -0.001647591 0.9998937 0.01448554 -0.9496195 -0.02822278 -0.01452629 0.9994961 -0.2339102
0.9994385 0.0003329996 0.03350604 18.53659 -0.0008147514 0.9998964 0.01436543 -0.9461936 -0.03349778 -0.01438467 0.9993353 -0.236191
0.9994615 0.0001399409 0.03281258 18.78242 -0.0005816108 0.9999093 0.01345122 -0.9471748 -0.03280772 -0.01346307 0.999371 -0.2332611
0.9993637 -0.0004954832 0.03566428 19.04565 -2.987136e-05 0.9998915 0.01472851 -0.9507892 -0.03566771 -0.01472021 0.9992553 -0.2526107
0.9993489 -0.001272405 0.0360585 19.3086 0.000739592 0.9998904 0.01478583 -0.9455299 -0.03607337 -0.01474953 0.9992403 -0.2373409
0.9994545 -0.001804048 0.03297615 19.58007 0.001299618 0.999882 0.01531186 -0.9551986 -0.03299988 -0.01526065 0.9993389 -0.273186
0.9991214 -0.003093938 0.04179603 19.83707 0.00244592 0.9998761 0.01554654 -0.9510095 -0.04183895 -0.01543065 0.9990052 -0.2504205
0.9993034 -0.003656418 0.03714024 20.12696 0.003082305 0.9998752 0.01550348 -0.9501767 -0.03719229 -0.01537821 0.9991898 -0.2470431
0.9992872 -0.004513473 0.03748022 20.42152 0.003916928 0.9998648 0.01597448 -0.9524758 -0.03754726 -0.01581628 0.9991697 -0.2645972
0.9991938 -0.00545527 0.03977261 20.74146 0.004813713 0.9998571 0.01620859 -0.9528069 -0.03985535 -0.01600407 0.9990773 -0.2714327
0.9991745 -0.006366799 0.04012171 21.0846 0.005693293 0.9998413 0.01687851 -0.9431473 -0.04022281 -0.01663616 0.9990522 -0.2820448
0.999233 -0.006367135 0.03863799 21.39065 0.005721383 0.9998426 0.01680051 -0.9398884 -0.03873888 -0.01656656 0.999112 -0.2884894
0.9994341 -0.006320708 0.03303935 21.73531 0.005737294 0.9998264 0.01772322 -0.9385673 -0.03314564 -0.01752364 0.9992969 -0.3198686
0.9993436 -0.00649183 0.03563919 22.08204 0.005881083 0.9998345 0.01721513 -0.9302196 -0.03574505 -0.01699424 0.9992164 -0.3070657
0.9994577 -0.005498447 0.03246692 22.40893 0.0049647 0.9998515 0.01649752 -0.9298623 -0.03255281 -0.01632739 0.9993367 -0.3200847
0.9992652 -0.005927508 0.03786733 22.77759 0.005305994 0.9998499 0.01649239 -0.9284544 -0.03795941 -0.01627934 0.9991466 -0.3190393
0.9995388 -0.005291636 0.02990204 23.13162 0.004711974 0.9998002 0.0194227 -0.9291342 -0.02999884 -0.01927284 0.9993641 -0.3772211
0.9994888 -0.005032727 0.03157182 23.48736 0.004409289 0.9997947 0.01978529 -0.9259731 -0.0316649 -0.01963596 0.9993057 -0.3810906
0.9994708 -0.006250099 0.03192433 23.826 0.005674091 0.9998202 0.01810175 -0.9196671 -0.03203173 -0.01791103 0.9993263 -0.3695542
0.999501 -0.006456736 0.03091821 24.18277 0.005840627 0.9997835 0.01997608 -0.9242467 -0.0310405 -0.01978553 0.9993223 -0.396177
0.9993873 -0.008096989 0.03405266 24.57313 0.007462273 0.9997967 0.01872521 -0.9140432 -0.03419736 -0.01845963 0.9992446 -0.3941663
0.9994248 -0.008404142 0.03285413 24.94228 0.007769474 0.9997818 0.01939794 -0.915847 -0.03300998 -0.01913152 0.9992719 -0.4063511
0.9993604 -0.009726717 0.03441145 25.33552 0.009054109 0.9997659 0.01964819 -0.9066244 -0.03459451 -0.01932406 0.9992146 -0.4162287
0.9993621 -0.01052691 0.03412515 25.6701 0.009875145 0.9997667 0.01921194 -0.9038112 -0.03431943 -0.01886269 0.9992329 -0.4303095
0.9992421 -0.01205369 0.03701268 26.06376 0.01135398 0.999754 0.01905691 -0.8951722 -0.03723328 -0.01862222 0.9991331 -0.4315004
0.9992761 -0.01310821 0.03571308 26.53988 0.01239037 0.9997181 0.02024773 -0.8889252 -0.03596842 -0.01979057 0.999157 -0.4497268
0.9992187 -0.01415203 0.03690198 26.98141 0.01346898 0.9997345 0.01869335 -0.872304 -0.03715673 -0.01818171 0.999144 -0.4429846
0.9992351 -0.01447049 0.03632922 27.4216 0.01374459 0.9997025 0.02015214 -0.8662828 -0.03661003 -0.01963739 0.9991367 -0.4677143
0.9993072 -0.01432046 0.03435183 27.86538 0.01362608 0.9996997 0.02036338 -0.8624611 -0.03463313 -0.01988119 0.9992023 -0.4993019
0.9992504 -0.01518043 0.03561385 28.33172 0.01444315 0.9996778 0.02086894 -0.853561 -0.03591917 -0.02033892 0.9991477 -0.5107231
0.9992522 -0.01559078 0.03538233 28.83111 0.01484347 0.9996631 0.02128636 -0.8461215 -0.03570228 -0.02074525 0.9991471 -0.5324062
0.9992384 -0.01607183 0.03555885 29.28203 0.01532114 0.999656 0.02128391 -0.8376923 -0.03588869 -0.0207229 0.9991409 -0.5387045
0.9992542 -0.01674196 0.03479473 29.82649 0.01602693 0.9996567 0.02072853 -0.8229018 -0.03512982 -0.02015542 0.9991795 -0.5579797
0.9991977 -0.01717134 0.03618158 30.32863 0.0164494 0.9996613 0.02015742 -0.8178524 -0.03651546 -0.01954608 0.9991419 -0.5709285
0.9991044 -0.01848285 0.03806382 30.85628 0.01772587 0.9996403 0.02012946 -0.8095322 -0.03842218 -0.01943672 0.9990726 -0.5913236
0.9990498 -0.02042878 0.03849987 31.3683 0.01972183 0.9996315 0.01865347 -0.7986814 -0.03886675 -0.01787646 0.9990845 -0.6088412
0.9988527 -0.02354281 0.04170137 31.84897 0.0227837 0.9995675 0.01858623 -0.7729647 -0.04212091 -0.01761479 0.9989572 -0.6144418
0.9987873 -0.02570301 0.04199104 32.38556 0.02491738 0.9995065 0.01912689 -0.7535455 -0.04246194 -0.01805739 0.9989349 -0.6189919
0.9988208 -0.02809892 0.03959128 32.92348 0.02733084 0.9994302 0.01980971 -0.7305332 -0.04012536 -0.01870429 0.9990196 -0.666217
0.9987803 -0.0303481 0.03894944 33.45166 0.02959245 0.9993653 0.01983294 -0.7043587 -0.03952661 -0.01865613 0.9990444 -0.6927263
0.9986863 -0.03223158 0.03983584 34.00896 0.03140908 0.9992838 0.02110356 -0.6716477 -0.04048751 -0.01982463 0.9989834 -0.7138731
0.9987054 -0.03380295 0.03801077 34.53907 0.03298897 0.999217 0.02184185 -0.6352032 -0.03871933 -0.02055964 0.9990386 -0.7434358
0.9987786 -0.03371862 0.03611705 35.07197 0.03288693 0.9991857 0.02337945 -0.6073271 -0.03687596 -0.02216311 0.999074 -0.7751266
0.9986876 -0.03348082 0.03875798 35.658 0.03257321 0.9991856 0.02381677 -0.5627027 -0.03952382 -0.02252304 0.9989647 -0.7760455
0.9988458 -0.03278081 0.03510864 36.16633 0.03190589 0.9991732 0.02519747 -0.5303124 -0.03590561 -0.02404821 0.9990658 -0.8231968
0.9988894 -0.03184183 0.03472751 36.77551 0.03099904 0.999218 0.02454321 -0.497249 -0.03548186 -0.02343943 0.9990954 -0.8399982
0.9988399 -0.03127737 0.03661494 37.38094 0.03039279 0.9992384 0.02447148 -0.4733706 -0.03735246 -0.02333026 0.9990298 -0.8615781
0.9987865 -0.0318423 0.0375706 37.99273 0.03098334 0.9992499 0.02322759 -0.4366954 -0.03828204 -0.02203534 0.999024 -0.8673698
0.9987456 -0.03164891 0.03880062 38.5417 0.03076468 0.9992579 0.02317829 -0.415098 -0.03950539 -0.02195553 0.9989781 -0.898939
0.9986601 -0.03233505 0.04040438 39.30028 0.03138992 0.9992237 0.02381141 -0.3763227 -0.04114295 -0.02251122 0.9988996 -0.9281013
0.9986132 -0.03203255 0.04177869 39.93817 0.03090258 0.9991463 0.02741778 -0.3583102 -0.04262128 -0.02608869 0.9987506 -0.9427186
0.9987444 -0.03207541 0.03848074 40.58372 0.03108786 0.9991788 0.02599326 -0.3478513 -0.03928288 -0.02476434 0.9989212 -0.9755713
0.9988205 -0.03120033 0.03720301 41.20959 0.03038841 0.9992917 0.02219334 -0.3394213 -0.0378691 -0.02103662 0.9990612 -1.022198
0.9989253 -0.03062325 0.0347909 41.86342 0.0298207 0.9992824 0.02335728 -0.3302346 -0.0354812 -0.02229469 0.9991216 -1.049952
0.9989064 -0.02987377 0.03596554 42.73368 0.02904902 0.9993078 0.02324003 -0.3190737 -0.03663491 -0.02216985 0.9990827 -1.100654
0.9991069 -0.02964531 0.03010877 43.85575 0.02890244 0.999274 0.02481544 -0.313848 -0.03082258 -0.02392306 0.9992386 -1.206527
0.9989617 -0.030403 0.03392785 45.81303 0.02965571 0.9993111 0.02231589 -0.2719567 -0.03458294 -0.02128657 0.9991751 -1.290022
0.9989191 -0.03317641 0.03255756 47.89951 0.03242016 0.9991982 0.02348781 -0.2007521 -0.0333107 -0.0224069 0.9991938 -1.367466
0.9988343 -0.03525556 0.03297173 49.96568 0.03455989 0.9991727 0.02143621 -0.1333977 -0.0337002 -0.02027172 0.9992264 -1.395382
0.9987451 -0.03764059 0.03303623 51.99242 0.03696412 0.999099 0.02085399 -0.07293294 -0.03379142 -0.01960666 0.9992366 -1.415422
0.9987929 -0.04123111 0.02669596 54.06004 0.04061142 0.998902 0.02335367 0.001604806 -0.02762955 -0.02224132 0.9993708 -1.49076
0.9986855 -0.04386023 0.02652599 56.09863 0.04339746 0.9988997 0.01777729 0.06266025 -0.02727652 -0.01660276 0.99949 -1.594973
0.998235 -0.0465342 0.03689604 58.06396 0.0462564 0.9988947 0.008347957 0.1426905 -0.03724372 -0.006626546 0.9992843 -1.598193
0.9981899 -0.04882709 0.035112 60.08801 0.04854181 0.9987812 0.008932315 0.2197408 -0.03550535 -0.007211745 0.9993435 -1.631074
0.9980704 -0.0515576 0.03460346 62.06267 0.05134588 0.9986566 0.006980079 0.3081766 -0.03491684 -0.005189864 0.9993768 -1.662363
0.9979866 -0.05478464 0.03195928 64.04354 0.05467209 0.9984946 0.004385872 0.4070708 -0.03215145 -0.00262976 0.9994795 -1.692519
0.9969646 -0.06032185 0.04922133 65.63496 0.06126586 0.9979609 -0.01789971 0.5182845 -0.04804122 0.02086096 0.9986275 -1.687452
0.995555 -0.06342538 0.06962334 66.9705 0.06794789 0.9955931 -0.06463335 0.6126201 -0.06521713 0.06907682 0.9954773 -1.58543
0.9932588 -0.06928348 0.09293355 67.91803 0.07951725 0.9905933 -0.1113642 0.6994737 -0.08434366 0.1180033 0.9894248 -1.540409
0.9935263 -0.07006964 0.08941916 68.47131 0.07931185 0.9913701 -0.1043786 0.7425084 -0.08133372 0.1107949 0.9905096 -1.457462
0.9935228 -0.07059128 0.08904731 69.01274 0.07913356 0.9921957 -0.09636026 0.7904236 -0.08155017 0.1027827 0.9913553 -1.401937
0.99376 -0.07178099 0.08537253 69.71989 0.08004271 0.9919968 -0.09765145 0.8585049 -0.07767975 0.1038756 0.9915522 -1.335729
0.993756 -0.07014154 0.08677058 70.30048 0.07760744 0.9932774 -0.08589166 0.906508 -0.08016267 0.0920894 0.9925188 -1.341063
0.993993 -0.06963825 0.08442928 70.87695 0.07765369 0.9923767 -0.09569968 0.9608666 -0.07712129 0.1016811 0.9918232 -1.282135
0.9941294 -0.06987061 0.0826122 71.59286 0.07752053 0.9926118 -0.09334028 1.029948 -0.0754801 0.09919646 0.992201 -1.25957
0.9947203 -0.06785051 0.07699276 72.14096 0.07479986 0.9930111 -0.0912893 1.066686 -0.07026065 0.09656636 0.9928436 -1.191804
0.9945899 -0.06507823 0.08096731 72.78593 0.07202804 0.9936792 -0.08610241 1.098777 -0.07485215 0.09146851 0.9929908 -1.208132
0.994352 -0.06567986 0.08336748 73.47731 0.07323991 0.9931427 -0.09112403 1.138681 -0.07681079 0.0967152 0.9923438 -1.148856
0.9941948 -0.06490071 0.08581714 74.03838 0.07250176 0.9934211 -0.08864339 1.176458 -0.07949955 0.0943507 0.9923597 -1.129066
0.9938815 -0.06596951 0.08858687 74.59191 0.07428202 0.9927901 -0.09407309 1.213778 -0.08174221 0.1000779 0.9916162 -1.063459
0.9943269 -0.06496261 0.0842246 75.25935 0.07218134 0.9937025 -0.08570351 1.259877 -0.07812668 0.09129675 0.9927543 -1.055482
0.9942937 -0.06555377 0.08415885 75.90078 0.07300957 0.9933697 -0.0888063 1.296578 -0.07777924 0.09444395 0.9924871 -1.003357
0.9942212 -0.0671401 0.08376358 76.5699 0.07430719 0.9935545 -0.08560326 1.345712 -0.07747627 0.09133282 0.992802 -0.9415573
0.9940874 -0.06772468 0.08487422 77.21931 0.07554952 0.9928281 -0.09265302 1.385065 -0.07799061 0.0985174 0.9920745 -0.9006263
0.9939585 -0.06994268 0.08458459 77.82171 0.0772565 0.9932492 -0.0865318 1.434976 -0.0779613 0.09254374 0.9926518 -0.8528941
0.9938753 -0.0732657 0.08272904 78.56181 0.08073308 0.9925865 -0.09085147 1.500649 -0.07545944 0.096974 0.9924222 -0.7875485
0.9939042 -0.07316967 0.08246659 79.03613 0.08028653 0.9930052 -0.0865714 1.547444 -0.07555535 0.09266464 0.9928266 -0.7700469
0.9936775 -0.07452101 0.08397397 79.56777 0.08238853 0.992111 -0.09448785 1.604245 -0.07627017 0.1008089 0.991978 -0.6892607
0.9936396 -0.07566051 0.08340172 80.04617 0.08285104 0.9928077 -0.08642203 1.652811 -0.07626312 0.09278227 0.9927615 -0.6791309
0.993609 -0.07796061 0.08162995 80.46528 0.08571666 0.9916575 -0.09627125 1.695439 -0.07344358 0.102653 0.9920022 -0.6281853
0.9935657 -0.07861841 0.08152478 80.93602 0.08578663 0.9923743 -0.0885102 1.736826 -0.07394456 0.09493443 0.9927334 -0.6327092
0.9938812 -0.08032131 0.07582058 81.38176 0.08744669 0.9915447 -0.09587707 1.794688 -0.06747851 0.1019207 0.9925013 -0.5805668
0.993322 -0.08002234 0.08311303 81.69083 0.08751691 0.9920133 -0.09083097 1.841836 -0.07518072 0.09749819 0.9923921 -0.5674779
0.9935043 -0.08032474 0.08060482 81.9299 0.08791113 0.9915439 -0.09546071 1.886656 -0.07225534 0.1019267 0.9921644 -0.5091916
0.9931761 -0.07922791 0.08558156 82.21833 0.0868489 0.9922076 -0.08933844 1.928401 -0.07783657 0.09616148 0.9923177 -0.5113962
0.9931464 -0.08402409 0.08124217 82.52305 0.09167298 0.9911973 -0.09551968 1.978835 -0.07250106 0.1023127 0.9921067 -0.462604
0.9925746 -0.0864915 0.08552673 82.73946 0.09387908 0.9918187 -0.08650051 2.040853 -0.07734546 0.09388739 0.9925739 -0.4913791
0.9925961 -0.09213979 0.07914015 82.91733 0.09942471 0.9906272 -0.09366179 2.091321 -0.06976841 0.1008368 0.9924537 -0.4684168
0.9921618 -0.09375254 0.08261587 83.28809 0.1011338 0.9907738 -0.0902188 2.167003 -0.07339539 0.09786689 0.9924894 -0.4470886
0.991939 -0.09659647 0.08201267 83.68375 0.1042955 0.9899549 -0.09545578 2.253778 -0.07196815 0.1032399 0.9920495 -0.3844416
0.9916348 -0.09655105 0.08566312 84.14552 0.1045189 0.9900709 -0.09399795 2.341448 -0.07573695 0.1021651 0.9918801 -0.3747375
0.9917185 -0.09859322 0.08230339 84.34007 0.105698 0.9905883 -0.08696277 2.406262 -0.07295485 0.09494188 0.992806 -0.3629106
0.9914191 -0.1003119 0.08381964 84.44941 0.1075179 0.9904417 -0.08640192 2.459699 -0.07435133 0.09467264 0.9927281 -0.3863675
0.9912986 -0.1026737 0.08237281 84.36295 0.1099124 0.9899694 -0.08876952 2.534333 -0.07243226 0.09705088 0.9926403 -0.374812
0.9910751 -0.1024974 0.08523151 84.28165 0.1097835 0.9902532 -0.08571042 2.59654 -0.07561567 0.09430248 0.9926678 -0.3932045
0.9909474 -0.103604 0.08537813 84.15112 0.1109193 0.9901079 -0.08592451 2.653236 -0.07563145 0.09461676 0.9926367 -0.4208426
0.9907982 -0.1065717 0.0834347 84.27264 0.1138483 0.989598 -0.08794397 2.737963 -0.07319449 0.09663363 0.9926251 -0.4212332
0.9908062 -0.1086688 0.08058687 84.23678 0.1154587 0.9896673 -0.08501701 2.805028 -0.07051548 0.09353983 0.9931152 -0.4348639
0.9904748 -0.1105702 0.08205994 84.33051 0.1180627 0.9886519 -0.09289129 2.890408 -0.0708577 0.1016947 0.9922889 -0.4364122
0.9908227 -0.1076137 0.08179078 84.21886 0.1145007 0.9897991 -0.08477697 2.960768 -0.07183328 0.09336405 0.9930373 -0.4432745
0.9908066 -0.1097646 0.07908253 84.219 0.1166235 0.9892632 -0.08807578 3.045722 -0.06856582 0.09648895 0.9929696 -0.4509051
0.9908604 -0.1096752 0.07853048 84.22008 0.1161511 0.9897337 -0.08328355 3.120885 -0.06859013 0.09164377 0.9934268 -0.4492798
0.9904593 -0.1122946 0.07987662 84.05011 0.1192492 0.9889212 -0.0883993 3.205202 -0.06906492 0.09708113 0.9928773 -0.4806095
0.990945 -0.1099625 0.0770465 83.88138 0.1167251 0.9891154 -0.08958849 3.264433 -0.0663565 0.09777052 0.9929943 -0.4995684
0.9907914 -0.1103744 0.07842062 83.88602 0.1172551 0.9890741 -0.08934975 3.364306 -0.06770189 0.09772217 0.9929082 -0.4945116
0.9912177 -0.1082307 0.07598373 83.91449 0.1148772 0.989352 -0.08936217 3.441976 -0.06550293 0.09730617 0.9930966 -0.4807152
0.9914907 -0.1074277 0.07352272 83.97863 0.1139395 0.9893112 -0.09100015 3.520212 -0.06296092 0.09860294 0.9931331 -0.4753974
0.9917339 -0.1027901 0.07679881 83.8826 0.1095796 0.9898809 -0.09015572 3.577517 -0.06675456 0.09782606 0.9929622 -0.5034338
0.9917281 -0.1013838 0.0787185 83.88889 0.108281 0.9901329 -0.08894765 3.63455 -0.06892394 0.0967356 0.9929208 -0.4896568
0.9920477 -0.09769644 0.07935151 83.85402 0.104644 0.9905456 -0.08870748 3.674191 -0.06993488 0.09630571 0.9928919 -0.5235804
0.9925054 -0.09397095 0.07811894 83.77426 0.1009294 0.9907693 -0.09049664 3.723943 -0.06889378 0.09770291 0.9928282 -0.5109996
0.9928573 -0.09106947 0.0770754 83.74266 0.09773836 0.9913408 -0.08769824 3.765539 -0.06842134 0.09460506 0.9931608 -0.5348588
0.9930598 -0.08816686 0.07783851 83.70191 0.09525491 0.9911358 -0.09260827 3.7994 -0.06898355 0.09938004 0.9926555 -0.5336211
0.993296 -0.08699366 0.07612613 83.73914 0.09415077 0.9909073 -0.09611591 3.842828 -0.06707247 0.1026389 0.9924548 -0.5262341
0.9931476 -0.08560717 0.07955705 83.75333 0.09260777 0.9917239 -0.0889236 3.87845 -0.07128613 0.09568186 0.9928561 -0.5447519
0.9931986 -0.08421677 0.08039903 83.67405 0.09124947 0.9919122 -0.08822514 3.903172 -0.07231874 0.09496146 0.9928506 -0.5560001
0.9932861 -0.08222842 0.08137143 83.64893 0.08920318 0.9922801 -0.0861561 3.935146 -0.07365878 0.09283625 0.9929531 -0.543003
0.9935653 -0.08127154 0.07888519 83.69147 0.0882287 0.9921046 -0.08913099 3.949069 -0.07101854 0.0955174 0.9928911 -0.5696311
0.9936128 -0.08083083 0.07874033 83.67136 0.08768894 0.9922594 -0.08793063 3.974162 -0.07102333 0.09427366 0.9930096 -0.5632178
0.9937347 -0.07916573 0.07889295 83.69852 0.08603827 0.9924067 -0.08789892 3.995587 -0.07133532 0.09413603 0.9930003 -0.5526603
0.9935912 -0.07967841 0.08017346 83.69025 0.08660289 0.9924406 -0.08695883 4.022698 -0.07263865 0.09334479 0.9929805 -0.5547004
0.9936824 -0.0791035 0.07961123 83.65163 0.08593185 0.9925518 -0.08635276 4.043971 -0.07218746 0.09264835 0.9930786 -0.559259
0.9936955 -0.07854968 0.07999489 83.59029 0.08530836 0.9927305 -0.08490366 4.053433 -0.07274421 0.09119262 0.9931728 -0.5711264
0.9938858 -0.07753428 0.07860906 83.60209 0.08415435 0.9928441 -0.08472766 4.075271 -0.07147723 0.09082492 0.9932985 -0.5742647
0.9940196 -0.0777107 0.07672083 83.61541 0.08427896 0.9926847 -0.08645265 4.087783 -0.0694413 0.09240158 0.9932975 -0.5854676
0.9940956 -0.07825362 0.07516935 83.69581 0.08473184 0.992576 -0.0872547 4.115494 -0.06778329 0.09310874 0.993346 -0.5641718
0.9941748 -0.07711007 0.075302 83.69764 0.08355656 0.9927343 -0.08658483 4.134442 -0.06807832 0.09237244 0.9933945 -0.5727484
0.9942686 -0.07558719 0.07560785 83.71423 0.08200715 0.9929352 -0.08575743 4.143406 -0.06859154 0.0914663 0.9934431 -0.5794709
0.9940379 -0.07663278 0.07756297 83.64565 0.08333861 0.9926925 -0.08727034 4.164833 -0.07030841 0.09321401 0.9931605 -0.5964445
0.9942644 -0.07626893 0.07497579 83.66122 0.0824285 0.99315 -0.08281658 4.177948 -0.06814587 0.08852171 0.9937404 -0.6129534
0.9941108 -0.07442755 0.0787672 83.67953 0.08041997 0.9938704 -0.07585669 4.178943 -0.07263856 0.0817444 0.9940028 -0.6421982
0.9946337 -0.07568759 0.07053577 83.73852 0.08137056 0.9933447 -0.08151958 4.205303 -0.06389631 0.08682165 0.9941726 -0.6703458
0.9947488 -0.07406473 0.07063427 83.61404 0.07965189 0.9936179 -0.07987053 4.202225 -0.06426788 0.08507726 0.9942995 -0.716275
0.9952207 -0.07365751 0.06411127 83.67759 0.07858407 0.9938471 -0.07805499 4.224526 -0.05796746 0.08272006 0.9948855 -0.7082127
0.9954791 -0.06961025 0.06462007 83.70141 0.07435364 0.9944706 -0.07415844 4.230395 -0.05910058 0.07862791 0.9951506 -0.7233196
0.9957402 -0.06827792 0.06196411 83.77055 0.07277229 0.9946414 -0.07343344 4.231426 -0.05661819 0.07762991 0.9953733 -0.6988387
0.9957424 -0.06994291 0.06004277 83.73684 0.07470821 0.9938956 -0.08117817 4.238055 -0.05399842 0.08531824 0.9948894 -0.7307691
0.9955304 -0.06766682 0.06588219 83.84535 0.07294836 0.994011 -0.08136864 4.250478 -0.05998166 0.08581094 0.9945042 -0.6744505
0.995343 -0.07053523 0.06570503 83.92752 0.07569744 0.99394 -0.07970653 4.269289 -0.05968474 0.08430904 0.9946505 -0.6333869
0.9947861 -0.07295394 0.07126214 84.33408 0.0784408 0.9939018 -0.07749919 4.324391 -0.06517371 0.08268497 0.9944423 -0.573732
0.993749 -0.08110964 0.07670761 84.95736 0.08724394 0.9929435 -0.08032174 4.352409 -0.06965146 0.08651192 0.993813 -0.5563752
0.9934776 -0.0823812 0.07883846 85.56884 0.08837707 0.9931948 -0.07585204 4.409307 -0.07205317 0.08232482 0.9939975 -0.5337374
0.9926359 -0.09154172 0.07933491 86.19854 0.09732224 0.9926202 -0.07234383 4.459174 -0.07212695 0.07953213 0.9942195 -0.483523
0.992077 -0.09635399 0.08061742 87.58317 0.1021638 0.9922061 -0.07134078 4.556434 -0.07311513 0.07901172 0.9941888 -0.4233916
0.9920993 -0.09643283 0.08024818 89.17229 0.1023169 0.9920874 -0.07275808 4.70394 -0.07259694 0.08039398 0.9941159 -0.3218717
0.9917635 -0.0999173 0.08013579 90.71246 0.1057936 0.9917213 -0.07277836 4.835235 -0.07220054 0.08065677 0.9941235 -0.2333897
0.9914982 -0.1004655 0.08269207 92.31451 0.1062771 0.9919285 -0.06916016 4.994495 -0.07507642 0.07736045 0.9941725 -0.1355511
0.9912049 -0.1029946 0.08309557 93.92352 0.1087245 0.991767 -0.06765249 5.138898 -0.07544361 0.07609202 0.9942425 -0.05902682
0.9911588 -0.1042566 0.08206552 95.53684 0.110092 0.9914453 -0.07011399 5.302304 -0.07405362 0.07852886 0.9941576 0.02150785
0.9906304 -0.10741 0.08434787 96.81216 0.1137282 0.9907483 -0.07405388 5.43121 -0.07561338 0.08295275 0.9936808 0.09810421
0.9904124 -0.1086883 0.08526475 98.14915 0.1151153 0.9905568 -0.07446928 5.580445 -0.07636564 0.08357057 0.9935715 0.1872906
0.9896966 -0.1121173 0.08905324 99.5235 0.1186775 0.990309 -0.07213619 5.727616 -0.08010252 0.08196155 0.9934112 0.2768354
0.9893206 -0.1164004 0.08772451 100.9934 0.1231762 0.9894518 -0.07624049 5.885214 -0.07792477 0.08623187 0.993223 0.3516349
0.989172 -0.1171555 0.08839238 102.4345 0.1244305 0.988847 -0.08184291 6.046804 -0.07781821 0.09195544 0.9927177 0.4380372
0.9889085 -0.1186101 0.0893962 103.6201 0.1261451 0.9884527 -0.08395702 6.203884 -0.07840576 0.09430271 0.9924513 0.5103407
0.9883275 -0.1226884 0.09031242 105.0936 0.1303811 0.987825 -0.08486819 6.375659 -0.07880053 0.09565261 0.9922908 0.6205014
0.9881816 -0.1215126 0.09344432 106.61 0.12939 0.9880768 -0.08343999 6.565001 -0.08219117 0.09454462 0.9921219 0.7181954