1.0 0.0 0.0 0.0 0.0 1.0 0.0 0.0 0.0 0.0 1.0 0.0
0.999983 0.005591354 -0.00163717 1.050858 -0.005598606 0.9999744 -0.004458757 -0.03363078 0.001612198 0.004467847 0.9999887 0.02646728
0.9999189 0.00765711 0.01017147 1.537946 -0.007666225 0.9999702 0.0008574349 -0.04806565 -0.0101646 -0.0009353422 0.9999479 0.06123439
0.9998708 0.00717786 0.01438068 1.516688 -0.007167108 0.999974 -0.0007990869 -0.06707872 -0.01438604 0.0006959158 0.9998963 0.1075733
0.9997473 0.01079723 0.01971642 1.71635 -0.01076685 0.9999406 -0.001646436 -0.08715856 -0.01973303 0.001433736 0.9998043 0.1433041
0.9996508 0.01080459 0.02411642 1.885889 -0.01074217 0.9999386 -0.002716044 -0.08546021 -0.02414429 0.002456033 0.9997055 0.130049
0.9994206 0.01422227 0.03092362 2.262081 -0.014287 0.999896 0.001873372 -0.1221975 -0.03089376 -0.002314093 0.99952 0.1571779
0.9993165 0.0179415 0.0323223 3.058066 -0.01802466 0.9998349 0.002283092 -0.1767895 -0.032276 -0.002864129 0.9994749 0.1600321
0.9992856 0.01837899 0.03302266 3.895026 -0.01853408 0.9998187 0.004396525 -0.2160584 -0.03293587 -0.005005429 0.999445 0.1934447
0.999265 0.01590013 0.03487936 3.952645 -0.01609506 0.9998562 0.005315065 -0.2288559 -0.03478984 -0.005872543 0.9993774 0.2533856
0.9991817 0.01909027 0.03565595 3.96297 -0.01920228 0.9998118 0.002801509 -0.2607418 -0.03559576 -0.003483892 0.9993602 0.3135166
0.9991258 0.02136242 0.03593472 4.135592 -0.02150808 0.9997618 0.003671566 -0.3112388 -0.03584773 -0.004441243 0.9993474 0.3103161
0.9990132 0.02212587 0.03851143 4.436566 -0.02232737 0.9997392 0.004810032 -0.3403283 -0.03839495 -0.005665144 0.9992466 0.3251337
0.9988979 0.02307775 0.04087181 4.878158 -0.0236603 0.9996245 0.01382726 -0.3829341 -0.04053736 -0.01477906 0.9990687 0.3740397
0.998965 0.01965606 0.04101992 4.927881 -0.02022987 0.9997025 0.01362066 -0.4115951 -0.04074 -0.01443639 0.9990655 0.4303505
0.9989835 0.01804219 0.04130946 5.171861 -0.01879797 0.9996614 0.01798077 -0.4558493 -0.04097107 -0.01873902 0.9989846 0.4406378
0.9989772 0.01514846 0.04260308 5.473693 -0.01603376 0.9996608 0.02051586 -0.492114 -0.04227785 -0.02117796 0.9988814 0.4904947
0.9989837 0.01203996 0.04343582 5.732753 -0.01337818 0.9994407 0.03065138 -0.5253814 -0.04304248 -0.03120132 0.9985859 0.4938616
0.9990923 0.007630916 0.04190807 6.016618 -0.008998152 0.9994302 0.03253353 -0.5414132 -0.04163593 -0.03288109 0.9985917 0.4986618
0.9990857 0.00296701 0.04265068 6.461752 -0.004568833 0.9992859 0.03750851 -0.5613397 -0.04250893 -0.03766908 0.9983857 0.4802498
0.9992608 -0.0009456602 0.03843062 6.610509 -0.0005383659 0.9992549 0.03858704 -0.5913353 -0.03843848 -0.03857921 0.998516 0.4706091
0.9993696 -0.00439694 0.0352288 6.796745 0.00297833 0.9991864 0.04022022 -0.5877417 -0.03537698 -0.04008994 0.9985696 0.4760335
0.9995532 -0.001346407 0.0298594 7.243773 -0.0001950281 0.9986699 0.05156021 -0.6248242 -0.02988911 -0.051543 0.9982234 0.4657549
0.999625 0.002840036 0.02723412 8.622998 -0.004350017 0.9984466 0.05554654 -0.6492807 -0.02703406 -0.05564418 0.9980846 0.3743303
0.9995897 0.004719045 0.02825015 10.25 -0.006228397 0.9985442 0.05358089 -0.6612435 -0.02795617 -0.05373486 0.9981638 0.2461256
0.9996101 0.007539547 0.02688632 11.79401 -0.00896108 0.9985464 0.05314964 -0.6964239 -0.02644651 -0.05336985 0.9982246 0.1341291
0.9995375 0.01120528 0.02827006 13.34021 -0.0127111 0.9984783 0.05366077 -0.7264405 -0.02762575 -0.05399529 0.998159 0.02698793
0.9995285 0.01396006 0.02734651 14.85131 -0.01545365 0.9983562 0.05518977 -0.7603071 -0.02653111 -0.05558635 0.9981014 -0.08765088
0.9994632 0.01721251 0.02787557 16.428 -0.01876511 0.9982303 0.0564289 -0.8061108 -0.02685496 -0.0569217 0.9980174 -0.1696682
0.9993919 0.01962445 0.02882095 17.9352 -0.02127888 0.9980743 0.05826589 -0.8412616 -0.02762201 -0.05884374 0.997885 -0.3058854
0.9993342 0.0224511 0.02876093 19.50209 -0.02409221 0.9980232 0.0580456 -0.8999756 -0.02740088 -0.05869986 0.9978995 -0.3934496
0.9992271 0.02436352 0.0308484 21.07236 -0.02614363 0.9979343 0.05868157 -0.9502769 -0.02935498 -0.05944271 0.9978 -0.5298895
0.9991828 0.02636338 0.03063726 22.66275 -0.0280989 0.9979403 0.05767035 -1.011037 -0.02905377 -0.0584841 0.9978654 -0.6378433
0.9991134 0.02849846 0.03098835 24.22446 -0.03024654 0.997888 0.05748778 -1.068403 -0.02928459 -0.0583741 0.9978651 -0.7603059
0.9991074 0.03070244 0.02901143 25.71772 -0.0322274 0.9980397 0.05364693 -1.134691 -0.02730747 -0.05453401 0.9981384 -0.8594511
0.9989224 0.03475203 0.03076238 27.24369 -0.03641076 0.997816 0.05511243 -1.201896 -0.02877993 -0.05617312 0.9980062 -0.9655988
0.9988557 0.03814312 0.02885276 28.80573 -0.03967301 0.9977278 0.05445468 -1.278815 -0.02671013 -0.05553705 0.9980993 -1.073151
0.9986691 0.04165028 0.0304169 30.34542 -0.0432896 0.997526 0.05538866 -1.362522 -0.02803469 -0.05663168 0.9980015 -1.187785
0.9985755 0.04446953 0.02948681 31.87432 -0.04606104 0.9973851 0.05569205 -1.441787 -0.0269331 -0.05697091 0.9980125 -1.31648
0.998465 0.04763146 0.02826517 33.42251 -0.04916948 0.9971926 0.05647455 -1.5309 -0.02549585 -0.05777764 0.9980038 -1.418206
0.9983574 0.05016748 0.02767196 34.94637 -0.05166629 0.9970701 0.05640831 -1.616335 -0.02476102 -0.05774536 0.9980242 -1.540061
0.9983654 0.05109565 0.02560799 36.50707 -0.05238198 0.9972531 0.05236932 -1.709958 -0.0228618 -0.05362511 0.9982994 -1.654245
0.9982459 0.05443019 0.02329079 37.99678 -0.05560983 0.9970226 0.05341825 -1.806439 -0.02031388 -0.05461974 0.9983006 -1.762635
0.9979824 0.06098605 0.01766004 39.50455 -0.06184383 0.9966791 0.05297498 -1.913682 -0.01437066 -0.05396026 0.9984397 -1.893916
0.9974991 0.06878164 0.01626777 41.00205 -0.06956196 0.9961362 0.05361 -2.024979 -0.01251752 -0.05460754 0.9984294 -1.973256
0.9969769 0.07562331 0.01784005 42.54601 -0.07647707 0.9956419 0.05337047 -2.151448 -0.01372625 -0.05457348 0.9984154 -2.097428
0.9966053 0.08014188 0.01884302 44.00152 -0.08098295 0.9955015 0.04917881 -2.284884 -0.01481698 -0.05053782 0.9986122 -2.197941
0.9963522 0.0822987 0.02256611 45.52878 -0.08334329 0.9952606 0.05010187 -2.426707 -0.01833584 -0.05179984 0.9984891 -2.293479
0.996218 0.08361857 0.02361621 46.96533 -0.08472321 0.9951258 0.05046503 -2.559591 -0.01928129 -0.05227501 0.9984466 -2.433646
0.9962859 0.08274318 0.02383087 48.39427 -0.08387577 0.9951563 0.05127221 -2.688584 -0.01947302 -0.05308061 0.9984003 -2.505433
0.9964019 0.08142222 0.02353106 49.7956 -0.08257563 0.9951688 0.05310645 -2.81218 -0.01909333 -0.05485846 0.9983116 -2.640124
0.9964707 0.08085041 0.02256554 51.16693 -0.08192597 0.9952964 0.05170306 -2.941645 -0.01827919 -0.05336929 0.9984075 -2.723528
0.9965342 0.07995997 0.02293612 52.50311 -0.08105715 0.9953655 0.05174547 -3.059975 -0.01869226 -0.05342526 0.9983969 -2.860208
0.9965901 0.0803576 0.01872711 53.79325 -0.08118435 0.9955124 0.04862091 -3.188542 -0.01473601 -0.04997547 0.9986417 -2.922287
0.996477 0.08128311 0.02065637 55.11238 -0.08223338 0.9953426 0.05030446 -3.30159 -0.01647126 -0.05182587 0.9985203 -3.041501
0.9966221 0.07977478 0.01950027 56.39125 -0.08067037 0.9954593 0.05052899 -3.411198 -0.01538078 -0.05193141 0.9985322 -3.133369
0.9968029 0.07740968 0.01979367 57.60045 -0.07836389 0.995509 0.05311413 -3.522446 -0.01559323 -0.05449542 0.9983923 -3.232928
0.9970464 0.07451862 0.01858857 58.82272 -0.07544127 0.995621 0.05520296 -3.615795 -0.01439352 -0.05644226 0.9983021 -3.329993
0.9972433 0.07165981 0.01925408 60.0281 -0.07264363 0.9957571 0.05648742 -3.724943 -0.01512451 -0.05773039 0.9982176 -3.420069
0.9975542 0.0677323 0.01726069 61.21529 -0.06860293 0.9960611 0.05617562 -3.808752 -0.0133878 -0.05722236 0.9982717 -3.505518
0.9978335 0.06330849 0.01789367 62.37466 -0.06422491 0.9963413 0.05638315 -3.901123 -0.01425867 -0.05741022 0.9982488 -3.606608
0.9981267 0.05914606 0.01564582 63.5189 -0.0599557 0.9965334 0.05767388 -3.978602 -0.0121804 -0.0585039 0.9982129 -3.707544
0.9983407 0.05602135 0.01332432 64.6621 -0.05670836 0.9966774 0.05846885 -4.056312 -0.01000455 -0.05912743 0.9982003 -3.784477
0.9985169 0.05331225 0.01104136 65.80447 -0.05388014 0.9967499 0.05988809 -4.125539 -0.007812707 -0.06039418 0.998144 -3.870117
0.9986652 0.05060522 0.01034105 66.95042 -0.05113674 0.9968853 0.0600403 -4.193276 -0.007270484 -0.06048897 0.9981424 -3.959507
0.9987908 0.04842173 0.008502787 68.0765 -0.04885235 0.9969306 0.06117654 -4.256318 -0.005514416 -0.06151795 0.9980907 -4.050057
0.9988727 0.04690374 0.007302562 69.21852 -0.04726312 0.9970111 0.06111344 -4.31859 -0.004414287 -0.06138969 0.9981041 -4.141301
0.9989645 0.04503135 0.006477996 70.35172 -0.04534859 0.9970163 0.0624655 -4.386042 -0.003645762 -0.06269459 0.9980261 -4.22002
0.9991043 0.04170499 0.007168412 71.52209 -0.04207061 0.9971793 0.06215626 -4.454582 -0.004555965 -0.06240217 0.9980407 -4.317504
0.9992912 0.03659542 0.008826796 72.64546 -0.03707207 0.9973994 0.06180588 -4.502957 -0.00654203 -0.0620893 0.9980491 -4.404257
0.9994947 0.03047707 0.009030331 73.78424 -0.03098336 0.9975597 0.06256714 -4.546905 -0.007101431 -0.06281532 0.9979999 -4.502539
0.9996701 0.02458911 0.00742143 74.88307 -0.02501112 0.9976703 0.06347134 -4.588072 -0.005843436 -0.06363601 0.997956 -4.597486
0.9998034 0.01922658 0.004850771 76.04564 -0.01949804 0.9977548 0.06407244 -4.617259 -0.003607986 -0.06415442 0.9979334 -4.679758
0.9998937 0.0141629 0.003453792 77.18871 -0.0143555 0.9978334 0.06420673 -4.636293 -0.002536955 -0.06424949 0.9979306 -4.78716
0.9999542 0.00954516 0.0007648015 78.32925 -0.009574496 0.9979222 0.06371735 -4.661466 -0.00015502 -0.06372175 0.9979677 -4.871476
0.9999761 0.006760961 -0.001434139 79.44958 -0.006656403 0.9979645 0.06342191 -4.665998 0.001860013 -0.06341085 0.9979858 -4.969032
0.9999762 0.005195141 -0.004545441 80.59997 -0.004898909 0.9980067 0.06291867 -4.693695 0.004863252 -0.0628949 0.9980083 -5.060289
0.9999725 0.00410144 -0.00617601 81.75843 -0.003703065 0.9979948 0.06318833 -4.703685 0.006422789 -0.06316373 0.9979825 -5.147386
0.9999738 0.003352294 -0.006405913 82.9235 -0.002934992 0.9979407 0.06407759 -4.721432 0.006607528 -0.06405712 0.9979244 -5.236478
0.9999747 0.00133462 -0.006987851 84.06794 -0.0008848446 0.997951 0.06397718 -4.724345 0.007058918 -0.06396937 0.9979269 -5.326937
0.999981 -0.001608414 -0.005950108 85.25495 0.001990998 0.9978923 0.06486209 -4.728732 0.005833242 -0.0648727 0.9978765 -5.411796
0.9999713 -0.004906233 -0.005775374 86.44218 0.005273309 0.9978477 0.06536096 -4.738706 0.005442268 -0.06538954 0.997845 -5.513515
0.9999429 -0.00829893 -0.006732374 87.58678 0.008718375 0.9978554 0.06487232 -4.741612 0.006179565 -0.06492731 0.9978709 -5.616349
0.9999129 -0.01113479 -0.00709593 88.76068 0.0115625 0.9979216 0.06339554 -4.743892 0.006375286 -0.06347205 0.9979632 -5.711325
0.9998722 -0.01393283 -0.007836209 89.9539 0.01439849 0.9979165 0.06289331 -4.72833 0.006943599 -0.06299811 0.9979895 -5.798546
0.9998388 -0.016005 -0.008141194 91.11825 0.01648074 0.9979289 0.06218152 -4.723923 0.007129117 -0.06230567 0.9980317 -5.893595
0.9998025 -0.01785867 -0.008718659 92.32027 0.01837798 0.9978033 0.06364556 -4.716674 0.007562882 -0.06379321 0.9979345 -5.987004
0.99978 -0.01908469 -0.008702639 93.49406 0.01959156 0.9978557 0.06244991 -4.6986 0.007492141 -0.06260667 0.9980102 -6.074381
0.9997633 -0.01998912 -0.008596062 94.65687 0.02048379 0.99787 0.06193614 -4.686407 0.007339702 -0.06209756 0.9980431 -6.175504
0.9997173 -0.02198334 -0.009060994 95.87524 0.02250901 0.9977783 0.06270287 -4.665854 0.007662445 -0.06288909 0.9979911 -6.274463
0.9996764 -0.02346605 -0.009818377 97.07865 0.02404131 0.9977063 0.06328018 -4.649022 0.00831092 -0.06349576 0.9979475 -6.363976
0.9996594 -0.02365296 -0.01103013 98.2777 0.02430202 0.9977185 0.06298649 -4.632073 0.009515145 -0.06323309 0.9979534 -6.467992
0.9996367 -0.02493496 -0.0102406 99.4959 0.02552705 0.9977208 0.06246175 -4.603949 0.008659775 -0.06270047 0.9979948 -6.55652
0.9995964 -0.02596352 -0.01153296 100.6812 0.0266245 0.9977561 0.06143293 -4.583364 0.009912064 -0.06171519 0.9980446 -6.650158
0.9995458 -0.02823889 -0.01052918 101.9142 0.02884375 0.9976234 0.06257588 -4.554317 0.00873708 -0.06285115 0.9979846 -6.750696
0.9995303 -0.02821545 -0.01195827 103.1149 0.02890575 0.997649 0.06213802 -4.538569 0.0101769 -0.0624545 0.9979959 -6.840192
0.9994578 -0.03078546 -0.01167765 104.3161 0.03145023 0.997592 0.06181453 -4.49825 0.009746545 -0.06214828 0.9980193 -6.934592
0.9994371 -0.03102316 -0.01276915 105.5421 0.03176214 0.9975431 0.06244174 -4.469264 0.01080064 -0.06281216 0.9979669 -7.030349
0.9993903 -0.03234106 -0.01315587 106.7553 0.0331045 0.9974846 0.06268034 -4.427907 0.01109563 -0.06307765 0.9979469 -7.134534
0.9993973 -0.03122894 -0.01515651 107.9734 0.0321148 0.9975452 0.06222864 -4.405998 0.01317597 -0.06267789 0.9979469 -7.226365
0.9994137 -0.03008543 -0.01634711 109.2036 0.03104085 0.99761 0.0617313 -4.371506 0.01445082 -0.06220253 0.9979589 -7.334279
0.9994718 -0.02826004 -0.01604315 110.4449 0.02922177 0.9975686 0.0632672 -4.347292 0.01421621 -0.0637026 0.9978676 -7.425014
0.9994424 -0.02803226 -0.01813951 111.676 0.02912686 0.9975762 0.06319424 -4.318697 0.01632406 -0.06368735 0.9978364 -7.515133
0.9995394 -0.02487252 -0.01738709 112.9273 0.02594293 0.997592 0.06432132 -4.308952 0.01574539 -0.06474277 0.9977778 -7.623085
0.9995503 -0.02324247 -0.01894744 114.1717 0.02441943 0.9976218 0.06445491 -4.28303 0.01740429 -0.0648886 0.9977407 -7.709576
0.9996092 -0.0220014 -0.01724631 115.4224 0.02307092 0.9976518 0.0644872 -4.2648 0.015787 -0.06485987 0.9977695 -7.824593
0.9996285 -0.02083883 -0.01756567 116.6732 0.02190843 0.9977684 0.06307562 -4.247886 0.01621204 -0.06343702 0.9978542 -7.907075
0.99962 -0.02187274 -0.01677582 117.914 0.02287314 0.9978163 0.06196226 -4.232069 0.0153839 -0.06232243 0.9979375 -8.015414
0.9996087 -0.02205807 -0.01720148 119.1614 0.02309323 0.9977775 0.0625031 -4.209064 0.01578455 -0.06287588 0.9978966 -8.105675
0.9996245 -0.02157162 -0.01689638 120.4191 0.02259682 0.9977553 0.06303951 -4.191968 0.01549859 -0.06339765 0.997868 -8.216562
0.9996361 -0.02111804 -0.01678616 121.6752 0.02215515 0.9976906 0.06420895 -4.171274 0.01539142 -0.06455749 0.9977953 -8.316538
0.9996037 -0.0220571 -0.01748825 122.9863 0.02313114 0.9976945 0.06379881 -4.153862 0.01604072 -0.06417806 0.9978095 -8.420309
0.9996151 -0.0217721 -0.01719374 124.2498 0.02284049 0.9976496 0.06460352 -4.142773 0.01574678 -0.06497137 0.9977629 -8.530234
0.9996225 -0.02072247 -0.01803943 125.5023 0.0218353 0.9977206 0.06385054 -4.120678 0.01667517 -0.06422033 0.9977964 -8.618502
0.9996497 -0.02011335 -0.01720284 126.7822 0.02120226 0.9976174 0.06565238 -4.097044 0.01584136 -0.06599412 0.9976943 -8.730466
0.9996389 -0.01962656 -0.01835712 128.0673 0.02079667 0.9976104 0.06588692 -4.083404 0.01702012 -0.06624489 0.9976583 -8.837928
0.999624 -0.01942113 -0.01935873 129.3786 0.02065109 0.9976387 0.06550306 -4.070107 0.01804087 -0.06587821 0.9976646 -8.945193
0.9996021 -0.01966167 -0.02022337 130.658 0.02093236 0.9976871 0.06466953 -4.048465 0.01890509 -0.06506712 0.9977018 -9.051956
0.9996244 -0.01874052 -0.01999609 131.9461 0.01998088 0.9977659 0.06374871 -4.036517 0.01875673 -0.06412431 0.9977657 -9.163695
0.9996121 -0.01706138 -0.02201195 133.2134 0.01843142 0.997804 0.06361781 -4.018735 0.02087821 -0.06399885 0.9977316 -9.246467
0.9996917 -0.01457158 -0.02010348 134.5284 0.01582611 0.9978421 0.0637252 -4.007877 0.01913151 -0.06402372 0.997765 -9.36498
0.9996585 -0.0133336 -0.02247375 135.8614 0.01470028 0.9979812 0.06178671 -4.003187 0.02160454 -0.06209598 0.9978364 -9.444155
0.999733 -0.01280987 -0.01923402 137.1685 0.01401488 0.9978591 0.06388127 -3.983332 0.01837453 -0.06413377 0.9977722 -9.581647
0.9997037 -0.0128042 -0.02070252 138.4793 0.01405877 0.9979995 0.06163589 -3.984703 0.01987191 -0.06190867 0.997884 -9.653634
0.9997012 -0.01378985 -0.0201842 139.7786 0.01502639 0.9979348 0.06245089 -3.96215 0.01928133 -0.06273552 0.9978439 -9.78393
0.9996436 -0.01538485 -0.02181604 141.0653 0.01667455 0.9980457 0.06022319 -3.949431 0.02084688 -0.0605655 0.9979465 -9.86262
0.9996583 -0.0164284 -0.02032937 142.3568 0.01764269 0.9979775 0.0610688 -3.943878 0.01928499 -0.0614066 0.9979265 -9.980394
0.9996042 -0.01787821 -0.02172371 143.6679 0.01917685 0.997946 0.06112079 -3.936073 0.02058636 -0.06151319 0.9978939 -10.08114
0.9995767 -0.01985855 -0.0212619 144.9317 0.0211341 0.9978801 0.06155195 -3.914892 0.01999449 -0.06197524 0.9978774 -10.1758
0.9995139 -0.02157407 -0.02250576 146.2283 0.02296259 0.9977252 0.06338067 -3.902479 0.02108719 -0.06386665 0.9977356 -10.27481
0.9994566 -0.02454106 -0.02200655 147.5172 0.02589555 0.9976434 0.0635381 -3.870296 0.02039539 -0.06407344 0.9977368 -10.37817
0.9993191 -0.02805237 -0.0239672 148.8183 0.02949658 0.997628 0.06219622 -3.84785 0.02216559 -0.06286082 0.9977762 -10.47173
0.9992627 -0.03097976 -0.02267781 150.111 0.0323537 0.9974915 0.06296026 -3.815348 0.02067043 -0.06364755 0.9977583 -10.60637
0.9990952 -0.03383786 -0.02576398 151.412 0.03535659 0.9975132 0.06097269 -3.778597 0.02363672 -0.06182845 0.9978068 -10.67592
0.9990031 -0.0367945 -0.0252771 152.6969 0.03829647 0.9973562 0.06175825 -3.734305 0.02293791 -0.0626647 0.997771 -10.80115
0.9988173 -0.03947112 -0.02839114 153.9783 0.0411137 0.9973627 0.0598093 -3.69418 0.02595553 -0.06090583 0.997806 -10.87388
0.9988177 -0.04139361 -0.02549028 155.2531 0.04288312 0.9972185 0.0609624 -3.647411 0.02289592 -0.06198343 0.9978145 -10.99052
0.9986275 -0.04328662 -0.02948641 156.5339 0.04498296 0.9972126 0.05952779 -3.601896 0.02682746 -0.06077247 0.9977911 -11.08397
0.9986335 -0.0455281 -0.02565671 157.8247 0.04702835 0.9970126 0.06127012 -3.548484 0.02279055 -0.06239299 0.9977914 -11.19745
0.9984468 -0.04621961 -0.03110769 159.0841 0.04803738 0.9970132 0.06047427 -3.502449 0.02821968 -0.06187468 0.9976849 -11.27905
0.9985564 -0.04621578 -0.02737217 160.3629 0.04783005 0.9969547 0.06159408 -3.452676 0.02444219 -0.06281437 0.9977259 -11.39843
0.9984441 -0.04681396 -0.03029388 161.6131 0.04864699 0.9968333 0.06290339 -3.404774 0.02725319 -0.06427923 0.9975597 -11.49144
0.9984376 -0.04788684 -0.02879749 162.879 0.04961712 0.9967972 0.06271809 -3.343779 0.02570189 -0.06404894 0.9976158 -11.58504
0.9983945 -0.0482455 -0.02967562 164.1179 0.05004731 0.9967382 0.06331227 -3.288148 0.02652429 -0.06469581 0.9975525 -11.69224
0.9983644 -0.04897348 -0.0294972 165.3317 0.0507459 0.9967425 0.06268206 -3.24244 0.02633136 -0.06407641 0.9975976 -11.78592
0.9983296 -0.04961035 -0.02961222 166.5553 0.05144864 0.9965622 0.06493594 -3.17945 0.02628893 -0.06635099 0.99745 -11.90214
0.9982767 -0.04970842 -0.03118986 167.7676 0.05161693 0.9966329 0.06370406 -3.127845 0.02791821 -0.0652042 0.9974813 -11.99339
0.9982366 -0.0506346 -0.03098099 168.9637 0.05258472 0.9964491 0.06575572 -3.070325 0.02754147 -0.06726889 0.9973547 -12.11236
0.9981269 -0.05179272 -0.03255965 170.133 0.05378768 0.9965174 0.0637164 -3.016571 0.02914622 -0.06534836 0.9974368 -12.19561
0.9981062 -0.05273975 -0.03166172 171.3117 0.05471501 0.996374 0.06515377 -2.962056 0.02811072 -0.06676275 0.9973728 -12.31889
0.9980114 -0.05365671 -0.03307965 172.4836 0.05572642 0.9963152 0.06519406 -2.902903 0.02945966 -0.06690783 0.9973242 -12.39976
0.9979215 -0.05549652 -0.03275551 173.6235 0.05757346 0.9961375 0.06629816 -2.844531 0.02894967 -0.0680462 0.9972621 -12.50981
0.9978082 -0.05694255 -0.03371003 174.7877 0.0591175 0.9959671 0.0674878 -2.781825 0.02973116 -0.06933273 0.9971505 -12.60003
0.9977209 -0.05918051 -0.03241348 175.893 0.06124823 0.9958694 0.06702705 -2.715811 0.0283129 -0.06885957 0.9972245 -12.70035
0.9974851 -0.06169413 -0.03488969 177.0331 0.06387444 0.9958206 0.06527732 -2.657656 0.03071665 -0.06734171 0.9972571 -12.79275
0.9972287 -0.06583074 -0.03465908 178.1821 0.0679771 0.9955739 0.06489936 -2.578406 0.0302333 -0.06707553 0.9972897 -12.90142
0.9970325 -0.06803382 -0.03602069 179.3048 0.07029629 0.9953541 0.06579439 -2.512395 0.03137709 -0.06813126 0.9971828 -12.99135
0.9967517 -0.07144949 -0.03716221 180.4474 0.07374597 0.9951818 0.06461383 -2.433703 0.03236652 -0.06714451 0.9972181 -13.09028
0.9965147 -0.07394109 -0.0386149 181.5505 0.07636523 0.9949186 0.0656149 -2.361676 0.03356704 -0.06833505 0.9970976 -13.19995
0.9963234 -0.07620719 -0.0391426 182.6589 0.0787265 0.9946113 0.06745916 -2.286357 0.0337908 -0.0702927 0.9969539 -13.29256
0.9962592 -0.07664053 -0.03992398 183.776 0.07923853 0.9945225 0.06816398 -2.197784 0.03448118 -0.0710725 0.996875 -13.3889
0.99611 -0.07771992 -0.04152793 184.9364 0.08040185 0.9944828 0.0673751 -2.112629 0.03606242 -0.07045194 0.9968631 -13.47905
0.9959899 -0.07950992 -0.04101608 186.0166 0.08212391 0.9943969 0.06656348 -2.030882 0.0354938 -0.06966495 0.9969388 -13.57898
0.9957964 -0.08177792 -0.04125521 187.1373 0.08438831 0.9942384 0.06609644 -1.941842 0.03561229 -0.06930006 0.99696 -13.66604
0.9956777 -0.08314003 -0.0413962 188.2478 0.08572531 0.9941843 0.06518117 -1.856657 0.03573629 -0.06844815 0.9970144 -13.7697
0.9955568 -0.08440451 -0.04174278 189.33 0.08697695 0.9941381 0.06422101 -1.774817 0.03607754 -0.06756632 0.9970623 -13.84456
0.9953643 -0.08594646 -0.04316305 190.4668 0.08864651 0.9939326 0.06511583 -1.673827 0.03730468 -0.06864022 0.9969438 -13.93933
0.9953519 -0.08670177 -0.04192043 191.5381 0.08930635 0.9938897 0.06486718 -1.592118 0.03604019 -0.06830943 0.997013 -14.0424
0.995109 -0.08924659 -0.04234413 192.6432 0.09189941 0.9936119 0.06549843 -1.489488 0.03622812 -0.06906948 0.9969538 -14.11682
0.9948973 -0.09127829 -0.04298451 193.7358 0.09392943 0.9934982 0.06433307 -1.396079 0.03683282 -0.06804231 0.9970023 -14.22028
0.9946387 -0.0935666 -0.04403426 194.8149 0.09631186 0.9932259 0.06501185 -1.294004 0.03765303 -0.06890433 0.9969125 -14.32666
0.9945494 -0.09332594 -0.04649548 195.9123 0.09623887 0.9932374 0.06494118 -1.1953 0.04012035 -0.06906189 0.9968053 -14.39851
0.9946221 -0.09281729 -0.0459558 196.9813 0.09576009 0.9931728 0.06661852 -1.106923 0.03945869 -0.07066098 0.9967197 -14.5006
0.9944269 -0.094323 -0.0470988 198.0777 0.09732165 0.9930587 0.06605253 -0.9976856 0.0405416 -0.07026815 0.9967039 -14.5853
0.9943917 -0.0949196 -0.04664121 199.1655 0.09788907 0.9929963 0.06614876 -0.9017524 0.04003575 -0.07034343 0.9967191 -14.684
0.9943207 -0.09513666 -0.04770048 200.2558 0.09820776 0.9929208 0.06680945 -0.8068039 0.04100677 -0.07111458 0.9966249 -14.77037
0.9942368 -0.09585481 -0.04801084 201.3299 0.09887349 0.9929724 0.06503687 -0.7014297 0.04143935 -0.06940905 0.9967272 -14.86015
0.9942527 -0.09598126 -0.0474261 202.3958 0.09904712 0.9928118 0.06718966 -0.6065057 0.04063624 -0.07150093 0.9966124 -14.95317
0.9942018 -0.09646697 -0.0475075 203.5067 0.09947447 0.992873 0.06563722 -0.4968122 0.04083709 -0.06998242 0.996712 -15.04307
0.9942296 -0.09685121 -0.04612352 204.5589 0.09987416 0.9926393 0.06850172 -0.4153022 0.03914955 -0.07271298 0.9965842 -15.1443
0.9941778 -0.09758218 -0.04569799 205.6285 0.1005386 0.992633 0.06761579 -0.3051061 0.03876323 -0.07181652 0.9966643 -15.21812
0.994187 -0.09813415 -0.04429352 206.7355 0.1010238 0.9925194 0.06855325 -0.2002236 0.03723476 -0.07262945 0.9966637 -15.32342
0.9941328 -0.09842627 -0.04485936 207.7998 0.1013702 0.9924591 0.06891366 -0.1042896 0.03773816 -0.07305674 0.9966136 -15.40826
0.9940914 -0.09896597 -0.04458731 208.8393 0.1018301 0.9925196 0.06734631 -0.01091958 0.03758879 -0.07148872 0.9967329 -15.49752
0.9939373 -0.100737 -0.04405492 209.911 0.1036287 0.9922057 0.06920144 0.1016326 0.0367404 -0.07334724 0.9966295 -15.59548
0.9938874 -0.1007726 -0.04508681 210.9778 0.1036985 0.9922745 0.06810239 0.1970385 0.03787564 -0.07236154 0.996659 -15.67898
0.9937776 -0.1025833 -0.04339103 212.032 0.1054126 0.9920379 0.06891182 0.3076152 0.03597634 -0.07305698 0.9966787 -15.78201
0.9936118 -0.1038005 -0.0442854 213.1053 0.1067245 0.9918382 0.0697614 0.4187909 0.03668269 -0.07404209 0.9965802 -15.85748
0.9934514 -0.106666 -0.04094801 214.1839 0.1093559 0.991513 0.07030752 0.5284697 0.03310107 -0.07432501 0.9966846 -15.96163
0.9931117 -0.1091524 -0.04260278 215.2928 0.1119962 0.9911453 0.07132898 0.6414117 0.03443981 -0.07560899 0.9965426 -16.05659
0.9928014 -0.1126508 -0.04068378 216.3839 0.1153488 0.9907463 0.07152894 0.7597805 0.03224951 -0.07570685 0.9966085 -16.15219
0.992386 -0.1158151 -0.04191459 217.4503 0.1186565 0.9902314 0.07322744 0.8803633 0.0330243 -0.07764332 0.9964341 -16.25859
0.991892 -0.1201013 -0.04154499 218.5078 0.1228644 0.9898089 0.07199175 1.008898 0.0324753 -0.07651243 0.9965396 -16.3365
0.991673 -0.1218369 -0.04171891 219.6595 0.1246364 0.9895271 0.07281186 1.147534 0.03241082 -0.07740524 0.9964728 -16.46349
0.9913319 -0.1242213 -0.04277946 220.7133 0.1271189 0.9891651 0.07344034 1.278582 0.03319309 -0.07824183 0.9963817 -16.5393
0.991053 -0.1265858 -0.04230835 221.806 0.1294634 0.9888107 0.07411398 1.41043 0.03245316 -0.07892826 0.9963519 -16.64893
0.9907753 -0.1285474 -0.04289304 222.8931 0.1314247 0.9886463 0.07284338 1.547604 0.03304222 -0.07780863 0.9964206 -16.75075
0.9906969 -0.1292168 -0.04269299 224.0087 0.1321138 0.9884715 0.07396153 1.693522 0.03264373 -0.07891379 0.9963468 -16.85435
0.9905391 -0.1295462 -0.04527888 225.0841 0.13253 0.9886571 0.07065988 1.830212 0.03561157 -0.07599218 0.9964723 -16.94062
0.9905216 -0.1296951 -0.04523585 226.1696 0.1327132 0.9885563 0.0717214 1.973019 0.03541626 -0.07704499 0.9963984 -17.05137
0.9906136 -0.1288372 -0.04566875 227.2646 0.1320386 0.988337 0.07586539 2.118052 0.03536183 -0.08118333 0.9960717 -17.14673
0.9909047 -0.1267325 -0.04523932 228.3996 0.1299004 0.988628 0.07576559 2.251082 0.0351229 -0.08095308 0.9960989 -17.23857
0.9910771 -0.125889 -0.04379707 229.5375 0.1289662 0.9886951 0.07648153 2.394832 0.03367377 -0.08144743 0.9961087 -17.35063
0.9910487 -0.125747 -0.0448353 230.6154 0.1288605 0.988816 0.07508365 2.522026 0.03489233 -0.08018906 0.9961688 -17.45254
0.9911561 -0.1252908 -0.04372464 231.714 0.128291 0.9889463 0.07434027 2.663769 0.03392718 -0.07929228 0.9962739 -17.55295
0.9910666 -0.1256193 -0.04479787 232.8445 0.128686 0.9889336 0.07382657 2.802477 0.03502809 -0.07893191 0.9962644 -17.65405
0.9911602 -0.1246508 -0.04542775 233.9274 0.1278499 0.9888711 0.07608036 2.934794 0.03543871 -0.08121576 0.9960663 -17.7599
0.9912696 -0.123997 -0.04482625 235.0706 0.127137 0.9889889 0.07574525 3.078058 0.03494047 -0.08078304 0.9961191 -17.85279
0.9913989 -0.1224635 -0.04616075 236.1774 0.1257392 0.9891163 0.07640863 3.201531 0.03630109 -0.08155566 0.9960075 -17.96026
0.9914604 -0.1222199 -0.045481 237.3018 0.1254347 0.9891678 0.07624295 3.344414 0.03566995 -0.08129677 0.9960514 -18.05408
0.9915898 -0.1210117 -0.04588893 238.4771 0.1242747 0.9892884 0.07657663 3.489115 0.03613073 -0.08163544 0.9960071 -18.1834
0.9916513 -0.1204033 -0.04616009 239.6259 0.1236544 0.9894408 0.07560868 3.623663 0.03656915 -0.08068534 0.9960685 -18.26385
0.991906 -0.1184867 -0.04564347 240.8151 0.1217665 0.9895337 0.07743403 3.756942 0.03599085 -0.08236512 0.9959521 -18.38727
0.9920827 -0.1169358 -0.04580411 241.9798 0.1202164 0.9897575 0.07699158 3.891179 0.0363319 -0.08188841 0.9959791 -18.48656
0.9923632 -0.1151655 -0.04418316 243.1318 0.1183717 0.9898582 0.0785424 4.014692 0.03468969 -0.08317263 0.9959312 -18.60065
0.9924877 -0.1143482 -0.04350371 244.282 0.1174388 0.9901092 0.07675963 4.159422 0.03429609 -0.08129201 0.9961001 -18.69332
0.9925795 -0.1141033 -0.04202773 245.5157 0.1170902 0.990113 0.0772404 4.290052 0.03279882 -0.08158828 0.9961263 -18.81468
0.9923419 -0.1164002 -0.04133449 246.7143 0.1193371 0.9898146 0.07762435 4.436925 0.03187799 -0.08196263 0.9961255 -18.90559
0.9922335 -0.1179162 -0.03960264 247.9292 0.1207454 0.9895434 0.07889429 4.57311 0.02988563 -0.08306339 0.996096 -19.03404
0.9919041 -0.1200119 -0.04151371 249.1547 0.1229798 0.9893055 0.07842591 4.719314 0.0316577 -0.08289634 0.9960552 -19.14515
0.9917067 -0.1220919 -0.04014309 250.3513 0.1249726 0.9889712 0.0794856 4.862298 0.02999581 -0.08384319 0.9960274 -19.25219
0.9914261 -0.1236849 -0.04214668 251.549 0.1267653 0.9886528 0.08059978 5.00884 0.03169946 -0.08525147 0.9958551 -19.36579
0.9911268 -0.1262795 -0.0414854 252.7536 0.129262 0.9884188 0.07949668 5.163833 0.03096614 -0.08415379 0.9959715 -19.47531
0.9909657 -0.1268455 -0.04355571 253.9845 0.1300495 0.9881966 0.08096038 5.316286 0.03277215 -0.08589336 0.9957652 -19.59711
0.9906551 -0.1294289 -0.04301804 255.2118 0.1325347 0.9879792 0.07957438 5.476655 0.0322017 -0.08453215 0.9959003 -19.70634
0.99056 -0.1303889 -0.04230428 256.4324 0.1334862 0.9877096 0.08130901 5.636505 0.03118256 -0.08618849 0.9957907 -19.82875
0.9903271 -0.131964 -0.04287014 257.6257 0.1350397 0.9876665 0.07924055 5.789931 0.0318845 -0.08426323 0.9959333 -19.92428
0.9901777 -0.1332155 -0.0424477 258.7986 0.1363054 0.9873552 0.08093733 5.941852 0.03112884 -0.08592819 0.9958149 -20.05355
0.9903065 -0.1323437 -0.04216857 259.7746 0.1353511 0.9876447 0.07898374 6.077478 0.03119455 -0.08392568 0.9959836 -20.12788
0.9906198 -0.1305735 -0.04028497 260.7037 0.1333612 0.9880915 0.07674649 6.189298 0.02978417 -0.08139905 0.9962364 -20.20863
0.9905148 -0.1312396 -0.04070029 261.8331 0.1340458 0.9880338 0.07629462 6.344518 0.03020038 -0.08102667 0.9962543 -20.31821
0.9905354 -0.1314816 -0.0393973 262.9414 0.1341731 0.9880391 0.07600371 6.492962 0.02893298 -0.08057042 0.9963289 -20.4283
0.9905307 -0.1317224 -0.03870428 264.0186 0.1343772 0.9879576 0.07669777 6.638005 0.02813537 -0.08117247 0.9963029 -20.51496
0.9906644 -0.1313833 -0.03636483 264.784 0.1338558 0.9880085 0.0769528 6.731527 0.02581845 -0.08110204 0.9963713 -20.58068
0.9907228 -0.1313972 -0.03468498 265.7002 0.1337776 0.9878751 0.07878116 6.874843 0.0239128 -0.08269037 0.9962884 -20.68167
0.9913719 -0.1274056 -0.03081349 266.2048 0.1294539 0.9885451 0.07758947 6.916 0.02057519 -0.08090895 0.9965091 -20.72408
0.9922037 -0.122055 -0.02518917 266.5596 0.1236309 0.9894631 0.07535458 6.950985 0.01572635 -0.07788125 0.9968386 -20.75397
0.9918382 -0.1261349 -0.01862516 266.5994 0.12722 0.9887445 0.07873562 6.959924 0.008484219 -0.08046249 0.9967215 -20.78678
0.9925303 -0.121513 -0.01087058 266.7126 0.12199 0.989553 0.07683399 6.971231 0.001420685 -0.07758617 0.9969847 -20.79921
0.9928255 -0.1193555 -0.007199313 266.8678 0.1195555 0.9898725 0.07654472 6.974907 -0.002009633 -0.07685627 0.9970402 -20.8357
0.9933689 -0.1149451 -0.002408058 267.1547 0.114818 0.9907569 0.07223487 7.012107 -0.005917245 -0.07203236 0.9973847 -20.88676
0.9935743 -0.1131815 1.344597e-05 267.2591 0.1129141 0.9912356 0.06857261 7.004465 -0.007774476 -0.06813046 0.9976462 -20.91378
0.9937251 -0.1116013 0.007453938 267.4615 0.1108057 0.9913443 0.07041826 7.004169 -0.01524819 -0.06915046 0.9974897 -20.99469
0.9943133 -0.1060411 0.009813555 267.6404 0.1051654 0.9922403 0.06632777 6.997442 -0.01677087 -0.06491853 0.9977496 -20.98255
0.9942936 -0.1054192 0.01634445 267.8201 0.1041274 0.9923626 0.06613266 6.995575 -0.02319127 -0.06405336 0.997677 -21.03484
0.9948441 -0.09981956 0.01792316 268.0047 0.09860128 0.9933565 0.05933604 6.979109 -0.02372699 -0.05726286 0.9980772 -21.04258
0.9948667 -0.09807222 0.02494017 268.2056 0.0964767 0.9936039 0.05867968 6.974725 -0.0305355 -0.05597232 0.9979653 -21.10444
0.9949501 -0.09682904 0.02643015 268.3957 0.09521283 0.9938372 0.05676442 6.963338 -0.03176371 -0.05396127 0.9980377 -21.08175
0.9950116 -0.0956533 0.02832522 268.5444 0.0940484 0.9941338 0.05341276 6.947991 -0.03326816 -0.05048237 0.9981707 -21.1289
0.9948872 -0.09656156 0.02958534 268.8012 0.09483408 0.9939675 0.05508982 6.949496 -0.03472643 -0.05200245 0.998043 -21.12314
0.9949811 -0.09377658 0.03490976 268.9383 0.09177043 0.9942485 0.05521081 6.928311 -0.03988646 -0.05173003 0.9978642 -21.1341
0.9945976 -0.0973386 0.03606575 269.2316 0.09528613 0.9939392 0.05482429 6.915489 -0.04118368 -0.05109154 0.9978445 -21.18024
0.9941131 -0.09893103 0.04417983 269.4318 0.0965459 0.9939054 0.05320433 6.903415 -0.04917413 -0.04862574 0.9976059 -21.19755
0.9936002 -0.10584 0.03945321 269.6565 0.1037467 0.9932544 0.05179165 6.90188 -0.04466871 -0.04736705 0.9978783 -21.22105
0.9932478 -0.1081326 0.04202576 269.9031 0.105835 0.9929425 0.0535169 6.908906 -0.04751609 -0.04870775 0.9976822 -21.21849
0.9929658 -0.1104259 0.04272125 270.126 0.1082932 0.9928919 0.04937822 6.897037 -0.04787022 -0.04440446 0.9978661 -21.23133
0.993077 -0.110704 0.03927706 270.3839 0.1087448 0.9928643 0.0489381 6.897447 -0.04441443 -0.04432813 0.9980292 -21.2165
0.9929368 -0.1124809 0.03774413 270.6333 0.1105926 0.9926639 0.04886224 6.890254 -0.04296331 -0.04434289 0.9980921 -21.24585
0.9931322 -0.1104964 0.03845577 270.861 0.1086805 0.9929892 0.04648517 6.869185 -0.04332262 -0.04198653 0.9981785 -21.22453
0.9934687 -0.1072727 0.03889119 271.136 0.1053638 0.9932649 0.04819932 6.837892 -0.04379973 -0.04378679 0.9980803 -21.26204
0.9934403 -0.1070528 0.04019921 271.4057 0.1052041 0.9934049 0.04559206 6.828888 -0.04481485 -0.04106387 0.998151 -21.25067
0.9932061 -0.1081356 0.04299294 271.6837 0.1060819 0.9932228 0.04748552 6.799613 -0.04783645 -0.04260213 0.9979463 -21.28191
0.9931044 -0.1093979 0.04214025 271.9471 0.1073942 0.9930955 0.04719885 6.781564 -0.04701275 -0.04234777 0.9979962 -21.29052
0.9933888 -0.1065451 0.04274109 272.2114 0.1046739 0.9935389 0.04386463 6.73486 -0.04713849 -0.03910076 0.9981228 -21.2797
0.9934068 -0.1067786 0.04172831 272.5259 0.1050049 0.9935584 0.04261255 6.714842 -0.04600962 -0.03794992 0.9982198 -21.29539
0.9931578 -0.1078791 0.04471748 272.8004 0.1058991 0.9933801 0.04451068 6.678791 -0.04922323 -0.03947058 0.9980076 -21.27201
0.9931328 -0.1086187 0.04346496 273.0714 0.1067879 0.9933757 0.04243939 6.655646 -0.04778675 -0.03750642 0.9981532 -21.29136
0.9935341 -0.1059107 0.040902 273.3836 0.1041538 0.993634 0.04293357 6.630298 -0.04518874 -0.03839586 0.9982403 -21.30962
0.9930637 -0.1091256 0.04377181 273.7007 0.1073716 0.9933894 0.04060506 6.604257 -0.04791351 -0.03562356 0.998216 -21.28613
0.9931265 -0.1094617 0.04144699 273.9618 0.1077745 0.9933311 0.04096662 6.571013 -0.04565486 -0.0362181 0.9983005 -21.31389
0.99349 -0.1062257 0.04115432 274.2893 0.1045084 0.9936429 0.04185092 6.545289 -0.04533834 -0.0372775 0.9982759 -21.29719
0.9932231 -0.1085595 0.0415063 274.5529 0.1068973 0.9934502 0.04036986 6.521341 -0.04561697 -0.03565937 0.9983224 -21.28963
0.9929645 -0.1101378 0.04348681 274.8856 0.1083723 0.9932618 0.04106653 6.528124 -0.04771677 -0.03606484 0.9982096 -21.29317
0.9929859 -0.1098716 0.04367137 275.2443 0.1079162 0.993147 0.04486669 6.510336 -0.04830167 -0.03983914 0.998038 -21.31171
0.9927277 -0.1132968 0.04068783 275.5102 0.1115776 0.992855 0.04230051 6.507105 -0.04518963 -0.03745304 0.9982761 -21.31964
0.9928353 -0.1120932 0.04138958 275.8348 0.1103612 0.9930037 0.04200167 6.508696 -0.04580811 -0.03713294 0.9982598 -21.30588
0.9926118 -0.1147272 0.03948924 276.1697 0.1129717 0.9926174 0.04414236 6.527549 -0.04426202 -0.03935507 0.9982445 -21.29577
0.9923342 -0.1175223 0.03822787 276.4497 0.1158414 0.9923118 0.04356561 6.528944 -0.0430539 -0.03880328 0.9983189 -21.32876
0.9919266 -0.1204254 0.03974028 276.7892 0.1186208 0.9919186 0.04501918 6.563541 -0.04484057 -0.0399417 0.9981954 -21.30367
0.9913732 -0.1260543 0.03590845 277.1408 0.124415 0.9912217 0.0447267 6.597963 -0.04123122 -0.0398733 0.9983537 -21.3018
0.9899492 -0.1374467 0.03330223 277.4911 0.1358538 0.9896542 0.04613332 6.671976 -0.03929856 -0.04114541 0.99838 -21.33098
0.9908994 -0.1316857 0.02787855 277.745 0.1301983 0.9902389 0.04975054 6.67708 -0.03415787 -0.04566804 0.9983725 -21.32136
0.9903882 -0.135596 0.02729531 278.0528 0.1342176 0.9898261 0.04722318 6.712563 -0.03342088 -0.04310576 0.9985114 -21.35082
0.9881521 -0.150696 0.02908787 278.6052 0.149258 0.9877031 0.04652473 6.867102 -0.03574127 -0.04163191 0.9984936 -21.39456
0.9891689 -0.1451858 0.02158823 278.7668 0.1438337 0.9880893 0.05469248 6.844621 -0.02927167 -0.05099498 0.9982699 -21.44682
0.9902214 -0.1363192 0.02964221 278.9991 0.1346815 0.9895447 0.05159556 6.848599 -0.03636576 -0.04709877 0.9982281 -21.405
0.988721 -0.1467339 0.03000072 279.3089 0.1451256 0.9881405 0.0501673 6.927507 -0.03700617 -0.04524759 0.9982901 -21.4161
0.9860174 -0.1648407 0.02443719 280.1451 0.1635873 0.985428 0.0465951 7.194663 -0.03176185 -0.04194597 0.9986149 -21.48347
0.9846008 -0.1739255 0.01763824 280.8347 0.1729548 0.9838281 0.04657182 7.418039 -0.02545302 -0.04280404 0.9987592 -21.56128
0.9884697 -0.1506319 0.01541944 280.6575 0.1497064 0.9874816 0.04967974 7.200098 -0.02270977 -0.04679853 0.9986461 -21.53332
0.9895782 -0.1425775 0.0201634 280.6991 0.1414723 0.9887569 0.04842952 7.154028 -0.02684166 -0.04507223 0.9986231 -21.51897
0.9903917 -0.1371449 0.0177601 280.8644 0.1361948 0.9895799 0.04671615 7.186455 -0.02398192 -0.04384846 0.9987503 -21.51747
0.9888102 -0.1475409 0.02204634 281.1427 0.1464053 0.9881353 0.04641334 7.194575 -0.02863263 -0.04266628 0.998679 -21.51381
0.989525 -0.1429343 0.02024848 281.9114 0.1418988 0.988827 0.04567527 7.384071 -0.02655081 -0.04232359 0.9987511 -21.59104
0.9889216 -0.145456 0.02960861 281.9233 0.1438105 0.9882547 0.05168271 7.285782 -0.03677841 -0.04685212 0.9982246 -21.58298
0.9895057 -0.1417799 0.02787304 282.0384 0.1402418 0.9888017 0.05102374 7.26377 -0.03479505 -0.04657932 0.9983084 -21.57592
0.9890895 -0.144797 0.0271259 282.3053 0.1435734 0.9887203 0.04264547 7.287259 -0.03299487 -0.03828563 0.998722 -21.6213
0.989627 -0.1406754 0.02913355 282.6463 0.1393236 0.989262 0.04415643 7.339599 -0.03503244 -0.0396394 0.9985998 -21.63122
0.9889571 -0.1455751 0.02777903 282.8777 0.1442056 0.9884689 0.04619643 7.331863 -0.03418375 -0.04168039 0.9985461 -21.63485
0.9890491 -0.1448051 0.02851905 283.2028 0.1435435 0.9887439 0.04220116 7.366049 -0.03430898 -0.03764529 0.998702 -21.65045
0.9888682 -0.1461484 0.02793261 283.4516 0.1448032 0.9884232 0.04529328 7.385713 -0.03422878 -0.04074435 0.9985831 -21.6861
0.9894398 -0.1420701 0.02872397 283.7398 0.1406682 0.9889858 0.04604121 7.408477 -0.03494867 -0.04151445 0.9985265 -21.69666
0.9890889 -0.1443806 0.02928216 284.0606 0.1429881 0.9886962 0.04510168 7.432326 -0.03546297 -0.04042257 0.9985532 -21.70632
0.9890265 -0.1446887 0.02986312 284.3506 0.1431097 0.9884647 0.04957166 7.450344 -0.0366911 -0.04475398 0.998324 -21.72244
0.9897826 -0.1404133 0.02478922 284.562 0.139101 0.9890908 0.04847963 7.445708 -0.03132598 -0.04453609 0.9985165 -21.75315
0.9898359 -0.1394657 0.02782493 284.8592 0.1379641 0.9891703 0.05008078 7.461482 -0.03450814 -0.04573292 0.9983575 -21.75927
0.9901168 -0.1370405 0.0298088 285.2112 0.1354958 0.9895746 0.04881489 7.461821 -0.03618765 -0.04429348 0.998363 -21.77232
0.9900328 -0.1368091 0.03344234 285.4685 0.135064 0.9895833 0.04982394 7.473162 -0.03991036 -0.04481048 0.998198 -21.78424
0.9902803 -0.1340213 0.0371914 285.7818 0.1321707 0.9900434 0.04842307 7.467501 -0.04331083 -0.0430368 0.9981343 -21.7831
0.9896663 -0.1374021 0.04100272 286.0873 0.1353142 0.9895416 0.04997568 7.450871 -0.04744065 -0.043911 0.9979084 -21.8224
0.989949 -0.1358193 0.03942309 286.3429 0.1339019 0.9898421 0.04777849 7.456287 -0.04551188 -0.04201943 0.9980797 -21.82094
0.9897287 -0.1364902 0.04251367 286.5941 0.1344034 0.9897343 0.04860006 7.463886 -0.04871067 -0.04238689 0.9979131 -21.84033
0.9893671 -0.1389347 0.04300923 286.9077 0.1367765 0.9893584 0.0496193 7.474053 -0.04944539 -0.04320905 0.9978417 -21.83221
0.9892181 -0.1407884 0.04032777 287.1876 0.1387463 0.9890839 0.0496232 7.465581 -0.04687392 -0.04349283 0.9979535 -21.87172
0.9886647 -0.1441901 0.04184804 287.3889 0.1421379 0.9886595 0.04846642 7.468522 -0.04836185 -0.04196885 0.9979478 -21.88026
0.9882038 -0.1477838 0.04016429 287.6882 0.1458095 0.9881324 0.04831266 7.474818 -0.04682745 -0.04188642 0.9980244 -21.91821
0.9879097 -0.1499626 0.03931421 287.9238 0.1480536 0.98783 0.0476649 7.493437 -0.04598371 -0.04126801 0.9980894 -21.93769
