1.0 0.0 0.0 0.0 0.0 1.0 0.0 0.0 0.0 0.0 1.0 0.0
0.9999878 -0.004815693 -0.001112974 1.13667 0.004816914 0.9999877 0.001096645 0.04878673 0.001107679 -0.001101993 0.9999988 -0.01531461
0.9999842 -0.005413811 -0.001492879 2.138181 0.005415811 0.9999844 0.001338374 0.02946012 0.00148561 -0.001346438 0.999998 -0.0245383
0.9999788 -0.006068667 -0.002334323 3.150069 0.006070232 0.9999813 0.0006637512 0.02250073 0.002330251 -0.000677907 0.9999971 -0.04216967
0.9999807 -0.00546186 -0.002956011 4.171632 0.005466073 0.9999841 0.001418705 0.01593294 0.002948215 -0.001434835 0.9999946 -0.05837404
0.9999824 -0.005473192 -0.002284193 5.191465 0.00547738 0.9999833 0.001831498 0.007340911 0.002274131 -0.001843978 0.9999957 -0.07054929
0.9999786 -0.004367294 -0.004873762 6.221241 0.004373109 0.9999897 0.001183152 0.006056956 0.004868545 -0.00120444 0.9999874 -0.1001229
0.9999769 -0.003754852 -0.005663652 7.27244 0.003742504 0.9999906 -0.002189114 -0.001607742 0.005671818 0.002167867 0.9999816 -0.08987887
0.9999949 -0.0028172 -0.001534154 8.369711 0.002815295 0.9999952 -0.001242158 -0.01880572 0.001537646 0.001237833 0.999998 -0.1044107
0.9999787 -0.002623193 -0.005969376 9.428187 0.002634642 0.9999946 0.001910852 -0.02120593 0.005964332 -0.001926538 0.9999803 -0.1242887
0.9999814 -0.002523306 -0.005557112 10.53234 0.002550765 0.9999846 0.004939821 -0.02573652 0.005544562 -0.004953903 0.9999723 -0.1158652
0.9999783 -0.003416775 -0.005627754 11.63039 0.003436098 0.9999882 0.003427478 -0.03316481 0.005615976 -0.003446741 0.9999783 -0.1542843
0.9999821 -0.003120276 -0.005113245 12.77189 0.003140643 0.999987 0.003979913 -0.03474461 0.00510076 -0.003995901 0.999979 -0.1466608
0.9999692 -0.003025668 -0.007236157 13.93321 0.003056783 0.9999861 0.0042928 -0.0424598 0.007223068 -0.004314788 0.9999646 -0.1985949
0.9999776 -0.003262883 -0.005831978 15.06949 0.003277402 0.9999914 0.002481769 -0.04676704 0.005823831 -0.002500827 0.9999799 -0.1764095
0.9999857 -0.003378557 -0.004145957 16.23967 0.003394261 0.9999871 0.003786555 -0.04949274 0.00413311 -0.003800573 0.9999843 -0.2140544
0.9999947 -0.002729279 -0.001787319 17.43595 0.002741867 0.9999713 0.007078656 -0.06427934 0.001767948 -0.007083519 0.9999734 -0.217469
0.9999952 -0.002965773 -0.0008934815 18.65979 0.002970699 0.9999801 0.00556346 -0.07839207 0.0008769638 -0.005566088 0.9999841 -0.2499409
0.999991 -0.004146218 -0.0008832236 19.86977 0.004149449 0.9999846 0.003688002 -0.08444339 0.0008679187 -0.003691633 0.9999928 -0.2521435
0.9999744 -0.006856949 0.002034458 21.11215 0.006847362 0.9999657 0.004682327 -0.08205003 -0.002066495 -0.004668276 0.9999869 -0.2693677
0.9999653 -0.008333824 0.0002026447 22.36111 0.008332827 0.9999552 0.004503109 -0.09109752 -0.0002401638 -0.004501265 0.9999899 -0.2848884
0.9999459 -0.0103988 0.0002504269 23.62795 0.01039794 0.9999406 0.003221921 -0.07818615 -0.0002839162 -0.003219143 0.9999948 -0.3138981
0.9999382 -0.01103423 -0.001300971 24.90214 0.01103619 0.9999379 0.001504977 -0.07831758 0.001284284 -0.001519242 0.999998 -0.3354447
0.9999403 -0.01072158 -0.002118583 26.20717 0.01072214 0.9999424 0.0002521469 -0.07078412 0.002115757 -0.0002748476 0.9999977 -0.3417584
0.9999625 -0.008554035 -0.001338185 27.51496 0.008558395 0.9999579 0.00328751 -0.07185013 0.001310008 -0.00329884 0.9999937 -0.3432241
0.9999822 -0.005829149 -0.001258847 28.82616 0.005834314 0.9999744 0.004138884 -0.07965067 0.001234688 -0.004146155 0.9999906 -0.3745134
0.9999934 -0.003616011 0.0003162216 30.16937 0.003615127 0.9999895 0.002752383 -0.0894004 -0.000326171 -0.002751221 0.9999962 -0.3835678
0.9999983 -0.001737807 0.0005573518 31.52632 0.001736389 0.9999954 0.00253332 -0.1047206 -0.0005617516 -0.002532348 0.9999967 -0.4056389
0.9999994 -0.0008806323 0.0006732238 32.85392 0.0008783904 0.999994 0.003323191 -0.1120711 -0.0006761463 -0.003322598 0.9999943 -0.4415973
0.9999989 0.001276839 0.0007355349 34.19349 -0.001278836 0.9999955 0.002720126 -0.1300585 -0.0007320584 -0.002721064 0.999996 -0.4687717
0.9999934 0.003386245 -0.001288707 35.5368 -0.003383971 0.9999927 0.001762438 -0.1461602 0.001294666 -0.001758065 0.9999976 -0.4825434
0.9999861 0.00520787 -0.0009102235 36.88557 -0.005208593 0.9999861 -0.0007940066 -0.1608413 0.0009060758 0.0007987364 0.9999993 -0.501185
0.9999785 0.005110447 0.004095955 38.24846 -0.005105725 0.9999862 -0.001162766 -0.1879725 -0.004101841 0.001141829 0.9999909 -0.5279885
0.9999564 0.001511955 0.009218906 39.59254 -0.001502393 0.9999985 -0.001044001 -0.2108522 -0.009220469 0.001030105 0.999957 -0.5474164
0.9999533 -0.003141456 0.009141295 40.92542 0.003159249 0.9999931 -0.001932652 -0.2177689 -0.009135162 0.001961441 0.9999564 -0.5730057
0.9999277 -0.007477029 0.0094179 42.27073 0.007519473 0.9999617 -0.004479422 -0.2242882 -0.009384046 0.004549915 0.9999456 -0.6104057
0.9999012 -0.01133135 0.008317796 43.58576 0.01136488 0.9999274 -0.003995311 -0.2134518 -0.00827192 0.004089447 0.9999574 -0.611918
0.9998645 -0.01420098 0.008321266 44.92192 0.01421338 0.999898 -0.001432052 -0.2094372 -0.00830008 0.001550131 0.9999644 -0.6141259
0.9998223 -0.01451898 0.01202843 46.20985 0.01454737 0.9998916 -0.002275763 -0.2147887 -0.01199409 0.00245034 0.9999251 -0.6767393
0.9997315 -0.01208182 0.01976952 47.53205 0.01207547 0.999927 0.0004409442 -0.2127449 -0.01977341 -0.0002020997 0.9998044 -0.6225665
0.9998839 -0.01144082 0.01006392 48.83802 0.0113965 0.9999253 0.004450037 -0.2117749 -0.01011408 -0.004334826 0.9999394 -0.6891235
0.9998612 -0.01171222 0.0118472 50.14748 0.01151432 0.9997952 0.01663686 -0.2183339 -0.01203963 -0.01649814 0.9997914 -0.7482618
0.9999362 -0.01087479 0.003051751 51.42427 0.01086796 0.9999384 0.002248774 -0.2014865 -0.003076018 -0.002215465 0.9999928 -0.8637723
0.9999563 -0.009129145 0.002018792 52.74141 0.009141142 0.9999403 -0.006016119 -0.2016167 -0.001963749 0.006034311 0.9999799 -0.8229128
0.9999564 -0.008118553 -0.004616434 54.04905 0.008091545 0.9999502 -0.005839518 -0.1891831 0.004663613 0.005801909 0.9999723 -0.8286462
0.9999667 -0.007589278 -0.003014823 55.32815 0.007568885 0.9999489 -0.006719012 -0.2078016 0.003065661 0.006695969 0.9999729 -0.8201623
0.9999751 -0.005696919 -0.004174307 56.59056 0.00570113 0.9999832 0.0009977291 -0.2009889 0.004168553 -0.001021503 0.9999908 -0.8519377
0.9999906 -0.002827252 -0.003290377 57.85402 0.002821162 0.9999942 -0.001854216 -0.2134093 0.003295601 0.001844916 0.9999928 -0.8724931
0.9999998 0.0001301725 0.0006044289 59.14244 -0.0001305719 0.9999998 0.0006606989 -0.2288361 -0.0006043427 -0.0006607777 0.9999996 -0.8987871
0.9999955 0.002654364 -0.001386967 60.4243 -0.002660497 0.9999866 -0.004438959 -0.2486215 0.001375166 0.004442629 0.9999892 -0.958623
0.9999769 0.006417126 0.002254103 61.6797 -0.006402546 0.999959 -0.006417002 -0.2676494 -0.00229519 0.006402421 0.9999769 -0.9221774
0.9999552 0.009449118 0.00049463 62.92306 -0.009449393 0.9999553 0.0005578288 -0.2950537 -0.0004893368 -0.0005624777 0.9999997 -0.9737576
0.9999436 0.01049375 0.001653635 64.17573 -0.01050287 0.9999291 0.005607315 -0.3154378 -0.001594676 -0.005624366 0.9999829 -0.9681138
0.9999517 0.009636899 0.001942553 65.43108 -0.009647098 0.9999393 0.00531173 -0.3405778 -0.001891247 -0.005330213 0.999984 -1.029444
0.9999501 0.009926242 0.001151409 66.67634 -0.009923429 0.9999478 -0.002423866 -0.3675496 -0.001175409 0.002412319 0.9999964 -1.049937
0.9999512 0.0098194 -0.001114985 67.90845 -0.009824253 0.9999419 -0.004432641 -0.3915157 0.001071395 0.004443378 0.9999896 -1.084254
0.9999391 0.01103462 -0.0001403081 69.14901 -0.01103527 0.9999211 -0.005995215 -0.4156807 7.414206e-05 0.005996399 0.999982 -1.096528
0.999932 0.01162358 -0.0009628103 70.36276 -0.0116267 0.999927 -0.003300851 -0.439473 0.0009243723 0.003311821 0.9999941 -1.106875
0.9999344 0.01139634 0.001155358 71.59772 -0.01139604 0.9999352 -0.000258059 -0.4668345 -0.001158224 0.0002448755 0.9999993 -1.114901
0.9999564 0.009112959 0.002021555 72.81856 -0.009118185 0.9999551 0.002591834 -0.4924473 -0.001997845 -0.002610154 0.9999946 -1.132424
0.9999659 0.00728674 0.003884026 74.03354 -0.007286673 0.9999734 -3.145971e-05 -0.5186893 -0.003884152 3.157013e-06 0.9999924 -1.182969
0.9999774 0.004514833 0.004984284 75.21304 -0.004498095 0.9999844 -0.003364341 -0.5343946 -0.004999395 0.003341845 0.9999819 -1.193155
0.9999834 0.002813897 0.005029421 76.41319 -0.002789543 0.9999843 -0.00484283 -0.5553082 -0.00504297 0.00482872 0.9999756 -1.218059
0.9999911 0.0005401428 0.004175476 77.60937 -0.0005257681 0.9999939 -0.003442961 -0.5660284 -0.004177311 0.003440735 0.9999853 -1.222521
0.9999937 -0.001810761 0.003053538 78.76833 0.001815018 0.9999973 -0.001392198 -0.5684368 -0.003051009 0.001397731 0.9999944 -1.271975
0.9999884 -0.00417328 0.002417315 79.95187 0.0041789 0.9999886 -0.002324557 -0.5795034 -0.002407587 0.002334632 0.9999944 -1.269948
0.9999797 -0.00591883 0.002346453 81.09819 0.005930389 0.9999701 -0.004949911 -0.5837578 -0.002317086 0.004963726 0.999985 -1.305524
0.9999605 -0.008057547 0.003744743 82.29338 0.008073798 0.999958 -0.004344971 -0.5867 -0.003709575 0.004375034 0.9999835 -1.304463
0.9999434 -0.01011592 0.003292739 83.40938 0.01013153 0.9999374 -0.004758568 -0.5884666 -0.003244395 0.004791659 0.9999833 -1.33786
0.9999171 -0.01217875 0.00417905 84.55466 0.01221119 0.9998949 -0.007826156 -0.5785446 -0.004083298 0.007876539 0.9999607 -1.354901
0.9998861 -0.01456549 0.003949376 85.67915 0.01459183 0.999871 -0.006725269 -0.5769063 -0.00385091 0.006782132 0.9999696 -1.357567
0.9998353 -0.01744577 0.005007541 86.78783 0.01746538 0.9998398 -0.003898599 -0.5785089 -0.004938724 0.003985415 0.9999799 -1.366434
0.999808 -0.01918414 0.003997746 87.91415 0.0191968 0.9998107 -0.003150779 -0.5649351 -0.003936544 0.003226917 0.9999871 -1.407262
0.9997523 -0.02163183 0.005223244 88.99865 0.02165961 0.9997513 -0.005322255 -0.5513729 -0.005106815 0.005434071 0.9999722 -1.395918
0.9996837 -0.02437657 0.006180831 90.09526 0.02441173 0.9996859 -0.005679406 -0.5356463 -0.006040446 0.005828495 0.9999648 -1.431857
0.9996263 -0.02680003 0.005393563 91.1881 0.0268262 0.9996284 -0.004838368 -0.5141962 -0.005261891 0.004981249 0.9999738 -1.459571
0.9995816 -0.02862547 0.004133452 92.24611 0.02865059 0.9995705 -0.006150134 -0.4912733 -0.003955626 0.006265987 0.9999725 -1.483272
0.9995592 -0.02954274 0.00294577 93.30158 0.02956475 0.9995329 -0.007730371 -0.4701786 -0.002716018 0.007814054 0.9999658 -1.483655
0.9995782 -0.02896203 0.002151571 94.31938 0.0289777 0.9995507 -0.00764833 -0.4429445 -0.001929093 0.007707451 0.9999684 -1.49569
0.9996127 -0.0278131 0.0009333674 95.36751 0.02781991 0.9995784 -0.008308753 -0.4311307 -0.0007018817 0.008331502 0.9999651 -1.502181
0.999612 -0.02780669 0.001653094 96.40569 0.02781637 0.999594 -0.00615286 -0.4146638 -0.001481332 0.006196455 0.9999797 -1.502091
0.9996145 -0.02756326 0.003328477 97.39737 0.02757731 0.9996105 -0.004252876 -0.3988973 -0.003209958 0.004343027 0.9999854 -1.533494
0.9996382 -0.02680351 0.002252354 98.43777 0.02681453 0.9996278 -0.00501788 -0.3795383 -0.002117018 0.00507646 0.9999849 -1.561391
0.9996545 -0.02626681 0.00102344 99.39361 0.02627341 0.9996297 -0.007072685 -0.3619484 -0.0008372841 0.007097131 0.9999745 -1.566872
0.9996669 -0.02580888 0.0003240676 100.4004 0.02581063 0.9996362 -0.007828537 -0.3356461 -0.0001219039 0.007834293 0.9999693 -1.585264
0.9996843 -0.02512582 9.563702e-05 101.3712 0.02512584 0.9996564 -0.007472123 -0.3406102 9.213907e-05 0.007472167 0.9999721 -1.592928
0.9996961 -0.02465164 -0.0003316551 102.3439 0.02464816 0.9996637 -0.008064574 -0.3123941 0.0005303484 0.008053947 0.9999674 -1.614501
0.9997098 -0.0240868 0.0001232396 103.2937 0.02408697 0.9996736 -0.008520362 -0.3078844 8.202886e-05 0.008520859 0.9999637 -1.605219
0.9997 -0.0244916 -0.0002777931 104.2402 0.02448855 0.9996673 -0.008098947 -0.2916274 0.0004760569 0.008089714 0.9999672 -1.622865
0.9996943 -0.02472174 0.0001437982 105.1882 0.02472216 0.9996786 -0.005591624 -0.2904446 -5.517279e-06 0.00559347 0.9999844 -1.609449
0.9996693 -0.02569523 0.001037142 106.1312 0.02569908 0.9996622 -0.003883113 -0.2681293 -0.0009370141 0.003908482 0.9999919 -1.652459
0.9996314 -0.02714754 -0.0002432311 107.0805 0.02714641 0.999624 -0.003835985 -0.2489335 0.0003472772 0.003827968 0.9999926 -1.679836
0.9996203 -0.02747363 -0.002100215 108.0299 0.02745984 0.9996028 -0.006331891 -0.2353754 0.002273341 0.006271815 0.9999778 -1.693051
0.9996085 -0.02734984 -0.005910575 108.9333 0.02731282 0.9996074 -0.006255019 -0.2092337 0.006079328 0.006091135 0.999963 -1.695172
0.9996569 -0.02477909 -0.008489119 109.8714 0.02474333 0.9996846 -0.004292672 -0.1949011 0.00859281 0.00408115 0.9999548 -1.716966
0.9996929 -0.02297702 -0.009287776 110.8375 0.02296063 0.9997345 -0.0018681 -0.1860633 0.009328235 0.001654273 0.9999551 -1.692543
0.9997418 -0.02121234 -0.008148614 111.7973 0.02120087 0.9997742 -0.001491983 -0.1748605 0.008178422 0.00131884 0.9999657 -1.709599
0.9997901 -0.01916845 -0.00722624 112.7689 0.01914965 0.9998132 -0.002662156 -0.1674646 0.007275919 0.002523218 0.9999704 -1.725928
0.9998404 -0.01654275 -0.006741263 113.7322 0.01650767 0.9998502 -0.00522569 -0.1629627 0.006826699 0.005113573 0.9999636 -1.724478
0.9998822 -0.01350623 -0.007295886 114.6907 0.01347615 0.9999005 -0.004156483 -0.1631528 0.007351298 0.004057673 0.9999648 -1.748976
0.9999242 -0.009778276 -0.007476519 115.7023 0.009773875 0.9999522 -0.0006250746 -0.1706657 0.007482273 0.0005519527 0.9999719 -1.748045
0.9999553 -0.006069572 -0.007251699 116.6965 0.006081398 0.9999802 0.00160979 -0.181029 0.007241785 -0.001653819 0.9999724 -1.756863
0.999974 -0.002634764 -0.006722207 117.719 0.002639782 0.9999963 0.0007376412 -0.1815234 0.006720238 -0.0007553672 0.9999771 -1.777709
0.9999728 0.000503558 -0.0073521 118.7184 -0.0005084954 0.9999996 -0.0006697168 -0.2023373 0.00735176 0.0006734371 0.9999728 -1.792439
0.999983 0.00225901 -0.005367827 119.7518 -0.002267601 0.9999961 -0.001594943 -0.209133 0.005364203 0.001607088 0.9999843 -1.783648
0.9999813 0.00386273 -0.004734546 120.7928 -0.003858055 0.9999921 0.0009962147 -0.2208911 0.004738357 -0.00097793 0.9999883 -1.817919
0.9999698 0.005501196 -0.005483302 121.8455 -0.005501944 0.9999847 -0.0001213657 -0.2434721 0.005482551 0.0001515309 0.999985 -1.831407
0.9999718 0.006112624 -0.004357986 122.9027 -0.00611497 0.9999812 -0.000525164 -0.2626652 0.004354693 0.0005517982 0.9999903 -1.829483
0.9999669 0.006594495 -0.004759853 123.9823 -0.006602291 0.999977 -0.001623962 -0.2719178 0.004749034 0.001655334 0.9999874 -1.859134
0.9999595 0.006931274 -0.005746723 125.0366 -0.006948656 0.9999714 -0.003010222 -0.289468 0.005725694 0.003050031 0.999979 -1.875841
0.9999599 0.006834177 -0.005774901 126.0984 -0.006852262 0.9999715 -0.003117691 -0.3146581 0.00575343 0.003157138 0.9999785 -1.880581
0.9999605 0.006876554 -0.005621222 127.1562 -0.006889584 0.9999735 -0.002302001 -0.3248569 0.005605245 0.002340639 0.9999815 -1.894336
0.9999641 0.006585547 -0.00533217 128.2308 -0.006583595 0.9999782 0.0003835758 -0.3475633 0.00533458 -0.0003484572 0.9999857 -1.900335
0.9999672 0.005827719 -0.005616585 129.3109 -0.005810204 0.9999782 0.003129789 -0.3628668 0.005634702 -0.003097053 0.9999793 -1.915451
0.9999622 0.005312338 -0.006885909 130.458 -0.005273824 0.9999704 0.005599398 -0.3790686 0.006915451 -0.005562872 0.9999606 -1.934224
0.9999608 0.004120836 -0.007839445 131.5662 -0.004082546 0.9999797 0.00489409 -0.387958 0.007859454 -0.004861893 0.9999573 -1.963572
0.9999638 0.002765241 -0.00805392 132.7185 -0.002744756 0.9999928 0.002553472 -0.4079259 0.008060924 -0.002531273 0.9999643 -1.979272
0.9999492 0.001566549 -0.009958777 133.8589 -0.001542312 0.9999957 0.002440928 -0.416017 0.00996256 -0.002425445 0.9999474 -1.991703
0.9999464 0.000444966 -0.01033968 135.0595 -0.0004208971 0.9999971 0.00232988 -0.4277441 0.01034069 -0.002325403 0.9999439 -2.000847
0.9999573 -0.001915566 -0.00904696 136.2439 0.001915385 0.9999982 -2.871991e-05 -0.4364045 0.009046999 1.139027e-05 0.9999591 -1.993294
0.9999511 -0.004039947 -0.009023237 137.4466 0.004014512 0.9999878 -0.002835158 -0.4414298 0.009034582 0.002798795 0.9999553 -2.038179
0.9999165 -0.006688142 -0.01105998 138.6289 0.006644588 0.99997 -0.003969965 -0.4445385 0.0110862 0.003896144 0.999931 -2.043039
0.9998971 -0.008872692 -0.01127213 139.789 0.00881921 0.9999496 -0.004785488 -0.4406666 0.01131402 0.004685584 0.999925 -2.048287
0.9998642 -0.01098655 -0.01227954 140.9536 0.01092237 0.9999264 -0.005281019 -0.444882 0.01233666 0.00514618 0.9999107 -2.082066
0.9998379 -0.01316035 -0.01228324 142.1352 0.0130987 0.9999013 -0.005085886 -0.4399378 0.01234896 0.004924167 0.9999116 -2.072038
0.9997957 -0.01666388 -0.01144284 143.3224 0.01662233 0.9998548 -0.003717192 -0.4323243 0.01150312 0.003526226 0.9999276 -2.082947
0.9997304 -0.02058725 -0.01073518 144.4986 0.02056594 0.9997863 -0.002091431 -0.4207565 0.01077594 0.001870088 0.9999402 -2.117367
0.9996348 -0.02423036 -0.01196407 145.6888 0.0242126 0.9997056 -0.001627055 -0.3980677 0.01199997 0.001336779 0.9999271 -2.124676
0.9995244 -0.0271576 -0.0146074 146.8961 0.02712552 0.9996291 -0.002389842 -0.382397 0.01466688 0.001992472 0.9998904 -2.158542
0.9994179 -0.02999257 -0.01625886 148.0761 0.02998498 0.9995501 -0.0007109076 -0.3503769 0.01627287 0.0002229722 0.9998676 -2.151554
0.9993795 -0.03045353 -0.01769666 149.2882 0.0304475 0.9995362 -0.0006097967 -0.3317203 0.01770702 7.059923e-05 0.9998432 -2.189916
0.9993245 -0.03052532 -0.02046379 150.5283 0.03049774 0.9995335 -0.001658734 -0.3004853 0.02050487 0.001033514 0.9997892 -2.195645
0.9993415 -0.03077964 -0.01921481 151.756 0.03076256 0.9995259 -0.001183986 -0.2863354 0.01924215 0.0005921097 0.9998147 -2.184168
0.9993802 -0.03015961 -0.01815834 153.0011 0.0301423 0.9995449 -0.001226464 -0.2563621 0.01818707 0.0006783701 0.9998344 -2.213266
0.9994105 -0.02861468 -0.01896855 154.2556 0.02856696 0.9995879 -0.002781652 -0.2347819 0.01904034 0.002238138 0.9998162 -2.24156
0.9994261 -0.02633712 -0.02130072 155.4506 0.02632649 0.999653 -0.0007794963 -0.2184223 0.02131386 0.000218276 0.9997728 -2.260134
0.9994779 -0.02320941 -0.02247586 156.7535 0.02323792 0.9997295 0.001007956 -0.192755 0.02244639 -0.001529722 0.9997469 -2.269851
0.9994694 -0.01989344 -0.02579065 158.0187 0.01990073 0.9998019 2.586868e-05 -0.1781873 0.02578503 -0.0005391076 0.9996673 -2.30873
0.9994822 -0.01611397 -0.02785107 159.3044 0.01607589 0.9998695 -0.001590641 -0.1611845 0.02787307 0.001142086 0.9996108 -2.302146
0.9995267 -0.01285372 -0.02795055 160.5758 0.01282218 0.9999169 -0.001307335 -0.1600092 0.02796504 0.0009483297 0.9996085 -2.287635
0.9996788 -0.009771795 -0.02338551 161.8625 0.009694097 0.999947 -0.003433548 -0.1698892 0.02341782 0.003205743 0.9997206 -2.291465
0.9997277 -0.007779244 -0.02200081 163.1529 0.007720824 0.9999664 -0.002739036 -0.1690813 0.02202138 0.002568426 0.9997542 -2.320951
0.9997995 -0.005719426 -0.01918565 164.4583 0.005732603 0.9999833 0.0006319241 -0.1848431 0.01918172 -0.0007417812 0.9998158 -2.325722
0.9998572 -0.003259126 -0.01658155 165.7999 0.003291682 0.9999927 0.001936472 -0.1910476 0.01657512 -0.001990776 0.9998606 -2.353523
0.9998518 -0.002227225 -0.01707474 167.1247 0.002251432 0.9999965 0.001398611 -0.1994627 0.01707157 -0.001436847 0.9998533 -2.377061
0.9998792 -0.0008507014 -0.01552148 168.4724 0.0008749091 0.9999983 0.001552907 -0.2130295 0.01552014 -0.001566299 0.9998783 -2.386419
0.9998661 0.0005926744 -0.01635022 169.8106 -0.0005344313 0.9999934 0.003566355 -0.2316444 0.01635223 -0.00355714 0.99986 -2.42819
0.9998568 0.002474803 -0.01673837 171.1637 -0.002416191 0.9999909 0.003520977 -0.2396102 0.01674693 -0.00348003 0.9998537 -2.427615
0.999861 0.003758788 -0.01624455 172.5287 -0.003723983 0.9999906 0.002172249 -0.2627986 0.01625257 -0.002111453 0.9998657 -2.471863
0.9998791 0.005199778 -0.01465634 173.9099 -0.005167067 0.999984 0.002268903 -0.2841301 0.0146679 -0.002192898 0.99989 -2.471488
0.9999077 0.0054204 -0.01245536 175.3114 -0.005390079 0.9999825 0.002466683 -0.3103549 0.01246851 -0.00239932 0.9999194 -2.493876
0.9999141 0.005966408 -0.01167121 176.6966 -0.005924269 0.9999757 0.003641788 -0.3347298 0.01169265 -0.003572332 0.9999253 -2.517845
0.9999078 0.005844085 -0.01225545 178.1418 -0.005805566 0.9999782 0.003176277 -0.3606901 0.01227374 -0.003104834 0.9999198 -2.542751
0.9999313 0.006452114 -0.009790524 179.5344 -0.006426671 0.999976 0.002628053 -0.3794304 0.009807245 -0.002564952 0.9999486 -2.545227
0.999919 0.007424715 -0.0103355 180.9844 -0.007399707 0.9999696 0.002455765 -0.409658 0.01035342 -0.002379087 0.9999436 -2.590675
0.999925 0.007642102 -0.009571454 182.4213 -0.00762082 0.9999684 0.002257951 -0.4337411 0.009588408 -0.00218484 0.9999517 -2.59913
0.99994 0.007397448 -0.008084777 183.8656 -0.007378154 0.9999698 0.00241361 -0.4617455 0.008102388 -0.002353815 0.9999644 -2.621588
0.9999602 0.006880364 -0.005672575 185.3383 -0.0068754 0.999976 0.0008943353 -0.4861615 0.005678592 -0.0008552985 0.9999835 -2.636084
0.9999759 0.00626383 -0.002980518 186.7975 -0.006259802 0.9999794 0.00135872 -0.5137033 0.002988968 -0.001340029 0.9999946 -2.658278
0.9999837 0.005348716 -0.002002649 188.2751 -0.00534237 0.9999808 0.00316068 -0.5456405 0.002019516 -0.00314993 0.999993 -2.661889
0.9999912 0.004148835 -0.0006597891 189.7669 -0.004146024 0.9999826 0.004205444 -0.5665414 0.0006772254 -0.004202672 0.9999909 -2.687635
0.999992 0.003095593 -0.002531389 191.284 -0.003077475 0.9999698 0.007130017 -0.5769815 0.002553384 -0.00712217 0.9999714 -2.730849
0.9999956 0.0004476796 -0.002933048 192.7601 -0.0004264945 0.9999738 0.007219557 -0.5974005 0.002936203 -0.007218275 0.9999697 -2.751372
0.999988 -0.002541694 -0.004198149 194.2662 0.002564847 0.9999814 0.005518964 -0.6002362 0.004184044 -0.005529665 0.999976 -2.793188
0.9999592 -0.00533998 -0.007293369 195.8058 0.005386517 0.9999652 0.006376086 -0.6045487 0.007259067 -0.006415111 0.9999531 -2.809376
0.9999251 -0.007501554 -0.009664406 197.3728 0.007556539 0.9999554 0.005665565 -0.6040498 0.009621474 -0.005738171 0.9999372 -2.837922
0.9998887 -0.009308946 -0.0116591 198.9179 0.009380461 0.9999374 0.006094268 -0.6111874 0.01160164 -0.006202957 0.9999135 -2.868934
0.9998785 -0.01088464 -0.01115352 200.465 0.01094286 0.9999267 0.005171876 -0.6194219 0.01109641 -0.005293299 0.9999244 -2.885381
0.9998702 -0.01393738 -0.00808736 202.0309 0.01393371 0.9999028 -0.0005098539 -0.615183 0.00809368 0.0003971008 0.9999672 -2.89374
0.9998351 -0.01788371 -0.003156943 203.6194 0.017882 0.99984 -0.0005700511 -0.6081905 0.003166633 0.0005135047 0.9999949 -2.925185
0.9997883 -0.02054564 0.001116485 205.1618 0.0205468 0.9997884 -0.001036315 -0.5961239 -0.001094957 0.001059036 0.9999989 -2.946491
0.9997129 -0.02385072 0.002308946 206.7131 0.02385546 0.9997134 -0.002047806 -0.5834773 -0.002259443 0.002102299 0.9999952 -2.974929
0.9996501 -0.02632338 0.002596711 208.2123 0.02632263 0.9996533 0.0003249405 -0.5504851 -0.002604364 -0.0002564745 0.9999966 -3.010701
0.9995192 -0.03089243 -0.002632346 209.7384 0.03089091 0.9995226 -0.000616806 -0.5024268 0.002650144 0.0005351939 0.9999964 -3.046948
0.9994432 -0.03317018 -0.003621312 211.2699 0.03315472 0.999441 -0.004248404 -0.4730051 0.003760209 0.004125975 0.9999844 -3.048583
0.999357 -0.0356462 -0.003849744 212.7753 0.03562353 0.9993484 -0.005804835 -0.4342304 0.004054156 0.005663961 0.9999757 -3.093202
0.99923 -0.03900842 -0.004208585 214.2344 0.03897659 0.9992127 -0.007396644 -0.4082906 0.004493804 0.007226912 0.9999638 -3.095725
0.9991711 -0.04057877 -0.003226544 215.6826 0.04055504 0.9991521 -0.00710805 -0.3482015 0.003512244 0.006971306 0.9999695 -3.12323
0.9991003 -0.0422742 -0.003371935 217.1391 0.04225914 0.999097 -0.004419012 -0.3190648 0.0035557 0.004272541 0.9999846 -3.154887
0.9990958 -0.04227649 -0.004502017 218.5301 0.04225675 0.9990971 -0.004391757 -0.260921 0.00468362 0.004197546 0.9999802 -3.171342
0.9990193 -0.04361439 -0.007633605 219.9601 0.04357503 0.9990364 -0.00524914 -0.2178175 0.007855187 0.004911358 0.9999571 -3.198912
0.9990293 -0.04318182 -0.008707334 221.3096 0.04313653 0.999055 -0.005323531 -0.1639623 0.008928985 0.004942759 0.9999479 -3.221112
0.9989864 -0.04356796 -0.01131083 222.6638 0.04351207 0.9990396 -0.00514088 -0.1179346 0.01152395 0.004643511 0.9999228 -3.23999
0.9989511 -0.04472845 -0.009804403 223.9944 0.04466419 0.9989796 -0.006678035 -0.07704857 0.0100931 0.006233125 0.9999296 -3.249044
0.9989228 -0.04585343 -0.007121966 225.3273 0.04583021 0.9989433 -0.003389963 -0.03356398 0.007269884 0.00305991 0.9999689 -3.291326
0.9988225 -0.04782778 -0.008128515 226.6874 0.04781499 0.9988545 -0.001761121 0.02224339 0.008203437 0.001370382 0.9999654 -3.299594
0.9987656 -0.048728 -0.00963938 227.9639 0.04870632 0.9988101 -0.00247136 0.07675257 0.009748333 0.00199881 0.9999505 -3.329767
0.9987788 -0.04824876 -0.01063469 229.2432 0.04820562 0.9988283 -0.004276366 0.1298349 0.01082856 0.003758492 0.9999343 -3.36075
0.9987273 -0.0485015 -0.01383607 230.5466 0.04840123 0.9988 -0.00749219 0.1761971 0.01418285 0.006812972 0.9998762 -3.373599
0.9987426 -0.04858387 -0.01236507 231.8084 0.04851273 0.9988046 -0.00599034 0.2217555 0.01264132 0.005382945 0.9999056 -3.396353
0.9986606 -0.05025711 -0.01230126 233.0506 0.05023514 0.9987352 -0.002088304 0.2758181 0.01239066 0.001467551 0.9999222 -3.418476
0.9985622 -0.0524524 -0.01106398 234.2596 0.0524499 0.9986234 -0.0005161283 0.3291731 0.01107582 -6.491861e-05 0.9999387 -3.434345
0.9984602 -0.05450168 -0.01033199 235.4852 0.05448433 0.9985127 -0.001953293 0.3811751 0.01042308 0.001387354 0.9999447 -3.461227
0.9982713 -0.05784275 -0.01041799 236.7145 0.05783294 0.9983255 -0.001240784 0.4482197 0.01047231 0.000636136 0.999945 -3.482411
0.9981036 -0.06070382 -0.01020683 237.9379 0.06069507 0.9981558 -0.001165007 0.5060006 0.01025873 0.0005432934 0.9999472 -3.507286
0.9978126 -0.0656044 -0.008130899 239.1364 0.06559956 0.9978456 -0.0008613352 0.5778514 0.008169889 0.0003260678 0.9999666 -3.514625
0.9974493 -0.07111052 -0.006174238 240.3754 0.07110009 0.9974673 -0.001893431 0.6468801 0.006293244 0.001449612 0.9999791 -3.539723
0.9968659 -0.07899725 -0.004226539 241.6051 0.07899287 0.9968743 -0.001194219 0.7328888 0.004307669 0.0008566098 0.9999903 -3.560706
0.9962267 -0.08665297 -0.004869442 242.7924 0.08665331 0.9962386 -0.0001394799 0.8229201 0.004863212 -0.0002829997 0.9999881 -3.594469
0.9954853 -0.09455368 -0.008282645 243.9745 0.09456439 0.9955183 0.0009101784 0.9358799 0.008159464 -0.001689312 0.9999653 -3.606672
0.9948643 -0.1004283 -0.01261864 245.1867 0.1004619 0.9949387 0.002059236 1.046923 0.01234797 -0.003316353 0.9999183 -3.641194
0.9943998 -0.1039101 -0.01928112 246.3925 0.1039751 0.9945769 0.002394308 1.17074 0.01892777 -0.004385656 0.9998112 -3.664751
0.9941287 -0.1056011 -0.02359074 247.6425 0.1056673 0.9944003 0.001573645 1.294285 0.02329246 -0.004057175 0.9997205 -3.689146
0.9938547 -0.1066798 -0.02953305 248.833 0.106746 0.9942861 0.000670294 1.411516 0.02929279 -0.003818711 0.9995636 -3.708997
0.9935799 -0.1082028 -0.03303365 250.1146 0.1083087 0.9941163 0.001427063 1.545263 0.03268488 -0.004995732 0.9994532 -3.719411
0.9933618 -0.1094834 -0.03529429 251.3497 0.1095939 0.9939758 0.001204605 1.667567 0.03494979 -0.005064646 0.9993762 -3.730876
0.9931875 -0.1106373 -0.03657705 252.6001 0.1107313 0.9938502 0.0005488314 1.793676 0.03629139 -0.004595318 0.9993307 -3.767049
0.9930413 -0.1113408 -0.03836769 253.8329 0.1114287 0.9937725 0.000153993 1.931616 0.03811161 -0.004428185 0.9992637 -3.776975
0.9927573 -0.1133382 -0.03984319 255.0885 0.1133858 0.9935504 -0.001072433 2.067389 0.03970776 -0.003452985 0.9992054 -3.797182
0.9926197 -0.1138926 -0.04164852 256.3317 0.1139951 0.9934812 8.774246e-05 2.198006 0.04136703 -0.004834822 0.9991323 -3.819155
0.9923769 -0.1156254 -0.04264877 257.5965 0.1158119 0.9932692 0.001921526 2.337265 0.04213954 -0.006846114 0.9990883 -3.834455
0.9923105 -0.1160803 -0.04295754 258.8542 0.1162346 0.993221 0.001103079 2.475374 0.0425383 -0.006087751 0.9990763 -3.844924
0.9920924 -0.1177422 -0.04346766 260.1553 0.1178811 0.9930276 0.0006359578 2.618226 0.04308971 -0.005754943 0.9990546 -3.86856
0.9920362 -0.1184034 -0.04295209 261.4306 0.118519 0.9929519 0.0001453487 2.759496 0.04263214 -0.00523483 0.9990771 -3.876013
0.9920011 -0.1189221 -0.0423237 262.7395 0.1190461 0.9928887 0.0004108911 2.890702 0.04197386 -0.005446074 0.9991038 -3.907361
0.9919375 -0.1195606 -0.04201574 264.0515 0.1196802 0.9928124 0.0003334866 3.038506 0.04167388 -0.005359248 0.9991169 -3.908223
0.9919555 -0.1198798 -0.04065877 265.3657 0.1200023 0.9927735 0.0005750414 3.187636 0.04029601 -0.00544956 0.9991729 -3.939168
0.9919167 -0.1198027 -0.04181546 266.701 0.1199101 0.9927847 6.147148e-05 3.32781 0.04150638 -0.005075071 0.9991254 -3.94048
0.9920335 -0.1190643 -0.04114894 268.0256 0.1192194 0.9928671 0.001325172 3.481178 0.04069765 -0.006220365 0.9991521 -3.969867
0.9922737 -0.1168289 -0.04175913 269.3778 0.1169922 0.9931318 0.001480562 3.626857 0.04129935 -0.006354615 0.9991266 -3.988029
0.9923853 -0.1161434 -0.04101411 270.7325 0.116323 0.9932092 0.002011481 3.773422 0.04050197 -0.006767048 0.9991565 -4.011279
0.992586 -0.114411 -0.0410251 272.109 0.1145598 0.9934156 0.001285445 3.916655 0.04060791 -0.005975741 0.9991573 -4.02757
0.9927233 -0.1130695 -0.04142199 273.4804 0.1132225 0.9935689 0.001358921 4.063656 0.04100195 -0.006038933 0.9991408 -4.051731
0.993 -0.1100996 -0.04276832 274.885 0.1102633 0.9939014 0.001481876 4.210949 0.04234434 -0.00618728 0.9990839 -4.069516
0.993281 -0.1073351 -0.0432675 276.2694 0.1075061 0.9942032 0.001638574 4.343391 0.0428408 -0.006279084 0.9990622 -4.082433
0.9935751 -0.1044231 -0.04363827 277.6848 0.1045713 0.9945167 0.001119131 4.479553 0.04328212 -0.005675249 0.9990467 -4.100443
0.9939244 -0.1011629 -0.04336283 279.1051 0.1012949 0.994856 0.0008516235 4.609785 0.04305362 -0.005238881 0.999059 -4.113706
0.9941646 -0.09839004 -0.0442288 280.5153 0.09848329 0.9951386 -7.079937e-05 4.736407 0.04402075 -0.004285411 0.9990214 -4.133986
0.9945679 -0.0942651 -0.04414515 281.9739 0.09433251 0.9955406 -0.0005581314 4.869389 0.0440009 -0.003609224 0.999025 -4.154614
0.9948345 -0.09084716 -0.04528812 283.4149 0.09088344 0.9958607 -0.001261301 4.988888 0.04521525 -0.002861154 0.9989732 -4.178712
0.9951949 -0.08704406 -0.04483945 284.8411 0.08701266 0.9962038 -0.002655286 5.094935 0.04490035 -0.001259073 0.9989907 -4.186066
0.9955349 -0.08368866 -0.0436632 286.2786 0.08371566 0.996489 -0.001213036 5.209114 0.04361141 -0.002447674 0.9990456 -4.216341
0.995822 -0.08081717 -0.04251024 287.7224 0.08091789 0.9967204 0.0006510087 5.309941 0.04231821 -0.004088127 0.9990958 -4.23919
0.9959741 -0.07954503 -0.04133122 289.1934 0.07966123 0.9968214 0.00116964 5.411224 0.0411068 -0.004457427 0.9991448 -4.251807
0.9960303 -0.08007168 -0.03888719 290.6342 0.08015939 0.9967819 0.0006990134 5.512195 0.03870607 -0.003813412 0.9992434 -4.269156
0.9959497 -0.08152343 -0.03792188 292.0992 0.08162823 0.996662 0.001221066 5.61735 0.03769575 -0.004311617 0.99928 -4.323197
0.9958143 -0.08277811 -0.03875121 293.5368 0.08290616 0.9965559 0.00170632 5.724507 0.0384765 -0.004911892 0.9992474 -4.324925
0.9957098 -0.08395579 -0.03890317 294.9999 0.08409425 0.9964559 0.001933464 5.838479 0.03860297 -0.005196702 0.9992411 -4.353687
0.9956238 -0.08525608 -0.03827015 296.4531 0.08540028 0.9963444 0.002146297 5.947686 0.03794727 -0.005405186 0.9992651 -4.383403
0.9954173 -0.08693355 -0.0398372 297.9425 0.087042 0.9962041 0.0009928356 6.061397 0.03959967 -0.004455795 0.9992057 -4.39765
0.9952785 -0.0890718 -0.03855922 299.4047 0.08912184 0.9960207 -0.0004226838 6.178982 0.03844343 -0.003015781 0.9992563 -4.425037
0.9951706 -0.09001476 -0.03915209 300.8797 0.09005643 0.9959363 -0.0007014093 6.303858 0.03905613 -0.002827876 0.999233 -4.456232
0.9950489 -0.09088757 -0.0402123 302.3442 0.09086371 0.9958603 -0.00242444 6.422572 0.04026619 -0.001241402 0.9991882 -4.467594
0.9949328 -0.09275365 -0.03880093 303.8113 0.09271723 0.9956887 -0.002740808 6.540954 0.03888787 -0.0008705952 0.9992432 -4.490107
0.994735 -0.09491559 -0.03864254 305.2681 0.09489705 0.9954844 -0.002317777 6.670965 0.03868804 -0.00136149 0.9992504 -4.515872
0.9945431 -0.09672666 -0.03909029 306.7557 0.09671736 0.9953095 -0.002133187 6.798376 0.03911328 -0.001659164 0.9992334 -4.546181
0.9943647 -0.09863312 -0.03886151 308.1935 0.09860095 0.9951233 -0.002748353 6.92861 0.03894307 -0.001098916 0.9992408 -4.567063
0.994161 -0.1007966 -0.03852151 309.6659 0.1007733 0.9949062 -0.002551239 7.06468 0.03858244 -0.001345597 0.9992545 -4.59235
0.993814 -0.1033628 -0.04061914 311.1085 0.1033138 0.9946433 -0.003308255 7.200408 0.04074351 -0.0009087279 0.9991692 -4.611894
0.9936907 -0.1040749 -0.04180018 312.5473 0.103982 0.9945695 -0.00439568 7.342495 0.04203067 2.14777e-05 0.9991163 -4.635739
0.993802 -0.1022099 -0.04371342 314.0139 0.1021768 0.9947617 -0.002996232 7.479994 0.04379069 -0.001488837 0.9990396 -4.665343
0.9938858 -0.0998044 -0.04722447 315.4675 0.09980321 0.9950042 -0.002388904 7.618434 0.04722697 -0.002338856 0.9988815 -4.677243
0.9940955 -0.0974154 -0.04779513 316.8863 0.09736834 0.9952428 -0.003317281 7.751598 0.04789092 -0.001356039 0.9988517 -4.703178
0.9943569 -0.09507088 -0.04707272 318.3463 0.09503686 0.9954692 -0.002965285 7.877188 0.04714136 -0.001525092 0.9988871 -4.712899
0.9946285 -0.09214593 -0.04715117 319.7646 0.09208734 0.9957451 -0.003417884 7.990964 0.0472655 -0.0009425017 0.9988819 -4.736571
0.9949579 -0.08977372 -0.0447142 321.2298 0.08969585 0.995962 -0.003748896 8.111928 0.0448702 -0.0002806844 0.9989928 -4.77496
0.9951128 -0.08854249 -0.04371124 322.6488 0.088495 0.9960721 -0.003023939 8.225677 0.04380729 -0.0008590657 0.9990396 -4.784132
0.9951966 -0.08808041 -0.04272548 324.0692 0.0880456 0.9961128 -0.002699495 8.344079 0.04279717 -0.001075262 0.9990832 -4.810308
0.9950756 -0.08948109 -0.0426349 325.4931 0.08934609 0.9959879 -0.005065524 8.450865 0.0429171 0.001231318 0.9990779 -4.823429
0.9950248 -0.09188928 -0.03849671 326.9275 0.09175987 0.995768 -0.005118888 8.570611 0.03880416 0.001560968 0.9992456 -4.866617
0.9946766 -0.09503234 -0.03983983 328.3121 0.09499612 0.9954737 -0.002805773 8.70062 0.03992614 -0.0009937917 0.9992021 -4.889591
0.9944829 -0.09747985 -0.0387487 329.7145 0.0974476 0.9952369 -0.002724576 8.823955 0.03882973 -0.001066423 0.9992453 -4.923544
0.9941106 -0.1004086 -0.04076961 331.1508 0.1004337 0.9949427 -0.001437768 8.957005 0.0407078 -0.002665341 0.9991676 -4.933881
0.9938282 -0.1026458 -0.04206325 332.5028 0.1026022 0.9947172 -0.003200576 9.081734 0.04216957 -0.00113496 0.9991098 -4.958548
0.9937406 -0.1035851 -0.04183045 333.9431 0.103564 0.9946191 -0.002676628 9.219539 0.04188263 -0.001672257 0.9991211 -4.979611
0.9937617 -0.1024119 -0.0441535 335.2979 0.1024633 0.9947361 -0.00110177 9.358881 0.04403392 -0.003429219 0.9990242 -5.002618
0.993871 -0.1002443 -0.0465999 336.7113 0.1002998 0.9949565 -0.001151431 9.485187 0.04648031 -0.003529589 0.998913 -5.007779
0.9941342 -0.09763993 -0.0465139 338.1118 0.0976607 0.9952182 -0.001831024 9.618692 0.04647025 -0.002722297 0.998916 -5.035511
0.9945398 -0.09397848 -0.04537168 339.5477 0.09399958 0.9955708 -0.001673015 9.736188 0.04532795 -0.002601039 0.9989688 -5.064122
0.9948373 -0.09088629 -0.04514802 340.9519 0.09092961 0.9958566 -0.001097679 9.853763 0.04506072 -0.00301328 0.9989797 -5.079373
0.9950864 -0.08927821 -0.04280672 342.379 0.08929254 0.9960041 -0.001580714 9.974992 0.0427768 -0.002249375 0.9990821 -5.108151
0.9952546 -0.08845801 -0.04053997 343.7911 0.08854573 0.9960722 0.0003698251 10.08066 0.04034801 -0.003957711 0.9991779 -5.118259
0.9953457 -0.08729284 -0.04082717 345.2291 0.08752699 0.9961541 0.003979872 10.19002 0.04032275 -0.007534828 0.9991583 -5.14605
0.9954756 -0.08668038 -0.03891994 346.6681 0.08693661 0.9962018 0.004936624 10.30702 0.0383442 -0.008297856 0.9992301 -5.190462
0.9954289 -0.08718895 -0.03897942 348.1286 0.08740217 0.9961659 0.003796577 10.42776 0.03849895 -0.007186109 0.9992328 -5.211953
0.9954007 -0.08774407 -0.0384515 349.5386 0.08787236 0.9961302 0.001655745 10.53726 0.03815743 -0.005026955 0.9992591 -5.243368
0.9953831 -0.08805051 -0.03820425 350.9868 0.08827668 0.996087 0.004270953 10.65061 0.03767869 -0.007623778 0.9992608 -5.24598
0.9951203 -0.0897925 -0.04089945 352.4244 0.09000759 0.9959351 0.003444405 10.77345 0.04042392 -0.007108858 0.9991573 -5.303694
0.9950185 -0.09046706 -0.04187945 353.8823 0.09057819 0.9958889 0.0007599165 10.89243 0.04163853 -0.004549495 0.9991224 -5.292839
0.9949546 -0.0921682 -0.03962642 355.3674 0.09229922 0.9957303 0.00148556 11.0141 0.0393203 -0.005135552 0.9992135 -5.355293
0.9948326 -0.09431881 -0.0375774 356.8185 0.09443108 0.9955305 0.001219992 11.13284 0.03729438 -0.004762163 0.999293 -5.355923
0.9946461 -0.09619625 -0.03775502 358.3096 0.09631723 0.9953496 0.001394382 11.27746 0.03744531 -0.005023376 0.9992861 -5.37967
0.9944684 -0.0986134 -0.03616571 359.7884 0.09869795 0.9951172 0.0005555827 11.39828 0.03593433 -0.004121991 0.9993457 -5.405724
0.9943678 -0.1003668 -0.03404477 361.2873 0.1005305 0.994929 0.003127545 11.54101 0.03355823 -0.00653247 0.9994154 -5.41272
0.9940187 -0.1027674 -0.03695469 362.7705 0.1030118 0.9946688 0.004766255 11.67847 0.03626786 -0.008544518 0.9993055 -5.460495
0.9936761 -0.1048047 -0.040295 364.2832 0.1048912 0.9944837 3.187684e-05 11.83173 0.04006938 -0.004258266 0.9991878 -5.494781
0.9934406 -0.1073363 -0.03942822 365.7866 0.1073033 0.9942219 -0.002959631 11.983 0.03951807 -0.001290558 0.999218 -5.502081
0.993074 -0.1098397 -0.04170442 367.326 0.109807 0.9939481 -0.003081386 12.14247 0.04179049 -0.001519392 0.9991252 -5.51795
0.9928788 -0.1122822 -0.03980442 368.856 0.1122792 0.993674 -0.002317813 12.29592 0.03981287 -0.002167903 0.9992048 -5.542779
0.9925821 -0.1152972 -0.03856463 370.3922 0.1153113 0.9933276 -0.001866372 12.45923 0.0385225 -0.002594408 0.9992543 -5.547689
0.9922163 -0.1182741 -0.03896173 371.9072 0.1182634 0.9929789 -0.002588229 12.62667 0.0389943 -0.002039664 0.9992374 -5.598913
0.9917508 -0.1220615 -0.03913194 373.4125 0.122032 0.9925212 -0.00315013 12.78902 0.03922379 -0.001651206 0.9992291 -5.581315
0.9914311 -0.1249441 -0.03812322 374.917 0.1248484 0.9921638 -0.004889475 12.97085 0.0384354 8.795317e-05 0.9992611 -5.638672
0.9911021 -0.1279272 -0.03675999 376.4156 0.1277881 0.9917825 -0.006118876 13.14852 0.03724068 0.001366941 0.9993054 -5.643646
0.9906353 -0.1312467 -0.03762918 377.9254 0.1311268 0.9913496 -0.005646355 13.33611 0.03804474 0.0006592846 0.9992758 -5.662221
0.9902779 -0.134532 -0.03536576 379.4408 0.1344573 0.9909092 -0.004495442 13.52015 0.03564904 -0.0003034465 0.9993643 -5.677776
0.9900381 -0.1359417 -0.03666577 380.9494 0.1358713 0.9907166 -0.004416654 13.7018 0.0369258 -0.000609171 0.9993178 -5.727006
0.9897545 -0.1379175 -0.03694328 382.4544 0.1378425 0.9904433 -0.004581838 13.90484 0.03722215 -0.0005574606 0.9993069 -5.728893
0.9895497 -0.1387435 -0.03926364 383.9262 0.1385961 0.990328 -0.006462537 14.10122 0.03978051 0.0009532124 0.999208 -5.760022
0.9894314 -0.1391842 -0.0406609 385.3924 0.138953 0.9902627 -0.008471327 14.29188 0.04144405 0.002731842 0.9991371 -5.776907
0.9894336 -0.1391731 -0.04064418 386.8723 0.1388984 0.9902608 -0.009520901 14.49422 0.04157339 0.003774889 0.9991283 -5.789702
0.9894077 -0.1395076 -0.0401252 388.3754 0.1392995 0.9902183 -0.007949497 14.69464 0.04084172 0.002275872 0.999163 -5.81751
0.9894974 -0.139294 -0.03862728 389.8314 0.1391379 0.9902502 -0.006715526 14.88054 0.0391861 0.001270478 0.9992311 -5.818018
0.9895123 -0.1390238 -0.0392161 391.2413 0.1388616 0.9902881 -0.00684421 15.07305 0.03978674 0.001326822 0.9992073 -5.852575
0.9896218 -0.1377833 -0.04079787 392.7367 0.137544 0.990458 -0.008628241 15.26567 0.04159741 0.002927192 0.9991302 -5.862739
