1.0 0.0 0.0 0.0 0.0 1.0 0.0 0.0 0.0 0.0 1.0 0.0
0.9999996 0.0001935165 -0.0008288196 0.1070823 -0.0001946349 0.9999992 -0.001349413 -0.02720708 0.0008285577 0.001349574 0.9999987 -0.004412785
0.9999927 0.001149633 -0.003634779 0.1313229 -0.001157243 0.999997 -0.002092048 -0.04403728 0.003632364 0.002096239 0.9999912 -2.623614e-05
0.9999937 0.002391013 -0.002624459 0.141707 -0.002399456 0.999992 -0.003218668 -0.06105451 0.002616742 0.003224945 0.9999914 -0.0003266481
0.9999908 0.001224644 -0.00411402 0.1420581 -0.001235474 0.9999958 -0.002631061 -0.07553575 0.004110781 0.00263612 0.9999881 0.02227713
0.9999942 0.0006404834 -0.003355236 0.1231879 -0.000645195 0.9999987 -0.001403355 -0.09524142 0.003354334 0.001405512 0.9999934 0.00924208
0.9999928 -0.0002089833 -0.003788073 0.1120424 0.0002047107 0.9999993 -0.001128256 -0.1050053 0.003788307 0.001127473 0.9999922 0.005786475
0.9999915 -0.0004140855 -0.004101876 0.09165452 0.0003999072 0.9999939 -0.003456746 -0.1215513 0.004103282 0.003455077 0.9999856 0.00238781
0.999997 -0.0006400959 -0.002385502 0.04160151 0.000631136 0.9999928 -0.003754829 -0.1364172 0.002387888 0.003753312 0.9999901 0.0140161
0.9999936 -0.001523158 -0.003247311 -0.01137375 0.001519516 0.9999981 -0.001123697 -0.1449482 0.003249017 0.001118755 0.9999941 0.002981932
0.9999929 -0.001928398 -0.003229147 -0.03298082 0.001928391 0.9999981 -5.116517e-06 -0.154426 0.00322915 -1.110578e-06 0.9999948 0.01178595
0.9999807 -0.00243851 -0.005714345 -0.09770073 0.002430927 0.9999961 -0.001333729 -0.1622084 0.005717576 0.001319812 0.9999828 0.01433867
0.9999872 -0.002657362 -0.004306454 -0.1323249 0.002651794 0.9999957 -0.001298229 -0.1689009 0.004309885 0.001286793 0.9999899 0.01885598
0.999971 -0.00301116 -0.006993413 -0.2043337 0.002994673 0.9999927 -0.002366796 -0.181582 0.007000489 0.002345784 0.9999728 0.02590921
0.9999707 -0.002966034 -0.007062336 -0.2675774 0.002934715 0.9999859 -0.004440787 -0.1895573 0.007075407 0.004419931 0.9999652 0.04856364
0.9999638 -0.003000015 -0.007967349 -0.3440073 0.002973392 0.9999901 -0.003351342 -0.1967044 0.007977324 0.003327531 0.9999626 0.05465582
0.9999695 -0.003166636 -0.00713586 -0.4029973 0.003146314 0.9999909 -0.00285721 -0.1997243 0.007144843 0.002834671 0.9999704 0.05601639
0.9999608 -0.002995214 -0.008327436 -0.4770658 0.002953865 0.9999832 -0.004973307 -0.2089816 0.008342192 0.004948514 0.999953 0.05430778
0.9999533 -0.003091021 -0.009159657 -0.544003 0.003038701 0.9999791 -0.005720409 -0.2166347 0.009177147 0.005692308 0.9999417 0.0747028
0.9999558 -0.002523002 -0.009056402 -0.6055663 0.002480804 0.9999859 -0.004667675 -0.2190172 0.009068053 0.004645002 0.9999481 0.09718753
0.9999409 -0.001060248 -0.01082296 -0.6943362 0.001031089 0.9999958 -0.002699446 -0.2328453 0.01082577 0.002688127 0.9999378 0.09173251
0.9999112 0.0002859291 -0.01332055 -0.7484009 -0.0003321064 0.9999938 -0.003464537 -0.2473801 0.01331948 0.003468653 0.9999053 0.1070122
0.9999273 0.001031941 -0.01200918 -0.8130936 -0.001066551 0.9999954 -0.002875884 -0.2524612 0.01200615 0.002888484 0.9999238 0.1134789
0.9999521 0.00269262 -0.009414799 -0.8692167 -0.00271242 0.9999943 -0.002090949 -0.2722246 0.009409114 0.002116386 0.9999535 0.1346996
0.9999534 0.004025515 -0.008772433 -0.9373533 -0.004025644 0.999992 2.934293e-06 -0.2864141 0.008772373 3.238053e-05 0.9999615 0.1267292
0.9999281 0.005695754 -0.01055245 -0.9660146 -0.005665846 0.99998 0.002861965 -0.3044794 0.01056853 -0.002801971 0.9999402 0.1212647
0.999926 0.00734335 -0.00969773 -1.029732 -0.007324689 0.9999713 0.001958411 -0.3339852 0.009711832 -0.001887233 0.9999511 0.1270231
0.9999114 0.007917661 -0.0107046 -1.060854 -0.007860711 0.9999548 0.005351853 -0.356855 0.01074649 -0.005267233 0.9999284 0.1461128
0.9999272 0.007865581 -0.009146729 -1.098786 -0.007813846 0.9999534 0.005678234 -0.3812675 0.009190965 -0.00560635 0.9999421 0.146821
0.9999206 0.006526638 -0.01078069 -1.129277 -0.006463307 0.9999617 0.005898904 -0.4052847 0.01081878 -0.005828757 0.9999245 0.1492955
0.999939 0.004223994 -0.01021104 -1.168421 -0.004162617 0.9999731 0.006024707 -0.4291402 0.01023622 -0.005981835 0.9999297 0.1531545
0.9999493 0.001673094 -0.009925662 -1.160601 -0.001612768 0.9999802 0.006082666 -0.444581 0.009935642 -0.00606635 0.9999322 0.1411794
0.9998788 -0.001044215 -0.01553167 -1.164252 0.001111436 0.99999 0.004319958 -0.4583409 0.01552701 -0.004336697 0.9998701 0.1683167
0.9999363 -0.004295347 -0.01043211 -1.177902 0.004353271 0.9999751 0.005536213 -0.463433 0.01040807 -0.005581274 0.9999303 0.1411526
0.9999434 -0.007536673 -0.007503867 -1.18499 0.007574543 0.9999586 0.005031215 -0.4542391 0.007465638 -0.005087768 0.9999592 0.1204526
0.9999427 -0.009695403 -0.004549268 -1.173071 0.009703977 0.9999511 0.001866415 -0.4523418 0.00453095 -0.001910454 0.9999879 0.07619081
0.9999221 -0.01176376 -0.004174988 -1.135014 0.01177018 0.9999295 0.00151669 -0.438359 0.004156853 -0.001565712 0.9999901 0.04736697
0.9998051 -0.01356426 -0.01434703 -1.152656 0.01360035 0.9999045 0.002421008 -0.4256955 0.01431282 -0.002615661 0.9998941 0.05073449
0.9996952 -0.01473895 -0.01980695 -1.111979 0.01477359 0.9998896 0.001603556 -0.4128959 0.01978112 -0.001895687 0.9998025 0.02744291
0.9996881 -0.01548564 -0.01959016 -1.110236 0.01549739 0.9998797 0.0004477231 -0.3976919 0.01958087 -0.0007511798 0.999808 0.04158106
0.9996606 -0.01647023 -0.02018755 -1.111245 0.01650552 0.9998626 0.001582938 -0.3911201 0.02015871 -0.001915607 0.999795 0.02561587
0.9996778 -0.0169599 -0.01888493 -1.094114 0.01699926 0.9998535 0.001925312 -0.3749323 0.01884951 -0.002245721 0.9998198 0.03914701
0.9997166 -0.01732419 -0.01632774 -1.075004 0.0173715 0.9998454 0.002760071 -0.3602628 0.0162774 -0.003042926 0.9998629 0.01734326
0.9997423 -0.01606969 -0.01603107 -1.050137 0.01608482 0.9998702 0.0008151458 -0.3512123 0.0160159 -0.001072793 0.9998711 0.01962029
0.9997244 -0.01475852 -0.01825878 -1.00041 0.01473634 0.9998906 -0.001348543 -0.3329594 0.01827668 0.001079104 0.9998324 0.00613045
0.9998196 -0.01329601 -0.01356647 -0.9773701 0.01328482 0.9999114 -0.0009146694 -0.327583 0.01357743 0.0007342763 0.9999076 -0.01619571
0.9998173 -0.01183124 -0.01501116 -0.9828163 0.01184023 0.9999298 0.0005100668 -0.3160137 0.01500407 -0.0006877093 0.9998872 -0.009283806
0.9998425 -0.01111066 -0.01383683 -1.005887 0.01112621 0.9999375 0.00104698 -0.3106602 0.01382433 -0.001200766 0.9999037 -0.03922273
0.9998146 -0.009579307 -0.01670613 -1.023576 0.009569603 0.9999539 -0.0006606834 -0.2972107 0.0167117 0.0005006898 0.9998602 -0.004355669
0.9998946 -0.007800173 -0.01224408 -1.025049 0.007812812 0.999969 0.0009847899 -0.299875 0.01223602 -0.001080347 0.9999245 -0.03956445
0.9999446 -0.00661292 -0.008184345 -1.045594 0.006625657 0.999977 0.001530126 -0.2991892 0.008174038 -0.001584268 0.9999653 -0.04238961
0.99993 -0.006411497 -0.0099501 -1.046428 0.006411723 0.9999794 -9.193309e-06 -0.3038641 0.009949955 -5.460461e-05 0.9999505 -0.04409875
0.9999379 -0.007752773 -0.008003128 -1.079914 0.007739617 0.9999686 -0.001673638 -0.2968371 0.008015851 0.001611593 0.9999666 -0.05805373
0.9999353 -0.007967274 -0.008120812 -1.083183 0.007938229 0.9999621 -0.003602422 -0.2898446 0.008149204 0.003537724 0.9999605 -0.08279454
0.9999248 -0.006103892 -0.01063131 -1.112043 0.006079366 0.9999789 -0.002337779 -0.2968698 0.01064535 0.002272972 0.9999408 -0.06784742
0.9998911 -0.004995788 -0.01388473 -1.150023 0.004981387 0.999987 -0.001071597 -0.2922319 0.01388991 0.001002315 0.999903 -0.07309239
0.9997994 -0.004536482 -0.01951 -1.175066 0.00452933 0.9999896 -0.0004107309 -0.2931505 0.01951166 0.0003222812 0.9998096 -0.05496774
0.9998862 -0.003418996 -0.0146961 -1.221985 0.003359377 0.9999861 -0.004079525 -0.3011325 0.01470984 0.004029691 0.9998837 -0.0883189
0.9999059 -0.004247613 -0.01304147 -1.194722 0.004209897 0.9999869 -0.002918059 -0.3220502 0.01305369 0.002862882 0.9999107 -0.08259299
0.9999303 -0.005432593 -0.01048465 -1.232587 0.005410371 0.9999831 -0.002146662 -0.32782 0.01049613 0.002089786 0.9999427 -0.06511401
0.999947 -0.00654362 -0.007957744 -1.228121 0.00651828 0.9999735 -0.003206073 -0.3312854 0.007978513 0.003154032 0.9999632 -0.06671841
0.9999342 -0.007777785 -0.008434825 -1.250115 0.007761083 0.9999679 -0.002011114 -0.3328085 0.008450195 0.001945518 0.9999624 -0.07069665
0.9998931 -0.009102538 -0.0114392 -1.235983 0.00911889 0.9999573 0.001378198 -0.336149 0.01142617 -0.001482363 0.9999336 -0.1179925
0.9999145 -0.007514206 -0.01069793 -1.235182 0.007517451 0.9999716 0.0002631974 -0.341415 0.01069565 -0.0003435961 0.9999427 -0.07390632
0.9999339 -0.008195255 -0.008063261 -1.219419 0.008214306 0.9999635 0.002332548 -0.3416212 0.008043851 -0.002398628 0.9999648 -0.07409234
0.9999417 -0.007856131 -0.007410971 -1.236264 0.007869249 0.9999676 0.001742789 -0.3298492 0.007397038 -0.001801006 0.999971 -0.08469529
0.9998876 -0.008423384 -0.01240529 -1.214646 0.008387201 0.9999605 -0.002966014 -0.3262221 0.01242978 0.002861635 0.9999186 -0.1108698
0.9998509 -0.008111669 -0.01524646 -1.206443 0.008056214 0.9999608 -0.003695153 -0.3248269 0.01527584 0.003571774 0.9998769 -0.099038
0.999723 -0.006153419 -0.02271846 -1.185459 0.006020122 0.9999644 -0.005931064 -0.3239982 0.02275415 0.005792653 0.9997243 -0.09612225
0.9998021 -0.00524999 -0.01919034 -1.17146 0.005108695 0.9999595 -0.007404418 -0.3110077 0.01922844 0.007304914 0.9997884 -0.08775164
0.9998048 -0.001938479 -0.01966105 -1.151576 0.001783284 0.9999672 -0.007907972 -0.319979 0.01967573 0.007871367 0.9997754 -0.1105194
0.9997853 -0.001426636 -0.02067247 -1.128105 0.001314235 0.9999841 -0.005449803 -0.32523 0.02067992 0.005421465 0.9997715 -0.1175681
0.9998038 0.0002764013 -0.01980521 -1.10045 -0.0003529236 0.9999925 -0.003860357 -0.3453507 0.019804 0.003866589 0.9997964 -0.1062948
0.9997935 0.0009546934 -0.02029787 -1.105177 -0.001107559 0.9999712 -0.00752119 -0.365389 0.0202901 0.007542118 0.9997657 -0.1105407
0.9999189 0.001157276 -0.01268206 -1.075194 -0.001255037 0.9999695 -0.007703356 -0.3782346 0.01267276 0.007718647 0.9998899 -0.1082154
0.9998958 0.002484052 -0.01421805 -1.061914 -0.00260607 0.9999598 -0.008569833 -0.3898245 0.01419619 0.008605994 0.9998622 -0.09935834
0.9999139 0.001872599 -0.01298899 -1.016989 -0.001957833 0.9999765 -0.006552365 -0.4056256 0.01297641 0.006577231 0.9998941 -0.1193209
0.9999346 0.002150253 -0.01123195 -1.013485 -0.002258349 0.9999511 -0.009620151 -0.4178123 0.01121072 0.009644886 0.9998906 -0.1081029
0.9999215 0.001345627 -0.01245859 -0.9975404 -0.001460337 0.9999566 -0.009202779 -0.4284641 0.01244567 0.009220251 0.99988 -0.1007706
0.9998521 0.00134298 -0.01714871 -0.9932708 -0.001493228 0.9999605 -0.008751689 -0.4442306 0.01713629 0.008776 0.9998146 -0.1098128
0.9999054 0.001816299 -0.01363462 -1.002426 -0.001918903 0.9999698 -0.007515957 -0.4695186 0.01362055 0.007541409 0.9998788 -0.08768211
0.9998519 0.002219147 -0.01706484 -0.9948373 -0.002366766 0.9999599 -0.008635141 -0.4806955 0.01704499 0.008674251 0.9998171 -0.1075932
0.9998807 0.002833737 -0.01518135 -0.9662857 -0.002949821 0.9999665 -0.007629621 -0.5096712 0.01515922 0.007673494 0.9998556 -0.1094151
0.9998352 0.001665993 -0.0180788 -0.9103242 -0.001790245 0.999975 -0.006858781 -0.5203433 0.01806692 0.006890016 0.999813 -0.1057178
0.9997267 0.004830067 -0.02287241 -0.9540073 -0.004983286 0.9999655 -0.006646628 -0.538675 0.02283952 0.006758792 0.9997163 -0.09558645
0.9997774 0.002237173 -0.02098006 -0.9419645 -0.002324615 0.9999888 -0.004144426 -0.5539175 0.02097055 0.004192274 0.9997713 -0.0839151
0.999719 0.002646624 -0.02355649 -0.9483101 -0.002748335 0.999987 -0.004286422 -0.5692128 0.02354484 0.004349959 0.9997133 -0.105797
0.9996258 0.002556957 -0.02723556 -0.9582833 -0.002746427 0.9999723 -0.006921563 -0.5801824 0.02721711 0.006993773 0.9996051 -0.1137339
0.9997597 0.001663947 -0.02185641 -0.9672312 -0.001717314 0.9999956 -0.002423155 -0.5916514 0.02185228 0.002460107 0.9997582 -0.1137517
0.999772 0.0009628828 -0.02133131 -0.9679453 -0.001078067 0.999985 -0.005388918 -0.6135899 0.0213258 0.005410686 0.9997579 -0.09762563
0.9997809 0.0008410975 -0.02091558 -0.9368997 -0.0009214563 0.9999923 -0.003832714 -0.629347 0.02091219 0.003851147 0.9997739 -0.0885483
0.9997702 0.0003693293 -0.02143267 -0.9977121 -0.0004728397 0.9999882 -0.004824695 -0.6403777 0.02143064 0.00483372 0.9997587 -0.09161926
0.9995585 -0.0009616159 -0.02969666 -0.9700179 0.0008364579 0.9999907 -0.004226683 -0.6413369 0.02970045 0.004199977 0.99955 -0.118023
0.9997246 -0.0008092293 -0.02345603 -0.9625873 0.0007234152 0.9999931 -0.003666761 -0.6633866 0.02345883 0.003648782 0.9997181 -0.1061259
0.999614 -0.001516784 -0.02774079 -0.9414006 0.001421652 0.999993 -0.003448706 -0.6926479 0.02774583 0.003407937 0.9996092 -0.0344274
0.9995434 -0.004564425 -0.02986785 -0.9146441 0.004448658 0.9999822 -0.003941267 -0.6737598 0.02988531 0.003806596 0.9995461 -0.06570174
0.9993497 -0.007933946 -0.03517309 -0.9314935 0.00781651 0.9999634 -0.003475067 -0.672531 0.03519937 0.003197876 0.9993752 -0.1257541
0.999604 -0.01057926 -0.0260734 -0.9350122 0.01046159 0.9999346 -0.004645183 -0.6802878 0.02612084 0.004370574 0.9996492 -0.1305649
0.9997557 -0.01267487 -0.01810577 -0.9136761 0.01253838 0.9998922 -0.007632173 -0.6881322 0.01820056 0.007403292 0.9998069 -0.09964652
0.9998257 -0.01637685 -0.008967375 -0.9155493 0.01632625 0.9998506 -0.005687043 -0.6740582 0.00905917 0.005539648 0.9999436 -0.09205501
0.9997981 -0.01799055 -0.00894718 -0.880565 0.01791598 0.9998046 -0.008345868 -0.6609775 0.009095578 0.008183885 0.9999251 -0.09207076
0.9996733 -0.02044253 -0.01534253 -0.8338327 0.02041727 0.99979 -0.001801441 -0.6389592 0.01537613 0.0014876 0.9998807 -0.08666349
0.9995541 -0.02409145 -0.01764011 -0.8507516 0.02402344 0.9997032 -0.004057006 -0.6075813 0.01773261 0.003631421 0.9998361 -0.1044708
0.9995273 -0.02666104 -0.01530662 -0.819192 0.02656393 0.9996259 -0.006513289 -0.5848893 0.01547454 0.006103607 0.9998617 -0.08655615
0.9995574 -0.02799053 -0.01007769 -0.8071997 0.02791312 0.9995803 -0.00774153 -0.5589411 0.01029015 0.007456804 0.9999192 -0.08256166
0.9994409 -0.02920043 -0.01628425 -0.7826683 0.02908901 0.999552 -0.007037487 -0.5332543 0.01648245 0.00655986 0.9998426 -0.07620524
0.9995435 -0.02806183 -0.01119123 -0.7712035 0.02797376 0.999577 -0.007949789 -0.4953136 0.01140958 0.007633099 0.9999058 -0.07885965
0.9994227 -0.02831262 -0.01877921 -0.7800616 0.02817548 0.9995747 -0.00752773 -0.4610778 0.01898435 0.006994272 0.9997953 -0.0793127
0.9994835 -0.02624337 -0.01854537 -0.7891269 0.02609736 0.9996268 -0.008071791 -0.4301402 0.01875028 0.007583637 0.9997954 -0.0578886
0.9995458 -0.02508815 -0.01669556 -0.7941481 0.02496506 0.9996598 -0.007541003 -0.4074078 0.01687908 0.007120773 0.9998322 -0.06457383
0.9995897 -0.02297455 -0.01710742 -0.8223239 0.02288084 0.9997221 -0.005653578 -0.3761764 0.01723256 0.005259826 0.9998377 -0.06387403
0.9996592 -0.02250949 -0.0132223 -0.8327345 0.02245987 0.9997401 -0.003889777 -0.3479242 0.01330642 0.00359148 0.999905 -0.0662648
0.9996835 -0.02129955 -0.01338682 -0.8485611 0.02126842 0.9997708 -0.00246356 -0.3259736 0.01343623 0.002178064 0.9999074 -0.07909091
0.9997171 -0.02005432 -0.01278715 -0.8257741 0.01999571 0.9997891 -0.00469526 -0.3132188 0.01287861 0.004438243 0.9999072 -0.0604335
0.9997549 -0.01921103 -0.01100312 -0.8034164 0.01916724 0.999808 -0.004071156 -0.279562 0.01107921 0.003859258 0.9999312 -0.06127439
0.9997549 -0.02006663 -0.009353903 -0.7937227 0.02003604 0.9997938 -0.003352485 -0.2694277 0.009419247 0.003164248 0.9999506 -0.05899094
0.9997501 -0.01980364 -0.01037488 -0.7412497 0.01974951 0.9997909 -0.005294616 -0.248156 0.01047757 0.005088395 0.9999322 -0.07288229
0.9997832 -0.01853503 -0.009482469 -0.7070706 0.0185137 0.9998258 -0.002332525 -0.2395469 0.009524051 0.002156464 0.9999523 -0.0422638
0.9997924 -0.01716547 -0.01097679 -0.6933759 0.017117 0.9998435 -0.004494704 -0.2230776 0.01105223 0.004305881 0.9999297 -0.07867147
0.9997473 -0.01860419 -0.0126192 -0.6403674 0.01861506 0.9998263 0.0007445309 -0.1913528 0.01260316 -0.0009792501 0.9999201 -0.07015093
0.9997382 -0.01707098 -0.01523453 -0.5654988 0.01706632 0.9998543 -0.0004359539 -0.172206 0.01523975 0.0001758424 0.9998838 -0.07018542
0.9997315 -0.01791302 -0.01469399 -0.4843915 0.01790286 0.9998393 -0.0008224953 -0.1578158 0.01470637 0.0005592101 0.9998917 -0.08513726
0.9997272 -0.01552619 -0.01744735 -0.3122013 0.01544225 0.9998686 -0.004935556 -0.1896813 0.01752168 0.004664783 0.9998356 0.2081495
0.9996949 -0.01352634 -0.02066548 -0.2331014 0.0133782 0.9998839 -0.007289968 -0.1738972 0.02076169 0.007011278 0.9997599 0.2369658
0.9996564 -0.01250222 -0.02303931 -0.1153843 0.01232494 0.9998934 -0.007820704 -0.1699609 0.02313464 0.007534058 0.9997039 0.2894794
0.9996048 -0.01064068 -0.02601822 0.02759873 0.01046845 0.9999225 -0.006746811 -0.1689722 0.026088 0.006471775 0.9996387 0.317209
0.9996126 -0.008108994 -0.02662534 0.1983907 0.007992078 0.999958 -0.004494681 -0.1770115 0.02666066 0.004280148 0.9996354 0.3404911
0.9996233 -0.008900813 -0.02596117 0.3291816 0.008780505 0.9999502 -0.004744488 -0.1710567 0.02600211 0.004514749 0.9996517 0.3850293
0.9995978 -0.008212361 -0.02714175 0.4897348 0.008062861 0.9999518 -0.005612976 -0.1858332 0.02718654 0.005391878 0.9996158 0.4112889
0.9995862 -0.009678285 -0.02708951 0.6357086 0.009529839 0.9999388 -0.005603535 -0.179618 0.02714209 0.005343057 0.9996173 0.430955
0.9995907 -0.01022371 -0.02671938 0.800496 0.01013377 0.9999424 -0.003499142 -0.1734526 0.02675362 0.003226942 0.9996368 0.4707763
0.9996252 -0.01264166 -0.02428283 0.9270142 0.01260629 0.9999192 -0.00160895 -0.1604215 0.02430121 0.001302231 0.9997038 0.4920713
0.9995906 -0.01524875 -0.02420717 1.127364 0.01529879 0.9998811 0.001883614 -0.178154 0.02417557 -0.002253183 0.9997052 0.5158621
0.999553 -0.01801931 -0.02385781 1.302601 0.01810086 0.999831 0.00320671 -0.1769602 0.023796 -0.003637123 0.9997102 0.5308294
0.9994624 -0.02159422 -0.02466843 1.475888 0.02171843 0.9997528 0.00477847 -0.1665868 0.02455915 -0.005311661 0.9996843 0.543479
0.9993651 -0.02363817 -0.02665803 1.642802 0.02381587 0.999696 0.006368142 -0.1521359 0.0264994 -0.006998982 0.9996243 0.5645717
0.9993159 -0.02628186 -0.02601842 1.807194 0.02647839 0.9996233 0.007238058 -0.1157468 0.02581838 -0.007922033 0.9996353 0.5735584
0.9992411 -0.02801868 -0.02705997 1.94628 0.02827518 0.9995583 0.009143216 -0.08986546 0.02679184 -0.009901402 0.999592 0.5899653
0.9992163 -0.02754528 -0.02842585 2.141228 0.02786197 0.9995536 0.01080562 -0.04808088 0.02811551 -0.01158915 0.9995375 0.6079126
0.9991765 -0.02740281 -0.02992355 2.381107 0.02776282 0.9995464 0.01168226 -0.01944329 0.02958984 -0.0125034 0.9994839 0.621841
0.9991925 -0.02829167 -0.02852934 2.531261 0.02871159 0.9994838 0.01441832 0.02436625 0.0281067 -0.0152258 0.9994889 0.6311856
0.9991682 -0.02773344 -0.02989696 2.717163 0.02826574 0.9994467 0.01753122 0.05289451 0.02939422 -0.0183617 0.9993992 0.6343842
0.9992073 -0.02662985 -0.0295899 2.948382 0.02723832 0.9994216 0.02035404 0.09112315 0.02903076 -0.02114388 0.9993548 0.6406665
0.9992459 -0.02520688 -0.02953217 3.189522 0.02587894 0.9994096 0.02260011 0.1051058 0.02894505 -0.02334733 0.9993083 0.6196511
0.9992872 -0.02472365 -0.02852781 3.390046 0.02541679 0.999384 0.0241956 0.1486021 0.02791203 -0.02490344 0.9993001 0.6219717
0.99929 -0.02460564 -0.02853014 3.636765 0.0253359 0.9993532 0.0255239 0.1783319 0.02788365 -0.02622861 0.999267 0.5982203
0.9993005 -0.02389297 -0.02876832 3.87149 0.02466266 0.999339 0.02670383 0.1927504 0.02811127 -0.02739466 0.9992294 0.5767981
0.999351 -0.02126661 -0.02907422 4.133646 0.02203806 0.9994066 0.02647591 0.2282232 0.02849392 -0.02709947 0.9992266 0.5590074
0.9993547 -0.02030155 -0.02963322 4.377521 0.02106824 0.9994453 0.02579382 0.2636769 0.02909313 -0.02640149 0.999228 0.525704
0.9993509 -0.01805657 -0.03117161 4.678611 0.01885547 0.9994962 0.02552821 0.2887269 0.03069496 -0.02609939 0.999188 0.5242506
0.9993484 -0.01521994 -0.03272758 4.892417 0.01608884 0.9995205 0.02645209 0.302406 0.03230929 -0.0269614 0.9991142 0.5123162
0.9993644 -0.01143902 -0.03376328 5.163842 0.01241064 0.9995108 0.02870932 0.3138418 0.03341835 -0.02911009 0.9990174 0.5117278
0.9994212 -0.007783202 -0.03311585 5.411412 0.008777188 0.999512 0.02997668 0.3303284 0.03286637 -0.03025 0.9990019 0.489758
0.999435 -0.004959404 -0.0332424 5.637021 0.005923003 0.9995632 0.02895151 0.3166649 0.0330843 -0.02913205 0.9990279 0.4774939
0.999522 -0.002914202 -0.03077624 5.881367 0.003777287 0.9996001 0.02802304 0.3308054 0.03068227 -0.02812589 0.9991334 0.4681137
0.9995534 -0.001509924 -0.02984368 6.143209 0.002410869 0.9995416 0.03017591 0.3074961 0.02978444 -0.03023439 0.999099 0.4627596
0.9995199 -0.0006986427 -0.03097341 6.402017 0.001642516 0.9995346 0.03045871 0.3046687 0.03093771 -0.03049496 0.999056 0.4177042
0.9995072 0.0005938233 -0.03138359 6.663878 0.0003224602 0.9995741 0.02918313 0.3105775 0.03138756 -0.02917887 0.9990813 0.4138799
0.9994162 0.003078508 -0.03402613 6.916619 -0.00208255 0.9995694 0.02926718 0.2857062 0.03410158 -0.02917923 0.9989923 0.3886511
0.9993414 0.00549138 -0.03586962 7.088517 -0.004411013 0.9995362 0.03012927 0.2627286 0.03601843 -0.02995121 0.9989022 0.4086439
0.9993715 0.004404597 -0.03517364 7.332614 -0.003319348 0.9995185 0.03085304 0.2727772 0.0352926 -0.0307169 0.9989048 0.3712622
0.9994544 0.005762054 -0.03252253 7.589477 -0.004774592 0.9995276 0.03035882 0.2619995 0.03268209 -0.03018697 0.9990098 0.383247
0.9994512 0.005982068 -0.03257944 7.850521 -0.004997373 0.9995308 0.03022244 0.2296544 0.03274494 -0.03004305 0.9990121 0.340268
0.9994088 0.00831603 -0.03335846 8.06109 -0.007333095 0.9995385 0.02948073 0.2144876 0.03358823 -0.02921868 0.9990085 0.3341665
0.9993151 0.009140972 -0.03585734 8.309469 -0.008126305 0.9995652 0.0283417 0.1859076 0.03610082 -0.0280309 0.998955 0.2885736
0.9992748 0.01321057 -0.03571281 8.544988 -0.01226425 0.9995713 0.02658867 0.173441 0.03604875 -0.0261314 0.9990083 0.2975043
0.9992483 0.01502654 -0.03573423 8.789515 -0.01413471 0.9995854 0.02508039 0.1456917 0.03609629 -0.02455644 0.9990466 0.2769697
0.9992944 0.01656413 -0.03371037 9.023331 -0.01573517 0.9995708 0.02470931 0.1239017 0.03410519 -0.02416144 0.9991261 0.2949451
0.9993793 0.01560296 -0.03158407 9.235905 -0.01480875 0.9995723 0.02522555 0.1106182 0.03196415 -0.02474217 0.9991827 0.2827449
0.9994039 0.01516808 -0.03101244 9.491924 -0.01440432 0.9995911 0.02470432 0.05410965 0.03137447 -0.02424288 0.9992136 0.29289
0.9994721 0.01386448 -0.02938237 9.689747 -0.0132112 0.9996638 0.02231239 0.02712817 0.02968184 -0.02191244 0.9993192 0.2795661
0.9994469 0.01232757 -0.03088412 9.92584 -0.01168508 0.9997133 0.02089797 -0.01844764 0.03113289 -0.02052553 0.9993045 0.2930309
0.9994364 0.01146689 -0.0315503 10.1657 -0.01080632 0.9997205 0.0210285 -0.03937315 0.03178261 -0.02067571 0.9992809 0.2696066
0.9995001 0.009088151 -0.03028209 10.36857 -0.008394441 0.9997013 0.02295716 -0.0457872 0.03048168 -0.02269149 0.9992777 0.2886531
0.9995428 0.007107153 -0.0293873 10.62574 -0.006439172 0.9997203 0.02276276 -0.05610679 0.02954086 -0.02256313 0.9993089 0.2825999
0.9994751 0.006740965 -0.03168697 10.81047 -0.006044618 0.9997393 0.02202049 -0.08227946 0.03182714 -0.02181739 0.9992552 0.2734427
0.999501 0.005212488 -0.0311544 11.01504 -0.004539203 0.9997555 0.02164303 -0.09720188 0.03125959 -0.02149081 0.9992802 0.2692315
0.9994401 0.004843128 -0.03310552 11.22475 -0.004167687 0.9997823 0.0204413 -0.1035927 0.03319732 -0.02029189 0.9992428 0.2573214
0.999453 0.00409158 -0.03281699 11.42432 -0.003449686 0.9998021 0.01959265 -0.1221367 0.03289066 -0.01946872 0.9992693 0.2644848
0.9994706 0.002597594 -0.03243135 11.6668 -0.001999775 0.9998279 0.01845221 -0.1231859 0.03247369 -0.01837759 0.9993036 0.2676229
0.9995059 0.00106717 -0.03141484 11.86041 -0.0004200655 0.9997878 0.02059809 -0.1408998 0.03143015 -0.02057472 0.9992942 0.2563142
0.9995151 0.0002169471 -0.03113653 11.98564 0.0004369344 0.9997795 0.02099212 -0.1520796 0.03113422 -0.02099555 0.9992947 0.2554917
0.9995465 -0.0005513702 -0.03010758 12.16617 0.001205729 0.9997634 0.0217202 -0.1769453 0.03008848 -0.02174666 0.9993107 0.2640219
0.9995591 -0.001193272 -0.0296668 12.30455 0.001831662 0.9997672 0.02150081 -0.1636581 0.02963424 -0.02154567 0.9993286 0.2557467
0.9995619 -0.002027782 -0.02952854 12.53281 0.002656046 0.9997706 0.02125286 -0.1698676 0.02947867 -0.02132198 0.999338 0.2685987
0.9995497 -0.003675619 -0.02977899 12.63745 0.004325166 0.9997535 0.02177731 -0.1619729 0.0296916 -0.02189631 0.9993193 0.2665217
0.9995306 -0.005727275 -0.03009721 12.77225 0.006387647 0.99974 0.02189114 -0.1642788 0.02996401 -0.02207311 0.9993072 0.2874982
0.9995785 -0.007625683 -0.02801086 12.8923 0.008281053 0.999693 0.023356 -0.1613547 0.02782415 -0.02357812 0.9993348 0.276604
0.9995431 -0.008586384 -0.02897843 12.98117 0.009274991 0.9996759 0.0237126 -0.1563835 0.02876543 -0.02397054 0.9992988 0.2798761
0.9995591 -0.009897045 -0.02799385 13.11316 0.01052182 0.999697 0.02225985 -0.137357 0.02776506 -0.02254458 0.9993602 0.2787578
0.9995288 -0.01159207 -0.0284216 13.19476 0.01217459 0.9997175 0.02040898 -0.1279938 0.02817699 -0.02074539 0.9993877 0.2874817
0.9994735 -0.01287954 -0.02978042 13.23895 0.01352474 0.999676 0.02156636 -0.1103768 0.029493 -0.02195777 0.9993238 0.2843226
0.9994003 -0.01377487 -0.03176962 13.35494 0.0144776 0.9996531 0.02199668 -0.09392695 0.0314556 -0.02244344 0.9992532 0.2870206
0.9993963 -0.01333377 -0.03208057 13.45231 0.01402622 0.9996715 0.02145722 -0.06560147 0.03178392 -0.02189424 0.9992549 0.3085381
0.9994004 -0.01218746 -0.03240979 13.47729 0.01286783 0.9996995 0.02086789 -0.05061935 0.03214572 -0.02127242 0.9992568 0.3121588
0.9993914 -0.01133372 -0.03299143 13.49684 0.01204992 0.9996942 0.0215912 -0.03791887 0.03273663 -0.0219756 0.9992224 0.3322978
0.9994235 -0.01042744 -0.03230952 13.52643 0.01113607 0.9996997 0.02183081 -0.02485697 0.03207218 -0.02217803 0.9992394 0.3361408
0.9994579 -0.01076014 -0.03111397 13.53197 0.01148538 0.9996642 0.02322507 -0.005461298 0.03085362 -0.02356984 0.999246 0.3417353
0.9994744 -0.009575019 -0.03097231 13.5412 0.01034264 0.9996409 0.02471972 -0.001532451 0.0307245 -0.02502707 0.9992145 0.3452877
0.9994835 -0.01002073 -0.03053356 13.57426 0.01078404 0.9996309 0.02493769 -0.002994669 0.03027239 -0.02525409 0.9992226 0.3542295
0.9995238 -0.01023329 -0.02910955 13.54404 0.01094714 0.9996406 0.02447007 0.009946045 0.02884868 -0.02477709 0.9992766 0.351775
0.999536 -0.01058994 -0.02855926 13.50275 0.01130482 0.9996238 0.02498722 0.01249144 0.0282839 -0.02529849 0.9992797 0.363273
0.9995397 -0.01065412 -0.02840633 13.50442 0.01139102 0.9995996 0.02590711 0.006621788 0.02811893 -0.02621876 0.9992607 0.3599631
0.999554 -0.01045401 -0.02797272 13.49018 0.01120495 0.9995773 0.02682501 0.02920026 0.02768046 -0.02712648 0.9992487 0.3545228
0.9995381 -0.01090562 -0.0283675 13.44259 0.01161049 0.999625 0.02480307 0.02650174 0.02808637 -0.02512097 0.9992898 0.3626777
0.9995124 -0.01175457 -0.02892808 13.44328 0.01244871 0.9996361 0.0239334 0.04122992 0.02863623 -0.02428185 0.9992949 0.3618127
0.9995273 -0.01234045 -0.02816015 13.43071 0.01301869 0.9996264 0.02403036 0.05251648 0.02785309 -0.0243856 0.9993145 0.3586455
0.9995484 -0.01296662 -0.02710614 13.37208 0.01362901 0.9996096 0.02439699 0.07162663 0.0267792 -0.0247554 0.9993348 0.3629612
0.9995314 -0.01373923 -0.02735183 13.32358 0.01444686 0.9995615 0.02584406 0.09056685 0.02698477 -0.0262271 0.9992917 0.3727111
0.9995385 -0.01438162 -0.02675849 13.31466 0.01509174 0.999534 0.02652829 0.09132056 0.02636451 -0.02691988 0.9992899 0.3725989
0.9995614 -0.01432822 -0.02591666 13.23995 0.01507145 0.9994739 0.02871366 0.09898839 0.02549161 -0.02909167 0.9992517 0.3816501
0.999537 -0.014837 -0.02656543 13.16646 0.01563316 0.9994272 0.03001735 0.1062346 0.02610484 -0.03041875 0.9991963 0.3800777
0.9995552 -0.01457134 -0.02601873 13.13458 0.0153332 0.9994524 0.02932619 0.1229692 0.02557715 -0.0297121 0.9992312 0.3792768
0.9995811 -0.01535768 -0.02453165 13.08975 0.01602412 0.9995015 0.02720527 0.1425271 0.02410161 -0.02758697 0.9993288 0.4026583
0.9995632 -0.0148286 -0.02556493 13.02627 0.01552264 0.9995104 0.02716703 0.1562471 0.02514956 -0.027552 0.9993039 0.3829102
0.9995763 -0.01285462 -0.0261136 12.88939 0.01358171 0.9995196 0.02785935 0.1711883 0.02574294 -0.02820222 0.9992707 0.402871
0.999566 -0.01236637 -0.02673865 12.88951 0.01310528 0.9995321 0.02763834 0.1777554 0.02638436 -0.02797676 0.9992603 0.4104201
0.9995589 -0.01233922 -0.02701391 12.79675 0.01309981 0.9995174 0.02816179 0.1850474 0.02665338 -0.02850325 0.9992383 0.4120281
0.9995675 -0.01169844 -0.02697936 12.73039 0.01245629 0.9995278 0.02809531 0.1989718 0.02663794 -0.02841922 0.9992411 0.4147006
0.9995305 -0.009547595 -0.02911385 12.62948 0.01037498 0.9995428 0.02840156 0.1946507 0.02882937 -0.02869028 0.9991725 0.4277067
0.9995322 -0.00741681 -0.02967001 12.58333 0.008256924 0.9995655 0.02829368 0.1992845 0.02944727 -0.02852543 0.9991592 0.4223512
0.9996055 -0.00643944 -0.02733619 12.51354 0.007219556 0.9995668 0.02853575 0.2054427 0.02714059 -0.02872185 0.9992189 0.4345013
0.9996317 -0.005469755 -0.02658125 12.45866 0.006224288 0.9995776 0.02838656 0.2068091 0.02641476 -0.02854155 0.9992436 0.4409728
0.999628 -0.005452337 -0.02672275 12.34724 0.006158709 0.9996319 0.02642274 0.2002601 0.02656885 -0.02657749 0.9992936 0.4355078
0.9995949 -0.005172957 -0.02798584 12.25916 0.005907493 0.9996386 0.026228 0.2009783 0.02784005 -0.02638271 0.9992642 0.4293774
0.9995834 -0.005373108 -0.02835622 12.17935 0.006119082 0.9996358 0.02628638 0.2090271 0.02820465 -0.02644894 0.9992522 0.4333342
0.999548 -0.003986791 -0.02979787 12.10072 0.004769601 0.999644 0.02624594 0.2035237 0.02968263 -0.0263762 0.9992113 0.4516621
0.9995649 -0.002494769 -0.02939017 12.02231 0.00329249 0.9996266 0.02712541 0.2148136 0.02931153 -0.02721037 0.9991999 0.4533886
0.9995757 -0.0006708473 -0.02911882 11.89632 0.00146178 0.9996303 0.02714949 0.2190542 0.02908984 -0.02718053 0.9992072 0.4414163
0.9995509 0.0006975486 -0.02995743 11.84077 0.0001219708 0.9996262 0.02734559 0.2116551 0.02996531 -0.02733697 0.999177 0.4541971
0.9995272 0.003986789 -0.03048916 11.77348 -0.003147097 0.9996157 0.02753926 0.2115526 0.03058724 -0.02743028 0.9991556 0.4567314
0.9995444 0.006344943 -0.02950634 11.67499 -0.005501706 0.9995767 0.02857205 0.2027696 0.02967513 -0.0283967 0.9991562 0.4729729
0.9995482 0.006804143 -0.02927646 11.57656 -0.005955187 0.999562 0.02898802 0.1857429 0.02946088 -0.02880058 0.9991509 0.4861855
0.999622 0.006581802 -0.02669127 11.45955 -0.005792463 0.9995469 0.0295432 0.1647796 0.02687361 -0.02937742 0.9992071 0.4693129
0.999616 0.007537189 -0.02666585 11.365 -0.006723571 0.999513 0.03047082 0.145272 0.02688253 -0.03027983 0.9991799 0.4849012
0.9996423 0.006524367 -0.025939 11.26193 -0.005749656 0.9995384 0.02982983 0.1508159 0.02612165 -0.02967002 0.9992183 0.4715219
0.9995862 0.006740895 -0.02796395 11.16359 -0.005887027 0.9995173 0.03050536 0.1125573 0.02815609 -0.03032811 0.9991434 0.4908293
0.9995864 0.00762512 -0.02772884 11.04292 -0.006780262 0.9995137 0.03043602 0.09917704 0.02794743 -0.03023542 0.999152 0.4844811
0.9995461 0.008654202 -0.02885601 10.96948 -0.007737734 0.9994668 0.03172186 0.0724927 0.02911515 -0.03148418 0.9990801 0.477513
0.999522 0.01054194 -0.02906359 10.85751 -0.009643574 0.9994767 0.03087896 0.06506298 0.0293739 -0.03058392 0.9991005 0.4773806
0.9995314 0.01242434 -0.02797639 10.76473 -0.01151939 0.9994127 0.03227898 0.03451015 0.028361 -0.03194158 0.9990873 0.4896654
0.9996005 0.01324256 -0.02496786 10.65968 -0.01239881 0.9993567 0.03365071 0.01332658 0.02539742 -0.0333277 0.9991217 0.4943145
0.9996212 0.01394351 -0.0237266 10.59624 -0.01311547 0.9993114 0.03470379 -0.02167802 0.02419416 -0.03437946 0.9991159 0.4889651
0.9996365 0.01340483 -0.02339117 10.49299 -0.01262053 0.9993637 0.03336138 -0.05619543 0.02382349 -0.03305404 0.9991696 0.478657
0.9997212 0.01069477 -0.02105042 10.3954 -0.009996613 0.9994055 0.03299648 -0.0737494 0.02139079 -0.03277685 0.9992338 0.4773862
0.9996806 0.01122855 -0.02264223 10.33172 -0.01050355 0.9994363 0.0318886 -0.09900101 0.02298753 -0.03164059 0.9992349 0.4751179
0.9996487 0.0112207 -0.02401026 10.25532 -0.01040526 0.9993738 0.03382137 -0.1162218 0.02437472 -0.03355966 0.9991394 0.4621852
0.9995968 0.01130506 -0.02604732 10.17027 -0.01044061 0.9993979 0.03308801 -0.1321838 0.0264057 -0.03280272 0.999113 0.47257
0.9995677 0.01056679 -0.02743707 10.09303 -0.009651248 0.9993991 0.03328959 -0.1467785 0.02777235 -0.0330104 0.9990691 0.463303
0.9995097 0.01017998 -0.02960924 10.00585 -0.009149036 0.9993541 0.03474785 -0.1774733 0.02994386 -0.03445992 0.9989574 0.4462843
0.9995576 0.009850076 -0.02806355 9.953774 -0.008848433 0.9993271 0.03559528 -0.1861981 0.02839528 -0.03533121 0.9989722 0.444622
0.9995286 0.01040993 -0.02888206 9.874179 -0.009351176 0.9992878 0.03655386 -0.2087933 0.02924201 -0.03626655 0.9989142 0.4381703
0.9995235 0.0118198 -0.02851597 9.799967 -0.01081309 0.9993216 0.03520318 -0.2325912 0.02891272 -0.03487806 0.9989733 0.4441658
0.9995158 0.01173114 -0.02881719 9.700432 -0.01068867 0.9992923 0.03606686 -0.2512275 0.02921989 -0.03574139 0.9989338 0.4290802
0.9994227 0.01259848 -0.03155089 9.634229 -0.01145034 0.999275 0.03631025 -0.2885788 0.03198547 -0.03592802 0.9988424 0.4025343
0.9993963 0.0135378 -0.0319976 9.575847 -0.01237668 0.9992676 0.03621155 -0.3214853 0.03246439 -0.03579366 0.9988317 0.3945301
0.9994308 0.0145624 -0.03043117 9.443197 -0.01344173 0.9992354 0.03671207 -0.3523878 0.03094253 -0.03628213 0.9988624 0.3817836
0.9994144 0.01578929 -0.03035728 9.370188 -0.01461896 0.9991558 0.03839482 -0.3816595 0.03093788 -0.03792854 0.9988014 0.3422364
0.999414 0.01647414 -0.03000618 9.250696 -0.01534211 0.999176 0.0375738 -0.4058152 0.03060045 -0.03709142 0.9988433 0.330694
0.9994197 0.01577245 -0.03018996 9.180415 -0.01457106 0.999109 0.03960887 -0.4387912 0.0307878 -0.03914599 0.9987591 0.321104
0.9993089 0.01812539 -0.032451 9.095427 -0.01692395 0.9991748 0.03692272 -0.4649254 0.03309347 -0.036348 0.9987911 0.2766454
0.9992471 0.01784899 -0.03444737 9.030332 -0.01660082 0.999207 0.03618636 -0.4923119 0.03506595 -0.03558725 0.9987512 0.288443
0.999221 0.01773608 -0.03525282 8.906959 -0.01650571 0.9992547 0.03489118 -0.5118936 0.03584538 -0.03428213 0.9987692 0.2536873
0.9993622 0.01672355 -0.03155042 8.814115 -0.01551476 0.9991506 0.03817631 -0.5460347 0.03216206 -0.03766247 0.9987728 0.2598234
0.9993682 0.01641403 -0.03152436 8.750959 -0.015161 0.9991012 0.03958365 -0.565208 0.03214575 -0.03908069 0.9987189 0.2460447
0.9993954 0.01501078 -0.03135933 8.67799 -0.01375694 0.999112 0.03982315 -0.5984828 0.03192926 -0.03936767 0.9987145 0.2475293
0.9993567 0.01516606 -0.0324975 8.613573 -0.01389765 0.9991462 0.03890772 -0.6366017 0.03305984 -0.03843105 0.9987142 0.2176663
0.999405 0.01344997 -0.03176128 8.515788 -0.01226522 0.9992325 0.03720623 -0.6277561 0.03223732 -0.03679453 0.9988027 0.2105426
0.9994128 0.01280553 -0.03178146 8.384792 -0.01165654 0.9992809 0.03607853 -0.6616942 0.03222062 -0.03568688 0.9988435 0.2048192
0.9994215 0.01217765 -0.03175516 8.366385 -0.0110351 0.9992943 0.03591039 -0.6744973 0.03217005 -0.03553919 0.9988503 0.1956823
0.9994252 0.01111667 -0.03202564 8.27889 -0.0099741 0.9993159 0.03561812 -0.7000908 0.03239968 -0.03527822 0.9988522 0.2081217
0.9993858 0.01013421 -0.0335459 8.203039 -0.008960766 0.9993491 0.03494752 -0.7358705 0.03387822 -0.03462546 0.998826 0.1826051
0.9993154 0.008491378 -0.03600775 8.152925 -0.007268229 0.9993966 0.03396496 -0.7595997 0.03627443 -0.03368 0.9987742 0.181007
0.999317 0.00762537 -0.03615635 8.106771 -0.006430747 0.9994333 0.0330424 -0.762023 0.03638782 -0.03278733 0.9987997 0.1781122
0.9993528 0.005689719 -0.03552097 8.00051 -0.004568223 0.999491 0.03157449 -0.7802095 0.03568254 -0.03139178 0.99887 0.1731844
0.9993541 0.005220357 -0.03555395 7.946851 -0.004093142 0.9994888 0.03170367 -0.7773053 0.03570128 -0.03153766 0.9988648 0.1575733
0.9993005 0.005765054 -0.03695088 7.908188 -0.004610886 0.999501 0.03124466 -0.7857341 0.03711257 -0.03105242 0.9988285 0.1601752
0.9993346 0.004241899 -0.03622729 7.843481 -0.003153519 0.9995434 0.03004756 -0.788009 0.03633821 -0.02991333 0.9988918 0.1620021
0.9993609 0.003990858 -0.03552312 7.799921 -0.002930187 0.9995496 0.02986074 -0.8066784 0.0356263 -0.02973756 0.9989226 0.1615952
0.9993503 0.005411857 -0.03563302 7.778437 -0.004333043 0.999532 0.03028357 -0.8323467 0.03578024 -0.03010949 0.998906 0.1723307
0.9994459 0.004958959 -0.03291478 7.7337 -0.003993032 0.9995612 0.02934744 -0.8173357 0.03304587 -0.02919975 0.9990272 0.1833504
0.9994945 0.00487211 -0.03141614 7.626703 -0.003984974 0.9995934 0.02823925 -0.8242632 0.03154095 -0.02809978 0.9991074 0.189403
0.9995559 0.005132962 -0.02935224 7.566756 -0.004272731 0.9995617 0.02929513 -0.8298505 0.02948975 -0.0291567 0.9991397 0.1974814
0.9994639 0.00503873 -0.03235139 7.551641 -0.004096503 0.9995674 0.02912531 -0.8641424 0.03248415 -0.02897716 0.9990521 0.2071051
0.9995244 0.004376409 -0.0305273 7.515361 -0.003520862 0.9996011 0.02802332 -0.8475714 0.03063776 -0.02790251 0.999141 0.1817741
0.9995429 0.002934314 -0.03009057 7.477817 -0.002099766 0.9996134 0.02772874 -0.8428869 0.0301603 -0.02765288 0.9991625 0.1890921
0.9995478 0.002679824 -0.02995181 7.457843 -0.001899209 0.9996587 0.02606049 -0.8459798 0.03001142 -0.02599182 0.9992115 0.1999651
0.9995509 0.001878174 -0.02990694 7.453775 -0.001095366 0.999657 0.0261697 -0.8558053 0.02994583 -0.02612519 0.9992101 0.2023668
0.9995522 0.001036093 -0.02990408 7.384436 -0.0002964805 0.9996942 0.02472666 -0.8682175 0.02992056 -0.02470672 0.9992469 0.1990054
0.9995393 0.000590397 -0.03034613 7.355545 0.000153916 0.9996994 0.02451926 -0.87792 0.03035148 -0.02451264 0.9992387 0.206202
0.9995711 -0.0004792653 -0.02928106 7.306412 0.00116501 0.9997253 0.02340681 -0.8481537 0.02926181 -0.02343088 0.9992971 0.2085186
0.9995835 -0.002647124 -0.02873649 7.253636 0.003326067 0.9997159 0.02360451 -0.8364117 0.02866584 -0.02369026 0.9993083 0.2099596
0.99961 -0.002305612 -0.02783003 7.133474 0.002981877 0.9997005 0.02428285 -0.811894 0.02776572 -0.02435636 0.9993177 0.2115047
0.9996175 -0.003310533 -0.02745926 7.054134 0.003984653 0.9996911 0.02453157 -0.8155949 0.02736957 -0.0246316 0.9993219 0.2108894
0.9996513 -0.002563569 -0.02628187 7.02087 0.003169959 0.999729 0.02305692 -0.7997806 0.02621564 -0.0231322 0.9993886 0.2215975
0.9995742 -0.003251808 -0.02899845 6.928485 0.00394997 0.999703 0.02405115 -0.8055846 0.02891162 -0.02415545 0.99929 0.234016
0.9995955 -0.003296844 -0.02824683 6.844383 0.003991447 0.9996903 0.02456951 -0.8137747 0.02815707 -0.02467231 0.999299 0.240899
0.9995902 -0.002448326 -0.02852033 6.704765 0.003215537 0.9996334 0.0268858 -0.8013459 0.02844405 -0.02696649 0.9992316 0.2241426
0.9996006 -0.000715102 -0.02825251 6.647106 0.001504132 0.9996091 0.02791641 -0.7845922 0.02822151 -0.02794775 0.9992109 0.2351429
0.9996305 0.00161042 -0.02713596 6.53046 -0.0008815647 0.999639 0.02684998 -0.7849127 0.0271694 -0.02681614 0.9992711 0.2412622
0.9996709 0.002286784 -0.02555282 6.436813 -0.001569691 0.9996054 0.02804807 -0.7727911 0.02560687 -0.02799873 0.9992799 0.2359761
0.9996296 0.005383851 -0.02667607 6.290696 -0.004593664 0.9995514 0.02959481 -0.8078284 0.02682344 -0.02946131 0.9992059 0.2253052
0.9996563 0.006368255 -0.02542998 6.224506 -0.005576542 0.9995012 0.03108354 -0.7912412 0.02561525 -0.03093105 0.9991933 0.2258399
0.9997345 0.006068408 -0.02222803 6.160909 -0.005368345 0.9994918 0.03141999 -0.7900947 0.0224074 -0.03129232 0.9992591 0.2218052
0.9996921 0.00901664 -0.02311705 5.975625 -0.008250067 0.9994198 0.03304416 -0.8361276 0.02340159 -0.03284327 0.9991865 0.2376887
