1.0 0.0 0.0 0.0 0.0 1.0 0.0 0.0 0.0 0.0 1.0 0.0
0.9999657 -0.007187631 0.004124764 0.1636785 0.007174144 0.999969 0.003275217 0.06017231 -0.004148176 -0.003245513 0.9999861 0.0164807
0.9999545 -0.009206483 0.002505531 0.2403819 0.009194549 0.9999465 0.004733612 0.1009874 -0.002548977 -0.004710359 0.9999856 0.03149045
0.9999203 -0.01070279 0.006691965 0.3661329 0.01066863 0.99993 0.005119975 0.1370677 -0.006746295 -0.005048173 0.9999645 0.03661637
0.9999315 -0.01136628 0.002807979 0.4677753 0.01136024 0.9999331 0.00215807 0.1725465 -0.002832321 -0.002126023 0.9999937 0.04863914
0.9998691 -0.01475449 0.006640469 0.6477576 0.0147365 0.9998877 0.002750201 0.1999259 -0.006680301 -0.002651984 0.9999742 0.04760313
0.9997839 -0.02012247 0.005209971 1.201314 0.02009634 0.9997854 0.005019102 0.2281098 -0.00530985 -0.004913316 0.9999738 0.05692107
0.9997362 -0.02281616 0.002613747 1.654656 0.02279699 0.9997146 0.007142491 0.2687606 -0.002775965 -0.007081022 0.9999711 0.0413803
0.9996598 -0.02607635 0.0004284093 2.190806 0.02607271 0.9996353 0.007020622 0.2901616 -0.0006113254 -0.007007064 0.9999753 0.02894303
0.9996065 -0.0280285 -0.001078745 2.57904 0.0280325 0.9995995 0.003882854 0.3226107 0.0009694819 -0.003911566 0.9999919 0.03912356
0.9994748 -0.03237282 0.001477951 3.141784 0.03236733 0.9994695 0.003604332 0.3609677 -0.00159385 -0.003554602 0.9999924 0.03175987
0.999296 -0.03736258 0.00339227 3.658188 0.03734298 0.9992864 0.005668893 0.3919493 -0.003601654 -0.005538225 0.9999782 0.05881773
0.9991899 -0.04023914 0.0006978385 4.280433 0.04022783 0.999118 0.01204262 0.4228348 -0.001181808 -0.01200479 0.9999272 0.0147589
0.9989079 -0.0466776 0.002064377 5.099733 0.04665045 0.998843 0.01167274 0.4509068 -0.002606844 -0.01156368 0.9999297 0.01332851
0.9982471 -0.05916125 -0.001596838 6.330589 0.05917474 0.998193 0.01042986 0.5181909 0.0009769099 -0.01050607 0.9999443 -0.02698909
0.9973508 -0.07271075 0.002145589 7.66286 0.07269061 0.9973198 0.008314793 0.5971505 -0.002744414 -0.0081368 0.9999631 -0.07798199
0.9960229 -0.08908433 0.001546927 9.189095 0.08906389 0.9959729 0.01028471 0.7147359 -0.002456904 -0.01010603 0.9999459 -0.1214071
0.9944562 -0.1049674 0.006222197 10.6595 0.1048928 0.9944195 0.0112945 0.8759803 -0.007373027 -0.01057922 0.9999169 -0.1793958
0.9928255 -0.1195555 -0.00198791 12.07487 0.119572 0.9926984 0.01588955 1.014973 7.371197e-05 -0.01601325 0.9998718 -0.1945744
0.9906357 -0.1364314 -0.005233072 13.5232 0.1364978 0.9905168 0.01565372 1.208856 0.003047785 -0.01622144 0.9998638 -0.2804913
0.9882196 -0.1530259 -0.0022403 14.94505 0.153042 0.9880828 0.01645059 1.419593 -0.0003037642 -0.01659966 0.9998622 -0.3322643
0.9853325 -0.170559 -0.005421326 16.36174 0.1706265 0.9851968 0.01655718 1.629049 0.002517097 -0.01723935 0.9998482 -0.3398703
0.9818455 -0.1896088 -0.005288178 17.76409 0.1896694 0.9817243 0.01558809 1.902661 0.002235895 -0.0163081 0.9998645 -0.4581428
0.9782773 -0.207237 -0.005127618 19.12784 0.2072916 0.9781654 0.01492518 2.162603 0.001922606 -0.01566388 0.9998755 -0.4738368
0.9740319 -0.2258561 -0.01584207 20.53369 0.2261413 0.9739013 0.01940055 2.492269 0.01104688 -0.0224793 0.9996863 -0.541981
0.9701533 -0.2421731 -0.01243525 21.91057 0.2423804 0.9699874 0.01940131 2.814979 0.007363561 -0.02183631 0.9997345 -0.592657
0.9657269 -0.2590557 -0.01618018 23.2269 0.2593527 0.9655708 0.02022289 3.153907 0.01038425 -0.02372617 0.9996645 -0.6341712
0.9607652 -0.2770585 -0.01299454 24.61017 0.2772779 0.9605763 0.02025383 3.533048 0.006870749 -0.02306228 0.9997104 -0.7137032
0.9554231 -0.2948401 -0.01536354 25.94714 0.2951413 0.9551554 0.02387035 3.925062 0.007636631 -0.0273407 0.999597 -0.7611052
0.9497218 -0.3126056 -0.01749851 27.26975 0.3129705 0.9494363 0.02490791 4.348368 0.008827364 -0.02913211 0.9995366 -0.8235375
0.9437398 -0.3301261 -0.01928795 28.59589 0.3305267 0.9434981 0.0237371 4.793622 0.01036191 -0.02877682 0.9995322 -0.9041352
0.9372187 -0.3480525 -0.02192104 29.92157 0.3484876 0.9370837 0.02075065 5.268504 0.01331953 -0.02708711 0.9995443 -0.921065
0.9305273 -0.3653541 -0.02520566 31.22544 0.365891 0.9304082 0.02154786 5.771453 0.01557896 -0.0292734 0.99945 -1.014066
0.9232067 -0.3834722 -0.02526535 32.53232 0.3839548 0.9231738 0.01813396 6.296358 0.01637044 -0.02644215 0.9995163 -1.052124
0.9158881 -0.4001151 -0.03251043 33.8235 0.4008241 0.9159549 0.01915305 6.835431 0.02211466 -0.03057301 0.9992878 -1.114014
0.9079779 -0.4177445 -0.03264517 35.12212 0.4184055 0.908106 0.01674297 7.426549 0.02265099 -0.02886117 0.9993268 -1.169335
0.9003058 -0.4335712 -0.03828128 36.40283 0.4344369 0.9005247 0.01787742 8.019332 0.02672211 -0.03272594 0.9991071 -1.216646
0.8927172 -0.4488558 -0.0398043 37.66777 0.4497626 0.8929789 0.01738689 8.648259 0.0277402 -0.03342406 0.9990562 -1.277414
0.8854736 -0.4628398 -0.04142189 38.93026 0.4638167 0.8857532 0.01775743 9.28957 0.02847072 -0.0349359 0.9989839 -1.321077
0.8778727 -0.4767578 -0.04518295 40.19628 0.4778749 0.8782489 0.0177355 9.955993 0.03122634 -0.03716131 0.9988213 -1.362719
0.8704806 -0.4901569 -0.04483028 41.422 0.491275 0.870818 0.01802107 10.6447 0.03020587 -0.03771099 0.998832 -1.438698
0.8626348 -0.5034774 -0.0486992 42.65807 0.5048153 0.8629966 0.019958 11.35942 0.03197885 -0.04180057 0.9986141 -1.48391
0.8556066 -0.5149361 -0.05270847 43.89386 0.516505 0.8560146 0.02148027 12.07948 0.03405826 -0.04560285 0.9983789 -1.538055
0.8483317 -0.5265342 -0.05563319 45.12356 0.5282828 0.84877 0.02251466 12.82419 0.03536504 -0.04848995 0.9981974 -1.621455
0.8408269 -0.5382531 -0.05738983 46.33412 0.5400363 0.8413815 0.0209214 13.57981 0.03702575 -0.04858387 0.9981326 -1.650703
0.8330673 -0.5499007 -0.06006763 47.52127 0.5518701 0.8336372 0.02209694 14.35697 0.03792349 -0.05155777 0.9979497 -1.724831
0.8251948 -0.5617263 -0.05930582 48.71324 0.563641 0.8257408 0.02147123 15.16 0.03691028 -0.05114514 0.9980089 -1.774793
0.8166938 -0.5736301 -0.06292742 49.93295 0.5758252 0.817233 0.02357452 15.99636 0.03790331 -0.05548836 0.9977396 -1.833071
0.8091038 -0.584186 -0.06385741 51.09893 0.5864455 0.8096416 0.02370922 16.83794 0.03785102 -0.05663211 0.9976773 -1.899536
0.8007176 -0.5954421 -0.06557503 52.24384 0.5978598 0.8012091 0.02505987 17.67172 0.03761761 -0.05927055 0.9975329 -1.975231
0.7921011 -0.6061395 -0.07190828 53.41301 0.6090245 0.7927012 0.02672135 18.56766 0.04080491 -0.06495991 0.9970533 -2.026399
0.7832332 -0.6170537 -0.07609607 54.57364 0.6202099 0.7839946 0.02631224 19.46966 0.04342284 -0.06780416 0.9967533 -2.095149
0.7746933 -0.6271247 -0.08102535 55.69893 0.630595 0.7756958 0.02542109 20.37203 0.04690883 -0.07078771 0.9963878 -2.151618
0.7664208 -0.6373343 -0.08002505 56.84538 0.6406722 0.7674453 0.02380941 21.30246 0.04624029 -0.06951787 0.9965085 -2.213407
0.7570904 -0.6482992 -0.08076072 57.97461 0.6517397 0.7580436 0.02460065 22.25043 0.04527156 -0.07125988 0.9964299 -2.27288
0.7484691 -0.6583688 -0.0796523 59.09937 0.6617411 0.7493294 0.02457741 23.21317 0.04350482 -0.07110464 0.9965197 -2.354127
0.7388625 -0.6690542 -0.08030365 60.20026 0.6725039 0.739671 0.02500434 24.19663 0.04266902 -0.07247929 0.9964568 -2.414324
0.7282257 -0.6804466 -0.08173026 61.30184 0.6840526 0.7289721 0.0259173 25.22171 0.04194374 -0.07478144 0.9963174 -2.480198
0.7174038 -0.6914886 -0.08470659 62.39196 0.6954006 0.718097 0.02747354 26.25404 0.0418299 -0.07861464 0.9960271 -2.547627
0.7050158 -0.704025 -0.08544947 63.44308 0.7079157 0.7058446 0.02527263 27.2973 0.04252149 -0.07830863 0.9960219 -2.587877
0.6923649 -0.7161253 -0.08829109 64.5057 0.7201809 0.6933879 0.02350646 28.3672 0.04438641 -0.07986061 0.9958173 -2.685971
0.6782951 -0.7291437 -0.09091313 65.53885 0.733264 0.6796545 0.01983703 29.47739 0.04732548 -0.08011869 0.9956613 -2.707132
0.6647208 -0.7409543 -0.09556647 66.54872 0.7454442 0.666297 0.01901033 30.58637 0.04958986 -0.08387604 0.9952415 -2.805763
0.6513507 -0.7530201 -0.09328964 67.54548 0.7572321 0.6529342 0.01662631 31.72812 0.04839205 -0.08147146 0.9955002 -2.835891
0.6367725 -0.7646872 -0.09886444 68.53867 0.7695068 0.638364 0.01873262 32.88931 0.04878689 -0.08800526 0.9949246 -2.892326
0.6227887 -0.7761867 -0.09832849 69.50275 0.7808852 0.6244535 0.01661699 34.06749 0.04850368 -0.08713213 0.9950153 -2.951546
0.6085955 -0.7868915 -0.1020462 70.4502 0.7920312 0.610209 0.01821141 35.23997 0.04793913 -0.09190719 0.9946129 -2.990103
0.5939299 -0.7982398 -0.1003022 71.36864 0.8031556 0.5955483 0.01622949 36.46316 0.04677977 -0.09019744 0.9948246 -3.059728
0.5789254 -0.8090836 -0.1011389 72.27576 0.81418 0.5803374 0.01787578 37.70334 0.04423171 -0.09269404 0.9947117 -3.120545
0.5639148 -0.8195775 -0.1014537 73.16639 0.8247247 0.5652547 0.01778568 38.96138 0.04277044 -0.09370099 0.9946812 -3.165416
0.5490213 -0.8296279 -0.1014551 74.036 0.8348981 0.5500315 0.02025872 40.2563 0.03899632 -0.09582716 0.9946338 -3.235502
0.5335509 -0.8395634 -0.1022585 74.87576 0.8448505 0.5346923 0.01821609 41.56094 0.03938324 -0.09611231 0.9945911 -3.292105
0.5198944 -0.8479753 -0.1031879 75.70721 0.8533036 0.5211533 0.01649971 42.87169 0.03978538 -0.09662872 0.994525 -3.36021
0.506844 -0.8554416 -0.1064362 76.51162 0.861011 0.5083913 0.01408551 44.19484 0.0420619 -0.09878188 0.9942198 -3.405045
0.4960554 -0.86154 -0.1080647 77.29637 0.8673352 0.4974947 0.01512809 45.53316 0.04072813 -0.1012326 0.9940287 -3.467891
0.4847417 -0.8676635 -0.110388 78.07653 0.8737378 0.4861457 0.01563891 46.90207 0.04009533 -0.104031 0.9937655 -3.510778
0.4729021 -0.8740643 -0.1112446 78.83163 0.8803359 0.4740115 0.01794444 48.26716 0.0370466 -0.1064185 0.9936311 -3.563954
0.4588544 -0.8812205 -0.1135915 79.5686 0.8877007 0.4601339 0.01625014 49.65773 0.03794737 -0.1082917 0.9933946 -3.626754
0.4448297 -0.8880724 -0.1159918 80.29382 0.8947943 0.4462228 0.01511377 51.07381 0.03833603 -0.1105118 0.9931352 -3.678307
0.4307878 -0.8945211 -0.1193896 80.98751 0.9015709 0.4324327 0.01311415 52.48043 0.03989708 -0.1132876 0.9927609 -3.7319
0.416779 -0.9009758 -0.120573 81.66466 0.9082319 0.4182234 0.0142888 53.91692 0.03755261 -0.1154636 0.9926016 -3.787589
0.401934 -0.9071829 -0.1243707 82.31132 0.9149653 0.4032259 0.01572627 55.35318 0.03588289 -0.1201158 0.9921112 -3.83831
0.3867525 -0.913521 -0.126103 82.93476 0.9215483 0.3879305 0.01608602 56.79097 0.03422429 -0.1224313 0.9918867 -3.895218
0.3698528 -0.9205208 -0.1258981 83.54314 0.9284812 0.3711077 0.01421041 58.26343 0.03364078 -0.1221498 0.9919414 -3.934783
0.3527486 -0.9273292 -0.1250162 84.12775 0.9351445 0.3540493 0.01240368 59.75526 0.03275961 -0.1212836 0.9920772 -3.991854
0.335263 -0.9340085 -0.1233973 84.68277 0.9416927 0.3361881 0.01387607 61.24229 0.02852433 -0.1208545 0.9922603 -4.056367
0.3174975 -0.9400064 -0.1248333 85.21095 0.9479038 0.3182201 0.01464451 62.74401 0.02595854 -0.1229796 0.9920697 -4.09867
0.2982266 -0.9458144 -0.1284369 85.70827 0.9540992 0.2992671 0.01157576 64.25566 0.02748838 -0.1259937 0.9916501 -4.149961
0.2800583 -0.9514853 -0.1274493 86.17436 0.9595699 0.2813543 0.00809025 65.76997 0.02816063 -0.1245622 0.9918121 -4.198925
0.2599323 -0.9567745 -0.1304522 86.61184 0.965246 0.2612417 0.007277265 67.29623 0.02711684 -0.12781 0.9914279 -4.241728
0.2396092 -0.9618284 -0.1321882 87.0182 0.9705216 0.2409372 0.006094903 68.8478 0.0259868 -0.1297519 0.9912059 -4.274729
0.2185063 -0.9663837 -0.1354899 87.37887 0.9755348 0.2197703 0.005743578 70.40279 0.02422615 -0.1334301 0.9907621 -4.322836
0.1987556 -0.9695858 -0.1428265 87.72068 0.9796968 0.20047 0.002431549 71.96373 0.02627484 -0.1404099 0.9897448 -4.3612
0.1786055 -0.9732298 -0.1446506 88.03252 0.9835333 0.1807208 -0.001509733 73.53831 0.02761069 -0.141999 0.9894816 -4.387158
0.1583422 -0.9763662 -0.1470945 88.2896 0.9870509 0.1603934 -0.002113402 75.09863 0.02565643 -0.1448551 0.9891202 -4.413908
0.1400867 -0.9785519 -0.1510365 88.52516 0.9899161 0.1416548 0.0003809705 76.66943 0.02102224 -0.1495668 0.9885281 -4.456127
0.1223447 -0.9803318 -0.1548596 88.73699 0.9923548 0.1233838 0.002921455 78.25124 0.01624315 -0.1540331 0.9879321 -4.476096
0.104326 -0.9827058 -0.1529888 88.93511 0.9944686 0.1049598 0.003950261 79.8358 0.01217574 -0.1525547 0.98822 -4.498004
0.08452266 -0.9851885 -0.1491959 89.10053 0.9964048 0.08443701 0.006919973 81.44469 0.005780183 -0.1492444 0.9887834 -4.550622
0.06282032 -0.9867918 -0.1493168 89.24221 0.9980224 0.06244707 0.007191151 83.04822 0.002228245 -0.1494733 0.9887633 -4.583593
0.04179162 -0.9881407 -0.1477543 89.32839 0.9991198 0.04186952 0.002583958 84.63106 0.003633089 -0.1477322 0.9890207 -4.623154
0.0206545 -0.9893949 -0.1437751 89.3889 0.9997723 0.02121103 -0.002338029 86.23018 0.005362839 -0.143694 0.9896076 -4.644363
-6.568432e-05 -0.990115 -0.1402572 89.42104 0.9999906 0.0005437136 -0.004307121 87.83705 0.004340798 -0.1402562 0.9901057 -4.687567
-0.02090144 -0.9901994 -0.1380882 89.41155 0.9997796 -0.02043033 -0.004828587 89.42993 0.001960076 -0.1381587 0.9904082 -4.70918
-0.04189348 -0.9893277 -0.1395552 89.36287 0.9991219 -0.04139638 -0.006464541 91.02435 0.0006184801 -0.1397035 0.9901932 -4.735012
-0.06160223 -0.9888389 -0.1356569 89.29761 0.9981 -0.06086344 -0.009590715 92.62481 0.001227126 -0.1359899 0.9907095 -4.756457
-0.08230674 -0.9870015 -0.1380345 89.17898 0.9966069 -0.08146483 -0.01174796 94.22828 0.0003503114 -0.1385331 0.9903578 -4.77702
-0.1014807 -0.9851001 -0.1388508 89.04071 0.9948373 -0.1004046 -0.01475067 95.82658 0.000589624 -0.1396309 0.9902034 -4.785997
-0.1217127 -0.9825644 -0.1405455 88.85767 0.992564 -0.120726 -0.01555777 97.42033 -0.001680978 -0.141394 0.989952 -4.794758
-0.1416414 -0.9798076 -0.1411203 88.6469 0.9899176 -0.1403363 -0.01920867 99.01447 -0.000983499 -0.1424183 0.9898061 -4.800103
-0.1627972 -0.9765592 -0.1408162 88.41582 0.9866594 -0.1611766 -0.02291649 100.5951 -0.0003169551 -0.1426683 0.9897705 -4.784436
-0.1859071 -0.9729057 -0.1374514 88.1422 0.9825673 -0.1840922 -0.02591473 102.1741 -9.11504e-05 -0.139873 0.9901695 -4.777193
-0.2101176 -0.9669134 -0.144669 87.8311 0.9776627 -0.2085772 -0.02590752 103.7499 -0.005124331 -0.1468811 0.9891409 -4.771861
-0.2332413 -0.9619294 -0.1424438 87.47857 0.9723942 -0.2317635 -0.0271145 105.3036 -0.006931044 -0.1448357 0.9894314 -4.77586
-0.2563169 -0.9562075 -0.1413109 87.11589 0.9665914 -0.253815 -0.0357643 106.8762 -0.001668751 -0.1457569 0.989319 -4.717165
-0.2808855 -0.9491873 -0.141939 86.66948 0.9597413 -0.2777907 -0.04158153 108.4294 3.934652e-05 -0.1479043 0.9890017 -4.710072
-0.3035333 -0.9430108 -0.1363758 86.22143 0.9528143 -0.3009365 -0.03977526 109.9532 -0.003531978 -0.1420139 0.9898583 -4.676165
-0.3250705 -0.9357106 -0.1370215 85.72787 0.9456666 -0.3226476 -0.04016565 111.4712 -0.006626211 -0.1426333 0.9897534 -4.628027
-0.3460864 -0.9283758 -0.1354354 85.1962 0.9381865 -0.3433047 -0.04413666 112.9849 -0.005520195 -0.1423387 0.9898026 -4.608108
-0.3668945 -0.9202145 -0.1363589 84.63126 0.9302337 -0.3640748 -0.04598689 114.4868 -0.007327005 -0.1437179 0.9895915 -4.559026
-0.3874433 -0.9114034 -0.1386779 84.04008 0.9218215 -0.3848856 -0.04591577 115.9739 -0.01152735 -0.145626 0.9892725 -4.512245
-0.4075562 -0.9025652 -0.1388311 83.4045 0.9130805 -0.40502 -0.04735733 117.4437 -0.0134863 -0.1460648 0.9891831 -4.48282
-0.4257666 -0.8940015 -0.1395855 82.7551 0.9047861 -0.422218 -0.05562357 118.9082 -0.009207956 -0.1499777 0.9886465 -4.408841
-0.4444379 -0.8847902 -0.1400747 82.0664 0.8957419 -0.44086 -0.05734897 120.3544 -0.01101153 -0.1509589 0.9884787 -4.363028
-0.462224 -0.8749973 -0.1439751 81.34446 0.8866168 -0.4589654 -0.05710828 121.7851 -0.01611 -0.1540475 0.9879321 -4.320307
-0.4779811 -0.8657526 -0.148346 80.60975 0.8780068 -0.4757771 -0.05234688 123.1872 -0.0252602 -0.1552697 0.9875491 -4.223866
-0.4928701 -0.856647 -0.1524301 79.82887 0.86937 -0.492028 -0.04587158 124.5937 -0.03570412 -0.1551269 0.9872491 -4.189919
-0.5083605 -0.848127 -0.1491649 79.0475 0.8602502 -0.5080476 -0.04309593 125.9813 -0.03923204 -0.1502274 0.9878728 -4.114976
-0.5261213 -0.8382371 -0.1433698 78.20454 0.849659 -0.5252141 -0.04721908 127.3834 -0.03571906 -0.1466584 0.9885421 -4.071097
-0.5432397 -0.828342 -0.1368938 77.35031 0.8389004 -0.5420849 -0.04888764 128.769 -0.03371239 -0.141398 0.9893786 -4.037627
-0.5607686 -0.8172556 -0.1327839 76.46045 0.8273754 -0.5592006 -0.05238888 130.1245 -0.03143772 -0.1392402 0.9897595 -3.9822
-0.5772768 -0.805872 -0.1316122 75.54239 0.8159399 -0.5755261 -0.05487951 131.4747 -0.03152042 -0.1390683 0.989781 -3.944545
-0.5937243 -0.7933675 -0.1343852 74.58992 0.8040155 -0.5916374 -0.05936486 132.8088 -0.03240918 -0.1432942 0.9891493 -3.852753
-0.6098064 -0.7812245 -0.1335084 73.612 0.7918809 -0.6075071 -0.06212702 134.1235 -0.03257213 -0.1436082 0.9890984 -3.785896
-0.625546 -0.768475 -0.1346798 72.60475 0.7793635 -0.6234359 -0.06261271 135.4246 -0.03584794 -0.1441317 0.988909 -3.71454
-0.6413655 -0.7559101 -0.1313404 71.57586 0.7664102 -0.6391565 -0.0639879 136.7083 -0.03557795 -0.1417002 0.9892701 -3.637221
-0.6571183 -0.7422546 -0.1313532 70.49792 0.7529453 -0.6545767 -0.06784432 137.9877 -0.03562298 -0.1434835 0.9890113 -3.546352
-0.67277 -0.7285333 -0.1289168 69.40581 0.7390485 -0.6698751 -0.07123496 139.2286 -0.03446113 -0.1432005 0.9890935 -3.464585
-0.6872871 -0.714888 -0.1287301 68.2734 0.7254577 -0.6844996 -0.07191177 140.4656 -0.03670682 -0.1428123 0.9890689 -3.385026
-0.7017107 -0.7009748 -0.1274227 67.12663 0.7114141 -0.6990781 -0.07197064 141.6615 -0.03862882 -0.1411529 0.9892339 -3.274667
-0.714589 -0.6874193 -0.1296816 65.9403 0.6981591 -0.7124738 -0.070392 142.8566 -0.04400594 -0.1408398 0.9890539 -3.186884
-0.7275802 -0.6737286 -0.129293 64.73782 0.684628 -0.7250999 -0.07426058 144.0234 -0.04371883 -0.1425481 0.9888219 -3.112186
-0.7394968 -0.6600848 -0.1320324 63.50673 0.6715402 -0.7369866 -0.07671005 145.1708 -0.04667097 -0.1453919 0.9882727 -2.979476
-0.749563 -0.6478376 -0.1358746 62.25382 0.6598613 -0.7475333 -0.07600716 146.2998 -0.05233046 -0.1466305 0.9878061 -2.889791
-0.7573699 -0.6373949 -0.1418403 61.00459 0.650071 -0.7564881 -0.07164799 147.4145 -0.06163246 -0.1464703 0.9872932 -2.805694
-0.7644581 -0.6281604 -0.144977 59.72324 0.6413953 -0.7637391 -0.07290167 148.5233 -0.06493065 -0.1487178 0.9867457 -2.690798
-0.7718251 -0.6192313 -0.1443561 58.38962 0.6323335 -0.7713245 -0.07220053 149.6311 -0.06663659 -0.1470074 0.9868882 -2.593801
-0.7790707 -0.6102709 -0.143591 57.05985 0.6233364 -0.7785158 -0.07324622 150.7257 -0.06708781 -0.1465695 0.9869228 -2.469832
-0.7863803 -0.6016218 -0.140204 55.71718 0.6143587 -0.7853869 -0.07570213 151.8011 -0.06457029 -0.1456662 0.9872244 -2.400669
-0.7931149 -0.5926775 -0.1403634 54.34264 0.6054992 -0.7921641 -0.07646339 152.8793 -0.06587272 -0.1456342 0.9871431 -2.272456
-0.79891 -0.5846822 -0.1410298 52.97403 0.5976173 -0.7981178 -0.07656065 153.9296 -0.06779477 -0.145447 0.9870406 -2.191573
-0.8045487 -0.576717 -0.1417703 51.57931 0.5898146 -0.8038381 -0.07722002 154.9708 -0.06942625 -0.1457454 0.9868831 -2.065045
-0.8104101 -0.56832 -0.1422956 50.16464 0.5814548 -0.809967 -0.07657543 156.0049 -0.07173541 -0.144796 0.9868577 -1.974947
-0.8161293 -0.55984 -0.1432212 48.74399 0.5730367 -0.8160401 -0.07554785 157.0269 -0.07457953 -0.1437278 0.9868031 -1.85334
-0.8221143 -0.5515999 -0.1409442 47.29716 0.5645687 -0.821797 -0.07688818 158.048 -0.07341601 -0.1427836 0.9870273 -1.731268
-0.8276151 -0.5434922 -0.1402479 45.84394 0.5562323 -0.8276213 -0.07515685 159.0499 -0.07522501 -0.1402114 0.9872598 -1.668285
-0.8335333 -0.5359076 -0.1342586 44.36934 0.5478513 -0.8331429 -0.07570973 160.0537 -0.07128321 -0.1366603 0.9880499 -1.476341
-0.8383949 -0.5282381 -0.1343817 42.88912 0.5400443 -0.8384137 -0.0735846 161.0259 -0.07379728 -0.134265 0.9881938 -1.451281
-0.8437946 -0.52132 -0.1274218 41.38604 0.5321707 -0.8434674 -0.07319236 162.0163 -0.06931946 -0.1295694 0.9891444 -1.317676
-0.8482062 -0.5126039 -0.1333563 39.86591 0.524314 -0.8482894 -0.07416159 162.9639 -0.07510924 -0.1328249 0.9882895 -1.225903
-0.8524908 -0.5057544 -0.132182 38.33755 0.5174527 -0.852322 -0.07609171 163.9265 -0.07417794 -0.1332654 0.9883006 -1.128888
-0.8564565 -0.4978715 -0.1364045 36.80287 0.5101779 -0.8566565 -0.0765392 164.8737 -0.07874508 -0.135143 0.9876921 -0.9902015
-0.8611163 -0.4902643 -0.1346098 35.24129 0.5024915 -0.8609971 -0.07865314 165.7995 -0.07733786 -0.1353698 0.9877722 -0.9270751
-0.8656851 -0.4817574 -0.1360111 33.66308 0.4942728 -0.8656322 -0.07984523 166.7247 -0.07926957 -0.1363474 0.9874845 -0.772047
-0.8711697 -0.4721659 -0.1346208 32.08181 0.484737 -0.8707197 -0.08292969 167.6197 -0.07806037 -0.1375015 0.9874209 -0.6709927
-0.8759719 -0.4627402 -0.1361789 30.48911 0.4755011 -0.8758328 -0.08255716 168.5234 -0.08106747 -0.137071 0.9872383 -0.5465553
-0.8811672 -0.4531574 -0.1348805 28.87448 0.4656222 -0.8812571 -0.08112971 169.4003 -0.0820999 -0.1342922 0.9875349 -0.4114566
-0.8864434 -0.4428447 -0.134561 27.24484 0.4551048 -0.8869044 -0.07924848 170.265 -0.08424801 -0.1314887 0.9877312 -0.3003412
-0.8923955 -0.4318121 -0.1310291 25.60422 0.4438044 -0.8923932 -0.08168294 171.0992 -0.08165777 -0.1310448 0.9880077 -0.191107
-0.8974837 -0.4204302 -0.1332723 23.96363 0.4325285 -0.8981084 -0.07950135 171.9319 -0.08626823 -0.1289952 0.9878857 -0.07784098
-0.9031087 -0.4088431 -0.1313093 22.29513 0.4207961 -0.9035453 -0.0808493 172.7318 -0.0855892 -0.1282701 0.9880391 0.05684924
-0.9085735 -0.3975279 -0.1283196 20.59869 0.4091537 -0.9088113 -0.08157995 173.5315 -0.084188 -0.1266238 0.9883718 0.1761556
-0.9136548 -0.3838412 -0.133794 18.90862 0.3961836 -0.9145202 -0.08180109 174.3017 -0.09095867 -0.1277449 0.9876273 0.2524918
-0.9196953 -0.3714311 -0.1272768 17.19311 0.3837409 -0.9189271 -0.09119199 175.0423 -0.08308652 -0.1327102 0.9876662 0.4045761
-0.9241719 -0.3583124 -0.132357 15.48281 0.3715611 -0.9236439 -0.09393737 175.7688 -0.08859182 -0.135993 0.9867408 0.5536997
-0.9285159 -0.3480844 -0.1292111 13.74686 0.3608005 -0.9280244 -0.09270269 176.4533 -0.0876427 -0.1326953 0.9872744 0.6792186
-0.9312741 -0.3380748 -0.1357716 11.99102 0.3515236 -0.9317364 -0.09109638 177.1442 -0.09570598 -0.1325626 0.9865432 0.8246471
-0.9347026 -0.3297536 -0.1326414 10.24969 0.3426582 -0.9351581 -0.08980387 177.8065 -0.09442748 -0.1293906 0.9870874 0.9689279
-0.9383684 -0.3198449 -0.1310116 8.478514 0.3323747 -0.9390181 -0.0881587 178.4653 -0.09482515 -0.1262703 0.9874533 1.124493
-0.9429593 -0.3088382 -0.1242851 6.721972 0.3205564 -0.9430749 -0.08861893 179.1045 -0.08984126 -0.1234044 0.9882813 1.239862
-0.9471649 -0.2978616 -0.1189832 4.926163 0.3088924 -0.9469953 -0.08823464 179.7188 -0.08639479 -0.1203258 0.988968 1.386804
-0.9507989 -0.2884853 -0.1129495 3.150716 0.2987119 -0.9503476 -0.08723911 180.3186 -0.08217411 -0.1166862 0.9897635 1.498406
-0.954139 -0.2802586 -0.1052316 1.360711 0.2898187 -0.9528227 -0.09018866 180.9084 -0.07499089 -0.1165506 0.9903496 1.663158
-0.9570905 -0.2733922 -0.09609438 -0.4684019 0.2821515 -0.9547685 -0.09384891 181.4829 -0.06609033 -0.1169351 0.9909381 1.772537
-0.959996 -0.2661276 -0.08708495 -2.285959 0.2739434 -0.9570159 -0.09526563 182.0401 -0.05798887 -0.115311 0.9916353 1.933032
-0.9621657 -0.2585461 -0.08597139 -4.097234 0.2663755 -0.9589446 -0.09731075 182.5763 -0.05728249 -0.1165297 0.9915339 2.054494
-0.9638604 -0.2509776 -0.08934963 -5.934774 0.2595608 -0.9602455 -0.102746 183.0966 -0.06001063 -0.1222245 0.9906866 2.21961
-0.9653308 -0.2432042 -0.09480574 -7.778489 0.2525359 -0.9620406 -0.1034576 183.5916 -0.06604565 -0.1238127 0.9901053 2.378131
-0.9668969 -0.2359967 -0.09703429 -9.603562 0.2455485 -0.963972 -0.1022932 184.0821 -0.06939749 -0.1227336 0.9900103 2.546938
-0.9685881 -0.2287462 -0.09752941 -11.45236 0.2380613 -0.9663076 -0.09785915 184.5599 -0.0718585 -0.1180032 0.9904098 2.718534
-0.9706041 -0.2213154 -0.0945897 -13.30713 0.2302636 -0.9682487 -0.09733064 185.0276 -0.07004558 -0.1162501 0.990747 2.870555
-0.9721013 -0.2145313 -0.09484535 -15.17344 0.2237312 -0.9694857 -0.1002091 185.4864 -0.07045323 -0.1186333 0.9904355 3.040126
-0.9734217 -0.2084602 -0.09483942 -17.03285 0.2179432 -0.9704095 -0.1039534 185.9237 -0.07036293 -0.1218601 0.9900501 3.207891
-0.9740489 -0.2058362 -0.09413028 -18.91676 0.2152226 -0.9710435 -0.1037009 186.352 -0.0700592 -0.1212687 0.9901443 3.374426
-0.9740839 -0.2045338 -0.09657264 -20.77447 0.2142343 -0.9712453 -0.1038566 186.7722 -0.07255353 -0.1218542 0.9898927 3.544847
-0.9742061 -0.2039205 -0.09663838 -22.66921 0.2137259 -0.9712178 -0.1051535 187.2097 -0.07241397 -0.1230953 0.9897494 3.732999
-0.9739051 -0.2043632 -0.09871383 -24.55146 0.2143588 -0.9711733 -0.104272 187.6306 -0.07455888 -0.1227112 0.9896378 3.898986
-0.9739598 -0.2041177 -0.09868321 -26.45896 0.2142049 -0.9710714 -0.1055306 188.0652 -0.07428776 -0.123921 0.9895074 4.086618
-0.9741186 -0.2041694 -0.09699462 -28.35795 0.2140109 -0.9711658 -0.1050537 188.4941 -0.07274912 -0.1230926 0.9897251 4.244136
-0.9741683 -0.2030922 -0.09873945 -30.27073 0.2132208 -0.9712425 -0.1059471 188.9339 -0.07438292 -0.1242636 0.9894573 4.430692
-0.974076 -0.2029542 -0.09992605 -32.18041 0.2131834 -0.9713199 -0.1053119 189.3637 -0.07568666 -0.1238844 0.989406 4.594316
-0.9740325 -0.2021944 -0.1018739 -34.10186 0.2127023 -0.9713795 -0.1057336 189.8015 -0.0775795 -0.1246568 0.9891623 4.786023
-0.9742986 -0.20208 -0.09952744 -36.0166 0.2120664 -0.971838 -0.102756 190.2417 -0.07595963 -0.1212214 0.9897149 4.949311
-0.9743922 -0.2009147 -0.1009602 -37.95755 0.2111129 -0.972 -0.1031861 190.6859 -0.07740175 -0.1218577 0.989525 5.123456
-0.9745765 -0.200794 -0.09941178 -39.88893 0.2107582 -0.9721381 -0.1026086 191.1188 -0.07603879 -0.1209518 0.9897417 5.306186
-0.97493 -0.1999151 -0.09770054 -41.84888 0.2096221 -0.9724554 -0.1019272 191.5636 -0.07463261 -0.1198521 0.9899825 5.471865
-0.9750402 -0.1997984 -0.09683524 -43.78452 0.2093428 -0.9725973 -0.1011437 192.0041 -0.07397334 -0.1188909 0.9901479 5.642735
-0.9752179 -0.1989964 -0.09669695 -45.73353 0.2084065 -0.9729634 -0.09954374 192.4431 -0.07427374 -0.1172291 0.9903235 5.802094
-0.97531 -0.1980156 -0.09777604 -47.68253 0.2076666 -0.972971 -0.1010047 192.8751 -0.07513274 -0.1188157 0.9900696 5.964581
-0.9754936 -0.1972139 -0.0975662 -49.63868 0.2069992 -0.9728946 -0.1030893 193.3041 -0.074591 -0.120759 0.9898755 6.121127
-0.9755489 -0.1965009 -0.09844788 -51.59741 0.2064359 -0.9729579 -0.10362 193.7308 -0.07542422 -0.1214096 0.9897327 6.293818
-0.9754456 -0.1962746 -0.09991135 -53.54604 0.2062871 -0.9731286 -0.1023049 194.1513 -0.07714672 -0.1204033 0.9897229 6.468686
-0.9754128 -0.1966487 -0.09949291 -55.49537 0.2064645 -0.9732857 -0.1004364 194.5887 -0.07708434 -0.1185087 0.9899564 6.625493
-0.9756827 -0.1957924 -0.09853202 -57.45245 0.2054222 -0.9736037 -0.09948687 195.0129 -0.07645236 -0.1173083 0.9901484 6.786012
-0.9757543 -0.1952462 -0.09890643 -59.4018 0.2050369 -0.9735313 -0.1009786 195.4405 -0.07657282 -0.1188098 0.98996 6.960149
-0.9759089 -0.1944996 -0.09885175 -61.35583 0.2044533 -0.9734262 -0.103152 195.8745 -0.07616185 -0.1208775 0.9897414 7.128647
-0.9761442 -0.1944292 -0.09664202 -63.30807 0.2041086 -0.9735066 -0.103075 196.302 -0.07404087 -0.1203415 0.9899676 7.302479
-0.9763384 -0.1938324 -0.09587757 -65.24751 0.2034106 -0.9736674 -0.1029362 196.7292 -0.07340051 -0.1200031 0.9900564 7.45995
-0.9766924 -0.1931692 -0.09358282 -67.19548 0.2023402 -0.9740825 -0.1011024 197.146 -0.07162752 -0.1176815 0.9904648 7.629076
-0.9766756 -0.1924036 -0.09531763 -69.12959 0.2019968 -0.9738482 -0.1040044 197.5699 -0.07281408 -0.1208325 0.9899988 7.799481
-0.9769458 -0.1917843 -0.09378482 -71.07333 0.2013083 -0.9738185 -0.1056057 197.9877 -0.07107587 -0.1220507 0.9899757 7.963314
-0.9775182 -0.1904976 -0.09038231 -73.01961 0.1995883 -0.9742054 -0.1053011 198.4019 -0.06799133 -0.1209729 0.9903246 8.141025
-0.9777241 -0.1897212 -0.08978642 -74.93851 0.1985921 -0.9746435 -0.103108 198.8152 -0.06794798 -0.1186421 0.9906095 8.296889
-0.9777391 -0.1896624 -0.0897457 -76.87115 0.1984033 -0.9748729 -0.1012859 199.2277 -0.06828055 -0.116837 0.9908012 8.469966
-0.9781343 -0.1890991 -0.08657183 -78.79787 0.1974281 -0.9751363 -0.1006544 199.6345 -0.06538568 -0.1155452 0.9911478 8.641889
-0.9784671 -0.1882391 -0.08466569 -80.7374 0.1963023 -0.9754395 -0.09991605 200.0482 -0.06377815 -0.1143846 0.9913872 8.808832
-0.9784812 -0.1882372 -0.08450681 -82.6762 0.196146 -0.9756852 -0.09780192 200.4569 -0.06404209 -0.112273 0.9916115 8.956071
-0.9785336 -0.1876707 -0.08515608 -84.6342 0.1957765 -0.9755697 -0.09967631 200.8659 -0.06436937 -0.1142082 0.9913693 9.118019
-0.978792 -0.1866562 -0.08441612 -86.55472 0.1946006 -0.9759302 -0.09844252 201.2513 -0.06400934 -0.1127822 0.9915559 9.273319
-0.9786497 -0.1853232 -0.08888113 -88.47775 0.1936239 -0.9763483 -0.0961959 201.6545 -0.06895162 -0.1113516 0.9913862 9.426645
-0.9782383 -0.1852832 -0.09337934 -90.39851 0.1940705 -0.9762859 -0.09592903 202.0561 -0.07339089 -0.1119636 0.9909984 9.573558
-0.978367 -0.1836641 -0.0952124 -92.33131 0.192965 -0.9761027 -0.09994079 202.4492 -0.07458153 -0.1161514 0.9904274 9.748825
-0.9787835 -0.1819515 -0.09421328 -94.25969 0.1911775 -0.9764021 -0.1004492 202.8371 -0.07371316 -0.1163295 0.9904715 9.899181
-0.9792258 -0.1802683 -0.0928458 -96.16487 0.1891767 -0.9770159 -0.09824489 203.2262 -0.07300139 -0.1137682 0.9908217 10.06489
-0.9792602 -0.1789971 -0.09491916 -98.09174 0.1879055 -0.9775736 -0.09508616 203.61 -0.07577032 -0.1109499 0.9909334 10.20645
-0.9794792 -0.1769385 -0.09650464 -100.029 0.1861609 -0.9777399 -0.09679259 203.9875 -0.07723011 -0.1127717 0.990615 10.38249
-0.9796487 -0.1747733 -0.09870667 -101.9629 0.1841977 -0.9781756 -0.09614382 204.3733 -0.07974909 -0.1123687 0.9904612 10.53756
-0.9799141 -0.1730436 -0.09911592 -103.8963 0.1825089 -0.9785019 -0.09604443 204.7505 -0.08036523 -0.1122048 0.9904299 10.70263
-0.9800825 -0.1714382 -0.1002356 -105.8334 0.1807557 -0.9791496 -0.09270069 205.1251 -0.08225322 -0.1089725 0.9906359 10.84906
-0.9801638 -0.1700025 -0.1018733 -107.7971 0.1798628 -0.9788995 -0.09698021 205.4883 -0.08323682 -0.1133797 0.9900589 11.03555
-0.9798689 -0.1692931 -0.1058156 -109.7367 0.179416 -0.979193 -0.09482076 205.8592 -0.08756144 -0.1118969 0.9898546 11.16587
-0.9799684 -0.1687664 -0.1057331 -111.6847 0.1786745 -0.9795507 -0.09249834 206.2322 -0.08796035 -0.1095373 0.9900831 11.33847
-0.9794503 -0.1702605 -0.1081114 -113.6488 0.1803423 -0.9793373 -0.09151534 206.6015 -0.09029607 -0.1091318 0.9899176 11.46856
-0.9796635 -0.1700809 -0.1064515 -115.6199 0.1805913 -0.9786251 -0.09838579 206.9754 -0.08744254 -0.1156092 0.9894384 11.65332
-0.9797196 -0.1699755 -0.1061035 -117.5816 0.1804812 -0.9786046 -0.09879096 207.3478 -0.08704136 -0.1159371 0.9894354 11.80316
-0.9798975 -0.1705297 -0.1035408 -119.534 0.1806388 -0.9786888 -0.09766172 207.7359 -0.08467995 -0.114402 0.9898189 11.97736
-0.9802564 -0.1716591 -0.0981345 -121.4807 0.1809417 -0.9788825 -0.09512685 208.1204 -0.07973275 -0.1110053 0.9906162 12.14909
-0.9807966 -0.1710871 -0.09363343 -123.4455 0.1798707 -0.9790778 -0.09514841 208.5023 -0.07539575 -0.1101632 0.9910497 12.31087
-0.9812785 -0.1727671 -0.08511077 -125.4092 0.180333 -0.9793789 -0.09108713 208.8942 -0.06761883 -0.1047301 0.9921992 12.43922
-0.9812428 -0.1725567 -0.08594733 -127.3732 0.18022 -0.9793879 -0.09121403 209.2701 -0.06843619 -0.1049925 0.9921154 12.58966
-0.9812573 -0.173928 -0.08296321 -129.3383 0.181324 -0.9791132 -0.09197286 209.648 -0.06523371 -0.1052923 0.9922994 12.72826
-0.9810213 -0.1739237 -0.08571987 -131.2742 0.1817297 -0.978875 -0.09369095 210.0307 -0.06761396 -0.1074907 0.9919043 12.89417
-0.9811864 -0.1763744 -0.0785196 -133.2542 0.1833968 -0.9785699 -0.09363022 210.4122 -0.06032294 -0.1062689 0.992506 13.0363
-0.9806508 -0.1779083 -0.08168656 -135.1894 0.1852488 -0.9782469 -0.09335892 210.799 -0.0633003 -0.1066848 0.9922759 13.18132
-0.9801352 -0.1820723 -0.07864334 -137.1458 0.1890853 -0.9774982 -0.09350911 211.1994 -0.05984831 -0.1065219 0.9925076 13.33619
-0.9792849 -0.1851779 -0.08191539 -139.1038 0.1922023 -0.9773754 -0.08829236 211.5939 -0.0637123 -0.1022077 0.9927207 13.47759
-0.9787124 -0.1888446 -0.08037285 -141.0521 0.1957292 -0.9766374 -0.08870954 212.0023 -0.06174282 -0.1025524 0.9928095 13.62186
-0.9782809 -0.1915988 -0.07909653 -142.9833 0.198354 -0.9760956 -0.08884297 212.4088 -0.06018356 -0.1026025 0.9929001 13.76173
-0.9779971 -0.1947127 -0.07489277 -144.9259 0.2011392 -0.9753435 -0.09081898 212.8304 -0.05536256 -0.1038846 0.9930473 13.91275
-0.9773339 -0.197964 -0.07502601 -146.8628 0.2043777 -0.9746998 -0.09049876 213.2586 -0.05521234 -0.1037811 0.9930665 14.04125
-0.976971 -0.2009746 -0.07167159 -148.7901 0.2072229 -0.9737465 -0.0942145 213.6887 -0.05085524 -0.1068968 0.9929687 14.20387
-0.9764423 -0.2048414 -0.06782525 -150.7142 0.2105971 -0.9731609 -0.092773 214.1299 -0.04700113 -0.1048713 0.9933745 14.34468
-0.9760026 -0.2084275 -0.06306402 -152.6455 0.2137217 -0.9723662 -0.0939526 214.563 -0.04173902 -0.1051761 0.9935773 14.50618
-0.975389 -0.2120702 -0.06035283 -154.5716 0.2168583 -0.9721636 -0.08871578 215.0179 -0.03985885 -0.09962041 0.9942269 14.63396
-0.9745064 -0.216304 -0.05958233 -156.4818 0.2210544 -0.9710912 -0.09009388 215.472 -0.03837221 -0.100968 0.9941494 14.77685
-0.9734426 -0.2205003 -0.06155765 -158.4081 0.2255848 -0.9696947 -0.09382854 215.9438 -0.03900291 -0.1052232 0.9936835 14.91888
-0.972416 -0.2255565 -0.05942769 -160.3182 0.2304061 -0.968536 -0.09407996 216.401 -0.03633752 -0.1051774 0.9937894 15.07482
-0.9708837 -0.2314919 -0.06161496 -162.2305 0.2363844 -0.967501 -0.08980151 216.895 -0.03882422 -0.1017516 0.9940519 15.22313
-0.9697964 -0.2368504 -0.05828056 -164.1281 0.2411841 -0.9668184 -0.08421677 217.3737 -0.03639994 -0.09572949 0.9947416 15.3678
-0.9682127 -0.2422361 -0.06233435 -166.0423 0.2469202 -0.9654232 -0.08359692 217.8914 -0.03992884 -0.09633122 0.9945481 15.47876
-0.9670466 -0.2478557 -0.05820938 -167.9518 0.2523155 -0.9635421 -0.08901381 218.3946 -0.03402461 -0.1007676 0.994328 15.61742
-0.9655489 -0.2534422 -0.05901058 -169.8485 0.2579821 -0.9619882 -0.08957691 218.9203 -0.03406491 -0.1017146 0.9942302 15.76071
-0.96412 -0.2599784 -0.05370118 -171.7219 0.2639701 -0.9603147 -0.09008598 219.4518 -0.02814961 -0.1010292 0.9944851 15.9045
-0.9627239 -0.2657336 -0.05048144 -173.6073 0.2692483 -0.9593147 -0.08497401 220.0088 -0.02584714 -0.09539855 0.9951035 16.04297
-0.961087 -0.2726347 -0.04451703 -175.4726 0.2754877 -0.9578509 -0.08141336 220.5594 -0.02044457 -0.09050924 0.9956858 16.17025
-0.9591374 -0.2793286 -0.04506392 -177.3551 0.2821344 -0.95621 -0.07786283 221.1427 -0.02134125 -0.08739524 0.9959451 16.28185
-0.9567332 -0.2870876 -0.04735148 -179.22 0.2900887 -0.9537625 -0.07864907 221.7234 -0.02258289 -0.08898231 0.9957772 16.38862
-0.9540521 -0.2944192 -0.05569437 -181.089 0.2981276 -0.9513488 -0.07781646 222.32 -0.03007411 -0.090845 0.9954109 16.48548
-0.9517051 -0.3015584 -0.05761885 -182.9483 0.3054579 -0.948927 -0.07894873 222.9157 -0.03086843 -0.09273604 0.9952121 16.62609
-0.9491786 -0.3091425 -0.05908575 -184.8006 0.3130949 -0.9465942 -0.07701308 223.5467 -0.03212221 -0.09159861 0.9952778 16.73628
-0.9476787 -0.3142695 -0.05603218 -186.6502 0.3179222 -0.9450017 -0.07679404 224.1613 -0.02881648 -0.09058996 0.9954713 16.86308
-0.9455367 -0.3204665 -0.05710802 -188.4939 0.3241736 -0.9429467 -0.07591347 224.8262 -0.0295221 -0.09029189 0.9954777 16.97189
-0.9436026 -0.326968 -0.05201872 -190.3393 0.3302194 -0.9407824 -0.07670431 225.4886 -0.02385844 -0.08955598 0.995696 17.10483
-0.9416617 -0.3318077 -0.05636401 -192.1582 0.3353346 -0.9392634 -0.07304092 226.1447 -0.02870511 -0.08768064 0.995735 17.18771
-0.9397093 -0.3375975 -0.05454041 -193.9817 0.3409704 -0.9371704 -0.07382887 226.8187 -0.02618922 -0.08797433 0.9957784 17.30976
-0.9372549 -0.3437373 -0.05829412 -195.7993 0.3473678 -0.9349753 -0.0718113 227.5163 -0.02981934 -0.08755497 0.9957133 17.41237
-0.9356884 -0.3486183 -0.05433711 -197.6099 0.3519147 -0.9332047 -0.07269824 228.204 -0.02536371 -0.08714493 0.9958727 17.51625
-0.9335505 -0.3538999 -0.05690695 -199.4106 0.357327 -0.9313679 -0.06979494 228.9126 -0.02830088 -0.08549149 0.9959369 17.61142
-0.93155 -0.3589162 -0.05825594 -201.2037 0.3624518 -0.9293746 -0.06994021 229.6292 -0.02903892 -0.08626777 0.9958487 17.71181
-0.9290506 -0.3647555 -0.06179399 -203.015 0.3686712 -0.9267167 -0.07264809 230.3635 -0.03076673 -0.09027541 0.9954415 17.81703
-0.9265498 -0.3706821 -0.06403276 -204.7864 0.3748995 -0.9239284 -0.07620092 231.0927 -0.03091537 -0.0946098 0.9950343 17.92357
-0.9240031 -0.3772196 -0.06263671 -206.5681 0.3811688 -0.9216763 -0.07227175 231.8405 -0.03046845 -0.09065449 0.9954162 18.04578
-0.9216559 -0.3832985 -0.0602746 -208.3412 0.3868692 -0.9196901 -0.06709979 232.5946 -0.02971471 -0.0851613 0.995924 18.14635
-0.9183773 -0.390986 -0.06093329 -210.1201 0.394553 -0.9165251 -0.06564727 233.3816 -0.03017973 -0.08433039 0.9959807 18.23206
-0.9158115 -0.3969884 -0.06074171 -211.8756 0.4006085 -0.9136885 -0.06845497 234.1592 -0.02832318 -0.08702549 0.9958034 18.33222
-0.9123542 -0.4045951 -0.06254777 -213.64 0.4084098 -0.9100865 -0.07031354 234.9672 -0.02847537 -0.08969599 0.995562 18.43437
-0.9095671 -0.4114 -0.05863008 -215.3804 0.4148412 -0.9071945 -0.07003519 235.7699 -0.0243764 -0.08802389 0.99582 18.52764
-0.9062898 -0.4190818 -0.05485704 -217.102 0.4220608 -0.904247 -0.06482281 236.5953 -0.02243826 -0.08190125 0.9963878 18.62102
-0.9029816 -0.425676 -0.05851654 -218.8171 0.4287949 -0.9014605 -0.05919315 237.4184 -0.02755325 -0.07854192 0.99653 18.69673
-0.8993618 -0.4329259 -0.06101996 -220.5519 0.4363454 -0.8975561 -0.06321111 238.2874 -0.02740311 -0.08347543 0.996133 18.79768
-0.8960322 -0.4400201 -0.05923431 -222.2693 0.4433676 -0.8938359 -0.06695183 239.1434 -0.02348561 -0.08625355 0.9959964 18.8859
-0.8928406 -0.4472911 -0.0525965 -223.9655 0.4499555 -0.890936 -0.06142572 240.0065 -0.01938494 -0.07850945 0.9967249 18.97621
-0.8893058 -0.4537315 -0.05712162 -225.6491 0.456454 -0.8883361 -0.05008774 240.8821 -0.02801681 -0.0706167 0.99711 19.02095
-0.8855884 -0.4609337 -0.05721245 -227.348 0.4637564 -0.8843218 -0.05389756 241.7919 -0.02575102 -0.07426369 0.9969061 19.11305
-0.8823538 -0.4670391 -0.05767431 -229.0107 0.4700215 -0.8806552 -0.05938155 242.6976 -0.02305768 -0.0795037 0.9965678 19.17383
-0.8785108 -0.4743616 -0.05656866 -230.6929 0.4772505 -0.8767312 -0.05978718 243.6176 -0.02123477 -0.0795211 0.996607 19.2456
-0.8749175 -0.4804406 -0.06079608 -232.3325 0.4836021 -0.8733958 -0.05752204 244.5328 -0.02546312 -0.07972815 0.9964914 19.32041
-0.8709828 -0.4876832 -0.05961858 -233.9747 0.4906549 -0.8696694 -0.05415693 245.4715 -0.02543704 -0.07642189 0.9967511 19.39487
-0.8676592 -0.4932055 -0.06257483 -235.5988 0.4963112 -0.8666394 -0.05110186 246.4106 -0.02902609 -0.07539559 0.9967312 19.46457
-0.8640457 -0.4995543 -0.06221355 -237.2044 0.5026397 -0.8629534 -0.05162221 247.3691 -0.0278993 -0.07587495 0.9967269 19.52566
-0.8602164 -0.5059188 -0.06382786 -238.8287 0.5090593 -0.8593035 -0.04956037 248.3498 -0.02977398 -0.0751248 0.9967296 19.59607
-0.8565491 -0.5120187 -0.06450259 -240.4466 0.5151758 -0.8557034 -0.04863725 249.3307 -0.03029191 -0.07489037 0.9967316 19.6429
-0.8526032 -0.5182062 -0.06730713 -242.0287 0.5215073 -0.8519675 -0.04670829 250.3233 -0.03313896 -0.07492478 0.9966384 19.69506
-0.8491197 -0.5239916 -0.06654872 -243.6195 0.5272254 -0.8484508 -0.04652632 251.3135 -0.03208392 -0.07459258 0.9966978 19.75573
-0.8455215 -0.5293254 -0.07005832 -245.2029 0.5327664 -0.8450673 -0.04495943 252.3174 -0.03540582 -0.07533887 0.9965292 19.80624
-0.8415974 -0.5357844 -0.06818131 -246.7709 0.5390793 -0.8410558 -0.04492932 253.3427 -0.03327185 -0.07456754 0.9966608 19.85126
-0.838383 -0.5408845 -0.06751439 -248.3467 0.5440999 -0.8378596 -0.04412046 254.3885 -0.03270351 -0.07372441 0.9967423 19.91623
