1.0 0.0 0.0 0.0 0.0 1.0 0.0 0.0 0.0 0.0 1.0 0.0
0.9999968 0.0002221224 -0.002519849 1.863299 -0.0002165941 0.9999975 0.002193957 -0.08991449 0.00252033 -0.002193404 0.9999944 -0.0381842
0.9999904 0.003093218 -0.003110307 3.378168 -0.003088062 0.9999939 0.001661084 -0.07592554 0.003115426 -0.001651464 0.9999938 -0.0589285
0.9999784 0.005956033 -0.002777405 4.914272 -0.005948442 0.9999787 0.002733546 -0.08052327 0.002793626 -0.002716965 0.9999924 -0.08857782
0.9999549 0.009309416 -0.001887323 6.420939 -0.009306273 0.9999553 0.001666511 -0.1030765 0.001902753 -0.001648872 0.9999968 -0.1352097
0.999923 0.01237673 -0.0009414605 7.871127 -0.01237491 0.9999216 0.001906419 -0.1333384 0.000964982 -0.001894622 0.9999977 -0.1624235
0.9998687 0.01619146 0.0006723757 9.314198 -0.01619258 0.9998674 0.001690917 -0.1666292 -0.0006449082 -0.001701582 0.9999983 -0.1891946
0.9998317 0.01828032 0.001535314 10.76735 -0.01828306 0.9998312 0.001787958 -0.1996398 -0.00150237 -0.001815727 0.9999972 -0.2132599
0.9997729 0.02099674 0.003636795 12.20656 -0.02099888 0.9997793 0.0005519597 -0.2701315 -0.003624403 -0.000628203 0.9999932 -0.2384548
0.9997151 0.02309644 0.006012801 13.64022 -0.02309882 0.9997331 0.0003272903 -0.3256787 -0.006003636 -0.0004660857 0.9999819 -0.2814646
0.9996512 0.02531282 0.007536832 15.08997 -0.02532169 0.9996787 0.001083921 -0.3852233 -0.007506974 -0.001274388 0.999971 -0.2909941
0.9995909 0.02659936 0.01050848 16.52628 -0.02662878 0.9996419 0.002669825 -0.422793 -0.0104337 -0.002948561 0.9999412 -0.340737
0.9995701 0.02666755 0.01218773 17.96173 -0.02669707 0.9996409 0.002265628 -0.4771941 -0.01212294 -0.002590031 0.9999232 -0.3549145
0.9995566 0.02727834 0.01193483 19.39617 -0.0272997 0.999626 0.00163047 -0.5331587 -0.01188589 -0.001955565 0.9999275 -0.3882957
0.9995155 0.02811498 0.01335071 20.82821 -0.02813681 0.9996029 0.001450035 -0.5834842 -0.01330464 -0.001824979 0.9999098 -0.4111461
0.9994993 0.02997599 0.01012853 22.26313 -0.03001235 0.9995434 0.003456922 -0.650809 -0.01002028 -0.003759172 0.9999427 -0.4699213
0.9994527 0.03086004 0.01191187 23.69357 -0.03089959 0.9995174 0.003150662 -0.7058277 -0.01180889 -0.00351701 0.9999241 -0.463499
0.9994147 0.03179019 0.01263345 25.12113 -0.03186044 0.9994776 0.005399787 -0.7643749 -0.01245519 -0.005799134 0.9999056 -0.5120733
0.9993613 0.03293937 0.01385217 26.55641 -0.03297321 0.9994538 0.002221499 -0.8260617 -0.01377143 -0.002676831 0.9999016 -0.5199056
0.9993237 0.03363025 0.01487199 27.99227 -0.03365124 0.9994329 0.00116315 -0.8906583 -0.01482444 -0.001662824 0.9998887 -0.5603886
0.9992846 0.0342839 0.015963 29.43216 -0.03429104 0.9994119 0.0001740309 -0.9482331 -0.01594764 -0.0007212943 0.9998726 -0.5841799
0.9992498 0.03518182 0.01618929 30.86096 -0.03527135 0.9993638 0.005278263 -1.017916 -0.01599329 -0.005845321 0.999855 -0.6232838
0.9991937 0.03729408 0.0148663 32.30423 -0.03739025 0.9992813 0.006244597 -1.083587 -0.01462273 -0.006795417 0.99987 -0.622151
0.9990994 0.03949243 0.01551243 33.74104 -0.03957303 0.9992045 0.004923484 -1.157569 -0.01530565 -0.005532924 0.9998676 -0.6723145
0.9989873 0.04142186 0.01756721 35.19457 -0.04145866 0.9991388 0.001735525 -1.229773 -0.01748019 -0.002462081 0.9998442 -0.6661274
0.9987624 0.04428865 0.02263289 36.63268 -0.04432594 0.9990164 0.001148223 -1.316449 -0.02255978 -0.002150027 0.9997432 -0.7406874
0.998523 0.04836878 0.02474355 38.0708 -0.04836608 0.9988294 -0.0007078651 -1.405737 -0.02474883 -0.0004899292 0.9996936 -0.7155776
0.9982178 0.0525326 0.02831208 39.52167 -0.05252326 0.9986191 -0.001073704 -1.504007 -0.02832939 -0.0004152523 0.9995986 -0.7873095
0.9980828 0.05590059 0.02656901 40.96739 -0.05586014 0.9984361 -0.002262644 -1.600965 -0.02665394 0.0007741567 0.9996444 -0.7716818
0.9978149 0.06 0.0276661 42.40337 -0.05991482 0.9981959 -0.003898513 -1.691735 -0.0278501 0.002232385 0.9996096 -0.8280631
0.9976017 0.06306935 0.02851505 43.85128 -0.06297972 0.9980066 -0.004031586 -1.803573 -0.02871248 0.002226047 0.9995852 -0.8225618
0.9973324 0.06737947 0.02807337 45.28663 -0.06734501 0.9977273 -0.00217248 -1.920047 -0.02815595 0.0002760837 0.9996035 -0.866217
0.9970343 0.07093411 0.0298496 46.73363 -0.07096038 0.9974792 -0.0001797953 -2.038699 -0.0297871 -0.001938877 0.9995544 -0.8800104
0.9967237 0.07489965 0.03052624 48.15479 -0.07508465 0.9971648 0.004957896 -2.162018 -0.03006835 -0.007233704 0.9995217 -0.9153063
0.9965163 0.07861982 0.02782479 49.59476 -0.07877199 0.9968828 0.004414083 -2.289202 -0.02739102 -0.00659052 0.9996031 -0.9465293
0.996257 0.08202467 0.02727478 51.02468 -0.08216416 0.9966108 0.004031461 -2.419429 -0.02685166 -0.00625738 0.9996198 -0.9657305
0.9958103 0.08636425 0.03005284 52.472 -0.0864469 0.9962554 0.001459021 -2.559908 -0.0298143 -0.004050883 0.9995472 -0.9884594
0.9953991 0.08974646 0.03356032 53.90495 -0.08986613 0.9959517 0.002071703 -2.71503 -0.03323853 -0.005078108 0.9994345 -1.032349
0.9950728 0.09356065 0.03281187 55.33637 -0.09376018 0.9955842 0.004592692 -2.848123 -0.03223728 -0.007646509 0.999451 -1.057223
0.9946615 0.09840307 0.03107228 56.76472 -0.09868699 0.9950883 0.007736176 -3.006287 -0.0301584 -0.01076131 0.9994872 -1.112121
0.9942667 0.1030949 0.02837524 58.18076 -0.1033 0.994633 0.00585728 -3.159502 -0.0276191 -0.008754862 0.9995802 -1.13979
0.9938671 0.1069763 0.02800504 59.61907 -0.1070955 0.9942448 0.002785205 -3.324524 -0.02754592 -0.005767338 0.9996039 -1.180653
0.9933208 0.111287 0.03047831 61.06177 -0.1114219 0.9937693 0.002757959 -3.48495 -0.02998149 -0.00613549 0.9995316 -1.157396
0.9927506 0.1160437 0.03130671 62.48678 -0.1163603 0.993171 0.008481643 -3.675639 -0.03010867 -0.01206301 0.9994738 -1.210678
0.9920665 0.1210406 0.03395947 63.90622 -0.1214408 0.9925486 0.009975142 -3.871116 -0.03249903 -0.01402007 0.9993734 -1.23997
0.9915645 0.1253631 0.03292539 65.3196 -0.1259122 0.9919255 0.01516031 -4.066222 -0.03075899 -0.01917813 0.9993428 -1.303676
0.9910278 0.1301719 0.03031977 66.75253 -0.1305761 0.9913685 0.01174928 -4.27197 -0.02852864 -0.0156029 0.9994712 -1.354437
0.99032 0.13536 0.03072538 68.19858 -0.1357588 0.9906778 0.01127554 -4.482187 -0.0289127 -0.01533763 0.9994643 -1.409139
0.9896617 0.1402352 0.03006361 69.63865 -0.1405389 0.9900411 0.008227551 -4.694967 -0.02861042 -0.0123676 0.9995141 -1.431242
0.988916 0.1450589 0.03167103 71.06539 -0.1453715 0.9893464 0.007787708 -4.918499 -0.03020395 -0.01230545 0.999468 -1.462612
0.9882742 0.1496691 0.03022033 72.50458 -0.1499728 0.9886576 0.008034669 -5.148193 -0.02867501 -0.01247268 0.9995109 -1.503753
0.9874579 0.1545656 0.03219447 73.94998 -0.154927 0.9878845 0.009037543 -5.394236 -0.03040753 -0.01391199 0.9994408 -1.538738
0.9867223 0.1594564 0.03086738 75.39577 -0.1597743 0.9871203 0.008105373 -5.646743 -0.02917736 -0.01292957 0.9994906 -1.576528
0.9858763 0.1640424 0.03373356 76.82895 -0.1643496 0.9863806 0.006526293 -5.906145 -0.03220354 -0.01197821 0.9994096 -1.600989
0.9851647 0.1680529 0.0347667 78.2841 -0.168386 0.9856972 0.006863505 -6.165823 -0.03311601 -0.01261591 0.9993719 -1.63767
0.9843194 0.1728336 0.03526653 79.71591 -0.1731739 0.9848676 0.006810485 -6.434927 -0.03355579 -0.01281094 0.9993547 -1.678201
0.9836841 0.1764175 0.03524886 81.18845 -0.1767965 0.9842156 0.007915568 -6.711885 -0.03329603 -0.01401829 0.9993472 -1.717281
0.9830227 0.1805995 0.03240582 82.6343 -0.1808658 0.9834927 0.005460174 -6.982306 -0.03088478 -0.01122858 0.9994599 -1.738757
0.9823065 0.1847609 0.03061726 84.10692 -0.1850575 0.9827019 0.007130126 -7.278904 -0.02877027 -0.01266992 0.9995058 -1.765743
0.9814783 0.1896408 0.02714147 85.57369 -0.1899123 0.9817703 0.007778022 -7.574171 -0.02517166 -0.01278846 0.9996014 -1.804628
0.9807217 0.1932461 0.02899849 87.04695 -0.1935301 0.9810673 0.007302213 -7.878548 -0.02703834 -0.01277352 0.9995528 -1.86432
0.9800193 0.197205 0.02592901 88.53129 -0.1973575 0.9803255 0.003435858 -8.188809 -0.0247413 -0.008484492 0.9996579 -1.883961
0.9792228 0.2009013 0.02759469 90.03478 -0.2008048 0.9796112 -0.006254923 -8.503248 -0.0282887 0.0005838154 0.9995996 -1.915702
0.9782833 0.2052064 0.0291898 91.5302 -0.2053295 0.9786922 0.001252089 -8.841021 -0.02831088 -0.007218424 0.9995731 -1.90888
0.9774403 0.2094082 0.02754293 93.00228 -0.209916 0.977571 0.01702598 -9.16727 -0.02335979 -0.02242359 0.9994756 -1.895162
0.9764509 0.2135065 0.03096013 94.49767 -0.214156 0.9766066 0.01940915 -9.518803 -0.02609188 -0.02558238 0.9993321 -2.041544
0.9756986 0.21695 0.03074001 96.01121 -0.2174299 0.9759867 0.013199 -9.876604 -0.02713832 -0.01956205 0.9994403 -2.048807
0.9750749 0.2199539 0.02914217 97.53417 -0.220219 0.9754308 0.006180258 -10.22612 -0.0270668 -0.01244387 0.9995562 -2.088672
0.973998 0.2240333 0.03371981 99.0359 -0.2242858 0.9745158 0.003855625 -10.58545 -0.0319967 -0.01131825 0.9994239 -2.115736
0.9730884 0.2282983 0.03128754 100.5432 -0.2286315 0.9734845 0.007471849 -10.94499 -0.02875212 -0.01442408 0.9994825 -2.126441
0.9720558 0.2323124 0.03374201 102.0652 -0.2328345 0.972437 0.01241509 -11.3297 -0.0299278 -0.01992446 0.9993535 -2.187926
0.9711086 0.2363892 0.03268369 103.5779 -0.2369975 0.9713762 0.01613975 -11.7282 -0.02793289 -0.0234194 0.9993354 -2.230731
0.9701442 0.2396972 0.03695384 105.1175 -0.2402484 0.9706466 0.0112096 -12.12624 -0.03318221 -0.01975302 0.9992541 -2.303394
0.969025 0.2438883 0.03884532 106.6426 -0.2443621 0.9696521 0.007884041 -12.53055 -0.03574361 -0.01713216 0.9992141 -2.32647
0.9678957 0.2479247 0.04136795 108.1826 -0.2483706 0.9686469 0.005931074 -12.93619 -0.03860048 -0.01601525 0.9991264 -2.367572
0.9668635 0.2517782 0.04222198 109.7053 -0.2523106 0.9676156 0.007707269 -13.35364 -0.03891412 -0.01810493 0.9990785 -2.387226
0.9654915 0.2566395 0.04429821 111.2227 -0.2573636 0.9662474 0.01140251 -13.78018 -0.0398767 -0.02240977 0.9989533 -2.416275
0.9641576 0.2607616 0.04902468 112.7282 -0.2616521 0.9650798 0.01260803 -14.20965 -0.04402504 -0.02498354 0.998718 -2.489668
0.9628442 0.2648281 0.05288853 114.2904 -0.2657922 0.9639559 0.01198537 -14.64936 -0.04780814 -0.0255974 0.9985285 -2.505624
0.9615567 0.2693711 0.05336606 115.7978 -0.270247 0.9627411 0.009802269 -15.10698 -0.04873725 -0.02384746 0.9985269 -2.594632
0.9599077 0.2739246 0.05951899 117.3277 -0.2748812 0.9614416 0.008367803 -15.55912 -0.0549319 -0.02439297 0.9981921 -2.59656
0.9582954 0.2784829 0.06416504 118.868 -0.2794994 0.9601184 0.007268994 -16.01937 -0.05958174 -0.02489993 0.9979128 -2.640889
0.9569139 0.2835364 0.06263337 120.3699 -0.284558 0.9586267 0.007853724 -16.49085 -0.05781521 -0.02533817 0.9980057 -2.686422
0.9554417 0.2880568 0.06445455 121.8963 -0.2890522 0.9572912 0.006489143 -16.96024 -0.05983254 -0.02483073 0.9978995 -2.720918
0.9540424 0.2929688 0.06302726 123.4182 -0.2936756 0.9559029 0.002051679 -17.44608 -0.05964686 -0.02046696 0.9980097 -2.763376
0.9526371 0.2978349 0.06145591 124.9296 -0.2985663 0.9543847 0.002868054 -17.9362 -0.05779837 -0.02108088 0.9981057 -2.777796
0.9507353 0.3032752 0.06423756 126.4221 -0.3040703 0.9526455 0.002749693 -18.44489 -0.06036171 -0.02214697 0.9979308 -2.811805
0.9487946 0.3076635 0.07163747 127.9385 -0.3087815 0.9511207 0.004817352 -18.9626 -0.06665376 -0.026691 0.9974191 -2.844939
0.9468877 0.312786 0.07462253 129.4399 -0.3142164 0.9493181 0.007962515 -19.48582 -0.06834995 -0.03098723 0.99718 -2.894468
0.9458036 0.317057 0.07021686 130.954 -0.3190493 0.9475484 0.01895802 -20.00313 -0.06052311 -0.04033321 0.9973516 -2.917834
0.944475 0.3212573 0.06899852 132.4617 -0.3233188 0.9460608 0.0208365 -20.53753 -0.05858291 -0.04198807 0.9973992 -3.006021
0.9429861 0.3263419 0.06540823 134.0028 -0.327837 0.9446406 0.01329962 -21.0861 -0.05744705 -0.03398459 0.99777 -3.045406
0.9415848 0.3300831 0.06680653 135.5121 -0.3313682 0.94346 0.008846892 -21.63396 -0.06010909 -0.03046766 0.9977267 -3.075556
0.9400618 0.3341036 0.06825344 137.0551 -0.3353406 0.9420693 0.007209546 -22.20184 -0.06189073 -0.02966557 0.997642 -3.100823
0.9383401 0.3384193 0.07064158 138.5874 -0.3402052 0.9402373 0.01463162 -22.77719 -0.06146824 -0.03776207 0.9973944 -3.140872
0.9365708 0.3428991 0.07249333 140.1246 -0.3449037 0.9384872 0.01683417 -23.3707 -0.06226164 -0.04076961 0.9972268 -3.187835
0.9351479 0.3466684 0.07293465 141.6804 -0.348538 0.9371856 0.01428548 -23.96658 -0.06340099 -0.03877953 0.9972344 -3.242154
0.9337319 0.3512706 0.06894739 143.226 -0.3527572 0.9356581 0.01031994 -24.56551 -0.06088609 -0.03395774 0.9975669 -3.28
0.9323754 0.3553513 0.06634392 144.8052 -0.3569562 0.93402 0.01374692 -25.16976 -0.05708156 -0.03649916 0.9977021 -3.354419
0.9308314 0.3606436 0.05906812 146.3569 -0.3620211 0.9320617 0.0141961 -25.79638 -0.04993541 -0.03459809 0.998153 -3.38106
0.929198 0.3652556 0.05638634 147.9121 -0.3666672 0.9302011 0.01676254 -26.42024 -0.04632803 -0.03625074 0.9982683 -3.455168
0.9274933 0.3701265 0.05255943 149.5025 -0.3711954 0.9284781 0.01192803 -27.06977 -0.04438541 -0.03057298 0.9985465 -3.469547
0.9256983 0.3746568 0.05210434 151.0678 -0.3755861 0.9267439 0.008993876 -27.71919 -0.04491776 -0.02789528 0.9986011 -3.515994
0.9235998 0.3795495 0.0539021 152.6273 -0.3804164 0.9247929 0.006453266 -28.38274 -0.04739894 -0.02646548 0.9985254 -3.546456
0.9217755 0.3834952 0.05710915 154.1697 -0.3846732 0.9229889 0.01086613 -29.04425 -0.04854401 -0.03198449 0.9983088 -3.617086
0.9197446 0.3884328 0.05647833 155.728 -0.3898214 0.9207575 0.01564672 -29.72383 -0.04592515 -0.03640745 0.9982812 -3.676519
0.9179179 0.39311 0.05377077 157.282 -0.3943243 0.9188681 0.0137837 -30.40954 -0.04398973 -0.03385543 0.9984581 -3.712285
0.9154415 0.3987074 0.05476515 158.837 -0.3997068 0.9166061 0.008227742 -31.11653 -0.04691761 -0.02942202 0.9984654 -3.753256
0.9135153 0.4031902 0.05410643 160.3945 -0.4040071 0.914744 0.004636502 -31.8165 -0.04762414 -0.0260949 0.9985244 -3.784738
0.9115442 0.40763 0.05408325 161.9389 -0.4085617 0.9127043 0.006960237 -32.52019 -0.0465248 -0.02844091 0.9985121 -3.822557
0.9091254 0.4128887 0.05489822 163.4861 -0.4138786 0.9103009 0.007553522 -33.25232 -0.04685513 -0.0295883 0.9984634 -3.869872
0.9072078 0.4171237 0.05460515 165.0207 -0.4181177 0.9083602 0.007711304 -33.95699 -0.04638457 -0.02982713 0.9984782 -3.92575
0.9049576 0.4218832 0.05537431 166.574 -0.4228148 0.9061977 0.005776149 -34.70868 -0.04774321 -0.02864025 0.998449 -3.928555
0.9027548 0.4268004 0.05362011 168.1193 -0.4277901 0.9038427 0.008003778 -35.46131 -0.04504813 -0.0301636 0.9985293 -4.005746
0.9006655 0.4312026 0.05353506 169.6451 -0.4321242 0.9017912 0.006438902 -36.19912 -0.04550098 -0.02893309 0.9985452 -4.029238
0.8983765 0.4361055 0.0522649 171.194 -0.4370951 0.8993733 0.008694613 -36.9728 -0.04321389 -0.03065577 0.9985954 -4.069987
0.8963678 0.4399351 0.05460659 172.7148 -0.4409085 0.8975275 0.006635432 -37.74103 -0.04609176 -0.0300243 0.9984859 -4.117023
0.8940382 0.4447046 0.05416121 174.231 -0.4457624 0.8951093 0.008665345 -38.5097 -0.04462668 -0.03189018 0.9984946 -4.147209
0.8917801 0.4491989 0.05430024 175.7563 -0.4503259 0.8928081 0.01000402 -39.29859 -0.04398591 -0.0333742 0.9984745 -4.176175
0.8898119 0.4531475 0.05377935 177.2518 -0.454386 0.8907113 0.0129118 -40.07998 -0.04205092 -0.03592566 0.9984694 -4.305917
0.8876674 0.4578053 0.04960626 178.7936 -0.4589655 0.8883339 0.01460981 -40.87794 -0.03737848 -0.03573621 0.998662 -4.284881
0.8854323 0.4624157 0.04670522 180.2887 -0.4633611 0.8860971 0.01134156 -41.70419 -0.03614084 -0.03168356 0.9988443 -4.378325
0.8832014 0.4665439 0.0478755 181.8159 -0.4674266 0.88399 0.008597853 -42.52341 -0.03831019 -0.02997192 0.9988163 -4.355785
0.8814085 0.4698046 0.04901749 183.3289 -0.4706939 0.8822621 0.007810956 -43.34422 -0.03957665 -0.02995688 0.9987674 -4.455918
0.8803493 0.4712263 0.054137 184.8686 -0.4723483 0.8813614 0.009435967 -44.17171 -0.04326779 -0.03387847 0.9984889 -4.437352
0.8804124 0.4708827 0.05606687 186.3777 -0.4723727 0.8812464 0.01639161 -45.00777 -0.04169021 -0.04091583 0.9982924 -4.51279
0.8807473 0.470547 0.05356879 187.8775 -0.4717932 0.8816154 0.01286382 -45.82668 -0.04117404 -0.03660316 0.9984813 -4.613549
0.8802109 0.4720546 0.04892027 189.3908 -0.4732154 0.8808186 0.01502087 -46.67813 -0.03599922 -0.03637137 0.9986897 -4.639968
0.8800151 0.4724936 0.04819995 190.931 -0.4734742 0.8807418 0.01077897 -47.52245 -0.03735871 -0.03230709 0.9987795 -4.666209
0.879472 0.4736748 0.04648913 192.4509 -0.4745614 0.8801693 0.009667386 -48.3608 -0.0363391 -0.03056414 0.998872 -4.729223
0.878489 0.4750873 0.05049038 193.97 -0.4760841 0.8793514 0.009229888 -49.22155 -0.04001378 -0.03214602 0.9986819 -4.715153
0.8777025 0.4759715 0.05558269 195.4903 -0.4770415 0.8788526 0.007047989 -50.06986 -0.04549435 -0.03270129 0.9984292 -4.804784
0.8770761 0.4768938 0.05753092 197.0321 -0.4777648 0.8784863 0.001587888 -50.93786 -0.04978287 -0.02887894 0.9983425 -4.800861
0.8761057 0.4782488 0.06096575 198.5388 -0.4794294 0.877563 0.005533264 -51.78758 -0.05085501 -0.0340765 0.9981245 -4.921216
0.8751166 0.480548 0.05696023 200.0709 -0.4816123 0.8763652 0.005818909 -52.63919 -0.04712169 -0.03252497 0.9983595 -4.887591
0.8736756 0.4829824 0.0584717 201.5808 -0.4841757 0.8749396 0.007389881 -53.51261 -0.04759002 -0.03476693 0.9982617 -4.962712
0.8728071 0.4843683 0.05995829 203.1011 -0.4855244 0.8742056 0.005531394 -54.37167 -0.04973664 -0.03393905 0.9981856 -4.979429
0.8713459 0.4866369 0.06277549 204.6186 -0.4879797 0.8728255 0.00716799 -55.2496 -0.05130384 -0.03687896 0.9980019 -5.03192
0.8703618 0.4885036 0.06192389 206.1359 -0.4895748 0.8719578 0.002465007 -56.11596 -0.05279086 -0.03246183 0.9980778 -5.046196
0.8691044 0.4906078 0.06294028 207.625 -0.4917161 0.870752 0.002461826 -57.01431 -0.05359759 -0.03308834 0.9980143 -5.104699
0.8682427 0.492142 0.06285508 209.1489 -0.4931352 0.8699527 0.0003312193 -57.89927 -0.05451793 -0.03128363 0.9980226 -5.144761
0.867366 0.4930982 0.0673089 210.6718 -0.4944646 0.8691872 0.004264578 -58.75278 -0.05640119 -0.03698082 0.997723 -5.165254
0.8663609 0.4951604 0.06507619 212.1673 -0.4964024 0.8680857 0.003408501 -59.65959 -0.05480397 -0.03525697 0.9978745 -5.178462
0.8649732 0.4972713 0.06739876 213.661 -0.4987282 0.8667399 0.005662577 -60.55359 -0.05560136 -0.03851164 0.99771 -5.265566
0.864175 0.4987119 0.06699261 215.1713 -0.4999623 0.8660445 0.00221283 -61.43264 -0.05691501 -0.03540605 0.997751 -5.274465
0.8632623 0.500779 0.0632348 216.6604 -0.5021453 0.8647563 0.006820951 -62.33191 -0.0512669 -0.03764133 0.9979753 -5.33803
0.8621713 0.5029268 0.06103517 218.1724 -0.5041322 0.8636111 0.005161571 -63.22327 -0.05011475 -0.03521995 0.9981223 -5.358563
0.8610346 0.5050336 0.05966999 219.674 -0.5061728 0.8624191 0.00471789 -64.12328 -0.04907785 -0.03426559 0.998207 -5.400641
0.8595941 0.507115 0.06270826 221.1561 -0.508303 0.8611709 0.003532184 -65.02252 -0.05221131 -0.03491104 0.9980257 -5.429595
0.8582546 0.5094234 0.06234467 222.6472 -0.5106573 0.8597722 0.00458623 -65.92936 -0.05126588 -0.03577291 0.9980441 -5.468677
0.8568527 0.5120204 0.06032117 224.1278 -0.5132331 0.8582314 0.005523018 -66.83353 -0.04894163 -0.03569124 0.9981638 -5.51782
0.8546423 0.5159432 0.05821751 225.6081 -0.5170851 0.8559165 0.005470373 -67.75549 -0.04700692 -0.03477861 0.9982889 -5.56587
0.8530947 0.5188238 0.05523881 227.08 -0.5197653 0.8543031 0.003190449 -68.66453 -0.04553541 -0.03143297 0.9984681 -5.600736
0.8503233 0.5233813 0.05497492 228.5376 -0.5243844 0.8514694 0.004606719 -69.58158 -0.04439839 -0.03274519 0.9984771 -5.64821
0.8486351 0.5267005 0.04904165 230.0191 -0.5275499 0.8495073 0.005331088 -70.50916 -0.03885335 -0.03039607 0.9987825 -5.659128
0.8456367 0.5315457 0.04855648 231.4671 -0.5322316 0.8465976 0.001427966 -71.45306 -0.04034877 -0.02705084 0.9988194 -5.732261
0.8436477 0.5349339 0.04587149 232.9298 -0.5354695 0.8445543 -0.0007217648 -72.38702 -0.03912706 -0.02395387 0.9989471 -5.727674
0.8408221 0.5394309 0.0450828 234.3917 -0.5399829 0.841676 7.734727e-05 -73.33837 -0.03790339 -0.02440897 0.9989833 -5.764368
0.8385584 0.5431956 0.04193179 235.8403 -0.5436555 0.8393083 -0.0005174046 -74.29129 -0.03547475 -0.02236257 0.9991204 -5.7747
0.8354762 0.5477098 0.04464879 237.2614 -0.5482953 0.836284 0.001047801 -75.25513 -0.03676518 -0.02535614 0.9990022 -5.831598
0.832906 0.5516375 0.04431266 238.7079 -0.5520802 0.8337867 -0.002642179 -76.22573 -0.03840483 -0.02226346 0.9990142 -5.838447
0.8301404 0.5555742 0.04694992 240.1403 -0.5560379 0.8311485 -0.003730101 -77.21034 -0.0410947 -0.02300943 0.9988903 -5.874417
0.8283262 0.5584347 0.0450152 241.5889 -0.5589055 0.8292276 -0.002517735 -78.19212 -0.03873383 -0.02307374 0.9989831 -5.894475
0.8267809 0.5609993 0.04139139 243.0113 -0.5614173 0.8275309 -0.001815113 -79.17336 -0.03527093 -0.02173714 0.9991413 -5.91604
0.8262305 0.5620431 0.03808674 244.4369 -0.5624301 0.8268446 -0.000667613 -80.16159 -0.03186704 -0.02086953 0.9992742 -5.959972
0.8254891 0.5631738 0.03745599 245.8716 -0.563432 0.8261514 -0.004267438 -81.1506 -0.03334763 -0.01758118 0.9992892 -5.965163
0.8251522 0.5640876 0.0304805 247.2903 -0.5642456 0.8255974 -0.003965443 -82.13518 -0.02740148 -0.0139264 0.9995275 -5.984421
0.8243753 0.5648616 0.03656235 248.7396 -0.5649034 0.8250943 -0.01016545 -83.14214 -0.03590946 -0.01227405 0.9992797 -6.013223
0.8240407 0.5655838 0.03274065 250.1813 -0.5657222 0.8245759 -0.005759789 -84.15027 -0.03025479 -0.01377581 0.9994473 -5.965029
0.8229855 0.5664956 0.04216233 251.6061 -0.5669091 0.8237764 -0.002553258 -85.15399 -0.03617874 -0.02180092 0.9991075 -6.043669
0.8219432 0.5683833 0.03674142 253.0282 -0.5686951 0.8225452 -0.002335053 -86.1751 -0.03154868 -0.01897539 0.9993221 -6.039467
0.8215013 0.5688936 0.03867523 254.4816 -0.5691313 0.8222274 -0.005632323 -87.18596 -0.03500402 -0.01738432 0.999236 -6.087893
0.8215047 0.5690793 0.0357574 255.9333 -0.5690199 0.8222238 -0.01281397 -88.20981 -0.03669276 -0.00981993 0.9992784 -6.067373
0.8206159 0.5703671 0.03564858 257.3731 -0.570612 0.8212107 -0.003879614 -89.22985 -0.0314878 -0.01715783 0.9993569 -6.087101
0.8208125 0.5703768 0.03061126 258.8245 -0.570447 0.8213024 -0.007246385 -90.2598 -0.02927428 -0.01151418 0.9995051 -6.104182
0.8201567 0.5712199 0.03241675 260.2725 -0.5714585 0.8206279 -0.002266125 -91.28294 -0.02789655 -0.01666625 0.9994718 -6.128722
0.8201093 0.5713878 0.03060676 261.7494 -0.5714384 0.8206067 -0.007928226 -92.33244 -0.0296462 -0.01098787 0.9995 -6.133292
0.8196747 0.5718414 0.0336284 263.2018 -0.5720842 0.82019 -0.002845475 -93.36855 -0.02920884 -0.01690591 0.9994304 -6.167243
0.819571 0.5721781 0.03025878 264.6667 -0.5723655 0.8199934 -0.002912817 -94.41204 -0.02647865 -0.01493182 0.9995378 -6.175907
0.8193874 0.5724894 0.0293278 266.1161 -0.5726833 0.8197738 -0.002125744 -95.44749 -0.02525913 -0.01505373 0.9995676 -6.223498
0.8188922 0.573143 0.03037515 267.5998 -0.5732819 0.8193443 -0.004786479 -96.50927 -0.02763105 -0.01349392 0.9995271 -6.220108
0.8181689 0.5737125 0.03812675 269.0596 -0.574054 0.8188139 -0.002376329 -97.5602 -0.03258204 -0.01994257 0.9992701 -6.264188
0.8182282 0.5739052 0.03369396 270.5306 -0.5740029 0.8188174 -0.007664866 -98.59843 -0.03198811 -0.01306882 0.9994028 -6.235845
0.8174791 0.5748435 0.03581688 272.0175 -0.5752996 0.817937 0.003061088 -99.66883 -0.0275363 -0.02310781 0.9993537 -6.312147
0.8173755 0.5753638 0.02921922 273.5103 -0.575555 0.8177601 -0.002225076 -100.7349 -0.02517454 -0.01499854 0.9995705 -6.330901
0.8167952 0.5762299 0.02836594 274.997 -0.5764363 0.8171414 -0.001088679 -101.7974 -0.02380631 -0.01546193 0.999597 -6.366013
0.8169196 0.5761555 0.02621265 276.4816 -0.5761995 0.8172824 -0.006602628 -102.862 -0.02522728 -0.0097099 0.9996346 -6.369323
0.8168383 0.5762071 0.0275787 277.9693 -0.5764316 0.8171453 0.0002296688 -103.9308 -0.02240347 -0.01608483 0.9996196 -6.411612
0.8162658 0.5770017 0.02791411 279.4601 -0.5771909 0.816608 -0.001538542 -105.0173 -0.02368262 -0.01485591 0.9996091 -6.418729
0.8162947 0.5768441 0.03023122 280.963 -0.5770336 0.8167151 -0.002905133 -106.0957 -0.0263661 -0.01507299 0.9995387 -6.46096
0.8160841 0.5768436 0.03546945 282.4478 -0.576972 0.8167293 -0.007536846 -107.1785 -0.03331652 -0.01431418 0.9993423 -6.456416
0.8163053 0.5764854 0.03619673 283.9584 -0.576771 0.8169003 -0.003031963 -108.2727 -0.031317 -0.01840222 0.9993401 -6.493759
0.816216 0.576357 0.0400499 285.463 -0.5767096 0.8169425 -0.003270082 -109.3613 -0.0346032 -0.02042807 0.9991924 -6.521619
0.8166152 0.5759367 0.03790239 286.9816 -0.5762349 0.8172762 -0.003616187 -110.4631 -0.03305941 -0.01888765 0.9992749 -6.536316
0.8164691 0.5757967 0.04285402 288.4843 -0.5762059 0.8172977 -0.003336995 -111.5527 -0.03694593 -0.02196819 0.9990758 -6.557364
0.8166921 0.5753706 0.04430238 290.0133 -0.5758795 0.8175333 -0.001541561 -112.6387 -0.03710563 -0.02425385 0.999017 -6.587859
0.8171642 0.574551 0.0461917 291.5345 -0.57502 0.8181309 -0.003726364 -113.7353 -0.03993184 -0.0235161 0.9989256 -6.624169
0.816825 0.5750119 0.0464568 293.0609 -0.575507 0.8177904 -0.003244306 -114.8293 -0.03985744 -0.02408618 0.998915 -6.640459
0.8174609 0.5743345 0.04356252 294.6024 -0.5748005 0.8182907 -0.00219494 -115.9311 -0.03690743 -0.02324548 0.9990483 -6.666034
0.8180763 0.5736321 0.04119973 296.1396 -0.574031 0.8188295 -0.002566488 -117.0328 -0.03520778 -0.02155034 0.9991477 -6.690821
0.8185208 0.5731073 0.03964625 297.6858 -0.5734857 0.8192127 -0.002189772 -118.1367 -0.03373369 -0.02094419 0.9992114 -6.715456
0.8191717 0.5719736 0.04247323 299.2263 -0.5724507 0.8199384 -0.00112354 -119.2414 -0.03546807 -0.02339346 0.999097 -6.73979
0.8195446 0.5714098 0.04286537 300.7626 -0.5719612 0.8202803 0.0007329164 -120.3477 -0.03474283 -0.02511799 0.9990806 -6.79368
0.8199416 0.5708557 0.04265623 302.3134 -0.5712553 0.8207657 -0.003346646 -121.4405 -0.03692122 -0.02162354 0.9990842 -6.810423
0.8209128 0.569452 0.04273801 303.87 -0.5698387 0.8217483 -0.00370147 -122.5423 -0.03722769 -0.02131519 0.9990795 -6.837507
0.8208462 0.5695979 0.04206856 305.4145 -0.5700082 0.8216345 -0.002668131 -123.6441 -0.03608475 -0.0217893 0.9991112 -6.842519
0.8211411 0.5692407 0.04113624 306.971 -0.5696846 0.8218627 -0.00112584 -124.7427 -0.03444922 -0.02251021 0.9991529 -6.906265
0.8212235 0.5691213 0.04114414 308.5258 -0.5694786 0.8219984 -0.003587083 -125.8506 -0.0358619 -0.02048491 0.9991468 -6.90038
0.8214123 0.5689966 0.03904805 310.0841 -0.5693926 0.8220649 -0.001177352 -126.9554 -0.03276994 -0.02126658 0.9992366 -6.941227
0.8215692 0.5687382 0.03950921 311.6488 -0.5691239 0.8222497 -0.001775805 -128.0524 -0.03349641 -0.02102669 0.9992176 -6.960206
0.8210439 0.5698057 0.03476136 313.1982 -0.5701295 0.8215547 -0.0007222332 -129.1606 -0.02896988 -0.01922549 0.9993954 -7.003272
0.8212371 0.5692795 0.03860789 314.7594 -0.5695761 0.8219295 -0.003897845 -130.2676 -0.03395192 -0.01878908 0.9992468 -7.033661
0.8212827 0.56943 0.03527391 316.3294 -0.5697095 0.8218423 -0.002524278 -131.3756 -0.03042699 -0.01802273 0.9993745 -7.039114
0.820816 0.5697687 0.04030698 317.8732 -0.5702617 0.8214624 0.0009008301 -132.479 -0.03259741 -0.02372494 0.9991869 -7.101193
0.8207722 0.570007 0.03774928 319.4363 -0.5704579 0.8213255 0.001451783 -133.5855 -0.03017692 -0.02272596 0.9992862 -7.114674
0.8204859 0.5703632 0.038584 320.9841 -0.5708288 0.821068 0.00129611 -134.6824 -0.03094084 -0.0230883 0.9992545 -7.165789
0.819362 0.5719709 0.03866644 322.5312 -0.5723835 0.819986 -0.0004869495 -135.81 -0.03198446 -0.02173304 0.9992521 -7.180733
0.8193473 0.5706798 0.05472228 324.0903 -0.5712283 0.8207649 -0.006570569 -136.9218 -0.04866382 -0.02587534 0.99848 -7.238503
0.8197012 0.5706185 0.04984497 325.6281 -0.5712665 0.8207633 -0.00150161 -138.0211 -0.04176776 -0.02724389 0.9987558 -7.248909
0.8200927 0.5698302 0.05235908 327.1855 -0.5706419 0.8211987 0.0006775996 -139.103 -0.04261109 -0.03043398 0.9986281 -7.279529
0.8195003 0.5714732 0.04286652 328.7236 -0.5721434 0.8201425 0.004250544 -140.2116 -0.03272759 -0.02800912 0.9990718 -7.323106
0.8196878 0.5710232 0.04521509 330.2654 -0.5715954 0.8205358 -0.0003340598 -141.3132 -0.03729135 -0.02557091 0.9989772 -7.355261
0.8198606 0.5710443 0.04167787 331.8159 -0.5715184 0.8205891 -0.0006545158 -142.4143 -0.03457416 -0.02328306 0.9991309 -7.394339
0.8204798 0.5700467 0.04312347 333.3637 -0.5704799 0.8213071 -0.002695585 -143.5075 -0.03695422 -0.0223894 0.9990661 -7.425802
0.8207667 0.5697812 0.04112535 334.9077 -0.5703018 0.8214346 0.001138036 -144.6048 -0.03313335 -0.02438792 0.9991534 -7.451881
0.8209324 0.5694665 0.04216511 336.4462 -0.5699856 0.8216548 0.0003535748 -145.6929 -0.0344438 -0.02432377 0.9991106 -7.502134
0.8210747 0.5694302 0.03981951 337.9962 -0.5699725 0.821659 0.002827157 -146.7903 -0.03110819 -0.02501733 0.9992029 -7.523762
0.8212649 0.5689549 0.04259463 339.5348 -0.5694994 0.8219914 0.0007945504 -147.8807 -0.03456035 -0.02491015 0.9990921 -7.571562
0.8216885 0.5682074 0.04436594 341.0768 -0.5688363 0.8224485 0.001913726 -148.9705 -0.03540131 -0.02680944 0.9990135 -7.590338
0.8219793 0.5676132 0.04653157 342.6155 -0.5682994 0.8228196 0.001871257 -150.0548 -0.03722494 -0.027982 0.9989151 -7.641258
0.8221946 0.5673785 0.04558224 344.1489 -0.5681351 0.8229226 0.004588007 -151.15 -0.03490751 -0.02966911 0.9989501 -7.681639
0.8224844 0.567062 0.04427337 345.6877 -0.5677781 0.8231691 0.004530684 -152.235 -0.03387529 -0.02886387 0.9990092 -7.732851
0.8222341 0.5676815 0.04085075 347.2378 -0.5682989 0.8228102 0.004418261 -153.3344 -0.03110426 -0.02684828 0.9991555 -7.778288
0.8222057 0.5677883 0.03992887 348.7779 -0.5682977 0.8228213 0.001737107 -154.4162 -0.03186801 -0.02411974 0.999201 -7.812175
0.8219133 0.5683251 0.03827642 350.3079 -0.5688031 0.8224713 0.001980439 -155.4962 -0.03035572 -0.0233995 0.9992653 -7.840793
0.8216498 0.5684533 0.04186197 351.8355 -0.5691047 0.8222522 0.004605868 -156.586 -0.03180287 -0.02760826 0.9991128 -7.877697
0.8211874 0.5692305 0.04034678 353.3619 -0.5699212 0.821667 0.007293552 -157.6714 -0.0289999 -0.02898386 0.9991591 -7.922787
0.8213339 0.5691934 0.03780784 354.9 -0.5697414 0.8218104 0.004731729 -158.7661 -0.02837761 -0.02542702 0.9992738 -7.985497
0.8212375 0.569382 0.03705543 356.4347 -0.5698292 0.8217609 0.001865916 -159.8427 -0.02938829 -0.02264763 0.9993114 -8.00597
0.8209049 0.5696622 0.04000231 357.9486 -0.5702366 0.8214722 0.003712499 -160.9223 -0.03074591 -0.02585839 0.9991927 -8.019157
0.8210104 0.5697564 0.03632574 359.4651 -0.5703254 0.8213899 0.006907842 -162.001 -0.0259018 -0.0263889 0.9993162 -8.073133
0.8208599 0.5699695 0.03638352 360.9887 -0.5705521 0.8212283 0.007370852 -163.0728 -0.02567801 -0.02680913 0.9993107 -8.130742
0.8211975 0.5696531 0.03361481 362.4923 -0.5700837 0.8215765 0.004098378 -164.1324 -0.02528248 -0.02252883 0.9994265 -8.167193
0.8210196 0.5697702 0.03589886 363.9919 -0.5702726 0.8214417 0.004791506 -165.2023 -0.02675876 -0.02440605 0.9993439 -8.210207
0.820845 0.5700925 0.03475631 365.4784 -0.5705915 0.8212141 0.005731133 -166.2653 -0.0252751 -0.02453603 0.9993794 -8.237457
0.8208306 0.5700926 0.0350934 366.9623 -0.570649 0.8211582 0.007693729 -167.3163 -0.0244311 -0.02634126 0.9993544 -8.304373
0.8207452 0.5702204 0.03501619 368.4313 -0.5707493 0.8210975 0.006660501 -168.3735 -0.02495375 -0.02545204 0.9993646 -8.360249
0.8211132 0.569556 0.03713669 369.9064 -0.5700781 0.8215785 0.004407326 -169.4132 -0.02800049 -0.02478973 0.9993005 -8.394823
0.8216413 0.5687148 0.03832848 371.361 -0.5692894 0.8221208 0.005202759 -170.4485 -0.02855175 -0.0260948 0.9992517 -8.444476
0.8217812 0.5683598 0.04053178 372.8086 -0.5689309 0.8223792 0.003195945 -171.4722 -0.03151604 -0.02568615 0.9991732 -8.462469
0.8222808 0.5677671 0.0386632 374.234 -0.5682898 0.8228223 0.003164815 -172.488 -0.03001607 -0.02457427 0.9992473 -8.527929
0.8225393 0.5672746 0.04035692 375.6565 -0.5677948 0.8231684 0.001762107 -173.4879 -0.03222093 -0.02436385 0.9991838 -8.553722
0.8229443 0.5668111 0.03857316 377.0848 -0.567333 0.8234822 0.003229802 -174.4865 -0.02993362 -0.02454177 0.9992505 -8.598473
0.8234268 0.5663185 0.03537773 378.4981 -0.5667318 0.8238999 0.002047178 -175.472 -0.02798835 -0.02173539 0.9993719 -8.627702
0.8238146 0.5659665 0.0318024 379.9032 -0.5663447 0.8241603 0.003640285 -176.4528 -0.02415 -0.02101004 0.9994875 -8.677963
0.8241032 0.5657267 0.02840982 381.2952 -0.5660231 0.8243839 0.003005758 -177.4277 -0.02172016 -0.01855767 0.9995918 -8.715082
0.8245327 0.5650764 0.02888527 382.6651 -0.5653655 0.8248372 0.002295142 -178.3864 -0.02252872 -0.01822315 0.9995801 -8.755718
0.8254921 0.5639279 0.02341173 384.0472 -0.5641189 0.8256912 0.00193549 -179.3448 -0.01823939 -0.01480473 0.999724 -8.785995
0.8254336 0.5640879 0.02154749 385.4104 -0.5642905 0.825565 0.004324627 -180.3001 -0.01534938 -0.01572874 0.9997585 -8.863603
0.8259969 0.5633594 0.01884898 386.765 -0.5634373 0.8261575 -0.001392108 -181.226 -0.01635649 -0.009470344 0.9998214 -8.891688
0.8266846 0.5623401 0.01913548 388.0989 -0.5623384 0.8268856 -0.005977984 -182.1658 -0.01918452 -0.005818711 0.999799 -8.878476
0.826934 0.5614933 0.03008898 389.409 -0.5617754 0.827289 0.001131591 -183.0745 -0.0242569 -0.017839 0.9995466 -8.868617
0.8269944 0.5614612 0.02900917 390.7138 -0.5618937 0.8271587 0.009146864 -183.9928 -0.01885958 -0.02386447 0.9995373 -8.970448
0.8276021 0.5602544 0.0344923 392.0164 -0.5607417 0.8279712 0.00569906 -184.9052 -0.0253657 -0.02405782 0.9993887 -8.995031
0.8274084 0.5605845 0.03376867 393.3276 -0.5610785 0.8277358 0.006668973 -185.8125 -0.02421301 -0.02446483 0.9994074 -9.026871
0.8275192 0.5601736 0.03765144 394.6139 -0.5607879 0.8279262 0.007448281 -186.7176 -0.02700028 -0.02727806 0.9992632 -9.084549
0.8277226 0.5600244 0.03532653 395.9007 -0.5607222 0.8278909 0.01368284 -187.6044 -0.02158378 -0.03113396 0.9992821 -9.120163
0.827789 0.5599837 0.03440358 397.1887 -0.5607257 0.8278196 0.01735619 -188.5096 -0.01876078 -0.03365824 0.9992573 -9.196833
0.8278008 0.5602679 0.02908351 398.4757 -0.5608392 0.8277421 0.01739003 -189.3926 -0.01433057 -0.03070665 0.9994257 -9.284534
0.827617 0.5603247 0.03295928 399.7771 -0.5606377 0.8280611 0.0003079008 -190.291 -0.02711978 -0.01873304 0.9994566 -9.327016
0.8278887 0.5602651 0.02652043 401.0369 -0.560554 0.8281059 0.004425711 -191.1761 -0.01948216 -0.01853013 0.9996385 -9.290214
0.8273997 0.5607095 0.03185226 402.3254 -0.5611948 0.8276416 0.008349207 -192.0692 -0.02168078 -0.02478346 0.9994577 -9.344025
0.8276854 0.5602272 0.03289849 403.5779 -0.5606328 0.8280553 0.003905029 -192.9344 -0.02505407 -0.02167611 0.999451 -9.374659
0.8273047 0.5609323 0.03036231 404.8477 -0.5614579 0.8274138 0.01230552 -193.8178 -0.01821963 -0.02722757 0.9994632 -9.430072
0.8269161 0.5616028 0.02849627 406.1223 -0.562022 0.8270723 0.009080859 -194.6925 -0.01846864 -0.02352464 0.9995527 -9.486078
0.8268537 0.5617249 0.02789459 407.3772 -0.5621053 0.8270296 0.007733137 -195.5737 -0.01872575 -0.02207387 0.999581 -9.539534
0.8267108 0.5620093 0.02635733 408.6536 -0.5623283 0.8268912 0.006163048 -196.4431 -0.01833095 -0.01991653 0.9996336 -9.546052
0.8270931 0.5614373 0.02655366 409.9215 -0.5617505 0.8272876 0.005643268 -197.3214 -0.01879917 -0.01958404 0.9996315 -9.589185
0.8269448 0.5616722 0.02620243 411.1747 -0.562047 0.82705 0.009576563 -198.1997 -0.01629183 -0.02264629 0.9996108 -9.624236
0.8263333 0.5625268 0.02714583 412.4254 -0.5629575 0.8264037 0.01165206 -199.0729 -0.01587882 -0.02491044 0.9995636 -9.681716
0.8264397 0.5624334 0.02580855 413.6756 -0.5627851 0.8265575 0.008694297 -199.9415 -0.01644229 -0.02170998 0.9996291 -9.719846
0.8261198 0.5628139 0.02768592 414.9373 -0.5632119 0.8262641 0.008939686 -200.8318 -0.0178445 -0.02297829 0.9995767 -9.759818
0.8259407 0.5630557 0.02811212 416.1959 -0.5634179 0.8261464 0.006518509 -201.7033 -0.01955444 -0.02122277 0.9995835 -9.815828
0.825744 0.5632472 0.02999068 417.4294 -0.5636575 0.8259799 0.00686548 -202.5676 -0.02090474 -0.0225736 0.9995266 -9.843733
0.825427 0.5637343 0.02956127 418.6846 -0.5641629 0.8256224 0.008237854 -203.4513 -0.01976249 -0.02347712 0.999529 -9.875826
0.825305 0.5638152 0.03137075 419.9431 -0.5642306 0.8255978 0.005663092 -204.3286 -0.02270669 -0.02237412 0.9994918 -9.939218
0.8252253 0.5637693 0.03416732 421.192 -0.5642599 0.8255748 0.006086173 -205.2092 -0.02477647 -0.02430171 0.9993976 -9.9344
0.8247986 0.5643992 0.03406901 422.4386 -0.5649797 0.8250445 0.009978304 -206.085 -0.0224767 -0.02747839 0.9993697 -9.999331
0.8249013 0.5641091 0.03631478 423.7057 -0.5647418 0.8252126 0.00953805 -206.9667 -0.02458691 -0.02837642 0.9992949 -10.03164
0.8243005 0.5651125 0.03430106 424.9613 -0.5657774 0.8244463 0.01357517 -207.8578 -0.02060788 -0.03059679 0.9993193 -10.07172
0.8242849 0.565209 0.03306172 426.2198 -0.5657704 0.8244978 0.01035728 -208.7344 -0.02140528 -0.02724269 0.9993997 -10.12991
0.8237539 0.5656812 0.03787227 427.4751 -0.5663763 0.8240837 0.01019173 -209.6253 -0.02544465 -0.02984544 0.9992306 -10.1592
0.8229975 0.5665179 0.04162312 428.7379 -0.5671828 0.823575 0.005285027 -210.5231 -0.0312857 -0.02795748 0.9991194 -10.21623
0.8232486 0.5658836 0.04513848 430.0042 -0.5667242 0.8238734 0.00749663 -211.4144 -0.03294618 -0.03175266 0.9989526 -10.22335
0.8223822 0.5670523 0.04625227 431.2446 -0.5679827 0.8229904 0.009087717 -212.2878 -0.03291196 -0.03374406 0.9988884 -10.26714
0.8220848 0.5674936 0.04612536 432.5195 -0.5684993 0.8226025 0.01155502 -213.1862 -0.03138544 -0.03572144 0.9988688 -10.30902
0.8211761 0.569299 0.0396034 433.7819 -0.5701603 0.821404 0.01458404 -214.0799 -0.0242277 -0.03455636 0.999109 -10.33638
0.8206948 0.5700253 0.03913022 435.0609 -0.5707861 0.8210226 0.01118003 -214.9794 -0.0257539 -0.03151038 0.9991716 -10.41466
0.8200132 0.5710397 0.03862852 436.3338 -0.5717092 0.8204145 0.008277993 -215.8798 -0.02696434 -0.02887234 0.9992194 -10.43064
0.8191149 0.5723891 0.03770317 437.5963 -0.5730379 0.8194853 0.008471584 -216.7838 -0.02604814 -0.02854454 0.9992531 -10.47532
0.8184243 0.5731186 0.0414311 438.8583 -0.5738402 0.8189358 0.007178474 -217.6926 -0.02981529 -0.02964987 0.9991156 -10.5098
0.8177587 0.5739471 0.04307332 440.1466 -0.5747357 0.8183026 0.007722904 -218.6141 -0.03081447 -0.03107125 0.9990421 -10.54428
0.8177982 0.5739136 0.04277022 441.4137 -0.5746786 0.818347 0.007263104 -219.5116 -0.03083248 -0.03051888 0.9990585 -10.58709
0.8173271 0.574721 0.04089223 442.6868 -0.5754811 0.8177651 0.009035487 -220.4329 -0.02824736 -0.03091765 0.9991227 -10.63837
0.8166916 0.575828 0.03790704 443.9678 -0.576567 0.8169652 0.01176371 -221.3405 -0.02419486 -0.03146327 0.999212 -10.67207
0.8162028 0.5767226 0.03469853 445.237 -0.5773751 0.8163863 0.01229407 -222.2564 -0.02123714 -0.03006852 0.9993222 -10.71431
0.8153552 0.5779455 0.03427779 446.5041 -0.5786216 0.8154747 0.01406414 -223.1729 -0.01982437 -0.03130114 0.9993134 -10.75452
0.815078 0.5784723 0.03190018 447.7722 -0.5790284 0.815226 0.01152678 -224.0928 -0.01933793 -0.02786634 0.9994246 -10.8025
0.8143702 0.5792863 0.03505084 449.0364 -0.5799294 0.8145878 0.01134526 -225.0173 -0.02197983 -0.02956625 0.9993211 -10.85267
0.8136115 0.5802034 0.03742222 450.2953 -0.5809153 0.8138869 0.01121047 -225.9383 -0.0239531 -0.03086011 0.9992366 -10.89333
0.8128099 0.5809188 0.04328324 451.5484 -0.581823 0.8132378 0.01123581 -226.855 -0.02867248 -0.03431576 0.9989997 -10.9254
0.8119893 0.5819974 0.04418558 452.8053 -0.5830324 0.8123155 0.01472287 -227.7878 -0.02732396 -0.03771644 0.9989148 -11.00134
0.8107316 0.5834988 0.04736295 454.0559 -0.584685 0.8111093 0.01565181 -228.7112 -0.02928372 -0.04038183 0.9987551 -11.05689
0.8095652 0.585463 0.04286277 455.3152 -0.5864151 0.8098994 0.01341631 -229.6419 -0.02685978 -0.03599675 0.9989909 -11.08235
0.8073954 0.5878736 0.05017238 456.5587 -0.5889035 0.8081684 0.007515551 -230.5889 -0.03612954 -0.03561471 0.9987123 -11.13032
0.8055587 0.5899475 0.05511097 457.8001 -0.5907586 0.8068461 -0.001925923 -231.5282 -0.04560226 -0.03100583 0.9984784 -11.16192
