1.0 0.0 0.0 0.0 0.0 1.0 0.0 0.0 0.0 0.0 1.0 0.0
0.999998 -0.0004657382 -0.001961105 0.2796529 0.0004595588 0.999995 -0.003150281 0.1155124 0.001962562 0.003149374 0.9999931 -0.05187251
0.9999943 0.00103726 -0.003214867 0.9953779 -0.001059163 0.9999763 -0.006818785 0.1638885 0.003207718 0.006822151 0.9999716 -0.04024331
0.9999896 0.002067469 -0.004067695 1.168529 -0.00209393 0.9999765 -0.006511591 0.2380234 0.004054138 0.006520041 0.9999706 -0.069282
0.9999813 0.002718566 -0.005474018 1.395855 -0.002755318 0.9999737 -0.006717579 0.3210966 0.005455612 0.006732536 0.9999624 -0.04863833
0.9999619 0.00692987 -0.005302728 3.018156 -0.006930843 0.9999759 -0.0001652081 0.3008757 0.005301456 0.0002019542 0.9999859 -0.09965935
0.9999151 0.01072206 -0.0073985 4.779205 -0.01072777 0.9999422 -0.0007312713 0.2595729 0.007390232 0.0008105787 0.9999723 -0.1154157
0.9998664 0.01445288 -0.007635091 6.513684 -0.01445265 0.9998957 8.4974e-05 0.2403177 0.007635521 2.538462e-05 0.9999709 -0.1575352
0.9997973 0.01796726 -0.00908625 8.242484 -0.01800943 0.9998273 -0.004580365 0.1880555 0.009002385 0.004743075 0.9999482 -0.1697273
0.9997479 0.02178787 -0.005419268 9.975964 -0.02179673 0.9997611 -0.001580021 0.1420116 0.005383548 0.001697745 0.9999841 -0.2087266
0.9996734 0.0251217 -0.004682556 11.68579 -0.0251241 0.9996843 -0.0004552087 0.08142761 0.004669641 0.0005727051 0.9999889 -0.2311541
0.9995821 0.02888412 -0.001120348 13.41335 -0.02888317 0.9995824 0.0008628216 0.01807513 0.001144802 -0.000830102 0.999999 -0.275073
0.9994491 0.03314821 -0.001615423 15.14253 -0.0331489 0.9994503 -0.0004026204 -0.04905726 0.001601189 0.0004559481 0.9999986 -0.3133945
0.9993054 0.03726615 0.0001880965 16.86277 -0.03726562 0.999303 -0.002257526 -0.1223864 -0.0002720946 0.002248949 0.9999974 -0.3451647
0.9991363 0.04152874 -0.001429337 18.58299 -0.04152823 0.9991374 0.0003827411 -0.2048126 0.001443999 -0.0003230527 0.9999989 -0.3925424
0.9989132 0.04659046 -0.001357423 20.29848 -0.04658642 0.9989102 0.002870045 -0.3062521 0.00148966 -0.002803689 0.9999949 -0.4176717
0.998648 0.05195804 -0.00159363 22.00911 -0.05195105 0.998641 0.004150852 -0.4095656 0.001807134 -0.004062449 0.9999901 -0.4410067
0.9984165 0.05625156 -0.0004091334 23.73826 -0.05624973 0.9984102 0.003594887 -0.518492 0.000610701 -0.003566181 0.9999934 -0.4790484
0.9981812 0.06028578 1.963504e-06 25.46432 -0.06028511 0.9981699 0.004756691 -0.6264446 0.0002848009 -0.004748157 0.9999887 -0.5067856
0.9978219 0.06593184 0.002088699 27.18735 -0.0659433 0.9978054 0.006001571 -0.76711 -0.00168842 -0.006126235 0.9999798 -0.5646544
0.9974197 0.07174131 0.002689923 28.93652 -0.07175065 0.9974163 0.003556553 -0.9035047 -0.002427822 -0.00374038 0.99999 -0.5906212
0.9970374 0.07681172 0.004051484 30.67194 -0.0768237 0.9970405 0.002888752 -1.04528 -0.003817603 -0.003191444 0.9999876 -0.6426789
0.9965814 0.08256579 0.002880716 32.4189 -0.08257357 0.9965813 0.002692342 -1.200862 -0.002648573 -0.002921009 0.9999923 -0.6827163
0.9960249 0.0890481 0.002191918 34.13266 -0.08906291 0.995994 0.007985543 -1.36634 -0.001472039 -0.008149018 0.9999657 -0.7398241
0.9954321 0.09547257 5.633099e-05 35.84316 -0.09546965 0.9953967 0.008435431 -1.539984 0.0007492805 -0.008402276 0.9999644 -0.7786193
0.9949158 0.1007097 -0.0004271278 37.58387 -0.1007033 0.9948857 0.007825484 -1.723 0.001213046 -0.007742685 0.9999693 -0.8015934
0.9943348 0.1062941 1.027356e-05 39.2952 -0.1062915 0.9943105 0.006984407 -1.926761 0.0007321858 -0.00694593 0.9999756 -0.8475315
0.9938302 0.1109122 -1.670662e-05 41.01874 -0.1109079 0.9937929 0.008649746 -2.123079 0.0009759653 -0.008594526 0.9999626 -0.9080004
0.9932927 0.1156268 0.0003509899 42.72005 -0.1156263 0.9932656 0.007363957 -2.325078 0.0005028447 -0.007355149 0.9999728 -0.9452398
0.9926465 0.121023 -0.002522277 44.44662 -0.1209968 0.9926145 0.008738091 -2.560188 0.003561158 -0.008368649 0.9999586 -0.9996919
0.992081 0.1255673 -0.002840526 46.16633 -0.1255357 0.9920444 0.009417645 -2.789779 0.004000476 -0.00898648 0.9999516 -1.04523
0.9915891 0.1293775 -0.003552493 47.90749 -0.1293348 0.9915466 0.01037656 -3.019226 0.004864956 -0.00982982 0.9999399 -1.088829
0.9911238 0.1328818 -0.00400013 49.63386 -0.1328417 0.9910963 0.009022723 -3.272023 0.005163469 -0.008411252 0.9999513 -1.133642
0.9906536 0.1363424 -0.004017412 51.35365 -0.1362959 0.9906158 0.01018446 -3.525756 0.005368285 -0.009541711 0.99994 -1.196464
0.9902059 0.1394343 -0.007099141 53.07357 -0.1393691 0.9901999 0.008975472 -3.779063 0.008281058 -0.007898165 0.9999345 -1.245348
0.9897428 0.142482 -0.01039349 54.79528 -0.1423995 0.9897746 0.008284196 -4.028876 0.01146756 -0.006719195 0.9999117 -1.297763
0.9892477 0.1459051 -0.01002926 56.52999 -0.1458214 0.9892733 0.008621395 -4.295746 0.01117959 -0.007066214 0.9999126 -1.335512
0.9887622 0.1493087 -0.007494739 58.26339 -0.1492275 0.9887478 0.01042696 -4.575278 0.008967244 -0.009191368 0.9999176 -1.377694
0.9882255 0.1527014 -0.009631298 59.9971 -0.1525801 0.9882146 0.01228344 -4.854692 0.01139349 -0.01066926 0.9998782 -1.432823
0.9876212 0.1566529 -0.008019817 61.73135 -0.156579 0.9876232 0.009135982 -5.139641 0.009351735 -0.007767154 0.9999261 -1.472053
0.9869752 0.1606132 -0.009129505 63.4434 -0.1604991 0.9869618 0.01209719 -5.427778 0.01095344 -0.01047435 0.9998851 -1.561459
0.9862071 0.1653624 -0.007129197 65.15361 -0.1653266 0.9862244 0.005349389 -5.73857 0.007915576 -0.00409696 0.9999603 -1.564902
0.9856048 0.1686664 -0.01161241 66.87297 -0.1685256 0.9856217 0.01220361 -6.040825 0.01350378 -0.01007095 0.9998581 -1.666497
0.984862 0.1731768 -0.007534208 68.55623 -0.1731242 0.9848741 0.007151891 -6.361367 0.008658787 -0.005739271 0.9999461 -1.668752
0.9844236 0.1755116 -0.01028227 70.26438 -0.1754104 0.9844441 0.01004257 -6.662397 0.0118849 -0.008082527 0.9998967 -1.755231
0.9841194 0.1774046 -0.00605023 71.97722 -0.1773519 0.9841119 0.008365772 -6.984211 0.007438231 -0.007159899 0.9999467 -1.75581
0.9839277 0.1784608 -0.00615744 73.66119 -0.178394 0.9839073 0.01009165 -7.301856 0.007859315 -0.008831002 0.9999301 -1.861153
0.983906 0.1786229 -0.004777168 75.36651 -0.1785801 0.9838909 0.00824661 -7.627953 0.006173245 -0.007260782 0.9999546 -1.857517
0.9838065 0.179183 -0.004277171 77.04935 -0.179123 0.9837568 0.01172576 -7.956378 0.006308753 -0.01076974 0.9999221 -1.950693
0.9839048 0.1786365 -0.004498943 78.76555 -0.1785813 0.9838679 0.01060809 -8.283718 0.006321358 -0.009633923 0.9999336 -1.955145
0.9837912 0.1793073 -0.001945576 80.43871 -0.1792633 0.9837018 0.01398762 -8.60532 0.004421948 -0.01341213 0.9999003 -2.051459
0.9836672 0.1799097 -0.005603992 82.15569 -0.1798473 0.983642 0.01015737 -8.933992 0.007339732 -0.00898361 0.9999327 -2.086056
0.9834815 0.1809939 -0.002300741 83.86494 -0.1809605 0.9834338 0.01053232 -9.260435 0.004168912 -0.009941999 0.9999419 -2.140415
0.9832398 0.1822681 -0.004221963 85.56382 -0.1822176 0.9832048 0.01024103 -9.605347 0.006017667 -0.009300067 0.9999387 -2.188133
0.9831654 0.1827179 6.16436e-05 87.27136 -0.1827096 0.9831172 0.009896005 -9.925459 0.001747574 -0.009740671 0.999951 -2.23541
0.9829937 0.1836027 -0.003660327 88.98473 -0.1835602 0.9829603 0.009741067 -10.25281 0.005386442 -0.008903517 0.9999459 -2.281769
0.9827851 0.1847473 -0.001369635 90.68022 -0.1847235 0.9827355 0.01040152 -10.6149 0.003267642 -0.009969452 0.999945 -2.330647
0.9826939 0.1852059 -0.003380844 92.39101 -0.1851663 0.9826597 0.009652914 -10.94854 0.005109997 -0.008859841 0.9999477 -2.375219
0.982546 0.1860137 -0.001473101 94.12206 -0.1859891 0.9824979 0.01028993 -11.293 0.003361386 -0.009836349 0.999946 -2.434839
0.9825529 0.1859446 -0.003781105 95.82496 -0.1858948 0.9825102 0.01082147 -11.62735 0.005727166 -0.009929776 0.9999343 -2.480991
0.9824376 0.1865726 -0.002678281 97.55521 -0.1865377 0.9823972 0.009969727 -11.97131 0.004491214 -0.009295034 0.9999467 -2.534671
0.9824212 0.1865961 -0.005513929 99.28204 -0.1865248 0.9823838 0.0114241 -12.32441 0.007548486 -0.01019479 0.9999195 -2.606979
0.9821978 0.1878168 -0.003500943 100.991 -0.1877737 0.9821607 0.01007811 -12.65461 0.005331326 -0.009241312 0.9999431 -2.647264
0.9820185 0.188689 -0.006002746 102.7172 -0.1886182 0.9819918 0.0107463 -13.01017 0.007922354 -0.009420836 0.9999242 -2.70609
0.9818268 0.1897163 -0.004891645 104.4133 -0.1896789 0.9818197 0.007223499 -13.34757 0.006173128 -0.006164383 0.999962 -2.758172
0.9815583 0.1910593 -0.006302194 106.1321 -0.1909855 0.981534 0.01075192 -13.70904 0.008240072 -0.009350011 0.9999223 -2.806492
0.9811997 0.1928821 -0.00660606 107.8297 -0.1928074 0.9811802 0.01052456 -14.0552 0.008511734 -0.009052995 0.9999228 -2.844553
0.9807029 0.1953464 -0.007842056 109.5293 -0.1952082 0.980637 0.0156457 -14.41774 0.01074654 -0.01381295 0.9998468 -2.928781
0.9800519 0.198556 -0.008593708 111.217 -0.198457 0.980046 0.01116078 -14.76684 0.01063827 -0.009232659 0.9999008 -2.956895
0.979629 0.2006734 -0.007568828 112.9569 -0.2005933 0.9796216 0.01017826 -15.16119 0.009457096 -0.008452663 0.9999195 -3.028852
0.9794453 0.2016593 -0.004526704 114.6707 -0.201607 0.9794155 0.01000264 -15.50199 0.00645065 -0.008884427 0.9999397 -3.048544
0.9795063 0.2013956 -0.002713749 116.4037 -0.2013364 0.9794142 0.01453979 -15.87457 0.005586133 -0.01369543 0.9998906 -3.131134
0.9796343 0.2007723 -0.002643314 118.1095 -0.2007077 0.9795253 0.01569554 -16.27525 0.005740424 -0.01484536 0.9998733 -3.190118
0.9797587 0.2001472 -0.003736133 119.818 -0.20009 0.9797035 0.01205178 -16.65165 0.006072434 -0.01106028 0.9999204 -3.265184
0.9798952 0.1994848 -0.003334553 121.5405 -0.199446 0.9798632 0.009463987 -16.99895 0.005155326 -0.008608653 0.9999496 -3.313341
0.9798343 0.199791 -0.002900705 123.239 -0.1997508 0.97979 0.01054016 -17.38033 0.004947911 -0.009748191 0.9999402 -3.37045
0.9797673 0.2000945 -0.004269463 124.9636 -0.2000402 0.9797295 0.01069191 -17.75484 0.006322311 -0.009621518 0.9999337 -3.415916
0.9796332 0.2007588 -0.003842853 126.6614 -0.2007018 0.9795812 0.01181034 -18.12809 0.006135414 -0.01079853 0.9999229 -3.47736
0.979506 0.2013631 -0.004561131 128.386 -0.2013024 0.9794648 0.01122271 -18.49484 0.006727308 -0.01007454 0.9999266 -3.525834
0.9794102 0.2017964 -0.005831017 130.0782 -0.2017197 0.9793741 0.01163067 -18.86868 0.008057775 -0.01021497 0.9999154 -3.583278
0.9793257 0.2022261 -0.005086455 131.7992 -0.2021583 0.9792857 0.01146666 -19.23894 0.007299951 -0.01020133 0.9999213 -3.636554
0.979225 0.202744 -0.003624913 133.5314 -0.2026903 0.9791737 0.0116444 -19.59504 0.005910252 -0.01066776 0.9999256 -3.682944
0.9791183 0.2032522 -0.003989482 135.2554 -0.2031782 0.9790395 0.01415452 -19.97755 0.006782798 -0.01304837 0.9998919 -3.749364
0.9788213 0.2046551 -0.005009959 136.9551 -0.2045791 0.9787681 0.01266468 -20.36328 0.007495478 -0.01137152 0.9999073 -3.798877
0.9787828 0.2048252 -0.005555227 138.6771 -0.2047428 0.9787335 0.01269871 -20.74644 0.008038104 -0.01129189 0.9999039 -3.876794
0.9785396 0.2060066 -0.004637918 140.381 -0.2059475 0.978503 0.01084013 -21.1118 0.006771357 -0.009652333 0.9999305 -3.911283
0.9783539 0.2068715 -0.005276562 142.0878 -0.2068099 0.9783266 0.0103461 -21.49982 0.007302513 -0.0090309 0.9999325 -3.978388
0.9781874 0.2076411 -0.005874473 143.7883 -0.2075759 0.9781666 0.01011655 -21.87272 0.007846825 -0.008676479 0.9999316 -4.02914
0.9781467 0.2078459 -0.00540521 145.5198 -0.20777 0.9781034 0.012066 -22.25617 0.007794722 -0.01067928 0.9999126 -4.089511
0.9777438 0.2097304 -0.00549907 147.1694 -0.2096539 0.9777018 0.01200486 -22.64776 0.007894236 -0.01058478 0.9999128 -4.133643
0.9779007 0.2090245 -0.004358724 148.8921 -0.20895 0.9778335 0.01347774 -23.02214 0.007079284 -0.01226914 0.9998997 -4.195868
0.9777349 0.2097796 -0.005191186 150.6045 -0.2096974 0.9776776 0.01316865 -23.39712 0.007837822 -0.01178688 0.9998998 -4.249554
0.9777306 0.2098411 -0.003100088 152.3147 -0.2097767 0.9776434 0.01440571 -23.79519 0.006053691 -0.01343458 0.9998914 -4.325352
0.977882 0.2091177 -0.004081812 154.0393 -0.2090458 0.9778111 0.01361477 -24.17555 0.006838331 -0.01246035 0.999899 -4.375146
0.9776395 0.2102559 -0.003676875 155.6841 -0.2101963 0.97758 0.01244508 -24.55119 0.006211091 -0.01139394 0.9999158 -4.441638
0.9774218 0.2112579 -0.004102685 157.3783 -0.21119 0.9773591 0.01296219 -24.94023 0.006748162 -0.01180308 0.9999076 -4.496793
0.9776021 0.2104309 -0.003600586 159.0738 -0.2103734 0.9775443 0.01225048 -25.32218 0.006097612 -0.01121862 0.9999185 -4.561543
0.9774064 0.2113356 -0.003741134 160.7439 -0.2112716 0.9773408 0.0130111 -25.7082 0.006406071 -0.01192673 0.9999083 -4.614666
0.9772698 0.2119666 -0.003729094 162.3941 -0.2119105 0.9772183 0.01176645 -26.0962 0.006138233 -0.01070876 0.9999238 -4.675651
0.9772863 0.2119022 -0.003001981 164.0609 -0.2118503 0.9772232 0.01242513 -26.46765 0.005566516 -0.01150693 0.9999183 -4.725802
0.977253 0.2120572 -0.002874098 165.6981 -0.212008 0.9771917 0.01220239 -26.83403 0.005396149 -0.01131549 0.9999214 -4.784153
0.9771191 0.2126906 -0.000977734 167.3426 -0.2126627 0.9770477 0.01234739 -27.22029 0.003581466 -0.01185694 0.9999233 -4.841074
0.976834 0.2139899 -0.001915991 168.9865 -0.2139487 0.9767607 0.01282026 -27.58231 0.004614869 -0.01211334 0.999916 -4.90086
0.9766561 0.2147999 -0.001973355 170.6345 -0.2147616 0.9765924 0.01202583 -27.97754 0.00451031 -0.0113213 0.9999257 -4.960227
0.9767647 0.2142942 -0.002957684 172.2699 -0.2142382 0.9766918 0.01323312 -28.33851 0.005724526 -0.01229199 0.9999081 -5.027259
0.9765007 0.2155009 -0.002386411 173.8763 -0.2154562 0.9764349 0.01237878 -28.70096 0.004997815 -0.01157373 0.9999205 -5.080656
0.976301 0.2163707 -0.004483021 175.4722 -0.2162988 0.9762425 0.01284883 -29.08904 0.007156627 -0.01157465 0.9999074 -5.139105
0.9760651 0.2174468 -0.003718518 177.063 -0.2173933 0.9760183 0.01132559 -29.47331 0.006092056 -0.01024613 0.999929 -5.192317
0.9759504 0.217983 -0.00207137 178.6586 -0.217946 0.9758936 0.01144968 -29.84059 0.004517271 -0.01072287 0.9999323 -5.24813
0.9758335 0.2185136 -0.0008069135 180.2326 -0.2184874 0.975762 0.01231355 -30.20575 0.003478035 -0.01183968 0.9999239 -5.304467
0.9754807 0.2200851 -3.063795e-05 181.7867 -0.2200616 0.9753786 0.01447455 -30.57938 0.003215517 -0.0141129 0.9998952 -5.357848
0.975305 0.220862 -0.000474697 183.3563 -0.2208308 0.9751992 0.01483589 -30.94143 0.003739608 -0.01436469 0.9998899 -5.421232
0.9751787 0.2214187 -0.0005822491 184.9094 -0.2213855 0.9750718 0.01494959 -31.31374 0.003877854 -0.01444962 0.9998881 -5.485944
0.9748937 0.2226652 -0.001530594 186.4152 -0.2226096 0.9747648 0.01668438 -31.6707 0.005207 -0.01592477 0.9998596 -5.543351
0.9746885 0.2235581 -0.002042446 187.9407 -0.2234828 0.97453 0.01861272 -32.0375 0.006151451 -0.01768516 0.9998247 -5.601096
0.9743593 0.2249659 -0.003777445 189.4367 -0.2248484 0.9741874 0.02004991 -32.39674 0.008190485 -0.01868646 0.9997919 -5.667178
0.9738285 0.2272568 -0.00351442 190.9348 -0.2271408 0.9736475 0.02043883 -32.74644 0.008066669 -0.01910565 0.9997849 -5.735441
0.9731795 0.2299684 -0.006022526 192.4102 -0.229804 0.9730207 0.02051152 -33.12165 0.01057705 -0.01857739 0.9997715 -5.803947
0.9727172 0.2319085 -0.006297108 193.9078 -0.2317308 0.9725482 0.02122795 -33.47226 0.01104718 -0.01918956 0.9997548 -5.876005
0.9722611 0.2337528 -0.008243691 195.3919 -0.2334896 0.9720422 0.02483278 -33.85345 0.01381795 -0.02221913 0.9996576 -5.934043
0.9716267 0.2363503 -0.008950878 196.8289 -0.2360588 0.9714 0.02565696 -34.20445 0.01475891 -0.02281606 0.9996307 -6.007319
0.9711208 0.2384494 -0.008136848 198.2799 -0.2381609 0.970858 0.02672349 -34.57589 0.01427193 -0.02401386 0.9996098 -6.06921
0.9708884 0.2393897 -0.008269448 199.7297 -0.2391113 0.9706498 0.02578399 -34.93102 0.01419916 -0.02305606 0.9996333 -6.157762
0.9704327 0.2413246 -0.004781309 201.1536 -0.2411232 0.9701416 0.02616893 -35.31786 0.01095375 -0.0242423 0.9996461 -6.219009
0.9703869 0.2414955 -0.005401181 202.5782 -0.2412796 0.9701039 0.02612543 -35.68572 0.01154888 -0.02404858 0.9996441 -6.300835
0.9701697 0.2424228 -0.001367728 204.0001 -0.242295 0.9698133 0.02747992 -36.05784 0.007988201 -0.0263288 0.9996214 -6.360122
0.9699391 0.2433124 -0.004150213 205.4151 -0.2430856 0.9695444 0.02987974 -36.42316 0.01129393 -0.02797267 0.9995449 -6.440698
0.9698548 0.2436649 -0.003032611 206.8275 -0.2434767 0.9694686 0.02914889 -36.78593 0.01004258 -0.02753182 0.9995705 -6.512046
0.9696489 0.2445005 -0.0006959911 208.2226 -0.2443647 0.9691979 0.03068469 -37.15981 0.008176973 -0.0295833 0.9995289 -6.582914
0.9695243 0.2449946 0.0005385047 209.6188 -0.2448906 0.9690437 0.03135117 -37.52351 0.007159032 -0.03052759 0.9995083 -6.657544
0.9693232 0.2457794 0.002261931 211.0137 -0.2457167 0.9687696 0.03330384 -37.90548 0.005994108 -0.03283798 0.9994427 -6.734709
0.9691873 0.2462987 0.003596143 212.4111 -0.2462854 0.9686669 0.03206146 -38.2739 0.004413231 -0.03195924 0.9994794 -6.806449
0.9690914 0.246691 0.0023148 213.8073 -0.2466274 0.9685256 0.03366291 -38.63525 0.006062394 -0.03319333 0.9994305 -6.897791
0.968839 0.2476591 0.003981903 215.192 -0.247655 0.968298 0.03264958 -39.02123 0.004230296 -0.03261833 0.9994589 -6.970401
0.9688414 0.2476811 0.0005853563 216.5919 -0.2475499 0.968246 0.03491299 -39.36906 0.00808052 -0.03397006 0.9993902 -7.048103
0.96876 0.247999 0.0008323251 217.9718 -0.2478664 0.9681211 0.0361128 -39.74498 0.008150147 -0.03519094 0.9993474 -7.11823
0.9688425 0.2476618 -0.002791829 219.3585 -0.2473756 0.9681566 0.03844955 -40.10893 0.01222541 -0.03656093 0.9992567 -7.218542
0.9688314 0.2477212 -0.0002604527 220.7414 -0.2475474 0.9681901 0.03644188 -40.48211 0.009279593 -0.03524156 0.9993358 -7.274294
0.9691054 0.2466421 -0.001526539 222.1506 -0.2464005 0.9683956 0.03868812 -40.85656 0.01102041 -0.03711672 0.9992502 -7.36958
0.969613 0.2446387 0.001572276 223.5553 -0.2445004 0.9688048 0.04045735 -41.22138 0.008374204 -0.0396124 0.99918 -7.445107
0.969932 0.2433619 -0.002630366 224.9312 -0.2430358 0.9690905 0.04239789 -41.58465 0.0128671 -0.0404838 0.9990973 -7.556494
0.970225 0.242203 -0.001116471 226.3441 -0.2419863 0.9695328 0.03806279 -41.94373 0.01030138 -0.0366593 0.9992747 -7.629325
0.970795 0.2398534 -0.005227256 227.7399 -0.239476 0.9701177 0.03902333 -42.31181 0.01443093 -0.03663185 0.9992246 -7.726215
0.9709348 0.2393395 -0.001475966 229.1405 -0.2391436 0.9703553 0.03493926 -42.67021 0.009794557 -0.03357077 0.9993883 -7.769365
0.9708568 0.2396136 -0.004724488 230.5448 -0.2392362 0.9701232 0.04033813 -43.03728 0.0142489 -0.03803227 0.9991749 -7.899391
0.9713443 0.2376653 0.002343613 231.9654 -0.2375679 0.9705533 0.0398467 -43.40911 0.007195573 -0.03926162 0.9992031 -7.914503
0.9714726 0.2371516 -0.0003470401 233.3365 -0.2368591 0.9703449 0.04825776 -43.7572 0.01178115 -0.04679889 0.9988348 -8.054618
0.9717022 0.2362072 -0.0009962623 234.7503 -0.2358761 0.9705471 0.04899637 -44.12685 0.01254021 -0.04737489 0.9987984 -8.128621
0.9719383 0.2351919 -0.004566971 236.144 -0.2346681 0.9707568 0.05062044 -44.46621 0.01633893 -0.04812822 0.9987075 -8.238231
0.9721917 0.2341595 -0.003555819 237.5804 -0.2336657 0.9709297 0.05192006 -44.82062 0.01561003 -0.04964538 0.9986449 -8.329518
0.9723889 0.2333364 -0.0037257 238.9585 -0.2328416 0.9711493 0.05151327 -45.16885 0.01563814 -0.04922344 0.9986653 -8.434824
0.9727915 0.2316454 -0.004139809 240.3545 -0.2311849 0.971718 0.04814327 -45.52131 0.01517489 -0.04587631 0.9988319 -8.505453
0.9733127 0.2291983 -0.01142825 241.7922 -0.2282584 0.9720553 0.05483128 -45.86081 0.02367613 -0.05075938 0.9984303 -8.695083
0.9743984 0.2248277 -0.0005577933 243.2435 -0.2243427 0.9724532 0.06328511 -46.22604 0.01477067 -0.06153978 0.9979953 -8.756052
0.9751954 0.2212832 -0.005262267 244.6252 -0.2204171 0.9730051 0.06839079 -46.54594 0.02025394 -0.06553449 0.9976447 -8.89667
0.9762009 0.2167664 -0.006640317 246.094 -0.2161967 0.9751301 0.04878858 -46.88771 0.0170509 -0.04619185 0.998787 -8.923497
0.9770088 0.2131987 0.0002794964 247.4976 -0.2129573 0.9758383 0.04887116 -47.23449 0.01014653 -0.04780707 0.998805 -9.115291
0.9784114 0.206655 -0.002172016 248.963 -0.2063916 0.9775982 0.04128124 -47.55741 0.01065434 -0.03994175 0.9991452 -9.142388
0.9789578 0.2040614 0.0007357029 250.3591 -0.2038206 0.9776143 0.0522241 -47.87421 0.009937693 -0.05127515 0.9986351 -9.303885
0.97962 0.2007469 -0.006730508 251.7839 -0.2001235 0.9783475 0.0527879 -48.17387 0.01718178 -0.05036515 0.9985831 -9.340056
0.979988 0.1989474 -0.006586226 253.2137 -0.1982834 0.9785612 0.055692 -48.48013 0.0175248 -0.05327155 0.9984263 -9.480275
0.980518 0.1961237 -0.01095041 254.666 -0.1952861 0.9793017 0.05321255 -48.7774 0.02116 -0.05003741 0.9985232 -9.57176
0.9808192 0.1946859 -0.009544179 256.1145 -0.1939437 0.9796313 0.05204406 -49.08039 0.01948202 -0.04919478 0.9985992 -9.695065
0.9811966 0.1927696 -0.009646948 257.5368 -0.1920175 0.9799911 0.05240936 -49.38733 0.01955686 -0.0495715 0.9985791 -9.785653
0.9814819 0.1913547 -0.008761625 258.9911 -0.1906049 0.9801412 0.05470964 -49.69033 0.01905657 -0.05202651 0.9984639 -9.894801
0.9818923 0.1890277 -0.01249201 260.4363 -0.1880777 0.9806033 0.05517176 -49.98151 0.0226787 -0.05182326 0.9983987 -10.00185
0.9819283 0.1890405 -0.008973098 261.9027 -0.1882329 0.9804524 0.0572818 -50.28529 0.01962627 -0.05455759 0.9983177 -10.1104
0.9822123 0.1873499 -0.01260926 263.3177 -0.186429 0.9809994 0.05371042 -50.57108 0.02243231 -0.05040431 0.9984769 -10.21204
0.9822412 0.1874249 -0.008611331 264.7675 -0.1867321 0.9810153 0.05234339 -50.87137 0.0182583 -0.04980582 0.998592 -10.31589
0.9824425 0.1863892 -0.008112215 266.2233 -0.1856652 0.981043 0.05552565 -51.16855 0.01830781 -0.0530446 0.9984243 -10.42534
0.9825553 0.1858625 -0.006348755 267.6418 -0.1851751 0.9809353 0.05895619 -51.44388 0.01718546 -0.05675208 0.9982404 -10.53018
0.9825075 0.1859881 -0.009352878 269.0849 -0.185089 0.9808263 0.0610085 -51.72612 0.0205204 -0.05821019 0.9980934 -10.64806
0.9826267 0.1853904 -0.008666633 270.5169 -0.1845685 0.9810365 0.05917498 -52.01383 0.01947276 -0.05654733 0.99821 -10.75548
0.982785 0.1844765 -0.01009615 271.9729 -0.1836297 0.9813678 0.05654241 -52.31071 0.02033879 -0.05371508 0.9983491 -10.86697
0.9828191 0.184469 -0.006145101 273.4034 -0.1837867 0.9811653 0.05947371 -52.58892 0.01700041 -0.05732251 0.998211 -10.99097
0.9829094 0.1837743 -0.01077949 274.8313 -0.1827912 0.9812431 0.06123236 -52.88366 0.02183023 -0.05821546 0.9980654 -11.08988
0.9831197 0.1827782 -0.008239641 276.2693 -0.1819138 0.9813036 0.06285274 -53.15837 0.0195737 -0.06029286 0.9979888 -11.21399
0.9831213 0.1827181 -0.0093119 277.7206 -0.1818022 0.9813646 0.06222145 -53.46064 0.02050735 -0.0594783 0.9980189 -11.32617
0.9833502 0.1816717 -0.004225672 279.1425 -0.1809951 0.9812341 0.06648774 -53.73875 0.01622532 -0.06461591 0.9977783 -11.46439
0.9835279 0.1806939 -0.004747423 280.5917 -0.1799939 0.9814516 0.0659942 -54.02107 0.01658412 -0.06405263 0.9978087 -11.56468
0.9833888 0.1814502 -0.00472485 282.0124 -0.1808556 0.9817137 0.05940884 -54.27718 0.01541819 -0.05756747 0.9982225 -11.67983
0.9833618 0.1815715 -0.005594177 283.4771 -0.1810162 0.9820102 0.05375056 -54.58521 0.01525311 -0.05184361 0.9985387 -11.81724
0.9834364 0.1812048 -0.00419725 284.9454 -0.1806968 0.981967 0.05558321 -54.87497 0.0141935 -0.05390412 0.9984452 -11.92655
0.9834512 0.1811392 -0.003520673 286.3901 -0.1806711 0.9819854 0.05534147 -55.15859 0.01348176 -0.05378956 0.9984613 -12.02362
0.9834849 0.1809812 -0.001823725 287.8256 -0.1805676 0.9818258 0.05842382 -55.44872 0.0123642 -0.05712964 0.9982902 -12.11761
0.9834771 0.1810281 -0.001246881 289.306 -0.1805647 0.9814079 0.06507704 -55.73774 0.01300447 -0.06377665 0.9978794 -12.24745
0.9833885 0.1814133 -0.006021997 290.7603 -0.1805976 0.9812175 0.06779965 -56.01059 0.01820865 -0.06558584 0.9976808 -12.37337
0.9832649 0.1821418 -0.003804332 292.2518 -0.1813625 0.9806086 0.07426077 -56.2981 0.01725655 -0.07232805 0.9972316 -12.52638
0.9834574 0.1810039 -0.007002899 293.6999 -0.1800443 0.9810261 0.07191765 -56.56049 0.0198874 -0.0694671 0.997386 -12.62757
0.9833409 0.1816286 -0.007188838 295.1787 -0.1806892 0.9810328 0.0701856 -56.85661 0.0198002 -0.06771743 0.997508 -12.78515
0.9834428 0.1810651 -0.007455074 296.6722 -0.1800839 0.9810548 0.07142428 -57.13691 0.02024627 -0.06889915 0.9974182 -12.901
0.9834437 0.1811174 -0.005917037 298.1447 -0.1802551 0.9810728 0.07074024 -57.4213 0.01861733 -0.06850247 0.9974772 -13.02914
0.9831684 0.1824929 -0.008731865 299.5952 -0.1814127 0.9807835 0.07178593 -57.72442 0.02166449 -0.06899358 0.9973819 -13.17947
0.9831784 0.1826014 -0.004118266 301.078 -0.1818604 0.9807826 0.07065663 -58.00643 0.01694112 -0.06871913 0.9974922 -13.28941
0.9829602 0.1837195 -0.006026556 302.5886 -0.1827938 0.980413 0.07332963 -58.30818 0.0193806 -0.07097849 0.9972895 -13.44305
0.9828683 0.1842647 -0.004044341 304.0606 -0.1834719 0.9802574 0.0737128 -58.59909 0.01754716 -0.07170795 0.9972713 -13.56168
0.9828668 0.184309 -0.001771525 305.5558 -0.1836226 0.9799498 0.07733749 -58.88636 0.01599 -0.07568716 0.9970034 -13.70971
0.9827822 0.1846918 -0.005297801 307.0371 -0.1837989 0.9801593 0.07420056 -59.19294 0.01889692 -0.07194926 0.9972293 -13.8406
0.9826253 0.1855982 -0.0009266031 308.5604 -0.1850311 0.9799888 0.07338358 -59.49393 0.01452792 -0.07193711 0.9973034 -13.99089
0.9825972 0.1857263 -0.002923771 310.0608 -0.1849916 0.979888 0.07481598 -59.80385 0.01676026 -0.07297309 0.9971931 -14.119
0.9827867 0.1847407 -0.00114106 311.5652 -0.1841095 0.9799029 0.07677137 -60.09734 0.01530092 -0.0752398 0.9970481 -14.27701
0.9825944 0.1857457 -0.002589227 313.0866 -0.1850013 0.9797277 0.0768638 -60.40208 0.01681386 -0.07504693 0.9970382 -14.41753
0.9825552 0.1859702 0.0006671762 314.5858 -0.185452 0.9795364 0.07820333 -60.71528 0.01388997 -0.07696281 0.9969372 -14.56122
0.982703 0.1851759 -0.002196624 316.1194 -0.1844385 0.9797188 0.07831635 -61.01814 0.01665437 -0.07655657 0.9969261 -14.71088
0.9828888 0.1841986 -0.0006570537 317.6309 -0.1835615 0.9797734 0.07968195 -61.3234 0.01532107 -0.07819788 0.9968202 -14.87205
0.9826507 0.1854545 -0.002048587 319.1573 -0.1846986 0.9795299 0.08004695 -61.61642 0.01685172 -0.07827982 0.996789 -15.00989
0.9829371 0.1839418 -0.0002470142 320.6582 -0.1833112 0.9796765 0.08143029 -61.90631 0.01522043 -0.07999558 0.996679 -15.16032
0.9831378 0.1828058 -0.004706549 322.1924 -0.1818132 0.97991 0.08197935 -62.19221 0.01959829 -0.07974128 0.9966229 -15.32818
0.9830609 0.1832758 -0.001109791 323.7321 -0.1825733 0.9797877 0.08174933 -62.50664 0.01607003 -0.08016195 0.9966523 -15.47133
0.9831659 0.182627 -0.005676412 325.2666 -0.1815242 0.979827 0.08359306 -62.80111 0.02082826 -0.08115544 0.9964838 -15.63188
0.9833888 0.1814377 -0.005179723 326.7733 -0.1804007 0.9801242 0.08253468 -63.08053 0.02005167 -0.08022925 0.9965748 -15.77948
0.9833956 0.181338 -0.007043738 328.3069 -0.1801272 0.9800791 0.08366037 -63.37702 0.02207423 -0.08100247 0.9964694 -15.94643
0.9833423 0.1816081 -0.007509598 329.8295 -0.1803598 0.9800406 0.08361322 -63.66452 0.02254455 -0.08086598 0.99647 -16.09416
0.983317 0.1817721 -0.006830122 331.3674 -0.1805606 0.9799352 0.08440877 -63.97557 0.02203624 -0.08176733 0.9964078 -16.25017
0.9833996 0.1813678 -0.005565801 332.8881 -0.1802397 0.9799049 0.08543932 -64.28374 0.02094989 -0.0830178 0.9963278 -16.39036
0.9835267 0.1806391 -0.006686302 334.4037 -0.1794007 0.9799798 0.08634345 -64.56807 0.02214945 -0.08372156 0.996243 -16.57944
0.9836811 0.1798791 -0.00385633 335.9395 -0.1788609 0.9799861 0.08738389 -64.87091 0.01949769 -0.08526813 0.9961672 -16.72779
0.9838202 0.1790786 -0.005351828 337.4676 -0.1779178 0.9800804 0.0882474 -65.16779 0.02104844 -0.08586739 0.9960842 -16.90924
0.983961 0.1783773 -0.001507653 339.0103 -0.1775469 0.9801279 0.08846787 -65.45598 0.01725835 -0.08678126 0.9960779 -17.0409
0.9840323 0.1779381 -0.004296818 340.5247 -0.1768288 0.9800806 0.09040862 -65.7437 0.02029837 -0.0882052 0.9958955 -17.23146
0.9841495 0.1773361 -0.00135305 342.0764 -0.1764685 0.980034 0.09160878 -66.03759 0.01757157 -0.08991796 0.9957942 -17.41583
0.9841757 0.1771629 -0.003377573 343.5865 -0.1761146 0.9800982 0.09160199 -66.31368 0.01953883 -0.08955761 0.9957899 -17.54684
0.9841817 0.1771596 -0.0009016525 345.1362 -0.1763209 0.9799925 0.09233505 -66.63166 0.01724165 -0.09071548 0.9957276 -17.73805
0.9840767 0.1777328 -0.002040467 346.6984 -0.1767232 0.9795871 0.09580356 -66.91766 0.01902625 -0.09391744 0.9953982 -17.91004
0.9843189 0.1763918 -0.00152396 348.2839 -0.1754445 0.9798571 0.09539088 -67.21668 0.01831943 -0.09362767 0.9954388 -18.09084
0.9845684 0.1749836 -0.00242763 349.8552 -0.1739817 0.9802372 0.09415504 -67.50349 0.01885525 -0.09227972 0.9955546 -18.27005
0.984503 0.1753486 -0.00258292 351.4157 -0.1743682 0.9803565 0.09217724 -67.79942 0.01869533 -0.0902984 0.9957393 -18.46453
0.984776 0.1737916 -0.00355889 352.9701 -0.1727345 0.9806683 0.09193709 -68.08646 0.01946799 -0.08992269 0.9957585 -18.60273
0.9847365 0.1740455 -0.001461765 354.5214 -0.1731355 0.9803793 0.09423703 -68.39698 0.01783461 -0.09254557 0.9955487 -18.77755
0.9848496 0.173394 -0.002427422 356.1166 -0.172325 0.9801502 0.09803024 -68.6892 0.01937709 -0.09612674 0.9951805 -18.9509
0.984924 0.1729733 -0.002251988 357.6653 -0.1719291 0.9802504 0.09772095 -68.97417 0.01911063 -0.09586053 0.9952113 -19.1712
0.9844928 0.1754144 0.001923636 359.1967 -0.1748016 0.9800123 0.09497616 -69.27023 0.01477499 -0.0938396 0.9954777 -19.30424
0.9845452 0.1751304 -4.054885e-05 360.7737 -0.1742217 0.9794602 0.1015108 -69.575 0.01781734 -0.09993488 0.9948344 -19.50864
0.9847552 0.1739437 -0.0008523399 362.347 -0.1729564 0.9796641 0.1017081 -69.83631 0.0185265 -0.1000102 0.9948139 -19.70775
0.9846113 0.1746035 -0.007360634 363.9297 -0.1730108 0.9798412 0.09989253 -70.13373 0.02465384 -0.09708184 0.994971 -19.90846
0.9845637 0.1747187 -0.01037727 365.4727 -0.173008 0.9804749 0.09347279 -70.40534 0.0265061 -0.09023456 0.9955677 -20.10517
0.9844407 0.175676 -0.003784331 367.0639 -0.1747013 0.9808367 0.08624954 -70.72105 0.01886378 -0.08424643 0.9962664 -20.26258
0.9837675 0.1794138 -0.003480298 368.5029 -0.1784213 0.9800284 0.0878064 -71.04005 0.01916447 -0.08576013 0.9961315 -20.39414
0.9834374 0.1812453 -0.0009882515 370.0617 -0.1802896 0.9787827 0.09736664 -71.35293 0.01861453 -0.09557582 0.9952481 -20.56977
0.9837849 0.1792546 -0.005914778 371.6116 -0.1776979 0.9786496 0.1032884 -71.63969 0.02430342 -0.1005626 0.9946339 -20.80951
0.9835402 0.1806895 -5.893968e-05 373.1493 -0.1798049 0.9787569 0.09851374 -71.94341 0.01785809 -0.09688164 0.9951357 -21.00709
0.983596 0.1803365 0.004188663 374.7041 -0.1799162 0.9791013 0.09481914 -72.24875 0.01299823 -0.09401733 0.9954857 -21.17208
0.9835769 0.1804477 0.003894645 376.2184 -0.1800034 0.9791154 0.0945088 -72.55267 0.01324059 -0.09365772 0.9955164 -21.35069
0.9838199 0.179025 0.00696333 377.7402 -0.1788323 0.9789248 0.09861668 -72.84228 0.01083828 -0.09826633 0.9951012 -21.53365
0.9833862 0.1815154 0.0019483 379.2559 -0.1807996 0.9784359 0.09987304 -73.1391 0.01622221 -0.09856602 0.9949983 -21.73754
0.9832019 0.1824559 0.004883873 380.7683 -0.1820246 0.9782027 0.09993222 -73.4402 0.0134558 -0.09914253 0.9949822 -21.89808
0.9833396 0.1817659 -0.002098899 382.3019 -0.1806124 0.9782747 0.1017748 -73.72222 0.02055248 -0.09970009 0.9948053 -22.10393
0.982946 0.1838633 0.003395155 383.8127 -0.1832662 0.9778948 0.1006746 -74.05077 0.01519026 -0.09957993 0.9949136 -22.27715
0.9831402 0.1828529 -0.0004731147 385.3358 -0.1818379 0.9779485 0.1027206 -74.33453 0.01924545 -0.1009028 0.9947101 -22.47441
0.9835747 0.1804892 0.00209214 386.882 -0.1798141 0.9787533 0.09853282 -74.62502 0.01573642 -0.09729058 0.9951316 -22.67633
0.9835935 0.1803811 0.00256514 388.4223 -0.1797413 0.9786935 0.09925681 -74.92561 0.01539356 -0.0980894 0.9950585 -22.85274
0.9837215 0.179657 0.003918723 389.9531 -0.179145 0.9787396 0.09987973 -75.20479 0.01410868 -0.09895585 0.9949918 -23.02942
0.9836816 0.1799114 0.001514877 391.467 -0.1791491 0.9786667 0.1005839 -75.50362 0.01661364 -0.09921394 0.9949274 -23.22
0.9836833 0.1798819 0.003081967 392.9841 -0.1792779 0.9786595 0.1004253 -75.79707 0.01504851 -0.09933928 0.9949398 -23.39264
0.9839267 0.1785591 -0.002233229 394.4676 -0.1774658 0.9791396 0.09895143 -76.07718 0.01985532 -0.09696463 0.9950898 -23.6053
0.9840493 0.1778954 0.0003586859 395.9671 -0.1770699 0.9792855 0.0982153 -76.36418 0.01712079 -0.09671222 0.9951651 -23.76113
0.9842331 0.1768603 -0.002384217 397.4865 -0.1756607 0.9789571 0.1038578 -76.65895 0.02070238 -0.1018015 0.9945893 -23.97356
0.9845594 0.1750461 -0.001256989 399.0119 -0.1739638 0.9792205 0.10423 -76.93416 0.01947593 -0.102402 0.9945524 -24.15595
0.984592 0.1748663 -0.0005131029 400.521 -0.1738551 0.9792053 0.1045534 -77.2039 0.0187853 -0.1028532 0.9945191 -24.36018
0.9848827 0.1732106 -0.002048551 401.9968 -0.1721722 0.9801418 0.09838118 -77.48444 0.01904853 -0.09654121 0.9951467 -24.52996
0.9846361 0.174606 -0.002125001 403.4904 -0.1734521 0.979389 0.1034975 -77.77429 0.02015248 -0.1015388 0.9946274 -24.72426
0.9849933 0.1725926 -3.151502e-05 404.9714 -0.1716246 0.9794883 0.1055818 -78.03403 0.0182535 -0.1039919 0.9944106 -24.89918
0.9847887 0.1737545 -0.0007738741 406.5102 -0.1727262 0.9794254 0.1043619 -78.33162 0.01889129 -0.1026407 0.9945391 -25.08948
0.9850113 0.1724842 -0.001372628 407.9899 -0.1714914 0.9801347 0.09963294 -78.60089 0.01853047 -0.09790418 0.9950233 -25.26385
0.9851227 0.1718517 0.0005479958 409.4671 -0.1709977 0.9798996 0.1027438 -78.87857 0.01711971 -0.1013089 0.9947077 -25.50081
0.9850219 0.1724167 -0.002082488 410.9734 -0.1713082 0.9799216 0.1020158 -79.15302 0.0196299 -0.1001311 0.9947806 -25.64015
0.9848105 0.1736323 -2.438854e-05 412.3569 -0.1726894 0.979477 0.1039377 -79.4147 0.01807084 -0.1023548 0.9945838 -25.83585
0.9847873 0.1737624 -0.0006889524 413.8857 -0.1728015 0.9797432 0.1012066 -79.70737 0.0182609 -0.09954795 0.9948652 -25.9841
0.9865879 0.1631595 -0.004831105 415.4314 -0.161921 0.9819831 0.09741962 -79.94048 0.020639 -0.09533076 0.9952317 -26.19026
0.9863665 0.1645599 -0.001154795 416.8534 -0.1635973 0.9813083 0.1013412 -80.19604 0.01780991 -0.09977065 0.9948511 -26.38598
0.9862319 0.1653266 -0.003712877 418.3639 -0.1641031 0.981212 0.1014546 -80.46512 0.02041626 -0.09944849 0.9948332 -26.55784
0.9866914 0.162551 -0.004164828 419.9003 -0.1613785 0.9820706 0.09743848 -80.73636 0.01992888 -0.09546959 0.9952328 -26.71449
0.9860688 0.1663243 -0.002126196 421.2506 -0.1653113 0.9813211 0.09839293 -80.97811 0.01845161 -0.09667072 0.9951454 -26.89704
0.9859651 0.1669506 -0.0005198224 422.7157 -0.1660591 0.9810122 0.100196 -81.25373 0.01723774 -0.09870348 0.9949676 -27.08491
0.985823 0.1677854 -0.0009920923 424.1384 -0.1667906 0.9805882 0.1030916 -81.51136 0.0182701 -0.1014646 0.9946713 -27.25731
0.9855433 0.1694235 -0.0004158719 425.5844 -0.1685188 0.980528 0.1008275 -81.77821 0.01749032 -0.09929979 0.9949039 -27.42309
0.985706 0.1684736 -0.0005844515 426.9931 -0.167565 0.980738 0.1003753 -82.03194 0.01748378 -0.09884257 0.9949495 -27.60609
0.985393 0.1702853 -0.001867611 428.4402 -0.1692426 0.9804592 0.1002831 -82.29391 0.01890785 -0.0985022 0.9949572 -27.78043
0.9856007 0.1690676 -0.002737409 429.8639 -0.1679672 0.9807913 0.09917238 -82.54852 0.01945167 -0.09728457 0.9950665 -27.94742
0.9854175 0.1701199 -0.003393753 431.2568 -0.1688662 0.9802157 0.1032562 -82.81158 0.02089255 -0.1011774 0.994649 -28.16133
0.9854762 0.1698027 -0.001926214 432.7144 -0.1687546 0.9805318 0.1003955 -83.06783 0.01893614 -0.09861228 0.9949458 -28.26923
0.9858338 0.1677249 7.607322e-05 434.116 -0.1668792 0.9808173 0.1007408 -83.31622 0.01682213 -0.09932639 0.9949127 -28.48451
0.9858631 0.1675136 -0.003606822 435.5419 -0.1664008 0.9813801 0.09593846 -83.57771 0.01961066 -0.09398201 0.9953808 -28.61138
0.9860048 0.1667082 -0.001730938 436.9018 -0.1656955 0.9810574 0.1003567 -83.81457 0.01842843 -0.09866534 0.99495 -28.82731
0.9861193 0.1660267 -0.001950752 438.2958 -0.1649941 0.981166 0.1004504 -84.06429 0.01859146 -0.09873418 0.9949402 -28.94824
0.9863163 0.1648429 -0.002649548 439.6712 -0.1637046 0.9811553 0.1026407 -84.29842 0.0195192 -0.1008024 0.994715 -29.16372
0.9861836 0.1656559 -7.317401e-05 441.0886 -0.164851 0.9814348 0.09802972 -84.55627 0.01631102 -0.09666324 0.9951835 -29.26704
0.9864283 0.1641366 -0.004288071 442.4372 -0.1628901 0.9815526 0.1001066 -84.79155 0.02064013 -0.09804954 0.9949675 -29.51067
0.9865516 0.1634485 -0.0006522741 443.831 -0.1626368 0.982034 0.0956999 -85.03616 0.01628256 -0.0943068 0.99541 -29.61447
0.9862994 0.1649101 -0.00426141 445.1583 -0.1636654 0.9814386 0.09996025 -85.28095 0.02066676 -0.09789329 0.9949823 -29.84184
0.9864777 0.1638638 -0.003227765 446.5196 -0.1628303 0.9821177 0.0945054 -85.52139 0.01865606 -0.0927019 0.9955191 -29.95603
0.9865142 0.1636349 -0.00366843 447.8206 -0.1624746 0.9817375 0.09896186 -85.73807 0.01979505 -0.09703125 0.9950845 -30.14416
0.9865055 0.1636925 -0.00341876 449.1517 -0.1626353 0.9821154 0.09486195 -85.98431 0.0188858 -0.09302583 0.9954846 -30.26679
0.986438 0.164112 -0.002686706 450.4514 -0.1630736 0.9817917 0.09742776 -86.21608 0.01862685 -0.09566832 0.995239 -30.44646
0.9864304 0.1641527 -0.002984552 451.7387 -0.1631533 0.9821306 0.09380986 -86.4367 0.01833036 -0.09204996 0.9955857 -30.56758
0.9864115 0.1642877 -0.001362067 453.0008 -0.1634043 0.9819016 0.09575004 -86.66502 0.01706797 -0.09422638 0.9954045 -30.76747
0.9862262 0.1653073 -0.005599655 454.2806 -0.1640614 0.9819736 0.09387182 -86.8889 0.0210164 -0.09166016 0.9955686 -30.88098
0.9863175 0.1648412 -0.0022921 455.5041 -0.1638058 0.9815006 0.09911606 -87.09962 0.01858811 -0.09738445 0.9950733 -31.06619
0.9857799 0.167884 -0.007284207 456.7593 -0.1664047 0.9812942 0.0968052 -87.33447 0.02339999 -0.0942165 0.9952767 -31.17924
0.9862482 0.1652707 0.0002895715 457.983 -0.1645028 0.9814939 0.09802275 -87.54441 0.01591607 -0.0967224 0.9951841 -31.35207
0.9857913 0.1678233 -0.007135483 459.1779 -0.1664093 0.9815079 0.09460668 -87.76686 0.02288074 -0.09207503 0.9954892 -31.48872
0.9863909 0.1643846 0.003274592 460.3642 -0.1639167 0.9816403 0.09753699 -87.95396 0.01281911 -0.09674636 0.9952265 -31.64558
0.9859632 0.1669343 -0.003089055 461.5537 -0.1658612 0.9814111 0.09654993 -88.19088 0.01914913 -0.09468232 0.9953234 -31.78985
0.9861031 0.1661338 -0.0005552955 462.692 -0.1653499 0.9817637 0.09380651 -88.3823 0.0161296 -0.09241107 0.9955903 -31.91026
0.9860975 0.1661552 -0.002030424 463.8362 -0.1651872 0.981532 0.09647859 -88.59673 0.01802334 -0.0948019 0.995333 -32.06491
0.9861588 0.1658026 -0.0004611425 464.9531 -0.1649978 0.9816383 0.0957177 -88.79018 0.01632292 -0.09431677 0.9954084 -32.20489
0.9861275 0.1659473 -0.003753879 466.0737 -0.1648214 0.9816142 0.09626754 -88.99556 0.0196602 -0.09431334 0.9953484 -32.32075
0.9864943 0.1637955 -0.000154865 467.1719 -0.1630074 0.9818395 0.0970557 -89.17919 0.01604934 -0.09571964 0.995279 -32.46614
0.9864265 0.1641922 -0.001914694 468.2751 -0.1632652 0.9819682 0.09530378 -89.37532 0.01752831 -0.09369757 0.9954464 -32.58712
0.9870094 0.1606472 0.002216146 469.3423 -0.1601213 0.9824595 0.0955755 -89.55293 0.01317666 -0.09468878 0.9954197 -32.72909
0.9873885 0.1582663 -0.003964368 470.378 -0.1571934 0.9830565 0.09428649 -89.73262 0.01881958 -0.09247423 0.9955372 -32.85812
0.9880381 0.1542092 0.0004363079 471.4026 -0.1535427 0.9834974 0.09569618 -89.90892 0.01432812 -0.09461847 0.9954105 -32.97442
0.9883929 0.1518565 -0.004353979 472.4529 -0.1506548 0.9834554 0.1005919 -90.07877 0.01955747 -0.09876834 0.9949182 -33.12984
0.9889554 0.1482083 -0.001187512 473.4699 -0.1474158 0.9844335 0.09570261 -90.24681 0.01535295 -0.09447055 0.9954093 -33.20728
0.9894738 0.1446557 -0.004031677 474.4651 -0.1435009 0.9844095 0.1017127 -90.40435 0.01868215 -0.1000635 0.9948056 -33.36309
0.9901823 0.1397423 -0.003338488 475.4616 -0.1387455 0.9854621 0.09805157 -90.55411 0.0169919 -0.09662572 0.9951757 -33.43048
