1.0 0.0 0.0 0.0 0.0 1.0 0.0 0.0 0.0 0.0 1.0 0.0
0.9999843 0.003179947 -0.004612816 0.4817463 -0.003195854 0.9999889 -0.003445134 0.001664083 0.00460181 0.003459822 0.9999834 -0.00914019
0.9999972 0.001725418 -0.001602102 0.7612569 -0.00172874 0.9999963 -0.002074358 0.02082408 0.001598517 0.002077121 0.9999965 0.007470888
0.9999879 3.168915e-06 -0.004918942 1.232631 -1.673841e-05 0.9999961 -0.002758581 0.03056174 0.004918915 0.00275863 0.9999841 0.002902215
0.9999952 -0.001864742 -0.00246688 1.986296 0.00185634 0.9999926 -0.003403704 0.03537187 0.002473209 0.003399109 0.9999912 0.01293026
0.9999717 -0.001903538 -0.00727675 2.828518 0.00187559 0.9999907 -0.003845522 0.05801641 0.007284003 0.003831765 0.9999661 -0.01119323
0.9999881 -0.002083192 -0.004396327 3.915185 0.002066012 0.9999901 -0.003908703 0.05614295 0.004404427 0.003899574 0.9999827 -0.01420429
0.9999626 -0.00392209 -0.007701681 5.253767 0.003913595 0.9999918 -0.001117894 0.07607107 0.007706001 0.001087711 0.9999697 -0.03732364
0.9999588 -0.006881873 -0.00593084 6.592034 0.006851713 0.9999635 -0.00509074 0.1109749 0.005965657 0.005049893 0.9999695 -0.05565777
0.9999257 -0.007988948 -0.009209014 7.795674 0.007978354 0.9999676 -0.00118669 0.1231359 0.009218195 0.001113129 0.9999569 -0.07470516
0.9999144 -0.009520723 -0.008971133 9.32369 0.009483744 0.9999465 -0.004155676 0.1395716 0.009010217 0.00407024 0.9999511 -0.1035068
0.9998774 -0.01138627 -0.01074853 10.77797 0.01137977 0.999935 -0.000665831 0.1699957 0.01075542 0.0005434336 0.999942 -0.1246208
0.99986 -0.01175444 -0.01190914 12.0463 0.01171807 0.9999264 -0.003119393 0.1819161 0.01194493 0.002979405 0.9999242 -0.1418557
0.9998258 -0.01277558 -0.01361036 13.4362 0.01276641 0.9999182 -0.0007606745 0.2143815 0.01361897 0.0005867865 0.9999071 -0.1601023
0.9998021 -0.01472573 -0.01338112 15.20061 0.01470349 0.9998903 -0.001759299 0.2366011 0.01340555 0.001562202 0.9999089 -0.2146046
0.9997783 -0.01614558 -0.01351808 17.41027 0.01613767 0.9998695 -0.00069393 0.2542639 0.01352752 0.0004756257 0.9999084 -0.2538184
0.9997833 -0.01658145 -0.01258718 19.74457 0.01657803 0.9998626 -0.0003763617 0.2855372 0.01259169 0.0001676095 0.9999207 -0.2837734
0.9997884 -0.0167393 -0.01195365 22.05469 0.01674105 0.9998599 4.682856e-05 0.2932861 0.01195119 -0.0002469353 0.9999285 -0.3334687
0.9997763 -0.01717329 -0.01234434 24.376 0.01717041 0.9998525 -0.0003399011 0.3206949 0.01234836 0.0001278678 0.9999238 -0.3602454
0.9997638 -0.01783839 -0.01241595 26.64968 0.01781285 0.9998389 -0.002164276 0.3482795 0.01245256 0.001942601 0.9999206 -0.4142314
0.9997662 -0.01817537 -0.0117086 28.93485 0.0181792 0.9998347 0.0002211821 0.3761664 0.01170264 -0.0004339833 0.9999315 -0.4352102
0.9997223 -0.01887506 -0.01411016 31.24718 0.01886529 0.9998217 -0.0008254707 0.398741 0.01412323 0.0005590491 0.9999001 -0.4914851
0.9997278 -0.01923425 -0.01320165 33.52813 0.01925765 0.9998132 0.001647936 0.4361923 0.01316749 -0.00190172 0.9999115 -0.5289066
0.9997104 -0.01929933 -0.01437287 35.80951 0.01929961 0.9998137 -0.0001190115 0.4638725 0.01437249 -0.0001584138 0.9998967 -0.5791093
0.9997095 -0.01977479 -0.01377938 38.08933 0.01974795 0.9998029 -0.002081374 0.4878373 0.01381782 0.001808655 0.9999029 -0.6220537
0.999684 -0.02070384 -0.0142593 40.38616 0.02070447 0.9997855 -0.0001036585 0.5211794 0.01425839 -0.0001916056 0.9998983 -0.6609079
0.9996855 -0.02106269 -0.01361169 42.65425 0.02108505 0.9997765 0.001501295 0.5559073 0.01357702 -0.001787826 0.9999062 -0.6963734
0.9996706 -0.02218683 -0.01290376 44.92645 0.02221416 0.9997513 0.001978231 0.5909156 0.01285665 -0.002264226 0.9999148 -0.7494157
0.9996435 -0.02380539 -0.01209116 47.20892 0.02381762 0.9997158 0.0008686127 0.624239 0.01206705 -0.001156286 0.9999265 -0.8028328
0.9995968 -0.02595848 -0.0115012 49.44602 0.02598392 0.9996603 0.00206849 0.6621656 0.0114436 -0.002366503 0.9999317 -0.840991
0.9994965 -0.02838062 -0.01419182 51.70842 0.02842515 0.9995916 0.002945571 0.7038294 0.01410242 -0.003347493 0.999895 -0.9090275
0.9994713 -0.03047917 -0.0113219 53.93928 0.03051385 0.99953 0.002903134 0.7505211 0.0112281 -0.003247074 0.9999317 -0.9507735
0.9994117 -0.0321301 -0.01199736 56.17535 0.03218728 0.9994712 0.004603292 0.798281 0.01184312 -0.004986747 0.9999174 -0.9885241
0.999395 -0.03385529 -0.007973733 58.40042 0.03388384 0.9994198 0.003473228 0.8442596 0.00785152 -0.003741307 0.9999622 -1.039842
0.9993092 -0.03561393 -0.01061696 60.64734 0.03566727 0.999352 0.004877877 0.8956526 0.01043635 -0.005253185 0.9999318 -1.099521
0.9992491 -0.03779869 -0.008513299 62.88526 0.03783448 0.9992756 0.004081992 0.9564835 0.008352839 -0.004401023 0.9999554 -1.142246
0.9991555 -0.03929734 -0.01199729 65.09688 0.03936271 0.9992111 0.005261314 1.02138 0.01178107 -0.005729117 0.9999142 -1.215482
0.9990904 -0.04114277 -0.01120853 67.32129 0.04118026 0.9991469 0.003135041 1.091109 0.01106999 -0.00359376 0.9999323 -1.257524
0.9990157 -0.04299097 -0.01093034 69.54166 0.04303832 0.9990649 0.004133795 1.160812 0.01074241 -0.004600149 0.9999317 -1.315765
0.9989273 -0.04456268 -0.01258884 71.75403 0.04459872 0.9990016 0.002597011 1.230055 0.01246054 -0.003155672 0.9999174 -1.352374
0.9988629 -0.04613563 -0.01201787 73.97546 0.04617389 0.998929 0.002924674 1.312221 0.01187007 -0.00347626 0.9999235 -1.406047
0.9987434 -0.04820256 -0.01371815 76.17939 0.0482326 0.9988344 0.001867892 1.40325 0.01361212 -0.002527207 0.9999042 -1.439384
0.9986924 -0.04965651 -0.01215554 78.39127 0.04970741 0.9987561 0.003921933 1.494517 0.01194567 -0.004521025 0.9999184 -1.486923
0.9986032 -0.04994915 -0.0172228 80.58908 0.0500612 0.9987272 0.00613706 1.588002 0.01689435 -0.006990683 0.9998329 -1.55858
0.9986008 -0.05072157 -0.01495861 82.79247 0.05076767 0.9987067 0.002718009 1.669548 0.01480141 -0.00347362 0.9998844 -1.606766
0.9985563 -0.05139827 -0.0156055 84.98553 0.05146283 0.9986677 0.003763079 1.768796 0.0153913 -0.00456075 0.9998711 -1.613887
0.9984767 -0.05272043 -0.0162727 87.14502 0.05278812 0.9985986 0.003757614 1.868491 0.01605179 -0.004610895 0.9998605 -1.649892
0.9984652 -0.05223457 -0.01840834 89.38039 0.05242631 0.9985739 0.0100918 1.962624 0.01785495 -0.01104139 0.9997796 -1.709033
0.9984019 -0.05393366 -0.01687227 91.54741 0.05416569 0.9984392 0.01361143 2.061103 0.01611182 -0.01450358 0.999765 -1.814533
0.9981902 -0.0560263 -0.02184831 93.74099 0.05619854 0.9983927 0.007350442 2.171412 0.02140137 -0.008564982 0.9997343 -1.881967
0.9983135 -0.05618948 -0.01458996 95.91785 0.05623804 0.998413 0.00293955 2.261907 0.01440163 -0.003755103 0.9998893 -1.899673
0.9981455 -0.0569583 -0.02147851 98.09452 0.05695927 0.9983765 -0.0005667489 2.370807 0.02147591 -0.0006577022 0.9997692 -1.979038
0.9982956 -0.05679859 -0.01340894 100.266 0.05680075 0.9983855 -0.0002200838 2.468765 0.01339979 -0.000541929 0.9999101 -1.961365
0.9980872 -0.05885934 -0.01891118 102.4506 0.05896879 0.9982457 0.005282338 2.585717 0.01856709 -0.006387404 0.9998072 -2.022076
0.9981109 -0.05975634 -0.01427707 104.6365 0.05980691 0.9982051 0.003141165 2.695323 0.01406373 -0.003989099 0.9998931 -2.07451
0.9980255 -0.06049617 -0.0168901 106.798 0.06057022 0.9981562 0.003907261 2.80839 0.01662259 -0.004922583 0.9998497 -2.107826
0.9980124 -0.0615141 -0.01368172 108.9966 0.06153831 0.9981039 0.00135513 2.923776 0.01357241 -0.002194386 0.9999055 -2.17244
0.9979241 -0.06272517 -0.01459116 111.1742 0.06279737 0.9980161 0.004542679 3.041047 0.01427727 -0.005449535 0.9998832 -2.184292
0.9978575 -0.06381314 -0.0144349 113.3434 0.06386638 0.9979532 0.003257444 3.158299 0.01419749 -0.00417237 0.9998905 -2.259225
0.9978291 -0.06505579 -0.01023867 115.5088 0.06511089 0.9978647 0.005143679 3.275548 0.009882187 -0.005799162 0.9999344 -2.308835
0.9977325 -0.06631694 -0.01148847 117.6927 0.06639443 0.9977722 0.006499656 3.398593 0.01103184 -0.007247689 0.9999129 -2.356296
0.9976837 -0.06709152 -0.01122188 119.8628 0.06716725 0.9977206 0.006512149 3.518784 0.01075939 -0.007250808 0.9999158 -2.435442
0.9975585 -0.0683892 -0.01413945 122.0331 0.068492 0.9976277 0.006918039 3.652329 0.01363279 -0.007869588 0.9998761 -2.475976
0.997481 -0.06942381 -0.01456033 124.2224 0.06952618 0.997558 0.00664589 3.783948 0.01406339 -0.007641473 0.9998719 -2.559925
0.9973812 -0.07081027 -0.01471635 126.3914 0.07088891 0.9974722 0.004891309 3.917559 0.0143328 -0.005921726 0.9998797 -2.57903
0.9973172 -0.07184427 -0.01402795 128.5798 0.07196224 0.9973745 0.008093889 4.053818 0.01340962 -0.009081657 0.9998689 -2.6544
0.9971853 -0.07296958 -0.01723159 130.7515 0.07308827 0.9973052 0.006360261 4.193098 0.01672105 -0.007601786 0.9998313 -2.700129
0.9972265 -0.07281608 -0.015398 132.9057 0.07293151 0.9973118 0.007071333 4.328696 0.0148417 -0.00817472 0.9998564 -2.760481
0.9970756 -0.07359833 -0.02058278 135.0782 0.07371455 0.997267 0.004944787 4.477306 0.0201626 -0.006447576 0.9997759 -2.822021
0.9972603 -0.07266372 -0.01385561 137.2544 0.0727502 0.997333 0.005841937 4.613174 0.01339416 -0.00683393 0.9998869 -2.871774
0.9970255 -0.07409099 -0.0212262 139.453 0.07426074 0.9972119 0.007323215 4.758369 0.02062444 -0.008877706 0.9997479 -2.91312
0.9971858 -0.07343856 -0.01507235 141.6055 0.07354321 0.9972708 0.006509318 4.899056 0.01455318 -0.007599468 0.9998652 -2.963667
0.9970277 -0.07427909 -0.02045376 143.7923 0.07442898 0.9972039 0.006665881 5.041953 0.01990144 -0.008168421 0.9997686 -3.024107
0.9971557 -0.07400787 -0.01425977 145.9623 0.07409249 0.9972364 0.005499999 5.185424 0.01381332 -0.006540897 0.9998832 -3.080374
0.9970654 -0.07476412 -0.01646075 148.1846 0.07491812 0.9971495 0.008946456 5.329898 0.01574496 -0.01015341 0.9998245 -3.120291
0.9970686 -0.07460739 -0.01696831 150.3417 0.07476954 0.9971589 0.009130351 5.478909 0.01623891 -0.0103723 0.9998143 -3.215721
0.9969589 -0.07524493 -0.02027554 152.5179 0.07541657 0.9971213 0.007837547 5.625173 0.01962744 -0.009342823 0.9997637 -3.260108
0.9969519 -0.07548863 -0.01970395 154.7137 0.07562378 0.997117 0.006205746 5.775901 0.01917868 -0.007676918 0.9997866 -3.291876
0.9968517 -0.07719097 -0.01812 156.9196 0.07726681 0.9970042 0.003522278 5.925372 0.01779382 -0.004911263 0.9998296 -3.353187
0.9968851 -0.07775587 -0.01319431 159.0945 0.07785553 0.9969385 0.0072151 6.063506 0.0125929 -0.008219875 0.9998869 -3.388567
0.9966943 -0.07927426 -0.01777954 161.2904 0.07949478 0.9967624 0.01205867 6.226088 0.01676603 -0.01343218 0.9997692 -3.467447
0.996594 -0.07994394 -0.02023441 163.4862 0.08017211 0.9967234 0.01072661 6.391906 0.01931059 -0.01231231 0.9997377 -3.516644
0.9965377 -0.08068658 -0.02005713 165.6952 0.08092596 0.9966546 0.01142307 6.543242 0.01906834 -0.01300666 0.9997336 -3.616181
0.9964495 -0.08132895 -0.02177298 167.8687 0.08161702 0.996583 0.01268481 6.701239 0.02066694 -0.01441682 0.9996825 -3.686124
0.9963972 -0.08208127 -0.02133745 170.0725 0.08230625 0.9965581 0.009886763 6.861054 0.02045249 -0.01160735 0.9997234 -3.743426
0.9963991 -0.08296667 -0.01747446 172.2957 0.083096 0.9965184 0.006808802 7.030316 0.01684872 -0.008236342 0.9998241 -3.786947
0.9963151 -0.08385456 -0.01802109 174.495 0.08397927 0.9964476 0.006276757 7.191022 0.01743074 -0.007767026 0.9998179 -3.828369
0.9962769 -0.08458749 -0.01665424 176.7128 0.08479606 0.996323 0.012242 7.365601 0.01555749 -0.01360863 0.9997864 -3.903198
0.9961287 -0.08565988 -0.01974846 178.9286 0.08585662 0.9962636 0.009337633 7.537128 0.01887481 -0.01099702 0.9997614 -3.951249
0.9960613 -0.08698747 -0.01717523 181.1597 0.08720513 0.9961138 0.01235784 7.709216 0.01603351 -0.01380693 0.9997761 -4.015839
0.9958158 -0.08912113 -0.02020508 183.4073 0.08933204 0.9959539 0.009786588 7.887982 0.01925114 -0.0115506 0.9997479 -4.070534
0.9956358 -0.09131026 -0.01928062 185.6518 0.09149206 0.9957671 0.0087651 8.081358 0.01839867 -0.01049087 0.9997757 -4.163068
0.9954581 -0.09306879 -0.02003277 187.8773 0.09323256 0.9956169 0.007399861 8.254645 0.01925627 -0.009233958 0.999772 -4.204456
0.9952502 -0.09518315 -0.02042606 190.1331 0.0953839 0.9953991 0.009087835 8.457536 0.01946707 -0.01099299 0.9997501 -4.25876
0.9951065 -0.0968122 -0.01975907 192.3848 0.09701587 0.9952364 0.00962125 8.649004 0.01873349 -0.01149111 0.9997585 -4.316763
0.9949694 -0.09838352 -0.01888467 194.6308 0.09859081 0.9950739 0.01037651 8.860896 0.01777077 -0.01218616 0.9997678 -4.376631
0.9948152 -0.09942763 -0.02137316 196.8848 0.09963618 0.9949839 0.008922648 9.060667 0.02037879 -0.01100593 0.9997318 -4.454638
0.9947138 -0.1007381 -0.01990882 199.154 0.1009369 0.9948498 0.009243663 9.266415 0.0188751 -0.01120433 0.9997591 -4.489595
0.9946932 -0.1004861 -0.02209107 201.4143 0.1007062 0.9948747 0.009084185 9.47774 0.02106501 -0.01126068 0.9997147 -4.563474
0.9945956 -0.1015279 -0.02171725 203.6788 0.1017394 0.9947716 0.00886362 9.694074 0.0207038 -0.01102522 0.9997249 -4.608482
0.9944518 -0.1024184 -0.02400319 205.9629 0.1026292 0.9946898 0.007715798 9.906487 0.02308548 -0.01013642 0.9996821 -4.690548
0.9944175 -0.103049 -0.02268613 208.2182 0.1032293 0.9946336 0.006923413 10.12479 0.02185093 -0.009226637 0.9997187 -4.743618
0.9943088 -0.1039148 -0.02349067 210.4842 0.1042014 0.9944917 0.01132223 10.33995 0.02218474 -0.01370556 0.99966 -4.810873
0.9943491 -0.1041146 -0.02073789 212.7554 0.1043505 0.9944837 0.010633 10.55042 0.01951644 -0.01273692 0.9997284 -4.868267
0.9943608 -0.103835 -0.02156029 214.9945 0.1041023 0.9944981 0.01166428 10.76426 0.02023051 -0.01384298 0.9996995 -4.956769
0.9943472 -0.1049179 -0.01630688 217.2687 0.1050271 0.9944513 0.00599222 10.98144 0.01558771 -0.007671012 0.9998491 -5.016836
0.9941884 -0.1055971 -0.02094613 219.5321 0.105841 0.9943234 0.01089355 11.19456 0.0196769 -0.0130472 0.9997212 -5.079854
0.9941661 -0.1060664 -0.01958643 221.7728 0.1061104 0.9943535 0.001215169 11.4341 0.01934695 -0.003286403 0.9998074 -5.058045
0.9941252 -0.1064212 -0.01973782 224.0196 0.1066071 0.994264 0.008611617 11.64921 0.01870815 -0.01066522 0.9997681 -5.166849
0.9941299 -0.1064514 -0.01933604 226.2763 0.1066262 0.9942648 0.008247256 11.86889 0.01834721 -0.01026057 0.999779 -5.180793
0.9939734 -0.1077107 -0.02037839 228.5034 0.1079082 0.9941214 0.008848242 12.08529 0.01930554 -0.01099391 0.9997532 -5.279704
0.9940084 -0.1077682 -0.01826009 230.7549 0.1078941 0.9941441 0.006050168 12.29747 0.01750114 -0.007984073 0.999815 -5.300014
0.9940886 -0.1073593 -0.01618182 233.0181 0.1074748 0.9941869 0.006441026 12.53117 0.01539624 -0.008142088 0.9998483 -5.381382
0.994144 -0.1060866 -0.0205732 235.315 0.1062048 0.9943329 0.004735574 12.74877 0.01995424 -0.006892815 0.9997771 -5.453624
0.9942632 -0.1050392 -0.02018498 237.5551 0.1051813 0.9944342 0.006108753 12.96797 0.01943098 -0.00819679 0.9997776 -5.47583
0.994339 -0.1034516 -0.02423986 239.803 0.1037196 0.9945556 0.01006886 13.18221 0.02306625 -0.01252601 0.9996555 -5.552999
0.9944584 -0.1032023 -0.02004504 242.0398 0.103355 0.9946218 0.006733983 13.40234 0.01924227 -0.008768421 0.9997764 -5.5875
0.9945307 -0.1023624 -0.02074982 244.315 0.1025258 0.9947059 0.006967839 13.61354 0.01992673 -0.009057121 0.9997604 -5.646903
0.9945483 -0.1029993 -0.01627601 246.5852 0.1031277 0.9946418 0.007255288 13.83035 0.01544151 -0.008894241 0.9998412 -5.676134
0.9946705 -0.1011098 -0.02018789 248.8501 0.1013004 0.9948182 0.008647659 14.03248 0.01920891 -0.01064661 0.9997588 -5.784147
0.9947506 -0.1007394 -0.01796763 251.1327 0.1008806 0.994873 0.007131264 14.24484 0.01715711 -0.008906414 0.9998131 -5.801074
0.994765 -0.1001924 -0.02009977 253.4019 0.1004119 0.9948933 0.01022191 14.45267 0.01897297 -0.01218665 0.9997457 -5.882485
0.9946688 -0.1011913 -0.01985615 255.6863 0.1013405 0.9948294 0.006657165 14.67115 0.01907984 -0.008633907 0.9997807 -5.925251
0.9946293 -0.1016819 -0.01932504 257.9814 0.101896 0.9947404 0.01043452 14.88322 0.01816239 -0.01234762 0.9997588 -5.978166
0.9946172 -0.1015784 -0.02045537 260.227 0.1017363 0.9947881 0.006828255 15.09982 0.01965516 -0.008872554 0.9997674 -6.03204
0.9945713 -0.1021689 -0.01973358 262.5482 0.1023657 0.994704 0.009233407 15.31449 0.0186857 -0.01120332 0.9997627 -6.093082
0.9945471 -0.102231 -0.02061469 264.8789 0.1023893 0.9947215 0.006774972 15.54221 0.01981326 -0.008848753 0.9997646 -6.123426
0.9945599 -0.1028185 -0.0166991 267.1389 0.1029968 0.9946296 0.01018763 15.74299 0.01556194 -0.01185216 0.9998087 -6.205203
0.9943484 -0.1044455 -0.01903761 269.4619 0.1046383 0.9944656 0.009427152 15.97403 0.01794763 -0.01136594 0.9997743 -6.236105
0.9943295 -0.104847 -0.0177771 271.7267 0.1050356 0.9944178 0.0100287 16.18803 0.01662639 -0.01183906 0.9997917 -6.320262
0.9942408 -0.1055757 -0.01841233 274.0517 0.1058199 0.9943024 0.01283063 16.41851 0.01695282 -0.01470513 0.9997482 -6.357456
0.9940846 -0.1072357 -0.01721251 276.357 0.1074321 0.9941525 0.01091911 16.6425 0.01594094 -0.0127037 0.9997922 -6.456816
0.9940268 -0.107556 -0.01850478 278.6335 0.1077707 0.9941146 0.01102199 16.85788 0.01721039 -0.01295043 0.999768 -6.502706
0.9939454 -0.1085861 -0.01678485 280.949 0.1087373 0.9940352 0.008371541 17.09643 0.0157757 -0.01014599 0.9998241 -6.565141
0.9937338 -0.1101344 -0.01907051 283.2554 0.110325 0.9938524 0.009249201 17.32879 0.01793462 -0.0112952 0.9997754 -6.631917
0.9936915 -0.1108117 -0.01726285 285.5353 0.1109207 0.9938141 0.005483903 17.55023 0.01654838 -0.007364115 0.999836 -6.673436
0.9935664 -0.1119494 -0.01712025 287.8631 0.1121404 0.9936354 0.0106309 17.7894 0.01582117 -0.01248238 0.9997969 -6.75421
0.9934182 -0.1135671 -0.01493006 290.163 0.1136938 0.993484 0.007933398 18.03846 0.0139318 -0.009578637 0.9998571 -6.788133
0.9932914 -0.1143516 -0.0171987 292.4478 0.1145546 0.9933525 0.01131943 18.26816 0.01578998 -0.01321369 0.999788 -6.899817
0.9931569 -0.1155528 -0.01693735 294.7661 0.1157081 0.9932472 0.008490984 18.52582 0.01584182 -0.01039267 0.9998205 -6.937265
0.9930565 -0.1160653 -0.01917388 297.066 0.1162792 0.9931618 0.01044542 18.77112 0.01783042 -0.01260241 0.9997616 -7.029413
0.992871 -0.1172601 -0.02138519 299.3633 0.1174839 0.993029 0.009525471 19.0291 0.02011916 -0.01196998 0.9997259 -7.078629
0.9928312 -0.1177268 -0.02065469 301.6732 0.1179413 0.9929754 0.009490337 19.27534 0.01939233 -0.01185834 0.9997416 -7.147745
0.9927275 -0.1187983 -0.01947321 303.965 0.1189999 0.9928484 0.009539139 19.5347 0.01820071 -0.01178708 0.9997649 -7.212154
0.992641 -0.1198922 -0.01701716 306.2634 0.1200154 0.9927512 0.006406968 19.79233 0.01612566 -0.00840214 0.9998347 -7.249176
0.9925478 -0.1205297 -0.01792966 308.5667 0.1207328 0.9926273 0.01070805 20.05116 0.01650683 -0.01279295 0.9997819 -7.33709
0.9924527 -0.1214572 -0.01690209 310.864 0.121633 0.9925268 0.009793768 20.31476 0.01558626 -0.0117757 0.9998092 -7.364631
0.992418 -0.1216284 -0.01769417 313.1529 0.1218263 0.9924951 0.01056851 20.57353 0.01627595 -0.012644 0.9997876 -7.480955
0.9924352 -0.1211714 -0.01974429 315.4606 0.1213716 0.9925637 0.009269946 20.83584 0.01847422 -0.01159622 0.9997621 -7.503342
0.9925021 -0.1206467 -0.01959504 317.7554 0.1208921 0.9925948 0.01186074 21.10232 0.01801898 -0.01414069 0.9997376 -7.596713
0.9925139 -0.119908 -0.02319963 320.0568 0.1202324 0.9926591 0.01312714 21.3675 0.02145527 -0.01581822 0.9996446 -7.661212
0.992547 -0.1199363 -0.0215827 322.3659 0.1202175 0.9926722 0.01223683 21.63137 0.01995691 -0.01474024 0.9996922 -7.715413
0.9925569 -0.1199444 -0.02107695 324.6863 0.120198 0.9926866 0.01120817 21.89647 0.01957845 -0.01365815 0.999715 -7.81429
0.9925917 -0.1202448 -0.01740582 326.9898 0.1204286 0.9926724 0.009918385 22.16571 0.01608564 -0.01194106 0.9997993 -7.830116
0.9926663 -0.1197402 -0.01661211 329.3108 0.1199286 0.9927233 0.01085116 22.41263 0.0151919 -0.01276385 0.9998031 -7.918916
0.9926705 -0.1198612 -0.01544674 331.6214 0.1200484 0.9926976 0.01182127 22.67849 0.01391704 -0.01358898 0.9998108 -7.960215
0.9926842 -0.1198872 -0.01431761 333.9243 0.120053 0.9927027 0.01134191 22.9364 0.01285337 -0.01297781 0.9998332 -8.067487
0.9927155 -0.119627 -0.01432966 336.2746 0.1197769 0.9927495 0.01010146 23.20377 0.01301735 -0.01174424 0.9998463 -8.106181
0.9928316 -0.1190694 -0.01038655 338.5813 0.1191827 0.9928107 0.01106603 23.45161 0.008994253 -0.0122246 0.9998848 -8.140787
0.9927944 -0.1193543 -0.01067169 340.9142 0.1194851 0.9927562 0.01259159 23.71797 0.009091527 -0.01377597 0.9998638 -8.228279
0.9927841 -0.1197181 -0.006874207 343.2527 0.1198013 0.9927084 0.01333231 23.97118 0.005227965 -0.01405964 0.9998875 -8.288652
0.992752 -0.1199213 -0.007893041 345.5804 0.1200359 0.9926385 0.01612622 24.23179 0.005901059 -0.01695679 0.9998388 -8.370011
0.9928158 -0.1194834 -0.00636356 347.9139 0.1195625 0.992728 0.01400331 24.48724 0.004644121 -0.01466355 0.9998817 -8.450089
0.9927827 -0.1197553 -0.006420818 350.2582 0.1198473 0.9926527 0.01665184 24.74711 0.004379496 -0.01730117 0.9998407 -8.52389
0.9927938 -0.1196872 -0.005951007 352.6159 0.1197614 0.9927001 0.01426193 25.01585 0.004200595 -0.01487186 0.9998806 -8.594791
0.9928288 -0.1194807 -0.003919786 354.9565 0.1195265 0.9927185 0.01495289 25.26842 0.002104662 -0.01531418 0.9998805 -8.69629
0.9927775 -0.1199137 -0.00369721 357.2867 0.1199548 0.9926758 0.01433899 25.53006 0.001950691 -0.01467892 0.9998903 -8.736564
0.9927797 -0.1199502 -0.000717546 359.6373 0.1199464 0.9926537 0.01585701 25.79592 -0.001189776 -0.01582858 0.999874 -8.819333
0.9927434 -0.1202478 -0.0009954631 361.9838 0.1202477 0.9926046 0.01662634 26.04319 -0.001011179 -0.01662539 0.9998613 -8.902005
0.9927812 -0.1199185 0.002266996 364.3103 0.1198728 0.9926804 0.01469324 26.3064 -0.004012395 -0.01431542 0.9998895 -8.969928
0.9927528 -0.120128 0.003345344 366.6881 0.1200549 0.9926218 0.01699589 26.57024 -0.005362344 -0.01647109 0.99985 -9.044011
0.9927701 -0.1199539 0.004317389 369.0252 0.1198682 0.9926535 0.01646029 26.81904 -0.006260146 -0.01582376 0.9998552 -9.134183
0.9928364 -0.1193696 0.00518852 371.3721 0.1192644 0.9927123 0.01727795 27.08084 -0.007213169 -0.01653537 0.9998373 -9.198288
0.9927913 -0.1197675 0.004597973 373.7057 0.1196777 0.9926771 0.0164122 27.3339 -0.006529951 -0.01574362 0.9998547 -9.28434
0.9928865 -0.1189324 0.00560546 376.0427 0.1188228 0.9927707 0.0169584 27.59117 -0.007581839 -0.01617171 0.9998405 -9.376423
0.992811 -0.1196095 0.004469292 378.4008 0.119519 0.9926889 0.01684687 27.84815 -0.006451664 -0.0161916 0.9998481 -9.433804
0.9928253 -0.1193803 0.006802634 380.7377 0.1192436 0.9927047 0.01783152 28.10225 -0.008881739 -0.01689241 0.9998178 -9.525206
0.992781 -0.1197831 0.006143665 383.0852 0.1196487 0.9926362 0.01890011 28.36202 -0.00836234 -0.01802859 0.9998025 -9.581321
0.9927294 -0.1199944 0.009468804 385.4449 0.1197991 0.9926156 0.01903923 28.62357 -0.01168349 -0.01776646 0.9997739 -9.682624
0.9926844 -0.1202742 0.01057682 387.7885 0.1200408 0.992558 0.02046596 28.87637 -0.01295964 -0.01904658 0.9997346 -9.752729
0.9926382 -0.1204653 0.0125478 390.1506 0.1202303 0.9925818 0.01804984 29.13396 -0.0146291 -0.01640834 0.9997584 -9.838737
0.9927276 -0.1196381 0.0133618 392.5235 0.1193868 0.9926801 0.01824836 29.38502 -0.0154472 -0.01652043 0.9997442 -9.93302
0.9927331 -0.1195328 0.01389346 394.8655 0.1192867 0.992708 0.01737228 29.6364 -0.01586871 -0.01558873 0.9997526 -9.994375
0.9927061 -0.1195685 0.01543019 397.2496 0.1192723 0.9926822 0.0188708 29.89494 -0.01757363 -0.01689276 0.9997029 -10.12025
0.9927077 -0.1196587 0.0146045 399.6208 0.1193771 0.9926702 0.01883781 30.16093 -0.01675156 -0.016957 0.9997159 -10.15899
0.9927186 -0.1194198 0.01577172 401.9974 0.1191101 0.9926934 0.01930199 30.42225 -0.01796153 -0.01728288 0.9996893 -10.28565
0.9927218 -0.1194463 0.01536202 404.3673 0.1191166 0.9926615 0.02083936 30.67727 -0.01773848 -0.01885781 0.9996648 -10.34457
0.9927223 -0.1192885 0.01651058 406.7615 0.1189781 0.9927217 0.01865575 30.93234 -0.01861583 -0.01655558 0.9996896 -10.42163
0.992665 -0.119506 0.01828997 409.1391 0.1191431 0.9926796 0.01979646 31.19851 -0.02052188 -0.01747213 0.9996367 -10.53729
0.9926341 -0.1197208 0.01855806 411.5332 0.1193725 0.9926703 0.01886408 31.4599 -0.02068046 -0.01650981 0.9996498 -10.59535
0.9926465 -0.1195789 0.01880876 413.9234 0.1192062 0.9926717 0.0198282 31.7241 -0.02104195 -0.01744028 0.9996265 -10.71874
0.992582 -0.1200942 0.01892914 416.3094 0.1197532 0.9926362 0.01822827 31.99114 -0.02097886 -0.01582623 0.9996547 -10.78161
0.9925525 -0.120249 0.01948606 418.6921 0.1198615 0.9925897 0.01996926 32.24999 -0.02174295 -0.01748491 0.9996107 -10.89182
0.9926109 -0.1197457 0.01961245 421.0787 0.1193606 0.9926543 0.01975373 32.51562 -0.02183381 -0.01726681 0.9996125 -10.97524
0.9925672 -0.1199408 0.0206023 423.4609 0.1195022 0.9926044 0.02135052 32.77153 -0.02301073 -0.0187298 0.9995598 -11.06543
0.9925259 -0.1199768 0.02231621 425.8509 0.1194645 0.9925714 0.02303074 33.02913 -0.02491358 -0.02019261 0.9994857 -11.15863
0.9925599 -0.1197529 0.02200113 428.2249 0.1192389 0.9925908 0.02335431 33.28727 -0.02463486 -0.02055716 0.9994851 -11.25892
0.9925675 -0.1195722 0.02263178 430.6067 0.1190478 0.9926161 0.02325724 33.54566 -0.02524558 -0.02039012 0.9994733 -11.3365
0.9925795 -0.1192121 0.02396591 432.992 0.1185964 0.9926111 0.02565489 33.80721 -0.0268472 -0.02262224 0.9993836 -11.4521
0.9925761 -0.1194685 0.02280222 435.3839 0.1189219 0.9926138 0.02399185 34.0667 -0.02550007 -0.02110206 0.9994521 -11.53616
0.9925277 -0.1196462 0.02395055 437.7663 0.1190802 0.9925991 0.02381367 34.32763 -0.0266225 -0.02078369 0.9994295 -11.64143
0.9925885 -0.1192241 0.02352952 440.1617 0.1186858 0.9926635 0.02308724 34.59107 -0.02610945 -0.02012351 0.9994565 -11.74109
0.9925553 -0.1192541 0.02474599 442.5648 0.1186456 0.9926281 0.0247571 34.84672 -0.02751595 -0.02163679 0.9993871 -11.83216
0.9925573 -0.1191821 0.02501005 444.976 0.1185624 0.992633 0.0249554 35.11119 -0.02780004 -0.02180442 0.9993756 -11.92381
0.9924771 -0.119146 0.02816858 447.3941 0.1184151 0.992615 0.02633219 35.37857 -0.03109792 -0.02279851 0.9992563 -12.02618
0.9924877 -0.1192611 0.02729345 449.8329 0.1185098 0.9925673 0.02766856 35.64237 -0.03039037 -0.02422616 0.9992445 -12.13111
0.992532 -0.1189744 0.02693196 452.248 0.1182124 0.9925845 0.02831664 35.89938 -0.0301012 -0.02492148 0.9992361 -12.24729
0.9926881 -0.1183353 0.0238144 454.6712 0.1176687 0.9926671 0.02768416 36.1632 -0.02691578 -0.02467952 0.999333 -12.34577
0.9927594 -0.1179496 0.02272942 457.082 0.1173544 0.992751 0.02595406 36.41826 -0.02562592 -0.02309874 0.9994047 -12.46366
0.9927545 -0.1177607 0.02389262 459.5376 0.1170662 0.9927109 0.02864187 36.68698 -0.02709136 -0.02563733 0.9993042 -12.53501
0.9927181 -0.1182295 0.02307659 461.9779 0.1174803 0.9925756 0.03149753 36.95271 -0.02662919 -0.02855713 0.9992374 -12.68505
0.9925649 -0.1188096 0.02644182 464.4598 0.1180518 0.9925958 0.0285884 37.20513 -0.02964262 -0.02525434 0.9992415 -12.75353
0.9925101 -0.1188733 0.02815712 466.9088 0.1180302 0.992559 0.02992556 37.47167 -0.03150496 -0.02637803 0.9991555 -12.88129
0.9926671 -0.1184411 0.02415968 469.3777 0.1176273 0.9925189 0.03271218 37.74035 -0.02785341 -0.02963046 0.9991727 -13.00567
0.9927592 -0.1173427 0.02568814 471.8432 0.1164256 0.9925935 0.03468807 38.01357 -0.02956827 -0.03144614 0.999068 -13.11226
0.9929661 -0.1156809 0.02522421 474.3208 0.1148183 0.9928275 0.03332272 38.27461 -0.02889809 -0.03019213 0.9991263 -13.25789
0.9931251 -0.1132211 0.02972292 476.7995 0.1123439 0.9932256 0.02969353 38.5173 -0.0328835 -0.0261502 0.999117 -13.35917
0.9934593 -0.1102027 0.02989854 479.2755 0.1093234 0.9935652 0.02960513 38.76171 -0.03296871 -0.02614288 0.9991144 -13.47385
0.9938585 -0.1071236 0.02774801 481.7332 0.106349 0.9939336 0.02803504 39.01142 -0.03058289 -0.02491189 0.9992217 -13.54874
0.9941432 -0.1034446 0.03128029 484.252 0.1028002 0.9944686 0.02155788 39.24276 -0.03333731 -0.018216 0.9992781 -13.64384
0.9944033 -0.09884073 0.03731769 486.735 0.09787285 0.9948343 0.02693276 39.46135 -0.03978698 -0.02312963 0.9989405 -13.68558
0.9949445 -0.09397984 0.03540124 489.2468 0.09292604 0.9952112 0.03032466 39.6755 -0.03808161 -0.02688166 0.998913 -13.82241
0.9952126 -0.08919535 0.0399507 491.7174 0.08834391 0.9958335 0.02259698 39.86724 -0.0417998 -0.0189594 0.9989461 -13.96969
0.9955207 -0.0849301 0.04153751 494.2043 0.08385811 0.9961145 0.02690611 40.06149 -0.04366126 -0.02330234 0.9987746 -14.01665
0.9959908 -0.08169463 0.03644586 496.7012 0.08053365 0.9962296 0.03226246 40.24691 -0.03894411 -0.029198 0.9988147 -14.1301
0.996062 -0.07909099 0.04006369 499.2284 0.07803891 0.9965798 0.02717878 40.41988 -0.04207626 -0.02394523 0.9988274 -14.26175
0.9960882 -0.07689147 0.04354329 501.7475 0.0756813 0.9967163 0.02879266 40.58683 -0.04561422 -0.02538461 0.9986365 -14.34537
0.996379 -0.07424187 0.04143863 504.189 0.07305007 0.9968898 0.02957172 40.73838 -0.04350521 -0.02643754 0.9987034 -14.45139
0.9963875 -0.07183659 0.04529379 506.7045 0.07058632 0.997095 0.02862558 40.88925 -0.04721856 -0.02532504 0.9985635 -14.55831
0.9966154 -0.06938453 0.04408555 509.2627 0.06812941 0.9972442 0.0293637 41.03748 -0.04600145 -0.02626079 0.9985961 -14.65205
0.9966952 -0.06709972 0.04578489 511.7853 0.06575173 0.9973748 0.03034033 41.18203 -0.04770052 -0.02722962 0.9984905 -14.7689
0.9966863 -0.06588207 0.0477081 514.3034 0.0643481 0.9973816 0.03300691 41.32798 -0.04975774 -0.02982761 0.9983158 -14.86912
0.9966956 -0.06509291 0.04858732 516.8658 0.06354007 0.9974385 0.03284932 41.46159 -0.05060112 -0.02965353 0.9982786 -14.98532
0.9967659 -0.06450441 0.04792744 519.3768 0.06292596 0.9974475 0.03374527 41.59185 -0.04998182 -0.03062025 0.9982806 -15.09975
0.996812 -0.06417153 0.04741127 521.8972 0.06260771 0.9974668 0.03376542 41.72235 -0.04945796 -0.03068946 0.9983046 -15.23256
0.9968937 -0.06273159 0.04761991 524.4186 0.06133434 0.9976585 0.03025827 41.84843 -0.04940656 -0.02724354 0.9984071 -15.33771
0.9969822 -0.06035495 0.04882297 527.0019 0.05889376 0.997788 0.03083402 41.9808 -0.05057596 -0.0278656 0.9983314 -15.43583
0.9969788 -0.05829959 0.05132597 529.4677 0.05682009 0.9979388 0.02982882 42.10388 -0.05295918 -0.02682235 0.9982364 -15.52436
0.9972167 -0.05624687 0.04894026 531.9805 0.05471028 0.9979832 0.03219094 42.21893 -0.05065221 -0.02942381 0.9982828 -15.6363
0.99735 -0.0542909 0.0484308 534.557 0.05280871 0.9981115 0.03137691 42.33187 -0.05004282 -0.02873619 0.9983336 -15.76503
0.9972438 -0.05255281 0.05237461 537.015 0.05088836 0.9981713 0.03262279 42.43734 -0.05399325 -0.02986761 0.9980945 -15.85019
0.997186 -0.05075006 0.05517733 539.3696 0.04921451 0.9983718 0.02884165 42.53404 -0.0565512 -0.02604496 0.9980599 -15.95197
0.997264 -0.04840471 0.05587129 541.6686 0.04688668 0.9985029 0.02816907 42.61947 -0.05715116 -0.02547238 0.9980406 -16.05682
0.9973606 -0.04636578 0.05587501 543.9288 0.04472949 0.998543 0.03018854 42.70542 -0.05719331 -0.0276096 0.9979813 -16.14325
0.9974139 -0.0442739 0.0566155 546.2492 0.0426943 0.9986725 0.02881273 42.78659 -0.05781601 -0.02632106 0.9979802 -16.25684
0.9975957 -0.04167043 0.05537421 548.6544 0.04023587 0.9988315 0.02677423 42.87175 -0.05642519 -0.02448183 0.9981066 -16.31801
0.9977071 -0.03905698 0.05527359 550.8544 0.03771767 0.998974 0.02507024 42.94287 -0.05619604 -0.02292796 0.9981564 -16.42438
0.9976935 -0.0368897 0.05698046 553.1648 0.03548976 0.9990476 0.02538866 43.00258 -0.05786277 -0.02330788 0.9980524 -16.50638
0.9976604 -0.03439959 0.05907962 555.4814 0.03286421 0.9991012 0.02676659 43.07003 -0.05994729 -0.02476236 0.9978943 -16.59567
0.9977404 -0.03239113 0.05886414 557.6686 0.03077606 0.9991301 0.02813996 43.12497 -0.05972442 -0.02626477 0.9978693 -16.70212
0.997952 -0.02993762 0.05652788 559.9357 0.02835966 0.9991909 0.0285138 43.17532 -0.05733578 -0.0268523 0.9979938 -16.78908
0.9979267 -0.02741999 0.05822822 562.3185 0.025791 0.9992597 0.02854566 43.22337 -0.05896784 -0.02698471 0.9978951 -16.90584
0.9979326 -0.02487385 0.05926147 564.5398 0.02322021 0.9993261 0.02843119 43.26075 -0.05992872 -0.02699635 0.9978375 -17.00315
0.9980934 -0.02286012 0.05733197 566.6822 0.02124339 0.9993637 0.02865222 43.29761 -0.05795048 -0.02737966 0.9979439 -17.08521
0.9981952 -0.0203358 0.05650461 568.9167 0.01893271 0.9995017 0.0252568 43.32383 -0.05699007 -0.02414143 0.9980828 -17.18227
0.9983111 -0.01788467 0.05527269 571.1718 0.01650255 0.999542 0.02536162 43.34793 -0.05570097 -0.02440664 0.9981492 -17.27098
0.998246 -0.01579961 0.05705497 573.2665 0.01425584 0.9995239 0.02736397 43.37244 -0.05746015 -0.02650261 0.997996 -17.347
0.9981737 -0.01396808 0.05877325 575.6072 0.01232861 0.9995272 0.02816552 43.38105 -0.05913888 -0.02738949 0.997874 -17.43914
0.998125 -0.01266111 0.05988466 577.7474 0.01097853 0.9995378 0.02834308 43.38786 -0.06021585 -0.0276325 0.9978029 -17.53269
0.9982093 -0.01119143 0.05876141 580.0206 0.009693252 0.9996221 0.02571943 43.39785 -0.05902704 -0.02510379 0.9979407 -17.63248
0.9981399 -0.00912592 0.06027789 582.3005 0.007539904 0.9996208 0.02648698 43.40719 -0.06049675 -0.02598323 0.9978302 -17.69541
0.9981551 -0.007113036 0.06029847 584.4194 0.005431341 0.9995928 0.02800767 43.41046 -0.06047315 -0.0276285 0.9977874 -17.79584
0.9982437 -0.004884676 0.05903965 586.5673 0.00338234 0.9996686 0.02551942 43.40394 -0.05914474 -0.0252749 0.9979294 -17.88674
0.9984021 -0.002999466 0.05643018 588.7068 0.001601246 0.999691 0.02480679 43.40079 -0.05648715 -0.02467679 0.9980983 -17.96118
0.9984723 -0.0007445987 0.05524903 590.9456 -0.0005890012 0.9997089 0.02411777 43.3888 -0.05525091 -0.02411347 0.9981813 -18.05324
0.9983225 0.001485557 0.05787969 593.0169 -0.003075791 0.99962 0.02739542 43.376 -0.05781699 -0.02752749 0.9979476 -18.1252
0.9983531 0.003638099 0.05725306 595.3065 -0.005333561 0.9995511 0.02948858 43.35041 -0.05712007 -0.02974538 0.9979241 -18.20954
0.9981248 0.005489645 0.06096569 597.4045 -0.007142964 0.9996116 0.02693411 43.32809 -0.06079415 -0.02731907 0.9977764 -18.30084
0.9981391 0.007869177 0.06046868 599.5963 -0.009360984 0.9996579 0.02442719 43.29969 -0.06025576 -0.02494778 0.9978712 -18.37102
0.9979686 0.00996424 0.06292312 601.8248 -0.01173944 0.9995415 0.02790589 43.26136 -0.06261621 -0.02858789 0.9976282 -18.468
0.997997 0.01263346 0.06198728 603.9388 -0.0143553 0.9995213 0.02741096 43.21064 -0.06161131 -0.0282459 0.9977005 -18.60695
0.9975487 0.01454319 0.06844807 606.0783 -0.01643719 0.9994951 0.02718917 43.1559 -0.0680181 -0.02824762 0.9972841 -18.67876
0.9974727 0.01598674 0.06922899 608.2838 -0.01805801 0.9994047 0.02939726 43.1096 -0.06871781 -0.03057311 0.9971676 -18.7542
0.9973317 0.01815828 0.0707092 610.3976 -0.01987956 0.9995211 0.02371586 43.05227 -0.0702447 -0.02505824 0.997215 -18.86401
0.9975164 0.02028356 0.06745057 612.6499 -0.02212663 0.9993989 0.02669086 42.99067 -0.06686863 -0.02811703 0.9973655 -18.95536
0.9976172 0.02344457 0.06488654 614.8831 -0.02513852 0.9993608 0.02541413 42.93065 -0.06424925 -0.02698472 0.997569 -19.02112
0.9974869 0.02562988 0.06605226 617.0214 -0.02725271 0.9993455 0.02378598 42.86119 -0.06539939 -0.02552631 0.9975326 -19.10812
0.9974024 0.02865983 0.06608418 619.2351 -0.03028755 0.9992589 0.02376188 42.78534 -0.06535418 -0.02570168 0.9975311 -19.17696
0.9972125 0.03115487 0.06779853 621.3902 -0.03283607 0.9991766 0.02382526 42.69756 -0.06700043 -0.02598508 0.9974145 -19.28217
0.9970302 0.03375268 0.06922137 623.599 -0.0356743 0.9990063 0.02671438 42.59899 -0.0682509 -0.02910447 0.9972436 -19.37597
0.9969783 0.03644668 0.06859982 625.6833 -0.03832141 0.9989216 0.02621332 42.51164 -0.06757045 -0.02876295 0.9972998 -19.46852
0.9969395 0.03985612 0.06725411 627.7803 -0.04159161 0.9988316 0.02460457 42.41953 -0.06619489 -0.02732647 0.9974325 -19.51534
0.9969624 0.04324414 0.06477598 629.8549 -0.04481247 0.9987317 0.0229569 42.32276 -0.06370107 -0.02578994 0.9976357 -19.60758
0.9968533 0.04644033 0.06424057 632.1221 -0.04802069 0.9985751 0.02327863 42.20681 -0.06306797 -0.02629026 0.9976629 -19.66743
0.9966605 0.04898284 0.06533388 634.3094 -0.05065558 0.9984229 0.02419613 42.07418 -0.06404566 -0.02742485 0.99757 -19.76955
0.9962729 0.05036846 0.07002439 636.491 -0.05218277 0.9983411 0.02432534 41.94623 -0.06868301 -0.02788875 0.9972486 -19.84721
0.9962583 0.05103213 0.06975096 638.5289 -0.05299142 0.9982424 0.02653308 41.82267 -0.06827433 -0.03013 0.9972115 -19.92065
0.9959525 0.05215377 0.0732028 640.5532 -0.05437035 0.9981107 0.02861994 41.6922 -0.07157185 -0.03248416 0.9969063 -20.04577
0.9954721 0.0539539 0.07825813 642.6473 -0.05633793 0.9980025 0.02858114 41.56029 -0.07655976 -0.03286063 0.9965233 -20.10932
0.9953134 0.05562184 0.07910428 644.7325 -0.05818101 0.9978424 0.03042191 41.41814 -0.07724149 -0.0348817 0.996402 -20.22779
0.9949104 0.05787314 0.08248591 646.824 -0.06042491 0.9977577 0.02878069 41.27357 -0.08063532 -0.03361841 0.9961765 -20.32435
0.9947901 0.0604583 0.08208228 649.0106 -0.06290156 0.9976406 0.02751145 41.12288 -0.08022531 -0.03253122 0.9962457 -20.41311
0.9947014 0.06279291 0.08140051 651.1276 -0.06512484 0.99753 0.02631376 40.97526 -0.07954715 -0.03147553 0.9963341 -20.46413
0.9944395 0.06565674 0.08233687 653.2337 -0.06811066 0.9973028 0.02735463 40.81906 -0.08031876 -0.03281054 0.9962291 -20.55029
0.9943172 0.06796847 0.08193648 655.4487 -0.07053581 0.9970919 0.02885346 40.64613 -0.07973707 -0.03446895 0.9962198 -20.64409
0.9939104 0.07039424 0.08477529 657.5818 -0.07299743 0.9969389 0.0280052 40.47519 -0.08254438 -0.03402304 0.9960064 -20.72836
0.9937776 0.07321855 0.08393579 659.5955 -0.07560234 0.9968098 0.02557816 40.30821 -0.08179524 -0.03176475 0.9961428 -20.81524
0.9935208 0.0759533 0.08454334 661.623 -0.0780426 0.9967141 0.02168372 40.13369 -0.0826186 -0.0281412 0.9961838 -20.91303
0.9933285 0.07927437 0.08374958 663.7959 -0.08146247 0.9964104 0.02303537 39.94575 -0.08162282 -0.02970413 0.9962205 -20.96253
0.993297 0.08112407 0.0823404 665.9734 -0.08343139 0.9962007 0.02497334 39.75315 -0.08000161 -0.03167572 0.9962913 -21.05091
0.9929365 0.08267804 0.08509647 668.3419 -0.08500642 0.9960889 0.02410581 39.52857 -0.08277062 -0.03116928 0.9960811 -21.11317
0.992555 0.08375765 0.08842661 670.5684 -0.08628982 0.9959512 0.02520571 39.30917 -0.08595742 -0.03264837 0.9957637 -21.20096
0.9921864 0.08430062 0.09197564 672.887 -0.08708772 0.9958425 0.02671498 39.08381 -0.08934114 -0.03451619 0.9954028 -21.31596
0.992295 0.08593096 0.08925512 675.0303 -0.08854169 0.9957407 0.02570741 38.87125 -0.0866659 -0.03341213 0.995677 -21.40311
0.9923589 0.08778401 0.08670481 677.407 -0.09038346 0.995554 0.0265166 38.64247 -0.08399157 -0.03415067 0.9958811 -21.51932
0.992272 0.09003294 0.08538328 679.8443 -0.0927022 0.9953049 0.02782221 38.40055 -0.0824775 -0.03552242 0.9959596 -21.60413
0.9921288 0.09233069 0.08459011 682.1699 -0.09520252 0.9949887 0.03056103 38.15831 -0.08134449 -0.03837368 0.9959471 -21.70618
0.9919473 0.09333934 0.08560604 684.5301 -0.09635797 0.9948378 0.0318264 37.91572 -0.08219346 -0.03981894 0.9958206 -21.79734
0.9914593 0.09445149 0.08992968 686.7458 -0.09750564 0.9947772 0.03018678 37.67992 -0.0866088 -0.03869762 0.9954906 -21.90592
0.9914035 0.09509943 0.08986284 688.9258 -0.09837167 0.9946122 0.03270492 37.443 -0.08626845 -0.04126373 0.995417 -22.03071
0.9911401 0.09626454 0.09151201 691.1161 -0.09940608 0.9945822 0.03040403 37.20391 -0.08808939 -0.03923151 0.9953397 -22.13074
0.9908062 0.09689288 0.09441835 693.3863 -0.09984678 0.9946346 0.02706888 36.96308 -0.09128898 -0.03624739 0.9951645 -22.1891
0.990741 0.09862814 0.09329985 695.5866 -0.1016875 0.9944049 0.02861397 36.71693 -0.08995567 -0.03783646 0.9952268 -22.28064
0.9904336 0.09989332 0.09519728 697.9285 -0.103144 0.9942186 0.02984861 36.45347 -0.09166522 -0.03938209 0.9950109 -22.40134
0.9899994 0.1020698 0.09738011 700.2968 -0.1051027 0.9941075 0.02652672 36.17572 -0.09409872 -0.03649635 0.9948937 -22.4643
0.9894177 0.1031726 0.1020196 702.5883 -0.1065614 0.9939024 0.02832982 35.91162 -0.09847471 -0.03890138 0.9943789 -22.58548
0.9887857 0.104276 0.1069078 704.7176 -0.1077041 0.9938219 0.02679418 35.67183 -0.1034533 -0.0380081 0.9939079 -22.67392
