1.0 0.0 0.0 0.0 0.0 1.0 0.0 0.0 0.0 0.0 1.0 0.0
0.9999956 -0.002738056 0.001096403 0.1055489 0.002740841 0.999993 -0.002547449 0.003654329 -0.00108942 0.002550443 0.9999961 0.007320127
0.9999896 -0.001588593 0.004271057 0.1961278 0.00159463 0.9999976 -0.001410412 -0.00585963 -0.004268806 0.001417208 0.9999899 0.003416274
0.9999975 -0.002158835 -0.0005466297 0.1504793 0.002158043 0.9999965 -0.001446398 -0.006614394 0.0005497504 0.001445215 0.9999988 0.01109581
0.9999905 -0.001540844 0.004078329 0.2969379 0.001544649 0.9999983 -0.0009301514 -0.01642313 -0.004076889 0.0009364422 0.9999912 -0.002307977
0.999992 -0.001359671 0.003779222 0.2526267 0.001360243 0.999999 -0.0001489724 -0.02059372 -0.003779016 0.0001541119 0.9999928 0.01346335
0.9999869 -0.0005234288 0.005095546 0.2272609 0.0005235797 0.9999999 -2.82818e-05 -0.03587658 -0.00509553 3.094935e-05 0.999987 0.01057906
0.9999912 -0.0004268052 0.004168229 0.2311385 0.0004247256 0.9999999 0.0004997674 -0.03963511 -0.004168441 -0.0004979926 0.9999912 0.008153558
0.9999936 -0.0005387606 0.003531266 0.20679 0.000538254 0.9999998 0.0001443719 -0.04283056 -0.003531343 -0.0001424703 0.9999937 0.00748935
0.9999924 0.0003560438 0.003883939 0.1938496 -0.0003611427 0.9999989 0.001312178 -0.05924556 -0.003883468 -0.00131357 0.9999916 0.003543073
0.9999887 0.0004195389 0.004734125 0.1813748 -0.0004268787 0.9999988 0.001549493 -0.06329904 -0.004733468 -0.001551497 0.9999876 0.007048761
0.9999974 0.0002725151 0.002235809 0.2024839 -0.0002768456 0.999998 0.001936819 -0.07525984 -0.002235277 -0.001937433 0.9999956 -0.001884742
0.9999996 0.0007355642 -0.0003467432 0.2475167 -0.0007358715 0.9999994 -0.0008871352 -0.09127849 0.0003460904 0.0008873901 0.9999995 0.004011333
0.9999975 0.0005900762 0.002158619 0.2685766 -0.0005864963 0.9999986 -0.001658681 -0.0942279 -0.002159595 0.001657411 0.9999963 0.007265401
0.9999891 0.00116257 0.004518424 0.1295534 -0.001158311 0.9999988 -0.0009451021 -0.1043556 -0.004519517 0.0009398581 0.9999893 0.01879582
0.9999953 0.0007585931 0.00297093 0.3490022 -0.0007607139 0.9999994 0.0007127708 -0.1149319 -0.002970387 -0.0007150275 0.9999954 0.01276651
0.9999894 0.001374973 0.004391553 0.5516313 -0.001376909 0.9999989 0.0004377592 -0.1348542 -0.004390947 -0.0004438013 0.9999903 0.01114447
0.999989 0.001232264 0.004535471 0.7485825 -0.00123706 0.9999986 0.001054871 -0.1506569 -0.004534165 -0.00106047 0.9999892 0.007860147
0.9999988 0.0008154353 0.001333519 0.8676234 -0.0008164786 0.9999994 0.0007820155 -0.1611923 -0.001332881 -0.0007831033 0.9999988 -0.008346124
0.9999961 0.001498451 0.002339741 1.086428 -0.001499678 0.9999987 0.0005225475 -0.1817168 -0.002338954 -0.0005260544 0.9999971 -0.0215494
0.9999899 0.001858711 0.004100753 1.365537 -0.001860042 0.9999982 0.0003208276 -0.2000715 -0.00410015 -0.0003284519 0.9999915 -0.01694155
0.9999869 0.001542726 0.004865734 1.61029 -0.001544346 0.9999987 0.0003293594 -0.2074962 -0.00486522 -0.0003368695 0.9999881 -0.02793538
0.999989 0.001333014 0.004497482 1.769528 -0.001336177 0.9999989 0.0007004209 -0.2176911 -0.004496544 -0.0007064226 0.9999896 -0.02841484
0.9999948 0.001425329 0.002904184 1.860089 -0.001427188 0.9999987 0.000637977 -0.2417155 -0.002903272 -0.0006421185 0.9999956 -0.03781395
0.9999879 0.0008298137 0.004844639 2.379288 -0.0008284157 0.9999995 -0.0002905579 -0.2499812 -0.004844878 0.000286541 0.9999882 -0.03750833
0.9999923 3.227186e-05 0.003917582 2.649692 -3.359291e-05 1.0 0.0003371463 -0.2680991 -0.003917571 -0.0003372753 0.9999923 -0.05401117
0.9999801 -0.0005551844 0.006281038 2.914157 0.0005520497 0.9999996 0.0005008074 -0.2777509 -0.006281315 -0.00049733 0.9999802 -0.05516993
0.9999947 -0.001386519 0.002947391 3.105825 0.001387135 0.999999 -0.0002070447 -0.2900966 -0.0029471 0.000211132 0.9999956 -0.0566006
0.9999921 -0.002645771 0.002951403 3.263042 0.002648195 0.9999963 -0.0008177957 -0.2885191 -0.002949228 0.0008256052 0.9999953 -0.07126702
0.9999898 -0.002698156 0.003626507 3.571175 0.002706493 0.9999937 -0.002295865 -0.2977038 -0.003620289 0.002305657 0.9999908 -0.06687586
0.9999832 -0.003074314 0.004913518 3.894546 0.003078434 0.9999949 -0.0008311751 -0.3067764 -0.004910938 0.0008462871 0.9999876 -0.06230179
0.9999834 -0.004002759 0.004130199 4.195115 0.003991554 0.9999883 0.0027175 -0.3024216 -0.004141029 -0.002700969 0.9999878 -0.07111573
0.9999891 -0.004644418 -0.0005364812 4.555697 0.004645664 0.9999865 0.002345636 -0.3074293 0.0005255798 -0.002348103 0.9999971 -0.1032398
0.999977 -0.004601844 0.004988629 4.942357 0.004609821 0.9999881 -0.001588933 -0.3073504 -0.004981257 0.001611893 0.9999863 -0.1016273
0.9999799 -0.005124932 0.003727124 5.067999 0.005132117 0.999985 -0.001920696 -0.2998948 -0.003717225 0.001939785 0.9999912 -0.08884238
0.9999838 -0.004597581 0.003343651 5.300717 0.004599382 0.9999894 -0.0005311224 -0.3109897 -0.003341173 0.0005464926 0.9999943 -0.1102486
0.999978 -0.005476387 0.003744991 6.167267 0.005484028 0.999983 -0.002032905 -0.3110884 -0.003733794 0.002053398 0.9999909 -0.1123313
0.9999598 -0.005631729 0.006970945 6.499042 0.00564794 0.9999813 -0.00230814 -0.3084538 -0.006957816 0.002347419 0.9999731 -0.1086563
0.9999819 -0.005926819 -0.0009840871 7.555039 0.005926367 0.9999824 -0.0004608903 -0.315713 0.0009868015 0.0004550499 0.9999994 -0.1251334
0.9999792 -0.006445666 0.0002109917 8.264246 0.006445141 0.9999764 0.002403798 -0.3160966 -0.0002264808 -0.002402388 0.9999971 -0.137066
0.9999748 -0.006804263 -0.002028617 8.927964 0.006808447 0.9999746 0.002062297 -0.3169626 0.002014533 -0.002076057 0.9999958 -0.159543
0.9999782 -0.00647842 -0.001296888 8.698488 0.006475654 0.9999768 -0.002126127 -0.3205105 0.001310632 0.002117682 0.9999969 -0.1652042
0.9999772 -0.006711428 -0.0007268172 9.367121 0.006706085 0.9999521 -0.007120281 -0.320603 0.0007745697 0.007115244 0.9999744 -0.1555927
0.9999359 -0.006712822 0.009120724 9.786166 0.006764727 0.999961 -0.005672087 -0.310168 -0.009082292 0.005733422 0.9999423 -0.1246716
0.9999696 -0.007032189 0.003366884 10.79022 0.007026478 0.999974 0.001704943 -0.3193224 -0.003378785 -0.001681234 0.9999929 -0.1692777
0.9999743 -0.006517299 0.002979656 11.46899 0.006491528 0.9999421 0.00857864 -0.3236321 -0.003035394 -0.008559077 0.9999588 -0.211692
0.9999083 -0.007725441 -0.01112609 12.72466 0.007879979 0.9998722 0.01391349 -0.3254084 0.01101718 -0.01399988 0.9998413 -0.3144518
0.9999018 -0.006716253 -0.01230242 13.46972 0.006774811 0.9999658 0.004724403 -0.3322256 0.01227027 -0.004807285 0.9999132 -0.345738
0.9999569 -0.007026749 -0.006064735 14.10476 0.007002352 0.9999675 -0.004034637 -0.3245174 0.006092887 0.003991995 0.9999735 -0.3325741
0.9999763 -0.006875818 0.000179781 14.80555 0.006876769 0.9999585 -0.005968276 -0.3256256 -0.0001387368 0.005969371 0.9999822 -0.3007132
0.999977 -0.006769341 0.000394263 15.45775 0.006769731 0.9999765 -0.0009956979 -0.3264053 -0.0003875136 0.000998344 0.9999994 -0.3203814
0.9999649 -0.00773774 -0.003212672 16.17547 0.007747978 0.9999648 0.00318637 -0.3203606 0.003187904 -0.00321115 0.9999897 -0.335973
0.99997 -0.007693219 -0.0008569025 16.77925 0.007694833 0.9999686 0.001895889 -0.325938 0.00084229 -0.001902426 0.9999979 -0.3479069
0.9999553 -0.008153649 -0.004782146 17.47646 0.008164208 0.9999642 0.002192738 -0.3214079 0.004764096 -0.002231683 0.9999862 -0.3805125
0.9999683 -0.007589654 0.00239393 18.35703 0.007592363 0.9999704 -0.001124843 -0.3313067 -0.002385323 0.001142983 0.9999965 -0.3807519
0.9999655 -0.008019612 0.002137005 18.96007 0.008020765 0.9999677 -0.0005313588 -0.3223085 -0.002132675 0.000548481 0.9999976 -0.3774158
0.9999647 -0.008288499 -0.001401136 19.47772 0.008293888 0.999958 0.003885539 -0.3205793 0.001368872 -0.003897023 0.9999915 -0.4262632
0.9999555 -0.008751903 -0.003509151 20.35985 0.008771136 0.9999465 0.005503618 -0.3144918 0.003460796 -0.005534152 0.9999787 -0.4580313
0.9999564 -0.008251851 -0.004379755 21.29421 0.008276833 0.9999495 0.005716857 -0.3201057 0.004332359 -0.005752858 0.9999741 -0.5001145
0.9999532 -0.008932856 -0.003717362 22.03927 0.008943926 0.9999557 0.002971893 -0.3109127 0.003690649 -0.003005001 0.9999887 -0.5028678
0.9999425 -0.009001633 -0.005824447 22.75216 0.009011662 0.999958 0.001697983 -0.3058843 0.005808917 -0.001750373 0.9999816 -0.5367523
0.9999582 -0.008184774 -0.004076204 23.4255 0.008182568 0.9999664 -0.0005573387 -0.292517 0.004080629 0.0005239616 0.9999915 -0.5235232
0.9999712 -0.006923153 -0.003116131 24.13416 0.006933999 0.99997 0.003483452 -0.2974378 0.003091921 -0.003504959 0.9999891 -0.5516565
0.9999629 -0.005461514 -0.006664168 24.91695 0.005491606 0.9999747 0.004505627 -0.3073977 0.006639392 -0.004542057 0.9999676 -0.5989273
0.9999571 -0.00762325 -0.005249933 25.70818 0.007640986 0.9999651 0.003366583 -0.2626494 0.005224086 -0.003406554 0.9999806 -0.6497144
0.9999298 -0.004607998 -0.01091048 27.13828 0.004635717 0.9999861 0.002516648 -0.2905675 0.01089873 -0.002567049 0.9999373 -0.7195013
0.9999825 -0.005902399 -0.0002954328 28.72134 0.005903436 0.9999759 0.003645038 -0.27386 0.0002739112 -0.003646718 0.9999933 -0.7275956
0.9999601 -0.003787796 -0.008094881 30.6189 0.003917642 0.999863 0.01608535 -0.290998 0.008032843 -0.01611642 0.9998379 -0.8173984
0.9998298 -0.005152757 -0.01771339 32.63101 0.005686671 0.999527 0.0302248 -0.2975686 0.01754927 -0.03032039 0.9993861 -0.9785539
0.9998792 -0.003984173 -0.01502686 34.64727 0.00429209 0.9997804 0.0205149 -0.3050658 0.01494183 -0.02057692 0.9996766 -1.095734
0.9997035 -0.005769095 -0.02365714 36.67727 0.005998099 0.9999356 0.009620619 -0.2960196 0.02360012 -0.009759664 0.9996738 -1.177155
0.9998869 -0.004384508 -0.01438583 38.68318 0.004457898 0.9999772 0.005073456 -0.3057961 0.01436326 -0.005137013 0.9998837 -1.269949
0.9997293 -0.004390749 -0.02284703 40.6565 0.004580666 0.9999554 0.00826687 -0.327337 0.02280971 -0.008369287 0.9997048 -1.326625
0.9998543 -0.003079785 -0.01678937 42.57573 0.003388447 0.9998252 0.018387 -0.3664832 0.01672981 -0.01844121 0.99969 -1.460139
0.9996113 -0.004561332 -0.02750253 44.56357 0.005437493 0.9994775 0.03186734 -0.3600547 0.02734279 -0.0320045 0.9991137 -1.547201
0.999655 -0.005597316 -0.02566223 46.55257 0.006542307 0.9992979 0.03688936 -0.3457482 0.02543773 -0.03704453 0.9989898 -1.789363
0.9996017 -0.006125988 -0.02754916 48.55477 0.006716875 0.9997482 0.02140733 -0.365102 0.02741109 -0.02158384 0.9993912 -1.903433
0.9997352 -0.007132294 -0.02187869 50.50931 0.007528184 0.9998085 0.01806609 -0.3419459 0.02174565 -0.01822601 0.9995974 -2.04822
0.9995343 -0.007017261 -0.02969685 52.47065 0.007698464 0.9997084 0.02288673 -0.3556318 0.02952759 -0.02310469 0.9992969 -2.121615
0.9996131 -0.007825724 -0.02668982 54.448 0.008736257 0.9993778 0.03417119 -0.3554766 0.0264058 -0.03439113 0.9990596 -2.263103
0.9994317 -0.008841281 -0.03252879 56.43682 0.009979612 0.9993376 0.03500032 -0.3379582 0.03219779 -0.03530506 0.9988578 -2.332316
0.9995551 -0.01036221 -0.02797025 58.4166 0.01136216 0.9992931 0.03583179 -0.319087 0.02757919 -0.03613365 0.9989663 -2.518
0.9995321 -0.0113303 -0.02841212 60.3929 0.01228792 0.9993545 0.03375949 -0.3061608 0.02801127 -0.03409282 0.9990261 -2.644533
0.9995435 -0.01251444 -0.02749927 62.3574 0.01351708 0.9992392 0.03658222 -0.300146 0.02702054 -0.03693723 0.9989522 -2.799075
0.9994779 -0.01399914 -0.02912166 64.31583 0.0151161 0.9991444 0.0384951 -0.2897128 0.02855785 -0.03891521 0.9988344 -2.91368
0.9994903 -0.01599482 -0.02763011 66.30486 0.0171582 0.9989537 0.04239467 -0.2788556 0.0269231 -0.04284715 0.9987188 -3.082736
0.9994197 -0.01844457 -0.02863464 68.26881 0.01963888 0.9989244 0.04200351 -0.2587014 0.02782911 -0.04254149 0.9987071 -3.223702
0.9993637 -0.02159589 -0.02838574 70.23879 0.02276674 0.9988751 0.04159333 -0.2143157 0.02745557 -0.04221311 0.9987313 -3.395465
0.9992751 -0.02467854 -0.02898734 72.18337 0.02589446 0.9987674 0.0423484 -0.1895476 0.02790651 -0.04306832 0.9986823 -3.576177
0.9992223 -0.02764395 -0.02811925 74.12289 0.02887785 0.9985933 0.04446524 -0.1613632 0.02685051 -0.04524268 0.9986151 -3.75798
0.9990879 -0.03108956 -0.02927204 76.02715 0.0323984 0.9984454 0.0453546 -0.1152651 0.02781648 -0.0462616 0.998542 -3.939473
0.9989858 -0.03419551 -0.02929405 77.94093 0.03551901 0.9983137 0.04591881 -0.07639647 0.02767443 -0.04691273 0.9985155 -4.094283
0.9988659 -0.03813938 -0.02850023 79.83021 0.03945472 0.9981101 0.04711106 -0.001641908 0.02664958 -0.0481821 0.998483 -4.289159
0.9986728 -0.04175679 -0.0301507 81.70213 0.04316945 0.9979222 0.04783068 0.07453747 0.0280908 -0.04906879 0.9984003 -4.457695
0.9985479 -0.04433427 -0.03060417 83.51943 0.04567145 0.9979661 0.0444723 0.1263833 0.02857028 -0.04580545 0.9985417 -4.606597
0.9983986 -0.04677895 -0.03181219 85.38113 0.04820453 0.9977947 0.04562856 0.2138535 0.02960758 -0.04708898 0.9984518 -4.764112
0.9983407 -0.04757913 -0.03243453 87.24907 0.04908111 0.9976788 0.04720239 0.2902375 0.03011339 -0.04871599 0.9983586 -4.933009
0.9982218 -0.04926354 -0.03356069 89.10744 0.05082328 0.9975858 0.04732636 0.3585096 0.0311482 -0.04894787 0.9983155 -5.084727
0.9981793 -0.05007529 -0.0336247 90.93282 0.0516266 0.9975611 0.04697266 0.4322903 0.03119053 -0.04862307 0.9983301 -5.253938
0.9980885 -0.05169455 -0.03386784 92.74982 0.05325508 0.997478 0.04692096 0.5208002 0.03135686 -0.0486349 0.9983243 -5.417139
0.9979891 -0.05301305 -0.03474697 94.57652 0.05466597 0.9973269 0.0484851 0.5944623 0.03208375 -0.05028709 0.9982193 -5.563349
0.9979023 -0.05425777 -0.0353158 96.39191 0.05595347 0.997233 0.04894266 0.6737022 0.03256256 -0.05081604 0.9981771 -5.736166
0.9977497 -0.05601671 -0.03684705 98.18344 0.05778286 0.9971381 0.04875403 0.7650971 0.03401055 -0.05077344 0.9981309 -5.874204
0.9976521 -0.05755864 -0.03711081 99.97835 0.05940648 0.9969414 0.05077761 0.8537208 0.03407461 -0.05286302 0.9980202 -6.039203
0.9974861 -0.06034917 -0.03714131 101.7951 0.06219892 0.9967678 0.05084476 0.9399868 0.03395283 -0.05302709 0.9980157 -6.181118
0.9972771 -0.06320368 -0.03799449 103.581 0.06517282 0.9964633 0.05303951 1.044395 0.03450782 -0.0553713 0.9978694 -6.344857
0.9970874 -0.06609769 -0.03805154 105.325 0.06807922 0.996251 0.05337574 1.139805 0.03438088 -0.05581079 0.9978492 -6.494208
0.996802 -0.06936053 -0.03968391 107.0813 0.07134212 0.9961517 0.05091119 1.252011 0.03599997 -0.05357951 0.9979144 -6.641906
0.9965857 -0.07179291 -0.04077593 108.8469 0.0737685 0.9960606 0.04920934 1.370393 0.03708242 -0.05204931 0.9979558 -6.806815
0.9963271 -0.07513786 -0.04106795 110.5999 0.07697686 0.9960079 0.04519917 1.507823 0.03750783 -0.04819444 0.9981335 -6.951641
0.9962023 -0.07768907 -0.03931218 112.3117 0.07934206 0.9959456 0.0423954 1.637916 0.03585912 -0.04535351 0.9983272 -7.079959
0.9959562 -0.08077007 -0.03933772 113.9928 0.08234691 0.99579 0.04026364 1.747525 0.03592002 -0.04334016 0.9984145 -7.194865
0.9957797 -0.08409335 -0.03675713 115.6808 0.08560719 0.9954535 0.0417573 1.870968 0.03307851 -0.04472775 0.9984514 -7.32091
0.9954107 -0.08822834 -0.03705927 117.3511 0.08976814 0.9950695 0.0421709 2.011307 0.03315588 -0.0453041 0.9984229 -7.491097
0.9951302 -0.09210039 -0.03511855 118.9709 0.09349648 0.9947984 0.04043023 2.14381 0.03121223 -0.0435168 0.998565 -7.639548
0.9947473 -0.09618656 -0.03501309 120.5781 0.09753045 0.9944705 0.03894168 2.303892 0.03107381 -0.04215197 0.9986279 -7.75511
0.9942159 -0.1013503 -0.03553675 122.1936 0.1027567 0.993891 0.04027387 2.481734 0.03123789 -0.04369256 0.9985566 -7.871186
0.9939122 -0.1040372 -0.03626153 123.7732 0.1054769 0.9936028 0.0403498 2.616443 0.03183167 -0.04392891 0.9985274 -8.001995
0.9937364 -0.1059153 -0.03563641 125.3589 0.1073015 0.9934402 0.03953492 2.769379 0.03121529 -0.04311113 0.9985825 -8.140059
0.9935388 -0.107375 -0.03676003 126.9731 0.1088504 0.9932203 0.04080699 2.936437 0.03212915 -0.04454467 0.9984906 -8.249552
0.9932862 -0.1097355 -0.03661568 128.5559 0.1112002 0.9929641 0.0406997 3.111084 0.03189187 -0.04449813 0.9985003 -8.383855
0.993077 -0.1119079 -0.03570205 130.1271 0.1133051 0.9927605 0.03985482 3.269242 0.03098352 -0.04362413 0.9985675 -8.47712
0.9926522 -0.1152895 -0.03674072 131.5855 0.1165474 0.9925977 0.03415604 3.425142 0.03253092 -0.03818711 0.998741 -8.572952
0.9923046 -0.1175697 -0.0388439 133.0792 0.1186952 0.9925343 0.02805825 3.582263 0.0352551 -0.03245292 0.9988513 -8.644148
0.9917921 -0.1201311 -0.04378232 134.52 0.121157 0.992399 0.02157313 3.753336 0.04085792 -0.02670059 0.9988081 -8.74095
0.9911357 -0.1250298 -0.04491786 135.9454 0.1257714 0.9919595 0.01407048 3.93078 0.04279747 -0.01959514 0.9988916 -8.818709
0.9907535 -0.1281123 -0.04466253 137.4465 0.1288173 0.9915795 0.01327101 4.105857 0.04258627 -0.01890161 0.998914 -8.917033
0.9899717 -0.1323469 -0.04939947 138.8407 0.1327702 0.9911323 0.005372178 4.296012 0.04825042 -0.01187708 0.9987646 -9.002123
0.9892417 -0.1372673 -0.05058341 140.303 0.1374121 0.9905138 -0.0006192483 4.488147 0.05018857 -0.006338188 0.9987196 -9.020691
0.9884428 -0.1411627 -0.05526296 141.7937 0.1409365 0.9899865 -0.007989404 4.685287 0.05583738 0.0001085028 0.9984398 -9.105799
0.9875603 -0.1469532 -0.05594031 143.1842 0.1462989 0.9891168 -0.01563864 4.871504 0.05762964 0.007260096 0.9983116 -9.14733
0.9870777 -0.1504316 -0.05520803 144.595 0.1497345 0.9885874 -0.01657774 5.073195 0.05707177 0.008096975 0.9983373 -9.191636
0.9862123 -0.1559962 -0.05523064 146.0497 0.1551479 0.9877018 -0.01935392 5.303732 0.05757054 0.01051816 0.998286 -9.21538
0.9852155 -0.1619954 -0.0557487 147.4587 0.160814 0.9866658 -0.0250928 5.53657 0.05907025 0.01575664 0.9981295 -9.221251
0.9840668 -0.1679834 -0.0582594 148.7341 0.1665822 0.9856253 -0.02816208 5.727334 0.0621527 0.01800839 0.9979042 -9.257718
0.9832944 -0.1723134 -0.05865312 149.9536 0.1703022 0.9846685 -0.03775249 5.916526 0.06425913 0.02713306 0.9975643 -9.219892
0.9827058 -0.1754037 -0.05935425 151.2154 0.1732821 0.984091 -0.0392209 6.13673 0.06528948 0.02825758 0.9974662 -9.241854
0.9815494 -0.1817435 -0.0594144 152.5424 0.1790311 0.9826614 -0.0482112 6.401415 0.06714632 0.03668464 0.9970685 -9.193887
0.9802521 -0.188522 -0.05971018 153.9244 0.1854148 0.9811791 -0.05393737 6.657145 0.06875475 0.04180107 0.9967574 -9.174033
0.9791483 -0.1944382 -0.05884225 155.3256 0.1907152 0.9795942 -0.06342506 6.902126 0.06997378 0.05088042 0.9962504 -9.099716
0.9783322 -0.1992542 -0.05624945 156.7239 0.1957138 0.9786536 -0.06271556 7.168729 0.06754506 0.05034785 0.9964451 -9.095327
0.9767203 -0.2066935 -0.05740484 158.0774 0.2025525 0.9767307 -0.07049549 7.451019 0.07064003 0.05722688 0.995859 -9.025341
0.9754894 -0.212743 -0.05622043 159.485 0.2083435 0.9751672 -0.0751153 7.747482 0.07080456 0.06156102 0.9955887 -8.973426
0.9743145 -0.2182623 -0.05543432 160.9363 0.2137108 0.973785 -0.07791261 8.049214 0.0709865 0.06406447 0.9954178 -8.889057
0.972914 -0.224559 -0.05487817 162.3539 0.2194272 0.9717953 -0.08640298 8.363861 0.07273292 0.0720209 0.9947476 -8.790314
0.9720641 -0.2285218 -0.05356508 163.6724 0.223121 0.9705015 -0.09134422 8.630198 0.07285914 0.07684095 0.9943777 -8.746524
0.9706243 -0.234893 -0.0520946 165.0052 0.2291716 0.9685266 -0.0971415 8.944794 0.07327286 0.0823493 0.9939063 -8.662231
0.9696018 -0.2389465 -0.05269691 166.3187 0.2324995 0.966808 -0.1059536 9.241188 0.07626504 0.09048076 0.9929737 -8.550888
0.9683515 -0.2438451 -0.05324335 167.7207 0.2370656 0.965315 -0.1093936 9.599139 0.07807171 0.09330933 0.9925715 -8.440052
0.9677281 -0.246668 -0.05154719 168.9212 0.2397784 0.964259 -0.1127422 9.887774 0.07751472 0.09674385 0.9922863 -8.313249
0.9667858 -0.2505669 -0.05041255 170.1453 0.2432633 0.9626005 -0.1192623 10.19289 0.07841033 0.1030376 0.9915821 -8.179189
0.9666496 -0.2517898 -0.04680269 171.2111 0.2442944 0.9614035 -0.1265838 10.45383 0.07686877 0.1109285 0.9908512 -8.024549
0.9660065 -0.2546321 -0.04465443 172.3115 0.2465903 0.9594483 -0.1365721 10.72144 0.07761927 0.1209182 0.9896232 -7.851692
0.965735 -0.2561652 -0.04165678 173.2415 0.2477233 0.9577109 -0.1463656 10.94697 0.07738893 0.131031 0.9883531 -7.676116
0.9651006 -0.2592024 -0.03734776 174.1763 0.2507696 0.95581 -0.1534337 11.20747 0.07546776 0.1387133 0.9874529 -7.500729
0.9645101 -0.2621388 -0.03167601 175.0914 0.2538401 0.9535646 -0.1621103 11.44395 0.07270053 0.1483164 0.9862641 -7.310869
0.9638721 -0.2649341 -0.02757623 176.0271 0.2567092 0.9515609 -0.1692104 11.67071 0.07107006 0.1560181 0.9851941 -7.105782
0.9624582 -0.2704535 -0.02300232 176.962 0.2624403 0.9488639 -0.1754497 11.95055 0.06927705 0.1628262 0.9842197 -6.92467
0.961224 -0.2750834 -0.01943088 177.8053 0.2670765 0.9461633 -0.1828804 12.19615 0.06869215 0.1705995 0.9829431 -6.747879
0.9599546 -0.2795163 -0.01891342 178.7066 0.2713055 0.9443438 -0.1860327 12.46132 0.06985992 0.1734516 0.9823615 -6.544771
0.958785 -0.2836868 -0.01591229 179.6226 0.2754243 0.9416995 -0.1932449 12.71977 0.06980562 0.1808977 0.9810215 -6.343498
0.9579456 -0.2866518 -0.01307392 180.5417 0.2785841 0.9399732 -0.1970815 12.96983 0.06878293 0.1851512 0.9802999 -6.134823
0.9565797 -0.291306 -0.009805419 181.5098 0.2834768 0.9376417 -0.201169 13.28274 0.06779572 0.1896546 0.9795074 -5.929412
0.9551607 -0.2960541 -0.004481042 182.4249 0.2886664 0.9344794 -0.2083748 13.58081 0.06587766 0.1977379 0.9780388 -5.688939
0.9539506 -0.2999636 -0.0001320913 183.3676 0.2932497 0.9326913 -0.209979 13.86043 0.06310926 0.2002709 0.9777059 -5.46393
0.9525618 -0.3043282 0.003224822 184.2605 0.2977808 0.9297746 -0.2164386 14.14406 0.06287002 0.2071315 0.9762909 -5.247774
0.9509749 -0.3092026 0.006353494 185.2109 0.3029439 0.9271994 -0.2202865 14.44152 0.06222221 0.2114117 0.9754145 -5.004389
0.949371 -0.3140113 0.00957278 186.0527 0.3080771 0.9245989 -0.2240656 14.71678 0.06150815 0.2156705 0.9745271 -4.7781
0.9476773 -0.3189169 0.01413195 186.8776 0.3134848 0.9213493 -0.2298755 14.99059 0.06029072 0.2222779 0.9731174 -4.544836
0.9470302 -0.3205815 0.01900388 187.6939 0.3158884 0.9192364 -0.2349869 15.27401 0.05786338 0.2285428 0.9718127 -4.33832
0.9451175 -0.3258643 0.02377821 188.5865 0.3216365 0.9151138 -0.2431395 15.5866 0.0574707 0.2374433 0.9696999 -4.042627
0.9435207 -0.3300152 0.02930421 189.5732 0.3267089 0.9120651 -0.2477875 15.9355 0.05504629 0.2433665 0.9683712 -3.736164
0.9415094 -0.3353034 0.03363997 190.4888 0.332606 0.9085847 -0.2526803 16.25183 0.05415981 0.2490898 0.9669648 -3.477082
0.9393972 -0.3408046 0.03721929 191.542 0.3384849 0.9047751 -0.2584768 16.63501 0.054415 0.2554106 0.9653002 -3.163446
0.937385 -0.3459678 0.04019529 192.6782 0.3439116 0.901152 -0.2639121 17.05108 0.05508301 0.2612109 0.9637088 -2.829124
0.9353758 -0.3510702 0.04268235 193.8372 0.3493301 0.8983649 -0.2662869 17.49187 0.05514107 0.2639885 0.9629483 -2.484051
0.9334692 -0.3559504 0.04398456 195.0479 0.3541637 0.8954622 -0.2696577 17.94775 0.05659825 0.2672949 0.9619512 -2.171757
0.9318472 -0.3598229 0.04678004 196.3389 0.3585358 0.8932567 -0.2711914 18.44117 0.0557943 0.2694812 0.961388 -1.785064
0.9300902 -0.3641288 0.04839978 197.6681 0.3631081 0.8914589 -0.2710236 18.95849 0.0555411 0.2696508 0.9613551 -1.420443
0.9285336 -0.3677225 0.05104419 198.9786 0.3672918 0.8898932 -0.2705308 19.47254 0.05405639 0.269945 0.9613572 -1.048728
0.9266207 -0.3725928 0.05048442 200.3426 0.371621 0.8871162 -0.2737204 20.01817 0.05720069 0.272396 0.9604835 -0.6494353
0.9255432 -0.3750525 0.05201473 201.7105 0.3744112 0.8860461 -0.2733841 20.574 0.05644591 0.2725036 0.9604976 -0.2518045
0.9241284 -0.3787576 0.05029263 203.0893 0.3773511 0.8840955 -0.275647 21.15475 0.05993991 0.2737112 0.9599424 0.1525442
0.9232008 -0.38109 0.04970489 204.5289 0.3793298 0.8827958 -0.2770928 21.74936 0.061718 0.2746668 0.9595567 0.5484348
0.9218427 -0.384326 0.04999569 205.9732 0.3824805 0.8813239 -0.2774469 22.34849 0.06256767 0.2748848 0.9594392 0.9845465
0.9208751 -0.3865018 0.05104227 207.4573 0.3849006 0.8805282 -0.276625 22.96972 0.06197191 0.2743833 0.9596214 1.389689
0.9198061 -0.3889817 0.05147871 208.9325 0.3873875 0.87942 -0.2766791 23.59905 0.06235169 0.2744333 0.9595826 1.81881
0.9189164 -0.3911766 0.05072989 210.388 0.3890865 0.8777479 -0.2795897 24.21229 0.0648409 0.2766579 0.9587784 2.201757
0.917354 -0.3946655 0.05196783 211.8236 0.3927756 0.8761758 -0.2793621 24.83112 0.06472166 0.2766857 0.9587784 2.643143
0.9156089 -0.3986849 0.05206498 213.2725 0.3965956 0.8742421 -0.2800229 25.45867 0.0661235 0.2770402 0.9585804 3.047922
0.9125643 -0.4050046 0.05654752 214.7384 0.4040493 0.8716959 -0.2772916 26.12578 0.06301212 0.2758944 0.9591203 3.477234
0.9082431 -0.4143695 0.05824478 216.1598 0.413177 0.8660696 -0.2814403 26.76958 0.06617623 0.2796816 0.9578094 3.900715
0.9038967 -0.4233874 0.06094199 217.5618 0.4225378 0.8615973 -0.2812683 27.42748 0.066578 0.2799878 0.9576921 4.291749
0.8993888 -0.4329251 0.06062679 218.9023 0.4313377 0.8563163 -0.284025 28.0814 0.07104585 0.2815996 0.9568982 4.696212
0.8947548 -0.4422764 0.06168734 220.2204 0.4401611 0.8501852 -0.2888652 28.74 0.07531261 0.2856159 0.9553803 5.102638
0.8898389 -0.4516599 0.06473121 221.5091 0.4491814 0.8422258 -0.2981467 29.40019 0.08014259 0.2943786 0.9523227 5.530728
0.8853155 -0.4603788 0.06532922 222.7788 0.4568456 0.834998 -0.3067092 30.0662 0.08665266 0.3013798 0.9495586 5.918211
0.880035 -0.4698756 0.0689589 224.0336 0.4661834 0.8270042 -0.3142246 30.74655 0.09061714 0.3086761 0.9468408 6.342424
0.8741966 -0.4807826 0.06803174 225.2891 0.4751451 0.8181083 -0.3239383 31.45286 0.1000865 0.3155107 0.943629 6.792266
0.868818 -0.4901584 0.07000005 226.5077 0.4831078 0.808238 -0.3366872 32.16282 0.1084533 0.3263374 0.939011 7.251066
0.8640729 -0.4980116 0.07322954 227.7543 0.4901383 0.7992814 -0.3477267 32.89603 0.1146409 0.3363538 0.9347318 7.725161
0.8605274 -0.5041522 0.07295985 229.0558 0.4946502 0.7927679 -0.3561468 33.68027 0.121712 0.3425637 0.9315773 8.245062
0.8578255 -0.5085968 0.07392395 230.3428 0.4983835 0.7880851 -0.3612972 34.48325 0.1254963 0.3467725 0.9295158 8.854722
0.8549657 -0.5135942 0.07249001 231.6442 0.5014822 0.7828035 -0.3684213 35.3097 0.1324736 0.3513401 0.9268284 9.426469
0.8523209 -0.5179815 0.07241754 232.9098 0.5042612 0.7770883 -0.3766356 36.1092 0.1388154 0.3575317 0.9235266 10.03929
0.8500329 -0.5217399 0.07232881 234.2255 0.5069965 0.7732036 -0.3809341 36.95625 0.1428236 0.360477 0.9217688 10.61895
0.848115 -0.5244817 0.07496563 235.5077 0.5094482 0.7684598 -0.3872103 37.7687 0.1454767 0.36659 0.9189387 11.22529
0.8456999 -0.5276178 0.08006957 236.7983 0.5132023 0.7629327 -0.3931377 38.61694 0.1463387 0.3735684 0.9159867 11.8313
0.8426481 -0.5317944 0.08449165 238.1095 0.5172746 0.7558743 -0.4013488 39.45811 0.14957 0.3819012 0.9120199 12.46712
0.838255 -0.5380222 0.08866006 239.426 0.5229833 0.7472634 -0.4099827 40.3265 0.1543273 0.3900377 0.907774 13.09388
0.8342021 -0.5438743 0.09114629 240.7244 0.5282828 0.7407396 -0.4149969 41.21223 0.1581905 0.3943423 0.9052458 13.72405
0.8304839 -0.5490888 0.09379737 241.9973 0.5324688 0.7330508 -0.423218 42.0773 0.163626 0.4014199 0.9011596 14.36481
0.8269186 -0.5542236 0.09508871 243.2803 0.5365127 0.7269613 -0.4285806 42.98653 0.1684036 0.4054175 0.8984858 15.00725
0.8244142 -0.557656 0.09675226 244.5445 0.5392406 0.7219653 -0.433573 43.87217 0.1719328 0.4096165 0.8959093 15.69564
0.8217649 -0.5615254 0.09691032 245.8026 0.5420824 0.7179443 -0.4366952 44.78772 0.1756392 0.4113942 0.8943745 16.37705
0.8201908 -0.5632037 0.1004424 247.057 0.544192 0.7139168 -0.440656 45.70809 0.1764716 0.416082 0.892039 17.06481
0.8176366 -0.5665047 0.1026779 248.3277 0.5479907 0.7110647 -0.4405599 46.65406 0.1765686 0.4164844 0.8918319 17.76519
0.8160847 -0.5679162 0.1071309 249.5544 0.5505331 0.7075223 -0.4430862 47.57024 0.1758383 0.420575 0.8900548 18.44637
0.81399 -0.5704442 0.1096071 250.7914 0.5535112 0.7044703 -0.4442373 48.5019 0.1761977 0.4222735 0.8891791 19.15512
0.8126701 -0.5719479 0.111548 252.0137 0.5556456 0.7029011 -0.4440584 49.43497 0.175571 0.4228542 0.8890271 19.86527
0.8109841 -0.5739842 0.1133435 253.2689 0.5580166 0.7006074 -0.4447095 50.40024 0.1758469 0.4238999 0.8884744 20.57665
0.8100846 -0.5752729 0.1132432 254.4986 0.5587786 0.6990104 -0.4462636 51.36155 0.1775652 0.4247892 0.8877076 21.32416
0.8102226 -0.5749397 0.1139457 255.7601 0.5589473 0.6994072 -0.4454294 52.32699 0.1764005 0.4245866 0.8880366 22.03579
0.8114556 -0.5731865 0.1140043 257.0075 0.5572492 0.7000895 -0.4464843 53.29224 0.1761056 0.425831 0.8874992 22.78838
0.8119665 -0.5722678 0.1149781 258.3048 0.5563616 0.6991866 -0.4489989 54.28589 0.1765565 0.4285415 0.8861038 23.52801
0.8125106 -0.5709355 0.1177252 259.5798 0.556143 0.6986486 -0.4501057 55.26759 0.1747328 0.4311876 0.8851811 24.29313
0.8112445 -0.5725384 0.1186681 260.8048 0.5574108 0.6959909 -0.4526478 56.23256 0.1765663 0.4333549 0.8837578 25.03227
0.8114328 -0.5717888 0.1209724 262.0698 0.5576609 0.6955345 -0.4530411 57.19517 0.1749034 0.435074 0.8832437 25.76829
0.8121364 -0.5707109 0.1213407 263.3641 0.556711 0.6956962 -0.4539601 58.17315 0.1746637 0.4362292 0.8827212 26.53289
0.8115143 -0.5712393 0.123005 264.6033 0.5573372 0.693436 -0.4566418 59.14056 0.1755556 0.4391266 0.8811061 27.27121
0.8123445 -0.5697252 0.1245377 265.872 0.5567511 0.6940866 -0.4563684 60.09631 0.1735646 0.4400649 0.8810325 28.01901
0.811807 -0.5700863 0.1263763 267.1505 0.557558 0.6924758 -0.4578282 61.09214 0.1734891 0.4421302 0.8800128 28.78701
0.8121393 -0.5691673 0.1283681 268.4225 0.5576594 0.6924971 -0.4576722 62.07407 0.1715975 0.4432793 0.8798056 29.55337
0.811516 -0.5699266 0.1289395 269.6759 0.5580365 0.6904482 -0.4603007 63.04913 0.1733115 0.4454944 0.8783495 30.32012
0.8109076 -0.5698017 0.1332474 270.9174 0.5593715 0.6879175 -0.4624643 64.0283 0.1718497 0.4495506 0.8765683 31.07075
0.8101137 -0.5703263 0.1358073 272.1548 0.5609859 0.6867898 -0.4621844 64.99908 0.1703249 0.450608 0.8763229 31.81181
0.8076481 -0.5737756 0.1359639 273.3312 0.5630786 0.6819965 -0.4667155 65.94447 0.175063 0.4535002 0.8738939 32.57589
0.8063869 -0.5749578 0.1384326 274.5376 0.5647782 0.6792805 -0.4686189 66.9223 0.1754015 0.4560719 0.8724865 33.34671
0.8051099 -0.575942 0.1417353 275.6993 0.5663907 0.6756105 -0.4719658 67.85182 0.176067 0.4602619 0.870149 34.06561
0.8034326 -0.5775161 0.1448146 276.8325 0.5678507 0.6701285 -0.477989 68.79322 0.179002 0.466265 0.8663459 34.81398
0.8016464 -0.5795766 0.1464718 277.9402 0.5689422 0.6644884 -0.4845202 69.6955 0.1834878 0.4717479 0.8624304 35.51344
0.8000003 -0.5815549 0.1476262 279.0009 0.5695053 0.6585567 -0.4919011 70.57816 0.1888473 0.4775949 0.8580441 36.23403
0.7983139 -0.5835034 0.1490598 280.1049 0.5707678 0.6540855 -0.4963833 71.49658 0.1921435 0.4813482 0.8552104 36.95708
0.797304 -0.5844119 0.1508945 281.2137 0.5712245 0.6498543 -0.5013903 72.44329 0.1949591 0.4859551 0.8519616 37.75333
0.7954049 -0.5864441 0.1530171 282.3143 0.5729333 0.6452001 -0.5054347 73.4017 0.1976826 0.4896938 0.8491887 38.51829
0.7943183 -0.5877301 0.1537264 283.4488 0.5743339 0.6440413 -0.5053229 74.38232 0.1979873 0.4896775 0.8491272 39.32703
0.7925586 -0.5899508 0.1543016 284.5159 0.5754035 0.6397427 -0.5095489 75.29517 0.2018955 0.492633 0.8464933 40.12103
0.7917831 -0.590547 0.1559929 285.6097 0.5752149 0.635023 -0.5156293 76.22783 0.2054443 0.497996 0.8424919 40.91238
0.7897915 -0.5928309 0.1574199 286.6967 0.5769358 0.6308477 -0.5188218 77.17679 0.2082656 0.5005822 0.8402636 41.7139
0.7889748 -0.5932521 0.1599086 287.8198 0.5779482 0.6282216 -0.5208774 78.16471 0.2085536 0.5033781 0.8385201 42.52111
0.7885724 -0.5936939 0.1602538 288.9252 0.5778267 0.6262095 -0.523429 79.12099 0.2104041 0.5053605 0.8368637 43.36283
0.7883089 -0.5939881 0.1604594 289.974 0.5779908 0.6254991 -0.5240969 80.06087 0.2109401 0.5058942 0.8364061 44.16364
0.7879522 -0.5945639 0.1600781 291.0981 0.5783901 0.6255455 -0.523601 81.04264 0.2111781 0.5051602 0.8367897 44.99586
0.7862259 -0.5965632 0.1611249 292.1426 0.5795466 0.6213949 -0.5272516 81.99273 0.2144167 0.5079182 0.8342928 45.81953
0.7856126 -0.5973373 0.1612482 293.2221 0.5796983 0.6195425 -0.5292607 82.93848 0.216247 0.5092692 0.8329959 46.61275
0.7845912 -0.5981405 0.1632315 294.2557 0.5802211 0.6155368 -0.5333459 83.87077 0.2185408 0.5131689 0.8299986 47.44374
0.782916 -0.6004936 0.1626344 295.3259 0.5814748 0.6133628 -0.534484 84.80525 0.2212003 0.5130238 0.8293835 48.22082
0.7804096 -0.6033763 0.1640055 296.3275 0.5829404 0.6072387 -0.5398535 85.71883 0.2261443 0.5169123 0.8256273 49.02754
0.7793827 -0.6043792 0.1651918 297.3328 0.5840867 0.6054482 -0.5406248 86.63253 0.2267273 0.51784 0.8248858 49.82255
0.7775179 -0.6065748 0.1659304 298.3166 0.5849573 0.6007458 -0.5449124 87.53513 0.2308481 0.5207414 0.8219109 50.62691
0.7766668 -0.6074939 0.1665532 299.3225 0.5859565 0.599721 -0.5449679 88.46326 0.2311792 0.5208514 0.8217481 51.43305
0.7765382 -0.6077642 0.1661658 300.3261 0.5856227 0.5989095 -0.5462173 89.37762 0.2324531 0.5214691 0.8209966 52.27993
0.7747127 -0.6093872 0.1687233 301.3377 0.58814 0.5964813 -0.5461698 90.32726 0.2321886 0.5223576 0.8205065 53.09631
0.7722534 -0.6134878 0.1650983 302.309 0.5911955 0.5987843 -0.5403196 91.25138 0.2326212 0.514869 0.8251044 53.89257
0.7711475 -0.615485 0.1628183 303.3403 0.5919128 0.5989302 -0.5393718 92.22102 0.2344585 0.5123094 0.8261769 54.73743
0.7699096 -0.6168049 0.1636793 304.3499 0.5927895 0.5962789 -0.5413428 93.1888 0.2363044 0.5138124 0.8247163 55.63427
0.7701144 -0.6158969 0.1661167 305.3725 0.5912296 0.5913587 -0.5483998 94.15301 0.2395232 0.5205437 0.8195504 56.4796
0.7697638 -0.6152483 0.1700976 306.3634 0.5914771 0.5872699 -0.5525115 95.10062 0.2400385 0.5259122 0.8159644 57.34089
0.7690476 -0.6155218 0.1723327 307.3757 0.5927964 0.5859729 -0.5524746 96.07526 0.2390779 0.5270374 0.8155203 58.19384
0.768537 -0.6160474 0.1727321 308.3737 0.593607 0.5858394 -0.5517453 97.02974 0.238708 0.5265718 0.8159294 59.01905
0.7678248 -0.6173629 0.1711965 309.3809 0.5934708 0.5847478 -0.5530482 97.99132 0.2413247 0.5262442 0.8153707 59.89597
0.7663715 -0.6194754 0.1700734 310.3579 0.5945473 0.5837137 -0.5529847 98.94894 0.2432862 0.5249084 0.8156488 60.71142
0.7658339 -0.6201771 0.1699378 311.3452 0.5957066 0.5847267 -0.5506619 99.92348 0.2421408 0.5229486 0.8172469 61.62258
0.7652483 -0.6211482 0.1690261 312.3357 0.5952051 0.5827152 -0.55333 100.9012 0.2452059 0.52404 0.8156323 62.46827
0.7654003 -0.6201887 0.1718385 313.3449 0.5958999 0.5821545 -0.5531723 101.8801 0.2430346 0.5257968 0.8151515 63.35268
0.7645975 -0.6214026 0.1710245 314.3262 0.5964456 0.581663 -0.5531011 102.8545 0.2442198 0.5249066 0.8153709 64.23742
0.763906 -0.6218559 0.1724614 315.3233 0.5974492 0.580489 -0.5532511 103.8338 0.2439305 0.5256687 0.8149664 65.11841
0.7625981 -0.6231925 0.1734222 316.3529 0.5992369 0.5796051 -0.5522436 104.8516 0.2436377 0.525061 0.8154457 66.03444
0.7614162 -0.6241452 0.1751804 317.3944 0.6005654 0.5774108 -0.5530984 105.8985 0.2440626 0.5263454 0.81449 66.96212
0.7609774 -0.6247647 0.1748782 318.36 0.6006696 0.5766083 -0.5538223 106.8645 0.2451724 0.5264902 0.814063 67.84078
0.7612932 -0.6241286 0.1757731 319.3759 0.6001897 0.575712 -0.5552729 107.8609 0.2453671 0.5282227 0.8128812 68.71785
0.760425 -0.6251118 0.1760369 320.3953 0.600885 0.5744193 -0.5558593 108.8793 0.2463552 0.5284673 0.8124232 69.61861
0.7596695 -0.6264426 0.1745617 321.3973 0.600468 0.5726423 -0.5581387 109.8872 0.2496804 0.5288197 0.8111778 70.50069
0.7573323 -0.629654 0.1731579 322.3933 0.6018565 0.5701044 -0.5592403 110.9014 0.2534098 0.5277469 0.8107198 71.41196
0.756069 -0.6318705 0.1705854 323.3757 0.6023442 0.569827 -0.5589981 111.9038 0.2560103 0.5253923 0.8114319 72.2862
0.7560252 -0.63183 0.1709291 324.3568 0.6031833 0.5711267 -0.5567624 112.8935 0.2541571 0.524028 0.8128954 73.15125
0.7541039 -0.6343293 0.1701578 325.3401 0.6044257 0.5689735 -0.5576186 113.9036 0.2568985 0.5233501 0.8124702 74.07691
0.7535936 -0.6341209 0.1731689 326.3153 0.6050811 0.5662407 -0.5596861 114.9208 0.2568533 0.5265571 0.8104098 74.94994
0.7539166 -0.633318 0.1746939 327.275 0.6055484 0.5667607 -0.5586532 115.9059 0.2547955 0.5269636 0.8107951 75.84343
0.7533267 -0.6337709 0.1755943 328.2536 0.6061335 0.5655218 -0.5592738 116.8907 0.2551491 0.5277495 0.8101724 76.71218
0.7533199 -0.6334552 0.1767583 329.2228 0.607379 0.567066 -0.5563513 117.8995 0.25219 0.5264698 0.8119296 77.60159
0.7535287 -0.6331345 0.1770172 330.1865 0.6062097 0.5649903 -0.5597284 118.8972 0.2543704 0.529081 0.8095487 78.48547
0.7548739 -0.6313069 0.1778115 331.174 0.6042444 0.5639805 -0.5628629 119.8952 0.2550571 0.5323321 0.8071979 79.38638
0.7561145 -0.6301113 0.1767784 332.1263 0.6029819 0.5657731 -0.5624177 120.8615 0.2543692 0.5318463 0.807735 80.25287
0.7565431 -0.6301303 0.1748668 333.1026 0.6029596 0.5686449 -0.559538 121.8592 0.2531447 0.5287522 0.8101474 81.12741
0.7573797 -0.6291326 0.1748381 334.072 0.6024949 0.5700821 -0.5585754 122.849 0.2517459 0.5283927 0.8108176 82.03465
0.7574614 -0.6292726 0.1739774 335.0445 0.601367 0.5687221 -0.5611709 123.8542 0.2541847 0.5296896 0.8092089 82.92879
0.7583414 -0.627729 0.1757115 336.0496 0.6003253 0.5674968 -0.5635218 124.853 0.2540233 0.532826 0.807198 83.79714
0.7590486 -0.6260031 0.1787887 337.005 0.6015903 0.5694561 -0.5601864 125.8372 0.2488661 0.5327662 0.8088423 84.71528
0.759352 -0.6259022 0.177851 338.0002 0.6015704 0.5711346 -0.5584964 126.8233 0.2479873 0.5310853 0.8102164 85.58794
0.7594669 -0.6258152 0.1776665 338.9633 0.6017101 0.5719342 -0.5575269 127.7837 0.2472953 0.530327 0.8109244 86.42941
0.7598602 -0.6252671 0.1779143 339.9496 0.6015694 0.5725621 -0.5570341 128.8011 0.2464281 0.5302958 0.8112087 87.3505
0.7602782 -0.624453 0.1789847 340.9616 0.6014521 0.5725837 -0.5571388 129.8072 0.2454232 0.5312312 0.8109013 88.22557
0.7608828 -0.6233232 0.1803482 341.9479 0.6017574 0.5738242 -0.5555301 130.8039 0.2427866 0.5312192 0.8117024 89.11962
0.7611375 -0.6233792 0.1790755 342.9593 0.6008824 0.5738077 -0.5564938 131.7964 0.2441517 0.5311716 0.811324 90.00591
0.7608545 -0.623531 0.1797484 343.9385 0.6016629 0.574068 -0.5553808 132.7982 0.2431094 0.530712 0.8119376 90.89221
0.7609161 -0.6234099 0.1799076 344.9051 0.6012823 0.5732784 -0.5566071 133.7814 0.2438573 0.5317066 0.8110621 91.77499
0.7609366 -0.6231968 0.1805585 345.878 0.6019903 0.5743073 -0.554778 134.7695 0.2420398 0.5308453 0.8121699 92.64509
0.7609272 -0.6228595 0.1817574 346.8212 0.6019384 0.5730968 -0.5560846 135.7355 0.242198 0.5325467 0.8110081 93.52022
0.7608083 -0.6226122 0.1830973 347.789 0.6026014 0.573007 -0.5554588 136.7041 0.2409194 0.5329324 0.8111355 94.37964
0.7609499 -0.6218652 0.185038 348.76 0.6027074 0.5719342 -0.5564485 137.7048 0.2402064 0.5349532 0.810016 95.27686
0.7615901 -0.6210359 0.1851885 349.7628 0.6026508 0.5736125 -0.5547799 138.6974 0.2383118 0.5341189 0.8111255 96.14719
0.7621825 -0.6194511 0.1880377 350.7296 0.6026229 0.5728098 -0.555639 139.6586 0.2364813 0.5368142 0.809881 97.02325
0.762247 -0.6186627 0.1903579 351.7179 0.603623 0.5732136 -0.554135 140.6635 0.2337069 0.5372921 0.8103693 97.8999
0.7619256 -0.6184586 0.1922976 352.6882 0.60489 0.5734036 -0.5525544 141.6503 0.2314679 0.5373242 0.8109903 98.78161
0.7614644 -0.6187782 0.1930946 353.6625 0.6056235 0.572952 -0.5522193 142.6421 0.2310673 0.5374379 0.8110292 99.66073
0.7613681 -0.6187702 0.1934993 354.6698 0.6061279 0.573464 -0.5511334 143.654 0.2300601 0.5369006 0.8116711 100.5507
0.7607152 -0.6193769 0.1941252 355.6397 0.6071044 0.573136 -0.5503992 144.6486 0.2296444 0.5365514 0.8120198 101.4373
0.7604026 -0.6191947 0.195923 356.6238 0.6080598 0.5727946 -0.5496997 145.6634 0.2281475 0.537126 0.8120618 102.3147
0.7597543 -0.6197926 0.1965465 357.6004 0.6088492 0.5720528 -0.5495982 146.6674 0.2282019 0.5372267 0.8119799 103.2152
0.7592173 -0.620088 0.1976867 358.5883 0.6096128 0.5711472 -0.5496938 147.6736 0.2279503 0.5378494 0.8116382 104.0982
0.7584445 -0.6204985 0.199358 359.5326 0.6106611 0.5697033 -0.5500285 148.6581 0.2277169 0.5389063 0.8110025 104.9645
