1.0 0.0 0.0 0.0 0.0 1.0 0.0 0.0 0.0 0.0 1.0 0.0
0.9999996 -0.0007535587 0.0004770851 0.07373162 0.0007549308 0.9999956 -0.002882366 -0.004732281 -0.000474911 0.002882725 0.9999957 0.02687893
0.9999859 -0.001743552 -0.005019677 0.5408432 0.001741803 0.9999986 -0.0003525959 -0.0007458638 0.005020284 0.0003438477 0.9999874 0.08130472
0.9999784 -0.002637305 -0.006027415 0.9270352 0.002633145 0.9999962 -0.0006978855 0.006880859 0.006029233 0.0006819993 0.9999816 0.05485738
0.9999875 -0.003162792 -0.003864414 0.9678211 0.003168531 0.9999939 0.001479906 0.004898686 0.00385971 -0.001492133 0.9999914 0.0595535
0.9999852 -0.003805544 -0.00388452 1.089593 0.003800409 0.9999918 -0.001328287 0.009599228 0.003889543 0.001313504 0.9999916 0.0664763
0.9999743 -0.003686276 -0.006145928 0.9263309 0.003674843 0.9999915 -0.001870481 0.0248021 0.00615277 0.001847848 0.9999794 0.04142682
0.9999515 -0.003090466 -0.009350577 1.061787 0.003050314 0.9999861 -0.004305301 0.02226866 0.009363752 0.00427657 0.999947 0.03139457
0.9999216 -0.002667634 -0.01223183 1.151794 0.002633565 0.9999926 -0.002800556 0.01829856 0.01223921 0.002768124 0.9999213 0.02422566
0.9998323 -0.001544267 -0.01824525 1.160873 0.001501392 0.9999961 -0.002363405 0.01285668 0.01824883 0.002335615 0.9998307 0.06347656
0.9998956 -0.001967287 -0.0143168 1.076363 0.001985513 0.9999974 0.001258962 0.01452327 0.01431429 -0.001287257 0.9998967 0.04762546
0.9998799 -0.001215215 -0.0154515 0.9933568 0.001237118 0.9999982 0.001408021 0.006856732 0.01544976 -0.001426967 0.9998796 0.0404967
0.999913 -0.0004362079 -0.01318614 0.7152737 0.0004469694 0.9999996 0.0008131848 0.004756866 0.01318579 -0.0008190078 0.9999127 0.03237058
0.9999206 0.0007098069 -0.01258115 0.2369902 -0.0006778119 0.9999964 0.002547168 -0.005635235 0.01258292 -0.002538439 0.9999176 0.01278942
0.9999059 0.00154173 -0.01363359 0.2152738 -0.001518339 0.9999974 0.001725881 0.0001715174 0.01363621 -0.001705018 0.9999056 0.05818501
0.999932 0.002660987 -0.01135224 0.3334087 -0.002652701 0.9999963 0.0007449313 -0.02565319 0.01135418 -0.0007147666 0.9999353 0.03592229
0.9999449 0.002932755 -0.01007801 0.2389622 -0.002952619 0.9999938 -0.001956742 -0.04110184 0.01007221 0.00198639 0.9999473 0.0615532
0.9999533 0.003097351 -0.009159873 0.07598068 -0.003091326 0.999995 0.0006718716 -0.04301577 0.009161909 -0.000643524 0.9999578 0.05484007
0.9999312 0.002459446 -0.01147349 -0.08578488 -0.002458345 0.9999969 0.0001100005 -0.02895971 0.01147372 -8.178711e-05 0.9999342 0.09217659
0.9999549 0.003779832 -0.008715168 -0.07338433 -0.003756603 0.9999894 0.002680101 -0.04398389 0.008725205 -0.00264724 0.9999585 0.08275633
0.9999824 0.003833345 -0.004521892 0.1658905 -0.00381094 0.9999804 0.004953083 -0.06598557 0.004540791 -0.004935763 0.9999775 0.09395047
0.9999837 0.003448648 -0.004543999 0.1457548 -0.003429143 0.9999849 0.004293287 -0.07723661 0.004558736 -0.004277635 0.9999804 0.07432774
0.9999946 0.002508178 -0.002138714 0.2819795 -0.00250308 0.9999939 0.002382788 -0.07665469 0.002144677 -0.002377422 0.9999949 0.09468306
0.9999975 0.001619158 -0.00156021 0.2822672 -0.001613884 0.9999931 0.003375592 -0.05304635 0.001565664 -0.003373066 0.9999931 0.1059587
0.9999978 0.000887065 -0.001888116 0.4940763 -0.0008815279 0.9999954 0.002931429 -0.0405511 0.001890707 -0.002929758 0.9999939 0.09733973
0.999993 0.0005447259 -0.003714142 0.9045974 -0.0005299432 0.9999919 0.003979914 -0.04260372 0.00371628 -0.003977917 0.9999852 0.06826664
0.9999885 0.0006218097 -0.004756799 0.932164 -0.0005979013 0.9999872 0.005025944 -0.03764702 0.004759863 -0.005023042 0.999976 0.02342886
0.9999976 -0.0007277969 -0.002054802 1.086608 0.0007435809 0.9999702 0.007691218 -0.03193025 0.002049142 -0.007692727 0.9999683 0.004642938
0.9999954 -0.002347422 -0.001950491 1.185408 0.002366938 0.9999466 0.01006421 0.00646964 0.001926762 -0.01006878 0.9999474 -0.02276251
0.9999847 -0.004477581 -0.003240227 1.35164 0.004508995 0.9999422 0.009753516 0.053685 0.003196368 -0.009767978 0.9999472 -0.007008465
0.9999853 -0.004298268 -0.00328977 1.950069 0.004318009 0.9999725 0.00601706 0.02555791 0.003263817 -0.006031177 0.9999765 -0.06865104
0.999991 -0.004237731 -0.000154655 2.484776 0.004238774 0.9999628 0.007521206 0.004621192 0.0001227764 -0.007521793 0.9999717 -0.129201
0.9999875 -0.004983975 -0.0003786919 3.50044 0.004987014 0.9999515 0.008500889 0.003062112 0.0003363053 -0.008502671 0.9999638 -0.1841099
0.9999768 -0.006801446 -0.0004641416 4.634789 0.006805236 0.9999388 0.008720565 0.02632527 0.0004048008 -0.008723521 0.9999619 -0.2411196
0.9999554 -0.008946009 0.003029262 5.75121 0.008914966 0.9999092 0.01011086 0.02653617 -0.003119439 -0.01008341 0.9999443 -0.3063111
0.9999096 -0.01121426 0.007411171 6.813387 0.01111671 0.9998528 0.01307518 0.03123688 -0.007556708 -0.01299161 0.999887 -0.3792811
0.9998558 -0.01231635 0.01169396 7.811588 0.01212782 0.9997975 0.01605806 0.01967654 -0.01188937 -0.01591392 0.9998026 -0.4737774
0.9997949 -0.01190036 0.01638859 8.833927 0.01170012 0.9998564 0.01226046 0.02607008 -0.01653214 -0.0120662 0.9997905 -0.5983899
0.999742 -0.0123761 0.01904576 9.69812 0.01213645 0.9998465 0.01264724 0.0292974 -0.01919936 -0.01241283 0.9997386 -0.666811
0.9996623 -0.01087525 0.02359836 10.24682 0.01061502 0.9998817 0.01112484 0.01420197 -0.02371656 -0.01087058 0.9996596 -0.7595257
0.999613 -0.01306948 0.0245538 10.92283 0.0127633 0.9998393 0.01258535 0.0309464 -0.02471433 -0.01226709 0.9996193 -0.8216796
0.9994732 -0.01393874 0.02930987 11.79803 0.01352649 0.9998074 0.01421667 0.06198079 -0.02950239 -0.01381272 0.9994693 -0.9219093
0.9992409 -0.01456892 0.03612978 12.47358 0.01409802 0.9998127 0.01325426 0.05691645 -0.03631612 -0.01273484 0.9992592 -0.9745166
0.9989666 -0.01580022 0.04261675 13.24513 0.01510253 0.9997473 0.01664382 0.03451556 -0.04286896 -0.015983 0.9989529 -1.045657
0.998669 -0.01762545 0.04847157 14.17011 0.01695705 0.9997559 0.01416642 0.03000279 -0.04870943 -0.01332563 0.9987241 -1.133705
0.9982373 -0.01880277 0.0562924 14.87546 0.01816221 0.9997646 0.01186916 0.05455625 -0.05650232 -0.01082584 0.9983438 -1.222969
0.9981983 -0.01897784 0.05692043 15.57625 0.01822758 0.9997405 0.01367124 0.04151924 -0.05716511 -0.01260908 0.9982851 -1.301076
0.9977444 -0.01959658 0.06420241 16.43705 0.01898528 0.9997685 0.01011784 0.0672508 -0.06438583 -0.00887612 0.9978856 -1.388386
0.997548 -0.02207372 0.06641229 17.31781 0.02145072 0.9997191 0.01007934 0.08093275 -0.06661613 -0.008630033 0.9977413 -1.446348
0.9973025 -0.02323062 0.06962726 18.21547 0.02237308 0.9996643 0.01307079 0.05654274 -0.06990752 -0.01147776 0.9974874 -1.529631
0.9972401 -0.02326562 0.07050541 19.10442 0.02198808 0.9995807 0.01884209 0.04001406 -0.07091422 -0.01723981 0.9973334 -1.603753
0.9969224 -0.02567436 0.07407044 19.98656 0.0250018 0.9996375 0.009993038 0.04590617 -0.07430016 -0.00811039 0.9972029 -1.645941
0.9963076 -0.0268172 0.08156075 20.81212 0.02604676 0.9996057 0.01049577 0.03054908 -0.08181004 -0.008332619 0.9966131 -1.729286
0.9956985 -0.02804816 0.08830513 21.853 0.0272618 0.9995774 0.01009871 0.02486569 -0.08855106 -0.007647916 0.9960423 -1.793193
0.9952006 -0.03085369 0.0928646 22.82403 0.03003745 0.9994969 0.01017489 0.01447135 -0.09313183 -0.00733664 0.9956267 -1.863694
0.9949165 -0.03256492 0.09529272 23.92527 0.0313757 0.9994103 0.01395198 0.01884977 -0.09569086 -0.01089118 0.9953515 -1.925183
0.9946824 -0.03551509 0.0966732 25.00849 0.03439096 0.9993203 0.01327027 0.01961985 -0.09707879 -0.00987502 0.9952277 -1.9995
0.9946262 -0.03851733 0.09609944 26.15744 0.03721653 0.9991902 0.01529257 0.01796806 -0.09661066 -0.0116339 0.9952543 -2.060885
0.994184 -0.04254746 0.09893395 27.30965 0.04210259 0.9990917 0.006581117 0.05528618 -0.09912409 -0.002377466 0.9950722 -2.111971
0.9937657 -0.0471031 0.1010495 28.42468 0.04659193 0.9988866 0.007414061 0.06856284 -0.1012862 -0.002659746 0.9948538 -2.141763
0.9934905 -0.05097478 0.1018735 29.64771 0.05093089 0.9986978 0.003033553 0.1047425 -0.1018954 0.0021747 0.9947928 -2.172885
0.99296 -0.05384333 0.1055048 30.86073 0.05436368 0.9985189 -0.002060317 0.1287537 -0.1052376 0.007781439 0.9944167 -2.185212
0.9926572 -0.05542299 0.1075167 32.33599 0.0563499 0.9983954 -0.00559984 0.1912771 -0.1070338 0.01161727 0.9941875 -2.218795
0.992524 -0.05999207 0.1062875 34.70278 0.06084559 0.9981357 -0.004802954 0.3151449 -0.1058012 0.01123417 0.9943238 -2.27402
0.9926631 -0.06390242 0.102647 37.22526 0.06462828 0.9979023 -0.003758004 0.4633665 -0.1021916 0.01036433 0.9947107 -2.317075
0.9925092 -0.06861111 0.1010838 39.86412 0.06953021 0.9975642 -0.005593344 0.6048389 -0.1004538 0.01257982 0.9948622 -2.335238
0.9919701 -0.0737837 0.1027193 42.4492 0.07470072 0.9971927 -0.005104158 0.7591048 -0.1020544 0.01273638 0.9946973 -2.378457
0.9914578 -0.07923023 0.1036054 45.04474 0.07982475 0.9968077 -0.001598201 0.9318572 -0.103148 0.009854821 0.9946172 -2.413062
0.9911739 -0.08419488 0.1023989 47.57896 0.08410011 0.9964435 0.005250074 1.11193 -0.1024768 0.003408025 0.9947296 -2.456995
0.9906387 -0.09056794 0.1021397 50.15735 0.09046669 0.9958837 0.005632672 1.314331 -0.1022294 0.003660298 0.9947541 -2.518565
0.9897103 -0.09743927 0.104781 52.702 0.09763479 0.9952168 0.00327402 1.521594 -0.1045989 0.006989942 0.9944899 -2.56162
0.9887794 -0.103938 0.1072953 55.25744 0.1040032 0.9945643 0.005002966 1.760098 -0.107232 0.006212222 0.9942146 -2.642239
0.9880992 -0.1102445 0.1072668 57.82048 0.1102008 0.9938892 0.00635284 2.012283 -0.1073117 0.005543654 0.99421 -2.689512
0.9878544 -0.1150646 0.1044214 60.36437 0.1146972 0.9933546 0.009536477 2.276019 -0.1048248 0.002556187 0.9944874 -2.765699
0.9873841 -0.1199695 0.1033438 62.89508 0.1197788 0.9927677 0.008071601 2.551266 -0.1035648 0.004408629 0.9946129 -2.823034
0.9869739 -0.1239958 0.1025061 65.42735 0.1236786 0.9922773 0.009469218 2.829476 -0.1028886 0.003331935 0.9946873 -2.906254
0.9866685 -0.1282985 0.1001243 67.94392 0.1282332 0.9917185 0.007114772 3.126738 -0.100208 0.005819339 0.9949495 -2.965251
0.9860948 -0.1323587 0.1004899 70.46876 0.1321292 0.9911921 0.008965126 3.435796 -0.1007914 0.004437186 0.9948977 -3.040893
0.9856107 -0.1370102 0.09899358 72.9927 0.1365944 0.9905659 0.01099825 3.764107 -0.09956655 0.002681981 0.9950273 -3.110328
0.9851555 -0.1409177 0.09803452 75.52974 0.1402144 0.9900212 0.01406205 4.087234 -0.09903786 -0.0001074616 0.9950837 -3.171408
0.9846366 -0.1438645 0.09896353 78.0491 0.1431589 0.9895974 0.01423197 4.420084 -0.09998153 0.0001541902 0.9949893 -3.263268
0.9840045 -0.1475797 0.09977671 80.53745 0.1465966 0.9890475 0.01715411 4.761762 -0.1012155 -0.002252792 0.994862 -3.354877
0.9839966 -0.1489812 0.09775122 83.0955 0.1481044 0.9888389 0.01620605 5.11053 -0.0990746 -0.001469308 0.9950789 -3.43724
0.9835825 -0.1515041 0.09804038 85.60623 0.1510853 0.9884511 0.01172603 5.467996 -0.09868468 0.003278935 0.9951134 -3.537863
0.9833774 -0.1531311 0.09756935 88.11028 0.1524651 0.9882056 0.01428947 5.827213 -0.09860674 0.0008239793 0.9951261 -3.641189
0.9826217 -0.1558689 0.1007946 90.57044 0.1548884 0.9877764 0.01752962 6.185453 -0.1022949 -0.001613058 0.9947528 -3.708534
0.9824178 -0.1585898 0.09851122 93.03455 0.1577729 0.9873446 0.01607751 6.545333 -0.09981424 -0.0002524359 0.9950061 -3.78206
0.981327 -0.1623454 0.1031566 95.51769 0.1616569 0.9867321 0.01505634 6.915377 -0.1042322 0.001900778 0.9945512 -3.871971
0.980755 -0.1654739 0.1036249 98.03433 0.1648735 0.9862098 0.01439318 7.307459 -0.1045776 0.002968812 0.9945123 -3.955482
0.9801973 -0.168459 0.1040902 100.4521 0.1674614 0.9857085 0.01831371 7.694908 -0.1056878 -0.0005199602 0.9943992 -4.050211
0.9797868 -0.1698632 0.1056619 102.956 0.1685427 0.9854628 0.02136877 8.087554 -0.1077556 -0.003128292 0.9941725 -4.131542
0.9799626 -0.171811 0.1007682 105.3988 0.1704771 0.9851213 0.02176722 8.484463 -0.1030087 -0.004152401 0.9946718 -4.223083
0.9792022 -0.1729304 0.1061046 107.9078 0.171853 0.9849339 0.01928418 8.896881 -0.1078408 -0.0006487146 0.994168 -4.327801
0.9789965 -0.1733692 0.1072803 110.3375 0.1723287 0.9848568 0.01896615 9.294337 -0.1089438 -8.032471e-05 0.9940479 -4.453998
0.9788256 -0.1746233 0.1068045 112.7435 0.1742235 0.9846187 0.01313519 9.709221 -0.1074554 0.005750789 0.9941933 -4.49408
0.9784967 -0.1760038 0.1075499 115.1233 0.1754781 0.9843779 0.01440755 10.11099 -0.1084056 0.004774917 0.9940953 -4.57829
0.9778194 -0.1778199 0.1106769 117.6592 0.1775026 0.9840372 0.01279338 10.54634 -0.1111851 0.007135822 0.9937741 -4.661935
0.9769031 -0.1801644 0.1148963 120.0654 0.1797386 0.9836128 0.01414129 10.96224 -0.1155612 0.006836621 0.9932768 -4.709042
0.9758058 -0.1835025 0.1188697 122.3385 0.1824124 0.983017 0.02008066 11.36162 -0.1205358 0.002088485 0.9927068 -4.797215
0.9750007 -0.1861554 0.1213251 124.6554 0.1864013 0.9824286 0.009421131 11.78113 -0.1209471 0.01342955 0.9925681 -4.868482
0.9741077 -0.1889926 0.1240802 126.8369 0.1909366 0.9815947 -0.003857608 12.18717 -0.1210674 0.02744917 0.9922647 -4.926953
0.9736705 -0.1897078 0.1263988 128.8846 0.1907591 0.9816293 0.003847245 12.55772 -0.1248066 0.02036577 0.991972 -4.946773
0.9734851 -0.1910363 0.1258252 130.2708 0.1910777 0.9815034 0.01185313 12.79894 -0.1257622 0.01250355 0.9919816 -5.013388
0.9726075 -0.1931318 0.1293628 131.7433 0.1930317 0.9811004 0.01343244 13.05706 -0.1295121 0.01190663 0.9915063 -5.075418
0.9717996 -0.1961906 0.1308234 133.1185 0.1960869 0.9804895 0.01380169 13.29905 -0.1309787 0.01224028 0.9913096 -5.113826
0.9707651 -0.1996914 0.1331856 134.416 0.2004082 0.9796788 0.008140028 13.54034 -0.1321046 0.01878943 0.9910577 -5.137352
0.9693826 -0.2029614 0.1382169 135.7124 0.2033982 0.979033 0.01110739 13.78726 -0.1375733 0.01734576 0.9903397 -5.197397
0.9688714 -0.2054632 0.1381056 136.9399 0.2060508 0.9784883 0.01018505 14.02162 -0.1372273 0.01858875 0.9903651 -5.218235
0.9680734 -0.2088284 0.1386529 138.1156 0.2091016 0.9778107 0.01275856 14.24668 -0.1382407 0.01664132 0.9902589 -5.265927
0.9671404 -0.2131422 0.1385996 139.2685 0.2136595 0.9768428 0.01131053 14.48523 -0.1378008 0.01867425 0.9902839 -5.288444
0.9663695 -0.2157042 0.1400063 140.3098 0.2159356 0.9763113 0.01371963 14.68391 -0.1396491 0.01697413 0.9900556 -5.361974
0.9651666 -0.2192395 0.1427851 141.368 0.2200305 0.9754374 0.01042319 14.90912 -0.1415631 0.02135697 0.9896988 -5.394161
0.964248 -0.221905 0.1448582 142.4315 0.2218825 0.9749334 0.01651847 15.13484 -0.1448927 0.01621361 0.9893145 -5.440732
0.9641859 -0.2227998 0.1438951 143.3396 0.2225125 0.9747581 0.0182946 15.3433 -0.144339 0.01437907 0.9894238 -5.486346
0.964528 -0.2227239 0.1417034 144.1405 0.222364 0.9747869 0.01857405 15.52303 -0.1422675 0.01359455 0.9897349 -5.519883
0.9649115 -0.2214963 0.1410147 144.9834 0.22095 0.9750857 0.01971906 15.71249 -0.1418692 0.01213006 0.9898111 -5.571192
0.9652303 -0.222221 0.1376524 145.8299 0.2217905 0.9749159 0.01865464 15.90021 -0.138345 0.01252398 0.9903049 -5.604577
0.9657934 -0.2202354 0.1368926 146.5153 0.2202148 0.9753286 0.01548568 16.05286 -0.1369257 0.0151898 0.9904649 -5.626621
0.9658676 -0.2203419 0.1361954 147.239 0.219849 0.9753519 0.01884 16.21138 -0.1369897 0.01174546 0.9905028 -5.653318
0.9659991 -0.2183101 0.1385155 147.8955 0.2186743 0.9757143 0.01277196 16.35331 -0.1379398 0.01795207 0.9902779 -5.679113
0.966009 -0.2178003 0.139247 148.506 0.2175089 0.9759015 0.01749446 16.47372 -0.1397016 0.01338766 0.9901031 -5.710287
0.9664738 -0.2169765 0.137294 149.0469 0.2172322 0.9760293 0.01330126 16.58084 -0.136889 0.01696936 0.990441 -5.738254
0.9667125 -0.2148556 0.1389389 149.6838 0.2144153 0.9765708 0.01830915 16.70878 -0.1396176 0.01209095 0.9901317 -5.759154
0.9672508 -0.2132025 0.1377335 150.1301 0.2128578 0.9769282 0.01740061 16.7723 -0.1382656 0.01248689 0.9903165 -5.758868
0.9668666 -0.2126412 0.1412542 150.559 0.2121229 0.9770603 0.01889268 16.83334 -0.1420313 0.01169655 0.9897931 -5.80912
0.9669873 -0.2124448 0.1407228 150.8857 0.2121546 0.9770839 0.01723704 16.87454 -0.1411599 0.01318697 0.989899 -5.791493
0.966617 -0.2118069 0.1441849 151.2739 0.2110182 0.9772582 0.02091915 16.92298 -0.1453367 0.01020483 0.9893296 -5.837213
0.9669575 -0.211008 0.1430694 151.7153 0.2100527 0.9774443 0.02192314 16.99322 -0.1444683 0.008853372 0.9894698 -5.867354
0.9664542 -0.2107137 0.1468536 151.9785 0.2103082 0.9774607 0.01846167 17.017 -0.1474338 0.01304215 0.988986 -5.877801
0.9666321 -0.2095448 0.1473542 152.1447 0.208751 0.977743 0.02100771 17.00667 -0.1484767 0.01045363 0.9888607 -5.88075
0.9663038 -0.2120246 0.1459538 152.4344 0.2114647 0.9771906 0.019522 17.0574 -0.1467639 0.01199991 0.9890988 -5.886294
0.9662943 -0.2111569 0.1472685 152.5265 0.2104834 0.9773861 0.02032331 17.03427 -0.1482296 0.01135927 0.9888877 -5.868529
0.9662719 -0.2130802 0.1446214 152.6092 0.212663 0.9769502 0.01852045 17.02499 -0.1452342 0.01285981 0.9893137 -5.861135
0.9661163 -0.2122275 0.1468971 152.5068 0.2119752 0.9771173 0.01755274 16.96045 -0.1472609 0.01418054 0.988996 -5.858244
0.9662065 -0.2129661 0.1452256 152.3084 0.2128865 0.9769413 0.01627174 16.89894 -0.1453422 0.0151947 0.9892648 -5.81968
0.967079 -0.2105769 0.142883 152.1445 0.2106653 0.9774481 0.01468306 16.80658 -0.1427526 0.01590081 0.9896307 -5.822842
0.9668339 -0.209591 0.1459582 152.3752 0.2098941 0.977631 0.013497 16.84532 -0.1455221 0.01758641 0.9891987 -5.82316
0.967265 -0.2100608 0.1423832 152.3991 0.2100109 0.9775755 0.01555052 16.81602 -0.1424569 0.01486055 0.9896895 -5.806609
0.9672942 -0.2081227 0.1450065 152.3851 0.2077885 0.9780151 0.01761697 16.76425 -0.1454851 0.01308989 0.9892738 -5.781428
0.9670582 -0.2102833 0.1434554 152.2473 0.2098942 0.9775581 0.01801464 16.71553 -0.1440242 0.01268924 0.9894928 -5.773642
0.9673536 -0.207999 0.1447871 152.1441 0.2083263 0.977972 0.01306765 16.64464 -0.1443159 0.01752193 0.9893765 -5.776947
0.9680244 -0.2059572 0.1432144 151.9576 0.2055603 0.9784838 0.01772473 16.54869 -0.1437835 0.01228123 0.9895329 -5.789051
0.9677598 -0.2078512 0.1422633 151.9251 0.2078157 0.9780487 0.01527348 16.51522 -0.142315 0.01478349 0.989711 -5.789324
0.9672014 -0.2118971 0.1400755 151.7711 0.2116081 0.9772044 0.01712778 16.47186 -0.1405118 0.01307511 0.9899927 -5.765941
0.9669152 -0.2117895 0.1421971 151.5823 0.2108361 0.9772757 0.02191436 16.35988 -0.1436071 0.008790955 0.9895958 -5.80619
0.9661672 -0.2129149 0.1455614 151.5686 0.2123137 0.9770004 0.01983564 16.3258 -0.1464368 0.01174013 0.9891503 -5.807145
0.9651985 -0.2197812 0.1417328 151.5172 0.2193966 0.9754597 0.01853147 16.30267 -0.1423275 0.01320915 0.9897315 -5.799167
0.9624003 -0.2313382 0.1423666 151.5327 0.231159 0.972749 0.01802749 16.35741 -0.1426574 0.01555966 0.9896498 -5.800355
0.9601976 -0.2435794 0.1367105 151.532 0.2438041 0.969703 0.01535749 16.54898 -0.1363094 0.01858436 0.990492 -5.765344
0.9590496 -0.25077 0.1316745 151.4973 0.2515743 0.9677781 0.01076534 16.60724 -0.1301314 0.02280143 0.9912345 -5.719633
0.9583894 -0.2540908 0.1301061 151.4312 0.254587 0.9669614 0.01308567 16.62278 -0.1291325 0.02058215 0.9914137 -5.714581
0.9572952 -0.2580409 0.1303873 151.4088 0.2578623 0.9660038 0.01854592 16.63219 -0.1307402 0.01586804 0.9912897 -5.720661
0.9566801 -0.2614967 0.127995 151.3458 0.2618157 0.9650069 0.01462795 16.70848 -0.1273412 0.01951682 0.9916669 -5.70444
0.954438 -0.2596612 0.1470513 151.1912 0.2586122 0.9656163 0.02654722 16.65423 -0.1488884 0.01269158 0.9887726 -5.758682
0.9551778 -0.2596799 0.1421328 151.0851 0.2606119 0.9653646 0.0123487 16.7009 -0.1404167 0.0252463 0.9897706 -5.7154
0.9529217 -0.2616946 0.1531543 151.1546 0.2632643 0.9646688 0.01030602 16.82275 -0.1504402 0.03049922 0.9881486 -5.801552
0.9548591 -0.2550131 0.1523565 151.3146 0.255648 0.9666417 0.01574231 16.8846 -0.1512886 0.02391795 0.9882002 -5.788175
0.9552569 -0.2511114 0.1562924 151.5658 0.2528263 0.9674685 0.009138304 16.84026 -0.1535027 0.0307854 0.9876686 -5.875834
0.9549218 -0.2513612 0.1579298 151.6387 0.25465 0.9670331 -0.0006096363 16.88566 -0.1525701 0.04079898 0.9874501 -5.886474
0.9617328 -0.2165776 0.1678218 152.0735 0.2178917 0.9759135 0.01077012 16.93739 -0.1661122 0.02620901 0.9857585 -5.977277
0.9684716 -0.2151106 0.125659 152.2956 0.2146705 0.9765352 0.01719517 16.96699 -0.1264093 0.01032224 0.9919245 -5.846364
0.9682937 -0.2142339 0.1284954 152.3985 0.2136327 0.9767368 0.01860672 16.99138 -0.1294924 0.009434048 0.9915355 -5.842672
0.9655415 -0.2126261 0.1500656 152.6518 0.2125867 0.9770031 0.01649301 17.07748 -0.1501214 0.01597726 0.9885384 -5.837919
0.9653372 -0.2134467 0.150215 152.944 0.2137638 0.9767818 0.01422396 17.16672 -0.1497633 0.01837962 0.988551 -5.840001
0.9646097 -0.2130059 0.1554235 153.1653 0.213478 0.9768498 0.01384505 17.23974 -0.1547745 0.01982442 0.9877509 -5.769038
0.9654395 -0.2096402 0.154847 153.5587 0.2106784 0.9775058 0.009863015 17.25896 -0.1534315 0.02310077 0.9878892 -5.808891
0.9660718 -0.2056696 0.1562221 154.1253 0.2067427 0.978349 0.009526916 17.3084 -0.1547991 0.0230941 0.987676 -5.794941
0.96621 -0.2033882 0.1583399 154.6247 0.2047785 0.9787785 0.007660344 17.34691 -0.1565377 0.0250231 0.9873549 -5.799321
0.9662418 -0.2032596 0.158311 155.1334 0.2038356 0.9789219 0.01276474 17.39573 -0.1575687 0.0199356 0.9873068 -5.823536
0.9664893 -0.2005645 0.1602257 155.6558 0.2011802 0.9794739 0.01254007 17.43885 -0.159452 0.0201144 0.9870008 -5.825125
0.9664739 -0.200649 0.1602129 156.3257 0.2016588 0.9794037 0.01010163 17.48954 -0.15894 0.02254538 0.9870308 -5.854819
0.9666997 -0.1996676 0.1600764 156.8875 0.2007274 0.9795991 0.009689704 17.54208 -0.1587454 0.02276468 0.9870571 -5.847172
0.9661776 -0.1998053 0.1630299 157.4498 0.2009009 0.9795614 0.009910585 17.60583 -0.161678 0.02317746 0.9865714 -5.869168
0.9663162 -0.1988847 0.1633336 158.0493 0.1993428 0.9798335 0.01374878 17.65643 -0.1627741 0.01927371 0.9864751 -5.86498
0.9664238 -0.1984573 0.1632169 158.5209 0.1997311 0.9798117 0.008735918 17.69638 -0.1616555 0.02415689 0.9865515 -5.861294
0.9652892 -0.2008682 0.1669394 159.1733 0.2018232 0.9793557 0.01140309 17.81044 -0.1657836 0.02268497 0.9859012 -5.909672
0.9636055 -0.2055909 0.170871 160.1463 0.206405 0.9783779 0.01318321 17.98647 -0.1698868 0.02256523 0.9852052 -5.9223
0.9631363 -0.2047673 0.1744674 161.3935 0.2059021 0.9785019 0.0117696 18.20687 -0.1731267 0.02458748 0.9845926 -5.921426
0.963421 -0.2013057 0.1769068 162.7631 0.2023906 0.9792304 0.01208205 18.4426 -0.1756647 0.02416416 0.9841534 -5.939262
0.9640347 -0.196509 0.1789451 164.1369 0.1986068 0.9800591 0.006295488 18.66521 -0.1766139 0.02947066 0.9838389 -5.932259
0.9627671 -0.2024761 0.1791171 165.8492 0.2038227 0.9789455 0.01105035 19.0045 -0.1775833 0.0258692 0.9837657 -5.978004
0.9617253 -0.2073957 0.1790852 167.8046 0.2088361 0.9778891 0.01098364 19.43275 -0.1774034 0.02683621 0.9837723 -6.032264
0.9604866 -0.2132353 0.1788749 170.0805 0.213836 0.9767361 0.01614552 19.91339 -0.1781564 0.02274235 0.9837393 -6.095515
0.9598022 -0.2185055 0.1761681 172.4959 0.2187705 0.9756073 0.01815957 20.43948 -0.1758388 0.02111078 0.9841926 -6.168029
0.9578281 -0.2241331 0.1798044 174.9999 0.2244677 0.9743011 0.01875146 20.96947 -0.1793865 0.02239962 0.9835237 -6.264116
0.9564533 -0.2287333 0.1813232 177.5603 0.2291125 0.9732119 0.01914017 21.5231 -0.1808439 0.02323674 0.9832373 -6.354701
0.9544314 -0.2350196 0.1839195 180.0722 0.2357011 0.9716501 0.01846625 22.09065 -0.1830454 0.02572527 0.9827678 -6.456834
0.9530012 -0.2404161 0.1843606 182.5769 0.2412062 0.9702982 0.0184723 22.67669 -0.1833257 0.02686477 0.9826851 -6.531603
0.9521933 -0.2450451 0.1824303 185.0812 0.245182 0.9692237 0.02216118 23.26283 -0.1822462 0.0236269 0.982969 -6.629595
0.9519837 -0.2487334 0.1784902 187.5593 0.2481942 0.9683691 0.02570966 23.86483 -0.1792392 0.01982505 0.9836057 -6.739925
0.9512252 -0.2526013 0.1770967 190.0295 0.2529113 0.967257 0.02120209 24.49076 -0.1766537 0.0246218 0.983965 -6.816041
0.9502258 -0.2563753 0.1770387 192.4784 0.2567755 0.966242 0.02104539 25.11109 -0.1764578 0.02546133 0.9839789 -6.892153
0.9493423 -0.2595253 0.1771889 194.9553 0.2592749 0.9654804 0.02497885 25.72956 -0.1775551 0.02222716 0.9838598 -7.027685
0.9487304 -0.2622156 0.1765037 197.4323 0.261896 0.9647584 0.02552931 26.37773 -0.1769777 0.0220052 0.9839689 -7.117304
0.9472755 -0.2657375 0.1790326 199.8894 0.2652051 0.9638039 0.02735056 27.02706 -0.1798204 0.02157185 0.9834629 -7.197369
0.9474086 -0.2679869 0.1749287 202.3701 0.2674037 0.9631965 0.02734504 27.68358 -0.1758188 0.02086965 0.9842013 -7.28716
0.9462028 -0.2706732 0.177303 204.8641 0.2706542 0.9623581 0.02476452 28.34427 -0.177332 0.02455555 0.9838447 -7.421426
0.9452153 -0.2737392 0.1778618 207.3207 0.2734435 0.9615184 0.02666316 29.01994 -0.1783161 0.0234327 0.9836942 -7.51602
0.9442062 -0.2760825 0.1795913 209.7822 0.2754505 0.9608791 0.02895369 29.69556 -0.1805591 0.02213026 0.9833151 -7.628181
0.943818 -0.2789454 0.1771921 212.2488 0.2779474 0.9600978 0.03094472 30.38127 -0.1787536 0.02004391 0.9836897 -7.717072
0.9432094 -0.2815049 0.1763834 214.691 0.2813727 0.9592384 0.02628906 31.06713 -0.1765942 0.02483339 0.9839704 -7.823746
0.9417282 -0.2842058 0.1799305 217.1501 0.2834323 0.9585055 0.03054871 31.75811 -0.1811465 0.02222952 0.9832048 -7.964777
0.9413732 -0.2872708 0.1768957 219.5907 0.2869341 0.9575398 0.0280456 32.46571 -0.1774413 0.02435603 0.9838299 -8.049788
0.9396531 -0.2904969 0.1807307 222.0063 0.29015 0.9565433 0.02895138 33.16717 -0.181287 0.02523476 0.9831064 -8.161851
0.9395763 -0.2933027 0.1765503 224.1246 0.2925008 0.9557577 0.03115026 33.78766 -0.1778758 0.02237305 0.9837986 -8.254465
0.9387433 -0.2959226 0.1766094 225.963 0.2956077 0.9548779 0.02870901 34.32498 -0.177136 0.02525668 0.9838622 -8.328918
0.9381872 -0.2973681 0.1771354 227.6029 0.295897 0.9545677 0.03529061 34.78151 -0.179582 0.01930465 0.9835536 -8.434179
0.9375139 -0.3004234 0.1755375 229.4198 0.2987627 0.9536309 0.03645279 35.3219 -0.1783493 0.01826907 0.9837976 -8.536664
0.9361205 -0.3039903 0.1768287 231.0876 0.3020545 0.9525156 0.03843328 35.81424 -0.1801154 0.01743371 0.983491 -8.620754
0.9354274 -0.3068738 0.1755111 232.6631 0.3056934 0.951508 0.034408 36.28742 -0.1775591 0.02146639 0.983876 -8.68103
0.9347619 -0.3098364 0.1738434 234.2893 0.3081964 0.9506012 0.03704829 36.78055 -0.1767346 0.01894656 0.9840761 -8.748243
0.9344329 -0.3118687 0.1719685 235.8827 0.3097859 0.9499847 0.03952096 37.25942 -0.1756928 0.01634374 0.9843094 -8.843064
0.9339559 -0.3142508 0.170214 237.4931 0.3121766 0.9492015 0.03952784 37.76286 -0.173989 0.01621955 0.984614 -8.926988
0.9336004 -0.3162668 0.1684209 239.0999 0.3135646 0.9485873 0.04312202 38.26213 -0.1734 0.0125521 0.9847715 -9.02824
0.933593 -0.3181423 0.1648923 240.6856 0.3152152 0.9479839 0.04433819 38.75972 -0.1704211 0.01058274 0.9853145 -9.107782
0.933048 -0.3203371 0.163724 242.3034 0.3180701 0.9471974 0.04060405 39.27244 -0.168086 0.01419018 0.9856702 -9.205415
0.9322344 -0.3223937 0.1643208 243.8678 0.320563 0.9464533 0.038283 39.77644 -0.1678642 0.01698645 0.9856638 -9.293174
0.9315733 -0.3243915 0.1641381 245.2842 0.322224 0.9458003 0.04041858 40.22722 -0.1683533 0.01523636 0.9856089 -9.393077
0.930948 -0.3264921 0.16352 246.7166 0.3242871 0.9450798 0.04076988 40.69319 -0.1678505 0.01507279 0.9856972 -9.471237
0.930388 -0.3277307 0.1642279 248.1189 0.3254736 0.9446509 0.04124966 41.14502 -0.1686569 0.01507367 0.9855596 -9.549939
0.9301325 -0.3292069 0.1627155 249.5371 0.3269145 0.9441444 0.04145323 41.60262 -0.1672736 0.01463705 0.9858019 -9.648405
0.9294891 -0.3304494 0.1638697 250.8602 0.3280519 0.9437131 0.04228207 42.01669 -0.1686181 0.01445706 0.9855754 -9.739479
0.9292837 -0.3317509 0.1623981 252.1889 0.3291761 0.9432745 0.0433144 42.46076 -0.1675556 0.01320622 0.9857742 -9.82235
0.9289851 -0.3327684 0.1620244 253.5274 0.3301894 0.9429164 0.04339916 42.89497 -0.1672173 0.01318157 0.9858319 -9.897271
0.9288046 -0.3338609 0.1608067 254.8069 0.3318073 0.9424874 0.04026888 43.31047 -0.1650025 0.01595493 0.9861641 -9.965405
0.9289494 -0.3340474 0.1595784 256.0656 0.3318921 0.9424356 0.04077749 43.71523 -0.164014 0.0150826 0.9863427 -10.03226
0.9286116 -0.3342949 0.1610198 257.2617 0.3315658 0.9423894 0.04434326 44.09126 -0.1665671 0.01221099 0.9859545 -10.1144
0.9287549 -0.3344712 0.1598231 258.4306 0.3315863 0.9423417 0.04519827 44.47521 -0.1657255 0.01101704 0.9861104 -10.17592
0.9292672 -0.3341801 0.1574364 259.6882 0.3304671 0.9424928 0.04998879 44.87052 -0.1650879 0.005574601 0.9862631 -10.27227
0.9290698 -0.3343068 0.1583299 260.9028 0.3310245 0.9424278 0.04746495 45.25266 -0.1650823 0.008312831 0.9862447 -10.36389
0.929284 -0.3340294 0.1576569 262.0974 0.3309264 0.9425186 0.04633027 45.62446 -0.1640702 0.009118861 0.9864065 -10.43832
0.929595 -0.3339794 0.1559193 263.3082 0.3308387 0.942543 0.04645937 46.00686 -0.1624771 0.008395748 0.9866766 -10.51377
0.9294984 -0.333869 0.15673 264.4591 0.3307672 0.9425778 0.04625775 46.35953 -0.1631743 0.008844635 0.9865576 -10.57554
0.9294936 -0.3344496 0.1555154 265.6443 0.330986 0.9423915 0.0484402 46.7219 -0.1627572 0.006448559 0.9866451 -10.66332
0.9289946 -0.3352313 0.1568089 266.8511 0.3319199 0.9421036 0.04764298 47.09995 -0.1637017 0.007787934 0.9864792 -10.73884
0.9285936 -0.3362344 0.1570364 268.0702 0.3328727 0.9417473 0.04804253 47.4725 -0.1640421 0.007661127 0.9864236 -10.83239
0.9281645 -0.3373227 0.1572386 269.352 0.3339841 0.9413556 0.04800563 47.87411 -0.1642108 0.007958071 0.9863932 -10.90968
0.9275407 -0.3396391 0.1559281 270.6066 0.3360784 0.9405333 0.04948094 48.28104 -0.1634612 0.00650849 0.9865283 -10.96947
0.9270183 -0.3414395 0.1551004 271.823 0.337878 0.9398818 0.04960458 48.66454 -0.162713 0.006420653 0.9866526 -11.05927
0.9269978 -0.3417795 0.1544727 272.9535 0.3380457 0.9397656 0.05065577 49.01443 -0.1624812 0.005261039 0.9866976 -11.15675
0.9263978 -0.3433855 0.1545105 274.2156 0.3394485 0.9391849 0.05202331 49.421 -0.162978 0.004254073 0.9866205 -11.23356
0.9259826 -0.3447905 0.1538691 275.3447 0.341339 0.9386535 0.04916422 49.77358 -0.1613811 0.006996308 0.9868674 -11.30471
0.9255815 -0.3457403 0.154151 276.5923 0.3423153 0.9383016 0.04909464 50.17543 -0.1616141 0.007327171 0.9868268 -11.41199
0.9250799 -0.34678 0.154825 277.7721 0.3434879 0.9379086 0.04840478 50.56046 -0.1619976 0.008402241 0.9867554 -11.46811
0.9248407 -0.3479052 0.1537257 278.9116 0.3445776 0.9374958 0.04865982 50.92522 -0.1610462 0.007967832 0.9869147 -11.54407
0.9249495 -0.3484732 0.1517727 280.0648 0.3454753 0.937272 0.04656304 51.30083 -0.1584783 0.009365255 0.987318 -11.60551
0.9241903 -0.3504184 0.1519183 281.2602 0.3475909 0.9365333 0.04567181 51.68908 -0.1582808 0.01059597 0.9873373 -11.70867
0.9240505 -0.3509007 0.1516556 282.3925 0.3480017 0.9363577 0.04614013 52.05732 -0.1581945 0.01014062 0.9873559 -11.77895
0.9240714 -0.3510731 0.1511282 283.4496 0.3476169 0.9363241 0.04959585 52.39612 -0.1589167 0.006704614 0.9872692 -11.8538
0.9235973 -0.3525677 0.1505459 284.4853 0.3497998 0.9357246 0.04538217 52.7221 -0.1568698 0.01074609 0.9875608 -11.93713
0.9231032 -0.3538606 0.1505428 285.536 0.3506688 0.935261 0.048149 53.05437 -0.1578348 0.008344179 0.9874303 -12.02084
0.9226007 -0.3559571 0.1486692 286.5847 0.3527166 0.9344708 0.04853053 53.40248 -0.1562018 0.007663801 0.9876954 -12.07043
0.9217888 -0.3577353 0.1494353 287.6001 0.3544508 0.9337904 0.04899121 53.73605 -0.1570671 0.007807896 0.9875571 -12.14149
0.9215461 -0.3599433 0.1455802 288.6101 0.3564066 0.9329593 0.05060682 54.0685 -0.154036 0.005249249 0.9880513 -12.20852
0.9206476 -0.3622701 0.1454934 289.597 0.3585678 0.9320626 0.05184973 54.39748 -0.1543926 0.00443393 0.9879996 -12.29648
0.9195969 -0.3649057 0.1455525 290.642 0.361568 0.9310189 0.04972252 54.76262 -0.1536562 0.006902458 0.9881003 -12.37269
0.9191186 -0.3676245 0.1416799 291.6726 0.363253 0.9299741 0.05652685 55.13197 -0.1525393 -0.0004892237 0.9882973 -12.43896
0.9180681 -0.3704629 0.1410962 292.6982 0.3663337 0.9288468 0.05516773 55.49303 -0.1514944 0.001040569 0.9884576 -12.54591
0.9164256 -0.3740242 0.1423729 293.7269 0.3703286 0.9274082 0.05263939 55.87223 -0.1517261 0.004484655 0.9884124 -12.62274
0.9150003 -0.3780697 0.1408463 294.7989 0.3746592 0.9257572 0.05103027 56.28579 -0.1496825 0.00607666 0.9887154 -12.6971
0.9146003 -0.3799782 0.1382855 295.8773 0.3767307 0.9249734 0.04998162 56.6961 -0.1469023 0.006383182 0.9891304 -12.77094
0.9152776 -0.3805889 0.1319812 296.9655 0.3758589 0.9247288 0.06005593 57.11597 -0.1449034 -0.00536155 0.9894313 -12.84826
0.9151605 -0.3819736 0.128753 298.2977 0.3776303 0.9241643 0.05758281 57.64151 -0.1409841 -0.004076475 0.9900035 -12.94163
0.9153883 -0.3822089 0.1264141 299.5508 0.3776126 0.9240516 0.05947539 58.12671 -0.1395452 -0.006707501 0.990193 -13.03777
0.9155007 -0.3830886 0.1228885 300.8489 0.3789796 0.9236989 0.05616837 58.63665 -0.1350294 -0.004849937 0.9908297 -13.12118
0.9150574 -0.383928 0.123569 302.2635 0.3790549 0.9233127 0.06173546 59.20536 -0.1377947 -0.009652074 0.9904138 -13.26149
0.9152074 -0.3848024 0.1196766 303.5819 0.3800735 0.9229407 0.06102886 59.72892 -0.1339385 -0.01036816 0.9909354 -13.35575
0.9143667 -0.3865525 0.1204609 304.877 0.3817942 0.9222125 0.06129488 60.25609 -0.1347842 -0.01005472 0.990824 -13.45555
0.9137993 -0.3884705 0.1185811 306.1283 0.3836275 0.9213914 0.06219241 60.7648 -0.1334195 -0.01134044 0.9909948 -13.56028
0.9127015 -0.3901318 0.1215452 307.2813 0.3848087 0.9206667 0.0655378 61.23779 -0.137471 -0.01304478 0.9904199 -13.69147
0.9130289 -0.3900215 0.1194214 308.562 0.3844906 0.9206753 0.06725932 61.73634 -0.1361809 -0.01549329 0.9905628 -13.8242
0.9124087 -0.3911764 0.1203799 309.8858 0.3855962 0.9201894 0.06757846 62.28157 -0.1372074 -0.01524115 0.9904251 -13.92978
0.9117985 -0.3926754 0.1201229 311.2241 0.387058 0.9195468 0.06796829 62.83516 -0.1371481 -0.01547887 0.9904296 -14.04457
0.9112967 -0.3934277 0.1214619 312.5358 0.3876821 0.9192233 0.06878299 63.3574 -0.1387117 -0.01559311 0.9902101 -14.17191
0.9106756 -0.394653 0.1221428 313.7163 0.3884086 0.9186459 0.07230891 63.85042 -0.1407429 -0.01840866 0.989875 -14.28772
0.9095032 -0.3962834 0.1255527 314.918 0.39019 0.9179966 0.07094932 64.34612 -0.143373 -0.01553922 0.9895467 -14.39725
0.9089108 -0.3977011 0.1253597 316.2404 0.3910042 0.9173112 0.07520594 64.89429 -0.1449033 -0.01933932 0.9892568 -14.54493
0.9078494 -0.4000078 0.125711 317.5992 0.3932845 0.9163131 0.07548444 65.45222 -0.145385 -0.01908831 0.989191 -14.69224
0.9065456 -0.4027966 0.1262136 319.0936 0.3959428 0.9150848 0.07648021 66.06226 -0.1463021 -0.01935943 0.9890505 -14.85479
0.9051475 -0.4055876 0.1273055 320.553 0.3991325 0.9139159 0.07383111 66.68807 -0.1462915 -0.01601627 0.9891118 -14.98631
0.904125 -0.4078232 0.1274289 322.0106 0.4011665 0.9129031 0.07532325 67.30672 -0.1470488 -0.01698144 0.9889835 -15.12843
0.9030491 -0.4100511 0.1279078 323.4071 0.4035899 0.9119343 0.07410172 67.90504 -0.147029 -0.01529521 0.9890139 -15.25673
0.9029717 -0.4107572 0.1261773 324.8835 0.4045287 0.9116269 0.07274994 68.5373 -0.1449092 -0.01464879 0.9893365 -15.36631
0.9020719 -0.4129081 0.1255914 326.4601 0.4069604 0.9106805 0.0710225 69.23109 -0.1436994 -0.01295669 0.9895366 -15.48554
0.9012151 -0.4152135 0.1241331 328.0242 0.4093883 0.9096355 0.07045744 69.90383 -0.1421708 -0.01267865 0.9897609 -15.65075
0.9004253 -0.4167025 0.1248734 329.3612 0.4109757 0.9089698 0.06980757 70.48699 -0.1425951 -0.01153657 0.9897138 -15.77258
0.900015 -0.4174628 0.125291 330.5621 0.4113877 0.9085944 0.07222547 71.00378 -0.1439901 -0.01346084 0.9894876 -15.89941
0.8991503 -0.4193499 0.1251977 331.8818 0.4130333 0.9077034 0.07401349 71.57133 -0.1446799 -0.01483843 0.9893672 -16.01799
0.8994673 -0.4192653 0.1231871 333.0654 0.412874 0.9077163 0.07474224 72.0828 -0.1431558 -0.01636746 0.9895648 -16.14841
0.8989044 -0.4208049 0.1220414 334.27 0.4145157 0.9070071 0.07426209 72.61784 -0.1419422 -0.01616646 0.9897429 -16.26427
0.8984501 -0.4223362 0.1200819 335.4264 0.4158724 0.9062569 0.07581893 73.13326 -0.1408462 -0.01818075 0.9898645 -16.35716
0.8979375 -0.423434 0.1200493 336.5973 0.4166522 0.9057033 0.07811735 73.64403 -0.1418066 -0.02012572 0.9896898 -16.4869
0.8966156 -0.4251724 0.1237294 337.8078 0.4182957 0.904923 0.07837912 74.17181 -0.1452902 -0.01852044 0.9892157 -16.60393
0.896233 -0.4262018 0.1229566 338.8582 0.4190398 0.9043932 0.08048928 74.62439 -0.1455058 -0.02061343 0.9891427 -16.74456
0.8955542 -0.42715 0.1246019 339.8225 0.4205022 0.9040318 0.07684135 75.04932 -0.1454668 -0.01642023 0.9892269 -16.84086
0.8952885 -0.4278909 0.1239678 340.8711 0.4209792 0.9036447 0.07875844 75.51523 -0.1457228 -0.01832367 0.9891558 -16.9623
0.8957162 -0.4276262 0.1217721 341.8532 0.4210285 0.9037848 0.07686441 75.94417 -0.142925 -0.01757918 0.9895774 -17.05142
0.8960814 -0.4270943 0.1209485 342.8288 0.420433 0.904018 0.07737812 76.37261 -0.1423874 -0.01848635 0.9896384 -17.15942
0.8962824 -0.4263242 0.1221697 343.7413 0.4204862 0.9044816 0.07144248 76.76434 -0.1409579 -0.01266197 0.9899346 -17.21227
0.8969963 -0.42586 0.1184949 344.7467 0.4194596 0.9046043 0.07579307 77.19556 -0.1394682 -0.01828229 0.9900578 -17.33546
0.8967529 -0.4257175 0.1208255 345.6588 0.4198787 0.9047567 0.07153532 77.58023 -0.1397715 -0.01341744 0.9900929 -17.40647
0.8969173 -0.4261825 0.117931 346.6569 0.4198191 0.9044518 0.07562427 78.00813 -0.1388926 -0.01831904 0.990138 -17.52122
0.8970631 -0.4268987 0.1141727 347.6329 0.4211817 0.9041579 0.07144623 78.43833 -0.1337304 -0.01600432 0.9908885 -17.58062
0.8966219 -0.4281224 0.1130501 348.5526 0.4226436 0.9035983 0.06987411 78.83685 -0.1320665 -0.01487078 0.9911293 -17.64995
0.8967451 -0.4288034 0.109434 349.5282 0.4235106 0.9032656 0.06892091 79.25797 -0.1284015 -0.01545803 0.9916018 -17.73335
0.8966607 -0.4297236 0.106476 350.45 0.423894 0.9027205 0.07354879 79.6518 -0.1277237 -0.02081377 0.9915914 -17.83748
0.8961945 -0.4307237 0.1063606 351.3609 0.4246728 0.9022073 0.0753343 80.05154 -0.1284075 -0.02234574 0.9914697 -17.91714
0.8956319 -0.4317387 0.1069822 352.2815 0.4255188 0.9017038 0.07657668 80.44646 -0.1295273 -0.0230616 0.9913076 -18.02778
0.8950418 -0.4330278 0.1067104 353.2332 0.4273595 0.9011755 0.07243394 80.86019 -0.1275307 -0.01922769 0.9916482 -18.1172
0.8941539 -0.4344085 0.1085271 354.1813 0.4283858 0.9004821 0.07495096 81.27168 -0.130286 -0.02052625 0.991264 -18.2412
0.8934956 -0.4359653 0.1077025 355.0413 0.430249 0.8997687 0.07281467 81.65147 -0.128652 -0.01872071 0.9915131 -18.29487
0.8928877 -0.4374813 0.1065908 355.9009 0.4318637 0.8990366 0.07229484 82.03121 -0.1274567 -0.01851846 0.9916713 -18.40907
0.8919958 -0.4391017 0.1073923 356.7939 0.4336147 0.8982768 0.07125551 82.42993 -0.1277564 -0.01699275 0.99166 -18.50896
0.8916808 -0.4406017 0.1038055 357.6951 0.4350783 0.8974981 0.0721377 82.83346 -0.1249493 -0.01916027 0.9919781 -18.59172
0.8914439 -0.4419031 0.100247 358.6062 0.4377014 0.8969926 0.06182218 83.26089 -0.1172402 -0.01123277 0.9930401 -18.60855
0.8917195 -0.4434751 0.09036706 359.5846 0.440586 0.8962698 0.05083873 83.73011 -0.103539 -0.005519427 0.9946101 -18.61329
0.8919385 -0.444871 0.08084228 360.5854 0.4433029 0.8955913 0.03740129 84.22124 -0.08904039 0.002477963 0.9960249 -18.56506
0.8921132 -0.4465368 0.06883956 361.5942 0.445646 0.8947505 0.02865271 84.72147 -0.07438872 0.00511662 0.9972162 -18.49203
0.8914275 -0.4488934 0.06206335 362.6329 0.4488485 0.8934743 0.01544862 85.23663 -0.0623868 0.01408572 0.9979526 -18.46784
0.8907143 -0.4510703 0.05624507 363.7406 0.4513988 0.8922913 0.007445668 85.78147 -0.05354551 0.01875699 0.9983892 -18.40792
0.8898534 -0.4534539 0.05040301 364.8301 0.4540443 0.8909792 -0.0002945941 86.33173 -0.04477445 0.02314734 0.9987289 -18.36518
0.8895991 -0.455004 0.03980884 366.0383 0.4556615 0.8901089 -0.008867185 86.92062 -0.0313996 0.0260276 0.999168 -18.34341
0.8891737 -0.4564036 0.03264783 367.1794 0.4570298 0.8893263 -0.01492322 87.5117 -0.02222357 0.02819037 0.9993555 -18.28076
