1.0 0.0 0.0 0.0 0.0 1.0 0.0 0.0 0.0 0.0 1.0 0.0
0.9999938 0.001677995 -0.003097558 0.8880082 -0.00169136 0.9999893 -0.004317225 0.04014085 0.003090281 0.004322438 0.9999859 0.01224655
0.999985 0.003949217 -0.003799065 1.583494 -0.00398129 0.9999561 -0.008472029 0.05647975 0.003765441 0.008487027 0.9999569 0.03473189
0.9999348 0.009654266 -0.006100477 2.607579 -0.009708817 0.9999125 -0.008976745 0.02790431 0.00601328 0.009035389 0.9999411 0.03857329
0.9999318 0.01147162 -0.002202827 4.107098 -0.0114937 0.9998809 -0.01028744 0.006532316 0.002084552 0.01031206 0.9999446 0.04141885
0.9999291 0.01187956 -0.000883494 5.241781 -0.0118841 0.9999152 -0.005328215 -0.002643157 0.0008201222 0.005338337 0.9999854 0.03740606
0.9999017 0.01366657 0.003119972 6.464208 -0.01365035 0.9998934 -0.005161617 -0.02176661 -0.003190181 0.005118521 0.9999818 0.01184716
0.9999014 0.01373832 0.002902616 7.824891 -0.01373639 0.9999055 -0.0006845338 -0.05357484 -0.002911746 0.0006445948 0.9999955 -0.04096475
0.9998643 0.01611097 0.003419863 9.266702 -0.01609261 0.9998562 -0.005329477 -0.1065308 -0.003505234 0.005273719 0.99998 -0.04221037
0.999853 0.01671628 0.003820434 10.86961 -0.01671718 0.9998602 0.0002028608 -0.1402577 -0.003816509 -0.0002666978 0.9999927 -0.1090892
0.9998754 0.01577776 -0.0004896786 12.54402 -0.0157786 0.999874 -0.001761319 -0.180418 0.0004618273 0.001768825 0.9999983 -0.1222526
0.9998778 0.01563157 -0.0001142653 14.30602 -0.01563162 0.9998777 -0.0005109715 -0.2184812 0.0001062641 0.0005126952 0.9999999 -0.1868277
0.9998846 0.01459365 -0.004217793 16.37719 -0.01461756 0.9998769 -0.005694648 -0.2933326 0.004134168 0.005755645 0.9999749 -0.2046112
0.9999242 0.01195592 0.002954765 19.28798 -0.01194619 0.9999231 -0.00329103 -0.3565757 -0.002993885 0.003255483 0.9999902 -0.2451677
0.9999436 0.01026637 -0.00270871 22.25364 -0.01028313 0.9999275 -0.006247513 -0.4230563 0.002644375 0.006275015 0.9999768 -0.2769927
0.9999652 0.008265377 0.001125372 25.19449 -0.008261562 0.9999603 -0.003353852 -0.4594246 -0.001153048 0.003344438 0.9999937 -0.3217807
0.9999534 0.007324537 -0.006277571 28.11453 -0.007357146 0.9999595 -0.005187314 -0.5254416 0.006239321 0.005233258 0.9999669 -0.3578647
0.9999837 0.005686337 0.0005713453 31.02257 -0.005686057 0.9999837 -0.0004892235 -0.568643 -0.0005741179 0.0004859667 0.9999997 -0.4148795
0.9999864 0.003057593 -0.004240909 33.91066 -0.003051328 0.9999943 0.001482949 -0.5877714 0.004245418 -0.001469988 0.9999899 -0.4937306
0.9999857 0.002516909 -0.004723532 36.84018 -0.002504929 0.9999936 0.002540394 -0.6168271 0.004729895 -0.002528525 0.9999856 -0.5437024
0.9999617 0.001973146 -0.008526578 39.73549 -0.001952109 0.9999951 0.002474859 -0.6530017 0.008531419 -0.002458119 0.9999606 -0.5890633
0.9999806 0.002784048 -0.005570651 42.61883 -0.002748522 0.999976 0.006374869 -0.6917249 0.005588265 -0.006359435 0.9999642 -0.6731815
0.999966 0.002373492 -0.007904837 45.51195 -0.002296651 0.9999503 0.009715789 -0.7251845 0.007927503 -0.009697304 0.9999216 -0.7129637
0.9999881 0.002855315 -0.003943102 48.41404 -0.002823385 0.9999635 0.00807974 -0.7645884 0.003966027 -0.008068512 0.9999596 -0.8060294
0.9999346 0.003035619 -0.01102478 51.29373 -0.003002158 0.9999907 0.003050369 -0.8021302 0.01103394 -0.003017072 0.9999346 -0.8549351
0.9999373 0.004929128 -0.01005469 54.18681 -0.004917024 0.9999871 0.001228126 -0.8357483 0.01006062 -0.00117861 0.9999487 -0.913892
0.9998776 0.007154874 -0.01391277 57.05777 -0.007115793 0.9999706 0.002856504 -0.8852855 0.0139328 -0.002757155 0.9998991 -0.9373592
0.9999227 0.009505963 -0.008015816 59.9274 -0.009533953 0.9999485 -0.003460785 -0.9375629 0.007982506 0.003536939 0.9999619 -1.013483
0.999891 0.01046873 -0.01040685 62.77393 -0.01043413 0.9999399 0.003373503 -0.9831417 0.01044154 -0.003264549 0.9999402 -1.049362
0.9998775 0.01109361 -0.01104488 65.67965 -0.01105462 0.9999325 0.003585498 -1.025603 0.01108391 -0.003462962 0.9999326 -1.115841
0.9999091 0.01007411 -0.008960838 68.58482 -0.01004429 0.999944 0.003366289 -1.07659 0.008994249 -0.003275978 0.9999542 -1.177575
0.9998655 0.009282798 -0.01352188 71.37226 -0.009259412 0.9999557 0.001791045 -1.134697 0.0135379 -0.001665599 0.999907 -1.192086
0.9999042 0.008085558 -0.01123902 73.91691 -0.008041579 0.9999598 0.003952706 -1.175415 0.01127052 -0.003861947 0.999929 -1.239951
0.9998907 0.00564413 -0.01366629 75.85023 -0.005562949 0.9999667 0.005970923 -1.201157 0.01369953 -0.005894245 0.9998888 -1.267273
0.9998822 0.006912644 -0.01370389 77.65141 -0.006804565 0.9999455 0.007917743 -1.238189 0.01375787 -0.007823562 0.9998748 -1.320459
0.9998284 0.007529983 -0.01692547 79.33795 -0.007427072 0.9999536 0.00613493 -1.287116 0.01697088 -0.00600817 0.9998379 -1.334063
0.9997667 0.00662076 -0.02056022 80.96571 -0.006490727 0.9999586 0.00638482 -1.313202 0.02060164 -0.00624988 0.9997683 -1.368547
0.9997594 0.006231704 -0.02103143 82.53121 -0.00602672 0.9999338 0.009795911 -1.338271 0.02109108 -0.009666803 0.9997308 -1.386264
0.9996204 0.006981687 -0.02665248 83.97205 -0.006692251 0.9999177 0.01093342 -1.35923 0.02672662 -0.0107509 0.999585 -1.424686
0.9996091 0.008219384 -0.02672148 85.68205 -0.007909859 0.9999006 0.01166854 -1.39409 0.02681473 -0.01145262 0.9995748 -1.45832
0.9994545 0.00780001 -0.03209061 87.22177 -0.007360496 0.9998778 0.01379144 -1.417117 0.03219426 -0.01354771 0.9993898 -1.488977
0.9994544 0.007923366 -0.03206374 88.93298 -0.007538773 0.9998984 0.01209778 -1.45298 0.03215634 -0.01184946 0.9994126 -1.522405
0.9991274 0.007838988 -0.04102416 90.48393 -0.007296314 0.9998842 0.01336119 -1.489711 0.04112414 -0.01305021 0.9990688 -1.526474
0.9990451 0.006584171 -0.04319111 91.76952 -0.006108426 0.9999194 0.01113763 -1.517872 0.04326096 -0.01086316 0.9990047 -1.522445
0.9990755 0.005672264 -0.0426151 93.01814 -0.005069857 0.999886 0.01423078 -1.535123 0.04269096 -0.01400157 0.9989902 -1.581486
0.9990457 0.004206863 -0.0434728 94.22682 -0.003718857 0.9999292 0.01130031 -1.555699 0.04351727 -0.01112786 0.9989907 -1.568779
0.9986966 0.004203818 -0.0508673 95.40798 -0.003539291 0.9999074 0.01314697 -1.57293 0.05091785 -0.0129498 0.9986189 -1.590701
0.9984156 0.003440745 -0.05616361 96.745 -0.002906539 0.9999498 0.009590527 -1.587318 0.05619378 -0.009412091 0.9983755 -1.574681
0.9983971 0.004191059 -0.05644273 97.85381 -0.00349891 0.9999175 0.0123561 -1.599538 0.05648986 -0.0121388 0.9983294 -1.630427
0.9982011 0.002894229 -0.0598851 98.90521 -0.002337394 0.9999535 0.009366358 -1.609553 0.05990942 -0.009209534 0.9981613 -1.615767
0.9979517 0.003654367 -0.06386633 99.95103 -0.002917403 0.9999281 0.01162861 -1.622356 0.06390424 -0.01141847 0.9978907 -1.642213
0.9977694 0.00247435 -0.06671011 100.9149 -0.001817643 0.9999492 0.009903088 -1.634706 0.06673123 -0.009759743 0.9977233 -1.639383
0.9980152 0.002741191 -0.06291356 101.9332 -0.001998272 0.9999275 0.01186846 -1.641508 0.06294153 -0.01171918 0.9979484 -1.688636
0.9978641 0.00171368 -0.06530174 102.855 -0.0009939418 0.9999384 0.01105263 -1.654226 0.06531665 -0.01096412 0.9978043 -1.70122
0.9978281 0.001782795 -0.0658472 103.7202 -0.0009806099 0.9999249 0.01221284 -1.660552 0.06586402 -0.01212174 0.997755 -1.715469
0.997558 0.001092578 -0.06983451 104.5826 -0.0002962765 0.9999349 0.01141204 -1.66881 0.06984242 -0.01136348 0.9974933 -1.727671
0.9975914 0.001098348 -0.06935468 105.355 -0.0002613075 0.999927 0.0120769 -1.66881 0.06936289 -0.01202969 0.997519 -1.74317
0.9973573 0.0003547014 -0.07265211 106.1149 0.0005328245 0.9999255 0.01219636 -1.672955 0.07265102 -0.01220284 0.9972827 -1.760492
0.997368 -7.460424e-05 -0.07250597 106.9005 0.0009609368 0.9999254 0.01218947 -1.667527 0.07249963 -0.01222706 0.9972935 -1.790902
0.9973188 -0.0002152966 -0.07317867 107.482 0.001099891 0.9999268 0.01204807 -1.666089 0.07317073 -0.01209625 0.9972461 -1.801525
0.9973531 -0.0003057485 -0.07271011 108.139 0.001206418 0.9999232 0.01234354 -1.6586 0.07270074 -0.01239858 0.9972767 -1.834144
0.9972872 0.0003264974 -0.07360888 108.8829 0.0006702358 0.9999083 0.01351583 -1.659326 0.07360655 -0.0135285 0.9971956 -1.855565
0.9971917 0.0002468469 -0.07489117 109.4219 0.0006956303 0.999921 0.01255828 -1.661221 0.07488834 -0.01257511 0.9971126 -1.848244
0.9969946 0.0003680967 -0.07747116 110.066 0.0006875101 0.9999073 0.01359869 -1.653587 0.07746898 -0.01361108 0.9969019 -1.874725
0.9967338 0.0002645408 -0.08075634 110.5359 0.0007661757 0.9999187 0.01273203 -1.652551 0.08075314 -0.01275232 0.9966525 -1.861344
0.9967504 0.0001824834 -0.08055262 110.8997 0.0008475126 0.9999185 0.01275225 -1.650681 0.08054838 -0.01277908 0.9966688 -1.860576
0.996763 0.0003348661 -0.08039577 111.351 0.0006823875 0.9999201 0.01262527 -1.644755 0.08039356 -0.01263926 0.9966831 -1.890159
0.9968219 5.189495e-05 -0.07966266 111.816 0.0008994789 0.9999287 0.0119066 -1.634277 0.07965759 -0.01194042 0.9967508 -1.88665
0.9966881 0.0004738746 -0.08131832 112.1793 0.0005523911 0.9999204 0.01259739 -1.632024 0.08131783 -0.01260059 0.9966086 -1.899257
0.9964267 0.0005213715 -0.08446027 112.615 0.0005440167 0.9999205 0.01259057 -1.633235 0.08446012 -0.01259153 0.9963473 -1.891242
0.9963443 0.0006288014 -0.08542633 113.0096 0.0004419862 0.9999217 0.01251514 -1.629124 0.08542751 -0.01250715 0.9962659 -1.899896
0.9964574 0.0001050759 -0.0840991 113.3761 0.0009600352 0.99992 0.01262441 -1.616346 0.08409369 -0.01266043 0.9963774 -1.929094
0.9963902 0.0006670282 -0.08488888 113.7276 0.0004943047 0.9999064 0.01365887 -1.61611 0.08489005 -0.01365153 0.9962968 -1.939222
0.9961501 0.0009616761 -0.08765801 114.121 0.0001092897 0.9999254 0.01221193 -1.616358 0.08766321 -0.01217449 0.9960757 -1.91662
0.9960848 0.001472924 -0.08839042 114.5624 -0.000430878 0.9999301 0.01180705 -1.618743 0.08840164 -0.01172273 0.9960159 -1.921438
0.9958671 0.001787279 -0.09080539 114.9275 -0.0007444517 0.9999335 0.01151677 -1.621058 0.09081993 -0.01140157 0.995802 -1.93583
0.9960843 0.002383296 -0.08837642 115.3066 -0.001313665 0.9999251 0.01215931 -1.617447 0.08839878 -0.0119956 0.9960129 -1.950595
0.9960883 0.00221793 -0.08833603 115.7797 -0.001216142 0.9999346 0.01139286 -1.620481 0.0883555 -0.01124086 0.9960256 -1.96025
0.9960384 0.002610177 -0.0888852 116.1904 -0.001499834 0.99992 0.01255638 -1.626824 0.08891086 -0.01237332 0.9959627 -1.972741
0.9957477 0.002642644 -0.09208445 116.6117 -0.001534202 0.9999257 0.01210595 -1.631059 0.09210958 -0.01191319 0.9956776 -1.968342
0.9957122 0.002756427 -0.09246419 116.9684 -0.001672346 0.999929 0.01179977 -1.635394 0.09249015 -0.01159454 0.9956461 -1.982273
0.995931 0.002797215 -0.09007566 117.3105 -0.001767899 0.9999322 0.01150499 -1.632966 0.09010174 -0.01129893 0.9958684 -1.982757
0.9957836 0.003081819 -0.09168206 117.7843 -0.002031616 0.9999313 0.01154595 -1.639051 0.09171134 -0.01131101 0.9957214 -1.997849
0.9956712 0.003566537 -0.09287718 118.1528 -0.002556482 0.9999362 0.01099188 -1.646087 0.09291047 -0.01070686 0.9956169 -1.989931
0.9958729 0.003616228 -0.09068736 118.5611 -0.00261218 0.999934 0.01118778 -1.645612 0.09072183 -0.01090472 0.9958166 -2.010951
0.9956504 0.003753291 -0.09309252 118.9915 -0.002822026 0.9999447 0.01013326 -1.655844 0.09312541 -0.009826479 0.9956059 -2.002355
0.9956931 0.003596648 -0.09264104 119.3644 -0.002695056 0.9999478 0.009855362 -1.660953 0.09267165 -0.009563243 0.9956508 -2.012417
0.9956155 0.004260414 -0.09344347 119.7714 -0.00330067 0.9999403 0.01042301 -1.669687 0.09348229 -0.01006888 0.99557 -2.020403
0.9953538 0.004302795 -0.09618872 120.1109 -0.003400867 0.9999487 0.009538626 -1.680459 0.09622482 -0.009167183 0.9953174 -2.011678
0.9955497 0.004588961 -0.09412662 120.6034 -0.003628455 0.9999394 0.01037301 -1.684967 0.09416854 -0.00998531 0.9955062 -2.043212
0.9957564 0.004543229 -0.09191595 120.9989 -0.003599999 0.9999391 0.01042507 -1.692995 0.09195772 -0.01004993 0.9957122 -2.054275
0.9953778 0.004948024 -0.09590904 121.3691 -0.003984852 0.9999398 0.01023149 -1.708682 0.09595387 -0.009802017 0.9953375 -2.048602
0.995513 0.005336855 -0.09447453 121.7774 -0.004300368 0.9999282 0.01117126 -1.72052 0.09452739 -0.01071486 0.9954646 -2.06139
0.9951153 0.00555373 -0.09856308 122.0148 -0.004583933 0.999939 0.01006309 -1.72779 0.09861293 -0.009562126 0.9950799 -2.055803
0.9954819 0.00567852 -0.09478144 122.1775 -0.004643034 0.9999272 0.01114195 -1.738573 0.09483781 -0.01065154 0.9954358 -2.068281
0.9953365 0.005607875 -0.09630095 122.5716 -0.004597206 0.9999321 0.01071357 -1.750731 0.09635449 -0.01022089 0.9952946 -2.082071
0.9955441 0.006140945 -0.09409719 122.8553 -0.005084364 0.9999213 0.01146425 -1.761058 0.09416019 -0.01093474 0.995497 -2.096202
0.9953815 0.005330278 -0.09585041 123.0126 -0.004345227 0.9999356 0.01048275 -1.768898 0.09590012 -0.01001784 0.9953405 -2.080202
0.9953967 0.005306806 -0.09569285 123.3852 -0.004325854 0.9999359 0.0104556 -1.778653 0.0957422 -0.009993517 0.995356 -2.100707
0.9952591 0.004654354 -0.09714755 123.7299 -0.003673294 0.9999405 0.01027506 -1.787926 0.09718958 -0.009869498 0.995217 -2.094322
0.9952953 0.004562741 -0.09678014 124.126 -0.003581698 0.9999404 0.01030813 -1.797555 0.09682141 -0.009912997 0.9952524 -2.112426
0.9952211 0.00436976 -0.09754957 124.5756 -0.003267715 0.9999292 0.0114542 -1.801306 0.0975927 -0.01108069 0.9951648 -2.12717
0.9951389 0.004503657 -0.09837776 124.921 -0.003450219 0.9999349 0.01087559 -1.813003 0.09842034 -0.0104833 0.9950897 -2.116858
0.9946083 0.005028748 -0.1035815 125.2245 -0.004030957 0.9999435 0.009839987 -1.825021 0.1036251 -0.009369399 0.9945723 -2.106104
0.9948697 0.005075724 -0.1010369 125.4549 -0.003936198 0.9999263 0.01147449 -1.835436 0.1010877 -0.01101792 0.9948165 -2.127033
0.9947641 0.0050032 -0.1020755 125.7128 -0.003946303 0.9999365 0.01055339 -1.847907 0.1021218 -0.01009531 0.9947207 -2.121206
0.9946917 0.005256057 -0.1027661 125.8521 -0.004185359 0.9999347 0.01063165 -1.863582 0.1028153 -0.0101451 0.9946488 -2.122686
0.994716 0.00528486 -0.1025285 126.0537 -0.00429237 0.9999419 0.009898354 -1.874674 0.1025749 -0.009405962 0.9946808 -2.130301
0.9949049 0.005604726 -0.100662 126.2136 -0.004552562 0.9999325 0.01067913 -1.890022 0.100715 -0.01016644 0.9948634 -2.146292
0.9947038 0.005664908 -0.1026268 126.5208 -0.004614726 0.9999346 0.01046756 -1.903225 0.1026794 -0.009938524 0.9946648 -2.139345
0.9947472 0.005589991 -0.1022092 126.6524 -0.00450882 0.9999316 0.010806 -1.909838 0.1022626 -0.01028839 0.9947042 -2.153306
0.994772 0.005811353 -0.1019553 126.7863 -0.004631435 0.9999197 0.01180581 -1.920235 0.1020157 -0.01127189 0.9947189 -2.157035
0.9945539 0.005508882 -0.1040779 126.9046 -0.004367557 0.9999279 0.01119078 -1.931075 0.1041321 -0.01067526 0.9945062 -2.146956
0.9945564 0.005782912 -0.1040389 127.0332 -0.004571529 0.9999191 0.01187825 -1.946117 0.1040992 -0.01133798 0.9945023 -2.150769
0.9943296 0.00516048 -0.1062171 127.3244 -0.003894025 0.9999189 0.01212721 -1.950458 0.1062711 -0.01164483 0.994269 -2.163607
0.9944137 0.005561065 -0.1054066 127.4994 -0.004229404 0.9999086 0.01285288 -1.956974 0.1054685 -0.01233527 0.9943461 -2.172364
0.9945101 0.004803614 -0.1045305 127.7413 -0.003455694 0.9999087 0.01307228 -1.958564 0.1045838 -0.01263929 0.9944358 -2.187384
0.9944361 0.0054459 -0.1052003 127.832 -0.004072038 0.9999037 0.01326987 -1.969308 0.1052625 -0.01276766 0.9943625 -2.19366
0.994585 0.004700867 -0.1038201 128.0394 -0.003390274 0.9999125 0.01279655 -1.968029 0.1038711 -0.01237528 0.9945138 -2.20826
0.9944834 0.005094694 -0.1047705 128.0895 -0.00380398 0.9999145 0.01251559 -1.974829 0.1048253 -0.012048 0.9944177 -2.206852
0.9946793 0.004362537 -0.1029269 128.1745 -0.003189305 0.9999281 0.01156051 -1.977863 0.1029699 -0.01117074 0.9946218 -2.210937
0.9947897 0.004184616 -0.1018628 128.1853 -0.003016834 0.999928 0.01161562 -1.979872 0.101904 -0.0112478 0.9947307 -2.212958
0.9944856 0.003830752 -0.1048035 128.1996 -0.002622085 0.9999285 0.01166805 -1.986379 0.1048407 -0.0113289 0.9944245 -2.204527
0.9945577 0.00375365 -0.1041194 128.2034 -0.00255808 0.9999293 0.01161386 -1.993055 0.1041556 -0.01128431 0.994497 -2.201726
0.9944806 0.003103294 -0.104875 128.208 -0.001967093 0.9999382 0.01093555 -1.995908 0.1049025 -0.0106689 0.9944253 -2.202163
0.9945924 0.002577812 -0.1038231 128.2046 -0.001496451 0.9999439 0.01049196 -1.992511 0.1038443 -0.01027986 0.9945405 -2.204414
0.9944987 0.00213493 -0.1047268 128.1986 -0.001068132 0.999947 0.01024151 -1.996766 0.1047431 -0.01007331 0.9944483 -2.191447
0.9945341 0.00138732 -0.1044031 128.1794 -0.000309446 0.9999464 0.01033964 -1.992537 0.1044119 -0.01025082 0.9944813 -2.196863
0.9944131 0.001021069 -0.1055538 128.1719 0.0001228601 0.9999412 0.01083033 -1.987307 0.1055587 -0.01078278 0.9943546 -2.192514
0.99452 0.0001774573 -0.1045461 128.1846 0.0008659589 0.9999503 0.009934964 -1.977076 0.1045427 -0.009971052 0.9944704 -2.197258
0.9946759 -4.599226e-05 -0.1030526 128.168 0.00103681 0.9999539 0.009561135 -1.968344 0.1030474 -0.009617075 0.99463 -2.202323
0.9948032 -0.0004555529 -0.1018158 128.1869 0.001489219 0.9999481 0.01007654 -1.958162 0.1018059 -0.0101758 0.9947522 -2.203625
0.9947863 -0.000867269 -0.1019784 128.1702 0.001897921 0.9999481 0.01000998 -1.948784 0.1019644 -0.01015134 0.9947363 -2.207206
0.9946893 -0.0008491356 -0.1029202 128.1485 0.001815052 0.9999552 0.009291814 -1.943227 0.1029077 -0.009429273 0.9946462 -2.200484
0.9947286 -0.001198205 -0.1025363 128.1685 0.002113104 0.9999591 0.00881453 -1.930014 0.1025215 -0.008984735 0.9946902 -2.197904
0.9947326 -0.00116817 -0.1024974 128.1624 0.002114139 0.9999563 0.009121058 -1.917653 0.1024823 -0.009289707 0.9946914 -2.199464
0.9946522 -0.0007566576 -0.1032791 128.1892 0.001656406 0.9999613 0.008626331 -1.910131 0.1032686 -0.008751269 0.994615 -2.18563
0.9945787 -0.0006486314 -0.103985 128.1591 0.001511751 0.9999652 0.008221827 -1.894978 0.103976 -0.008334454 0.9945449 -2.187266
0.9944801 -0.0004910678 -0.1049238 128.1863 0.001446302 0.999958 0.009028191 -1.88188 0.1049149 -0.009130107 0.9944393 -2.189786
0.9944511 -0.0002963069 -0.1051996 128.1352 0.001193207 0.9999635 0.008462866 -1.868503 0.1051933 -0.00854143 0.9944151 -2.186042
0.9944794 0.0002208041 -0.1049313 128.1559 0.0008423217 0.9999487 0.01008721 -1.861354 0.1049282 -0.01011991 0.9944283 -2.191662
0.9943581 9.712705e-06 -0.1060749 128.155 0.0009787933 0.9999566 0.009266879 -1.851734 0.1060704 -0.009318423 0.994315 -2.188792
0.994068 0.0007453431 -0.1087578 128.1714 0.0002782185 0.9999558 0.009395907 -1.850615 0.10876 -0.009370429 0.9940239 -2.165239
0.9942368 0.001082643 -0.107201 128.1667 -6.164756e-05 0.9999546 0.009526984 -1.846523 0.1072064 -0.00946547 0.9941917 -2.178521
0.9944155 0.001475555 -0.1055258 128.1691 -0.0004470444 0.9999521 0.009769522 -1.84131 0.1055352 -0.00966779 0.9943686 -2.191641
0.9944542 0.001697605 -0.1051568 128.1558 -0.0006805492 0.9999527 0.009706928 -1.836391 0.1051683 -0.009581531 0.9944082 -2.185136
0.9946132 0.002112784 -0.1036349 128.1965 -0.001206441 0.9999605 0.008807451 -1.830736 0.1036494 -0.008634977 0.9945764 -2.193218
0.9945661 0.0025927 -0.1040751 128.196 -0.001691343 0.9999603 0.008747955 -1.826867 0.1040937 -0.008524393 0.994531 -2.185555
0.9942809 0.002511188 -0.1067666 128.1687 -0.001631562 0.999964 0.008325324 -1.824835 0.1067837 -0.008103515 0.9942492 -2.174569
0.994399 0.002834965 -0.1056537 128.1844 -0.001981531 0.9999645 0.00818175 -1.82489 0.1056731 -0.007926567 0.9943693 -2.181413
0.9943743 0.003100902 -0.1058776 128.1437 -0.002286656 0.999967 0.007810978 -1.827667 0.1058983 -0.00752493 0.9943485 -2.167398
0.9944386 0.00321527 -0.1052691 128.137 -0.002323719 0.9999603 0.008590815 -1.824882 0.1052926 -0.008298422 0.9944066 -2.179299
0.994536 0.003225649 -0.1043448 128.1506 -0.002255203 0.999953 0.009417021 -1.82606 0.1043702 -0.009130248 0.9944966 -2.182882
0.9945843 0.003392222 -0.1038773 128.1888 -0.002351135 0.9999456 0.01014308 -1.825009 0.1039061 -0.009843918 0.9945384 -2.182517
0.9940382 0.003088456 -0.1089882 128.1724 -0.002349374 0.9999735 0.006909059 -1.826733 0.1090067 -0.006611815 0.994019 -2.175644
0.9945321 0.004417324 -0.1043377 128.1896 -0.00332622 0.9999379 0.0106291 -1.831001 0.1043782 -0.01022394 0.9944851 -2.193332
0.9940236 0.003635037 -0.1091045 128.1628 -0.002783494 0.9999645 0.007956131 -1.837232 0.1091296 -0.007604891 0.9939985 -2.152576
0.9943491 0.003441969 -0.1061035 128.1832 -0.002753345 0.9999744 0.00663591 -1.83592 0.1061236 -0.006306272 0.994333 -2.179433
0.99458 0.003976189 -0.1038983 128.1959 -0.003009984 0.9999506 0.009454659 -1.840287 0.1039308 -0.009090682 0.994543 -2.179226
0.9942816 0.003305564 -0.1067387 128.1826 -0.002465317 0.9999648 0.008002994 -1.842305 0.1067614 -0.007694085 0.9942549 -2.168842
0.9946297 0.003492425 -0.1034383 128.1835 -0.00254794 0.999954 0.009261642 -1.844047 0.1034658 -0.00894835 0.9945928 -2.185941
0.9944123 0.002910037 -0.1055259 128.1884 -0.001977211 0.9999579 0.008943324 -1.842746 0.1055475 -0.008684705 0.9943764 -2.186502
0.9946545 0.003319946 -0.103206 128.1853 -0.002333481 0.9999505 0.009677488 -1.845496 0.103233 -0.009384928 0.9946129 -2.204294
0.9944004 0.003589536 -0.1056171 128.1595 -0.002606036 0.9999521 0.009448474 -1.855491 0.1056459 -0.009120325 0.994362 -2.175479
0.9944058 0.003614778 -0.1055655 128.1921 -0.002618788 0.9999506 0.009571902 -1.855235 0.1055949 -0.0092419 0.9943663 -2.190509
0.99449 0.003600024 -0.1047694 128.1926 -0.002601801 0.9999498 0.009662916 -1.857601 0.104799 -0.009337083 0.9944496 -2.191014
0.9942017 0.003527244 -0.1074734 128.1741 -0.002581881 0.9999568 0.008934122 -1.861483 0.1075003 -0.008604836 0.9941678 -2.185161
0.9943325 0.003425097 -0.1062599 128.1746 -0.002500225 0.9999578 0.008835864 -1.862807 0.1062857 -0.008520112 0.9942991 -2.182994
0.9943444 0.003328285 -0.1061517 128.1605 -0.002394691 0.9999573 0.008921153 -1.864928 0.1061769 -0.008616499 0.9943099 -2.184104
0.9941823 0.003620547 -0.1076499 128.1973 -0.002654689 0.9999548 0.009114166 -1.870719 0.107678 -0.008775366 0.9941471 -2.170316
0.9946801 0.002952165 -0.1029695 128.1738 -0.001915468 0.9999465 0.01016541 -1.8618 0.102994 -0.0099141 0.9946325 -2.189108
0.9942269 0.003347332 -0.1072458 128.14 -0.002305871 0.9999491 0.009833511 -1.863646 0.1072732 -0.009529445 0.9941839 -2.196863
0.9943038 0.003365852 -0.10653 128.176 -0.002435761 0.9999579 0.008859698 -1.862693 0.1065553 -0.00854975 0.99427 -2.181987
0.9943663 0.003278427 -0.1059472 128.1647 -0.002303318 0.999954 0.009324776 -1.862714 0.1059729 -0.009028213 0.994328 -2.197092
0.9943362 0.003823121 -0.1062116 128.185 -0.002853134 0.9999529 0.00928304 -1.869241 0.1062421 -0.008927427 0.9943002 -2.188865
0.9942442 0.003591714 -0.107077 128.184 -0.002693512 0.9999599 0.008531818 -1.870488 0.1071034 -0.008194298 0.9942141 -2.183018
0.9944019 0.004291886 -0.1055768 128.1864 -0.003304775 0.9999491 0.009522859 -1.87266 0.1056123 -0.009120641 0.9943656 -2.201517
0.9943591 0.004027524 -0.1059895 128.1828 -0.003155303 0.9999598 0.008395718 -1.879657 0.106019 -0.00801393 0.9943318 -2.191064
0.99467 0.004399877 -0.1030157 128.2033 -0.00349084 0.9999533 0.009002874 -1.879251 0.1030505 -0.008595277 0.994639 -2.207067
0.9945478 0.004190023 -0.1041976 128.215 -0.003319646 0.9999582 0.008525156 -1.885357 0.104229 -0.008132775 0.9945201 -2.203943
0.9946142 0.00438954 -0.1035535 128.206 -0.003548102 0.9999592 0.008308447 -1.890443 0.1035857 -0.007896281 0.9945892 -2.199904
0.9944256 0.004565804 -0.1053416 128.208 -0.003769944 0.9999629 0.007752928 -1.897536 0.1053731 -0.007312579 0.9944059 -2.188924
0.9946125 0.004554532 -0.103563 128.196 -0.003741918 0.9999608 0.008039496 -1.896765 0.1035956 -0.007608659 0.9945904 -2.20507
0.9945726 0.004833751 -0.1039324 128.2098 -0.003899026 0.9999501 0.009194874 -1.900022 0.1039717 -0.008739735 0.9945419 -2.210153
0.9945905 0.004469911 -0.1037779 128.2249 -0.003640648 0.9999599 0.008178797 -1.904241 0.1038103 -0.007756734 0.9945669 -2.204191
0.9948296 0.004344965 -0.1014653 128.2133 -0.003501045 0.9999578 0.008493918 -1.90365 0.1014979 -0.008094766 0.9948028 -2.211318
0.9944047 0.004044975 -0.1055599 128.2187 -0.003316512 0.9999696 0.007075567 -1.908041 0.1055853 -0.006685887 0.9943877 -2.195491
0.9947246 0.00363821 -0.1025174 128.1928 -0.002876121 0.9999672 0.007580587 -1.900457 0.1025416 -0.007245744 0.9947023 -2.205685
0.9946162 0.003357742 -0.1035734 128.1874 -0.002519957 0.999963 0.0082186 -1.900461 0.1035971 -0.007913352 0.9945878 -2.204923
0.9945369 0.003273644 -0.1043342 128.1764 -0.00248045 0.999967 0.007731277 -1.901603 0.1043561 -0.007430244 0.9945123 -2.196759
0.9944757 0.003240787 -0.1049173 128.2103 -0.002427301 0.9999659 0.007880352 -1.901308 0.1049393 -0.007582153 0.9944497 -2.203938
0.9944038 0.003378259 -0.1055914 128.1855 -0.002641171 0.9999713 0.007119626 -1.909865 0.1056124 -0.006800898 0.9943841 -2.190619
0.9941846 0.003450331 -0.1076337 128.1964 -0.002633212 0.9999666 0.007732871 -1.908408 0.1076567 -0.00740448 0.9941605 -2.197945
0.9944158 0.003285487 -0.105482 128.1912 -0.002472617 0.9999661 0.007836091 -1.908038 0.1055042 -0.007531516 0.9943903 -2.211706
0.994447 0.003544465 -0.1051791 128.1772 -0.002741252 0.9999661 0.007780205 -1.91121 0.1052031 -0.00744868 0.9944229 -2.206283
0.9944657 0.003448388 -0.1050053 128.1911 -0.002742137 0.9999727 0.00686949 -1.914231 0.1050261 -0.006543533 0.9944479 -2.200068
0.9944913 0.003161772 -0.1047714 128.1808 -0.002474102 0.9999746 0.006692847 -1.910888 0.1047899 -0.006396763 0.9944738 -2.195778
0.9948209 0.002733207 -0.1016067 128.1777 -0.002030148 0.9999733 0.007022182 -1.911303 0.1016232 -0.006779537 0.9947999 -2.204213
0.9946512 0.003161916 -0.1032426 128.1895 -0.002423994 0.9999704 0.007272135 -1.912373 0.1032625 -0.006982978 0.9946296 -2.191179
0.9943604 0.003143315 -0.1060071 128.2009 -0.002334188 0.9999672 0.007755959 -1.906874 0.106028 -0.007464779 0.9943351 -2.191845
0.9945887 0.002869725 -0.103851 128.1817 -0.002078818 0.9999681 0.007723215 -1.90021 0.1038699 -0.007465535 0.9945629 -2.186717
0.9943278 0.003051306 -0.1063151 128.1836 -0.002234606 0.9999671 0.007800166 -1.897154 0.1063354 -0.007518349 0.9943019 -2.178836
0.9942546 0.002775311 -0.1070045 128.1597 -0.002052857 0.9999745 0.006861185 -1.891858 0.1070208 -0.0066021 0.9942349 -2.187443
0.9940686 0.003254589 -0.1087059 128.1526 -0.002481916 0.9999707 0.007242469 -1.892327 0.1087263 -0.006929712 0.9940476 -2.172077
0.99411 0.002663503 -0.1083432 128.1235 -0.001963304 0.9999766 0.00656894 -1.887357 0.1083582 -0.006317538 0.9940919 -2.175596
0.994066 0.002760066 -0.1087435 128.1485 -0.00202268 0.9999741 0.006890688 -1.87882 0.1087598 -0.006629845 0.994046 -2.179299
0.9937215 0.002454217 -0.111855 128.1653 -0.001789979 0.9999803 0.006038414 -1.876265 0.1118676 -0.005800284 0.9937062 -2.160376
0.9939458 0.002731827 -0.109837 128.1546 -0.002076654 0.9999793 0.006078904 -1.869632 0.1098513 -0.005814008 0.9939311 -2.168348
0.9937578 0.002631929 -0.1115284 128.1783 -0.00189516 0.9999756 0.006711616 -1.865524 0.1115434 -0.006458356 0.9937386 -2.177337
0.9938765 0.002623346 -0.1104656 128.184 -0.001996783 0.9999813 0.005782267 -1.864327 0.1104787 -0.005526283 0.9938631 -2.169488
0.9935908 0.003167945 -0.1129926 128.1763 -0.002365513 0.999971 0.007234996 -1.864674 0.1130122 -0.006921339 0.9935695 -2.172575
0.9936286 0.00259978 -0.1126744 128.158 -0.001995513 0.9999831 0.005475391 -1.863308 0.1126867 -0.005215662 0.9936169 -2.154583
0.9936228 0.002932237 -0.1127174 128.1768 -0.002203985 0.9999758 0.006584933 -1.858659 0.112734 -0.006294512 0.9936053 -2.172648
0.9936365 0.002620573 -0.1126039 128.1997 -0.001991292 0.9999819 0.005700558 -1.85938 0.1126168 -0.005440055 0.9936236 -2.156766
0.9934021 0.002579944 -0.114654 128.1714 -0.0018058 0.9999748 0.006855351 -1.852476 0.1146688 -0.006603078 0.9933819 -2.174173
0.993435 0.001561234 -0.1143869 128.207 -0.0008885772 0.9999821 0.005931299 -1.849418 0.1143941 -0.005790719 0.9934186 -2.164387
0.9934005 0.0007815362 -0.1146943 128.1546 -3.167108e-05 0.9999785 0.006539624 -1.842563 0.1146969 -0.006492834 0.9933793 -2.170943
0.9933294 -0.0003752887 -0.1153109 128.1686 0.0009483863 0.9999874 0.004915199 -1.83829 0.1153076 -0.004991771 0.9933173 -2.172806
0.9935909 -0.0009291394 -0.1130324 128.1977 0.001620476 0.9999804 0.006024542 -1.832065 0.1130246 -0.006169097 0.993573 -2.180117
0.9932982 -0.002726804 -0.1155473 128.1685 0.003156185 0.9999887 0.003533262 -1.834285 0.1155364 -0.003874272 0.9932957 -2.148533
0.9934227 -0.003518495 -0.1144504 128.112 0.004050622 0.9999821 0.004417181 -1.823331 0.1144328 -0.004851723 0.9934192 -2.159712
0.9931292 -0.005388539 -0.1168987 128.116 0.005777182 0.9999789 0.00298603 -1.813883 0.1168802 -0.003640859 0.9931393 -2.138002
0.993357 -0.006010925 -0.1149162 128.1271 0.006483261 0.999972 0.003736937 -1.803682 0.1148905 -0.004457145 0.9933681 -2.146319
0.9934992 -0.007121593 -0.1136166 128.1495 0.007600583 0.999964 0.003783221 -1.78784 0.1135855 -0.004622179 0.9935175 -2.136904
0.993647 -0.007906348 -0.112264 128.0703 0.00854976 0.9999496 0.005250954 -1.771464 0.1122169 -0.006177425 0.9936646 -2.147613
0.9931997 -0.008239493 -0.1161314 127.9948 0.008763438 0.9999535 0.00400179 -1.754641 0.1160931 -0.004992287 0.9932258 -2.12964
0.9933991 -0.006763898 -0.11451 127.8648 0.007362884 0.9999613 0.00480872 -1.735771 0.1144731 -0.005620102 0.9934105 -2.125165
0.9934852 -0.006680166 -0.1137654 127.7318 0.007239677 0.9999636 0.00450567 -1.716776 0.1137312 -0.005299942 0.9934974 -2.12898
0.9937654 -0.005782065 -0.1113411 127.748 0.006392492 0.9999664 0.005126279 -1.702898 0.1113077 -0.005806066 0.993769 -2.131912
0.9936897 -0.005524812 -0.112028 127.7402 0.006178225 0.9999658 0.00548626 -1.690096 0.1119939 -0.006143775 0.9936899 -2.142051
0.9936562 -0.004168772 -0.1123835 127.7429 0.004828978 0.9999727 0.005603008 -1.68727 0.1123571 -0.00611016 0.9936491 -2.112961
0.9936056 -0.004340333 -0.1128232 127.7393 0.004900611 0.999977 0.004689125 -1.678759 0.1128002 -0.005212043 0.993604 -2.117121
0.9935764 -0.00260583 -0.1131335 127.8003 0.003370156 0.9999728 0.006565239 -1.677324 0.1131133 -0.006904344 0.9935581 -2.119798
0.9932258 -0.001954454 -0.1161836 127.7461 0.002573531 0.9999833 0.005178671 -1.68287 0.1161715 -0.005442592 0.9932142 -2.097794
0.9932266 -0.000785663 -0.1161904 127.7858 0.001513327 0.9999796 0.006174609 -1.680156 0.1161832 -0.00630862 0.9932078 -2.116192
0.9932123 -0.0007450524 -0.1163129 127.7763 0.001459777 0.9999806 0.006059781 -1.679511 0.1163061 -0.006188441 0.9931942 -2.104367
0.9932065 -0.0007549968 -0.1163628 127.782 0.001562855 0.9999753 0.006851496 -1.672217 0.1163548 -0.006986809 0.9931831 -2.106084
0.9933089 -0.0003042863 -0.1154875 127.8314 0.001229128 0.9999678 0.00793703 -1.676576 0.1154813 -0.008025871 0.9932773 -2.105919
0.9935259 -0.0002962982 -0.1136051 127.7908 0.001136427 0.9999723 0.007330475 -1.680765 0.1135998 -0.007412122 0.9934989 -2.114686
0.9935743 0.0008074681 -0.1131787 127.8123 0.0001783158 0.9999621 0.008699583 -1.690929 0.1131814 -0.008663863 0.9935365 -2.109312
0.9931205 0.0001456754 -0.117097 127.8171 0.0006043108 0.9999794 0.006369301 -1.694536 0.1170955 -0.006396246 0.9931 -2.089993
0.993925 0.0008110499 -0.1100562 127.8225 0.0001478876 0.999962 0.00870472 -1.692734 0.1100591 -0.008668115 0.9938872 -2.136186
0.9934863 -0.0002820509 -0.1139506 127.8348 0.001081729 0.9999751 0.006955985 -1.694877 0.1139458 -0.00703394 0.9934621 -2.113964
0.9939048 -0.0002602346 -0.1102411 127.8376 0.001064776 0.9999732 0.007239204 -1.698271 0.1102363 -0.007312462 0.9938785 -2.140294
0.9937226 -0.0007515562 -0.1118698 127.8668 0.001626771 0.9999689 0.007732439 -1.704985 0.1118605 -0.007865886 0.9936928 -2.123854
0.9935217 -0.001003267 -0.1136375 128.1412 0.001860367 0.9999706 0.007436612 -1.717953 0.1136267 -0.007599843 0.9934945 -2.137176
0.9938458 -0.001078306 -0.1107678 128.1668 0.001998918 0.9999645 0.008200475 -1.72177 0.110755 -0.008371423 0.9938125 -2.133845
0.9935744 -0.003062862 -0.1131393 128.1994 0.003891455 0.9999672 0.00710352 -1.709304 0.1131139 -0.007498152 0.9935538 -2.139899
0.9936074 -0.003943998 -0.1128219 128.5256 0.004928538 0.9999522 0.008448909 -1.704312 0.1127832 -0.008950946 0.9935793 -2.151131
0.993605 -0.01000243 -0.1124681 128.5567 0.01088745 0.9999143 0.007257594 -1.627161 0.1123859 -0.008435672 0.9936289 -2.133459
0.9943326 -0.01401898 -0.1053854 128.5653 0.01498095 0.999853 0.008342033 -1.555912 0.105253 -0.00987353 0.9943964 -2.150262
0.9947314 -0.01854789 -0.1008238 128.4782 0.01959873 0.9997633 0.009441904 -1.485318 0.1006248 -0.01136818 0.9948595 -2.197518
0.9947411 -0.02085823 -0.1002751 128.3571 0.02194136 0.9997121 0.009710752 -1.429134 0.1000437 -0.01185986 0.9949124 -2.209477
0.9944266 -0.01983958 -0.1035474 128.1937 0.02089368 0.9997402 0.009105068 -1.399471 0.1033398 -0.01121781 0.9945828 -2.200931
0.9942153 -0.01953225 -0.1056143 127.8807 0.02052083 0.9997551 0.008281614 -1.363633 0.1054267 -0.010401 0.9943727 -2.190036
0.9943153 -0.01931022 -0.1047096 127.6811 0.02033607 0.9997551 0.008738233 -1.29374 0.1045152 -0.01081794 0.9944645 -2.180427
0.9948571 -0.01955093 -0.09938407 127.5154 0.02033414 0.9997697 0.00687371 -1.248097 0.09922679 -0.008859249 0.9950254 -2.176751
0.9948997 -0.01777207 -0.0992914 127.4623 0.01861682 0.9997979 0.007587717 -1.245432 0.09913649 -0.009397508 0.9950294 -2.179103
0.9949809 -0.01643358 -0.09870581 127.4698 0.01720111 0.9998282 0.006929913 -1.240799 0.09857494 -0.008592981 0.9950925 -2.17413
0.9947615 -0.01197726 -0.1015188 127.6352 0.01281798 0.9998887 0.007633162 -1.261398 0.101416 -0.008894441 0.9948043 -2.170407
0.995092 -0.005813789 -0.09878255 128.0977 0.006802847 0.99993 0.009678602 -1.337877 0.09871937 -0.0103031 0.995062 -2.195336
0.9942378 -0.001037363 -0.1071917 128.455 0.002044287 0.9999547 0.009284219 -1.411539 0.1071772 -0.009449853 0.994195 -2.196618
0.993376 0.003279287 -0.1148628 129.3619 -0.002465942 0.9999709 0.007222385 -1.485105 0.1148831 -0.006891299 0.9933551 -2.10044
0.9937319 0.0001852797 -0.1117893 130.4959 0.0008516403 0.9999571 0.009227843 -1.511266 0.1117862 -0.009265206 0.9936891 -2.154492
0.9935368 0.0003541317 -0.1135099 131.7665 0.0007939144 0.999949 0.0100687 -1.550222 0.1135077 -0.01009374 0.9934859 -2.178518
0.993309 2.195867e-05 -0.115487 132.9788 0.001089468 0.9999536 0.009560701 -1.570652 0.1154818 -0.00962255 0.993263 -2.199775
0.9934773 -0.0007740252 -0.1140271 134.1844 0.001910446 0.9999496 0.009857297 -1.578876 0.1140137 -0.01001084 0.9934287 -2.247903
0.9931157 -0.001321538 -0.1171305 135.3539 0.002527211 0.9999453 0.0101455 -1.59228 0.1171107 -0.01037167 0.9930647 -2.266575
0.993222 -0.001925492 -0.1162168 136.5711 0.003132764 0.999943 0.01020634 -1.59372 0.1161905 -0.01050125 0.9931715 -2.322764
0.9926222 -0.002876607 -0.1212141 137.7449 0.00416378 0.9999377 0.01036705 -1.600025 0.1211767 -0.01079527 0.9925722 -2.325144
0.992367 -0.003134182 -0.1232799 138.9392 0.004265751 0.9999512 0.008915977 -1.607893 0.123246 -0.009373802 0.9923319 -2.338628
0.9923419 -0.002859953 -0.1234886 140.1536 0.004116639 0.9999423 0.009922577 -1.611703 0.1234531 -0.01035495 0.9922964 -2.36596
0.9916988 -0.003925521 -0.1285225 141.2299 0.005005044 0.9999547 0.008077589 -1.618853 0.128485 -0.008653796 0.9916737 -2.36869
0.991685 -0.005449332 -0.1285732 142.3607 0.006497235 0.999949 0.007732219 -1.616608 0.1285245 -0.008503296 0.9916699 -2.391388
0.9916691 -0.006146426 -0.128665 143.6653 0.007112034 0.9999498 0.007046722 -1.619658 0.1286152 -0.007903086 0.9916631 -2.422817
0.9917854 -0.006413762 -0.1277522 144.887 0.007511128 0.9999388 0.008109891 -1.618595 0.1276924 -0.009002834 0.9917729 -2.454788
0.9916609 -0.007027251 -0.1286828 146.0616 0.00806361 0.9999392 0.007534369 -1.622609 0.128622 -0.008509188 0.9916572 -2.479104
0.9910849 -0.008551501 -0.1329574 147.2595 0.009506134 0.9999335 0.006546877 -1.620072 0.1328925 -0.007752421 0.9911001 -2.486993
0.9912808 -0.009785093 -0.1314025 148.2707 0.0106874 0.9999238 0.006163267 -1.609683 0.1313322 -0.00751388 0.9913099 -2.525384
0.9905553 -0.009180237 -0.1368061 149.284 0.01009114 0.9999312 0.005966312 -1.622252 0.136742 -0.007290491 0.9905799 -2.529166
0.9905384 -0.009465654 -0.1369089 150.188 0.01050089 0.9999214 0.006841186 -1.6136 0.1368334 -0.008214123 0.99056 -2.568575
0.9900415 -0.01063009 -0.1403738 151.1535 0.01149028 0.9999198 0.005318781 -1.619204 0.140306 -0.006878748 0.9900843 -2.564264
0.9904468 -0.01095646 -0.1374592 152.0417 0.0119893 0.9999057 0.006688056 -1.611902 0.137373 -0.008272204 0.9904848 -2.611283
0.9909791 -0.0113136 -0.1335383 152.8798 0.01216071 0.9999107 0.00552967 -1.61403 0.1334638 -0.007103709 0.9910282 -2.641332
0.9905074 -0.01245491 -0.136894 153.6608 0.01343506 0.9998901 0.00623823 -1.611978 0.1368013 -0.008018191 0.9905661 -2.636634
0.9905687 -0.0132073 -0.1363788 154.4632 0.01414223 0.9998826 0.005888692 -1.611563 0.136285 -0.007761854 0.9906393 -2.669809
0.9910671 -0.01486311 -0.1325334 155.2385 0.01586602 0.9998529 0.006514315 -1.599073 0.1324171 -0.008558901 0.9911571 -2.685919
0.9897462 -0.01633026 -0.1419004 155.8938 0.01699747 0.9998494 0.003491051 -1.602197 0.1418221 -0.005867203 0.9898748 -2.657075
0.9903386 -0.01623218 -0.1377168 156.524 0.01729041 0.9998295 0.006491251 -1.592182 0.1375879 -0.008809716 0.9904504 -2.68627
0.9899344 -0.01797354 -0.1403806 157.2799 0.01897669 0.9998031 0.005810424 -1.578333 0.1402485 -0.008415897 0.9900806 -2.720223
0.9904038 -0.01827611 -0.1369899 157.9733 0.01930413 0.9997944 0.006179529 -1.558352 0.1368488 -0.008764701 0.9905531 -2.749022
0.9899871 -0.01878602 -0.1399021 158.653 0.01978612 0.9997876 0.005760959 -1.548441 0.1397641 -0.008471394 0.9901486 -2.739131
0.9893955 -0.01862681 -0.1440473 159.3362 0.01945364 0.9998013 0.00433347 -1.538479 0.1439379 -0.00708976 0.9895613 -2.748269
0.9898919 -0.01900672 -0.1405444 159.9543 0.02007562 0.9997793 0.006191432 -1.521761 0.1403958 -0.008950366 0.990055 -2.765805
0.989234 -0.01972955 -0.1450066 160.5484 0.02061855 0.9997766 0.00463027 -1.512558 0.1448829 -0.007570248 0.9894198 -2.775033
0.9893103 -0.0196364 -0.1444976 161.14 0.02053869 0.9997777 0.004755073 -1.504612 0.1443721 -0.007672033 0.9894937 -2.761014
0.9889773 -0.01985002 -0.1467308 161.8436 0.02080273 0.9997712 0.004961087 -1.488645 0.1465988 -0.007958804 0.989164 -2.773826
0.9886274 -0.02051561 -0.1489801 162.3345 0.02145509 0.9997586 0.004701485 -1.474093 0.1488477 -0.007844398 0.988829 -2.785289
0.9894358 -0.02094967 -0.1434501 162.882 0.02192698 0.999746 0.005235204 -1.453505 0.143304 -0.008325326 0.9896437 -2.822211
0.9891068 -0.02123166 -0.14566 163.4015 0.02218701 0.9997416 0.004937151 -1.43969 0.1455175 -0.008115129 0.9893224 -2.836562
0.9891792 -0.02214457 -0.1450315 163.9215 0.02320481 0.999715 0.005622648 -1.420974 0.1448656 -0.008927234 0.9894111 -2.845235
0.9891959 -0.02263147 -0.1448418 164.3789 0.0236639 0.9997053 0.005408866 -1.408483 0.1446767 -0.008777951 0.98944 -2.855993
0.9894017 -0.02318557 -0.1433414 165.0031 0.02425277 0.9996896 0.005702218 -1.388996 0.1431647 -0.009118211 0.9896569 -2.880387
0.9892192 -0.02409029 -0.144447 165.4947 0.02511567 0.9996707 0.005279118 -1.370799 0.1442722 -0.008850088 0.9894984 -2.881691
0.9894375 -0.02439023 -0.142894 165.9097 0.02542609 0.999662 0.005427397 -1.356311 0.1427133 -0.009003305 0.9897231 -2.8919
0.9894042 -0.0246985 -0.1430712 166.2974 0.0256913 0.999657 0.005095748 -1.337579 0.1428962 -0.008717439 0.9896993 -2.899119
0.9891772 -0.02511467 -0.1445608 166.7168 0.02615961 0.9996437 0.005331799 -1.318707 0.1443754 -0.009055749 0.9894816 -2.913955
0.9897592 -0.02574926 -0.1404053 167.1 0.02686432 0.9996208 0.006051875 -1.296439 0.1401963 -0.009761794 0.9900756 -2.941868
0.9896118 -0.02607736 -0.1413803 167.5339 0.02713889 0.999616 0.005585055 -1.277499 0.1411804 -0.009363942 0.9899396 -2.950878
0.9896924 -0.02648045 -0.1407396 167.9486 0.02771869 0.9995924 0.00684473 -1.254415 0.1405009 -0.01067529 0.990023 -2.976605
