1.0 0.0 0.0 0.0 0.0 1.0 0.0 0.0 0.0 0.0 1.0 0.0
0.9999903 -0.002944801 0.003279776 0.06400285 0.002945326 0.9999956 -0.0001553361 0.009028408 -0.003279304 0.0001649946 0.9999946 -0.01819506
0.9999706 -0.006553291 0.003973864 0.1254067 0.006550468 0.9999783 0.0007229893 0.005514522 -0.003978516 -0.0006969374 0.9999918 -0.01434852
0.9999439 -0.009901423 0.003755801 0.1911916 0.009892801 0.9999485 0.002307521 0.008517717 -0.003778455 -0.002270236 0.9999903 -0.02124718
0.9998846 -0.0148709 0.003094203 0.2588412 0.01485996 0.9998833 0.003528279 0.01628932 -0.003146311 -0.003481892 0.999989 -0.02067237
0.9997973 -0.02008898 0.001341183 0.3263555 0.02008471 0.9997933 0.003128073 0.02031095 -0.001403745 -0.003100502 0.9999942 -0.02416563
0.9996631 -0.0259315 -0.001105517 0.3921334 0.02593487 0.9996587 0.003157955 0.0284724 0.00102325 -0.003185563 0.9999944 -0.02633064
0.9994638 -0.03261994 -0.002830425 0.4538749 0.03262759 0.9994639 0.002698005 0.04123624 0.002740898 -0.002788908 0.9999924 -0.02439771
0.9992019 -0.03963213 -0.004992642 0.5254175 0.03964486 0.9992107 0.002477647 0.06012264 0.004890507 -0.002673602 0.9999844 -0.03553978
0.9988905 -0.04663145 -0.006584753 0.5943583 0.04664818 0.9989085 0.002409954 0.05684232 0.006465186 -0.002714446 0.9999754 -0.02483655
0.9984348 -0.05542012 -0.007514004 0.6686889 0.05544372 0.9984574 0.002968829 0.08234167 0.00733788 -0.003380787 0.9999673 -0.03072973
0.9979865 -0.06300338 -0.007312465 0.7459788 0.06302971 0.9980057 0.003428257 0.09915388 0.00708189 -0.003882257 0.9999674 -0.03114601
0.9974726 -0.07061547 -0.007860898 0.8300436 0.07064253 0.9974964 0.00321936 0.1025639 0.007613882 -0.003766537 0.9999639 -0.0320981
0.9969004 -0.07862382 -0.002793668 0.9285775 0.07862538 0.9969041 0.0004548127 0.1124117 0.00274926 -0.0006730562 0.999996 -0.02955229
0.9961498 -0.08764956 -0.001783392 1.013619 0.08765357 0.9961483 0.002309716 0.123549 0.001574078 -0.002457144 0.9999958 -0.02262211
0.9954928 -0.09483451 0.000685953 1.115691 0.09483313 0.9954914 0.001824559 0.1377236 -0.0008558915 -0.001751284 0.9999981 -0.02335963
0.9948095 -0.101754 0.000443847 1.223473 0.1017538 0.9948095 0.0002848691 0.1568657 -0.0004705298 -0.0002382274 0.9999999 -0.04036167
0.9940999 -0.1084669 0.0006224851 1.345569 0.1084685 0.9940927 -0.00378583 0.1675176 -0.0002081707 0.003831013 0.9999927 -0.03457782
0.9932449 -0.1160355 0.0006100756 1.462116 0.1160371 0.9932367 -0.004027192 0.1872456 -0.000138652 0.004070779 0.9999917 -0.03804008
0.9921778 -0.1248248 0.001357818 1.581073 0.1248288 0.9921724 -0.003413563 0.2181703 -0.0009210921 0.003556356 0.9999933 -0.04620253
0.9910818 -0.133222 0.002973696 1.711988 0.1332336 0.991076 -0.004149924 0.2348921 -0.002394298 0.00450911 0.9999869 -0.04423479
0.9899026 -0.1417348 0.002030776 1.852372 0.1417461 0.989875 -0.00745083 0.2629304 -0.0009541729 0.007663451 0.9999702 -0.0514872
0.988275 -0.1526336 0.003937503 1.988674 0.1526582 0.9882547 -0.006943038 0.2959608 -0.002831515 0.007462722 0.9999682 -0.05655882
0.986664 -0.1627466 0.00278189 2.129755 0.1627619 0.9866432 -0.00663993 0.3227208 -0.001664106 0.007004166 0.9999741 -0.04633354
0.9844519 -0.1755912 0.004698478 2.271745 0.1756223 0.9844302 -0.007320262 0.3529339 -0.00333995 0.008031604 0.9999622 -0.05579145
0.9820471 -0.1883985 0.009461101 2.425985 0.1884625 0.9820595 -0.006404554 0.3801633 -0.008084755 0.008072637 0.9999347 -0.03673503
0.979575 -0.2006789 0.01267493 2.581842 0.2007726 0.9796157 -0.006590918 0.419571 -0.01109391 0.009001077 0.999898 -0.05281256
0.9772401 -0.2117976 0.01197991 2.735816 0.211864 0.9772886 -0.004559965 0.4650397 -0.01074204 0.006994293 0.9999179 -0.05599162
0.9753786 -0.2203789 0.008347074 2.915162 0.2204291 0.9753866 -0.005656828 0.5171161 -0.006894978 0.007357487 0.9999492 -0.06403024
0.9733601 -0.2292267 0.005016927 3.083382 0.2292598 0.9733362 -0.007515443 0.571692 -0.003160417 0.008465413 0.9999592 -0.06634147
0.971682 -0.236275 0.00286459 3.252362 0.2362909 0.9716477 -0.008218203 0.6265341 -0.0008416157 0.008662356 0.9999622 -0.07021343
0.9700388 -0.2429312 0.003014584 3.44031 0.2429475 0.9700091 -0.007659297 0.6779231 -0.001063493 0.008162201 0.9999661 -0.06856316
0.9688384 -0.2476136 0.006296983 3.630457 0.2476557 0.9688218 -0.007123245 0.7284818 -0.004336842 0.008460757 0.9999548 -0.06747843
0.9679684 -0.2509213 0.008697819 3.819624 0.2509629 0.9679881 -0.004056237 0.7685559 -0.00740159 0.006109138 0.9999539 -0.05973475
0.9672885 -0.2533463 0.01298829 4.041235 0.2533921 0.9673616 -0.001988197 0.8079346 -0.01206067 0.00521429 0.9999137 -0.06575344
0.9671885 -0.2536394 0.01461013 4.250602 0.2537034 0.9672784 -0.00267966 0.8701376 -0.01345239 0.006298376 0.9998897 -0.07710141
0.9671314 -0.2538765 0.01426582 4.482145 0.2539625 0.9672034 -0.004549081 0.931215 -0.01264304 0.008022543 0.9998879 -0.08511498
0.9671971 -0.2537338 0.01220231 4.689981 0.2537895 0.967254 -0.003234069 0.9831553 -0.01098214 0.0062248 0.9999203 -0.09417193
0.9676722 -0.2520363 0.009390654 4.920472 0.2520625 0.9677095 -0.001700618 1.039885 -0.008658808 0.004012672 0.9999545 -0.08548377
0.968309 -0.2496791 0.006172672 5.164702 0.2496794 0.9683282 0.0007244531 1.113162 -0.006158054 0.0008396949 0.9999807 -0.09551495
0.9692196 -0.2460987 0.006984115 5.414727 0.2460987 0.9692444 0.0008618817 1.167074 -0.006981423 0.0008834294 0.9999753 -0.07346931
0.9703551 -0.2415452 0.008175015 5.670612 0.241552 0.9703878 0.0001608899 1.227993 -0.007971796 0.001818571 0.9999666 -0.08921961
0.971384 -0.237339 0.009130741 5.95346 0.2373521 0.9714236 -0.0003649314 1.28522 -0.008783205 0.002521689 0.9999583 -0.09354212
0.9724568 -0.2328596 0.01020426 6.233221 0.2328823 0.9725043 -0.001071036 1.346112 -0.009674283 0.003417926 0.9999474 -0.103931
0.9735054 -0.2284586 0.009691323 6.527557 0.228482 0.9735471 -0.001365366 1.399679 -0.00912303 0.003543484 0.9999521 -0.1125694
0.9744363 -0.2244499 0.00980564 6.819679 0.2244782 0.9744774 -0.00187538 1.459409 -0.009134445 0.00402859 0.9999502 -0.0960129
0.9753827 -0.2202133 0.01160659 7.130941 0.2202564 0.9754387 -0.00256617 1.521206 -0.01075642 0.005059425 0.9999294 -0.1131007
0.9764249 -0.215487 0.0126405 7.456519 0.2155308 0.9764947 -0.002192506 1.591267 -0.01187092 0.004865234 0.9999177 -0.1130136
0.9771804 -0.2120616 0.01218314 7.779647 0.2120982 0.9772466 -0.001774174 1.644418 -0.0115297 0.004317711 0.9999242 -0.1263349
0.9778149 -0.2090512 0.01325616 8.122934 0.2090903 0.9778949 -0.001622643 1.71116 -0.01262391 0.004358379 0.9999108 -0.1262169
0.9783903 -0.2063996 0.01231403 8.459205 0.2064293 0.9784609 -0.001172812 1.775022 -0.01180673 0.003689444 0.9999235 -0.1411764
0.9790503 -0.2032702 0.01190641 8.82034 0.2033113 0.9791114 -0.002336459 1.842087 -0.01118277 0.004708218 0.9999264 -0.1406272
0.9795176 -0.2009801 0.01234343 9.178797 0.2010155 0.9795865 -0.001681448 1.917424 -0.01175352 0.004128229 0.9999224 -0.1329415
0.9801213 -0.198009 0.0124377 9.555158 0.1980282 0.9801961 -0.0003185968 1.977917 -0.0121283 0.002775279 0.9999226 -0.1511346
0.9803678 -0.1967331 0.01323165 9.915097 0.1967434 0.9804548 0.0005307331 2.045906 -0.01307745 0.002082926 0.9999123 -0.1468079
0.9807298 -0.1948892 0.01368606 10.28541 0.1949078 0.9808215 -2.484338e-05 2.115643 -0.01341874 0.002691884 0.9999064 -0.1582613
0.9810022 -0.193566 0.01291545 10.68337 0.1936022 0.9810786 -0.001601248 2.192922 -0.01236113 0.004071289 0.9999153 -0.1615137
0.9812565 -0.1922328 0.01349366 11.07651 0.1922622 0.9813432 -0.0008998873 2.259758 -0.01306893 0.003477341 0.9999086 -0.1606766
0.9813595 -0.191733 0.01311453 11.47373 0.1917544 0.9814428 -0.0003833527 2.329525 -0.01279766 0.002890975 0.9999139 -0.1730598
0.9815761 -0.1907309 0.01140572 11.88398 0.1907552 0.9816371 -0.001077234 2.399664 -0.01099082 0.003233088 0.9999344 -0.1849943
0.9818755 -0.1892074 0.01100679 12.29771 0.1892556 0.9819216 -0.003503479 2.475452 -0.01014492 0.005523077 0.9999333 -0.1682972
0.9819942 -0.1885357 0.01190849 12.71822 0.1885907 0.9820489 -0.003663445 2.553818 -0.01100403 0.005843311 0.9999224 -0.1953028
0.9821843 -0.1873825 0.01420804 13.14498 0.1874555 0.982265 -0.003982031 2.618932 -0.0132099 0.006574462 0.9998911 -0.1859238
0.9825168 -0.1858317 0.01128194 13.58018 0.1858993 0.9825548 -0.005266966 2.700825 -0.01010636 0.007272188 0.9999225 -0.2060221
0.9827091 -0.1848223 0.0111181 14.01576 0.1849254 0.9827106 -0.009085215 2.78297 -0.009246726 0.01098414 0.9998969 -0.2053768
0.9830363 -0.1830929 0.01079524 14.47032 0.1831801 0.983049 -0.007724077 2.863429 -0.009198022 0.009570521 0.9999119 -0.2053694
0.9832045 -0.1822577 0.009538058 14.93262 0.1823184 0.9832215 -0.00593735 2.948488 -0.008295897 0.007576593 0.9999369 -0.2180367
0.983383 -0.1813166 0.009065357 15.39751 0.1813759 0.9833944 -0.006203645 3.031983 -0.007789996 0.007744796 0.9999397 -0.2151628
0.9835821 -0.1802607 0.008504319 15.86991 0.1803193 0.9835851 -0.006710538 3.113614 -0.007155077 0.008133858 0.9999413 -0.2328337
0.9839275 -0.1784401 0.006760692 16.33443 0.1784653 0.9839406 -0.003310225 3.185506 -0.006061443 0.00446357 0.9999717 -0.2236354
0.9840785 -0.1776966 0.003667513 16.80664 0.1776885 0.9840839 0.00243329 3.269063 -0.004041527 -0.001742873 0.9999903 -0.2243283
0.9842585 -0.1765679 0.007678686 17.29312 0.1765208 0.9842758 0.006432628 3.34438 -0.008693741 -0.004975921 0.9999498 -0.2335724
0.984568 -0.1748101 0.008205788 17.79493 0.1747665 0.984593 0.005764668 3.420863 -0.009087084 -0.004241611 0.9999497 -0.273232
0.9849936 -0.1724961 0.005727507 18.28559 0.172497 0.98501 0.0003315361 3.51319 -0.00569884 0.0006614169 0.9999835 -0.244663
0.9854865 -0.1697482 0.001384802 18.78666 0.1697535 0.9854685 -0.005964194 3.597736 -0.0003522669 0.006112708 0.9999813 -0.2602743
0.9860626 -0.166372 0.0009468179 19.30095 0.1663701 0.9859771 -0.01305617 3.677233 0.00123864 0.01303172 0.9999143 -0.2545771
0.9865173 -0.163615 0.003720369 19.81459 0.1636546 0.9863772 -0.01664316 3.759057 -0.0009466165 0.01702762 0.9998546 -0.2402849
0.9870886 -0.1600672 0.005875249 20.32534 0.1601402 0.9869744 -0.01539312 3.818794 -0.003334787 0.01613524 0.9998643 -0.2998479
0.9877725 -0.1556839 0.008248981 20.83214 0.1557636 0.9877428 -0.01010654 3.900478 -0.006574444 0.01126786 0.9999149 -0.309241
0.988305 -0.1523498 0.006543726 21.3473 0.1523764 0.9883152 -0.003767349 3.965118 -0.00589331 0.004720399 0.9999715 -0.2665124
0.9891224 -0.1469706 0.006044414 21.85983 0.1469718 0.9891406 0.0002550396 4.042643 -0.006016259 0.0006360929 0.9999817 -0.3053842
0.9899501 -0.1413996 0.002213974 22.39136 0.1414053 0.9899482 -0.002688954 4.108992 -0.001811502 0.002974998 0.9999939 -0.2662069
0.9907797 -0.1354146 0.00430267 22.92566 0.1354317 0.9907789 -0.003958744 4.180749 -0.003726923 0.004504961 0.9999829 -0.3005632
0.9916399 -0.1289641 0.004306219 23.46729 0.12898 0.9916407 -0.003624602 4.238575 -0.003802777 0.004149715 0.9999841 -0.2986645
0.9924209 -0.1226349 0.007841086 23.99878 0.1226632 0.9924431 -0.003226584 4.29259 -0.00738614 0.004163942 0.9999641 -0.3049427
0.9931996 -0.1162388 0.006555751 24.54413 0.1162735 0.9932036 -0.005189483 4.346721 -0.005907977 0.005916453 0.9999651 -0.3181931
0.9939799 -0.109339 0.006998191 25.08532 0.1093711 0.9939913 -0.004381118 4.394297 -0.006477114 0.005120143 0.9999659 -0.3253227
0.9947343 -0.1024233 0.003607141 25.65881 0.1024365 0.9947329 -0.003666059 4.441801 -0.003212651 0.004016258 0.9999868 -0.3229963
0.9952062 -0.09755622 0.006890533 26.20366 0.09758024 0.9952223 -0.003238851 4.487841 -0.006541642 0.003895704 0.999971 -0.3352497
0.9957929 -0.09143123 0.006059962 26.78372 0.09143265 0.9958113 4.329011e-05 4.519702 -0.006038537 0.0005109704 0.9999816 -0.3544751
0.9963692 -0.08482113 0.00733481 27.35911 0.08480693 0.996395 0.002227253 4.560197 -0.007497285 -0.001597124 0.9999706 -0.3562469
0.9969248 -0.07832713 0.002391293 27.9508 0.07832563 0.9969276 0.0007178451 4.60469 -0.002440173 -0.0005283381 0.9999969 -0.3694359
0.9974401 -0.07146078 0.002566623 28.55909 0.07145816 0.9974428 0.001098954 4.642563 -0.002638592 -0.0009127351 0.9999961 -0.3719918
0.9978142 -0.06604459 0.002212832 29.17412 0.06603994 0.9978148 0.002110365 4.67199 -0.002347375 -0.001959617 0.9999954 -0.3789157
0.9981707 -0.06025766 0.004928697 29.79508 0.06023923 0.9981769 0.003806047 4.70116 -0.005149054 -0.003502183 0.9999806 -0.3924578
0.9984831 -0.05481886 0.005134971 30.41847 0.05480767 0.9984943 0.002294183 4.731764 -0.005253004 -0.002009267 0.9999842 -0.3889488
0.9988447 -0.04752805 0.007093973 31.0521 0.04752992 0.9988699 -9.536433e-05 4.74414 -0.007081424 0.0004324301 0.9999748 -0.4250108
0.999112 -0.04156321 0.006917012 31.69831 0.04157329 0.9991345 -0.001319534 4.768537 -0.006856182 0.001605925 0.9999752 -0.4142664
0.999295 -0.03624816 0.009776439 32.34274 0.03625237 0.9993426 -0.0002534185 4.779902 -0.009760826 0.0006076589 0.9999522 -0.4164198
0.9994286 -0.03192745 0.01109076 33.0059 0.0318418 0.9994622 0.007815314 4.779981 -0.01133432 -0.007457699 0.999908 -0.449097
0.9995177 -0.02776381 0.01391529 33.67001 0.02754655 0.9994992 0.01556846 4.790849 -0.01434056 -0.01517764 0.999782 -0.4619493
0.9996395 -0.02398279 0.01207238 34.37309 0.02379135 0.9995925 0.01575927 4.788928 -0.01244542 -0.01546637 0.9998029 -0.4559932
0.9996049 -0.02039887 0.01933928 35.07574 0.02028352 0.9997753 0.006141683 4.79963 -0.01946023 -0.005746987 0.9997941 -0.4929892
0.9997556 -0.01745895 0.01356081 35.80736 0.017516 0.9998382 -0.004099613 4.802692 -0.01348704 0.004336142 0.9998996 -0.509536
0.9998023 -0.01442807 0.01368101 36.54965 0.01459399 0.9998201 -0.0121061 4.816576 -0.01350388 0.01230337 0.9998331 -0.5135998
0.9998165 -0.01222144 0.01475264 37.28683 0.01237291 0.9998711 -0.01021969 4.816163 -0.01462584 0.01040035 0.9998389 -0.5135072
0.9997282 -0.01116818 0.0204652 38.02771 0.01129236 0.9999183 -0.005962438 4.807167 -0.02039694 0.006191918 0.9997728 -0.5125751
0.9997998 -0.008542188 0.01809101 38.79635 0.00853469 0.9999634 0.0004915589 4.800609 -0.01809455 -0.0003370593 0.9998362 -0.5352347
0.9997618 -0.00769418 0.02042341 39.56828 0.0076497 0.9999682 0.002255122 4.804191 -0.02044011 -0.002098352 0.9997889 -0.5318978
0.9998353 -0.007174263 0.01667395 40.33495 0.007121176 0.9999695 0.003241017 4.806793 -0.01669669 -0.003121745 0.9998558 -0.5491476
0.9998354 -0.006103524 0.01708676 41.1284 0.006100211 0.9999813 0.0002459753 4.798512 -0.01708795 -0.0001417019 0.999854 -0.5555718
0.9998565 -0.00536461 0.01606722 41.93258 0.005375704 0.9999853 -0.0006473662 4.790808 -0.01606352 0.0007336459 0.9998707 -0.570941
0.9998569 -0.00488392 0.01619247 42.73775 0.004903279 0.9999872 -0.001156028 4.78449 -0.01618662 0.001235259 0.9998682 -0.5862007
0.9998343 -0.003913371 0.01777871 43.55171 0.003922791 0.9999921 -0.0004949889 4.778472 -0.01777663 0.000564649 0.9998418 -0.594727
0.9998527 -0.003113711 0.01687679 44.37228 0.003140308 0.9999938 -0.001549684 4.774135 -0.01687186 0.001602454 0.9998564 -0.6121269
0.9998525 -0.001827376 0.01707559 45.18514 0.0018824 0.9999932 -0.003206837 4.764717 -0.01706961 0.003238507 0.9998491 -0.6202803
0.9998438 -0.001032555 0.01764304 46.00156 0.001114355 0.9999887 -0.004627198 4.76324 -0.01763807 0.004646135 0.9998336 -0.6324053
0.9998453 -0.0001825692 0.0175908 46.84495 0.0002716005 0.9999871 -0.005058988 4.747658 -0.01758965 0.005062983 0.9998325 -0.6395326
0.9998525 0.0007236415 0.01716035 47.66273 -0.000636053 0.9999868 -0.005109024 4.736159 -0.01716382 0.005097355 0.9998397 -0.6560114
0.999842 0.001750456 0.01768553 48.49395 -0.001663548 0.9999865 -0.004927569 4.717428 -0.01769391 0.00489737 0.9998314 -0.6623171
0.9998326 0.002723449 0.01809358 49.33624 -0.002631775 0.9999835 -0.00508859 4.710354 -0.01810714 0.00504012 0.9998233 -0.6688061
0.9998379 0.003324622 0.01769524 50.17566 -0.003229446 0.9999801 -0.005404487 4.702067 -0.01771285 0.005346464 0.9998288 -0.6852188
0.9998274 0.004119612 0.01811585 51.01863 -0.004012319 0.9999743 -0.00595499 4.684445 -0.01813991 0.005881276 0.9998181 -0.6915649
0.9998327 0.004601465 0.01770202 51.86073 -0.004499895 0.9999731 -0.005773282 4.670883 -0.01772811 0.005692659 0.9998266 -0.7034832
0.9998178 0.005083444 0.01840111 52.71947 -0.005000376 0.9999771 -0.004557497 4.64913 -0.01842386 0.004464655 0.9998203 -0.7114555
0.9998221 0.005847646 0.01793141 53.57679 -0.005784899 0.9999769 -0.003549208 4.629504 -0.01795175 0.003444845 0.9998329 -0.724247
0.9998035 0.00658734 0.01869861 54.43615 -0.006511894 0.9999706 -0.004092878 4.622366 -0.01872502 0.00397031 0.9998168 -0.7330902
0.9998066 0.007357008 0.01824027 55.29712 -0.007272914 0.9999626 -0.004672462 4.597526 -0.01827396 0.004538898 0.9998227 -0.7445581
0.9997973 0.008115269 0.01842215 56.16961 -0.008011622 0.9999517 -0.005693014 4.588824 -0.01846747 0.005544269 0.9998141 -0.758922
0.9998094 0.00876159 0.0174484 57.02468 -0.008660655 0.9999453 -0.005851959 4.567676 -0.01749871 0.005699729 0.9998307 -0.7687132
0.9997978 0.009166459 0.01789744 57.90994 -0.009035176 0.9999319 -0.007402376 4.550601 -0.01796407 0.007239173 0.9998124 -0.7667912
0.999768 0.00997569 0.0190922 58.77279 -0.009847397 0.9999282 -0.006801898 4.532317 -0.01915869 0.006612312 0.9997946 -0.7929003
0.9997788 0.01060423 0.01816301 59.66183 -0.01048011 0.9999212 -0.006915031 4.511524 -0.01823491 0.00672315 0.9998111 -0.7905251
0.9997537 0.01136876 0.0190616 60.5437 -0.01126656 0.9999217 -0.005460292 4.488074 -0.01912218 0.005244189 0.9998034 -0.7962261
0.9997395 0.01192728 0.01945845 61.43848 -0.01182668 0.9999162 -0.005276957 4.4702 -0.01951976 0.005045454 0.9997967 -0.8174064
0.9997151 0.01264439 0.02024196 62.34855 -0.01255407 0.9999108 -0.004582922 4.445364 -0.0202981 0.004327497 0.9997846 -0.8113973
0.9997275 0.01258793 0.01965714 63.24203 -0.01252724 0.9999163 -0.00320733 4.435211 -0.01969587 0.002960206 0.9998016 -0.8370635
0.9996766 0.01324294 0.02170876 64.14751 -0.01320112 0.9999107 -0.00206879 4.407756 -0.02173422 0.001781541 0.9997622 -0.842248
0.99971 0.013433 0.01998599 65.07808 -0.01339511 0.9999082 -0.002028619 4.382776 -0.0200114 0.001760316 0.9997982 -0.8578661
0.9996738 0.01418931 0.02123248 66.00597 -0.01414391 0.9998972 -0.002287003 4.350766 -0.02126275 0.001985947 0.999772 -0.8746151
0.9996895 0.01456887 0.02021778 66.94371 -0.01450068 0.9998888 -0.003515218 4.332716 -0.02026674 0.003220955 0.9997894 -0.8727875
0.9996687 0.01545085 0.02058741 67.87737 -0.01537733 0.9998749 -0.003724734 4.300738 -0.02064238 0.003406921 0.9997811 -0.9019065
0.9996879 0.01545835 0.01962391 68.82068 -0.01538262 0.9998736 -0.004004258 4.283702 -0.01968333 0.003701141 0.9997994 -0.8987132
0.9996812 0.01605538 0.01948412 69.77106 -0.01599377 0.9998666 -0.003314098 4.262016 -0.01953473 0.003001417 0.9998047 -0.9216751
0.9996699 0.01664977 0.01956695 70.73447 -0.01660006 0.9998586 -0.002700371 4.230331 -0.01960915 0.002374667 0.9998049 -0.9254204
0.9996779 0.01715138 0.0187061 71.68877 -0.01710658 0.9998504 -0.002552395 4.203693 -0.01874708 0.002231575 0.9998218 -0.9413286
0.999667 0.01800621 0.01848124 72.66669 -0.01795343 0.9998342 -0.003018072 4.179529 -0.01853253 0.002685266 0.9998246 -0.9558284
0.9996881 0.01827979 0.01701258 73.62726 -0.01820623 0.9998243 -0.004468578 4.140525 -0.01709127 0.00415745 0.9998453 -0.9666181
0.9996336 0.0189137 0.01936733 74.61761 -0.0188153 0.9998091 -0.005250568 4.114181 -0.01946294 0.004884241 0.9997987 -0.98103
0.9996673 0.01936522 0.0170354 75.61353 -0.01927039 0.9997979 -0.005713175 4.081686 -0.0171426 0.005382996 0.9998386 -0.9887912
0.9996598 0.01994863 0.01680346 76.61888 -0.01986963 0.9997908 -0.004855325 4.056173 -0.0168968 0.004519795 0.999847 -0.9988555
0.9996611 0.02025004 0.01635469 77.60316 -0.02018293 0.9997873 -0.004258134 4.028158 -0.01643744 0.003926606 0.9998572 -1.009534
0.9996417 0.02115886 0.01639716 78.62873 -0.02109455 0.9997692 -0.004085237 3.994547 -0.01647981 0.003737882 0.9998572 -1.024391
0.9996446 0.02155338 0.01568459 79.62492 -0.02150233 0.9997629 -0.003416119 3.95195 -0.0157545 0.00307765 0.9998711 -1.027953
0.9995989 0.02277819 0.01683026 80.6567 -0.02272728 0.9997364 -0.003210251 3.915288 -0.01689895 0.002826457 0.9998532 -1.048348
0.9995893 0.02356142 0.01631519 81.67329 -0.02350101 0.9997164 -0.003884552 3.874788 -0.01640208 0.003499533 0.9998593 -1.057151
0.9995469 0.0241795 0.01792234 82.7151 -0.02411772 0.9997025 -0.003654952 3.83566 -0.01800538 0.003221051 0.9998327 -1.075633
0.9995278 0.02517677 0.01761381 83.74146 -0.02512741 0.9996797 -0.003018011 3.807938 -0.01768415 0.002573997 0.9998403 -1.085323
0.9994953 0.02587085 0.01843527 84.79225 -0.02584398 0.9996647 -0.001694218 3.767451 -0.01847292 0.001216922 0.9998286 -1.103546
0.9994984 0.02628309 0.01766685 85.84299 -0.02626534 0.9996542 -0.001235959 3.723659 -0.01769323 0.0007713131 0.9998432 -1.110233
0.9994637 0.0271028 0.01837716 86.90157 -0.02709985 0.9996325 -0.0004096727 3.687272 -0.01838151 -8.856518e-05 0.999831 -1.133037
0.9994578 0.02766643 0.01785046 87.96325 -0.02765864 0.9996171 -0.0006834009 3.630667 -0.01786253 0.0001893111 0.9998404 -1.145766
0.9994118 0.0283881 0.01924196 89.0106 -0.02840294 0.9995964 0.0004986009 3.604149 -0.01922004 -0.001044836 0.9998147 -1.162646
0.9993976 0.02919158 0.01876941 90.08671 -0.02922457 0.9995718 0.001485992 3.552307 -0.01871799 -0.002033625 0.9998227 -1.183577
0.9993504 0.0300442 0.01990065 91.15749 -0.03009308 0.9995447 0.002161303 3.50762 -0.01982666 -0.002758771 0.9997996 -1.196642
0.9993346 0.0311069 0.01904584 92.23386 -0.03117222 0.999509 0.003142167 3.464751 -0.01893875 -0.003733777 0.9998137 -1.220905
0.9992999 0.0314551 0.02025547 93.33745 -0.03152904 0.9994973 0.003341874 3.418355 -0.02014017 -0.00397817 0.9997892 -1.235554
0.9993178 0.03164034 0.01904837 94.4294 -0.03172533 0.9994879 0.004176546 3.366947 -0.01890646 -0.004778013 0.9998099 -1.267905
0.9992781 0.03269323 0.01935006 95.5392 -0.03275691 0.9994589 0.00298276 3.322565 -0.01924208 -0.003614455 0.9998083 -1.279096
0.9992412 0.03293397 0.02079421 96.6439 -0.03301077 0.9994494 0.003360808 3.270974 -0.02067207 -0.00404469 0.9997782 -1.306592
0.9992348 0.03287257 0.02119612 97.76208 -0.03292634 0.9994556 0.002192795 3.22055 -0.0211125 -0.002889028 0.9997729 -1.329465
0.9992649 0.03219111 0.0208187 98.87836 -0.03226964 0.9994732 0.0034472 3.172473 -0.02069676 -0.004116477 0.9997773 -1.337564
0.9992982 0.03075848 0.02137971 100.0279 -0.03082072 0.9995216 0.002587708 3.121698 -0.02128988 -0.00324483 0.9997681 -1.374905
0.9993251 0.02920438 0.02228255 101.1605 -0.02925361 0.9995703 0.00188626 3.082203 -0.02221789 -0.002536832 0.99975 -1.382511
0.9993924 0.0275525 0.02134443 102.2945 -0.02758021 0.999619 0.001004644 3.039147 -0.02130862 -0.001592718 0.9997717 -1.410043
0.9994099 0.02555229 0.02295799 103.4334 -0.02557943 0.9996724 0.0008893733 2.997906 -0.02292775 -0.001476101 0.999736 -1.433208
0.9995099 0.02323464 0.02097625 104.5844 -0.02325938 0.9997292 0.0009359389 2.95922 -0.02094882 -0.001423375 0.9997795 -1.444741
0.9995282 0.02129862 0.02213152 105.7388 -0.02132341 0.9997722 0.0008847091 2.92511 -0.02210764 -0.001356211 0.9997547 -1.476629
0.9995859 0.01934245 0.021307 106.8892 -0.01935997 0.9998122 0.0006164197 2.882784 -0.02129108 -0.001028667 0.9997728 -1.48297
0.9996116 0.01753556 0.02165846 108.0581 -0.01756158 0.9998453 0.001011728 2.849722 -0.02163736 -0.001391692 0.9997649 -1.522033
0.9996546 0.01486175 0.0216757 109.2123 -0.01486747 0.9998895 0.0001025665 2.823072 -0.02167178 -0.0004247938 0.999765 -1.517258
0.9997258 0.01199418 0.02011264 110.3796 -0.01197182 0.9999275 -0.001231995 2.79984 -0.02012596 0.0009908726 0.999797 -1.554052
0.9997374 0.0102186 0.02051282 111.5467 -0.01020146 0.9999475 -0.0009400769 2.772849 -0.02052135 0.0007305692 0.9997891 -1.567197
0.9997792 0.007431937 0.01965626 112.7347 -0.007402233 0.9999714 -0.001583529 2.748135 -0.01966746 0.001437679 0.9998056 -1.575204
0.9997802 0.005532591 0.02022479 113.9083 -0.005528924 0.9999847 -0.0002372007 2.736532 -0.02022579 0.0001253273 0.9997954 -1.609976
0.9997999 0.00357802 0.01968036 115.0781 -0.003575356 0.9999937 -0.0001705567 2.712087 -0.01968085 0.0001001583 0.9998063 -1.612992
0.9998139 0.001541169 0.0192306 116.2626 -0.001539407 0.9999987 -0.0001063968 2.698606 -0.01923075 7.677323e-05 0.999815 -1.649393
0.9997955 -0.0002296793 0.02022152 117.4557 0.0002340806 0.9999999 -0.0002152869 2.688544 -0.02022146 0.0002199763 0.9997955 -1.655276
0.9998306 -0.0009555712 0.0183794 118.6441 0.0009560609 0.9999996 -1.785602e-05 2.670086 -0.01837937 3.542482e-05 0.9998311 -1.687088
0.9998109 -0.002564782 0.01927367 119.849 0.002561969 0.9999967 0.0001706746 2.666074 -0.01927404 -0.0001212638 0.9998142 -1.693312
0.9998167 -0.004057995 0.01870991 121.0512 0.00406358 0.9999917 -0.0002605043 2.660187 -0.0187087 0.0003364858 0.9998249 -1.722913
0.9997795 -0.004550092 0.02050169 122.2496 0.004538706 0.9999894 0.0006019031 2.644033 -0.02050421 -0.0005087192 0.9997897 -1.74142
0.999796 -0.005601999 0.01940707 123.4647 0.005583435 0.9999838 0.001010601 2.643481 -0.01941242 -0.0009020371 0.9998112 -1.764829
0.9997756 -0.006480041 0.02016642 124.6831 0.00644254 0.9999775 0.001923998 2.641499 -0.02017843 -0.001793644 0.9997948 -1.791556
0.9998167 -0.006917475 0.01785537 125.9021 0.006901496 0.9999757 0.0009563664 2.624604 -0.01786155 -0.0008329623 0.9998401 -1.798185
0.9997992 -0.008046829 0.0183538 127.1189 0.008026793 0.9999671 0.001165124 2.627153 -0.01836257 -0.001017568 0.9998309 -1.835459
0.9998257 -0.008282014 0.01673132 128.337 0.008256274 0.9999646 0.001606961 2.613101 -0.01674403 -0.001468543 0.9998587 -1.848526
0.9998232 -0.009827969 0.0160293 129.5708 0.009796673 0.9999501 0.002029757 2.621003 -0.01604845 -0.001872365 0.9998695 -1.875811
0.9998415 -0.01102738 0.01397789 130.7894 0.01100196 0.9999377 0.001894028 2.619564 -0.0139979 -0.001739944 0.9999005 -1.894599
0.9998283 -0.01158344 0.01446329 132.0235 0.0115734 0.9999328 0.0007782331 2.613262 -0.01447133 -0.0006107101 0.9998951 -1.928463
0.9998547 -0.01227506 0.01182629 133.2596 0.01227546 0.9999248 3.925603e-05 2.630516 -0.01182588 0.0001059228 0.9999301 -1.930353
0.9998544 -0.01188509 0.01224554 134.4838 0.01188174 0.9999293 0.0003463175 2.628421 -0.01224879 -0.0002007687 0.999925 -1.967448
0.9998912 -0.01071028 0.01014829 135.7257 0.0107004 0.9999421 0.001027144 2.622708 -0.0101587 -0.000918441 0.999948 -1.981853
0.9998947 -0.008952116 0.01142465 136.9797 0.008932241 0.9999585 0.001789454 2.618138 -0.01144019 -0.001687218 0.9999331 -2.000018
0.9999191 -0.007029358 0.01060505 138.2317 0.007006794 0.9999731 0.0021633 2.610031 -0.01061998 -0.002088817 0.9999414 -2.024089
0.9999117 -0.005116929 0.01226851 139.4693 0.005084109 0.9999833 0.002704869 2.599722 -0.01228214 -0.002642255 0.9999211 -2.052426
0.9999354 -0.003397671 0.0108417 140.7329 0.003369669 0.9999908 0.00260009 2.599939 -0.01085043 -0.00256339 0.9999378 -2.068048
0.9999018 -0.002431954 0.0138004 142.0016 0.002376514 0.9999889 0.004032212 2.58394 -0.01381006 -0.00399902 0.9998966 -2.101854
0.9999263 -0.001539476 0.01204151 143.2852 0.001486722 0.9999894 0.004388738 2.572068 -0.01204814 -0.004370512 0.9999179 -2.120235
0.9998837 -0.0004417978 0.01524871 144.5543 0.0003892182 0.9999939 0.00345093 2.549955 -0.01525014 -0.003444593 0.9998778 -2.153244
0.999909 -0.0001147734 0.01348715 145.8186 6.15805e-05 0.9999923 0.003944315 2.52354 -0.0134875 -0.003943125 0.9999012 -2.171878
0.9998701 0.001601129 0.01603732 147.0955 -0.001648094 0.9999944 0.002915691 2.516643 -0.01603256 -0.002941743 0.9998671 -2.205872
0.9998847 0.002127392 0.01503628 148.3822 -0.00218255 0.9999909 0.003652884 2.500853 -0.01502837 -0.00368528 0.9998803 -2.229231
0.9998636 0.002846243 0.01627105 149.6559 -0.002895712 0.9999912 0.00301752 2.451795 -0.01626231 -0.003064224 0.9998631 -2.249058
0.999854 0.004973576 0.01634996 150.953 -0.005052688 0.9999757 0.004800953 2.44276 -0.01632568 -0.004882862 0.9998548 -2.287872
0.999841 0.007044731 0.0163817 152.2173 -0.007109575 0.9999671 0.003903498 2.391549 -0.01635367 -0.004019345 0.9998582 -2.297434
0.9998416 0.008475869 0.01565143 153.5032 -0.008549816 0.9999527 0.004663744 2.381231 -0.01561116 -0.004796821 0.9998666 -2.344742
0.9998237 0.01005686 0.01585567 154.797 -0.01010899 0.9999437 0.003210896 2.349606 -0.01582248 -0.003370614 0.9998691 -2.359147
0.9998284 0.0110089 0.01490069 156.0778 -0.01106381 0.9999324 0.00360755 2.307777 -0.01485997 -0.003771789 0.9998825 -2.388656
0.9998285 0.01244208 0.01371603 157.3797 -0.0124782 0.9999188 0.002551262 2.280735 -0.01368318 -0.002721976 0.9999027 -2.411376
0.9997506 0.01386345 0.01751084 158.6684 -0.01392762 0.9998966 0.003547712 2.23738 -0.01745985 -0.003790712 0.9998404 -2.437673
0.9997892 0.01405395 0.0149637 159.9695 -0.01409951 0.9998964 0.002943757 2.208362 -0.01492078 -0.003154117 0.9998837 -2.465354
0.9997172 0.01537246 0.01814363 161.2776 -0.01544705 0.9998727 0.0039783 2.16464 -0.01808017 -0.004257441 0.9998275 -2.488803
0.9997776 0.01500869 0.01481921 162.5923 -0.01506202 0.9998806 0.003493435 2.135488 -0.01476501 -0.003715865 0.9998841 -2.5165
0.9997229 0.01487464 0.01824319 163.8956 -0.01493265 0.9998839 0.003047925 2.09417 -0.01819573 -0.0033195 0.9998289 -2.555669
0.9997954 0.01449063 0.01411081 165.246 -0.01454808 0.9998863 0.003976992 2.081213 -0.01405157 -0.004181464 0.9998925 -2.568389
0.9997572 0.01445738 0.01662908 166.5365 -0.01451064 0.99989 0.003086608 2.036957 -0.01658262 -0.003327158 0.9998569 -2.614362
0.9998254 0.01411024 0.01225046 167.8595 -0.01414098 0.999897 0.002427054 2.000051 -0.01221495 -0.002599864 0.999922 -2.632544
0.9998181 0.01330726 0.0136604 169.1782 -0.01334207 0.9999081 0.002459867 1.978876 -0.01362641 -0.002641678 0.9999037 -2.65733
0.9998374 0.0127642 0.01273819 170.5025 -0.01280358 0.9999136 0.00301477 1.939502 -0.0126986 -0.003177375 0.9999143 -2.673207
0.9998354 0.01181802 0.01376213 171.8341 -0.01185025 0.9999272 0.002262797 1.917225 -0.01373439 -0.00242551 0.9999027 -2.711282
0.9998581 0.01158618 0.01222846 173.1662 -0.01163822 0.9999236 0.004193159 1.893945 -0.01217894 -0.004334881 0.9999164 -2.724679
0.9998677 0.01117738 0.0118181 174.4913 -0.01124661 0.99992 0.005808058 1.854068 -0.01175224 -0.005940203 0.9999133 -2.768274
0.9998847 0.01090643 0.01056423 175.8182 -0.01096741 0.9999233 0.005731756 1.830311 -0.01050091 -0.005846958 0.9999278 -2.794731
0.9999131 0.01067243 0.007738749 177.1647 -0.01071195 0.9999295 0.005082922 1.813182 -0.007683957 -0.005165378 0.9999571 -2.819926
0.9999126 0.01052612 0.008001503 178.5046 -0.01056678 0.9999315 0.005056506 1.778684 -0.007947728 -0.005140614 0.9999552 -2.860542
0.9999275 0.01065434 0.005608217 179.8427 -0.01068592 0.9999272 0.0056326 1.757103 -0.005547797 -0.005692121 0.9999684 -2.885276
0.99992 0.01075354 0.006662882 181.2023 -0.01078231 0.9999326 0.00429627 1.729473 -0.006616233 -0.004367768 0.9999686 -2.907184
0.9999191 0.01047294 0.007227572 182.5452 -0.01049925 0.9999382 0.003612286 1.688353 -0.007189295 -0.003687877 0.9999673 -2.939278
0.9999148 0.01035678 0.007941281 183.8851 -0.01038758 0.9999386 0.003846029 1.659524 -0.007900963 -0.003928192 0.9999611 -2.969651
0.9998912 0.01224772 0.00822098 185.2296 -0.0122745 0.9999194 0.00321449 1.638488 -0.008180948 -0.003315049 0.999961 -2.996756
0.9998643 0.01306073 0.01003877 186.5834 -0.01310831 0.999903 0.00468887 1.599123 -0.009976554 -0.004819825 0.9999386 -3.024277
0.9998485 0.01447342 0.009663292 187.9197 -0.01452232 0.9998821 0.005009095 1.569597 -0.009589653 -0.00514867 0.9999408 -3.060201
0.9998305 0.01592446 0.009242637 189.2747 -0.01596609 0.9998627 0.004447724 1.524581 -0.00917054 -0.004594539 0.9999474 -3.090942
0.9997978 0.01753865 0.00983636 190.6199 -0.01760147 0.9998249 0.006336577 1.485311 -0.009723504 -0.00650843 0.9999316 -3.116916
0.9997762 0.01948725 0.00823172 191.9806 -0.01952934 0.9997965 0.005065269 1.456308 -0.008131336 -0.005224896 0.9999533 -3.155375
0.9997061 0.0218113 0.01057909 193.3324 -0.02187665 0.9997419 0.006101697 1.405637 -0.01044327 -0.006331339 0.9999254 -3.191776
0.9996796 0.02365468 0.009014282 194.6979 -0.02370385 0.9997046 0.005386811 1.361964 -0.008884195 -0.005598757 0.9999449 -3.208132
0.9995789 0.02601223 0.01286075 196.0282 -0.02608925 0.9996425 0.005857848 1.305344 -0.01270378 -0.006190909 0.9999002 -3.260175
0.999571 0.02725757 0.01072201 197.4078 -0.02730189 0.9996191 0.004009274 1.258519 -0.01060864 -0.004300286 0.9999345 -3.261414
0.999412 0.02894721 0.01837626 198.75 -0.02900952 0.9995741 0.003133295 1.19339 -0.01827774 -0.003664539 0.9998263 -3.339191
0.9994311 0.03007724 0.01525661 200.0972 -0.03018881 0.9995186 0.007136105 1.140115 -0.01503463 -0.007592625 0.9998581 -3.339002
0.9993731 0.03105405 0.01700447 201.4748 -0.03109416 0.9995141 0.002099359 1.076942 -0.01693102 -0.002626783 0.9998532 -3.357632
0.9994064 0.03073174 0.01556855 202.8365 -0.0307801 0.9995221 0.002875951 1.024324 -0.01547272 -0.003353446 0.9998747 -3.415486
0.9993064 0.03141192 0.02000006 204.1928 -0.03145037 0.9995041 0.001611009 0.966453 -0.01993953 -0.002238901 0.9997987 -3.418297
0.9993779 0.03133695 0.01617858 205.5369 -0.03141989 0.9994942 0.004898215 0.9094147 -0.0160169 -0.005403497 0.9998571 -3.458769
0.9992264 0.03294244 0.02148118 206.8817 -0.03298283 0.9994547 0.001528403 0.8379917 -0.02141912 -0.002235731 0.9997681 -3.489372
0.9993404 0.03360127 0.01377779 208.2289 -0.03364853 0.9994285 0.003212481 0.7801087 -0.01366197 -0.003673965 0.9998999 -3.498031
0.9992269 0.03637545 0.01491364 209.5817 -0.03643187 0.99933 0.003528862 0.7262738 -0.01477528 -0.004069465 0.9998826 -3.538942
0.9991353 0.03921331 0.01382174 210.9428 -0.03929077 0.9992135 0.005378288 0.6644589 -0.01359997 -0.005916704 0.99989 -3.558033
0.9989813 0.04242456 0.01538013 212.304 -0.04246289 0.9990958 0.002174329 0.5739221 -0.01527397 -0.002825199 0.9998794 -3.600832
0.9988826 0.04406374 0.01708614 213.6767 -0.04406847 0.9990283 -9.977838e-05 0.5175438 -0.01707394 -0.0006532933 0.999854 -3.603158
0.9987843 0.04604818 0.01759225 215.0368 -0.04600942 0.9989376 -0.002601703 0.4280414 -0.01769336 0.001789131 0.9998419 -3.655444
0.9986411 0.048472 0.01914339 216.3776 -0.04848329 0.9988241 0.0001257397 0.3412159 -0.01911478 -0.001053703 0.9998167 -3.675174
0.9985982 0.05028649 0.01651995 217.7331 -0.05028462 0.9987347 -0.0005288851 0.2596065 -0.01652564 -0.0003025556 0.9998634 -3.673335
0.9984452 0.05225812 0.01939915 219.0967 -0.0522644 0.9986333 -0.0001835 0.1716647 -0.01938223 -0.0008306704 0.9998118 -3.703953
0.998345 0.05471979 0.01769408 220.468 -0.05466456 0.9984984 -0.003590774 0.08678362 -0.01786399 0.002617592 0.999837 -3.724324
0.9981532 0.05733479 0.02007155 221.8167 -0.05735863 0.9983535 0.0006135509 -8.030894e-05 -0.02000333 -0.001763695 0.9997984 -3.770755
0.9980747 0.05900959 0.01910008 223.183 -0.05901554 0.9982569 -0.0002524021 -0.0921673 -0.01908168 -0.0008752853 0.9998176 -3.763759
0.9978569 0.06195981 0.02104065 224.5603 -0.06191784 0.9980778 -0.002640822 -0.196622 -0.02116383 0.001332371 0.9997751 -3.813939
0.9977316 0.06422874 0.0201567 225.9308 -0.06416373 0.9979318 -0.003856248 -0.297139 -0.0203627 0.002554171 0.9997894 -3.81712
0.9974884 0.06721831 0.02233098 227.3032 -0.0671412 0.9977347 -0.004185733 -0.4104283 -0.02256175 0.002675891 0.9997419 -3.829897
0.9972227 0.06962692 0.02643766 228.6649 -0.06974395 0.9975587 0.003529711 -0.5345896 -0.02612736 -0.005363775 0.9996442 -3.863631
0.9969023 0.07264561 0.03014031 230.0569 -0.07284523 0.9973277 0.005576913 -0.6491243 -0.02965462 -0.007755214 0.9995301 -3.875782
0.9966543 0.07447334 0.0336732 231.4017 -0.07481927 0.9971553 0.00913084 -0.7734944 -0.03289741 -0.0116197 0.9993912 -3.922429
0.9965379 0.07606168 0.03356966 232.7807 -0.07627496 0.9970738 0.005117219 -0.900754 -0.0330822 -0.007660027 0.9994233 -3.94771
0.9964196 0.0774379 0.03393166 234.1521 -0.07761816 0.9969751 0.004025909 -1.025415 -0.03351726 -0.006645208 0.9994161 -3.982813
0.9962358 0.07954272 0.03445366 235.516 -0.07968026 0.996817 0.002635252 -1.150877 -0.03413438 -0.005370609 0.9994028 -4.030241
0.9961122 0.08156008 0.03329499 236.8884 -0.08169569 0.9966536 0.002730879 -1.273118 -0.03296084 -0.005440319 0.9994419 -4.037707
0.9959806 0.08300854 0.03364953 238.2401 -0.08327006 0.9965062 0.006444008 -1.401453 -0.03299706 -0.009220106 0.9994129 -4.086462
0.9958473 0.08460654 0.03361323 239.5956 -0.08480565 0.9963872 0.004540315 -1.538612 -0.03310765 -0.007372052 0.9994246 -4.109136
0.9957538 0.08649531 0.03151099 240.9468 -0.08663532 0.9962353 0.003102919 -1.674609 -0.03112397 -0.005819708 0.9994986 -4.148774
0.9954998 0.08874822 0.0332232 242.2996 -0.08882821 0.9960464 0.0009367104 -1.795319 -0.03300872 -0.003883652 0.9994475 -4.164626
0.995413 0.09037527 0.03138902 243.6395 -0.09053974 0.9958853 0.003855342 -1.953317 -0.03091143 -0.006679611 0.9994998 -4.194278
0.9952039 0.09208723 0.03300138 244.9594 -0.09231592 0.9957147 0.005471242 -2.09242 -0.03235613 -0.008491554 0.9994403 -4.233464
0.9949872 0.09381317 0.03463393 246.2939 -0.09421546 0.9955 0.01016862 -2.212666 -0.03352413 -0.0133807 0.9993483 -4.255531
0.9947982 0.09583635 0.03452314 247.6225 -0.09629806 0.9952806 0.01196531 -2.358583 -0.0332135 -0.01522758 0.9993322 -4.302587
0.9945856 0.09735752 0.03634419 248.9436 -0.09785659 0.9951257 0.01221101 -2.522535 -0.0349782 -0.01570141 0.9992647 -4.346956
0.9944602 0.09939429 0.03420167 250.2885 -0.09970888 0.9949875 0.007614778 -2.674789 -0.03327337 -0.0109828 0.999386 -4.391469
0.9942123 0.1015077 0.03518737 251.6282 -0.1018289 0.9947741 0.007455094 -2.80948 -0.03424674 -0.01099504 0.9993529 -4.413208
0.9940568 0.1030992 0.03495304 252.9784 -0.1034432 0.9946018 0.008176693 -2.960816 -0.03392134 -0.01174375 0.9993555 -4.446146
0.9937848 0.1054106 0.03578205 254.2838 -0.1058163 0.994339 0.009634723 -3.148429 -0.03456388 -0.01336116 0.9993132 -4.504826
0.9936593 0.106814 0.03510063 255.6436 -0.1069988 0.9942533 0.003424473 -3.273023 -0.03453313 -0.007158483 0.9993779 -4.501337
0.9935846 0.10814 0.03309774 256.9698 -0.1084075 0.9940861 0.00639272 -3.440325 -0.03221069 -0.009939751 0.9994317 -4.548582
0.9932251 0.1106819 0.03540414 258.3004 -0.1109795 0.9938012 0.006547929 -3.592029 -0.03445994 -0.0104327 0.9993516 -4.556381
0.9930633 0.1127597 0.03332409 259.6212 -0.1131876 0.99351 0.01123984 -3.774113 -0.03184041 -0.01493375 0.9993814 -4.596039
0.9928342 0.1142889 0.03490389 260.9547 -0.1146639 0.9933642 0.008933371 -3.935561 -0.03365129 -0.01287157 0.9993507 -4.63239
0.9926229 0.1160834 0.03499411 262.2993 -0.1165699 0.9931077 0.01219363 -4.112268 -0.03333744 -0.01618294 0.9993131 -4.692865
0.9924135 0.1174591 0.03631494 263.6283 -0.1179175 0.9929653 0.01074282 -4.285105 -0.03479763 -0.01494349 0.9992827 -4.705925
0.9922928 0.1191563 0.03401101 264.9672 -0.1197272 0.9926894 0.01526631 -4.454448 -0.03194329 -0.01922069 0.9993048 -4.764729
0.9921096 0.1202814 0.03536816 266.319 -0.1207338 0.9926246 0.01093685 -4.632475 -0.03379181 -0.01512069 0.9993145 -4.796293
0.9919 0.1222701 0.03441523 267.6451 -0.122756 0.9923598 0.01237233 -4.822519 -0.03263953 -0.01649678 0.9993311 -4.850471
0.9916264 0.1247442 0.03340659 268.9973 -0.125073 0.9921159 0.007931353 -5.010535 -0.03215382 -0.0120432 0.9994104 -4.864691
0.9914349 0.1258904 0.03476101 270.3437 -0.1262409 0.9919667 0.008070234 -5.194007 -0.0334658 -0.01238937 0.9993631 -4.91334
0.9912011 0.1279446 0.03391962 271.6795 -0.1283038 0.9916974 0.0086234 -5.389314 -0.03253469 -0.01289954 0.9993874 -4.935685
0.9910256 0.1288591 0.03554875 273.0405 -0.1292894 0.9915557 0.01007596 -5.568925 -0.03395019 -0.01458161 0.9993172 -4.97991
0.9908731 0.130115 0.03522252 274.4008 -0.130572 0.9913778 0.01099082 -5.764174 -0.03348875 -0.01548958 0.9993191 -5.026353
0.9906149 0.1316658 0.03669061 275.7455 -0.1321259 0.9911783 0.01039924 -5.958093 -0.03499772 -0.01514942 0.9992726 -5.057984
0.9904858 0.1331763 0.0346685 277.1044 -0.1335429 0.9910067 0.008472283 -6.15379 -0.03322841 -0.01302141 0.9993629 -5.080058
