1.0 0.0 0.0 0.0 0.0 1.0 0.0 0.0 0.0 0.0 1.0 0.0
0.9999961 0.002535027 0.001208254 1.882204 -0.002532327 0.9999943 -0.002230379 -0.01279968 -0.001213901 0.002227311 0.9999968 -0.03660005
0.9999968 0.002472108 0.0005724216 3.655784 -0.002470986 0.9999951 -0.001951253 -0.02643984 -0.0005772425 0.001949832 0.9999979 -0.04367491
0.9999914 0.001051888 0.004005868 5.407078 -0.001053332 0.9999994 0.0003585432 -0.05163734 -0.004005488 -0.0003627597 0.9999919 -0.07689673
0.9999983 -0.0007609932 0.001703358 7.165463 0.0007626293 0.9999993 -0.0009600692 -0.05117206 -0.001702627 0.0009613666 0.9999981 -0.09159265
0.9999927 -0.002797483 0.002622961 8.953085 0.002802235 0.9999944 -0.001809969 -0.06109552 -0.002617883 0.001817306 0.9999949 -0.1253152
0.9999874 -0.004721665 0.001739735 10.70657 0.00472765 0.999983 -0.003452749 -0.06813001 -0.001723403 0.00346093 0.9999925 -0.1397025
0.9999781 -0.006012474 0.002772913 12.50172 0.006017234 0.9999804 -0.001711594 -0.08022189 -0.002762568 0.001728242 0.9999947 -0.1723418
0.9999705 -0.007674913 0.0002999177 14.263 0.007675779 0.9999659 -0.002997494 -0.07852259 -0.0002769021 0.002999707 0.9999955 -0.1892769
0.9999579 -0.009180931 -5.016255e-05 16.06046 0.009180764 0.9999542 -0.002682421 -0.07897484 7.478737e-05 0.002681847 0.9999964 -0.2251823
0.9999301 -0.01151152 -0.002674505 17.83796 0.01150613 0.9999318 -0.002022136 -0.07221057 0.002697601 0.001991222 0.9999944 -0.2401396
0.9999113 -0.01304286 -0.002701351 19.61574 0.013042 0.999915 -0.0003343968 -0.06588057 0.002705483 0.0002991361 0.9999963 -0.2667584
0.9998794 -0.015139 -0.003454962 21.41794 0.01513809 0.9998853 -0.0002884083 -0.06006517 0.003458933 0.000236072 0.999994 -0.2828466
0.9998342 -0.01788433 -0.003427601 23.17098 0.01787318 0.999835 -0.003256026 -0.04311368 0.003485267 0.003194224 0.9999889 -0.316089
0.9997865 -0.02040959 -0.003223617 24.9008 0.02039542 0.9997824 -0.004369447 -0.01371528 0.003312095 0.004302768 0.9999853 -0.3306212
0.999732 -0.02303492 -0.00228733 26.68934 0.02302664 0.9997286 -0.00358235 0.01871022 0.002369228 0.003528721 0.9999909 -0.3446855
0.9996814 -0.02493033 -0.003937025 28.45524 0.02492731 0.999689 -0.0008138936 0.03735961 0.003956091 0.0007154949 0.9999919 -0.3681541
0.9996102 -0.02765708 -0.003819474 30.21986 0.02765203 0.9996166 -0.001368336 0.07983825 0.003855854 0.001262186 0.9999918 -0.3822659
0.9995434 -0.02983725 -0.004769696 32.0148 0.02982786 0.9995531 -0.002029939 0.1065036 0.004828132 0.001886743 0.9999866 -0.4266415
0.9994844 -0.03206452 -0.001706522 33.77685 0.03206117 0.9994839 -0.001956831 0.1510348 0.001768386 0.001901109 0.9999966 -0.4344948
0.9994019 -0.0343476 -0.004003393 35.57681 0.03434265 0.9994092 -0.001297817 0.1953646 0.004045605 0.001159553 0.9999911 -0.4797206
0.9993427 -0.03624528 -0.0006895578 37.33183 0.03624457 0.9993424 -0.0009981466 0.2387627 0.0007252825 0.0009724977 0.9999993 -0.4887341
0.9992633 -0.03829981 -0.002418088 39.12699 0.0382965 0.9992654 -0.001399264 0.2886416 0.002469903 0.001305629 0.9999961 -0.5157263
0.9991999 -0.03994415 0.001978945 40.87442 0.03994646 0.9992012 -0.001142967 0.3474004 -0.00193171 0.001221104 0.9999974 -0.548022
0.9991323 -0.04158757 0.002271329 42.68638 0.04159051 0.9991341 -0.001264664 0.3994251 -0.002216767 0.001358032 0.9999966 -0.552228
0.9990373 -0.04360681 0.004798616 44.45364 0.04361273 0.9990479 -0.001134934 0.4548296 -0.004744557 0.001343122 0.9999878 -0.5977063
0.9989719 -0.04526548 0.002489421 46.23776 0.04527244 0.9989707 -0.002814904 0.5155525 -0.00235944 0.002924712 0.999993 -0.630362
0.998892 -0.04697881 0.002792546 48.01969 0.04698737 0.9988906 -0.003086485 0.5870969 -0.002644449 0.00321428 0.9999914 -0.6519621
0.9988435 -0.04807082 -0.0009451715 49.84748 0.04806965 0.9988431 -0.001227123 0.6479587 0.001003067 0.00118027 0.9999988 -0.6917379
0.9987628 -0.04971469 -0.001121792 51.59978 0.04971452 0.9987634 -0.0001760342 0.7248572 0.001129156 0.0001200471 0.9999993 -0.6924403
0.99864 -0.05175859 -0.006261919 53.39862 0.05175404 0.9986596 -0.0008868169 0.8094828 0.006299425 0.0005615312 0.99998 -0.7365065
0.9985629 -0.05349277 -0.003269552 55.18282 0.05348476 0.9985656 -0.002490949 0.893213 0.003398109 0.002312497 0.9999915 -0.7457092
0.9984632 -0.05523513 -0.004509989 56.93919 0.05523435 0.9984734 -0.0002969584 0.9727651 0.004519506 4.739576e-05 0.9999898 -0.7830134
0.9983431 -0.05744075 -0.003403742 58.7347 0.05744104 0.998349 -1.493532e-05 1.058323 0.00339898 -0.0001806039 0.9999942 -0.794754
0.9982538 -0.0588323 -0.005312725 60.51482 0.058831 0.9982679 -0.0004004265 1.147792 0.00532708 8.717435e-05 0.9999858 -0.8374896
0.9981544 -0.06068276 -0.002324188 62.29198 0.06067695 0.9981544 -0.002493046 1.23294 0.002471183 0.00234742 0.9999942 -0.8445261
0.9980694 -0.06200755 -0.003537296 64.07022 0.06200595 0.9980756 -0.0005609171 1.328693 0.00356527 0.0003405007 0.9999936 -0.8971273
0.9979706 -0.06356076 -0.003831264 65.85203 0.06355961 0.997978 -0.0004221577 1.428083 0.003850349 0.0001777873 0.9999925 -0.9246632
0.9978755 -0.06494907 -0.005124227 67.62347 0.0649469 0.9978886 -0.0005890469 1.531222 0.005151665 0.0002549927 0.9999867 -0.9400929
0.9977743 -0.06648174 -0.005160596 69.40056 0.06647754 0.9977875 -0.0009822268 1.627138 0.005214478 0.0006369769 0.9999862 -0.9706733
0.9976887 -0.06779427 -0.004596377 71.17898 0.06780104 0.9976979 0.001331469 1.730536 0.00449553 -0.001640031 0.9999886 -1.009658
0.9975995 -0.06908626 -0.004732926 72.96301 0.06908967 0.9976102 0.0005605404 1.835204 0.00468289 -0.000886191 0.9999886 -1.032202
0.9975296 -0.07015295 -0.003637163 74.71674 0.07014447 0.9975338 -0.002409757 1.947289 0.003797245 0.002148677 0.9999905 -1.052131
0.9974857 -0.07082925 -0.002333785 76.51497 0.07082821 0.9974885 -0.0005265026 2.051832 0.002365215 0.000359881 0.9999971 -1.080672
0.9974452 -0.07143439 -0.0005513384 78.26575 0.07143522 0.9974439 0.001684407 2.161091 0.0004296045 -0.001719488 0.9999985 -1.119954
0.9974084 -0.07192247 -0.001885613 80.02147 0.07192672 0.9974073 0.002286353 2.272623 0.001716284 -0.002416054 0.9999956 -1.143124
0.9973599 -0.07256644 -0.002692577 81.80034 0.07256208 0.9973625 -0.001686336 2.387243 0.002807847 0.001486505 0.9999949 -1.181972
0.9972702 -0.07377724 -0.003026312 83.55981 0.07376585 0.9972687 -0.003713986 2.507754 0.003292054 0.003480608 0.9999885 -1.195053
0.9972369 -0.07410152 -0.005246898 85.34544 0.07409345 0.9972498 -0.001714187 2.621017 0.005359492 0.00132069 0.9999847 -1.23046
0.9971715 -0.07504575 -0.004137417 87.1013 0.07504216 0.9971799 -0.001015904 2.743822 0.004201988 0.0007025498 0.9999909 -1.239006
0.9971004 -0.07603049 -0.003199427 88.87971 0.07602893 0.9971054 -0.000606214 2.85678 0.003236257 0.0003612072 0.9999947 -1.262241
0.9969892 -0.07754079 1.305887e-05 90.66089 0.0775407 0.9969878 -0.001740667 2.979271 0.0001219532 0.001736439 0.9999985 -1.285304
0.9969245 -0.07831354 -0.002923644 92.40786 0.07831367 0.9969287 -6.860096e-05 3.099 0.002920037 -0.0001605713 0.9999957 -1.345258
0.9968216 -0.07959504 -0.003355829 94.19884 0.0795965 0.9968271 0.0003053795 3.224866 0.003320874 -0.0005715211 0.9999943 -1.364301
0.9967145 -0.080769 -0.006050203 95.9548 0.08077618 0.9967318 0.0009526873 3.350352 0.005953482 -0.00143827 0.9999812 -1.386264
0.996632 -0.08189879 -0.004156132 97.73235 0.08189327 0.99664 -0.001481513 3.485735 0.004263502 0.001136164 0.9999903 -1.40667
0.9965582 -0.08286373 -0.002315397 99.5044 0.08286184 0.9965605 -0.0009030683 3.609707 0.002382265 0.000708102 0.9999969 -1.43066
0.9964275 -0.08444206 -0.001352396 101.2443 0.08444144 0.9964284 -0.0005188009 3.74322 0.001391374 0.0004027492 0.9999989 -1.468288
0.9963665 -0.08516553 -0.0007576943 103.0324 0.08516617 0.9963663 0.000865692 3.878869 0.000681214 -0.0009270764 0.9999993 -1.500645
0.996298 -0.08595609 -0.001327788 104.7761 0.08595421 0.9962981 -0.001406989 4.010886 0.001443812 0.001287652 0.9999982 -1.516662
0.9962758 -0.08619744 -0.002100546 106.5131 0.0861987 0.9962779 0.0005154001 4.143548 0.002048301 -0.000694545 0.9999977 -1.580583
0.9962511 -0.08646183 -0.002841558 108.2597 0.08645647 0.9962538 -0.001962039 4.280348 0.003000554 0.001709013 0.999994 -1.57234
0.9961767 -0.08726463 -0.00412305 110.002 0.08726498 0.9961851 -9.422118e-05 4.417696 0.004115544 -0.000265937 0.9999915 -1.642468
0.9960879 -0.08821856 -0.005135589 111.7415 0.08821423 0.9961009 -0.001065824 4.568492 0.005209591 0.0006086224 0.9999862 -1.630273
0.9960399 -0.08878257 -0.004701937 113.4657 0.0887835 0.996051 -1.136864e-05 4.703827 0.004684377 -0.0004061307 0.999989 -1.694788
0.9959428 -0.08993069 -0.003218186 115.1942 0.08993409 0.9959472 0.0009288341 4.847791 0.003121613 -0.00121449 0.9999944 -1.689704
0.9958869 -0.0905583 -0.002895953 116.9047 0.09056445 0.9958886 0.002071519 4.98324 0.002696453 -0.002325269 0.9999937 -1.74568
0.9958673 -0.09081027 -0.0013978 118.6508 0.09081183 0.9958675 0.001097487 5.128713 0.001292361 -0.001219888 0.9999985 -1.767979
0.9957687 -0.09187414 -0.001943982 120.3783 0.0918761 0.99577 0.0009431884 5.26753 0.001849104 -0.001117803 0.9999977 -1.810107
0.9956858 -0.09274081 -0.002995264 122.0974 0.09274358 0.9956897 0.0008018034 5.417141 0.002907994 -0.001076136 0.9999952 -1.849386
0.9956782 -0.09279332 -0.003774359 123.7898 0.09279456 0.9956852 0.000152878 5.56136 0.003743887 -0.0005024573 0.9999928 -1.870763
0.9955561 -0.09401655 -0.00538099 125.4902 0.09401242 0.9955704 -0.001014623 5.706118 0.005452546 0.0005042338 0.999985 -1.913114
0.9954683 -0.09490351 -0.006010609 127.1864 0.09489571 0.9954861 -0.001572371 5.856262 0.006132701 0.0009948647 0.9999807 -1.93124
0.9953327 -0.09625194 -0.006955528 128.883 0.09624182 0.9953563 -0.00177665 6.006416 0.007094235 0.001098945 0.9999743 -1.950132
0.9952034 -0.09763317 -0.006155341 130.5785 0.09763019 0.9952224 -0.0007825378 6.15348 0.006202336 0.0001778371 0.9999807 -1.98186
0.9950538 -0.09916598 -0.005841136 132.2457 0.09916713 0.9950708 -9.429273e-05 6.309744 0.005821695 -0.0004854223 0.999983 -2.010185
0.9948692 -0.101058 -0.004757761 133.9363 0.1010532 0.9948803 -0.001252238 6.466636 0.004859951 0.0007650258 0.9999879 -2.038001
0.9946374 -0.1033405 -0.004135583 135.6245 0.1033408 0.9946461 -0.0001552948 6.62282 0.004129489 -0.0002729123 0.9999914 -2.059304
0.9944795 -0.104818 -0.00486453 137.3005 0.1048295 0.9944878 0.002191704 6.777293 0.004607986 -0.002689551 0.9999858 -2.094985
0.9943908 -0.1056238 -0.005522401 138.9889 0.1056413 0.9943997 0.002983839 6.941651 0.00517631 -0.003550496 0.9999803 -2.110457
0.9941573 -0.1078373 -0.004721455 140.6915 0.10784 0.9941684 0.0003205358 7.12452 0.004659354 -0.0008278247 0.9999888 -2.151595
0.9938768 -0.1104655 -0.002501195 142.3926 0.1104655 0.9938799 -0.0001145652 7.285945 0.002498543 -0.000162432 0.9999968 -2.169472
0.9936466 -0.1125335 -0.00164108 144.0644 0.1125347 0.9936475 0.0006446681 7.462232 0.001558108 -0.0008252508 0.9999985 -2.198092
0.9934547 -0.1141961 -0.00265988 145.7444 0.1141993 0.9934572 0.001111582 7.63519 0.002515538 -0.001408063 0.9999958 -2.23086
0.9931661 -0.1166911 -0.002054511 147.4571 0.1166945 0.9931666 0.001567091 7.82658 0.001857606 -0.001796131 0.9999967 -2.256394
0.9928495 -0.1193358 -0.002957702 149.1688 0.1193386 0.9928533 0.0007639904 8.013407 0.002845393 -0.001111495 0.9999954 -2.281882
0.992456 -0.1226009 -0.0003682251 150.8501 0.1226009 0.9924561 -0.0001123078 8.208163 0.0003792163 6.631585e-05 0.9999999 -2.312577
0.9921989 -0.1246594 0.001133389 152.5363 0.1246602 0.9921993 -0.0006581641 8.397198 -0.001042501 0.0007943182 0.9999992 -2.341315
0.9917817 -0.127865 0.004424376 154.2587 0.1278763 0.9917873 -0.002367112 8.600473 -0.004085369 0.002913431 0.9999874 -2.355231
0.9913563 -0.1309919 0.007335969 155.9343 0.1310115 0.9913784 -0.002248374 8.803291 -0.006978202 0.003190036 0.9999706 -2.377887
0.9911112 -0.1326755 0.009785984 157.6367 0.132695 0.9911561 -0.001363426 9.001624 -0.009518543 0.002649857 0.9999512 -2.405002
0.9907641 -0.1351831 0.01058492 159.3292 0.1351856 0.9908203 0.0004831126 9.208767 -0.01055306 0.0009522779 0.9999439 -2.436509
0.9903211 -0.1381655 0.01320751 161.0211 0.1381634 0.9904087 0.001074541 9.432559 -0.0132293 0.0007606541 0.9999122 -2.463424
0.9898962 -0.1410646 0.0143602 162.7177 0.1410586 0.9900002 0.001436116 9.653368 -0.01441918 0.000604024 0.9998959 -2.494097
0.989586 -0.1430705 0.01582315 164.4124 0.1430696 0.9897118 0.00119895 9.872011 -0.01583189 0.001077347 0.9998741 -2.532112
0.9893752 -0.1444317 0.01662167 166.0787 0.144424 0.9895145 0.001669878 10.09894 -0.01668857 0.0007484328 0.9998605 -2.562031
0.9892282 -0.1453544 0.01730792 167.772 0.1453453 0.9893793 0.001788728 10.31904 -0.0173841 0.0007461644 0.9998486 -2.602829
0.9892166 -0.145267 0.01865766 169.4337 0.1452585 0.9893919 0.001815796 10.54988 -0.01872351 0.0009139687 0.9998243 -2.631933
0.9893177 -0.1446169 0.01834167 171.1141 0.1446412 0.9894843 2.846355e-06 10.77443 -0.0181492 0.002650145 0.9998318 -2.665879
0.9892403 -0.1449919 0.01951572 172.7739 0.1450384 0.9894257 -0.0009817433 11.00073 -0.01916701 0.00380171 0.9998091 -2.68019
0.9893555 -0.1441734 0.01974044 174.4307 0.1442311 0.9895428 -0.001526751 11.22916 -0.0193139 0.004357685 0.999804 -2.716683
0.9894084 -0.143666 0.02076414 176.0965 0.1437148 0.9896188 -0.0008739459 11.45377 -0.02042303 0.003848804 0.999784 -2.747979
0.989459 -0.143495 0.01949607 177.7531 0.1435125 0.9896485 0.0005024489 11.67783 -0.01936635 0.002300778 0.9998098 -2.7684
0.9895358 -0.1429234 0.01979285 179.3989 0.1429646 0.9897275 -0.0006750113 11.90108 -0.01949305 0.003497625 0.9998039 -2.809241
0.9894801 -0.1432836 0.01997238 181.0544 0.1433088 0.989678 0.000172746 12.11943 -0.01979097 0.002691288 0.9998005 -2.828881
0.9894269 -0.1437434 0.0192932 182.6947 0.1437616 0.9896125 0.0004519196 12.3501 -0.01915775 0.002326479 0.9998138 -2.848595
0.9893526 -0.1440665 0.02064422 184.3292 0.1440921 0.9895642 0.0002465063 12.56835 -0.02046429 0.002730788 0.9997869 -2.895758
0.9893797 -0.1437159 0.02176197 185.9703 0.143727 0.9896168 0.001063766 12.78926 -0.02168889 0.002075313 0.9997626 -2.914246
0.9893374 -0.1436487 0.02400919 187.5864 0.1436374 0.9896281 0.002200316 13.00562 -0.02407624 0.001271763 0.9997093 -2.959869
0.9894208 -0.1429249 0.02487791 189.1941 0.1429103 0.9897327 0.002371464 13.21981 -0.02496142 0.001208933 0.9996877 -2.989582
0.9894406 -0.1426228 0.0258082 190.8032 0.142575 0.9897771 0.003695213 13.43056 -0.02607139 2.340914e-05 0.9996601 -3.019407
0.9895272 -0.1414762 0.02864226 192.4107 0.1414838 0.989939 0.001771657 13.64044 -0.02860474 0.002299314 0.9995881 -3.06786
0.9895426 -0.140844 0.03111861 193.9965 0.1408675 0.9900274 0.001448747 13.84783 -0.03101233 0.002950002 0.9995146 -3.099307
0.9895569 -0.1403052 0.03303858 195.6043 0.1403682 0.9900994 0.0004148284 14.05141 -0.03276968 0.004227071 0.999454 -3.113281
0.9897279 -0.1383522 0.03602037 197.2005 0.1384252 0.9903727 0.0004731675 14.25901 -0.03573906 0.004517819 0.999351 -3.152888
0.9900618 -0.1358064 0.03652819 198.7751 0.1358668 0.9907267 0.0008355905 14.44877 -0.03630293 0.004135681 0.9993322 -3.17127
0.9902083 -0.1339298 0.03937288 200.3514 0.1340332 0.9909769 1.326948e-05 14.64834 -0.03901939 0.005264134 0.9992246 -3.201486
0.9904487 -0.1320799 0.0395777 201.9558 0.1322559 0.9912139 -0.001850995 14.85005 -0.03898549 0.007067699 0.9992148 -3.22508
0.9906418 -0.1297574 0.04232986 203.5211 0.1298855 0.9915291 -0.0002761809 15.03583 -0.04193545 0.00577163 0.9991037 -3.240957
0.9908181 -0.1283347 0.04254066 205.107 0.1284416 0.9917172 0.0002212389 15.22468 -0.04221669 0.005244784 0.9990947 -3.277319
0.9910365 -0.1256782 0.04529605 206.6552 0.1258329 0.9920512 -0.00056885 15.39874 -0.04486451 0.006263486 0.9989734 -3.290887
0.9912387 -0.1239606 0.04560309 208.2358 0.1241229 0.9922665 -0.0007343732 15.59363 -0.04515938 0.006388328 0.9989594 -3.331004
0.9914166 -0.121828 0.0474456 209.7963 0.1219764 0.992533 -0.0002353922 15.75468 -0.04706265 0.006020617 0.9988738 -3.35805
0.9917662 -0.1201711 0.04425659 211.3506 0.120152 0.9927506 0.0031013 15.92792 -0.04430845 0.002241752 0.9990154 -3.382679
0.9920972 -0.1171514 0.04493045 212.8864 0.1171077 0.9931126 0.003612972 16.08905 -0.04504426 0.001677283 0.9989836 -3.418228
0.9923624 -0.1157305 0.04270117 214.434 0.1156978 0.9932792 0.003246209 16.25468 -0.04278987 0.001719014 0.9990826 -3.444455
0.9924011 -0.1145966 0.04480644 215.9908 0.1147307 0.9933966 -0.0004236132 16.41557 -0.04446201 0.005561066 0.9989956 -3.461825
0.9924216 -0.1134719 0.04715471 217.5362 0.1136376 0.9935219 -0.0008385538 16.57335 -0.04675408 0.006190744 0.9988872 -3.49411
0.9923938 -0.1132175 0.04833543 219.0932 0.1132863 0.9935616 0.001321156 16.73674 -0.04817379 0.004164636 0.9988303 -3.514338
0.9925703 -0.1123181 0.04678515 220.6384 0.1123959 0.9936631 0.0009733435 16.89511 -0.046598 0.004292346 0.9989045 -3.559687
0.9926562 -0.111637 0.0465932 222.1883 0.1116737 0.9937433 0.001821933 17.05316 -0.04650508 0.003394684 0.9989123 -3.574407
0.9927587 -0.1112339 0.04535617 223.7284 0.1112702 0.9937887 0.001729699 17.20974 -0.04526686 0.003329619 0.9989694 -3.6119
0.9927348 -0.1103782 0.04789718 225.286 0.1104588 0.9938802 0.0009701377 17.35961 -0.04771114 0.004327575 0.9988518 -3.621716
0.992795 -0.109324 0.04905522 226.8105 0.1093581 0.9940006 0.001996 17.51071 -0.04897912 0.003382968 0.9987941 -3.660223
0.9927077 -0.109261 0.05092504 228.3539 0.1092728 0.9940085 0.00256107 17.66516 -0.05089974 0.003022327 0.9986992 -3.702328
0.9928021 -0.1085558 0.05059167 229.8621 0.1084284 0.9940903 0.005264468 17.81287 -0.05086418 0.0002589973 0.9987056 -3.709967
0.9929517 -0.108482 0.0477342 231.4157 0.1084462 0.9940966 0.003348507 17.96254 -0.04781566 0.001851685 0.9988545 -3.767225
0.9928405 -0.1087412 0.04942864 232.9264 0.1086325 0.9940701 0.004887833 18.11534 -0.04966703 0.0005167171 0.9987657 -3.794152
0.9930235 -0.1083201 0.04659421 234.4499 0.1081304 0.994115 0.006580413 18.26716 -0.04703279 -0.001496256 0.9988922 -3.821222
0.9932047 -0.1068043 0.0462322 235.9682 0.1065506 0.9942758 0.007924011 18.41038 -0.04681388 -0.002944094 0.9988993 -3.866243
0.9933541 -0.1047677 0.04765947 237.4608 0.1045312 0.994494 0.007433817 18.54945 -0.04817587 -0.002402509 0.998836 -3.884388
0.9934178 -0.1030437 0.05003123 238.9857 0.1027339 0.9946705 0.008732096 18.68438 -0.05066438 -0.003534717 0.9987095 -3.94812
0.9934426 -0.1015229 0.05258272 240.5128 0.1011453 0.9948235 0.009801454 18.82367 -0.05330559 -0.00441869 0.9985685 -3.967364
0.993565 -0.09976862 0.05361776 242.0143 0.09934588 0.9949977 0.01049933 18.95909 -0.05439705 -0.005105066 0.9985063 -4.021609
0.9937937 -0.09802524 0.05258544 243.5179 0.09770683 0.9951782 0.008598137 19.08011 -0.05317471 -0.003406818 0.9985794 -4.062346
0.994102 -0.09597833 0.05049181 245.0267 0.09572988 0.9953804 0.0073216 19.20963 -0.05096127 -0.002444842 0.9986976 -4.100606
0.9942113 -0.09412622 0.05180843 246.524 0.09394892 0.9955599 0.005852652 19.3371 -0.05212928 -0.0009514273 0.9986399 -4.130231
0.9943781 -0.09231 0.05187546 248.0076 0.09221079 0.9957302 0.004307873 19.45628 -0.05205162 0.0004998229 0.9986443 -4.175898
0.994378 -0.09114084 0.05390552 249.5176 0.09106831 0.9958373 0.00380531 19.5755 -0.05402795 0.001125169 0.9985388 -4.189595
0.9944116 -0.09102458 0.05347962 250.985 0.09081458 0.9958476 0.006348826 19.70107 -0.05383545 -0.001456617 0.9985487 -4.234775
0.9945447 -0.08964226 0.05333932 252.4644 0.0894208 0.9959724 0.006528754 19.81425 -0.05370975 -0.001723493 0.9985551 -4.26618
0.9945877 -0.0894205 0.05290782 253.9524 0.08916543 0.9959911 0.007166509 19.93109 -0.05333655 -0.002410173 0.9985737 -4.309368
0.994671 -0.08838965 0.05307441 255.4174 0.08834688 0.9960847 0.00315606 20.04635 -0.05314558 0.001549718 0.9985856 -4.333426
0.9947496 -0.08754434 0.05300192 256.8953 0.08752421 0.9961586 0.002705396 20.15501 -0.05303516 0.001947759 0.9985908 -4.378351
0.9947532 -0.08788442 0.05236834 258.368 0.08780671 0.9961303 0.003787172 20.27016 -0.05249853 0.0008309904 0.9986206 -4.394953
0.9945959 -0.08839843 0.05444979 259.853 0.08809251 0.9960803 0.007997893 20.38248 -0.05494336 -0.003158053 0.9984845 -4.436408
0.9944977 -0.08957096 0.05432767 261.3086 0.08920059 0.9959711 0.009209029 20.4892 -0.05493364 -0.004312298 0.9984807 -4.453897
0.9942925 -0.09092008 0.05582122 262.7831 0.0904852 0.9958447 0.01027451 20.60907 -0.05652343 -0.005164876 0.9983879 -4.496148
0.9941726 -0.09328457 0.05402693 264.2651 0.09286917 0.9956266 0.01015437 20.73262 -0.05473789 -0.005077758 0.9984878 -4.527187
0.9939463 -0.09584755 0.05370332 265.7691 0.09548128 0.9953872 0.009350735 20.85934 -0.05435185 -0.004166466 0.9985132 -4.568017
0.9937964 -0.09800334 0.05257398 267.2748 0.09763698 0.9951769 0.009498376 20.99839 -0.05325127 -0.004306288 0.9985719 -4.601231
0.9936205 -0.0995628 0.05296725 268.7785 0.09917409 0.9950206 0.009923732 21.12974 -0.05369154 -0.004607445 0.998547 -4.632063
0.9935098 -0.1013348 0.05166702 270.2944 0.1009642 0.9948424 0.009739745 21.26261 -0.05238752 -0.004460012 0.9986169 -4.66655
0.9934854 -0.1021536 0.05051132 271.784 0.101754 0.994755 0.01042726 21.39949 -0.05131156 -0.005219605 0.998669 -4.703159
0.9936015 -0.1026663 0.04707111 273.3047 0.1023108 0.9947032 0.00990706 21.54364 -0.0478389 -0.005027791 0.9988424 -4.73492
0.9938005 -0.1016125 0.04511542 274.8622 0.101207 0.9948026 0.01118783 21.67689 -0.04601775 -0.006552469 0.9989191 -4.787585
0.9940713 -0.0998937 0.04293571 276.3771 0.09951153 0.994976 0.01095335 21.82355 -0.04381418 -0.006615815 0.9990178 -4.799502
0.9941788 -0.09852218 0.04361027 277.9534 0.09811164 0.9951094 0.01146147 21.96643 -0.0445262 -0.007116074 0.9989828 -4.852245
0.9943804 -0.09691819 0.04259589 279.4684 0.09651233 0.9952655 0.01148827 22.09424 -0.04350764 -0.007312686 0.9990264 -4.87631
0.9944237 -0.0955643 0.04459751 281.0383 0.09515134 0.9953988 0.01129722 22.23132 -0.04547192 -0.006990708 0.9989412 -4.912498
0.9947076 -0.09388844 0.04173447 282.5955 0.09349065 0.995555 0.0113873 22.34868 -0.0426181 -0.007425248 0.9990638 -4.975049
0.9948727 -0.09084494 0.04444731 284.1628 0.09041525 0.9958369 0.01158837 22.47179 -0.04531501 -0.007510241 0.9989445 -5.018702
0.9950868 -0.08856101 0.04426273 285.7317 0.08809283 0.9960347 0.01242197 22.59731 -0.04518732 -0.008461706 0.9989427 -5.036245
0.995131 -0.08711469 0.04610259 287.3238 0.08663496 0.9961641 0.01230712 22.72359 -0.04699787 -0.008253105 0.9988609 -5.074953
0.9952973 -0.08627532 0.04404435 288.8968 0.08580458 0.9962338 0.0124723 22.84368 -0.04495452 -0.008634442 0.9989517 -5.128203
0.9953423 -0.08481231 0.04583199 290.483 0.08435766 0.9963659 0.01176827 22.95989 -0.04666353 -0.007847177 0.9988798 -5.165807
0.9955679 -0.08373211 0.04281981 292.092 0.08326922 0.9964488 0.01248518 23.07414 -0.04371317 -0.008864273 0.9990048 -5.227583
0.9956502 -0.08293141 0.04246187 293.7084 0.08250511 0.9965221 0.01169876 23.19269 -0.04328438 -0.008144555 0.9990296 -5.250445
0.9956948 -0.08291531 0.04143487 295.299 0.08253212 0.996529 0.01087783 23.30589 -0.04219299 -0.007411288 0.999082 -5.29191
0.9958189 -0.08178163 0.04070003 296.9231 0.08141449 0.9966241 0.01060028 23.42659 -0.04142953 -0.007242388 0.9991152 -5.331122
0.9958616 -0.08142558 0.04036786 298.5611 0.08101488 0.9966441 0.01171024 23.5408 -0.0411859 -0.008391384 0.9991162 -5.372524
0.9958976 -0.08081548 0.0407042 300.16 0.08044322 0.9967016 0.01070469 23.66225 -0.04143505 -0.007386395 0.9991139 -5.408325
0.9960752 -0.07943299 0.03904517 301.8134 0.07905319 0.9968078 0.01117913 23.76128 -0.03980852 -0.008048608 0.9991749 -5.466324
0.9961463 -0.07852092 0.03907753 303.4196 0.07825153 0.9968984 0.008378201 23.8748 -0.0396142 -0.005288037 0.9992011 -5.497488
0.9963803 -0.07634532 0.03738595 305.0653 0.07600703 0.9970533 0.01038983 23.99005 -0.038069 -0.007510627 0.9992469 -5.542737
0.9964734 -0.07444849 0.03870613 306.6655 0.07410813 0.9971986 0.01015684 24.08367 -0.03935385 -0.007252581 0.999199 -5.581141
0.9966343 -0.07191911 0.03934035 308.313 0.0716055 0.9973894 0.009325426 24.18 -0.03990832 -0.006477054 0.9991823 -5.621016
0.9967692 -0.06992888 0.03950934 309.9237 0.06967551 0.9975396 0.007755325 24.27447 -0.03995446 -0.004977436 0.9991891 -5.663764
0.9969371 -0.06683709 0.0406104 311.5379 0.06647983 0.9977369 0.01008637 24.36039 -0.04119264 -0.007355706 0.9991242 -5.69064
0.9973349 -0.06273984 0.03724034 313.1389 0.06234187 0.9979857 0.01175448 24.44771 -0.0379028 -0.009401517 0.9992372 -5.746346
0.9974585 -0.05930436 0.03949067 314.7615 0.0588799 0.9981952 0.01182706 24.5207 -0.04012078 -0.0094718 0.9991499 -5.790484
0.9977042 -0.05598211 0.03810958 316.3972 0.05560621 0.9983938 0.01085413 24.59725 -0.03865601 -0.008710084 0.9992146 -5.833522
0.9976748 -0.05278115 0.04311736 318.0303 0.05246564 0.9985871 0.00841733 24.66968 -0.04350072 -0.006135578 0.9990346 -5.877871
0.9977491 -0.05041321 0.04421728 319.653 0.0500346 0.998701 0.009628498 24.73113 -0.04464525 -0.007394431 0.9989755 -5.912952
0.9976293 -0.0488093 0.04851224 321.2487 0.0484123 0.9987838 0.009325924 24.79145 -0.04890844 -0.006955226 0.9987791 -5.954222
0.9977599 -0.04704582 0.04755856 322.8202 0.04657406 0.9988545 0.01098015 24.84461 -0.04802065 -0.008740563 0.9988081 -6.008165
0.9977517 -0.04638775 0.04837027 324.4031 0.04596646 0.998895 0.009786696 24.89712 -0.0487708 -0.007541283 0.9987815 -6.040147
0.9977673 -0.04614632 0.04828069 326.0187 0.04573197 0.998907 0.009652463 24.95839 -0.04867335 -0.00742294 0.9987872 -6.080863
0.9976901 -0.0455572 0.05038737 327.6285 0.04507542 0.9989268 0.01065758 25.01298 -0.05081882 -0.00836173 0.9986729 -6.117611
0.9976676 -0.04504257 0.05128927 329.223 0.04456583 0.9989524 0.01040175 25.0619 -0.05170406 -0.008091741 0.9986297 -6.15567
0.9976694 -0.04448025 0.05174249 330.8169 0.04411788 0.9989934 0.008125195 25.11466 -0.05205181 -0.00582349 0.9986274 -6.190159
0.9977338 -0.0445136 0.05045497 332.4407 0.04411579 0.9989862 0.008971348 25.16828 -0.05080317 -0.006725157 0.998686 -6.248065
0.9977646 -0.04330773 0.05089432 334.0287 0.04286889 0.9990338 0.009683304 25.22097 -0.05126451 -0.007479875 0.9986571 -6.280254
0.9978546 -0.04299515 0.0493724 335.6357 0.04246312 0.9990287 0.011775 25.26639 -0.04983071 -0.009653228 0.998711 -6.331009
0.9978734 -0.04234222 0.0495574 337.2073 0.04189754 0.9990721 0.00997835 25.31471 -0.04993392 -0.007880798 0.9987214 -6.360796
0.9978634 -0.04177769 0.05023281 338.8137 0.04126079 0.9990847 0.01128392 25.36711 -0.05065825 -0.009187168 0.9986738 -6.418735
0.9979288 -0.04094869 0.04961175 340.4239 0.04040585 0.9991126 0.01189624 25.40841 -0.05005486 -0.009867 0.9986978 -6.443102
0.9979754 -0.03922788 0.05006273 342.0123 0.03860251 0.9991648 0.01339833 25.45625 -0.0505465 -0.01143865 0.9986562 -6.493801
0.9980541 -0.03774232 0.04963297 343.6111 0.03715095 0.999228 0.01278417 25.49374 -0.05007715 -0.01091539 0.9986857 -6.53648
0.9981022 -0.03589816 0.05003289 345.2185 0.03531499 0.9992982 0.01249174 25.53801 -0.0504462 -0.01070112 0.9986694 -6.5748
0.998123 -0.03409855 0.05086966 346.8415 0.03356058 0.9993718 0.01139261 25.57262 -0.05122617 -0.009664017 0.9986403 -6.612733
0.9982553 -0.03290123 0.04902897 348.4418 0.03237849 0.9994104 0.01141842 25.61353 -0.04937575 -0.00981102 0.9987321 -6.654232
0.9982445 -0.03060778 0.05070516 350.037 0.03009215 0.9994876 0.01090181 25.63716 -0.05101286 -0.009356846 0.9986542 -6.686576
0.9983894 -0.02939528 0.048524 351.6586 0.02880912 0.9995037 0.01273545 25.67099 -0.04887428 -0.01131701 0.9987409 -6.745923
0.9983895 -0.02767951 0.0495207 353.2532 0.02718157 0.9995732 0.01070062 25.69037 -0.04979575 -0.009337334 0.9987158 -6.769224
0.998372 -0.02723715 0.05011415 354.8936 0.02667413 0.9995736 0.01186958 25.71758 -0.05041607 -0.0105135 0.998673 -6.824155
0.9984052 -0.02594474 0.05013935 356.4928 0.02528965 0.9995868 0.01365596 25.74743 -0.05047293 -0.01236618 0.9986489 -6.860483
0.9984751 -0.02427941 0.04957793 358.1478 0.02361511 0.9996239 0.01394111 25.76781 -0.04989777 -0.01274906 0.998673 -6.908643
0.9984885 -0.0238119 0.0495357 359.7743 0.0231749 0.9996417 0.01339424 25.79353 -0.04983689 -0.01222601 0.9986826 -6.945984
0.9985301 -0.02276994 0.04918349 361.3967 0.022158 0.9996706 0.01295162 25.80992 -0.0494622 -0.01184277 0.9987058 -6.999666
0.9984963 -0.02209552 0.05016907 363.0428 0.02146364 0.9996839 0.01309915 25.82796 -0.05044264 -0.01200264 0.9986548 -7.029576
0.9985735 -0.0224046 0.04846579 364.6829 0.02173702 0.999662 0.01425791 25.85287 -0.04876886 -0.01318407 0.9987231 -7.089676
0.9985512 -0.02234633 0.04894995 366.3075 0.02172553 0.9996771 0.01317789 25.86205 -0.04922862 -0.01209534 0.9987143 -7.136267
0.9985808 -0.02252187 0.04826217 367.9439 0.02187122 0.9996632 0.01396754 25.87679 -0.04856049 -0.01289217 0.998737 -7.175199
0.9986707 -0.02274928 0.04625228 369.5734 0.0221251 0.9996576 0.01396276 25.8942 -0.04655409 -0.01292086 0.9988322 -7.232938
0.9987094 -0.02239989 0.04558338 371.186 0.02176491 0.9996598 0.01437921 25.91173 -0.04588997 -0.01336853 0.998857 -7.269316
0.9987886 -0.02241047 0.04380737 372.8351 0.02174369 0.9996412 0.01563861 25.93427 -0.04414212 -0.01466713 0.9989176 -7.323438
0.9988505 -0.02181191 0.04268389 374.4839 0.02114055 0.9996465 0.01611748 25.95195 -0.04302036 -0.01519659 0.9989586 -7.381228
0.9988805 -0.02176382 0.04200106 376.1148 0.02110555 0.9996485 0.01605306 25.975 -0.04233567 -0.01514863 0.9989886 -7.419293
0.9989213 -0.02117048 0.04132804 377.7304 0.02055541 0.9996723 0.01525123 25.9866 -0.04163738 -0.01438527 0.9990292 -7.474399
0.9990099 -0.02024513 0.03961495 379.3693 0.01957484 0.9996599 0.0172356 26.00206 -0.03995042 -0.01644308 0.9990664 -7.53404
0.9991851 -0.01891897 0.03565239 380.9897 0.01836544 0.9997067 0.01578977 26.01903 -0.03594066 -0.01512214 0.9992395 -7.575275
0.9992434 -0.01735199 0.03480738 382.6013 0.01686822 0.9997576 0.01414439 26.02739 -0.03504438 -0.01354655 0.9992939 -7.629144
0.9994171 -0.01583741 0.03024118 384.2152 0.01536405 0.9997569 0.01582155 26.03962 -0.0304844 -0.0153477 0.9994174 -7.679428
0.999395 -0.01535283 0.03120692 385.8551 0.01482868 0.9997463 0.01695871 26.0506 -0.03145936 -0.0164857 0.9993691 -7.734241
0.9994619 -0.01583215 0.0287269 387.4794 0.01528318 0.9996983 0.01922997 26.05899 -0.02902268 -0.01878058 0.9994023 -7.779798
0.9994425 -0.01541732 0.02961327 389.097 0.01489791 0.9997326 0.0176812 26.07093 -0.02987795 -0.01723017 0.999405 -7.843152
0.9995075 -0.01426382 0.02795059 390.7401 0.01378108 0.9997537 0.01738826 26.07392 -0.02819173 -0.01699451 0.9994581 -7.890298
0.9995309 -0.01332177 0.02757928 392.3728 0.012865 0.999778 0.016674 26.08079 -0.02779529 -0.01631137 0.9994805 -7.942821
0.9996397 -0.01244481 0.02378283 393.9877 0.01205581 0.9997922 0.01643019 26.08232 -0.02398236 -0.01613755 0.9995821 -8.003364
0.9996577 -0.0116233 0.02344052 395.6138 0.01122958 0.9997947 0.01685877 26.08843 -0.02363166 -0.01658977 0.9995831 -8.035799
0.999706 -0.01070644 0.02175691 397.2286 0.01035697 0.9998165 0.01611212 26.09122 -0.02192543 -0.01588205 0.9996334 -8.103665
0.9996966 -0.01016139 0.02243647 398.857 0.00983214 0.9998431 0.01473654 26.1025 -0.02258269 -0.01451147 0.9996396 -8.139344
0.999723 -0.009366815 0.02159075 400.499 0.009002185 0.9998162 0.01692399 26.0971 -0.0217453 -0.01672494 0.9996237 -8.192439
0.9997245 -0.008844529 0.02174252 402.1249 0.008464792 0.9998111 0.01749567 26.09154 -0.02189315 -0.0173068 0.9996105 -8.247093
0.9997254 -0.01031526 0.0210411 403.7512 0.009924173 0.9997776 0.01860711 26.10032 -0.02122835 -0.01839318 0.9996054 -8.305392
0.9997521 -0.01094509 0.01938983 405.3544 0.0106138 0.9997973 0.01710701 26.10226 -0.01957313 -0.01689697 0.9996656 -8.349095
0.9997827 -0.01114729 0.0176153 406.9873 0.01082905 0.9997783 0.01805939 26.09656 -0.0178127 -0.01786471 0.9996817 -8.411736
0.9998419 -0.01156497 0.0135042 408.5966 0.01134116 0.999799 0.01653379 26.09487 -0.0136927 -0.01637802 0.9997721 -8.467605
0.9998763 -0.01130662 0.01093033 410.2249 0.01112845 0.9998064 0.01622606 26.10564 -0.01111168 -0.01610241 0.9998086 -8.511045
0.9998927 -0.01125089 0.009389026 411.8143 0.011087 0.9997884 0.01732908 26.10953 -0.009582007 -0.01722312 0.9998057 -8.569828
0.9999014 -0.01160549 0.007911428 413.4642 0.01146686 0.9997836 0.01734793 26.12227 -0.008111048 -0.0172555 0.9998182 -8.595937
0.9998968 -0.01232614 0.007386232 415.0799 0.01217331 0.9997181 0.02039174 26.12271 -0.007635501 -0.02029972 0.9997648 -8.6708
0.9998795 -0.01359291 0.00749374 416.6904 0.01342983 0.9996809 0.02139912 26.13945 -0.007782225 -0.02129591 0.9997429 -8.711895
0.9998863 -0.01438536 0.004508425 418.2793 0.01428375 0.9996599 0.02181306 26.13649 -0.004820681 -0.02174618 0.9997519 -8.791249
0.9998903 -0.01444935 0.00325444 419.9057 0.01438362 0.9997084 0.01938742 26.15181 -0.003533627 -0.01933848 0.9998068 -8.842099
0.9998813 -0.01517088 0.002687662 421.4995 0.01511661 0.999702 0.0191741 26.1588 -0.002977748 -0.0191312 0.9998125 -8.902859
0.9998739 -0.01559 0.003012984 423.106 0.01552948 0.9996958 0.01916251 26.17018 -0.003310811 -0.0191133 0.9998118 -8.939418
0.9998878 -0.01497957 0.0003114319 424.6936 0.01497024 0.9996845 0.02017686 26.17339 -0.0006135743 -0.02016993 0.9997964 -9.00689
0.9998931 -0.01451833 -0.001744253 426.2947 0.01454562 0.9997529 0.01681455 26.1827 0.001499703 -0.01683813 0.9998571 -9.057451
0.999889 -0.0148074 -0.001686642 427.9025 0.01483343 0.9997516 0.01663518 26.20016 0.001439899 -0.01665835 0.9998602 -9.105709
0.9998721 -0.01538032 -0.0043824 429.5208 0.01545561 0.9997239 0.01769997 26.21597 0.004108959 -0.01776544 0.9998338 -9.145282
0.999857 -0.01639843 -0.004135611 431.1263 0.01647037 0.9997023 0.01800402 26.22542 0.003839141 -0.01806956 0.9998294 -9.218994
0.9998332 -0.0176783 -0.004582837 432.7309 0.01775397 0.9996972 0.01703358 26.23806 0.004280325 -0.0171121 0.9998444 -9.246081
0.9998109 -0.01892996 -0.004459419 434.3479 0.01899764 0.999697 0.01565813 26.25484 0.004161659 -0.01573988 0.9998674 -9.313993
0.9997878 -0.0204691 -0.002322762 435.9443 0.02050904 0.9996144 0.01871824 26.27293 0.001938721 -0.0187619 0.9998221 -9.354289
0.9997597 -0.02166848 -0.00331668 437.5511 0.02173415 0.9995379 0.02124381 26.29194 0.002854827 -0.02131079 0.9997689 -9.402363
0.9997289 -0.02326153 -0.001004989 439.162 0.02327816 0.9994802 0.0222996 26.30353 0.0004857442 -0.02231695 0.9997509 -9.470053
0.9996969 -0.02461908 -0.0002338001 440.7595 0.02461823 0.9994524 0.02211528 26.33585 -0.0003107858 -0.02211434 0.9997554 -9.523973
0.9996574 -0.02613788 0.001382244 442.3734 0.02610163 0.9994223 0.02176773 26.35708 -0.001950408 -0.02172419 0.9997621 -9.598278
0.9996214 -0.02751548 -8.822384e-05 443.9636 0.02751121 0.9993985 0.02111601 26.38998 -0.0004928464 -0.02111044 0.999777 -9.652244
0.9995812 -0.02888368 0.001758729 445.5714 0.02884413 0.999395 0.01942388 26.42635 -0.002318698 -0.01936502 0.9998098 -9.698627
0.9995515 -0.02991297 0.001433489 447.1915 0.0298789 0.9993585 0.01973917 26.45238 -0.002023027 -0.01968748 0.9998041 -9.758933
0.9995221 -0.03087327 0.001501645 448.8065 0.03083769 0.9993298 0.01972702 26.48809 -0.002109676 -0.01967128 0.9998043 -9.809294
0.9994754 -0.03235882 -0.001321107 450.4245 0.03237773 0.9993047 0.01849118 26.52638 0.0007218361 -0.01852425 0.9998282 -9.882536
0.9994565 -0.03293932 -0.001278335 452.0207 0.03295479 0.9993446 0.01497753 26.56749 0.0007841481 -0.01501152 0.999887 -9.913812
0.9994116 -0.03414623 -0.00323896 453.6429 0.03419691 0.9992679 0.01715502 26.61064 0.002650809 -0.01725569 0.9998476 -9.973946
0.9994133 -0.03388059 -0.005023671 455.2454 0.03396296 0.9992727 0.01733535 26.64957 0.004432685 -0.0174958 0.9998371 -10.00873
0.9993831 -0.03452649 -0.006427207 456.8497 0.03464582 0.9992098 0.01948678 26.70917 0.005749317 -0.01969743 0.9997895 -10.07473
0.9993886 -0.03463195 -0.004795888 458.4869 0.03470644 0.9992623 0.01643465 26.74732 0.004223187 -0.01659105 0.9998534 -10.10396
0.9993538 -0.03528337 -0.006869656 460.0759 0.03540893 0.9991903 0.01910562 26.79105 0.006189982 -0.01933653 0.9997939 -10.19634
0.9993261 -0.03577432 -0.008218633 461.7003 0.03590362 0.9992245 0.01616327 26.83695 0.007634029 -0.01644746 0.9998356 -10.2032
0.9992995 -0.03626992 -0.009225979 463.3247 0.03642189 0.999194 0.01687447 26.88801 0.008606508 -0.01719868 0.999815 -10.29425
0.9992698 -0.03641011 -0.011587 464.9224 0.03656747 0.9992378 0.01367175 26.93711 0.01108038 -0.01408547 0.9998394 -10.29382
0.9992411 -0.03656296 -0.01342764 466.5649 0.03680818 0.9991511 0.01849323 26.98351 0.01274008 -0.01897344 0.9997388 -10.38377
0.9992808 -0.03646932 -0.01039368 468.1787 0.03666206 0.9991472 0.01899925 27.03449 0.009691929 -0.01936664 0.9997655 -10.40284
0.9992685 -0.03644083 -0.01159632 469.8092 0.0366733 0.9991168 0.02050901 27.08727 0.01083872 -0.02091928 0.9997224 -10.47897
0.9992381 -0.03697024 -0.01250718 471.4663 0.03715417 0.9991999 0.01480823 27.13777 0.01194971 -0.01526164 0.9998121 -10.52104
0.9992317 -0.0377928 -0.01038173 473.0896 0.03796086 0.9991431 0.0164989 27.1822 0.009749291 -0.01688032 0.99981 -10.5777
0.9991754 -0.03844316 -0.01306445 474.7256 0.03866919 0.9990985 0.01751262 27.24183 0.01237944 -0.01800337 0.9997613 -10.62258
0.9991742 -0.03927786 -0.01040297 476.3344 0.03949151 0.9989949 0.02119596 27.28578 0.009559985 -0.02158928 0.9997212 -10.66642
0.9991212 -0.04021357 -0.01181693 477.9599 0.0404594 0.998953 0.02135776 27.33842 0.01094569 -0.0218171 0.999702 -10.73179
0.9991249 -0.04102992 -0.008120704 479.5866 0.04118527 0.9989514 0.01998955 27.38103 0.007292021 -0.02030651 0.9997672 -10.78563
0.9990876 -0.0414738 -0.01018718 481.2111 0.04168774 0.9988933 0.0217723 27.43804 0.009272928 -0.02217712 0.999711 -10.85092
0.9990738 -0.04176809 -0.01034414 482.8246 0.04198151 0.9988902 0.02135416 27.49401 0.00944074 -0.02176865 0.9997185 -10.89723
0.9990278 -0.0425983 -0.01135141 484.4306 0.04285382 0.9988096 0.02330766 27.54658 0.01034502 -0.02377145 0.9996639 -10.96777
0.9990255 -0.04265366 -0.01134267 486.0753 0.04289748 0.9988328 0.02219942 27.60316 0.01038254 -0.02266436 0.9996892 -11.01348
0.999006 -0.04321701 -0.01092548 487.6946 0.04345899 0.998791 0.02297603 27.66247 0.009919318 -0.023428 0.9996763 -11.08952
0.9990081 -0.0430807 -0.01126016 489.2993 0.04333941 0.998776 0.02384148 27.72329 0.01021927 -0.02430584 0.9996523 -11.13401
0.9990168 -0.04315631 -0.01015051 490.9486 0.04338495 0.9987819 0.02350169 27.78042 0.009123896 -0.02391896 0.9996723 -11.20749
0.9989985 -0.04339625 -0.01090338 492.5719 0.04363333 0.9987935 0.02253766 27.84152 0.009912174 -0.02299084 0.9996865 -11.2673
0.9990266 -0.04288292 -0.01034283 494.1975 0.04310336 0.9988256 0.02212709 27.8976 0.00938181 -0.02255137 0.9997017 -11.32682
0.9990298 -0.04233588 -0.01212924 495.8414 0.04260569 0.9988289 0.02292459 27.96342 0.0111445 -0.02341912 0.9996636 -11.38768
0.9990765 -0.04175303 -0.0101449 497.4711 0.04199139 0.9988166 0.02454387 28.01528 0.009108108 -0.0249472 0.9996473 -11.44215
0.9990674 -0.04201674 -0.009942293 499.1018 0.04225216 0.9987996 0.02478881 28.07083 0.008888811 -0.02518578 0.9996433 -11.48552
0.9990371 -0.04333407 -0.00685019 500.7446 0.04348639 0.9987676 0.02391883 28.13479 0.005805247 -0.02419369 0.9996904 -11.57653
0.9989793 -0.04486514 -0.00523833 502.3962 0.044978 0.9987022 0.02389634 28.18576 0.004159419 -0.02410756 0.9997007 -11.62796
0.998901 -0.04665898 -0.004444242 504.0479 0.04675211 0.9986213 0.02386861 28.25165 0.00332443 -0.02405016 0.9997053 -11.69308
0.9987717 -0.04939401 -0.003924669 505.6902 0.04947654 0.998466 0.02484857 28.32362 0.002691279 -0.02501223 0.9996835 -11.75951
0.9986024 -0.05272455 -0.003647417 507.3495 0.05280007 0.9982855 0.02525576 28.3915 0.002309565 -0.02541304 0.9996744 -11.81701
0.9983692 -0.05690986 -0.004488251 509.0034 0.05700709 0.9980403 0.02579713 28.47034 0.003011345 -0.02601092 0.9996571 -11.90235
0.9981143 -0.06136226 -0.001601722 510.6588 0.0613831 0.9978101 0.02463654 28.56142 8.646073e-05 -0.0246884 0.9996952 -11.96615
0.9978521 -0.06532619 -0.004855886 512.3284 0.06542286 0.9975803 0.02351988 28.65521 0.003307673 -0.02378705 0.9997116 -12.01429
