1.0 0.0 0.0 0.0 0.0 1.0 0.0 0.0 0.0 0.0 1.0 0.0
0.9999791 0.005697879 0.003042976 1.5509 -0.005696928 0.9999837 -0.0003209593 -0.04491245 -0.003044756 0.000303617 0.9999953 -0.02419042
0.999971 0.006844454 0.00333873 3.001386 -0.006843084 0.9999765 -0.0004217944 -0.06159625 -0.003341539 0.0003989349 0.9999943 -0.04236197
0.9999453 0.008745727 0.005736636 4.436689 -0.008757035 0.9999597 0.001949003 -0.0932845 -0.005719359 -0.001999133 0.9999816 -0.06926859
0.999846 0.01385437 0.01077024 5.981363 -0.01386218 0.9999037 0.0006507346 -0.1377648 -0.01076019 -0.0007999334 0.9999418 -0.08981989
0.9998805 0.01289124 0.008530765 7.409556 -0.01290066 0.9999162 0.001049859 -0.1521259 -0.008516516 -0.001159786 0.999963 -0.1121921
0.9998541 0.01470538 0.008685054 8.872575 -0.0147009 0.9998919 -0.0005793228 -0.1958906 -0.008692633 0.0004515602 0.9999621 -0.1408967
0.9998487 0.01499178 0.008828134 10.36368 -0.01496782 0.9998841 -0.00277339 -0.2206609 -0.00886869 0.002640833 0.9999572 -0.1643981
0.999875 0.01391969 0.00749753 11.77871 -0.01389326 0.9998971 -0.00356581 -0.2427165 -0.007546394 0.003461199 0.9999655 -0.1847144
0.9998593 0.01464823 0.00816805 13.23264 -0.01461959 0.9998868 -0.003554742 -0.2814851 -0.008219196 0.003434828 0.9999603 -0.1924309
0.9998809 0.01402306 0.006444988 14.71759 -0.01401613 0.9999012 -0.001119204 -0.3044171 -0.006460045 0.001028737 0.9999786 -0.2266242
0.9998724 0.01387148 0.007915058 16.21392 -0.0138655 0.9999036 -0.0008100654 -0.3327299 -0.007925532 0.0007002158 0.9999683 -0.2293009
0.9998725 0.01444629 0.006803818 17.73814 -0.01443439 0.9998943 -0.001794671 -0.3805898 -0.006829024 0.001696233 0.9999753 -0.2601266
0.9998552 0.01508889 0.00787509 19.19459 -0.01508758 0.999886 -0.0002255759 -0.4046301 -0.007877598 0.0001067272 0.9999689 -0.2748548
0.9998741 0.01532607 0.004112918 20.693 -0.01532833 0.9998823 0.0005201433 -0.4516101 -0.004104463 -0.000583122 0.9999914 -0.3041934
0.9998522 0.01649207 0.004861271 22.17636 -0.01649438 0.999864 0.0004346741 -0.4898324 -0.00485344 -0.0005147935 0.9999881 -0.3092387
0.9998631 0.01640342 0.002175728 23.69868 -0.01640383 0.9998655 0.0001733216 -0.5250662 -0.002172593 -0.0002089881 0.9999976 -0.3407284
0.9998402 0.01724935 0.004692134 25.21961 -0.01724917 0.9998512 -7.94073e-05 -0.5699342 -0.004692805 -1.540775e-06 0.999989 -0.3571455
0.9998444 0.01721207 0.003868754 26.74171 -0.01722477 0.9998462 0.003273489 -0.6093408 -0.003811815 -0.003339618 0.9999872 -0.3902056
0.9998235 0.01808192 0.00509956 28.26725 -0.01809651 0.9998322 0.002830326 -0.6612699 -0.005047527 -0.002922111 0.999983 -0.399278
0.9998205 0.01832841 0.004789762 29.7975 -0.01834938 0.999822 0.004371744 -0.7112521 -0.004708783 -0.004458848 0.999979 -0.4367108
0.9998178 0.01832349 0.005338619 31.32934 -0.01833729 0.9998286 0.002547477 -0.7610297 -0.005291025 -0.002644909 0.9999825 -0.45825
0.9998115 0.01823891 0.006651482 32.87893 -0.01826719 0.9998242 0.004214992 -0.8015099 -0.006573436 -0.004335701 0.999969 -0.4956025
0.9998061 0.01847129 0.006822616 34.42075 -0.01849017 0.9998255 0.002713826 -0.8507298 -0.006771296 -0.002839451 0.9999731 -0.509586
0.9997867 0.01831562 0.009541901 35.99147 -0.01834586 0.9998269 0.003091068 -0.8974909 -0.009483635 -0.003265463 0.9999497 -0.5403223
0.9997805 0.01863748 0.009565633 37.55167 -0.01866931 0.9998204 0.003248679 -0.9491608 -0.009503368 -0.00342655 0.999949 -0.5704241
0.9997616 0.01873238 0.01121969 39.12455 -0.01877163 0.999818 0.003403718 -0.993529 -0.01115389 -0.003613518 0.9999313 -0.5971364
0.9997644 0.01872075 0.01098846 40.70061 -0.01877676 0.9998112 0.005015809 -1.043538 -0.01089249 -0.005220955 0.999927 -0.6197622
0.9997799 0.01873639 0.009439755 42.27983 -0.01878584 0.9998102 0.005177417 -1.093269 -0.009340957 -0.005353611 0.9999421 -0.6654647
0.9997931 0.01864214 0.008136313 43.85876 -0.01868344 0.9998128 0.005029779 -1.136006 -0.008041024 -0.005180753 0.9999542 -0.6769037
0.9997831 0.01885902 0.00883726 45.45283 -0.01889336 0.9998142 0.003819002 -1.18692 -0.008763596 -0.003985139 0.9999537 -0.7059387
0.9997792 0.01876481 0.009452144 47.07034 -0.01878873 0.9998206 0.002447545 -1.228838 -0.00940452 -0.002624599 0.9999523 -0.7490864
0.9997917 0.01910563 0.00716905 48.67494 -0.01912689 0.9998128 0.002908831 -1.277437 -0.007112133 -0.003045347 0.9999701 -0.7593488
0.9997838 0.01903328 0.008368867 50.28458 -0.01906215 0.9998125 0.003383832 -1.332783 -0.008302894 -0.003542629 0.9999592 -0.8134479
0.9997752 0.01959577 0.008098549 51.89874 -0.01962194 0.9998025 0.003165068 -1.380678 -0.008034927 -0.003323266 0.9999622 -0.818352
0.999769 0.01995303 0.007985733 53.51381 -0.01997719 0.999796 0.002957714 -1.429011 -0.007925089 -0.003116563 0.9999638 -0.8471424
0.9997522 0.02026744 0.009204037 55.14445 -0.02027545 0.9997941 0.000777819 -1.480832 -0.009186377 -0.0009642422 0.9999573 -0.8811642
0.9997267 0.02157379 0.009012593 56.79433 -0.02158972 0.9997655 0.001674802 -1.531985 -0.008974347 -0.001868923 0.999958 -0.8965601
0.9996912 0.0230532 0.009270234 58.42023 -0.02306368 0.9997333 0.001025657 -1.586026 -0.009244118 -0.001239146 0.9999565 -0.9515961
0.999648 0.02534618 0.007834532 60.06056 -0.02535646 0.9996777 0.001215833 -1.647752 -0.007801191 -0.001414061 0.9999686 -0.9455833
0.9995753 0.02777464 0.008818301 61.69432 -0.02777985 0.999614 0.0004690806 -1.709312 -0.008801869 -0.0007138525 0.999961 -0.9990335
0.9995164 0.02997628 0.008270113 63.31248 -0.02996886 0.9995503 -0.001019369 -1.769429 -0.008296952 0.00077103 0.9999653 -1.020346
0.9994444 0.03233273 0.008099012 64.94816 -0.03234226 0.9994762 0.001048568 -1.835422 -0.008060867 -0.001309926 0.9999667 -1.03736
0.9993662 0.03466853 0.008088402 66.57554 -0.03467834 0.9993979 0.001076438 -1.909805 -0.008046213 -0.001356248 0.9999667 -1.070364
0.9992896 0.03707327 0.006773114 68.20751 -0.03707946 0.999312 0.0007913414 -1.986057 -0.006739117 -0.001041923 0.9999768 -1.098724
0.9992248 0.03918044 0.0038426 69.85239 -0.03917281 0.9992304 -0.00204105 -2.059129 -0.003919612 0.001888942 0.9999905 -1.133854
0.9991441 0.04097237 0.005682648 71.45183 -0.0409653 0.9991598 -0.001354646 -2.136846 -0.005733375 0.001120695 0.999983 -1.150937
0.999077 0.04266926 0.00494527 73.08443 -0.04268872 0.9990809 0.003900019 -2.219358 -0.004774313 -0.004107527 0.9999802 -1.186025
0.9990104 0.04411578 0.005650451 74.70888 -0.04414897 0.9990076 0.005891035 -2.306594 -0.005384956 -0.006134667 0.9999667 -1.215982
0.9989256 0.04592155 0.006233599 76.34808 -0.04595691 0.9989275 0.005653152 -2.412679 -0.005967311 -0.005933556 0.9999646 -1.24648
0.9988804 0.04685936 0.006483521 77.98386 -0.0468854 0.9988925 0.003924459 -2.498108 -0.006292444 -0.004224048 0.9999713 -1.279421
0.9988227 0.04822536 0.005243355 79.61292 -0.04825208 0.9988221 0.005095691 -2.58931 -0.004991438 -0.005342695 0.9999733 -1.312517
0.9987445 0.04991903 0.00418687 81.2809 -0.04993746 0.9987426 0.004420324 -2.679692 -0.003960947 -0.004623856 0.9999815 -1.341416
0.998686 0.05101327 0.004902123 82.93475 -0.05103318 0.9986888 0.004025275 -2.778305 -0.004690353 -0.004270157 0.9999799 -1.371817
0.9986092 0.05244422 0.005401392 84.58221 -0.05245663 0.9986207 0.002182781 -2.88465 -0.005279468 -0.002463084 0.999983 -1.408389
0.9985354 0.05367902 0.006755187 86.24741 -0.05369753 0.9985539 0.00259011 -2.9915 -0.006606384 -0.002949053 0.9999738 -1.436748
0.998478 0.05488107 0.005459597 87.897 -0.05490044 0.9984859 0.003462647 -3.101552 -0.005261296 -0.003757111 0.9999791 -1.461199
0.9983746 0.05656387 0.006968349 89.53699 -0.05660406 0.9983803 0.005712848 -3.211953 -0.006633922 -0.006097999 0.9999594 -1.495657
0.998322 0.05760481 0.005914021 91.19685 -0.05763646 0.9983234 0.005329058 -3.326801 -0.005597126 -0.005660979 0.9999683 -1.537544
0.9982455 0.05880918 0.006892276 92.86864 -0.05884358 0.9982553 0.004900717 -3.441603 -0.006592042 -0.005297685 0.9999642 -1.569539
0.9981458 0.06059721 0.005745891 94.516 -0.06061645 0.9981561 0.003235566 -3.550126 -0.005539229 -0.003577862 0.9999782 -1.609611
0.99806 0.06199944 0.005676131 96.16782 -0.06202381 0.9980658 0.004223388 -3.673023 -0.005403304 -0.00456725 0.999975 -1.649965
0.9980143 0.06289745 0.003358591 97.81647 -0.06291416 0.9980057 0.005124302 -3.781608 -0.003029588 -0.005325429 0.9999812 -1.674415
0.9979501 0.06377795 0.005292514 99.4342 -0.06381053 0.9979426 0.006234962 -3.907218 -0.004883972 -0.006559899 0.9999666 -1.707771
0.9979006 0.06464333 0.00395985 101.0779 -0.06466968 0.9978827 0.006933128 -4.02097 -0.003503285 -0.007174654 0.9999681 -1.746114
0.9978743 0.06500139 0.004657203 102.7177 -0.06502838 0.997866 0.005897246 -4.152663 -0.004263936 -0.006187561 0.9999717 -1.796114
0.997849 0.06538447 0.004718729 104.3711 -0.0654142 0.9978373 0.006445886 -4.273095 -0.004287063 -0.006740693 0.9999681 -1.827189
0.9977893 0.06623001 0.005481707 105.9868 -0.06627102 0.9977721 0.007672946 -4.403202 -0.004961316 -0.008019262 0.9999555 -1.869982
0.9977839 0.06636664 0.004773774 107.6214 -0.06640697 0.9977533 0.008857436 -4.517604 -0.00417521 -0.009154819 0.9999494 -1.902842
0.9977295 0.06728469 0.002917473 109.2356 -0.06730099 0.9977152 0.005907584 -4.652105 -0.002513317 -0.00609052 0.9999783 -1.954432
0.9977297 0.06731059 0.002168854 110.8816 -0.06731503 0.9977297 0.002047415 -4.772564 -0.002026117 -0.002188763 0.9999955 -1.987083
0.9977204 0.06747541 0.001038755 112.4995 -0.06747809 0.9977168 0.002817336 -4.899687 -0.0008462825 -0.002881007 0.9999955 -2.026108
0.9977381 0.06721988 0.0004654067 114.0834 -0.06722143 0.9977043 0.008230037 -5.002533 8.888387e-05 -0.008242707 0.999966 -2.058293
0.9977168 0.0675248 -0.001234931 115.6848 -0.06751408 0.9976918 0.007283855 -5.128014 0.001723921 -0.007183849 0.9999727 -2.088465
0.9977359 0.06724991 -0.0006939173 117.3124 -0.0672472 0.9977305 0.003380142 -5.241238 0.0009196567 -0.003325825 0.999994 -2.14219
0.9977434 0.06714128 -0.0004851724 118.9147 -0.06713951 0.9977388 0.003039195 -5.370192 0.0006881309 -0.002999763 0.9999953 -2.153821
0.9978766 0.06512371 -0.001086266 120.528 -0.06511807 0.997867 0.004598038 -5.482653 0.00138339 -0.004517539 0.9999889 -2.200148
0.9979063 0.0646434 -0.002068009 122.1288 -0.06462835 0.9978873 0.006661261 -5.607669 0.002494246 -0.006513662 0.9999757 -2.231774
0.9980258 0.06279522 -0.001075191 123.7416 -0.0627892 0.9980147 0.004929389 -5.720917 0.001382598 -0.004852147 0.9999872 -2.266955
0.9981248 0.061211 4.139504e-05 125.3246 -0.06121084 0.9981203 0.003043782 -5.846402 0.0001449957 -0.003040608 0.9999954 -2.304263
0.9981934 0.06007895 0.0007398307 126.8985 -0.06008129 0.9981865 0.00371066 -5.954866 -0.0005155564 -0.003748406 0.9999928 -2.339705
0.9983329 0.05771117 0.00087221 128.4917 -0.05771441 0.9983238 0.004310053 -6.060343 -0.0006220098 -0.004353207 0.9999903 -2.376928
0.9983857 0.05679588 -0.0005050689 130.0815 -0.05679332 0.9983774 0.004130969 -6.181819 0.0007388713 -0.004095616 0.9999914 -2.400528
0.9985169 0.05442136 -0.001524953 131.6556 -0.05441475 0.99851 0.004086279 -6.277557 0.001745062 -0.003997239 0.9999905 -2.446063
0.9986148 0.05254802 -0.002671347 133.2518 -0.05253566 0.9986089 0.004505006 -6.379113 0.00290436 -0.004358425 0.9999863 -2.475893
0.9986348 0.05216127 -0.002806543 134.8282 -0.05214551 0.9986248 0.005418943 -6.478439 0.003085342 -0.005265195 0.9999814 -2.515037
0.9986653 0.05164821 0.0002411799 136.4153 -0.05164873 0.9986601 0.003244842 -6.587783 -7.326637e-05 -0.003252968 0.9999947 -2.531103
0.998711 0.05075715 -2.878469e-05 137.9537 -0.05075704 0.9987097 0.001702933 -6.668626 0.0001151835 -0.001699276 0.9999986 -2.57504
0.9987634 0.04971292 0.000532227 139.5121 -0.0497148 0.9987537 0.004445943 -6.763561 -0.0003105429 -0.004466904 0.99999 -2.600583
0.9987541 0.04980164 -0.00315863 141.104 -0.04976888 0.9987135 0.00971757 -6.859967 0.003638518 -0.009548261 0.9999478 -2.658041
0.998738 0.05000671 -0.004666742 142.6493 -0.04997612 0.9987297 0.006456206 -6.958792 0.004983666 -0.006214832 0.9999683 -2.672957
0.9987411 0.04981161 -0.005919467 144.2051 -0.04979121 0.9987534 0.003544925 -7.037387 0.006088666 -0.003245726 0.9999762 -2.705767
0.9987032 0.05028758 -0.007938684 145.7128 -0.05026865 0.9987323 0.002565852 -7.124161 0.008057651 -0.002163458 0.9999652 -2.750367
0.9986196 0.05191666 -0.007966475 147.2539 -0.051888 0.9986459 0.003762938 -7.216877 0.008151046 -0.003344379 0.9999612 -2.786267
0.9985344 0.05349074 -0.008229963 148.7711 -0.05345488 0.99856 0.004517462 -7.315456 0.008459754 -0.00407091 0.999956 -2.817768
0.9984527 0.05511359 -0.00739722 150.3159 -0.05508083 0.9984715 0.004562059 -7.418784 0.007637344 -0.004147556 0.9999622 -2.854314
0.9983949 0.05641161 -0.005039642 151.8628 -0.05639713 0.9984041 0.002970392 -7.520247 0.005199163 -0.002681403 0.9999829 -2.883779
0.9983507 0.05730332 -0.003479107 153.3456 -0.05729453 0.998354 0.002578336 -7.617947 0.003621128 -0.00237475 0.9999906 -2.916378
0.9982632 0.05878626 -0.003851791 154.8549 -0.05876801 0.9982607 0.004691739 -7.726938 0.004120901 -0.004457228 0.9999816 -2.957133
0.9982783 0.05861907 -0.00208002 156.377 -0.05860241 0.9982544 0.007327154 -7.832874 0.0025059 -0.007192644 0.999971 -2.998218
0.9982825 0.05851815 -0.00278324 157.8974 -0.05850167 0.9982711 0.005672836 -7.930032 0.003110392 -0.005500268 0.99998 -3.024475
0.9982594 0.05896741 0.0009828171 159.3838 -0.05897094 0.9982514 0.004058778 -8.03121 -0.000741763 -0.004109671 0.9999913 -3.064443
0.9982876 0.05841348 0.003114744 160.8995 -0.05842124 0.9982891 0.00246368 -8.135979 -0.002965502 -0.002641429 0.9999921 -3.087198
0.9983262 0.05755533 0.005672871 162.383 -0.05757617 0.9983348 0.003581715 -8.242608 -0.005457277 -0.003902342 0.9999775 -3.125489
0.9983613 0.0571651 0.002600464 163.8569 -0.05718058 0.9983439 0.006326392 -8.338686 -0.002234509 -0.006464722 0.9999766 -3.166861
0.9983799 0.05678451 0.003620213 165.357 -0.05680156 0.998374 0.004794277 -8.437277 -0.003342086 -0.004992144 0.9999819 -3.189175
0.9984298 0.05594149 0.002913918 166.8046 -0.05595357 0.9984245 0.004244694 -8.531043 -0.002671872 -0.004401073 0.9999868 -3.227893
0.9983856 0.05661897 0.004520335 168.2624 -0.05662216 0.9983954 0.0005795598 -8.634904 -0.004480267 -0.0008345752 0.9999896 -3.261693
0.9984525 0.05524854 0.006333728 169.7488 -0.05524432 0.9984725 -0.0008390857 -8.731004 -0.006370412 0.0004878847 0.9999796 -3.294272
0.9984966 0.05431325 0.007393507 171.1858 -0.05430701 0.9985238 -0.0010421 -8.82301 -0.007439192 0.0006390142 0.9999721 -3.313039
0.9984072 0.05556738 0.009767878 172.6004 -0.05561117 0.9984435 0.004269582 -8.916645 -0.009515424 -0.004805984 0.9999432 -3.361933
0.9984099 0.05590098 0.007265324 174.0045 -0.05593069 0.9984269 0.003951582 -9.007786 -0.007032997 -0.004351653 0.9999658 -3.382506
0.9983578 0.05632446 0.0104532 175.4244 -0.05637698 0.9983979 0.004798803 -9.102029 -0.01016616 -0.005380243 0.9999338 -3.406541
0.9982781 0.05840888 0.005394898 176.8127 -0.05841919 0.9982907 0.001772678 -9.195656 -0.005282135 -0.002084791 0.9999838 -3.448241
0.9981186 0.06045405 0.01021974 178.1928 -0.06049959 0.9981593 0.004207551 -9.291818 -0.009946566 -0.004817925 0.9999389 -3.49209
0.9981057 0.06129792 0.005249145 179.5516 -0.06132662 0.9981027 0.005493015 -9.393305 -0.004902476 -0.005804522 0.9999712 -3.508965
0.9979212 0.06360293 0.01039297 180.9043 -0.06365996 0.9979578 0.00525146 -9.491364 -0.01003774 -0.005902159 0.9999322 -3.554111
0.997938 0.06384972 0.006561813 182.2282 -0.06387753 0.9979494 0.004119031 -9.59053 -0.006285358 -0.00452969 0.99997 -3.563241
0.9977916 0.06517028 0.01282983 183.5417 -0.0651793 0.9978735 0.000284916 -9.687125 -0.01278398 -0.001120526 0.9999176 -3.611876
0.9978446 0.06518531 0.007554704 184.8753 -0.06520344 0.9978697 0.002179675 -9.783425 -0.007396526 -0.00266757 0.9999691 -3.638986
0.9977676 0.06600927 0.01013416 186.1648 -0.06606002 0.9978042 0.004757547 -9.885612 -0.009797868 -0.005416389 0.9999374 -3.687927
0.9977108 0.06729139 0.006710225 187.4165 -0.06732039 0.9977227 0.004193655 -9.981401 -0.006412747 -0.00463579 0.9999687 -3.710249
0.9976807 0.06759218 0.00803334 188.6904 -0.06761727 0.9977071 0.002893721 -10.07221 -0.007819328 -0.003430202 0.9999635 -3.728721
0.9976969 0.06741534 0.007484406 189.9273 -0.0674386 0.9977194 0.002900682 -10.18152 -0.007271785 -0.003398739 0.9999678 -3.761559
0.9976298 0.06812529 0.009676741 191.1571 -0.06817862 0.9976592 0.005292107 -10.27086 -0.009293563 -0.005939311 0.9999392 -3.789336
0.9975851 0.06868131 0.01033971 192.3659 -0.06876033 0.9976051 0.007491325 -10.37205 -0.009800429 -0.008184195 0.9999185 -3.833837
0.9974096 0.07097712 0.01167599 193.5177 -0.07104453 0.9974581 0.005463732 -10.46681 -0.01125851 -0.006279094 0.9999169 -3.84447
0.9973202 0.07241219 0.0104379 194.6974 -0.07247177 0.9973556 0.005446397 -10.55812 -0.01001591 -0.006188255 0.9999307 -3.903325
0.9971387 0.07463576 0.011992 195.8494 -0.0746814 0.9972018 0.003403192 -10.67123 -0.01170444 -0.004289034 0.9999223 -3.907275
0.9970039 0.07613057 0.01368595 196.9788 -0.07620215 0.997081 0.004786443 -10.76183 -0.01328161 -0.005815002 0.9998949 -3.960713
0.9970095 0.07628295 0.01237093 198.1192 -0.07634348 0.9970713 0.004496599 -10.86288 -0.01199168 -0.005427591 0.9999134 -3.968636
0.9969637 0.07663598 0.01379368 199.2406 -0.07670303 0.9970443 0.004399519 -10.9538 -0.01341575 -0.005444178 0.9998952 -4.02352
0.9969103 0.07770979 0.01144548 200.3427 -0.07775614 0.9969658 0.003660389 -11.05877 -0.0111263 -0.004539036 0.9999278 -4.030347
0.9968637 0.07790846 0.01389426 201.4448 -0.07795817 0.9969519 0.003071874 -11.14702 -0.01361258 -0.00414541 0.9998987 -4.072922
0.9967844 0.07933959 0.01122254 202.5387 -0.07937847 0.9968399 0.003061557 -11.25653 -0.01094418 -0.003942541 0.9999323 -4.083711
0.9967616 0.07916315 0.01412532 203.6309 -0.07921793 0.9968516 0.003361081 -11.35117 -0.01381477 -0.004469175 0.9998946 -4.101869
0.9966373 0.08076432 0.01383077 204.6869 -0.08084214 0.9967135 0.005161184 -11.45614 -0.01336847 -0.006261936 0.999891 -4.139253
0.9965544 0.08139049 0.01596375 205.7435 -0.081507 0.9966496 0.006787926 -11.5513 -0.01535779 -0.008065696 0.9998496 -4.161417
0.996528 0.0818203 0.01540416 206.8327 -0.08192705 0.9966177 0.006430245 -11.65036 -0.01482594 -0.007669937 0.9998606 -4.194941
0.9965005 0.08243924 0.01380546 207.8561 -0.08249873 0.9965841 0.003794991 -11.74688 -0.01344544 -0.004920644 0.9998975 -4.214419
0.9964831 0.08243783 0.01501556 208.9052 -0.08248617 0.9965887 0.002627925 -11.84461 -0.0147477 -0.003857259 0.9998838 -4.218719
0.9965065 0.08246507 0.01320128 209.9395 -0.08252676 0.9965801 0.004197391 -11.95262 -0.01280999 -0.005272185 0.999904 -4.267996
0.9964869 0.08222216 0.01591872 210.9351 -0.08233336 0.9965838 0.006459395 -12.0462 -0.01533324 -0.007747344 0.9998524 -4.270789
0.996521 0.08247906 0.01196091 211.9435 -0.08256449 0.9965622 0.006833301 -12.13073 -0.01135619 -0.007797075 0.9999051 -4.311899
0.9964252 0.08313158 0.01503396 212.9084 -0.08323424 0.9965099 0.006335529 -12.22562 -0.01445481 -0.007564222 0.9998669 -4.328692
0.9964646 0.08237716 0.01649958 213.8951 -0.08254647 0.9965384 0.00985618 -12.31516 -0.01563054 -0.01118332 0.9998153 -4.35799
0.9965065 0.08173034 0.01717382 214.8638 -0.08190471 0.996593 0.009706693 -12.40634 -0.01632198 -0.0110794 0.9998054 -4.384264
0.9965172 0.08168342 0.01677196 215.8111 -0.08187107 0.9965842 0.01082364 -12.50085 -0.01583056 -0.01215908 0.9998007 -4.418109
0.9965095 0.08172896 0.0170045 216.7821 -0.08188313 0.9966049 0.008575681 -12.5837 -0.01624588 -0.009938129 0.9998186 -4.434991
0.9965447 0.08171239 0.01489428 217.6859 -0.08183244 0.9966167 0.007635758 -12.67714 -0.01421996 -0.008828209 0.9998599 -4.479696
0.99649 0.08219641 0.01585523 218.5928 -0.0822794 0.9965985 0.004653868 -12.75577 -0.01541877 -0.005942092 0.9998634 -4.485118
0.9965777 0.08168074 0.012689 219.5002 -0.08174305 0.9966434 0.004472016 -12.85175 -0.01228113 -0.00549395 0.9999095 -4.527124
0.9966372 0.08058571 0.01484119 220.4183 -0.08064183 0.996738 0.003221651 -12.92767 -0.01453316 -0.004407638 0.9998847 -4.531613
0.9967211 0.07986279 0.01299552 221.2833 -0.0799218 0.9967927 0.004086211 -13.0146 -0.01262751 -0.005111439 0.9999072 -4.576526
0.9967259 0.0797953 0.01304974 222.1428 -0.07984386 0.9968021 0.003243194 -13.08492 -0.01274922 -0.004274517 0.9999096 -4.573071
0.9968852 0.07803589 0.01141045 222.9918 -0.07807353 0.9969434 0.002890666 -13.16502 -0.01115 -0.003772516 0.9999307 -4.596592
0.9969734 0.07676036 0.01232371 223.8481 -0.07679946 0.9970428 0.002730808 -13.23057 -0.01207764 -0.003668997 0.9999203 -4.630763
0.9971396 0.07448485 0.01282974 224.6593 -0.07454491 0.9972085 0.004268313 -13.29994 -0.012476 -0.005212496 0.9999086 -4.638923
0.9974048 0.07114936 0.01101824 225.4866 -0.07119902 0.9974535 0.004182534 -13.36545 -0.01069259 -0.004956167 0.9999306 -4.678463
0.9976957 0.06689723 0.01131333 226.2918 -0.06696239 0.9977404 0.005482837 -13.4189 -0.01092098 -0.006227771 0.999921 -4.683445
0.9980147 0.06232123 0.009093706 227.0894 -0.06237235 0.9980381 0.005449255 -13.4817 -0.008736261 -0.006005633 0.9999438 -4.705543
0.9982966 0.05734789 0.01072935 227.8681 -0.05741687 0.9983307 0.006235861 -13.54023 -0.01035383 -0.006841285 0.999923 -4.735313
0.9985931 0.05254179 0.00715195 228.6655 -0.05259702 0.9985855 0.007766913 -13.5779 -0.006733747 -0.008132157 0.9999443 -4.747253
0.9988249 0.04806064 0.006246676 229.3927 -0.04811108 0.9988085 0.00819238 -13.61682 -0.005845502 -0.008483288 0.999947 -4.783704
0.9990146 0.04390024 0.00652227 230.154 -0.0439664 0.9989792 0.01037107 -13.66123 -0.006060319 -0.01064762 0.999925 -4.779635
0.9992152 0.03857956 0.008972482 230.8848 -0.03867093 0.9991996 0.01024334 -13.70059 -0.008570115 -0.01058228 0.9999073 -4.81432
0.9993955 0.03349419 0.009315805 231.6067 -0.03360941 0.9993567 0.01250002 -13.73276 -0.008891135 -0.01280556 0.9998785 -4.817398
0.999571 0.02774607 0.00937428 232.327 -0.0278724 0.9995186 0.01362642 -13.75061 -0.008991687 -0.01388186 0.9998632 -4.863537
0.9997054 0.02230203 0.009577001 233.041 -0.02243684 0.9996474 0.01420774 -13.77594 -0.009256762 -0.01441844 0.9998532 -4.879788
0.9998408 0.01660457 0.006528768 233.7432 -0.01668995 0.9997729 0.01324899 -13.79445 -0.006307292 -0.01335584 0.9998909 -4.914087
0.999909 0.01134722 0.007287248 234.4522 -0.01142657 0.9998749 0.01094132 -13.80818 -0.007162183 -0.01102359 0.9999136 -4.922807
0.999949 0.005848327 0.008237022 235.1177 -0.00593399 0.999928 0.01041395 -13.82091 -0.008175527 -0.01046229 0.9999118 -4.927116
0.9999514 0.000606443 0.009845505 235.8066 -0.0006943181 0.9999599 0.008924438 -13.83106 -0.009839699 -0.00893084 0.9999117 -4.968528
0.9999204 -0.004187757 0.01190555 236.5025 0.004054142 0.9999288 0.01122501 -13.84051 -0.01195171 -0.01117585 0.9998661 -4.988491
0.9999156 -0.009234935 0.009137714 237.1473 0.00915155 0.9999164 0.009125519 -13.83256 -0.009221224 -0.009041124 0.9999166 -5.009696
0.9998628 -0.01405359 0.008763937 237.8285 0.01399006 0.9998758 0.007268735 -13.82481 -0.008865001 -0.00714513 0.9999352 -5.036354
0.9997953 -0.01873843 0.007633469 238.515 0.01870551 0.9998156 0.004362236 -13.82134 -0.007713802 -0.004218556 0.9999614 -5.022321
0.9996794 -0.02385638 0.008474633 239.1635 0.02381564 0.9997045 0.004875889 -13.81081 -0.00858845 -0.004672498 0.9999522 -5.066958
0.9996076 -0.02711209 0.007044591 239.8156 0.02707255 0.9996175 0.005648734 -13.78844 -0.007195045 -0.005455802 0.9999592 -5.062974
0.9995089 -0.03047581 0.007296973 240.4787 0.03040729 0.9994941 0.009323818 -13.78021 -0.007577432 -0.009097357 0.9999299 -5.075395
0.9994184 -0.03360466 0.005802059 241.1266 0.03353649 0.9993716 0.0114708 -13.75998 -0.006183886 -0.01126955 0.9999174 -5.096726
0.9992899 -0.03661526 0.008885663 241.7605 0.03648036 0.9992234 0.01489677 -13.74152 -0.009424211 -0.01456204 0.9998496 -5.114903
0.9991969 -0.03985646 0.004108567 242.4339 0.03978492 0.9990765 0.01623043 -13.71955 -0.00475166 -0.01605394 0.9998598 -5.145634
0.9991118 -0.04176556 0.005588343 243.0906 0.04166484 0.9989859 0.01706508 -13.69485 -0.006295409 -0.01681709 0.9998388 -5.168814
0.9990269 -0.04410305 0.0003572768 243.7362 0.0440928 0.9989158 0.01493254 -13.67241 -0.00101546 -0.01490225 0.9998884 -5.161021
0.9989556 -0.04542843 0.004898719 244.4174 0.04535348 0.9988663 0.01445747 -13.64318 -0.005549946 -0.0142202 0.9998835 -5.194795
0.9989213 -0.04638974 0.002058351 245.0719 0.0463604 0.9988461 0.01254157 -13.62665 -0.002637775 -0.01243261 0.9999192 -5.209245
0.9988766 -0.04706806 0.005480522 245.7127 0.04698896 0.9988006 0.0137633 -13.59686 -0.00612176 -0.01349031 0.9998903 -5.253248
0.9988887 -0.0471174 0.001192925 246.3868 0.0470994 0.9988158 0.01219379 -13.57522 -0.001766052 -0.01212406 0.999925 -5.250608
0.9989284 -0.04625332 -0.001666426 247.0255 0.04626806 0.9988761 0.01029185 -13.5448 0.001188521 -0.01035793 0.9999456 -5.302127
0.9990618 -0.04298722 -0.005257989 247.6828 0.04303396 0.9990318 0.009125453 -13.52217 0.004860621 -0.009343163 0.9999446 -5.294964
0.9992059 -0.03930077 -0.006564275 248.3679 0.03937124 0.9991643 0.01097475 -13.5099 0.006127473 -0.01122448 0.9999182 -5.325874
0.9993688 -0.03543973 -0.002426335 249.0232 0.03545942 0.9993339 0.008621568 -13.49794 0.002119172 -0.008702163 0.9999599 -5.332256
0.9995139 -0.03109339 -0.002290784 249.6778 0.03111226 0.9994777 0.008722822 -13.48446 0.002018366 -0.008789853 0.9999593 -5.346717
0.9996395 -0.02670862 -0.002760274 250.3495 0.02673473 0.9995936 0.009902271 -13.47358 0.002494676 -0.009972497 0.9999472 -5.359943
0.9997118 -0.02351699 -0.004822662 251.0091 0.02356593 0.9996687 0.01035537 -13.46838 0.004577537 -0.01046604 0.9999347 -5.376159
0.9997817 -0.02076145 -0.00235342 251.6669 0.0207874 0.9997166 0.01160027 -13.47219 0.002111914 -0.01164666 0.99993 -5.407246
0.9998359 -0.01811385 -3.387312e-05 252.3653 0.01811279 0.9997537 0.0128305 -13.46399 -0.0001985449 -0.01282901 0.9999177 -5.408133
0.9998845 -0.01504485 0.002170704 253.0078 0.01501764 0.9998146 0.01205074 -13.46623 -0.002351603 -0.01201675 0.999925 -5.428173
0.9999267 -0.01205197 0.00112772 253.6968 0.01203759 0.9998558 0.011986 -13.47024 -0.001272013 -0.01197155 0.9999275 -5.464232
0.9999549 -0.009209722 0.0023341 254.3815 0.00918119 0.9998865 0.01195367 -13.46796 -0.002443925 -0.0119317 0.9999259 -5.477216
0.9999791 -0.006235036 0.001685094 255.0446 0.006212486 0.9998951 0.01307144 -13.46535 -0.001766418 -0.0130607 0.9999132 -5.507056
0.9999894 -0.00378312 0.002633567 255.7379 0.003752891 0.9999282 0.01139012 -13.47541 -0.002676468 -0.01138012 0.9999316 -5.513992
0.9999961 -0.0009241971 0.002623717 256.4111 0.0008942292 0.9999346 0.01140025 -13.48201 -0.002634081 -0.01139786 0.9999316 -5.540799
0.999992 0.002575332 0.003053721 257.0768 -0.002606324 0.9999448 0.01018885 -13.49098 -0.003027312 -0.01019673 0.9999434 -5.553605
0.999974 0.005909822 0.00413443 257.7743 -0.005949436 0.999936 0.009635644 -13.50086 -0.00407722 -0.009659991 0.999945 -5.580051
0.9999508 0.009751552 0.001821457 258.4473 -0.009771767 0.9998869 0.01144058 -13.52157 -0.001709688 -0.01145782 0.9999329 -5.569907
0.9999169 0.01257618 0.002842289 259.1122 -0.01260556 0.9998648 0.01056426 -13.53962 -0.002709046 -0.01059921 0.9999402 -5.62321
0.9998681 0.01588596 0.003376884 259.7962 -0.01591968 0.9998212 0.01020653 -13.56256 -0.00321414 -0.01025894 0.9999422 -5.627965
0.9998118 0.01901389 0.003865697 260.4746 -0.01905343 0.9997636 0.01046278 -13.58482 -0.003665845 -0.01053447 0.9999378 -5.636266
0.9997482 0.02199039 0.004472278 261.1396 -0.02203248 0.9997113 0.009588829 -13.6033 -0.004260124 -0.009684949 0.999944 -5.67377
0.9996921 0.02464969 0.002828779 261.8121 -0.02467912 0.9996359 0.01089104 -13.62807 -0.002559289 -0.0109575 0.9999367 -5.685431
0.999616 0.02763273 0.002073718 262.4691 -0.02765344 0.9995601 0.01072556 -13.65634 -0.00177643 -0.01077879 0.9999403 -5.707159
0.9995418 0.03023054 0.001560949 263.1166 -0.03024737 0.9994678 0.01220811 -13.68533 -0.00119106 -0.01224973 0.9999242 -5.699034
0.9994648 0.03256104 0.003162693 263.7679 -0.03259172 0.9994168 0.0101897 -13.71749 -0.002829061 -0.01028733 0.9999431 -5.753256
0.9993846 0.03506788 -0.0008699264 264.4271 -0.03505888 0.9993463 0.008804215 -13.74221 0.001178103 -0.008768298 0.9999608 -5.761684
0.9992735 0.03807085 0.001716679 265.0592 -0.03808337 0.9992429 0.007969862 -13.77908 -0.00141196 -0.00802945 0.9999667 -5.766994
0.9991779 0.04053577 -0.0006446594 265.7094 -0.04052955 0.9991481 0.007769118 -13.81543 0.0009590375 -0.007736602 0.9999696 -5.78824
0.9990815 0.04284616 0.0006564776 266.368 -0.04284973 0.9990568 0.007043717 -13.85132 -0.0003540622 -0.007065377 0.999975 -5.80014
0.9989694 0.04528137 0.003118749 266.9759 -0.04530783 0.9989325 0.009010671 -13.88689 -0.002707404 -0.009142688 0.9999545 -5.824008
0.9988908 0.04708184 0.0006320091 267.6276 -0.04708577 0.9988434 0.009740659 -13.93181 -0.00017267 -0.009759613 0.9999524 -5.811387
0.9988219 0.04851161 0.001253351 268.2447 -0.04852269 0.9987581 0.01130397 -13.96633 -0.0007034213 -0.01135147 0.9999353 -5.871142
0.9987266 0.05042281 0.001639044 268.8857 -0.05043956 0.9986469 0.01265429 -14.00657 -0.0009987615 -0.01272085 0.9999186 -5.864581
0.9986531 0.05185443 0.001793727 269.5101 -0.05187412 0.9985605 0.01364014 -14.04555 -0.001083843 -0.01371482 0.9999053 -5.89765
0.9985631 0.05344965 0.003855686 270.1492 -0.05349563 0.9984832 0.01301605 -14.09766 -0.003154134 -0.01320361 0.9999079 -5.896749
0.9985155 0.0544235 0.002225843 270.7953 -0.05445035 0.9984092 0.01464361 -14.13566 -0.001425345 -0.01474307 0.9998903 -5.929679
0.9984336 0.05591025 0.002092858 271.4271 -0.05593403 0.9983376 0.01391352 -14.18313 -0.00131147 -0.01400879 0.999901 -5.93545
0.9983794 0.05690522 0.0005478837 272.0631 -0.05690676 0.9982542 0.01581117 -14.22671 0.0003528106 -0.01581672 0.9998748 -5.967745
0.9983519 0.05731815 0.002838895 272.7036 -0.05735998 0.9981925 0.01792754 -14.27348 -0.001806191 -0.01806083 0.9998353 -5.993953
0.99835 0.05736775 0.002509886 273.3565 -0.05740842 0.9981214 0.02140393 -14.32255 -0.001277275 -0.0215127 0.9997678 -5.992177
0.9984055 0.05632572 0.003739181 274.0028 -0.05639559 0.9981575 0.02239003 -14.35877 -0.002471156 -0.0225652 0.9997423 -6.037535
0.9985163 0.05445457 0.0001409253 274.6728 -0.05444486 0.9982822 0.02164226 -14.39513 0.001037837 -0.02161782 0.9997658 -6.045415
0.9985821 0.05323389 3.064951e-05 275.3607 -0.05322463 0.9983974 0.01923783 -14.43295 0.000993504 -0.01921218 0.9998149 -6.073399
0.9986727 0.05143506 -0.002678802 276.0257 -0.0513795 0.9985205 0.01779571 -14.4709 0.003590163 -0.01763445 0.9998381 -6.08414
0.998762 0.04973117 -0.001095454 276.7012 -0.04970296 0.9985974 0.01824227 -14.51178 0.002001127 -0.01816524 0.999833 -6.123733
0.9988605 0.04772159 -0.0006368886 277.4062 -0.04770275 0.9987034 0.01777866 -14.55188 0.001484489 -0.01772802 0.9998417 -6.121373
0.998957 0.04566163 3.2891e-05 278.1214 -0.04565444 0.9987866 0.01847861 -14.59264 0.0008109122 -0.01846084 0.9998292 -6.171745
0.9990151 0.04437109 1.678537e-05 278.8307 -0.04436531 0.9988785 0.0165323 -14.6379 0.0007167897 -0.01651676 0.9998633 -6.195909
0.999083 0.04279764 0.001213203 279.5453 -0.04281124 0.9989648 0.01537394 -14.66814 -0.0005539783 -0.01541178 0.9998811 -6.220019
0.9991493 0.04122633 0.001037328 280.2825 -0.04123667 0.999056 0.01366326 -14.70256 -0.0004730626 -0.01369441 0.9999061 -6.215296
0.9991843 0.04021075 0.003719295 280.9926 -0.04025614 0.9991039 0.01306465 -14.74492 -0.003190624 -0.01320372 0.9999077 -6.253959
0.9992283 0.03910387 0.003698872 281.7273 -0.03914985 0.9991449 0.01330668 -14.77762 -0.003175366 -0.01344122 0.9999046 -6.254679
0.999266 0.03780952 0.006147431 282.4366 -0.03788552 0.9992007 0.0127548 -14.82036 -0.005660264 -0.01297834 0.9998997 -6.287901
0.9992986 0.03707238 0.005291267 283.1653 -0.03714009 0.9992213 0.01332937 -14.85693 -0.004792995 -0.01351654 0.9998972 -6.313427
0.9993219 0.0362887 0.006230573 283.893 -0.03636714 0.9992542 0.0129755 -14.88999 -0.005755062 -0.01319329 0.9998964 -6.331251
0.9993482 0.0355663 0.006184204 284.6136 -0.03564475 0.999279 0.01307669 -14.92928 -0.005714655 -0.0132886 0.9998954 -6.357831
0.9993581 0.0352199 0.00655725 285.3308 -0.03530561 0.9992859 0.01344921 -14.96681 -0.00607889 -0.01367208 0.9998881 -6.380427
0.9993778 0.03455164 0.007083209 286.0676 -0.03463937 0.9993197 0.0126624 -15.00404 -0.006640884 -0.01289988 0.9998947 -6.401011
0.9993641 0.03421655 0.01002917 286.7842 -0.03433428 0.9993408 0.01181227 -15.03653 -0.00961838 -0.01214911 0.99988 -6.423016
0.9993943 0.03411849 0.006855703 287.5118 -0.0342021 0.9993371 0.01247271 -15.06912 -0.006425608 -0.01269963 0.9998987 -6.442371
0.9993584 0.03511105 0.007065418 288.2174 -0.03519014 0.9993156 0.01139979 -15.10434 -0.006660324 -0.01164111 0.9999101 -6.46154
0.9993178 0.03627184 0.006956523 288.935 -0.03635643 0.9992615 0.01244529 -15.13966 -0.006499971 -0.01268972 0.9998984 -6.48807
0.9992459 0.03829266 0.006419455 289.6573 -0.03836287 0.9992011 0.01119532 -15.18256 -0.005985628 -0.01143315 0.9999167 -6.502563
0.9991561 0.04037308 0.007552944 290.3854 -0.04045451 0.9991212 0.01095859 -15.22408 -0.007103875 -0.0112549 0.9999114 -6.516475
0.9990696 0.04267312 0.006243819 291.0781 -0.04273649 0.9990324 0.01039557 -15.26593 -0.005794166 -0.01065273 0.9999264 -6.545011
0.9989535 0.04532326 0.00613648 291.7935 -0.0453866 0.9989132 0.01060921 -15.30588 -0.005648966 -0.01087663 0.9999249 -6.563541
0.998809 0.04854686 0.0048701 292.5201 -0.04859833 0.998757 0.01107428 -15.35448 -0.004326425 -0.01129777 0.9999268 -6.559935
0.9986079 0.05237036 0.006299681 293.2386 -0.05244791 0.998541 0.01284904 -15.40545 -0.005617582 -0.01316156 0.9998976 -6.608408
0.998399 0.05621282 0.006293457 293.9543 -0.05629706 0.9983143 0.014121 -15.45952 -0.005489067 -0.01445269 0.9998805 -6.612658
0.9982185 0.05928393 0.006719972 294.6998 -0.0593762 0.9981306 0.01448229 -15.5202 -0.005848842 -0.0148555 0.9998726 -6.644924
0.9981059 0.06101395 0.00786608 295.4169 -0.06112603 0.9980187 0.0148979 -15.56776 -0.006941516 -0.01535051 0.9998581 -6.653556
0.9980562 0.06199155 0.00638768 296.1527 -0.06208671 0.9979429 0.01596713 -15.62599 -0.005384714 -0.01633268 0.9998521 -6.68514
0.9980184 0.06256179 0.006722481 296.8794 -0.06266283 0.9979056 0.01605104 -15.67663 -0.00570422 -0.01644049 0.9998486 -6.707516
0.997965 0.06353424 0.00541339 297.5927 -0.0636174 0.9978312 0.01690176 -15.73485 -0.00432781 -0.01721174 0.9998425 -6.724808
0.9979049 0.06441619 0.006032645 298.3255 -0.06450117 0.9978027 0.01515047 -15.78985 -0.005043454 -0.01550784 0.999867 -6.751928
0.9978409 0.06528139 0.007198525 299.0695 -0.06538169 0.997752 0.01470989 -15.84734 -0.00622206 -0.01514878 0.9998659 -6.771791
0.9978532 0.06529333 0.005082343 299.8072 -0.06536241 0.9977504 0.01488241 -15.90631 -0.004099189 -0.01518265 0.9998763 -6.800023
0.9978216 0.06554049 0.007522268 300.5476 -0.06565127 0.9977212 0.01556945 -15.97081 -0.006484697 -0.01602938 0.9998505 -6.832697
0.9978106 0.06594579 0.005020391 301.2826 -0.06602041 0.9976814 0.01652845 -16.02693 -0.003918769 -0.01682371 0.9998508 -6.844209
0.9977869 0.06633045 0.004649603 302.0154 -0.06639718 0.9976639 0.01607765 -16.08801 -0.003572303 -0.01635079 0.9998599 -6.87688
0.9977719 0.06658931 0.004136424 302.7561 -0.06664942 0.9976373 0.01666803 -16.13867 -0.003016738 -0.01690658 0.9998525 -6.893046
0.997749 0.06694234 0.003957814 303.5247 -0.06700031 0.9976082 0.01699587 -16.20016 -0.002810604 -0.01722279 0.9998477 -6.919968
0.9977384 0.06703199 0.004982281 304.2709 -0.06711291 0.997576 0.01839 -16.26128 -0.003737486 -0.01868278 0.9998185 -6.949605
0.9976968 0.06774713 0.003376685 305.0354 -0.06779957 0.9975156 0.0191306 -16.32529 -0.002072253 -0.01931547 0.9998113 -6.970398
0.9976487 0.0683649 0.00483941 305.7978 -0.06844784 0.9974585 0.01978492 -16.39045 -0.003474516 -0.02006964 0.9997926 -6.989205
0.9976087 0.06894834 0.004807552 306.5688 -0.06903306 0.997403 0.02052695 -16.45532 -0.003379769 -0.02080974 0.9997777 -7.014289
0.9976107 0.06894419 0.004429979 307.3365 -0.06902575 0.9973696 0.022115 -16.50995 -0.002893626 -0.02236794 0.9997456 -7.055178
0.9975815 0.06937201 0.004326035 308.0924 -0.06944822 0.9973627 0.02107965 -16.57943 -0.002852289 -0.0213291 0.9997684 -7.07521
0.9975619 0.06960423 0.005046172 308.8624 -0.06969877 0.9973272 0.0219283 -16.64235 -0.003506381 -0.02222655 0.9997468 -7.114625
0.9975375 0.06999199 0.004482818 309.6551 -0.07007173 0.997317 0.02118733 -16.71145 -0.002987846 -0.02144927 0.9997655 -7.133869
0.9975123 0.07038244 0.00394698 310.4311 -0.07045171 0.9972804 0.02164241 -16.77746 -0.002413 -0.02186665 0.999758 -7.168063
0.9974993 0.07053981 0.004378011 311.2278 -0.07061792 0.9972728 0.02144859 -16.83635 -0.002853091 -0.02170412 0.9997604 -7.198825
0.9975037 0.0705165 0.003714498 312.0122 -0.07058012 0.9972767 0.02139832 -16.91043 -0.002195447 -0.02160708 0.9997641 -7.223705
0.9975333 0.07011081 0.003443464 312.8049 -0.07017116 0.9972764 0.02271209 -16.97412 -0.001841722 -0.0228977 0.9997361 -7.25707
0.9975444 0.06997976 0.002816754 313.5958 -0.07002441 0.9973114 0.02160442 -17.03337 -0.001297308 -0.02174861 0.9997627 -7.26909
0.9975554 0.06978614 0.003615344 314.398 -0.06984874 0.9973183 0.02184802 -17.10568 -0.00208096 -0.02204714 0.9997548 -7.306883
0.9975895 0.06930607 0.003450606 315.2022 -0.06936464 0.9973578 0.02158669 -17.1665 -0.0019454 -0.02177401 0.999761 -7.338738
0.9976224 0.06887566 0.00236416 316.0326 -0.06891124 0.9973755 0.02221277 -17.23397 -0.000828036 -0.02232287 0.9997505 -7.355371
0.9976494 0.06839653 0.004184391 316.8413 -0.06847107 0.9974214 0.02149795 -17.30204 -0.002703215 -0.02173393 0.9997602 -7.383949
0.9977154 0.06736914 0.005032953 317.6551 -0.06746294 0.9974867 0.02165748 -17.36689 -0.003561257 -0.02194754 0.9997528 -7.425313
0.9977393 0.06714129 0.002902798 318.4864 -0.06718825 0.9975098 0.02144218 -17.43451 -0.001455914 -0.02158874 0.9997659 -7.449693
0.9977902 0.06638599 0.002772912 319.3165 -0.06643235 0.9975253 0.02302222 -17.49231 -0.001237697 -0.02315555 0.9997311 -7.482245
0.9978474 0.06555531 0.001740288 320.159 -0.06557805 0.9975774 0.02320906 -17.56222 -0.0002145951 -0.02327323 0.9997291 -7.516258
0.99787 0.06522325 0.00117753 321.0022 -0.06523344 0.9976348 0.02166854 -17.62231 0.0002385477 -0.0216992 0.9997645 -7.548165
0.9978791 0.06509411 3.195688e-05 321.8355 -0.06508145 0.9976754 0.02020973 -17.6865 0.001283652 -0.02016895 0.9997957 -7.578076
0.9979174 0.06449482 -0.001148458 322.6867 -0.0644601 0.9977283 0.0195621 -17.75227 0.002407503 -0.01944733 0.999808 -7.606084
0.9979224 0.06440462 -0.001749504 323.5331 -0.06436238 0.9977612 0.01816701 -17.81913 0.002915627 -0.01801666 0.9998335 -7.62822
0.9979898 0.06328411 -0.003393564 324.3983 -0.0632077 0.9978154 0.01922019 -17.86993 0.004602483 -0.01896705 0.9998095 -7.666649
0.9979854 0.06325786 -0.004858443 325.2731 -0.06315869 0.9978338 0.01839844 -17.94063 0.006011765 -0.01805452 0.9998189 -7.687328
0.9980059 0.06287928 -0.005517828 326.157 -0.06276424 0.9978476 0.01900124 -18.00113 0.006700736 -0.01861702 0.9998043 -7.729978
0.9980445 0.06206981 -0.007386381 327.0293 -0.06192631 0.9979131 0.01828729 -18.06023 0.008506056 -0.01779412 0.9998055 -7.731885
0.9981187 0.06087693 -0.007287615 327.8935 -0.06071682 0.997945 0.02047709 -18.11983 0.008519221 -0.01999608 0.9997638 -7.781799
0.998148 0.0604109 -0.007147187 328.7756 -0.06026388 0.9979968 0.01925304 -18.18194 0.008295963 -0.01878667 0.9997891 -7.812689
0.9981707 0.05982354 -0.008741432 329.683 -0.05964603 0.9980326 0.01932426 -18.24672 0.009880279 -0.01876752 0.9997751 -7.824141
0.998239 0.05890962 -0.006972587 330.5957 -0.05877065 0.9980966 0.01869193 -18.30435 0.008060449 -0.01824922 0.999801 -7.873731
0.9982773 0.05815101 -0.00779961 331.4753 -0.05799522 0.998138 0.01890149 -18.36726 0.008884228 -0.01841659 0.9997909 -7.902636
0.9983249 0.05732883 -0.007797629 332.381 -0.05718367 0.9982065 0.01771456 -18.42956 0.008799199 -0.01723899 0.9998127 -7.934588
